[0m                            [38;2;123;49;41m▄[48;2;213;65;90m▀[49m▄[0m [38;2;123;49;41m▄▄[0m
[0m                        [38;2;123;49;41m▄[48;2;255;172;164m▀[48;2;213;65;90m▀[48;2;123;49;41m▀[38;2;213;65;90m▀▀[48;2;213;65;90m▀[38;2;123;49;41;48;2;255;123;123m▀[38;2;255;172;164;48;2;255;172;164m▀[38;2;123;49;41m▀[38;2;213;65;90;49m▄[0m
[0m                        [38;2;123;49;41;48;2;213;65;90m▀[38;2;255;172;164;48;2;255;172;164m▀[38;2;255;123;123m▀[48;2;255;123;123m▀[38;2;255;172;164;48;2;255;172;164m▀[38;2;123;49;41;48;2;123;49;41m▀[38;2;213;65;90;48;2;213;65;90m▀[38;2;123;49;41m▀[38;2;255;123;123;48;2;16;16;16m▀[48;2;255;123;123m▀▀[38;2;123;49;41m▀[49m▄[0m
[0m                      [38;2;213;65;90m▄[48;2;255;172;164m▀[38;2;255;172;164m▀▀▀▀▀[38;2;255;123;123;48;2;255;123;123m▀[38;2;123;49;41m▀[38;2;213;65;90;48;2;123;49;41m▀[38;2;123;49;41;48;2;213;65;90m▀[38;2;255;123;123;48;2;16;16;16m▀[48;2;255;123;123m▀▀[38;2;213;65;90m▀[38;2;123;49;41m▀[38;2;16;16;16;49m▄[0m
[0m                     [38;2;123;49;41m▄[38;2;213;65;90;48;2;255;123;123m▀[38;2;255;172;164;48;2;255;172;164m▀▀▀▀▀[48;2;255;123;123m▀[38;2;255;123;123m▀▀▀[38;2;123;49;41;48;2;123;49;41m▀[48;2;213;65;90m▀[38;2;255;123;123;48;2;16;16;16m▀[48;2;255;123;123m▀▀[48;2;213;65;90m▀[38;2;16;16;16m▀[49m▄[0m
[0m                     [38;2;123;49;41;48;2;123;49;41m▀[38;2;255;123;123;48;2;255;123;123m▀▀[38;2;255;172;164m▀▀▀[38;2;255;123;123m▀▀▀▀▀▀[38;2;123;49;41;48;2;123;49;41m▀[38;2;16;16;16;48;2;16;16;16m▀[38;2;255;123;123;48;2;255;123;123m▀[48;2;213;65;90m▀[38;2;213;65;90m▀▀[38;2;16;16;16;48;2;16;16;16m▀[0m
[0m                 [38;2;16;74;57m▄▄▄[38;2;123;49;41;48;2;123;49;41m▀[38;2;213;65;90;48;2;213;65;90m▀▀[38;2;255;123;123m▀▀[48;2;255;123;123m▀▀▀▀▀[48;2;213;65;90m▀▀▀[38;2;213;65;90m▀[38;2;123;49;41;48;2;123;49;41m▀[38;2;213;65;90;48;2;213;65;90m▀▀▀▀▀[38;2;123;49;41;48;2;123;49;41m▀[0m
[0m [38;2;49;123;82m▄▄[38;2;16;74;57;48;2;49;123;82m▀[48;2;123;213;115m▀▀[38;2;49;123;82;49m▄▄▄[0m    [38;2;16;74;57m▄[48;2;123;213;115m▀▀[49m▄[48;2;98;172;90m▀[38;2;123;213;115;48;2;49;123;82m▀▀[38;2;16;74;57;48;2;16;74;57m▀[48;2;123;213;115m▀▀[38;2;213;65;90;48;2;16;74;57m▀[48;2;213;65;90m▀▀▀▀▀▀▀▀▀▀[38;2;123;49;41;48;2;123;49;41m▀[38;2;213;65;90;48;2;213;65;90m▀▀▀▀▀[38;2;123;49;41;48;2;123;49;41m▀[0m
[38;2;16;74;57;48;2;16;16;16m▀[38;2;123;213;115m▀[48;2;123;213;115m▀▀[38;2;49;123;82m▀[38;2;16;74;57m▀▀[38;2;123;213;115;48;2;16;74;57m▀▀[38;2;49;123;82;48;2;123;213;115m▀▀▀[38;2;16;16;16;48;2;16;16;16m▀[38;2;123;213;115;48;2;49;123;82m▀[38;2;98;172;90m▀[38;2;49;123;82m▀[38;2;16;74;57m▀[38;2;49;123;82m▀▀▀[38;2;16;74;57m▀[38;2;49;123;82m▀▀[38;2;16;16;16;48;2;16;16;16m▀[38;2;213;65;90;48;2;16;74;57m▀[38;2;16;74;57;48;2;123;213;115m▀▀[48;2;98;172;90m▀[38;2;213;65;90;48;2;16;74;57m▀[48;2;213;65;90m▀▀▀▀[48;2;123;49;41m▀[38;2;123;49;41;48;2;213;65;90m▀[38;2;213;65;90m▀▀▀▀▀[38;2;123;49;41;48;2;123;49;41m▀[0m        [38;2;16;74;57m▄▄▄▄[0m
[0m [38;2;16;74;57m▄[48;2;16;74;57m▀[38;2;49;123;82;48;2;98;172;90m▀[38;2;123;213;115m▀[48;2;123;213;115m▀▀▀▀[38;2;16;74;57m▀▀[38;2;123;213;115;48;2;49;123;82m▀▀[38;2;16;74;57;48;2;16;16;16m▀[38;2;49;123;82;48;2;16;74;57m▀[48;2;49;123;82m▀▀▀▀▀▀▀▀[38;2;16;74;57m▀[38;2;123;213;115m▀[38;2;98;172;90m▀[38;2;49;123;82m▀[48;2;16;74;57m▀[38;2;16;74;57;48;2;16;16;16m▀[48;2;98;172;90m▀▀[38;2;213;65;90;48;2;16;74;57m▀[48;2;213;65;90m▀[38;2;123;49;41;48;2;123;49;41m▀[38;2;213;65;90;48;2;213;65;90m▀▀▀▀▀[48;2;123;49;41m▀[38;2;123;49;41;49m▀[38;2;16;74;57m▄[38;2;16;16;16m▄▄[38;2;16;74;57;48;2;49;123;82m▀[48;2;98;172;90m▀▀[49m▄[48;2;98;172;90m▀[48;2;123;213;115m▀[38;2;123;213;115m▀▀[38;2;16;74;57;48;2;98;172;90m▀[48;2;123;213;115m▀▀▀[49m▄▄[0m
[38;2;16;74;57;48;2;16;16;16m▀[38;2;98;172;90;48;2;98;172;90m▀▀[48;2;49;123;82m▀[48;2;16;74;57m▀▀[48;2;98;172;90m▀▀[38;2;123;213;115m▀▀▀[48;2;123;213;115m▀[38;2;16;16;16;48;2;16;16;16m▀[38;2;98;172;90;48;2;49;123;82m▀[38;2;49;123;82m▀▀▀▀▀[38;2;16;74;57m▀[38;2;49;123;82;48;2;16;74;57m▀[48;2;49;123;82m▀▀▀▀▀[38;2;16;16;16m▀[38;2;16;74;57m▀[38;2;49;123;82m▀▀▀▀[38;2;16;74;57;48;2;16;74;57m▀[38;2;213;65;90;48;2;16;16;16m▀[48;2;213;65;90m▀[48;2;16;74;57m▀▀[38;2;16;74;57;48;2;49;123;82m▀▀[48;2;16;16;16m▀[48;2;49;123;82m▀[38;2;49;123;82m▀▀[38;2;16;74;57m▀[38;2;98;172;90;48;2;98;172;90m▀▀[48;2;16;74;57m▀▀[38;2;123;213;115m▀[48;2;49;123;82m▀▀[48;2;98;172;90m▀[48;2;123;213;115m▀[38;2;49;123;82m▀▀[38;2;123;213;115;48;2;49;123;82m▀[48;2;16;74;57m▀[38;2;16;16;16;49m▀[0m
[0m [38;2;16;16;16m▀▀[38;2;16;74;57;48;2;16;74;57m▀[48;2;49;123;82m▀[38;2;49;123;82m▀▀[38;2;98;172;90m▀▀[38;2;49;123;82;48;2;16;74;57m▀[48;2;49;123;82m▀▀▀[38;2;16;74;57;48;2;16;74;57m▀[38;2;49;123;82m▀▀▀[48;2;49;123;82m▀▀▀▀[38;2;16;74;57;48;2;16;74;57m▀[48;2;49;123;82m▀[38;2;49;123;82;48;2;16;74;57m▀▀[48;2;49;123;82m▀▀▀[48;2;16;74;57m▀▀[38;2;16;74;57;48;2;49;123;82m▀▀[38;2;49;123;82m▀▀[38;2;16;16;16;48;2;16;16;16m▀[38;2;49;123;82;48;2;16;74;57m▀▀[38;2;16;16;16m▀▀[38;2;49;123;82m▀[38;2;16;74;57;48;2;49;123;82m▀▀[48;2;98;172;90m▀[48;2;49;123;82m▀[48;2;98;172;90m▀[48;2;123;213;115m▀[38;2;98;172;90m▀[38;2;123;213;115m▀▀[48;2;49;123;82m▀[48;2;123;213;115m▀▀▀[48;2;16;74;57m▀[48;2;123;213;115m▀▀▀[38;2;16;74;57;48;2;16;16;16m▀[0m
[0m   [38;2;16;16;16m▀[38;2;49;123;82;48;2;16;16;16m▀▀[48;2;16;74;57m▀[38;2;16;74;57;49m▀[48;2;16;74;57m▀[48;2;49;123;82m▀[38;2;49;123;82m▀[48;2;16;65;74m▀[38;2;16;16;16;48;2;131;230;213m▀▀[48;2;16;16;16m▀[38;2;49;123;82;48;2;16;65;74m▀▀[48;2;49;123;82m▀▀[48;2;16;65;74m▀[48;2;16;16;16m▀▀[38;2;16;74;57m▀▀[38;2;49;123;82m▀[38;2;16;74;57;48;2;16;65;74m▀[38;2;49;123;82m▀[48;2;49;123;82m▀[48;2;16;65;74m▀▀[48;2;16;16;16m▀▀[38;2;16;74;57m▀[48;2;49;123;82m▀[48;2;16;74;57m▀[48;2;49;123;82m▀[38;2;49;123;82m▀▀▀▀[48;2;98;172;90m▀[38;2;98;172;90;48;2;49;123;82m▀[38;2;49;123;82;48;2;98;172;90m▀[38;2;98;172;90;48;2;49;123;82m▀[38;2;49;123;82;48;2;98;172;90m▀[38;2;98;172;90;48;2;49;123;82m▀[38;2;123;213;115;48;2;123;213;115m▀▀▀▀[38;2;16;74;57m▀[38;2;123;213;115;48;2;16;16;16m▀[48;2;123;213;115m▀▀[38;2;16;16;16;48;2;16;74;57m▀[38;2;16;74;57;49m▀[38;2;16;16;16m▀[0m
[0m        [38;2;16;74;57m▀[38;2;49;123;82;48;2;16;74;57m▀▀[38;2;16;16;16;48;2;16;16;16m▀[38;2;90;205;189;48;2;90;205;189m▀[38;2;131;230;213;48;2;32;148;131m▀[48;2;131;230;213m▀▀[38;2;16;65;74;48;2;90;205;189m▀[48;2;32;148;131m▀▀[38;2;90;205;189m▀[38;2;131;230;213m▀[48;2;131;230;213m▀[38;2;90;205;189m▀[38;2;131;230;213m▀[38;2;90;205;189m▀[38;2;32;148;131;48;2;90;205;189m▀[38;2;16;65;74m▀[38;2;16;16;16m▀[38;2;90;205;189m▀▀[48;2;32;148;131m▀[48;2;16;16;16m▀[38;2;32;148;131;48;2;32;148;131m▀[38;2;16;16;16;48;2;16;16;16m▀[38;2;16;74;57;48;2;49;123;82m▀[38;2;49;123;82m▀▀▀▀▀▀[38;2;16;74;57m▀[38;2;49;123;82;48;2;98;172;90m▀[38;2;98;172;90;48;2;49;123;82m▀[38;2;49;123;82;48;2;98;172;90m▀[38;2;16;74;57;48;2;49;123;82m▀[38;2;49;123;82;48;2;16;74;57m▀[38;2;123;213;115;48;2;49;123;82m▀[48;2;123;213;115m▀▀[48;2;16;74;57m▀[38;2;16;16;16m▀[49m▀▀[0m
[0m           [38;2;16;16;16;48;2;16;16;16m▀[38;2;32;148;131;48;2;131;230;213m▀[38;2;131;230;213m▀▀[48;2;90;205;189m▀[38;2;32;148;131;48;2;32;148;131m▀▀▀[48;2;131;230;213m▀[38;2;90;205;189m▀[38;2;131;230;213m▀▀▀[48;2;90;205;189m▀[38;2;90;205;189m▀▀▀[48;2;16;65;74m▀[38;2;32;148;131;48;2;16;16;16m▀[38;2;16;16;16m▀▀[38;2;32;148;131;48;2;32;148;131m▀[38;2;16;16;16;48;2;16;16;16m▀[38;2;16;74;57;48;2;16;74;57m▀[38;2;49;123;82;48;2;49;123;82m▀▀[38;2;16;74;57m▀[38;2;49;123;82;48;2;16;74;57m▀[48;2;16;16;16m▀[48;2;49;123;82m▀▀[38;2;16;74;57;48;2;16;16;16m▀[38;2;98;172;90m▀[38;2;49;123;82m▀[38;2;16;16;16;49m▀▀[0m [38;2;16;16;16m▀▀[0m
[0m          [38;2;16;65;74m▄[38;2;32;148;131;48;2;90;205;189m▀[38;2;131;230;213m▀[48;2;131;230;213m▀▀[38;2;32;148;131m▀▀[38;2;90;205;189m▀[38;2;131;230;213m▀▀[48;2;90;205;189m▀▀▀[38;2;90;205;189m▀▀▀▀[38;2;32;148;131m▀[38;2;16;16;16;48;2;32;148;131m▀▀[48;2;16;65;74m▀▀[38;2;32;148;131;48;2;32;148;131m▀[38;2;16;16;16;48;2;16;65;74m▀[38;2;32;148;131;48;2;32;148;131m▀[38;2;16;16;16m▀[38;2;49;123;82;48;2;16;16;16m▀▀[38;2;16;16;16;48;2;16;65;74m▀[38;2;32;148;131m▀[38;2;16;16;16;48;2;32;148;131m▀▀[38;2;32;148;131m▀▀▀[38;2;16;65;74m▀[49m▄[0m
[0m          [38;2;16;65;74;48;2;16;65;74m▀[38;2;90;205;189;48;2;90;205;189m▀▀▀[38;2;131;230;213m▀▀[38;2;90;205;189;48;2;32;148;131m▀[38;2;32;148;131m▀▀[38;2;90;205;189;48;2;90;205;189m▀▀▀▀▀▀▀▀▀▀[38;2;32;148;131m▀[48;2;32;148;131m▀▀▀▀▀▀▀▀[38;2;16;65;74;48;2;16;65;74m▀▀▀[38;2;32;148;131;48;2;32;148;131m▀▀[48;2;90;205;189m▀▀[38;2;90;205;189m▀[38;2;16;65;74m▀[49m▄[0m
[0m         [38;2;16;65;74;48;2;16;65;74m▀[48;2;213;65;90m▀[38;2;90;205;189;48;2;16;65;74m▀[38;2;131;230;213;48;2;131;230;213m▀[38;2;90;205;189;48;2;90;205;189m▀▀▀[38;2;32;148;131m▀▀[38;2;90;205;189m▀[48;2;32;148;131m▀[38;2;32;148;131;48;2;131;230;213m▀[38;2;90;205;189;48;2;90;205;189m▀[48;2;16;65;74m▀[38;2;32;148;131m▀[38;2;16;65;74;48;2;255;255;255m▀[38;2;32;148;131;48;2;16;65;74m▀[38;2;90;205;189;48;2;90;205;189m▀▀▀▀▀[38;2;32;148;131;48;2;32;148;131m▀▀▀▀▀▀▀▀[38;2;16;65;74m▀▀[48;2;90;205;189m▀[38;2;90;205;189m▀▀▀▀▀▀[38;2;16;65;74;48;2;16;65;74m▀[0m
[0m        [38;2;16;65;74m▄[48;2;90;205;189m▀[38;2;213;65;90;48;2;255;123;123m▀[38;2;16;16;16;48;2;16;16;16m▀[38;2;90;205;189;48;2;90;205;189m▀▀▀▀▀▀[48;2;32;148;131m▀[38;2;131;230;213;48;2;131;230;213m▀[48;2;90;205;189m▀[38;2;16;65;74;48;2;16;65;74m▀[38;2;16;16;16;48;2;16;16;16m▀[38;2;213;65;90;48;2;213;65;90m▀[38;2;255;255;255;48;2;255;255;255m▀▀[38;2;16;65;74;48;2;16;65;74m▀[38;2;90;205;189;48;2;90;205;189m▀▀▀▀▀[38;2;32;148;131;48;2;32;148;131m▀▀▀▀▀▀▀▀▀[38;2;90;205;189m▀[48;2;90;205;189m▀▀▀▀▀[48;2;16;65;74m▀[38;2;32;148;131m▀[38;2;16;16;16;48;2;16;16;16m▀[0m
[0m        [38;2;16;65;74;48;2;16;16;16m▀[38;2;90;205;189;48;2;32;148;131m▀[38;2;255;123;123;48;2;90;205;189m▀[38;2;255;255;255m▀[38;2;32;148;131m▀[38;2;90;205;189m▀▀▀▀▀▀▀[38;2;32;148;131m▀[38;2;213;65;90;48;2;255;123;123m▀[38;2;16;16;16;48;2;213;65;90m▀[38;2;213;65;90;48;2;255;123;123m▀[38;2;255;255;255;48;2;255;255;255m▀[48;2;90;205;189m▀[38;2;32;148;131m▀[38;2;90;205;189m▀▀▀▀[48;2;32;148;131m▀[38;2;32;148;131m▀▀▀▀▀▀▀[38;2;16;65;74;48;2;16;65;74m▀[38;2;32;148;131;48;2;32;148;131m▀▀▀▀[38;2;90;205;189m▀▀[38;2;16;65;74;48;2;16;65;74m▀▀▀[38;2;16;16;16m▀[49m▄[0m
[0m        [38;2;32;148;131m▄[38;2;16;16;16;48;2;16;65;74m▀[38;2;16;65;74;48;2;255;255;255m▀[38;2;90;205;189;48;2;16;65;74m▀[38;2;32;148;131;48;2;90;205;189m▀[38;2;90;205;189m▀▀[38;2;32;148;131m▀[38;2;90;205;189m▀▀[48;2;32;148;131m▀[48;2;16;65;74m▀[48;2;16;16;16m▀▀▀▀▀[48;2;16;65;74m▀[48;2;32;148;131m▀▀[38;2;32;148;131m▀▀▀▀▀▀▀▀[48;2;90;205;189m▀▀[38;2;90;205;189m▀▀[38;2;16;16;16;48;2;16;16;16m▀[38;2;32;148;131;48;2;16;65;74m▀[38;2;16;65;74;48;2;32;148;131m▀[38;2;32;148;131m▀▀▀▀[38;2;16;65;74m▀▀[38;2;32;148;131m▀[38;2;16;16;16;48;2;16;16;16m▀[0m
[0m      [38;2;32;148;131m▄[48;2;90;205;189m▀[38;2;90;205;189m▀▀[38;2;16;65;74m▀[38;2;90;205;189m▀[38;2;16;65;74;48;2;32;148;131m▀[48;2;16;16;16m▀[48;2;32;148;131m▀▀▀▀▀[38;2;32;148;131m▀▀▀▀[38;2;16;65;74m▀[38;2;255;255;255;48;2;16;65;74m▀[38;2;16;65;74;48;2;32;148;131m▀▀[38;2;32;148;131m▀▀▀[48;2;16;65;74m▀[38;2;16;65;74;48;2;32;148;131m▀[38;2;32;148;131m▀▀[48;2;90;205;189m▀[38;2;90;205;189m▀▀[48;2;32;148;131m▀[38;2;32;148;131m▀▀[38;2;90;205;189;48;2;90;205;189m▀[38;2;16;16;16;48;2;16;16;16m▀[38;2;16;65;74;49m▀[38;2;32;148;131;48;2;16;16;16m▀[48;2;32;148;131m▀▀▀▀▀▀[48;2;16;65;74m▀[38;2;16;16;16;48;2;16;16;16m▀[0m
[0m     [38;2;16;65;74m▄[48;2;90;205;189m▀[38;2;90;205;189m▀▀[48;2;32;148;131m▀▀[38;2;32;148;131m▀▀▀[38;2;16;16;16m▀[38;2;16;65;74;48;2;16;16;16m▀[38;2;32;148;131m▀[48;2;16;65;74m▀[48;2;32;148;131m▀▀▀▀▀▀▀[48;2;16;65;74m▀▀▀[38;2;16;65;74;49m▀▀▀[38;2;16;16;16m▀[38;2;32;148;131;48;2;16;65;74m▀▀[38;2;16;65;74;48;2;90;205;189m▀[38;2;90;205;189m▀▀[38;2;32;148;131m▀▀[38;2;90;205;189m▀▀[38;2;16;16;16;48;2;16;16;16m▀[0m [38;2;16;16;16m▀[38;2;32;148;131;48;2;16;16;16m▀[38;2;16;65;74;48;2;255;255;255m▀[38;2;32;148;131;48;2;16;16;16m▀[38;2;16;65;74;48;2;16;65;74m▀[48;2;255;255;255m▀[48;2;16;65;74m▀[38;2;255;255;255;48;2;16;16;16m▀[38;2;16;16;16;49m▀[0m
[0m    [38;2;16;65;74;48;2;16;65;74m▀[38;2;255;255;255;48;2;16;16;16m▀[38;2;32;148;131m▀[38;2;16;65;74;48;2;255;255;255m▀[48;2;16;65;74m▀[38;2;32;148;131;48;2;32;148;131m▀▀▀[48;2;16;65;74m▀[38;2;16;65;74;49m▀[38;2;16;16;16m▀[0m   [38;2;16;16;16m▀▀▀▀▀▀▀[0m       [38;2;16;65;74m▄[38;2;16;16;16;48;2;90;205;189m▀[38;2;90;205;189m▀▀▀▀▀▀[38;2;16;16;16;48;2;16;16;16m▀[0m    [38;2;16;16;16m▀[0m [38;2;16;16;16m▀▀[0m
[0m      [38;2;16;16;16m▀▀▀▀[38;2;16;65;74m▀▀[0m                   [38;2;16;65;74m▀[38;2;255;255;255;48;2;16;16;16m▀[38;2;32;148;131m▀[48;2;255;255;255m▀[38;2;90;205;189;48;2;16;65;74m▀[38;2;32;148;131;48;2;255;255;255m▀[48;2;16;16;16m▀[38;2;90;205;189m▀[38;2;16;65;74;49m▀[0m
[0m                                  [38;2;16;16;16m▀▀▀[0m
