[0m       [38;2;222;82;57m▄▄[48;2;255;148;65m▀▀[38;2;139;41;0m▀▀▀[49m▄▄[0m
[0m     [38;2;222;82;57m▄[48;2;255;197;98m▀[38;2;255;197;98m▀[38;2;255;148;65m▀[48;2;255;148;65m▀▀▀▀▀▀▀[38;2;16;16;16;48;2;16;16;16m▀[0m
[0m    [38;2;222;82;57m▄[48;2;255;148;65m▀[38;2;255;197;98m▀[48;2;255;197;98m▀[48;2;255;148;65m▀[38;2;255;148;65m▀▀▀▀[48;2;222;82;57m▀[48;2;255;148;65m▀▀▀[38;2;16;16;16;48;2;16;16;16m▀[0m
[0m    [38;2;222;82;57;48;2;8;57;139m▀[38;2;255;148;65;48;2;222;82;57m▀[48;2;255;148;65m▀▀▀▀▀▀[38;2;222;82;57;48;2;222;82;57m▀[38;2;255;148;65;48;2;255;148;65m▀[48;2;8;57;139m▀▀[48;2;222;82;57m▀[38;2;222;82;57m▀[38;2;16;16;16;48;2;16;16;16m▀[0m
[0m    [38;2;34;152;204;48;2;255;255;255m▀[38;2;222;82;57;48;2;255;148;65m▀[38;2;255;148;65m▀▀▀▀▀▀▀[38;2;8;57;139;48;2;255;255;255m▀[48;2;16;16;16m▀[48;2;34;152;204m▀[38;2;139;41;0;48;2;139;41;0m▀[38;2;222;82;57;48;2;222;82;57m▀[38;2;16;16;16;48;2;16;16;16m▀[0m
[0m   [38;2;139;41;0m▄[38;2;16;16;16;48;2;8;57;139m▀[38;2;255;148;65;48;2;255;148;65m▀▀▀▀▀▀▀▀[38;2;255;255;255;48;2;139;41;0m▀[38;2;8;57;139;48;2;34;152;204m▀[38;2;34;152;204m▀[38;2;139;41;0;48;2;222;82;57m▀[38;2;222;82;57m▀[38;2;16;16;16;48;2;16;16;16m▀[0m             [38;2;230;57;0;48;2;230;57;0m▀[38;2;255;213;8;49m▄[0m
[0m   [38;2;139;41;0;48;2;139;41;0m▀[38;2;255;197;98;48;2;255;197;98m▀▀[48;2;255;148;65m▀[38;2;255;148;65m▀[48;2;222;82;57m▀[48;2;255;148;65m▀▀▀▀[48;2;222;82;57m▀[38;2;222;82;57m▀[48;2;139;41;0m▀[48;2;222;82;57m▀▀[38;2;16;16;16;48;2;16;16;16m▀[0m            [38;2;230;57;0m▄[48;2;246;164;0m▀[38;2;255;213;8;48;2;255;213;8m▀[0m
[0m    [38;2;139;41;0;48;2;16;16;16m▀[38;2;255;148;65m▀[48;2;255;148;65m▀▀▀▀[48;2;139;41;0m▀▀[38;2;222;82;57;48;2;16;16;16m▀[38;2;139;41;0;48;2;255;255;255m▀[48;2;222;82;57m▀[38;2;222;82;57m▀▀[38;2;16;16;16;48;2;16;16;16m▀[0m  [38;2;139;41;0m▄▄▄▄[48;2;222;82;57m▀[48;2;16;16;16m▀[0m     [38;2;230;57;0;48;2;230;57;0m▀[38;2;255;213;8;48;2;246;164;0m▀[48;2;255;213;8m▀[38;2;246;164;0m▀[38;2;230;57;0;49m▄[0m
[0m [38;2;139;41;0;48;2;16;16;16m▀[48;2;222;82;57m▀[49m▄▄▄[38;2;16;16;16;48;2;16;16;16m▀[48;2;222;82;57m▀▀[48;2;139;41;0m▀[38;2;230;57;0m▀▀[38;2;139;41;0;48;2;222;82;57m▀[38;2;222;82;57m▀[48;2;16;16;16m▀[48;2;222;82;57m▀▀[38;2;139;41;0;48;2;255;148;65m▀▀▀[38;2;255;148;65m▀▀▀[48;2;222;82;57m▀[38;2;222;82;57m▀[38;2;16;16;16m▀[49m▄[0m   [38;2;230;57;0m▄[48;2;230;57;0m▀[38;2;255;213;8m▀[38;2;230;57;0m▀[38;2;255;213;8;48;2;255;213;8m▀[38;2;246;164;0m▀[38;2;230;57;0;49m▄[0m
[38;2;16;16;16;49m▄[48;2;222;82;57m▀[38;2;222;82;57m▀[38;2;255;148;65m▀[48;2;255;148;65m▀▀[38;2;222;82;57;48;2;222;82;57m▀[38;2;16;16;16m▀▀[38;2;255;148;65;48;2;16;16;16m▀▀[38;2;222;82;57m▀[38;2;16;16;16;48;2;222;82;57m▀▀[38;2;222;82;57m▀▀▀▀[38;2;255;148;65m▀▀[38;2;222;82;57m▀▀▀[48;2;16;16;16m▀[38;2;16;16;16;49m▀▀[0m    [38;2;230;57;0;48;2;230;57;0m▀[48;2;255;213;8m▀[38;2;246;164;0m▀[38;2;230;57;0;48;2;230;57;0m▀[48;2;255;213;8m▀[38;2;255;213;8m▀[38;2;246;164;0m▀[38;2;230;57;0;48;2;230;57;0m▀[0m
[0m [38;2;16;16;16m▀▀[38;2;222;82;57;48;2;16;16;16m▀▀[48;2;222;82;57m▀▀▀▀[48;2;139;41;0m▀[48;2;222;82;57m▀[48;2;230;172;90m▀▀▀[48;2;222;82;57m▀▀▀▀[48;2;139;41;0m▀▀[48;2;16;16;16m▀[38;2;16;16;16;49m▀▀[0m       [38;2;230;57;0;48;2;230;57;0m▀[38;2;246;164;0;48;2;246;164;0m▀[38;2;255;213;8m▀▀[48;2;255;213;8m▀▀[48;2;246;164;0m▀[38;2;230;57;0;48;2;230;57;0m▀[0m
[0m     [38;2;16;16;16m▀▀[38;2;222;82;57;48;2;16;16;16m▀[48;2;139;41;0m▀[38;2;139;41;0;48;2;222;82;57m▀[38;2;230;172;90;48;2;255;213;123m▀▀▀▀▀[38;2;222;82;57;48;2;230;172;90m▀[48;2;255;148;65m▀[38;2;255;148;65m▀▀[38;2;16;16;16;48;2;16;16;16m▀[0m           [38;2;230;57;0m▀[38;2;246;164;0;48;2;230;57;0m▀[38;2;230;57;0m▀[38;2;246;164;0;48;2;139;41;0m▀[48;2;230;57;0m▀[38;2;230;57;0m▀[49m▀[0m
[0m        [38;2;139;41;0;48;2;139;41;0m▀[38;2;230;172;90;48;2;255;213;123m▀[38;2;255;213;123m▀▀▀▀▀▀[38;2;255;148;65;48;2;255;148;65m▀▀▀[38;2;222;82;57m▀[38;2;16;16;16;48;2;16;16;16m▀[0m            [38;2;139;41;0;48;2;139;41;0m▀[48;2;255;197;98m▀[38;2;230;57;0;48;2;16;16;16m▀[0m
[0m       [38;2;139;41;0m▄[48;2;230;172;90m▀[38;2;255;213;123;48;2;255;213;123m▀▀▀▀▀▀▀[38;2;255;148;65;48;2;230;172;90m▀[48;2;255;148;65m▀▀▀▀[38;2;16;16;16;48;2;16;16;16m▀[0m          [38;2;139;41;0m▄[48;2;255;148;65m▀[38;2;255;148;65m▀[38;2;16;16;16;48;2;16;16;16m▀[0m
[0m      [38;2;139;41;0m▄[48;2;139;41;0m▀[38;2;255;213;123;48;2;255;213;123m▀▀▀▀▀▀▀▀▀[38;2;255;148;65;48;2;222;82;57m▀[48;2;255;148;65m▀▀▀[38;2;16;16;16m▀[49m▄[0m    [38;2;139;41;0m▄▄▄[48;2;255;148;65m▀▀[38;2;255;148;65m▀[48;2;222;82;57m▀[38;2;222;82;57;48;2;16;16;16m▀[38;2;16;16;16;49m▀[0m
[0m     [38;2;139;41;0;48;2;139;41;0m▀[38;2;255;148;65;48;2;255;148;65m▀[38;2;222;82;57m▀[38;2;230;172;90;48;2;222;82;57m▀[38;2;255;213;123;48;2;230;172;90m▀[48;2;255;213;123m▀▀▀▀[48;2;230;172;90m▀▀[38;2;230;172;90;48;2;222;82;57m▀[38;2;222;82;57;48;2;255;148;65m▀[38;2;255;148;65m▀▀▀▀[38;2;222;82;57m▀[38;2;16;16;16;48;2;16;16;16m▀[38;2;139;41;0;48;2;222;82;57m▀▀▀[38;2;255;148;65m▀[48;2;255;148;65m▀▀[48;2;222;82;57m▀[48;2;230;172;90m▀[38;2;222;82;57m▀[38;2;230;172;90;48;2;16;16;16m▀[38;2;16;16;16;49m▀[0m
[0m    [38;2;16;16;16;48;2;16;16;16m▀[38;2;255;148;65;48;2;255;148;65m▀▀▀[38;2;139;41;0m▀[38;2;230;172;90;48;2;16;16;16m▀[48;2;230;172;90m▀▀▀▀▀▀[38;2;222;82;57;48;2;222;82;57m▀[38;2;255;148;65;48;2;255;148;65m▀▀▀▀▀[48;2;222;82;57m▀[38;2;222;82;57m▀[38;2;16;16;16;48;2;16;16;16m▀[38;2;222;82;57;48;2;222;82;57m▀▀▀[48;2;230;172;90m▀▀[38;2;230;172;90m▀[48;2;16;16;16m▀[38;2;16;16;16;49m▀[0m
[0m    [38;2;16;16;16m▀[38;2;255;148;65;48;2;16;16;16m▀[48;2;255;148;65m▀▀[48;2;222;82;57m▀[38;2;222;82;57m▀[38;2;16;16;16m▀[38;2;230;172;90;48;2;16;16;16m▀▀[48;2;230;172;90m▀▀▀[38;2;139;41;0;48;2;139;41;0m▀[38;2;222;82;57;48;2;222;82;57m▀[38;2;255;148;65m▀▀▀[38;2;222;82;57m▀▀▀[38;2;16;16;16;48;2;16;16;16m▀[38;2;230;172;90;48;2;230;172;90m▀▀[48;2;139;41;0m▀▀[38;2;16;16;16;49m▀▀[0m
[0m      [38;2;16;16;16;48;2;16;16;16m▀[38;2;222;82;57;48;2;222;82;57m▀▀▀▀[48;2;16;16;16m▀▀[38;2;16;16;16;49m▀▀▀▀[38;2;139;41;0m▀[38;2;222;82;57;48;2;139;41;0m▀[48;2;222;82;57m▀▀▀▀[38;2;16;16;16;48;2;16;16;16m▀[38;2;139;41;0;49m▀▀▀[0m
[0m    [38;2;16;16;16m▄[48;2;255;255;255m▀[38;2;222;82;57;48;2;139;41;0m▀[48;2;255;255;255m▀[48;2;222;82;57m▀▀[48;2;16;16;16m▀[38;2;16;16;16;49m▀[0m      [38;2;139;41;0;48;2;139;41;0m▀[38;2;255;148;65;48;2;222;82;57m▀[48;2;255;148;65m▀▀[38;2;222;82;57m▀[38;2;16;16;16;48;2;222;82;57m▀[49m▄[0m
[0m     [38;2;16;16;16m▀▀▀▀▀[0m         [38;2;16;16;16m▀[38;2;255;255;255;48;2;16;16;16m▀[38;2;139;41;0m▀[38;2;255;255;255m▀[38;2;139;41;0m▀[38;2;255;255;255m▀[38;2;16;16;16;49m▀[0m
