[0m                      [38;2;205;57;57m▄▄[48;2;255;131;106m▀[38;2;148;32;16;48;2;255;82;74m▀[49m▄[0m
[0m              [38;2;148;32;16m▄▄▄[38;2;205;57;57m▄▄▄[48;2;255;82;74m▀▀[38;2;255;131;106m▀▀[38;2;255;82;74;48;2;205;57;57m▀[38;2;205;57;57;48;2;16;16;16m▀[38;2;16;16;16;49m▀[0m
[0m           [38;2;148;32;16m▄[48;2;255;131;106m▀[48;2;255;82;74m▀[38;2;255;131;106m▀[38;2;255;82;74m▀▀▀▀▀▀[48;2;205;57;57m▀▀[38;2;205;57;57m▀[38;2;148;32;16;48;2;16;16;16m▀[0m
[0m         [38;2;148;32;16m▄[48;2;255;82;74m▀[38;2;255;131;106m▀[38;2;255;82;74m▀▀[48;2;255;131;106m▀[38;2;255;131;106;48;2;255;82;74m▀[38;2;255;82;74m▀▀[48;2;148;32;16m▀[48;2;205;57;57m▀[48;2;255;82;74m▀▀[38;2;148;32;16m▀[38;2;16;16;16;48;2;16;16;16m▀[0m
[0m         [38;2;148;32;16;48;2;148;32;16m▀[38;2;205;57;57;48;2;205;57;57m▀[38;2;255;82;74;48;2;255;82;74m▀▀[38;2;148;32;16;48;2;16;16;16m▀[38;2;255;131;106;48;2;255;131;106m▀[38;2;255;82;74;48;2;148;32;16m▀[38;2;205;57;57;48;2;16;16;16m▀[38;2;148;32;16;48;2;255;255;255m▀[38;2;180;180;180m▀[38;2;148;32;16m▀[38;2;255;82;74;48;2;255;82;74m▀▀▀[38;2;148;32;16m▀[38;2;16;16;16;48;2;16;16;16m▀[0m
[0m         [38;2;205;57;57m▄[38;2;148;32;16;48;2;255;82;74m▀[38;2;255;82;74m▀▀▀[38;2;148;32;16m▀[38;2;16;16;16;48;2;148;32;16m▀[48;2;0;90;255m▀[38;2;0;90;255;48;2;16;16;16m▀[38;2;255;255;255;48;2;205;57;57m▀▀[38;2;255;82;74;48;2;255;82;74m▀▀▀▀[38;2;148;32;16;48;2;205;57;57m▀[38;2;16;16;16;48;2;16;16;16m▀[0m
[0m       [38;2;148;32;16m▄[48;2;255;131;106m▀[38;2;255;131;106;48;2;255;82;74m▀[38;2;255;82;74;48;2;148;32;16m▀[48;2;255;82;74m▀▀▀▀▀▀▀▀▀▀[48;2;205;57;57m▀▀[38;2;205;57;57m▀[48;2;16;16;16m▀[38;2;16;16;16;49m▀[0m                           [38;2;255;222;41;48;2;255;164;0m▀[49m▄[0m
[0m       [38;2;148;32;16;48;2;148;32;16m▀[38;2;255;82;74;48;2;255;82;74m▀▀[38;2;16;16;16m▀[38;2;255;82;74m▀[48;2;205;57;57m▀[48;2;148;32;16m▀[48;2;16;16;16m▀▀▀▀▀[38;2;16;16;16;48;2;205;57;57m▀[38;2;205;57;57m▀▀▀[48;2;16;16;16m▀[38;2;16;16;16;49m▀[0m                             [38;2;255;164;0m▀[0m
[0m        [38;2;16;16;16m▀[38;2;205;57;57;48;2;16;16;16m▀▀▀[38;2;148;32;16;48;2;205;57;57m▀[38;2;205;57;57m▀▀▀▀▀▀▀▀▀[48;2;16;16;16m▀[38;2;16;16;16;49m▀[0m                     [38;2;255;65;0m▀[0m
[0m            [38;2;16;16;16m▀▀▀▀▀[38;2;205;57;57;48;2;16;16;16m▀[48;2;205;57;57m▀▀▀▀[38;2;16;16;16;48;2;16;16;16m▀[0m                  [38;2;255;164;0m▄[0m    [38;2;255;65;0m▄▄▄▄[0m  [38;2;255;164;0m▄▄▀[0m
[0m                [38;2;16;16;16m▄[48;2;205;57;57m▀[38;2;205;57;57m▀▀▀▀[48;2;148;32;16m▀[38;2;16;16;16m▀[38;2;148;32;16;49m▄[0m                 [38;2;255;65;0m▄▄[0m [38;2;255;65;0;48;2;255;65;0m▀▀▀▀▀▀[48;2;255;164;0m▀[38;2;255;164;0;49m▀[38;2;255;65;0m▀[0m   [38;2;255;164;0m▄[48;2;255;164;0m▀[49m▀[0m
[0m            [38;2;16;16;16m▄[48;2;205;57;57m▀▀[48;2;16;16;16m▀[38;2;205;57;57;48;2;230;205;172m▀[38;2;255;82;74m▀[48;2;255;82;74m▀▀[38;2;205;57;57m▀[38;2;148;32;16m▀[38;2;255;82;74m▀[38;2;205;57;57m▀▀[38;2;148;32;16;48;2;205;57;57m▀[49m▄[0m             [38;2;255;164;0m▄[38;2;255;65;0;48;2;255;65;0m▀▀▀▀▀▀[48;2;255;164;0m▀[48;2;255;65;0m▀[49m▄[0m  [38;2;255;65;0m▄▄▄[0m [38;2;255;65;0m▄▄[0m
[0m        [38;2;16;16;16m▄▄[48;2;205;57;57m▀▀[38;2;205;57;57m▀▀[38;2;16;16;16;48;2;16;16;16m▀[38;2;205;172;123;48;2;230;205;172m▀[38;2;230;205;172m▀▀▀[38;2;255;82;74;48;2;255;82;74m▀▀▀[48;2;148;32;16m▀▀[48;2;205;57;57m▀▀[38;2;205;57;57m▀[38;2;148;32;16m▀[49m▄▄[0m          [38;2;255;164;0m▀[48;2;255;164;0m▀[38;2;255;65;0;48;2;255;65;0m▀▀[48;2;255;222;41m▀[38;2;255;222;41m▀[48;2;255;65;0m▀[38;2;255;65;0m▀▀▀▀▀▀▀▀[49m▀▀[0m
[0m     [38;2;148;32;16m▄[48;2;255;82;74m▀▀[38;2;205;57;57;48;2;205;57;57m▀▀▀[48;2;16;16;16m▀▀[38;2;16;16;16m▀[38;2;205;172;123;48;2;230;205;172m▀[38;2;230;205;172m▀▀▀▀▀[38;2;255;82;74;48;2;255;82;74m▀▀▀[38;2;205;57;57;48;2;205;57;57m▀[38;2;16;16;16;48;2;16;16;16m▀[38;2;205;57;57m▀▀[48;2;205;57;57m▀▀[48;2;255;82;74m▀[38;2;148;32;16;48;2;205;57;57m▀[49m▄[0m        [38;2;255;164;0m▄[38;2;255;65;0;48;2;255;222;41m▀[38;2;255;164;0m▀[38;2;255;222;41m▀[48;2;255;164;0m▀[38;2;255;164;0m▀[38;2;255;65;0;48;2;255;65;0m▀▀[48;2;255;164;0m▀[48;2;255;222;41m▀[38;2;255;164;0m▀[38;2;255;222;41;48;2;255;65;0m▀[38;2;255;65;0m▀▀[49m▀[0m
[0m   [38;2;148;32;16m▄[48;2;255;131;106m▀[38;2;255;82;74;48;2;255;82;74m▀▀▀▀[38;2;205;57;57;48;2;16;16;16m▀[38;2;16;16;16;49m▀[0m [38;2;16;16;16m▄[48;2;230;205;172m▀[38;2;230;205;172m▀▀▀▀▀▀[38;2;205;172;123m▀[38;2;255;82;74;48;2;255;82;74m▀[48;2;205;57;57m▀[38;2;205;57;57m▀[38;2;16;16;16m▀[49m▄[0m [38;2;16;16;16m▀[38;2;205;57;57;48;2;16;16;16m▀[38;2;255;82;74;48;2;255;82;74m▀▀[38;2;205;57;57m▀[38;2;16;16;16;48;2;205;57;57m▀[49m▄[0m      [38;2;255;222;41;48;2;255;222;41m▀▀▀▀[38;2;255;65;0;48;2;255;164;0m▀[38;2;255;222;41m▀[48;2;255;222;41m▀[38;2;255;164;0m▀[38;2;255;222;41m▀[48;2;255;164;0m▀[38;2;255;65;0;48;2;255;65;0m▀[49m▀▀[0m
[0m [38;2;16;16;16m▄[48;2;148;32;16m▀[38;2;205;57;57;48;2;205;57;57m▀▀[38;2;255;82;74m▀[38;2;255;131;106m▀[48;2;255;131;106m▀[48;2;16;16;16m▀[38;2;16;16;16;49m▀[0m  [38;2;16;16;16;48;2;16;16;16m▀[38;2;230;205;172;48;2;230;205;172m▀▀▀▀▀▀▀▀[38;2;205;57;57;48;2;205;172;123m▀[48;2;205;57;57m▀▀▀[38;2;16;16;16m▀[49m▄[0m [38;2;16;16;16;48;2;16;16;16m▀[38;2;255;131;106;48;2;255;131;106m▀[38;2;255;82;74m▀[48;2;255;82;74m▀▀[38;2;16;16;16;48;2;205;57;57m▀[49m▄[0m    [38;2;255;222;41;48;2;255;222;41m▀▀▀▀[38;2;255;164;0m▀[38;2;255;222;41;48;2;255;164;0m▀[38;2;255;65;0;48;2;255;65;0m▀▀[38;2;255;222;41;48;2;255;222;41m▀[38;2;255;164;0;48;2;255;164;0m▀[38;2;255;65;0;48;2;255;65;0m▀▀[0m
[38;2;16;16;16;49m▄[48;2;180;180;180m▀[38;2;180;180;180;48;2;255;255;255m▀[38;2;205;57;57m▀[48;2;205;57;57m▀[48;2;106;106;106m▀[38;2;106;106;106;48;2;255;255;255m▀[38;2;255;255;255m▀[38;2;16;16;16;48;2;16;16;16m▀[0m  [38;2;16;16;16;48;2;16;16;16m▀[38;2;230;205;172;48;2;230;205;172m▀▀▀▀▀▀▀▀[38;2;205;172;123;48;2;205;172;123m▀[38;2;180;139;90;48;2;180;139;90m▀[38;2;205;57;57;48;2;205;57;57m▀▀▀▀[38;2;16;16;16m▀[48;2;16;16;16m▀[38;2;255;131;106;48;2;255;131;106m▀▀[48;2;205;57;57m▀[38;2;255;82;74m▀[38;2;205;57;57m▀[48;2;148;32;16m▀[38;2;16;16;16;48;2;16;16;16m▀[0m    [38;2;255;164;0m▀[38;2;255;222;41;48;2;255;222;41m▀[38;2;255;164;0;48;2;255;65;0m▀[38;2;255;222;41;48;2;255;222;41m▀[48;2;255;164;0m▀[38;2;255;65;0;48;2;148;32;16m▀[38;2;148;32;16m▀[38;2;255;65;0;48;2;255;65;0m▀[38;2;255;222;41;48;2;255;222;41m▀[38;2;255;65;0;48;2;255;65;0m▀▀[49m▀[0m
[38;2;16;16;16;48;2;16;16;16m▀[38;2;255;255;255;48;2;180;180;180m▀[48;2;16;16;16m▀[38;2;16;16;16m▀[38;2;205;57;57;48;2;205;57;57m▀[38;2;16;16;16;48;2;16;16;16m▀[38;2;255;255;255;48;2;180;180;180m▀[38;2;180;180;180;48;2;16;16;16m▀[38;2;16;16;16;49m▀[0m  [38;2;16;16;16;48;2;16;16;16m▀[38;2;230;205;172;48;2;230;205;172m▀▀▀▀▀▀▀[38;2;205;172;123;48;2;205;172;123m▀[38;2;180;139;90;48;2;180;139;90m▀▀▀[38;2;205;57;57;48;2;205;57;57m▀▀▀▀[48;2;16;16;16m▀[38;2;16;16;16;48;2;255;255;255m▀[38;2;205;57;57;48;2;106;106;106m▀[48;2;205;57;57m▀▀[48;2;255;255;255m▀[38;2;180;180;180m▀[38;2;16;16;16;48;2;180;180;180m▀[49m▄[0m    [38;2;255;164;0m▀[38;2;255;65;0;48;2;255;164;0m▀[48;2;255;65;0m▀[48;2;148;32;16m▀[38;2;148;32;16m▀▀[38;2;255;65;0;48;2;255;65;0m▀[38;2;255;164;0m▀[38;2;255;65;0m▀[49m▀[0m
[0m [38;2;16;16;16;48;2;16;16;16m▀[38;2;106;106;106;48;2;180;180;180m▀[38;2;180;180;180m▀[38;2;106;106;106;48;2;16;16;16m▀[38;2;16;16;16;49m▀▀[0m   [38;2;148;32;16m▄[38;2;16;16;16;48;2;16;16;16m▀[38;2;230;205;172;48;2;205;172;123m▀[48;2;230;205;172m▀▀▀▀[48;2;205;172;123m▀[38;2;205;172;123;48;2;180;139;90m▀[38;2;180;139;90m▀▀▀▀[38;2;205;57;57;48;2;205;57;57m▀▀▀▀[38;2;16;16;16;48;2;16;16;16m▀[38;2;255;255;255;48;2;180;180;180m▀[48;2;255;255;255m▀[38;2;106;106;106;48;2;16;16;16m▀[38;2;205;57;57;48;2;205;57;57m▀[38;2;16;16;16;48;2;16;16;16m▀[38;2;255;255;255m▀[48;2;180;180;180m▀[38;2;16;16;16;48;2;16;16;16m▀[0m     [38;2;148;32;16m▄[48;2;255;82;74m▀[38;2;255;82;74m▀[38;2;148;32;16;48;2;148;32;16m▀[38;2;255;131;106;48;2;255;65;0m▀[38;2;255;65;0m▀[49m▀[0m
[0m  [38;2;16;16;16m▀[38;2;180;180;180;48;2;16;16;16m▀[38;2;16;16;16;49m▀[0m   [38;2;148;32;16m▄[48;2;255;131;106m▀[38;2;255;82;74;48;2;255;82;74m▀[38;2;148;32;16;48;2;148;32;16m▀[38;2;180;139;90;48;2;180;139;90m▀[38;2;205;172;123m▀▀▀[38;2;180;139;90m▀▀▀▀▀▀[48;2;148;32;16m▀[38;2;205;57;57;48;2;255;82;74m▀[38;2;255;82;74m▀▀[38;2;205;57;57m▀[48;2;205;57;57m▀[38;2;16;16;16m▀[38;2;180;180;180;48;2;16;16;16m▀[38;2;16;16;16;48;2;205;57;57m▀[38;2;106;106;106;48;2;16;16;16m▀[38;2;255;255;255;48;2;255;255;255m▀[38;2;106;106;106m▀[38;2;16;16;16;48;2;16;16;16m▀[49m▀[0m [38;2;148;32;16m▄▄[48;2;255;82;74m▀▀[38;2;255;82;74m▀[48;2;205;57;57m▀[38;2;148;32;16;48;2;148;32;16m▀[0m
[0m      [38;2;16;16;16m▄[38;2;148;32;16;48;2;255;82;74m▀[38;2;255;131;106m▀[38;2;255;82;74;48;2;205;57;57m▀[48;2;255;82;74m▀▀[38;2;148;32;16;48;2;148;32;16m▀[38;2;180;139;90;48;2;180;139;90m▀▀▀▀▀▀▀▀[38;2;148;32;16;48;2;148;32;16m▀[38;2;255;82;74;48;2;255;131;106m▀[48;2;255;82;74m▀▀▀▀▀[38;2;205;57;57;48;2;205;57;57m▀▀[48;2;16;16;16m▀[38;2;16;16;16;48;2;255;82;74m▀[38;2;255;255;255;48;2;16;16;16m▀[38;2;16;16;16;48;2;255;82;74m▀[38;2;148;32;16m▀▀▀[38;2;255;82;74m▀[48;2;205;57;57m▀▀[38;2;205;57;57;48;2;180;139;90m▀[48;2;148;32;16m▀[38;2;148;32;16;49m▀[0m
[0m      [38;2;16;16;16;48;2;16;16;16m▀[38;2;255;82;74;48;2;205;57;57m▀[38;2;205;57;57m▀[38;2;255;82;74m▀▀[38;2;205;57;57m▀▀[38;2;148;32;16m▀[38;2;180;139;90;48;2;16;16;16m▀[48;2;180;139;90m▀▀▀▀▀[38;2;148;32;16;48;2;148;32;16m▀[38;2;255;131;106;48;2;255;131;106m▀▀[48;2;255;82;74m▀[38;2;255;82;74m▀▀▀▀[38;2;205;57;57;48;2;205;57;57m▀▀[38;2;16;16;16;48;2;16;16;16m▀[38;2;255;82;74;48;2;205;57;57m▀▀▀▀[38;2;205;57;57m▀▀▀[48;2;180;139;90m▀[38;2;180;139;90;48;2;16;16;16m▀[38;2;148;32;16;49m▀[0m
[0m       [38;2;16;16;16m▀[38;2;205;57;57;48;2;16;16;16m▀[48;2;205;57;57m▀▀▀▀▀[48;2;16;16;16m▀[38;2;16;16;16;49m▀▀[38;2;180;139;90;48;2;16;16;16m▀▀▀[38;2;16;16;16m▀[38;2;255;82;74;48;2;255;82;74m▀▀▀▀▀[38;2;148;32;16;48;2;148;32;16m▀[38;2;255;82;74;48;2;205;57;57m▀[38;2;205;57;57m▀[38;2;16;16;16;48;2;16;16;16m▀[38;2;205;57;57;48;2;180;139;90m▀▀▀▀▀[38;2;180;139;90m▀[48;2;16;16;16m▀▀[38;2;16;16;16;49m▀[0m
[0m       [38;2;16;16;16m▄[38;2;148;32;16;48;2;255;82;74m▀[38;2;16;16;16m▀[38;2;205;57;57;48;2;205;57;57m▀▀▀▀▀[38;2;16;16;16m▀[49m▄[0m   [38;2;16;16;16m▀[38;2;205;57;57;48;2;16;16;16m▀[38;2;255;82;74;48;2;205;57;57m▀▀▀[38;2;148;32;16m▀[38;2;205;57;57m▀▀▀[38;2;16;16;16;48;2;16;16;16m▀[38;2;180;139;90m▀▀▀▀[38;2;16;16;16;49m▀▀[0m
[0m    [38;2;16;16;16m▄[48;2;255;255;255m▀[48;2;16;16;16m▀[38;2;255;82;74m▀[48;2;255;255;255m▀[48;2;205;57;57m▀▀[38;2;205;57;57m▀▀[48;2;16;16;16m▀▀[38;2;148;32;16m▀[38;2;16;16;16;49m▀[0m     [38;2;16;16;16;48;2;16;16;16m▀[38;2;205;57;57;48;2;255;82;74m▀▀▀[48;2;205;57;57m▀▀▀▀[38;2;16;16;16;48;2;16;16;16m▀[0m
[0m    [38;2;16;16;16m▀▀[48;2;16;16;16m▀[38;2;255;255;255m▀▀[38;2;106;106;106m▀[38;2;205;57;57m▀[38;2;16;16;16;49m▀▀[0m       [38;2;16;16;16m▄[48;2;180;180;180m▀[38;2;205;57;57;48;2;205;57;57m▀[38;2;255;82;74m▀[48;2;180;180;180m▀[38;2;205;57;57;48;2;205;57;57m▀▀[48;2;180;180;180m▀▀[48;2;148;32;16m▀[38;2;16;16;16;48;2;16;16;16m▀[0m
[0m                    [38;2;16;16;16;48;2;16;16;16m▀[38;2;255;255;255;48;2;255;255;255m▀[38;2;180;180;180;48;2;16;16;16m▀[38;2;148;32;16m▀[38;2;255;255;255;48;2;255;255;255m▀[38;2;180;180;180;48;2;106;106;106m▀[38;2;148;32;16;48;2;16;16;16m▀[38;2;255;255;255m▀[48;2;255;255;255m▀[38;2;16;16;16;48;2;16;16;16m▀[0m
[0m                     [38;2;16;16;16m▀[0m [38;2;16;16;16m▀[38;2;255;255;255;48;2;16;16;16m▀[38;2;16;16;16;49m▀▀[0m [38;2;16;16;16m▀[0m
