[0m       [38;2;139;172;246m▄[48;2;255;255;255m▀▀[38;2;16;16;16;49m▄[0m                      [38;2;139;172;246m▄▄[38;2;98;123;197m▄[0m
[0m       [38;2;139;172;246;48;2;139;172;246m▀[38;2;255;255;255;48;2;255;255;255m▀[48;2;98;123;197m▀[38;2;189;197;230;48;2;189;197;230m▀[38;2;16;16;16;48;2;16;16;16m▀[0m                  [38;2;139;172;246m▄[48;2;255;255;255m▀▀[38;2;255;255;255;48;2;139;172;246m▀[48;2;189;197;230m▀▀[38;2;41;65;106;48;2;16;16;16m▀[0m
[0m       [38;2;41;65;106;48;2;41;65;106m▀[38;2;255;255;255;48;2;255;255;255m▀[38;2;189;197;230;48;2;189;197;230m▀[38;2;98;123;197;48;2;98;123;197m▀[38;2;189;197;230;48;2;189;197;230m▀[38;2;16;16;16;48;2;16;16;16m▀[0m               [38;2;139;172;246m▄[48;2;255;255;255m▀[38;2;255;255;255m▀[48;2;139;172;246m▀[38;2;139;172;246;48;2;189;197;230m▀[38;2;189;197;230m▀▀[48;2;16;16;16m▀[38;2;16;16;16;49m▀[0m
[0m      [38;2;41;65;106;48;2;41;65;106m▀[38;2;255;255;255;48;2;255;255;255m▀[38;2;139;172;246;48;2;189;197;230m▀[38;2;189;197;230m▀[38;2;98;123;197m▀[38;2;189;197;230;48;2;98;123;197m▀[38;2;16;16;16;48;2;189;197;230m▀[49m▄[0m            [38;2;41;65;106m▄[38;2;98;123;197;48;2;255;255;255m▀[38;2;255;255;255m▀[48;2;139;172;246m▀[38;2;139;172;246;48;2;189;197;230m▀[38;2;189;197;230;48;2;213;238;246m▀▀[38;2;139;172;246m▀[38;2;16;16;16;48;2;189;197;230m▀[49m▄[0m
[0m      [38;2;41;65;106m▀[38;2;255;255;255;48;2;41;65;106m▀[38;2;189;197;230;48;2;255;255;255m▀[48;2;189;197;230m▀▀[38;2;98;123;197;48;2;98;123;197m▀[38;2;189;197;230;48;2;189;197;230m▀[38;2;16;16;16;48;2;16;16;16m▀[0m  [38;2;41;65;106m▄▄▄▄[38;2;16;16;16m▄▄▄[0m  [38;2;41;65;106m▄[48;2;255;255;255m▀[38;2;255;255;255m▀[38;2;189;197;230;48;2;139;172;246m▀[38;2;139;172;246;48;2;213;238;246m▀[38;2;213;238;246m▀▀▀[48;2;189;197;230m▀[38;2;189;197;230m▀[38;2;16;16;16;48;2;16;16;16m▀[0m
[0m       [38;2;41;65;106;48;2;41;65;106m▀[38;2;255;255;255;48;2;255;255;255m▀[38;2;189;197;230;48;2;189;197;230m▀▀[38;2;98;123;197;48;2;98;123;197m▀[38;2;189;197;230;48;2;41;65;106m▀[38;2;16;16;16m▀[38;2;41;65;106;48;2;139;172;246m▀▀[38;2;139;172;246m▀▀▀▀▀[38;2;98;123;197m▀▀[38;2;16;16;16;48;2;98;123;197m▀▀[38;2;41;65;106;48;2;189;197;230m▀[38;2;255;255;255;48;2;255;255;255m▀[48;2;189;197;230m▀[38;2;139;172;246;48;2;139;172;246m▀[38;2;213;238;246;48;2;213;238;246m▀▀▀[48;2;189;197;230m▀[38;2;189;197;230m▀[38;2;16;16;16;48;2;16;16;16m▀[0m
[0m      [38;2;41;65;106m▄[48;2;255;255;255m▀[38;2;255;255;255;48;2;41;65;106m▀[38;2;189;197;230;48;2;189;197;230m▀[48;2;41;65;106m▀[38;2;41;65;106;48;2;172;197;255m▀[38;2;172;197;255m▀[38;2;139;172;246m▀[48;2;139;172;246m▀▀▀▀▀▀▀▀▀▀[38;2;98;123;197;48;2;98;123;197m▀[38;2;189;197;230;48;2;189;197;230m▀[38;2;213;238;246;48;2;213;238;246m▀[38;2;139;172;246;48;2;139;172;246m▀[38;2;213;238;246;48;2;213;238;246m▀▀▀▀▀[38;2;16;16;16;48;2;16;16;16m▀[0m
[0m      [38;2;41;65;106;48;2;41;65;106m▀[38;2;255;255;255;48;2;189;197;230m▀[38;2;189;197;230m▀[48;2;41;65;106m▀[38;2;41;65;106;48;2;172;197;255m▀[38;2;172;197;255m▀▀▀[38;2;139;172;246;48;2;139;172;246m▀▀▀▀▀▀▀▀▀▀▀[38;2;189;197;230;48;2;189;197;230m▀▀[38;2;139;172;246;48;2;139;172;246m▀[38;2;213;238;246;48;2;213;238;246m▀▀[48;2;189;197;230m▀[38;2;189;197;230;48;2;139;172;246m▀[48;2;16;16;16m▀[38;2;16;16;16;49m▀[0m
[0m       [38;2;41;65;106m▀[38;2;189;197;230;48;2;41;65;106m▀[38;2;41;65;106;48;2;98;123;197m▀[38;2;139;172;246;48;2;139;172;246m▀[38;2;172;197;255m▀▀[38;2;139;172;246m▀▀▀▀▀▀▀▀▀▀▀▀[38;2;98;123;197m▀[38;2;189;197;230;48;2;189;197;230m▀▀▀▀▀[48;2;16;16;16m▀[38;2;16;16;16;49m▀[0m           [38;2;139;172;246m▄[48;2;139;172;246m▀[48;2;213;238;246m▀[48;2;255;255;255m▀▀▀[49m▄▄[0m
[0m        [38;2;41;65;106;48;2;16;16;16m▀[38;2;98;123;197;48;2;98;123;197m▀[38;2;41;65;106;48;2;189;197;230m▀[38;2;139;172;246;48;2;41;65;106m▀[48;2;139;172;246m▀▀▀▀▀▀▀▀▀[48;2;41;65;106m▀[38;2;98;123;197m▀[38;2;41;65;106;48;2;189;197;230m▀[38;2;139;172;246;48;2;41;65;106m▀[48;2;139;172;246m▀[38;2;41;65;106;48;2;98;123;197m▀[38;2;189;197;230;48;2;41;65;106m▀▀▀[38;2;41;65;106;49m▀[0m           [38;2;139;172;246m▄[48;2;213;238;246m▀[38;2;213;238;246;48;2;255;255;255m▀[38;2;255;255;255m▀▀▀▀▀▀[38;2;213;238;246m▀[38;2;98;123;197;48;2;98;123;197m▀[0m
[0m        [38;2;16;16;16m▀[38;2;98;123;197;48;2;16;16;16m▀[38;2;189;197;230;48;2;189;197;230m▀[38;2;16;16;16;48;2;255;255;255m▀[38;2;41;65;106;48;2;16;16;16m▀[38;2;139;172;246;48;2;139;172;246m▀▀▀▀[38;2;98;123;197;48;2;98;123;197m▀[38;2;139;172;246;48;2;139;172;246m▀[48;2;41;65;106m▀[38;2;41;65;106;48;2;98;123;197m▀[38;2;16;16;16;48;2;16;16;16m▀▀[38;2;189;197;230;48;2;255;255;255m▀[48;2;189;197;230m▀[38;2;98;123;197;48;2;41;65;106m▀[48;2;98;123;197m▀▀▀[38;2;41;65;106;48;2;41;65;106m▀[38;2;16;16;16;48;2;189;197;230m▀[49m▄[0m         [38;2;139;172;246m▄[48;2;255;255;255m▀[38;2;255;255;255m▀▀▀[48;2;139;172;246m▀[38;2;139;172;246;48;2;213;238;246m▀[48;2;255;255;255m▀[48;2;213;238;246m▀[38;2;255;255;255;48;2;139;172;246m▀[48;2;255;255;255m▀▀[38;2;98;123;197;48;2;41;65;106m▀[0m
[0m         [38;2;16;16;16;48;2;16;16;16m▀[38;2;255;255;255;48;2;255;255;255m▀[38;2;16;16;16;48;2;148;98;98m▀[38;2;41;65;106;48;2;41;65;106m▀[38;2;139;172;246;48;2;139;172;246m▀▀▀▀▀[38;2;98;123;197m▀[38;2;139;172;246m▀[38;2;98;123;197m▀[38;2;255;255;255;48;2;16;16;16m▀[38;2;112;77;25;48;2;112;77;25m▀[38;2;255;255;255;48;2;255;255;255m▀[38;2;189;197;230;48;2;189;197;230m▀[38;2;41;65;106;48;2;98;123;197m▀[38;2;98;123;197m▀▀[48;2;41;65;106m▀[38;2;41;65;106;48;2;189;197;230m▀[38;2;189;197;230m▀[38;2;16;16;16;48;2;112;77;25m▀[49m▄[0m        [38;2;139;172;246;48;2;139;172;246m▀[38;2;255;255;255;48;2;255;255;255m▀▀▀[38;2;139;172;246;48;2;98;123;197m▀[38;2;213;238;246;48;2;255;255;255m▀[38;2;255;255;255m▀▀▀[38;2;98;123;197m▀[38;2;255;255;255m▀▀[38;2;41;65;106;48;2;41;65;106m▀[0m
[0m        [38;2;16;16;16;48;2;16;16;16m▀[38;2;98;123;197;48;2;98;123;197m▀[48;2;139;172;246m▀[38;2;189;197;230m▀[38;2;148;98;98m▀[38;2;139;172;246m▀▀▀▀▀▀▀▀[38;2;148;98;98m▀[48;2;98;123;197m▀[38;2;255;255;255m▀[38;2;98;123;197m▀[48;2;16;16;16m▀[48;2;98;123;197m▀[48;2;41;65;106m▀[38;2;41;65;106;48;2;16;16;16m▀[38;2;16;16;16;48;2;98;123;197m▀▀▀[38;2;148;98;98;48;2;41;65;106m▀[38;2;16;16;16m▀[48;2;148;98;98m▀[49m▄[0m     [38;2;139;172;246;48;2;139;172;246m▀[38;2;255;255;255;48;2;255;255;255m▀▀▀[38;2;41;65;106;48;2;41;65;106m▀[38;2;213;238;246;48;2;189;197;230m▀[38;2;255;255;255;48;2;213;238;246m▀▀▀▀[38;2;213;238;246m▀[48;2;16;16;16m▀[38;2;16;16;16;49m▀[0m
[0m        [38;2;16;16;16m▀[38;2;98;123;197;48;2;16;16;16m▀[38;2;41;65;106;48;2;189;197;230m▀[38;2;139;172;246;48;2;41;65;106m▀[48;2;139;172;246m▀[38;2;98;123;197m▀[38;2;139;172;246m▀[38;2;41;65;106m▀[38;2;139;172;246m▀▀▀[48;2;98;123;197m▀[48;2;41;65;106m▀▀▀[38;2;98;123;197m▀[38;2;16;16;16;48;2;255;255;255m▀[38;2;41;65;106;48;2;41;65;106m▀[38;2;98;123;197;48;2;16;16;16m▀[38;2;16;16;16m▀[38;2;98;123;197;48;2;98;123;197m▀[48;2;139;172;246m▀[38;2;139;172;246m▀▀▀[38;2;98;123;197m▀[38;2;41;65;106;48;2;98;123;197m▀[38;2;148;98;98;48;2;41;65;106m▀[38;2;16;16;16m▀[38;2;41;65;106;49m▄▄▄[38;2;139;172;246;48;2;41;65;106m▀[38;2;189;197;230;48;2;255;255;255m▀[38;2;255;255;255m▀▀▀[38;2;213;238;246;48;2;213;238;246m▀[38;2;41;65;106;48;2;189;197;230m▀[38;2;189;197;230;48;2;41;65;106m▀▀[38;2;213;238;246;48;2;16;16;16m▀[38;2;189;197;230m▀[38;2;16;16;16;48;2;213;238;246m▀[38;2;41;65;106m▀[49m▄[0m
[0m    [38;2;41;65;106m▄▄▄▄[48;2;139;172;246m▀▀▀[38;2;16;16;16;48;2;98;123;197m▀[38;2;41;65;106;48;2;16;16;16m▀▀▀[48;2;98;123;197m▀▀▀▀[38;2;98;123;197m▀▀▀[48;2;16;16;16m▀▀[38;2;41;65;106m▀[38;2;16;16;16;48;2;172;139;98m▀[38;2;172;139;98m▀[38;2;16;16;16;48;2;16;16;16m▀[38;2;98;123;197;48;2;98;123;197m▀[38;2;139;172;246m▀[48;2;139;172;246m▀▀▀▀▀▀▀[38;2;98;123;197m▀[38;2;41;65;106;48;2;255;255;255m▀[38;2;255;255;255;48;2;189;197;230m▀[38;2;41;65;106;48;2;41;65;106m▀[38;2;255;255;255;48;2;255;255;255m▀▀▀[38;2;213;238;246;48;2;213;238;246m▀▀▀[38;2;41;65;106;48;2;98;123;197m▀[38;2;189;197;230;48;2;189;197;230m▀[48;2;213;238;246m▀[38;2;213;238;246m▀▀▀[38;2;41;65;106;48;2;41;65;106m▀[0m
[38;2;16;16;16;49m▄[38;2;41;65;106;48;2;255;255;255m▀▀[48;2;139;172;246m▀[38;2;139;172;246m▀▀▀▀▀▀[48;2;98;123;197m▀[38;2;98;123;197m▀▀[38;2;16;16;16;48;2;16;16;16m▀[38;2;172;139;98;48;2;172;139;98m▀[38;2;16;16;16m▀[48;2;112;77;25m▀[48;2;49;65;74m▀▀▀▀▀[38;2;49;65;74;48;2;16;16;16m▀[38;2;16;16;16;48;2;172;139;98m▀[38;2;172;139;98m▀▀▀[38;2;16;16;16m▀[38;2;98;123;197;48;2;16;16;16m▀[48;2;98;123;197m▀▀▀[38;2;139;172;246m▀▀▀[48;2;255;255;255m▀[48;2;189;197;230m▀[48;2;98;123;197m▀[38;2;98;123;197m▀▀[48;2;189;197;230m▀[38;2;41;65;106m▀[48;2;16;16;16m▀[38;2;213;238;246;48;2;213;238;246m▀▀▀▀[38;2;98;123;197;48;2;139;172;246m▀[38;2;213;238;246;48;2;213;238;246m▀[48;2;98;123;197m▀[38;2;98;123;197;48;2;213;238;246m▀[48;2;255;255;255m▀▀[48;2;213;238;246m▀[38;2;41;65;106;49m▄[0m
[0m [38;2;16;16;16m▀[38;2;189;197;230;48;2;16;16;16m▀[38;2;139;172;246;48;2;98;123;197m▀[38;2;189;197;230;48;2;41;65;106m▀[48;2;189;197;230m▀[38;2;41;65;106;48;2;41;65;106m▀[38;2;98;123;197;48;2;98;123;197m▀▀▀▀▀[38;2;16;16;16;48;2;16;16;16m▀[38;2;172;139;98;48;2;222;197;139m▀[38;2;222;197;139m▀▀[38;2;172;139;98m▀[38;2;112;77;25m▀[38;2;49;65;74;48;2;112;77;25m▀[48;2;16;16;16m▀[38;2;16;16;16;48;2;172;139;98m▀[48;2;222;197;139m▀[38;2;222;197;139m▀▀▀[38;2;172;139;98m▀[48;2;172;139;98m▀▀[38;2;16;16;16m▀[38;2;98;123;197;48;2;16;16;16m▀[48;2;98;123;197m▀▀▀▀[38;2;41;65;106;48;2;41;65;106m▀[38;2;189;197;230m▀[38;2;41;65;106;48;2;98;123;197m▀[38;2;98;123;197m▀▀▀[38;2;189;197;230;48;2;16;16;16m▀[38;2;16;16;16;48;2;213;238;246m▀[38;2;213;238;246m▀▀▀▀[38;2;139;172;246;48;2;139;172;246m▀[38;2;189;197;230;48;2;213;238;246m▀[38;2;98;123;197;48;2;98;123;197m▀[38;2;255;255;255;48;2;213;238;246m▀[48;2;255;255;255m▀▀[48;2;139;172;246m▀[48;2;255;255;255m▀[38;2;213;238;246m▀[38;2;41;65;106;48;2;41;65;106m▀[0m
[0m [38;2;16;16;16m▄[48;2;189;197;230m▀[38;2;98;123;197m▀[48;2;98;123;197m▀[38;2;41;65;106m▀[38;2;98;123;197m▀▀▀▀▀▀[38;2;16;16;16;48;2;16;16;16m▀[38;2;222;197;139;48;2;222;197;139m▀▀▀▀▀[38;2;172;139;98;48;2;172;139;98m▀[38;2;222;197;139;48;2;222;197;139m▀▀▀▀▀▀▀▀[38;2;172;139;98m▀[48;2;172;139;98m▀▀[38;2;16;16;16m▀▀[38;2;41;65;106;48;2;112;77;25m▀[38;2;98;123;197;48;2;41;65;106m▀[48;2;16;16;16m▀▀▀▀[38;2;16;16;16;48;2;148;98;98m▀[48;2;16;16;16m▀[38;2;213;238;246;48;2;213;238;246m▀▀▀▀▀[48;2;139;172;246m▀[38;2;139;172;246;48;2;189;197;230m▀[38;2;213;238;246;48;2;213;238;246m▀[38;2;41;65;106m▀[38;2;189;197;230;48;2;41;65;106m▀[38;2;213;238;246m▀[38;2;189;197;230m▀[38;2;98;123;197;48;2;255;255;255m▀[38;2;255;255;255m▀[48;2;213;238;246m▀[38;2;16;16;16;48;2;16;16;16m▀[0m
[0m  [38;2;16;16;16m▀▀▀▀▀▀▀▀▀▀[48;2;16;16;16m▀[38;2;222;197;139;48;2;222;197;139m▀▀▀▀▀[38;2;172;139;98;48;2;172;139;98m▀[38;2;222;197;139;48;2;222;197;139m▀▀▀▀▀▀▀▀▀[38;2;172;139;98m▀[48;2;172;139;98m▀▀▀[38;2;112;77;25;48;2;112;77;25m▀[38;2;189;197;230;48;2;189;197;230m▀[38;2;112;77;25;48;2;112;77;25m▀[38;2;148;98;98;48;2;148;98;98m▀▀▀[48;2;112;77;25m▀[38;2;16;16;16;48;2;16;16;16m▀[38;2;213;238;246;48;2;213;238;246m▀▀▀▀[48;2;139;172;246m▀[38;2;139;172;246;48;2;189;197;230m▀[38;2;213;238;246;48;2;213;238;246m▀▀▀▀[38;2;255;255;255;48;2;255;255;255m▀▀▀[48;2;213;238;246m▀[38;2;189;197;230;48;2;16;16;16m▀[38;2;16;16;16;49m▀[0m
[0m            [38;2;16;16;16;48;2;16;16;16m▀[38;2;172;139;98;48;2;172;139;98m▀[38;2;222;197;139m▀▀[48;2;222;197;139m▀▀▀[38;2;172;139;98;48;2;172;139;98m▀[38;2;222;197;139;48;2;222;197;139m▀▀▀▀▀[48;2;172;139;98m▀▀▀▀[38;2;172;139;98;48;2;112;77;25m▀[38;2;112;77;25;48;2;172;139;98m▀▀[48;2;112;77;25m▀[38;2;189;197;230;48;2;189;197;230m▀▀[38;2;112;77;25;48;2;112;77;25m▀[38;2;148;98;98;48;2;148;98;98m▀[48;2;112;77;25m▀[38;2;112;77;25;48;2;148;98;98m▀[38;2;16;16;16;48;2;16;16;16m▀[38;2;213;238;246;48;2;213;238;246m▀▀▀[48;2;139;172;246m▀[38;2;139;172;246;48;2;189;197;230m▀[38;2;213;238;246;48;2;213;238;246m▀▀▀[38;2;139;172;246;48;2;139;172;246m▀[38;2;213;238;246;48;2;213;238;246m▀[38;2;255;255;255m▀▀[38;2;213;238;246m▀[38;2;189;197;230;48;2;16;16;16m▀[38;2;16;16;16;49m▀[0m
[0m             [38;2;16;16;16;48;2;16;16;16m▀[38;2;222;197;139;48;2;222;197;139m▀▀[38;2;172;139;98m▀▀▀▀[48;2;172;139;98m▀[48;2;222;197;139m▀▀▀▀[38;2;222;197;139m▀▀▀[48;2;172;139;98m▀[38;2;172;139;98m▀▀[48;2;41;65;106m▀▀[38;2;112;77;25m▀[38;2;189;197;230;48;2;16;16;16m▀▀[38;2;112;77;25;48;2;189;197;230m▀[38;2;148;98;98;48;2;112;77;25m▀[38;2;16;16;16;48;2;16;16;16m▀[38;2;213;238;246;48;2;213;238;246m▀▀[48;2;139;172;246m▀[38;2;139;172;246;48;2;189;197;230m▀[38;2;189;197;230m▀[38;2;213;238;246;48;2;213;238;246m▀▀[48;2;189;197;230m▀[38;2;139;172;246;48;2;139;172;246m▀[38;2;213;238;246;48;2;213;238;246m▀▀▀▀[48;2;16;16;16m▀[38;2;16;16;16;49m▀[0m
[0m            [38;2;41;65;106m▄[38;2;16;16;16;48;2;172;197;255m▀[38;2;172;139;98;48;2;16;16;16m▀[38;2;222;197;139;48;2;222;197;139m▀▀▀▀▀[38;2;172;139;98;48;2;172;139;98m▀[38;2;222;197;139;48;2;222;197;139m▀▀▀▀▀▀▀[38;2;172;139;98;48;2;172;139;98m▀[48;2;41;65;106m▀[38;2;41;65;106;48;2;139;172;246m▀[38;2;139;172;246;48;2;172;197;255m▀▀[48;2;139;172;246m▀▀▀[38;2;16;16;16m▀[38;2;112;77;25;48;2;16;16;16m▀[38;2;16;16;16;48;2;213;238;246m▀[38;2;139;172;246m▀[48;2;189;197;230m▀[38;2;189;197;230m▀▀[38;2;213;238;246m▀▀[38;2;189;197;230;48;2;139;172;246m▀[38;2;139;172;246;48;2;189;197;230m▀[38;2;189;197;230;48;2;213;238;246m▀[38;2;213;238;246m▀▀[48;2;16;16;16m▀[38;2;16;16;16;49m▀[0m
[0m           [38;2;41;65;106;48;2;41;65;106m▀[38;2;172;197;255;48;2;172;197;255m▀▀[38;2;16;16;16;48;2;139;172;246m▀[38;2;172;139;98;48;2;16;16;16m▀[38;2;222;197;139;48;2;172;139;98m▀[48;2;222;197;139m▀▀▀▀[38;2;172;139;98;48;2;172;139;98m▀[38;2;222;197;139m▀▀[48;2;222;197;139m▀▀▀[38;2;172;139;98;48;2;172;139;98m▀[48;2;41;65;106m▀[38;2;41;65;106;48;2;172;197;255m▀[38;2;172;197;255m▀▀▀▀[38;2;139;172;246;48;2;139;172;246m▀▀▀[38;2;98;123;197;48;2;98;123;197m▀[38;2;16;16;16;48;2;16;16;16m▀[38;2;189;197;230;48;2;189;197;230m▀▀▀[48;2;139;172;246m▀▀[38;2;139;172;246;48;2;189;197;230m▀[38;2;189;197;230m▀▀[48;2;16;16;16m▀▀[38;2;16;16;16;49m▀[0m
[0m          [38;2;41;65;106;48;2;41;65;106m▀[38;2;172;197;255;48;2;172;197;255m▀▀▀[38;2;139;172;246;48;2;139;172;246m▀▀[38;2;16;16;16;48;2;98;123;197m▀[38;2;222;197;139;48;2;16;16;16m▀[48;2;172;139;98m▀[48;2;112;77;25m▀[38;2;172;139;98;48;2;222;197;139m▀[38;2;222;197;139m▀▀[48;2;172;139;98m▀[38;2;112;77;25m▀▀[38;2;172;139;98;48;2;112;77;25m▀▀[38;2;41;65;106;48;2;41;65;106m▀[38;2;172;197;255;48;2;172;197;255m▀▀▀▀▀[38;2;139;172;246;48;2;139;172;246m▀▀▀[38;2;98;123;197;48;2;98;123;197m▀▀[38;2;16;16;16;48;2;16;16;16m▀[38;2;139;172;246;48;2;189;197;230m▀▀[38;2;189;197;230m▀▀[48;2;16;16;16m▀▀[38;2;16;16;16;49m▀[0m
[0m          [38;2;41;65;106;48;2;16;16;16m▀[38;2;172;197;255;48;2;139;172;246m▀▀[38;2;139;172;246m▀[48;2;98;123;197m▀[38;2;98;123;197m▀▀▀[38;2;16;16;16m▀▀[38;2;172;139;98;48;2;16;16;16m▀▀▀[48;2;172;139;98m▀▀▀▀▀[38;2;41;65;106m▀[38;2;139;172;246;48;2;16;16;16m▀[38;2;172;197;255;48;2;139;172;246m▀▀▀[38;2;139;172;246m▀▀▀[38;2;98;123;197;48;2;98;123;197m▀▀▀▀[38;2;16;16;16;48;2;16;16;16m▀[38;2;189;197;230;48;2;41;65;106m▀[38;2;41;65;106;49m▀▀[0m
[0m           [38;2;16;16;16;48;2;16;16;16m▀[38;2;98;123;197;48;2;98;123;197m▀▀▀▀▀▀▀[48;2;16;16;16m▀[38;2;16;16;16;49m▀[0m  [38;2;16;16;16m▀▀▀▀▀[38;2;189;197;230;48;2;41;65;106m▀▀[38;2;16;16;16m▀[38;2;139;172;246;48;2;16;16;16m▀[48;2;98;123;197m▀▀[38;2;98;123;197m▀▀▀▀▀▀[38;2;16;16;16m▀[49m▄[0m
[0m         [38;2;16;16;16m▄[48;2;139;172;246m▀[38;2;98;123;197m▀[38;2;41;65;106;48;2;98;123;197m▀[38;2;98;123;197m▀▀▀▀▀[48;2;16;16;16m▀[38;2;16;16;16;49m▀[0m            [38;2;16;16;16m▀[38;2;98;123;197;48;2;16;16;16m▀[48;2;98;123;197m▀▀▀▀▀▀▀[38;2;16;16;16;48;2;16;16;16m▀[0m
[0m         [38;2;16;16;16m▀▀[38;2;41;65;106;48;2;16;16;16m▀[38;2;139;172;246m▀▀[38;2;16;16;16;49m▀[38;2;139;172;246;48;2;16;16;16m▀▀[38;2;41;65;106m▀[38;2;16;16;16;49m▀[0m              [38;2;16;16;16m▀[38;2;98;123;197;48;2;16;16;16m▀[48;2;139;172;246m▀▀[48;2;16;16;16m▀[48;2;139;172;246m▀▀[38;2;139;172;246;48;2;41;65;106m▀[48;2;16;16;16m▀[38;2;16;16;16m▀[0m
[0m                                   [38;2;16;16;16m▀▀[0m [38;2;16;16;16m▀▀▀[0m
