[0m           [38;2;74;106;82m▄[48;2;180;230;82m▀▀[38;2;57;74;65;49m▄[0m
[0m         [38;2;74;106;82m▄[48;2;180;230;82m▀[38;2;180;230;82m▀▀[48;2;131;197;74m▀[38;2;57;74;65m▀[49m▄[0m
[0m        [38;2;74;106;82;48;2;74;106;82m▀[38;2;106;139;90;48;2;131;197;74m▀[38;2;180;230;82;48;2;180;230;82m▀[48;2;131;197;74m▀[38;2;131;197;74m▀▀▀[38;2;0;0;0;48;2;0;0;0m▀[0m
[0m      [38;2;74;106;82m▄[48;2;131;197;74m▀[38;2;131;197;74m▀▀▀▀▀▀▀[38;2;0;0;0m▀[49m▄[0m
[0m     [38;2;74;106;82;48;2;74;106;82m▀[38;2;131;197;74m▀[48;2;131;197;74m▀▀▀▀▀▀▀▀▀[38;2;0;0;0;48;2;106;139;90m▀[49m▄[0m
[0m    [38;2;57;74;65;48;2;57;74;65m▀[38;2;131;197;74;48;2;180;230;82m▀[38;2;180;230;82m▀[38;2;74;106;82;48;2;106;139;90m▀[38;2;131;197;74;48;2;131;197;74m▀▀▀▀▀[48;2;74;106;82m▀[38;2;106;139;90;48;2;131;197;74m▀▀▀[38;2;0;0;0;48;2;106;139;90m▀[38;2;57;74;65;49m▄[0m
[0m   [38;2;57;74;65;48;2;74;106;82m▀[38;2;180;230;82;48;2;180;230;82m▀▀[48;2;131;197;74m▀[38;2;131;197;74m▀[38;2;106;139;90;48;2;106;139;90m▀[38;2;131;197;74;48;2;131;197;74m▀▀[48;2;57;74;65m▀[38;2;57;74;65;48;2;106;139;90m▀[38;2;106;139;90;48;2;255;255;255m▀[38;2;131;197;74;48;2;0;0;0m▀▀[48;2;131;197;74m▀▀[38;2;0;0;0;48;2;0;0;0m▀[0m
[0m  [38;2;57;74;65;48;2;57;74;65m▀[38;2;131;197;74;48;2;180;230;82m▀[38;2;106;139;90;48;2;131;197;74m▀[38;2;131;197;74;48;2;74;106;82m▀[38;2;106;139;90m▀[38;2;74;106;82;48;2;131;197;74m▀[38;2;57;74;65;48;2;106;164;74m▀[38;2;106;139;90;48;2;57;74;65m▀[48;2;131;197;74m▀[38;2;131;197;74m▀[38;2;74;106;82m▀[38;2;255;255;255;48;2;74;106;82m▀[48;2;255;255;255m▀[38;2;0;0;0m▀▀[38;2;255;255;255;48;2;106;164;74m▀[38;2;57;74;65;48;2;74;106;82m▀[38;2;0;0;0;48;2;57;74;65m▀[0m
[0m [38;2;57;74;65;48;2;57;74;65m▀[38;2;131;197;74;48;2;131;197;74m▀[38;2;180;230;82;48;2;180;230;82m▀▀[38;2;131;197;74;48;2;131;197;74m▀▀▀[38;2;106;164;74;48;2;57;74;65m▀[38;2;74;106;82;48;2;131;197;74m▀[48;2;74;106;82m▀[38;2;131;197;74;48;2;131;197;74m▀▀▀[38;2;74;106;82m▀▀[38;2;57;74;65m▀▀[38;2;106;164;74m▀[38;2;106;139;90m▀[38;2;0;0;0;48;2;106;164;74m▀[38;2;57;74;65;49m▄[0m
[38;2;57;74;65;48;2;57;74;65m▀[38;2;131;197;74;48;2;106;164;74m▀[48;2;131;197;74m▀[38;2;180;230;82m▀[38;2;131;197;74m▀▀▀[38;2;106;164;74;48;2;74;106;82m▀[38;2;57;74;65;48;2;131;197;74m▀[38;2;131;197;74m▀▀[38;2;74;106;82m▀[38;2;131;197;74;48;2;57;74;65m▀[48;2;106;164;74m▀[38;2;106;164;74;48;2;106;139;90m▀[38;2;106;139;90m▀[38;2;106;164;74m▀[38;2;131;197;74m▀▀[48;2;106;164;74m▀[48;2;131;197;74m▀[38;2;106;164;74m▀[38;2;57;74;65m▀[48;2;106;164;74m▀[49m▄[0m
[38;2;0;0;0;49m▀[38;2;106;139;90;48;2;57;74;65m▀[38;2;106;164;74;48;2;106;164;74m▀[38;2;131;197;74;48;2;74;106;82m▀▀▀[48;2;131;197;74m▀[38;2;74;106;82m▀[38;2;131;197;74m▀▀▀▀[38;2;74;106;82;48;2;106;164;74m▀[38;2;106;139;90;48;2;57;74;65m▀[48;2;106;139;90m▀▀▀▀▀▀▀▀[38;2;106;164;74m▀[48;2;0;0;0m▀[38;2;57;74;65;49m▀[0m
[0m [38;2;0;0;0m▀[38;2;74;106;82;48;2;0;0;0m▀[38;2;131;197;74;48;2;131;197;74m▀▀▀[38;2;74;106;82m▀[38;2;57;74;65;48;2;74;106;82m▀[38;2;106;164;74;48;2;106;139;90m▀[38;2;131;197;74m▀[38;2;106;164;74m▀[38;2;106;139;90m▀[48;2;74;106;82m▀[38;2;57;74;65;48;2;106;139;90m▀[38;2;106;139;90m▀▀▀▀▀▀▀[48;2;0;0;0m▀[38;2;0;0;0;49m▀[0m
[0m   [38;2;0;0;0;48;2;0;0;0m▀[38;2;131;197;74;48;2;74;106;82m▀[48;2;106;139;90m▀[48;2;74;106;82m▀[38;2;106;164;74;48;2;57;74;65m▀[38;2;74;106;82;48;2;74;106;82m▀[38;2;106;139;90;48;2;0;0;0m▀[48;2;106;139;90m▀[38;2;57;74;65m▀[38;2;106;139;90m▀▀▀▀▀▀▀[38;2;57;74;65m▀[38;2;0;0;0;48;2;57;74;65m▀[0m
[0m   [38;2;0;0;0m▀[38;2;106;164;74;48;2;0;0;0m▀[48;2;106;164;74m▀▀[38;2;106;139;90m▀[38;2;74;106;82m▀[38;2;57;74;65;48;2;57;74;65m▀[38;2;0;0;0;48;2;106;139;90m▀[38;2;106;139;90m▀▀▀▀▀▀▀▀▀▀[38;2;0;0;0m▀[49m▄[0m
[0m    [38;2;0;0;0m▀[38;2;106;164;74;48;2;0;0;0m▀[48;2;106;139;90m▀▀▀[38;2;106;139;90m▀[38;2;57;74;65;48;2;57;74;65m▀[38;2;106;139;90;48;2;106;139;90m▀▀▀▀▀▀▀▀▀▀▀[38;2;57;74;65;48;2;57;74;65m▀[38;2;0;0;0;48;2;106;139;90m▀▀[49m▄▄[0m
[0m     [38;2;0;0;0m▀[38;2;106;139;90;48;2;0;0;0m▀[48;2;106;139;90m▀▀▀▀[38;2;57;74;65;48;2;57;74;65m▀[38;2;106;139;90;48;2;106;139;90m▀▀▀▀▀▀▀▀▀[48;2;57;74;65m▀[38;2;57;74;65;48;2;106;139;90m▀[38;2;106;139;90;48;2;74;106;82m▀▀[38;2;74;106;82m▀[38;2;106;139;90;48;2;106;139;90m▀[38;2;0;0;0;48;2;74;106;82m▀[48;2;106;139;90m▀▀[49m▄[0m
[0m       [38;2;0;0;0m▀[38;2;106;139;90;48;2;57;74;65m▀[48;2;106;139;90m▀▀▀[38;2;57;74;65m▀[38;2;106;139;90;48;2;57;74;65m▀[48;2;106;139;90m▀▀▀▀▀▀[48;2;57;74;65m▀[38;2;57;74;65;48;2;106;139;90m▀[38;2;106;139;90m▀[48;2;74;106;82m▀▀[38;2;74;106;82;48;2;106;139;90m▀▀[48;2;74;106;82m▀[38;2;106;139;90;48;2;106;139;90m▀[48;2;0;0;0m▀[38;2;0;0;0;49m▀[0m
[0m         [38;2;0;0;0m▀[38;2;57;74;65m▀[48;2;0;0;0m▀[38;2;106;139;90m▀▀[38;2;57;74;65;48;2;57;74;65m▀[38;2;106;139;90m▀▀[38;2;57;74;65m▀[48;2;106;139;90m▀[48;2;74;106;82m▀[38;2;106;139;90m▀[38;2;74;106;82m▀▀[38;2;106;139;90;48;2;0;0;0m▀[38;2;74;106;82m▀▀[48;2;57;74;65m▀[38;2;0;0;0;49m▀▀[0m
[0m              [38;2;0;0;0m▀▀▀▀▀▀▀▀▀[0m
