[0m      [38;2;139;139;148m▄[48;2;255;255;255m▀[38;2;90;90;98;49m▄[0m
[0m      [38;2;139;139;148;48;2;139;139;148m▀[38;2;255;255;255;48;2;255;255;255m▀[38;2;90;90;98m▀[49m▄[0m
[0m     [38;2;90;90;98m▄[38;2;203;200;198;48;2;255;255;255m▀[38;2;255;255;255m▀▀[38;2;139;139;148m▀[38;2;148;90;8;48;2;90;90;98m▀[48;2;238;172;65m▀▀[49m▄▄[0m
[0m   [38;2;205;115;16m▄[48;2;238;172;65m▀[38;2;90;90;98;48;2;205;115;16m▀[38;2;255;255;255;48;2;203;200;198m▀[48;2;255;255;255m▀▀[48;2;205;115;16m▀[38;2;205;115;16;48;2;238;172;65m▀[38;2;238;172;65m▀▀▀▀[38;2;148;90;8m▀[38;2;106;57;8;49m▄[0m
[0m  [38;2;205;115;16;48;2;205;115;16m▀[38;2;238;172;65;48;2;255;230;123m▀[38;2;255;230;123m▀▀[38;2;205;115;16m▀▀[48;2;238;172;65m▀[38;2;238;172;65m▀▀▀▀▀▀▀[38;2;205;115;16m▀[38;2;106;57;8;48;2;106;57;8m▀[0m
[0m [38;2;106;57;8;48;2;106;57;8m▀[38;2;238;172;65;48;2;255;255;255m▀[48;2;24;24;24m▀[38;2;255;230;123;48;2;238;172;65m▀▀▀[38;2;238;172;65m▀▀▀▀▀▀▀▀▀▀[38;2;205;115;16;48;2;205;115;16m▀[38;2;106;57;8;48;2;24;24;24m▀[0m
[0m [38;2;106;57;8;48;2;106;57;8m▀[38;2;24;24;24;48;2;156;41;32m▀[38;2;90;90;98m▀[38;2;238;172;65m▀▀[48;2;238;172;65m▀▀▀▀[38;2;255;255;255;48;2;24;24;24m▀[38;2;24;24;24;48;2;90;90;98m▀[38;2;238;172;65;48;2;238;172;65m▀▀▀▀[38;2;205;115;16;48;2;205;115;16m▀▀[38;2;24;24;24;48;2;24;24;24m▀[0m
[38;2;24;24;24;48;2;24;24;24m▀[38;2;156;41;32;48;2;222;90;82m▀[38;2;222;90;82;48;2;238;156;139m▀[48;2;203;200;198m▀[48;2;238;156;139m▀[48;2;222;90;82m▀[38;2;205;115;16m▀[38;2;238;172;65;48;2;156;41;32m▀[48;2;238;172;65m▀▀▀▀▀▀[48;2;205;115;16m▀[38;2;205;115;16m▀▀▀[38;2;24;24;24;48;2;106;57;8m▀[0m
[38;2;24;24;24;49m▀[38;2;222;90;82;48;2;24;24;24m▀[48;2;222;90;82m▀▀▀▀[48;2;156;41;32m▀[38;2;156;41;32m▀[38;2;238;172;65;48;2;238;172;65m▀▀▀[48;2;205;115;16m▀▀[38;2;205;115;16m▀▀▀▀[38;2;24;24;24;48;2;24;24;24m▀[0m
[0m  [38;2;24;24;24m▀▀[38;2;156;41;32;48;2;24;24;24m▀[38;2;106;57;8;48;2;205;115;16m▀▀[38;2;205;115;16m▀▀▀▀▀▀▀[48;2;106;57;8m▀[48;2;24;24;24m▀[38;2;24;24;24;48;2;238;172;65m▀[38;2;106;57;8;49m▄[0m
[0m     [38;2;24;24;24;48;2;156;41;32m▀[38;2;106;57;8;48;2;238;156;139m▀[38;2;205;115;16;48;2;106;57;8m▀[48;2;24;24;24m▀▀▀[48;2;106;57;8m▀[38;2;24;24;24;48;2;156;41;32m▀[48;2;24;24;24m▀[38;2;205;115;16;48;2;205;115;16m▀▀[38;2;238;172;65m▀[38;2;24;24;24;48;2;24;24;24m▀[0m      [38;2;90;90;98m▄▄[0m
[0m     [38;2;24;24;24m▀[38;2;222;90;82;48;2;24;24;24m▀▀[38;2;24;24;24;48;2;205;115;16m▀[38;2;205;115;16m▀▀[38;2;156;41;32;48;2;156;41;32m▀[38;2;238;156;139;48;2;222;90;82m▀[38;2;222;90;82m▀[38;2;24;24;24;48;2;24;24;24m▀[38;2;205;115;16;48;2;205;115;16m▀[48;2;24;24;24m▀[38;2;24;24;24;49m▀[0m      [38;2;90;90;98;48;2;90;90;98m▀[38;2;255;255;255;48;2;255;255;255m▀[38;2;90;90;98;48;2;24;24;24m▀[0m
[0m     [38;2;106;57;8m▄[48;2;205;115;16m▀[38;2;24;24;24m▀[38;2;205;115;16;48;2;24;24;24m▀▀[48;2;205;115;16m▀▀[38;2;156;41;32m▀▀[38;2;205;115;16;48;2;24;24;24m▀▀[38;2;106;57;8;49m▀[0m      [38;2;90;90;98;48;2;90;90;98m▀[38;2;255;255;255;48;2;255;255;255m▀▀[38;2;203;200;198;48;2;203;200;198m▀[38;2;24;24;24;48;2;24;24;24m▀[0m
[0m    [38;2;106;57;8m▄[48;2;156;41;32m▀[38;2;205;115;16;48;2;205;115;16m▀▀▀[38;2;106;57;8m▀[38;2;24;24;24m▀▀▀▀[38;2;106;57;8;48;2;106;57;8m▀[0m        [38;2;90;90;98;48;2;90;90;98m▀[38;2;203;200;198;48;2;203;200;198m▀▀[48;2;24;24;24m▀[38;2;24;24;24;49m▀[0m
[0m    [38;2;156;41;32;48;2;24;24;24m▀[38;2;238;156;139;48;2;222;90;82m▀[38;2;205;115;16;48;2;106;57;8m▀[48;2;205;115;16m▀▀[48;2;156;41;32m▀▀[48;2;205;115;16m▀▀[48;2;106;57;8m▀[38;2;24;24;24;48;2;24;24;24m▀[38;2;106;57;8;48;2;205;115;16m▀[38;2;24;24;24;48;2;24;24;24m▀[38;2;148;90;8;49m▄[0m [38;2;148;90;8m▄[38;2;106;57;8m▄▄[38;2;148;90;8m▄[48;2;205;115;16m▀▀▀[38;2;24;24;24;48;2;106;57;8m▀[0m
[0m     [38;2;24;24;24m▀▀[38;2;106;57;8;48;2;24;24;24m▀[38;2;156;41;32m▀[38;2;238;156;139;48;2;222;90;82m▀[38;2;222;90;82m▀[38;2;156;41;32;48;2;24;24;24m▀[38;2;205;115;16m▀[38;2;24;24;24;48;2;205;115;16m▀[38;2;205;115;16m▀▀▀[38;2;24;24;24;48;2;24;24;24m▀[38;2;148;90;8;48;2;238;172;65m▀[38;2;205;115;16;48;2;106;57;8m▀[48;2;205;115;16m▀[38;2;106;57;8m▀[48;2;106;57;8m▀[48;2;205;115;16m▀[38;2;205;115;16;48;2;106;57;8m▀[38;2;148;90;8;48;2;222;90;82m▀[38;2;24;24;24;48;2;24;24;24m▀[0m
[0m        [38;2;106;57;8;48;2;156;41;32m▀[38;2;24;24;24;48;2;222;90;82m▀[48;2;156;41;32m▀[38;2;205;115;16;48;2;205;115;16m▀▀[48;2;156;41;32m▀▀[48;2;205;115;16m▀[48;2;106;57;8m▀[38;2;24;24;24;48;2;205;115;16m▀[38;2;205;115;16m▀[38;2;106;57;8;48;2;24;24;24m▀[38;2;148;90;8;48;2;156;41;32m▀[38;2;156;41;32;48;2;222;90;82m▀[38;2;24;24;24;48;2;24;24;24m▀[38;2;156;41;32;48;2;222;90;82m▀[38;2;24;24;24;48;2;24;24;24m▀[49m▀[0m
[0m        [38;2;24;24;24m▀[38;2;156;41;32;48;2;24;24;24m▀[38;2;106;57;8m▀[38;2;205;115;16m▀[38;2;156;41;32;48;2;106;57;8m▀[38;2;238;156;139;48;2;222;90;82m▀[38;2;222;90;82m▀[38;2;156;41;32;48;2;106;57;8m▀[38;2;24;24;24;48;2;156;41;32m▀[38;2;156;41;32;48;2;222;90;82m▀[38;2;106;57;8;48;2;24;24;24m▀[38;2;24;24;24m▀[49m▀▀▀▀[0m
[0m             [38;2;24;24;24m▀▀▀[38;2;106;57;8m▀[38;2;24;24;24m▀▀[0m
