[0m      [38;2;205;156;16m▄▄[48;2;246;205;49m▀[38;2;156;123;0m▀▀▀▀[49m▄▄[0m
[0m   [38;2;205;156;16m▄[48;2;246;205;49m▀[48;2;255;247;208m▀[38;2;246;205;49m▀[38;2;255;247;208m▀▀▀[38;2;246;205;49m▀[48;2;246;205;49m▀▀▀[38;2;205;156;16m▀[38;2;156;123;0;48;2;205;156;16m▀▀[38;2;123;90;0;49m▄[0m
[0m [38;2;205;156;16m▄[48;2;246;205;49m▀[38;2;246;205;49;48;2;255;247;208m▀[38;2;255;247;208m▀▀▀▀▀▀[48;2;246;205;49m▀[38;2;246;205;49m▀▀▀▀▀[38;2;205;156;16;48;2;205;156;16m▀▀[38;2;123;90;0m▀[38;2;74;57;0;49m▄[0m
[38;2;156;123;0;49m▄[48;2;205;156;16m▀[38;2;246;205;49;48;2;246;205;49m▀[38;2;255;247;208m▀[48;2;255;247;208m▀▀▀[48;2;246;205;49m▀▀[38;2;246;205;49m▀▀[48;2;205;156;16m▀[48;2;57;57;57m▀▀[48;2;205;156;16m▀[48;2;246;205;49m▀▀[38;2;205;156;16;48;2;205;156;16m▀▀[38;2;123;90;0m▀[38;2;74;57;0;49m▄[0m
[38;2;74;57;0;48;2;74;57;0m▀[38;2;106;106;106;48;2;57;57;57m▀[38;2;246;205;49;48;2;205;156;16m▀[48;2;246;205;49m▀▀▀▀▀▀▀[38;2;205;156;16;48;2;57;57;57m▀[38;2;57;57;57;48;2;106;106;106m▀[38;2;16;16;16;48;2;57;57;57m▀[48;2;16;16;16m▀▀[38;2;246;205;49;48;2;246;205;49m▀▀[38;2;205;156;16;48;2;205;156;16m▀▀▀[38;2;74;57;0;48;2;16;16;16m▀[0m
[38;2;74;57;0;48;2;123;90;0m▀[38;2;255;247;208;48;2;57;57;57m▀[38;2;57;57;57m▀[38;2;246;205;49;48;2;205;156;16m▀[48;2;246;205;49m▀▀▀▀▀[38;2;205;156;16;48;2;57;57;57m▀[38;2;255;247;208m▀[38;2;106;106;106m▀[38;2;57;57;57m▀[48;2;205;156;16m▀[38;2;16;16;16;48;2;246;205;49m▀[38;2;246;205;49;48;2;205;156;16m▀[38;2;205;156;16m▀[48;2;156;123;0m▀▀[38;2;156;123;0;48;2;16;16;16m▀[38;2;16;16;16;49m▀[0m
[0m [38;2;123;90;0m▀[38;2;205;156;16;48;2;123;90;0m▀[38;2;246;205;49;48;2;156;123;0m▀[48;2;246;205;49m▀▀▀▀▀[48;2;156;123;0m▀▀▀▀[38;2;205;156;16m▀[38;2;156;123;0;48;2;205;156;16m▀▀[48;2;16;16;16m▀[38;2;205;156;16m▀[38;2;16;16;16;48;2;74;57;0m▀[0m
[0m [38;2;123;90;0m▄[38;2;156;123;0;48;2;246;205;49m▀[38;2;123;90;0;48;2;156;123;0m▀[38;2;156;123;0;48;2;123;90;0m▀[48;2;205;156;16m▀▀[48;2;156;123;0m▀▀[48;2;205;156;16m▀▀[38;2;205;156;16;48;2;74;57;0m▀▀[48;2;123;90;0m▀[38;2;74;57;0;48;2;246;205;49m▀▀[38;2;246;205;49m▀[38;2;205;156;16m▀[48;2;205;156;16m▀[38;2;74;57;0m▀[49m▄[0m
[38;2;123;90;0;48;2;74;57;0m▀[38;2;255;247;208;48;2;156;123;0m▀[38;2;246;205;49;48;2;205;156;16m▀[38;2;205;156;16m▀[38;2;123;90;0m▀[38;2;246;205;49;48;2;123;90;0m▀[48;2;246;205;49m▀[38;2;205;156;16;48;2;205;156;16m▀[38;2;156;123;0;48;2;16;16;16m▀[38;2;74;57;0;48;2;74;57;0m▀[48;2;123;90;0m▀[38;2;205;156;16;48;2;205;156;16m▀[38;2;246;205;49m▀▀▀[48;2;156;123;0m▀▀[38;2;205;156;16m▀[48;2;74;57;0m▀[38;2;156;123;0;48;2;16;16;16m▀[38;2;16;16;16;49m▀[0m
[0m [38;2;74;57;0;48;2;123;90;0m▀[48;2;246;205;49m▀[38;2;123;90;0m▀[38;2;205;156;16;48;2;123;90;0m▀[38;2;74;57;0;48;2;246;205;49m▀[38;2;205;156;16;48;2;74;57;0m▀[38;2;74;57;0;48;2;205;156;16m▀▀[38;2;205;156;16;48;2;74;57;0m▀[48;2;205;156;16m▀[38;2;123;90;0;48;2;246;205;49m▀▀[38;2;74;57;0m▀[38;2;16;16;16m▀▀[38;2;74;57;0m▀[38;2;123;90;0;48;2;205;156;16m▀[38;2;205;156;16;48;2;16;16;16m▀[38;2;16;16;16m▀[0m
[0m [38;2;74;57;0;48;2;74;57;0m▀[38;2;255;247;208;48;2;246;205;49m▀[38;2;205;156;16;48;2;156;123;0m▀[38;2;156;123;0;48;2;246;205;49m▀[38;2;246;205;49m▀[38;2;205;156;16;48;2;255;247;208m▀[48;2;205;156;16m▀▀[38;2;123;90;0m▀[38;2;205;156;16;48;2;74;57;0m▀[38;2;246;205;49m▀[48;2;205;156;16m▀[48;2;246;205;49m▀[48;2;205;156;16m▀[48;2;123;90;0m▀[38;2;205;156;16;48;2;74;57;0m▀[38;2;16;16;16;48;2;205;156;16m▀[38;2;205;156;16m▀[38;2;16;16;16;48;2;16;16;16m▀[0m
[0m [38;2;74;57;0;48;2;74;57;0m▀[48;2;246;205;49m▀[38;2;156;123;0;48;2;156;123;0m▀[38;2;246;205;49;48;2;246;205;49m▀[38;2;255;247;208;48;2;255;247;208m▀▀[38;2;205;156;16;48;2;205;156;16m▀▀▀[38;2;74;57;0;48;2;74;57;0m▀[38;2;205;156;16;48;2;205;156;16m▀[38;2;123;90;0;48;2;246;205;49m▀[38;2;74;57;0m▀[48;2;156;123;0m▀[38;2;205;156;16;48;2;205;156;16m▀▀▀▀[38;2;16;16;16;48;2;16;16;16m▀[0m
[0m [38;2;123;90;0m▀[38;2;246;205;49;48;2;123;90;0m▀[38;2;156;123;0;48;2;246;205;49m▀[38;2;246;205;49;48;2;156;123;0m▀[38;2;255;247;208;48;2;246;205;49m▀[48;2;255;247;208m▀[38;2;205;156;16;48;2;205;156;16m▀▀[48;2;123;90;0m▀[38;2;74;57;0;48;2;205;156;16m▀[38;2;246;205;49;48;2;246;205;49m▀▀[48;2;156;123;0m▀[38;2;156;123;0;48;2;205;156;16m▀[38;2;205;156;16m▀▀▀[38;2;16;16;16;48;2;16;16;16m▀[0m
[0m  [38;2;74;57;0;48;2;74;57;0m▀[38;2;246;205;49;48;2;246;205;49m▀[38;2;123;90;0;48;2;74;57;0m▀[38;2;246;205;49;48;2;123;90;0m▀[48;2;246;205;49m▀[38;2;205;156;16;48;2;205;156;16m▀[48;2;123;90;0m▀[38;2;74;57;0;48;2;205;156;16m▀[38;2;205;156;16;48;2;74;57;0m▀[38;2;246;205;49;48;2;246;205;49m▀[48;2;156;123;0m▀[38;2;156;123;0;48;2;205;156;16m▀[38;2;205;156;16m▀▀▀[48;2;16;16;16m▀[38;2;16;16;16;49m▀[0m
[0m   [38;2;74;57;0;48;2;74;57;0m▀[48;2;123;90;0m▀[38;2;246;205;49;48;2;246;205;49m▀[38;2;123;90;0m▀[38;2;205;156;16;48;2;123;90;0m▀[38;2;74;57;0;48;2;205;156;16m▀[38;2;205;156;16;48;2;246;205;49m▀[48;2;205;156;16m▀[38;2;74;57;0m▀[38;2;156;123;0;48;2;74;57;0m▀[38;2;205;156;16;48;2;205;156;16m▀▀▀▀[38;2;16;16;16;48;2;16;16;16m▀[0m
[0m   [38;2;74;57;0m▀[38;2;123;90;0;48;2;74;57;0m▀[38;2;205;156;16;48;2;156;123;0m▀[38;2;156;123;0m▀[48;2;246;205;49m▀▀[38;2;205;156;16;48;2;156;123;0m▀[48;2;123;90;0m▀[48;2;205;156;16m▀▀[38;2;74;57;0;48;2;74;57;0m▀[38;2;205;156;16;48;2;205;156;16m▀▀[38;2;16;16;16;48;2;16;16;16m▀[0m
[0m    [38;2;74;57;0m▀[38;2;123;90;0;48;2;74;57;0m▀[38;2;255;247;208;48;2;246;205;49m▀[38;2;246;205;49;48;2;156;123;0m▀▀[38;2;205;156;16;48;2;205;156;16m▀▀[38;2;123;90;0m▀[38;2;205;156;16;48;2;123;90;0m▀[48;2;205;156;16m▀[38;2;74;57;0;48;2;16;16;16m▀[38;2;16;16;16m▀[0m
[0m     [38;2;74;57;0m▀[38;2;156;123;0;48;2;74;57;0m▀[38;2;246;205;49;48;2;246;205;49m▀▀[38;2;123;90;0;48;2;205;156;16m▀[38;2;205;156;16;48;2;123;90;0m▀[48;2;205;156;16m▀▀[38;2;74;57;0;48;2;16;16;16m▀[38;2;16;16;16;49m▀[0m
[0m       [38;2;74;57;0m▀[38;2;205;156;16;48;2;74;57;0m▀[48;2;205;156;16m▀▀[38;2;74;57;0;48;2;16;16;16m▀[38;2;16;16;16;49m▀[0m
[0m         [38;2;74;57;0m▀[38;2;16;16;16m▀[0m
