[0m                                                              [38;2;131;82;49m▄[48;2;255;230;139m▀▀[49m▄[0m
[0m                                                           [38;2;131;82;49m▄▄[48;2;255;230;139m▀[38;2;255;230;139m▀▀▀[38;2;131;82;49;48;2;131;82;49m▀[0m
[0m                                                         [38;2;131;82;49m▄[48;2;172;123;90m▀[38;2;172;123;90;48;2;255;230;139m▀[38;2;255;230;139m▀▀▀▀[48;2;131;82;49m▀[38;2;131;82;49;49m▀[0m
[0m                                                       [38;2;131;82;49m▄[48;2;172;123;90m▀[38;2;172;123;90;48;2;230;189;90m▀[38;2;255;230;139;48;2;255;230;139m▀▀▀▀▀[48;2;131;82;49m▀[38;2;131;82;49;49m▀[0m
[0m  [38;2;172;123;90m▄[48;2;230;189;90m▀▀[38;2;131;82;49;49m▄[0m                                                [38;2;131;82;49;48;2;131;82;49m▀[38;2;172;123;90;48;2;172;123;90m▀[48;2;255;230;139m▀[38;2;255;230;139m▀▀▀▀▀[38;2;131;82;49;48;2;16;16;16m▀[0m
[0m  [38;2;172;123;90m▀[38;2;230;189;90;48;2;172;123;90m▀[48;2;230;189;90m▀▀[38;2;131;82;49m▀[49m▄[0m                                            [38;2;131;82;49m▄[48;2;172;123;90m▀[38;2;172;123;90m▀[48;2;255;230;139m▀[38;2;255;230;139m▀▀▀▀▀[38;2;131;82;49;48;2;16;16;16m▀[0m
[0m   [38;2;172;123;90m▀[38;2;230;189;90;48;2;131;82;49m▀[48;2;230;189;90m▀▀▀[38;2;131;82;49;48;2;172;123;90m▀[49m▄[0m                                        [38;2;131;82;49m▄[48;2;172;123;90m▀[38;2;172;123;90m▀▀[48;2;131;82;49m▀[38;2;255;230;139m▀[48;2;255;230;139m▀▀▀▀[38;2;16;16;16;48;2;16;16;16m▀[0m [38;2;172;123;90m▄[48;2;255;230;139m▀▀▀[49m▄[0m
[0m [38;2;131;82;49m▄▄[0m  [38;2;172;123;90;48;2;131;82;49m▀[38;2;230;189;90;48;2;230;189;90m▀▀▀[38;2;172;123;90m▀[38;2;131;82;49;48;2;172;123;90m▀[49m▄[0m                                     [38;2;131;82;49;48;2;131;82;49m▀[38;2;172;123;90;48;2;172;123;90m▀▀[48;2;131;82;49m▀[38;2;131;82;49;48;2;255;230;139m▀[38;2;255;230;139m▀▀[38;2;131;82;49;48;2;131;82;49m▀[38;2;255;230;139;48;2;255;230;139m▀▀[38;2;16;16;16;48;2;131;82;49m▀[38;2;131;82;49;49m▄[38;2;172;123;90;48;2;255;230;139m▀[38;2;255;230;139m▀▀▀▀[38;2;172;123;90;48;2;131;82;49m▀[0m
[38;2;172;123;90;48;2;172;123;90m▀[38;2;230;189;90;48;2;230;189;90m▀▀[38;2;131;82;49m▀[38;2;65;41;32m▀[38;2;131;82;49;49m▄[48;2;65;41;32m▀[38;2;230;189;90;48;2;172;123;90m▀[48;2;230;189;90m▀▀▀[38;2;172;123;90;48;2;172;123;90m▀[38;2;131;82;49m▀[49m▄[0m                                  [38;2;131;82;49;48;2;131;82;49m▀[38;2;172;123;90;48;2;172;123;90m▀▀[48;2;131;82;49m▀[38;2;131;82;49;48;2;255;230;139m▀[38;2;255;230;139m▀▀▀[38;2;131;82;49;48;2;131;82;49m▀[38;2;255;230;139;48;2;255;230;139m▀[38;2;172;123;90;48;2;131;82;49m▀[38;2;131;82;49;48;2;255;230;139m▀[38;2;255;230;139m▀▀▀▀[48;2;230;189;90m▀[38;2;131;82;49;48;2;131;82;49m▀[0m
[0m [38;2;172;123;90m▀[38;2;230;189;90;48;2;172;123;90m▀[48;2;230;189;90m▀▀▀▀▀[38;2;172;123;90m▀[38;2;230;189;90m▀▀▀[38;2;172;123;90m▀[48;2;172;123;90m▀[38;2;131;82;49m▀[49m▄[0m                               [38;2;131;82;49;48;2;131;82;49m▀[38;2;172;123;90;48;2;172;123;90m▀▀[38;2;131;82;49;48;2;131;82;49m▀[38;2;230;189;90;48;2;230;189;90m▀[38;2;255;230;139;48;2;255;230;139m▀▀▀[38;2;230;189;90;48;2;65;41;32m▀[38;2;172;123;90;48;2;255;230;139m▀[38;2;255;230;139m▀▀▀▀▀▀[48;2;16;16;16m▀[38;2;16;16;16;49m▀[0m
[0m   [38;2;131;82;49m▀[38;2;230;189;90;48;2;131;82;49m▀[48;2;230;189;90m▀▀▀▀▀▀▀[48;2;131;82;49m▀▀[38;2;172;123;90;48;2;172;123;90m▀▀[38;2;131;82;49m▀▀[49m▄[0m                           [38;2;131;82;49;48;2;131;82;49m▀[38;2;172;123;90;48;2;172;123;90m▀▀[38;2;131;82;49;48;2;131;82;49m▀[38;2;230;189;90;48;2;255;230;139m▀[38;2;255;230;139m▀▀▀[48;2;131;82;49m▀[38;2;131;82;49;48;2;255;230;139m▀▀[38;2;255;230;139;48;2;131;82;49m▀[48;2;255;230;139m▀▀▀[48;2;16;16;16m▀[38;2;16;16;16;48;2;172;123;90m▀[38;2;131;82;49m▀[48;2;255;230;139m▀▀[38;2;172;123;90m▀[49m▄[0m
[0m [38;2;131;82;49m▄▄▄▄[48;2;131;82;49m▀[38;2;230;189;90m▀[48;2;172;123;90m▀[48;2;230;189;90m▀▀▀[38;2;131;82;49;48;2;131;82;49m▀[38;2;230;189;90;48;2;230;189;90m▀▀[38;2;172;123;90m▀[38;2;131;82;49;48;2;172;123;90m▀[38;2;172;123;90;48;2;131;82;49m▀[48;2;172;123;90m▀▀[38;2;131;82;49m▀[49m▄[0m                        [38;2;131;82;49;48;2;131;82;49m▀[38;2;172;123;90;48;2;172;123;90m▀▀[38;2;131;82;49;48;2;131;82;49m▀[38;2;230;189;90;48;2;255;230;139m▀[38;2;255;230;139m▀▀[48;2;230;189;90m▀[38;2;65;41;32;48;2;131;82;49m▀[38;2;255;230;139;48;2;255;230;139m▀▀▀[38;2;131;82;49;48;2;131;82;49m▀[38;2;255;230;139;48;2;255;230;139m▀[48;2;172;123;90m▀[38;2;172;123;90;48;2;255;230;139m▀▀[38;2;255;230;139m▀▀▀▀▀[38;2;172;123;90;48;2;131;82;49m▀[0m
[38;2;131;82;49;48;2;131;82;49m▀[38;2;230;189;90;48;2;230;189;90m▀▀▀▀▀▀▀▀▀▀▀[38;2;131;82;49m▀[38;2;230;189;90;48;2;131;82;49m▀[48;2;230;189;90m▀▀▀[38;2;131;82;49m▀[38;2;172;123;90;48;2;131;82;49m▀[48;2;172;123;90m▀▀[38;2;131;82;49m▀[38;2;65;41;32;49m▄[0m                     [38;2;131;82;49;48;2;131;82;49m▀[38;2;172;123;90;48;2;172;123;90m▀▀[38;2;131;82;49;48;2;65;41;32m▀[38;2;255;230;139;48;2;255;230;139m▀▀▀[48;2;131;82;49m▀[38;2;131;82;49;48;2;255;230;139m▀[38;2;255;230;139m▀▀▀[48;2;131;82;49m▀[38;2;131;82;49;48;2;255;230;139m▀[38;2;255;230;139m▀▀▀▀▀▀▀[48;2;131;82;49m▀[38;2;131;82;49;49m▀[0m
[0m [38;2;131;82;49m▀[38;2;16;16;16m▀▀[38;2;230;189;90;48;2;131;82;49m▀[48;2;16;16;16m▀▀[48;2;172;123;90m▀▀[48;2;230;189;90m▀▀[48;2;131;82;49m▀▀▀[38;2;131;82;49;48;2;230;189;90m▀[38;2;230;189;90;48;2;131;82;49m▀[48;2;230;189;90m▀▀▀[38;2;131;82;49m▀[38;2;172;123;90;48;2;172;123;90m▀▀▀[38;2;65;41;32m▀[49m▄[0m  [38;2;197;49;41m▄▄[48;2;238;98;65m▀▀[49m▀[0m           [38;2;131;82;49m▄[48;2;172;123;90m▀[38;2;172;123;90m▀[38;2;65;41;32;48;2;65;41;32m▀[38;2;255;230;139;48;2;255;230;139m▀▀▀▀[38;2;172;123;90m▀[38;2;255;230;139m▀▀[48;2;131;82;49m▀[38;2;131;82;49m▀[38;2;255;230;139;48;2;255;230;139m▀▀▀▀▀▀▀[48;2;16;16;16m▀[38;2;16;16;16;49m▀[0m
[0m   [38;2;131;82;49m▄▄[48;2;230;189;90m▀[38;2;172;123;90m▀[38;2;230;189;90m▀▀▀[38;2;131;82;49;48;2;131;82;49m▀[38;2;230;189;90;48;2;230;189;90m▀▀▀[38;2;131;82;49m▀▀[38;2;65;41;32;48;2;65;41;32m▀[38;2;230;189;90m▀[48;2;230;189;90m▀▀▀▀[38;2;172;123;90m▀[48;2;172;123;90m▀▀[38;2;65;41;32;48;2;197;49;41m▀[38;2;197;49;41;48;2;238;98;65m▀[38;2;238;98;65m▀▀[48;2;197;49;41m▀[38;2;197;49;41;48;2;123;49;32m▀[38;2;123;49;32;49m▄▄▄▄▄[0m       [38;2;131;82;49;48;2;131;82;49m▀[38;2;172;123;90;48;2;172;123;90m▀[38;2;65;41;32;48;2;65;41;32m▀[38;2;230;189;90;48;2;230;189;90m▀[38;2;255;230;139;48;2;255;230;139m▀▀▀▀▀[48;2;172;123;90m▀[38;2;131;82;49;48;2;255;230;139m▀[38;2;255;230;139m▀▀[38;2;131;82;49;48;2;131;82;49m▀[38;2;255;230;139;48;2;255;230;139m▀▀▀[48;2;131;82;49m▀[38;2;172;123;90m▀[38;2;16;16;16;49m▀[0m
[0m  [38;2;131;82;49;48;2;131;82;49m▀[38;2;230;189;90;48;2;230;189;90m▀▀▀▀▀▀[48;2;172;123;90m▀[48;2;230;189;90m▀[38;2;131;82;49m▀[38;2;230;189;90;48;2;131;82;49m▀[48;2;230;189;90m▀▀▀▀▀▀▀▀▀▀[48;2;197;49;41m▀[38;2;197;49;41;48;2;238;98;65m▀[38;2;238;98;65m▀[48;2;123;49;32m▀[38;2;123;49;32;48;2;238;98;65m▀▀[38;2;197;49;41m▀[38;2;238;98;65;48;2;197;49;41m▀▀[38;2;197;49;41;48;2;238;98;65m▀▀▀▀[38;2;123;49;32m▀▀[49m▄[0m   [38;2;131;82;49;48;2;65;41;32m▀[38;2;172;123;90;48;2;172;123;90m▀[48;2;65;41;32m▀[38;2;65;41;32;48;2;230;189;90m▀[38;2;230;189;90;48;2;255;230;139m▀[38;2;255;230;139m▀▀▀[48;2;230;189;90m▀[38;2;230;189;90;48;2;255;230;139m▀[38;2;255;230;139m▀▀▀[48;2;131;82;49m▀[38;2;131;82;49;48;2;255;230;139m▀[38;2;255;230;139m▀[38;2;131;82;49m▀▀[38;2;16;16;16m▀▀▀[38;2;131;82;49m▀▀[49m▄[0m
[0m   [38;2;131;82;49m▀▀▀[38;2;16;16;16m▀[48;2;16;16;16m▀[48;2;230;189;90m▀[38;2;230;189;90m▀▀▀▀[38;2;131;82;49m▀▀[38;2;230;189;90;48;2;131;82;49m▀[48;2;230;189;90m▀▀▀▀▀[48;2;197;49;41m▀[38;2;197;49;41;48;2;255;172;115m▀[38;2;255;172;115m▀[48;2;238;98;65m▀[38;2;197;49;41;48;2;255;172;115m▀[38;2;255;172;115m▀[48;2;197;49;41m▀[38;2;197;49;41;48;2;255;172;115m▀▀[38;2;238;98;65m▀[48;2;238;98;65m▀▀[48;2;16;16;16m▀▀[38;2;16;16;16;49m▀▀[38;2;123;49;32m▀[38;2;238;98;65;48;2;16;16;16m▀[38;2;123;49;32;48;2;197;49;41m▀[0m [38;2;65;41;32m▄[48;2;172;123;90m▀[38;2;172;123;90m▀[38;2;65;41;32;48;2;65;41;32m▀[38;2;230;189;90;48;2;230;189;90m▀[38;2;255;230;139;48;2;255;230;139m▀▀▀▀▀▀[48;2;131;82;49m▀[48;2;65;41;32m▀[38;2;131;82;49;48;2;230;189;90m▀[38;2;255;230;139;48;2;255;230;139m▀▀▀▀▀▀▀▀▀▀▀[38;2;131;82;49;48;2;131;82;49m▀[0m
[0m     [38;2;131;82;49m▄[48;2;230;189;90m▀[38;2;230;189;90m▀▀▀▀▀▀[48;2;131;82;49m▀▀[38;2;131;82;49;48;2;230;189;90m▀▀▀[38;2;230;189;90;48;2;172;123;90m▀▀[48;2;197;49;41m▀[38;2;197;49;41;48;2;238;98;65m▀[38;2;255;172;115;48;2;197;49;41m▀[38;2;238;98;65m▀[38;2;255;172;115;48;2;255;172;115m▀[48;2;197;49;41m▀[38;2;238;98;65;48;2;255;172;115m▀[38;2;255;172;115m▀[48;2;238;98;65m▀[38;2;238;98;65;48;2;197;49;41m▀[48;2;16;16;16m▀[38;2;16;16;16;48;2;172;123;90m▀▀[38;2;131;82;49;49m▄▄[0m    [38;2;123;49;32m▀[38;2;16;16;16m▄[38;2;65;41;32;48;2;65;41;32m▀[38;2;172;123;90;48;2;172;123;90m▀[48;2;65;41;32m▀[38;2;65;41;32;48;2;230;189;90m▀[38;2;255;230;139;48;2;255;230;139m▀▀▀[48;2;230;189;90m▀[48;2;172;123;90m▀[38;2;172;123;90;48;2;255;230;139m▀[38;2;131;82;49m▀[38;2;255;230;139m▀▀[38;2;131;82;49;48;2;131;82;49m▀[48;2;255;230;139m▀[38;2;230;189;90m▀▀[38;2;255;230;139m▀▀▀▀▀[48;2;16;16;16m▀▀[38;2;16;16;16;49m▀[0m
[0m     [38;2;131;82;49m▀[38;2;230;189;90;48;2;16;16;16m▀▀▀[48;2;131;82;49m▀[38;2;16;16;16;49m▀[48;2;131;82;49m▀[38;2;131;82;49m▀[38;2;230;189;90;48;2;230;189;90m▀▀▀▀▀▀[48;2;131;82;49m▀[38;2;197;49;41;48;2;197;49;41m▀[38;2;238;98;65;48;2;123;49;32m▀[38;2;197;49;41;48;2;197;49;41m▀[38;2;238;98;65;48;2;238;98;65m▀[38;2;197;49;41;48;2;197;49;41m▀[48;2;238;98;65m▀[38;2;238;98;65;48;2;197;49;41m▀[48;2;123;49;32m▀[38;2;123;49;32;48;2;213;213;222m▀[38;2;16;16;16;48;2;16;16;16m▀[38;2;172;123;90m▀[48;2;131;82;49m▀[48;2;172;123;90m▀▀▀[38;2;131;82;49m▀[38;2;16;16;16;49m▄[0m   [38;2;65;41;32;48;2;65;41;32m▀[38;2;172;123;90;48;2;172;123;90m▀▀[38;2;65;41;32;48;2;65;41;32m▀[38;2;230;189;90;48;2;230;189;90m▀[38;2;255;230;139;48;2;255;230;139m▀▀▀▀▀▀[48;2;172;123;90m▀[48;2;131;82;49m▀[38;2;230;189;90m▀[38;2;131;82;49;48;2;230;189;90m▀[38;2;255;230;139;48;2;255;230;139m▀▀▀[38;2;131;82;49m▀▀[38;2;16;16;16;48;2;131;82;49m▀▀[38;2;131;82;49;49m▀[0m
[0m          [38;2;131;82;49m▄[48;2;230;189;90m▀[38;2;230;189;90m▀[38;2;131;82;49m▀▀▀▀[48;2;172;123;90m▀▀[38;2;172;123;90;48;2;230;189;90m▀[38;2;230;189;90m▀[38;2;123;49;32;48;2;197;49;41m▀[38;2;197;49;41;48;2;246;156;238m▀[38;2;238;98;65m▀[38;2;197;49;41;48;2;197;49;41m▀[48;2;213;213;222m▀[38;2;16;16;16;48;2;16;16;16m▀[38;2;255;255;255;48;2;255;255;255m▀[48;2;65;41;32m▀[38;2;16;16;16;48;2;16;16;16m▀▀▀[38;2;131;82;49m▀[38;2;172;123;90;48;2;131;82;49m▀[48;2;172;123;90m▀▀▀[38;2;131;82;49m▀[38;2;16;16;16;49m▄[38;2;65;41;32;48;2;172;123;90m▀[38;2;172;123;90m▀▀[38;2;65;41;32;48;2;65;41;32m▀[38;2;230;189;90;48;2;230;189;90m▀▀[38;2;255;230;139m▀[48;2;255;230;139m▀▀▀[38;2;172;123;90m▀[38;2;131;82;49m▀[38;2;255;230;139m▀[38;2;131;82;49m▀[38;2;230;189;90;48;2;131;82;49m▀[48;2;255;230;139m▀▀▀[38;2;255;230;139m▀▀▀▀▀[38;2;131;82;49m▀[49m▄[0m
[0m         [38;2;131;82;49m▄[48;2;230;189;90m▀[38;2;230;189;90m▀▀▀▀▀[38;2;172;123;90;48;2;131;82;49m▀[38;2;230;189;90;48;2;230;189;90m▀▀▀[38;2;197;49;41;48;2;123;49;32m▀[38;2;246;156;238;48;2;222;115;205m▀[48;2;123;49;32m▀▀[38;2;222;115;205;48;2;222;115;205m▀[38;2;131;82;49m▀[38;2;230;189;90;48;2;131;82;49m▀[48;2;255;230;139m▀[38;2;255;230;139m▀▀[38;2;16;16;16m▀[48;2;16;16;16m▀▀▀[38;2;172;123;90;48;2;172;123;90m▀▀▀▀[38;2;16;16;16m▀[38;2;172;123;90m▀▀[48;2;65;41;32m▀[38;2;65;41;32;48;2;230;189;90m▀[38;2;230;189;90m▀▀▀[48;2;255;230;139m▀▀[48;2;172;123;90m▀[38;2;255;230;139m▀[48;2;131;82;49m▀▀[48;2;65;41;32m▀[38;2;131;82;49;48;2;230;189;90m▀[38;2;255;230;139;48;2;255;230;139m▀▀[48;2;131;82;49m▀[48;2;65;41;32m▀[48;2;255;230;139m▀▀▀▀▀▀[38;2;131;82;49;48;2;131;82;49m▀[0m
[0m         [38;2;16;16;16m▀[38;2;230;189;90;48;2;16;16;16m▀▀[48;2;131;82;49m▀▀[38;2;16;16;16;49m▀[48;2;16;16;16m▀[38;2;131;82;49;48;2;230;189;90m▀[38;2;230;189;90;48;2;131;82;49m▀▀[38;2;131;82;49;48;2;230;189;90m▀▀[38;2;16;16;16;48;2;131;82;49m▀[38;2;230;189;90;48;2;230;189;90m▀[38;2;16;16;16;48;2;16;16;16m▀▀[48;2;131;82;49m▀[38;2;131;82;49;48;2;222;115;205m▀[38;2;255;230;139;48;2;255;230;139m▀▀▀▀[38;2;16;16;16;48;2;16;16;16m▀[48;2;65;41;32m▀[38;2;131;82;49;48;2;172;123;90m▀[38;2;172;123;90m▀▀▀▀▀▀[38;2;65;41;32;48;2;131;82;49m▀[38;2;230;189;90;48;2;230;189;90m▀▀[48;2;172;123;90m▀[48;2;230;189;90m▀[38;2;172;123;90m▀[38;2;230;189;90;48;2;131;82;49m▀[38;2;255;230;139;48;2;230;189;90m▀[48;2;255;230;139m▀▀[38;2;65;41;32;48;2;131;82;49m▀[38;2;230;189;90;48;2;230;189;90m▀▀[38;2;131;82;49;48;2;255;230;139m▀[38;2;255;230;139;48;2;230;189;90m▀[48;2;255;230;139m▀▀[38;2;131;82;49m▀[38;2;65;41;32;48;2;131;82;49m▀[38;2;230;189;90;48;2;65;41;32m▀[38;2;255;230;139;48;2;16;16;16m▀[48;2;255;230;139m▀▀[48;2;16;16;16m▀[38;2;16;16;16;49m▀[0m
[0m              [38;2;131;82;49m▄[38;2;16;16;16;48;2;230;189;90m▀[38;2;230;189;90m▀▀▀▀[38;2;131;82;49;48;2;131;82;49m▀[38;2;230;189;90;48;2;230;189;90m▀▀[38;2;123;49;32;48;2;16;16;16m▀[38;2;16;16;16;48;2;222;115;205m▀[38;2;222;115;205m▀[48;2;16;16;16m▀[38;2;255;230;139;48;2;255;230;139m▀▀[48;2;230;189;90m▀[38;2;230;189;90;48;2;172;123;90m▀[38;2;16;16;16;48;2;131;82;49m▀[38;2;172;123;90;48;2;172;123;90m▀▀▀▀▀▀▀▀[48;2;230;189;90m▀[38;2;230;189;90m▀[48;2;172;123;90m▀[38;2;131;82;49;48;2;230;189;90m▀[38;2;230;189;90;48;2;131;82;49m▀[48;2;230;189;90m▀[38;2;172;123;90m▀[38;2;131;82;49;48;2;131;82;49m▀[48;2;65;41;32m▀[48;2;230;189;90m▀[38;2;230;189;90m▀[38;2;65;41;32m▀[38;2;172;123;90;48;2;65;41;32m▀[38;2;255;230;139;48;2;172;123;90m▀[48;2;255;230;139m▀▀▀▀[38;2;131;82;49m▀[49m▄[0m [38;2;16;16;16m▀▀[0m
[0m              [38;2;16;16;16;48;2;16;16;16m▀[38;2;230;189;90;48;2;230;189;90m▀▀[48;2;16;16;16m▀▀[38;2;131;82;49m▀[38;2;230;189;90;48;2;230;189;90m▀[38;2;131;82;49m▀[38;2;65;41;32m▀▀[38;2;16;16;16;48;2;131;82;49m▀[48;2;230;189;90m▀[38;2;230;189;90m▀[38;2;16;16;16;48;2;131;82;49m▀[38;2;131;82;49;48;2;65;41;32m▀[38;2;172;123;90;48;2;172;123;90m▀▀▀▀▀▀▀▀▀▀[38;2;230;189;90;48;2;255;230;139m▀[38;2;255;230;139m▀[38;2;230;189;90m▀[38;2;131;82;49;48;2;230;189;90m▀[38;2;230;189;90m▀[38;2;131;82;49m▀[38;2;65;41;32;48;2;65;41;32m▀[38;2;131;82;49;48;2;230;189;90m▀[38;2;230;189;90m▀[38;2;65;41;32m▀[38;2;230;189;90;48;2;65;41;32m▀[38;2;255;230;139;48;2;255;230;139m▀[38;2;230;189;90m▀▀[38;2;65;41;32m▀[38;2;131;82;49;48;2;65;41;32m▀[38;2;255;230;139m▀▀[48;2;131;82;49m▀▀[38;2;131;82;49;49m▀[0m
[0m               [38;2;16;16;16m▀▀[0m  [38;2;16;16;16;48;2;65;41;32m▀[38;2;230;189;90;48;2;230;189;90m▀▀▀[48;2;131;82;49m▀[48;2;230;189;90m▀[38;2;131;82;49m▀▀[38;2;230;189;90m▀[38;2;65;41;32;48;2;65;41;32m▀[38;2;172;123;90;48;2;230;189;90m▀[38;2;230;189;90;48;2;255;230;139m▀[38;2;255;230;139m▀▀▀[38;2;230;189;90m▀[38;2;172;123;90m▀[48;2;230;189;90m▀[48;2;172;123;90m▀[38;2;230;189;90;48;2;255;230;139m▀[38;2;255;230;139m▀▀▀[38;2;230;189;90;48;2;230;189;90m▀[48;2;131;82;49m▀[48;2;65;41;32m▀[48;2;230;189;90m▀[38;2;65;41;32;48;2;65;41;32m▀[38;2;230;189;90;48;2;230;189;90m▀▀▀[38;2;131;82;49;48;2;65;41;32m▀[38;2;255;230;139;48;2;255;230;139m▀▀[48;2;131;82;49m▀[38;2;65;41;32;49m▀[0m
[0m                   [38;2;65;41;32m▀[38;2;230;189;90;48;2;65;41;32m▀[48;2;16;16;16m▀[38;2;131;82;49;49m▀[38;2;65;41;32m▀[38;2;230;189;90;48;2;65;41;32m▀[48;2;230;189;90m▀▀[48;2;65;41;32m▀[38;2;65;41;32;48;2;255;230;139m▀[38;2;255;230;139m▀▀▀▀▀▀▀▀▀▀▀▀[48;2;230;189;90m▀[38;2;172;123;90;48;2;172;123;90m▀▀[38;2;131;82;49;48;2;16;16;16m▀[38;2;65;41;32;49m▀▀[38;2;131;82;49;48;2;16;16;16m▀[38;2;230;189;90;48;2;65;41;32m▀[38;2;131;82;49;49m▀▀[38;2;65;41;32m▀[38;2;131;82;49m▀[0m
[0m                        [38;2;65;41;32m▀[38;2;230;189;90;48;2;65;41;32m▀▀[38;2;65;41;32;48;2;255;230;139m▀[38;2;255;230;139m▀▀▀▀▀▀▀▀▀▀▀▀▀[38;2;172;123;90;48;2;172;123;90m▀▀▀[38;2;16;16;16;48;2;131;82;49m▀[49m▄[0m
[0m                         [38;2;65;41;32m▄[48;2;255;230;139m▀[38;2;255;230;139m▀▀▀▀▀▀▀▀▀▀▀▀▀▀[38;2;172;123;90;48;2;172;123;90m▀[48;2;131;82;49m▀[38;2;131;82;49m▀▀[38;2;16;16;16;48;2;16;16;16m▀[0m
[0m                         [38;2;65;41;32;48;2;131;82;49m▀[38;2;255;230;139;48;2;230;189;90m▀[48;2;255;230;139m▀▀▀▀▀▀▀▀▀▀[48;2;123;123;131m▀▀[48;2;255;230;139m▀▀[38;2;131;82;49;48;2;230;189;90m▀[48;2;131;82;49m▀▀▀[38;2;16;16;16;48;2;16;16;16m▀[0m
[0m                       [38;2;172;123;90m▄[48;2;255;230;139m▀[38;2;255;230;139m▀[38;2;131;82;49;48;2;172;123;90m▀[38;2;255;230;139;48;2;255;230;139m▀▀▀▀[48;2;16;16;16m▀[38;2;16;16;16;48;2;213;213;222m▀[38;2;123;123;131;48;2;255;255;255m▀[48;2;222;115;205m▀[38;2;255;230;139;48;2;123;49;32m▀[38;2;123;123;131;48;2;123;123;131m▀[38;2;255;255;255;48;2;255;255;255m▀▀[38;2;16;16;16;48;2;16;16;16m▀[38;2;255;230;139;48;2;255;230;139m▀▀[38;2;131;82;49;48;2;131;82;49m▀▀[48;2;16;16;16m▀[38;2;16;16;16;49m▀[0m
[0m          [38;2;123;123;131m▄[48;2;213;213;222m▀[38;2;222;115;205;48;2;222;115;205m▀[38;2;123;49;32m▀[48;2;123;123;131m▀[48;2;222;115;205m▀[49m▄▄▄[0m   [38;2;123;49;32m▄[38;2;131;82;49;48;2;131;82;49m▀[38;2;255;230;139;48;2;255;230;139m▀▀▀[38;2;172;123;90;48;2;230;189;90m▀[38;2;255;230;139;48;2;255;230;139m▀▀▀[38;2;123;123;131;48;2;16;16;16m▀[38;2;255;255;255;48;2;213;213;222m▀[38;2;213;213;222;48;2;16;16;16m▀[38;2;222;115;205m▀[38;2;246;156;238;48;2;222;115;205m▀[38;2;123;49;32m▀[38;2;255;255;255;48;2;123;49;32m▀[38;2;246;156;238;48;2;246;156;238m▀[38;2;131;82;49m▀[38;2;16;16;16;48;2;16;16;16m▀[38;2;255;230;139;48;2;255;230;139m▀[38;2;131;82;49;48;2;131;82;49m▀▀[38;2;16;16;16;48;2;16;16;16m▀[0m
[0m         [38;2;123;123;131;48;2;16;16;16m▀[38;2;255;255;255;48;2;255;255;255m▀[48;2;16;16;16m▀▀[38;2;123;49;32;48;2;255;255;255m▀[38;2;255;255;255m▀[38;2;123;123;131m▀[38;2;222;115;205;48;2;123;123;131m▀[48;2;222;115;205m▀▀[38;2;123;49;32m▀▀▀[38;2;222;115;205m▀▀[38;2;131;82;49m▀[38;2;255;230;139;48;2;230;189;90m▀▀▀[38;2;131;82;49m▀[38;2;255;230;139;48;2;131;82;49m▀[48;2;230;189;90m▀▀[38;2;16;16;16;48;2;255;230;139m▀[38;2;230;189;90;48;2;230;189;90m▀[38;2;255;230;139m▀[38;2;16;16;16;48;2;16;16;16m▀[38;2;222;115;205m▀[48;2;222;115;205m▀▀▀[38;2;16;16;16;48;2;16;16;16m▀[38;2;255;230;139;48;2;131;82;49m▀[38;2;131;82;49m▀[38;2;16;16;16;48;2;16;16;16m▀[38;2;197;49;41;48;2;197;49;41m▀[38;2;123;49;32m▀[49m▄[0m
[0m          [38;2;16;16;16m▀[0m [38;2;16;16;16;48;2;16;16;16m▀[38;2;255;255;255m▀[38;2;16;16;16;49m▀▀▀[38;2;123;49;32m▀[38;2;222;115;205;48;2;123;49;32m▀[48;2;222;115;205m▀▀[48;2;16;16;16m▀[38;2;16;16;16;49m▀▀▀▀[38;2;230;189;90;48;2;16;16;16m▀▀▀[38;2;16;16;16;49m▀[38;2;131;82;49m▀[38;2;65;41;32m▀[38;2;16;16;16m▀[38;2;230;189;90;48;2;16;16;16m▀▀[48;2;123;123;131m▀[38;2;16;16;16;48;2;246;156;238m▀[38;2;246;156;238m▀[38;2;222;115;205;48;2;222;115;205m▀[38;2;16;16;16;48;2;16;16;16m▀[38;2;230;189;90;48;2;230;189;90m▀[38;2;131;82;49;48;2;16;16;16m▀[38;2;16;16;16;48;2;230;189;90m▀[38;2;123;49;32m▀[38;2;197;49;41;48;2;123;49;32m▀[48;2;197;49;41m▀[38;2;123;49;32m▀[49m▄[0m
[0m                 [38;2;123;123;131m▄[38;2;123;49;32;48;2;255;255;255m▀[38;2;222;115;205;48;2;222;115;205m▀[48;2;131;82;49m▀[38;2;16;16;16;48;2;16;16;16m▀[0m            [38;2;16;16;16m▀[38;2;255;255;255;48;2;16;16;16m▀[48;2;213;213;222m▀[38;2;213;213;222m▀[38;2;222;115;205;48;2;16;16;16m▀[38;2;16;16;16m▀[48;2;197;49;41m▀[38;2;123;49;32m▀[38;2;230;189;90;48;2;123;49;32m▀[48;2;230;189;90m▀[38;2;123;49;32m▀[38;2;197;49;41;48;2;123;49;32m▀[48;2;197;49;41m▀[38;2;123;49;32m▀[49m▄[0m
[0m                [38;2;16;16;16m▀[38;2;255;255;255;48;2;16;16;16m▀[38;2;213;213;222m▀[38;2;16;16;16;49m▀▀[0m            [38;2;123;49;32m▄[48;2;197;49;41m▀[38;2;197;49;41m▀[38;2;16;16;16m▀[48;2;230;189;90m▀[38;2;123;49;32m▀[38;2;230;189;90m▀[38;2;197;49;41;48;2;197;49;41m▀▀[38;2;123;49;32;48;2;123;49;32m▀[38;2;230;189;90;48;2;230;189;90m▀▀[38;2;123;49;32;48;2;123;49;32m▀[38;2;197;49;41;48;2;197;49;41m▀▀[38;2;123;49;32m▀[49m▄[0m
[0m                                [38;2;123;49;32m▄[48;2;197;49;41m▀[38;2;197;49;41m▀[48;2;65;41;32m▀[38;2;123;49;32;48;2;230;189;90m▀[38;2;230;189;90m▀▀[38;2;197;49;41;48;2;197;49;41m▀▀▀[38;2;123;49;32;48;2;123;49;32m▀[38;2;230;189;90;48;2;230;189;90m▀▀▀[38;2;65;41;32;48;2;65;41;32m▀[38;2;197;49;41;48;2;197;49;41m▀[48;2;238;98;65m▀[38;2;123;49;32;48;2;123;49;32m▀[0m
[0m                              [38;2;197;49;41m▄[38;2;123;49;32;48;2;238;98;65m▀[38;2;238;98;65m▀▀[38;2;197;49;41;48;2;230;189;90m▀[38;2;230;189;90;48;2;255;230;139m▀▀[48;2;230;189;90m▀[38;2;197;49;41;48;2;197;49;41m▀▀[48;2;238;98;65m▀[48;2;197;49;41m▀[38;2;123;49;32m▀[38;2;230;189;90;48;2;255;230;139m▀▀[38;2;255;230;139m▀[38;2;131;82;49;48;2;131;82;49m▀[38;2;238;98;65;48;2;238;98;65m▀▀[38;2;197;49;41m▀[38;2;123;49;32;48;2;123;49;32m▀[0m
[0m                             [38;2;197;49;41;48;2;123;49;32m▀[38;2;238;98;65;48;2;238;98;65m▀[48;2;123;49;32m▀[48;2;65;41;32m▀[38;2;197;49;41;48;2;255;230;139m▀[38;2;255;230;139m▀▀[48;2;230;189;90m▀[38;2;197;49;41;48;2;197;49;41m▀[38;2;238;98;65;48;2;238;98;65m▀▀▀[38;2;197;49;41;48;2;123;49;32m▀[38;2;255;230;139;48;2;255;230;139m▀▀▀▀[38;2;131;82;49;48;2;65;41;32m▀[38;2;238;98;65;48;2;238;98;65m▀[48;2;123;49;32m▀[48;2;238;98;65m▀[38;2;123;49;32;48;2;123;49;32m▀[0m
[0m                              [38;2;123;49;32m▀[0m [38;2;131;82;49m▀[38;2;255;230;139;48;2;131;82;49m▀[38;2;131;82;49;49m▀[38;2;255;230;139;48;2;131;82;49m▀[38;2;123;49;32;48;2;16;16;16m▀[38;2;238;98;65;48;2;238;98;65m▀▀▀▀[38;2;123;49;32;48;2;123;49;32m▀[38;2;230;189;90;48;2;131;82;49m▀[38;2;255;230;139;48;2;255;230;139m▀[38;2;131;82;49;48;2;131;82;49m▀[38;2;255;230;139m▀[38;2;65;41;32;49m▀[38;2;123;49;32m▀[0m [38;2;123;49;32m▀▀[0m
[0m                                     [38;2;123;49;32m▀[38;2;238;98;65;48;2;123;49;32m▀[38;2;123;49;32;49m▀[38;2;238;98;65;48;2;123;49;32m▀[38;2;123;49;32;49m▀[0m [38;2;131;82;49m▀[0m
