[0m                         [38;2;180;115;189m▄[48;2;213;156;213m▀▀▀▀[38;2;139;74;139;49m▄▄[0m
[0m                        [38;2;180;115;189;48;2;180;115;189m▀[38;2;213;156;213;48;2;213;156;213m▀▀▀[38;2;139;74;139m▀▀[38;2;180;115;189;48;2;139;74;139m▀[48;2;180;115;189m▀[38;2;139;74;139m▀[38;2;75;43;66;49m▄[0m
[0m                         [38;2;139;74;139m▀[38;2;213;156;213;48;2;75;43;66m▀[48;2;139;74;139m▀[48;2;180;115;189m▀[38;2;180;115;189m▀▀[38;2;139;74;139;48;2;75;43;66m▀[38;2;180;115;189;48;2;180;115;189m▀[38;2;139;74;139m▀[38;2;75;43;66;48;2;75;43;66m▀[0m
[0m                           [38;2;75;43;66m▀▀▀▀[38;2;139;74;139m▀[38;2;180;115;189;48;2;139;74;139m▀[48;2;180;115;189m▀[38;2;75;43;66m▀[38;2;16;16;16;49m▄[0m
[0m                                [38;2;139;74;139m▀[38;2;180;115;189;48;2;139;74;139m▀[48;2;180;115;189m▀[38;2;16;16;16;48;2;16;16;16m▀[0m
[0m                                 [38;2;139;74;139;48;2;139;74;139m▀[38;2;180;115;189;48;2;180;115;189m▀[38;2;16;16;16;48;2;16;16;16m▀[0m
[0m                                [38;2;75;43;66m▄[38;2;139;74;139;48;2;180;115;189m▀[38;2;180;115;189m▀[38;2;16;16;16;48;2;16;16;16m▀[0m
[0m    [38;2;139;74;139m▄▄▄[0m           [38;2;180;115;189m▄▄▄[0m           [38;2;75;43;66;48;2;75;43;66m▀[38;2;180;115;189;48;2;180;115;189m▀[38;2;16;16;16;48;2;16;16;16m▀[0m
[0m   [38;2;139;74;139;48;2;75;43;66m▀[38;2;213;156;213m▀[48;2;213;156;213m▀[38;2;180;115;189;48;2;180;115;189m▀[38;2;139;74;139m▀[49m▄[0m       [38;2;180;115;189m▄[48;2;213;156;213m▀[38;2;213;156;213m▀[48;2;75;43;66m▀[48;2;180;115;189m▀[38;2;139;74;139m▀[49m▄[0m        [38;2;75;43;66m▄[48;2;139;74;139m▀[38;2;180;115;189;48;2;16;16;16m▀[38;2;16;16;16;49m▀[0m
[0m   [38;2;139;74;139;48;2;139;74;139m▀[38;2;164;115;8;48;2;230;205;115m▀[38;2;75;43;66;48;2;75;43;66m▀[38;2;180;115;189;48;2;180;115;189m▀[48;2;75;43;66m▀[38;2;139;74;139m▀[38;2;75;43;66;48;2;213;156;213m▀▀▀▀▀▀[38;2;180;115;189;48;2;180;115;189m▀[38;2;213;156;213;48;2;213;156;213m▀[48;2;75;43;66m▀[38;2;139;74;139;48;2;164;115;8m▀[38;2;164;115;8m▀[38;2;75;43;66m▀[38;2;180;115;189;48;2;139;74;139m▀[38;2;139;74;139;48;2;180;115;189m▀[38;2;75;43;66;49m▄[0m      [38;2;75;43;66m▄[48;2;139;74;139m▀[38;2;139;74;139;48;2;16;16;16m▀[38;2;16;16;16;49m▀[0m
[0m    [38;2;139;74;139;48;2;139;74;139m▀[38;2;230;205;115;48;2;230;205;115m▀[38;2;75;43;66;48;2;75;43;66m▀[38;2;213;156;213;48;2;213;156;213m▀▀▀▀▀▀[48;2;180;115;189m▀[38;2;180;115;189m▀[38;2;213;156;213m▀[38;2;180;115;189m▀[38;2;139;74;139;48;2;139;74;139m▀[38;2;230;205;115;48;2;230;205;115m▀▀[38;2;164;115;8m▀[38;2;139;74;139;48;2;139;74;139m▀[38;2;180;115;189;48;2;180;115;189m▀[38;2;75;43;66;48;2;16;16;16m▀[38;2;139;74;139;49m▄[48;2;180;115;189m▀▀▀▀[49m▄[38;2;75;43;66;48;2;139;74;139m▀[38;2;139;74;139;48;2;16;16;16m▀[38;2;16;16;16;49m▀[0m
[38;2;164;115;8;48;2;98;74;8m▀[48;2;238;222;180m▀[49m▄[0m  [38;2;75;43;66;48;2;75;43;66m▀[38;2;180;115;189;48;2;180;115;189m▀▀[38;2;213;156;213m▀▀▀[38;2;180;115;189m▀▀[48;2;139;74;139m▀[48;2;75;43;66m▀[48;2;139;74;139m▀[48;2;180;115;189m▀▀[38;2;139;74;139m▀[38;2;230;205;115;48;2;139;74;139m▀▀[38;2;139;74;139;48;2;180;115;189m▀[38;2;180;115;189m▀[38;2;16;16;16;48;2;16;16;16m▀[38;2;180;115;189;48;2;180;115;189m▀▀▀▀▀▀▀[38;2;75;43;66m▀[49m▄[0m
[0m [38;2;98;74;8m▀[38;2;238;222;180;48;2;139;74;139m▀[38;2;139;74;139;48;2;180;115;189m▀▀[38;2;180;115;189m▀▀▀▀▀▀[48;2;75;43;66m▀[38;2;75;43;66;48;2;255;255;255m▀[38;2;164;24;57;48;2;164;24;57m▀[38;2;205;205;205;48;2;255;255;255m▀[38;2;180;115;189m▀[48;2;180;115;189m▀▀[48;2;75;43;66m▀[48;2;16;16;16m▀▀▀[38;2;16;16;16;48;2;180;115;189m▀[38;2;180;115;189m▀▀▀▀▀▀▀▀▀[38;2;75;43;66;48;2;139;74;139m▀[49m▄[0m
[0m  [38;2;139;74;139;48;2;139;74;139m▀[38;2;213;156;213;48;2;180;115;189m▀▀[38;2;180;115;189;48;2;139;74;139m▀[48;2;180;115;189m▀▀[48;2;205;172;98m▀[48;2;238;222;180m▀[38;2;139;74;139m▀[38;2;230;90;115m▀[38;2;164;24;57m▀[38;2;230;90;115m▀[38;2;255;255;255m▀[48;2;205;172;98m▀[38;2;180;115;189;48;2;164;115;8m▀▀▀[38;2;164;115;8;48;2;238;222;180m▀▀▀▀▀▀[38;2;180;115;189;48;2;98;74;8m▀[48;2;180;115;189m▀▀▀▀▀[48;2;139;74;139m▀[38;2;139;74;139m▀[38;2;16;16;16;48;2;16;16;16m▀[0m
[0m   [38;2;139;74;139;48;2;98;74;8m▀[38;2;180;115;189;48;2;238;222;180m▀[38;2;205;172;98m▀[38;2;238;222;180m▀▀[48;2;98;74;8m▀[48;2;16;16;16m▀▀[48;2;205;172;98m▀[48;2;238;222;180m▀▀▀[48;2;205;172;98m▀[48;2;164;115;8m▀▀[48;2;98;74;8m▀▀[38;2;98;74;8;48;2;180;115;189m▀▀▀▀▀[38;2;180;115;189m▀▀▀▀▀[48;2;139;74;139m▀[38;2;139;74;139m▀▀[38;2;16;16;16;48;2;16;16;16m▀[0m
[0m    [38;2;98;74;8m▀[48;2;205;205;205m▀[48;2;255;255;255m▀▀[38;2;255;255;255m▀[38;2;75;43;66;48;2;75;43;66m▀[38;2;16;16;16;48;2;16;16;16m▀▀[38;2;205;172;98;48;2;98;74;8m▀[38;2;238;222;180;48;2;238;222;180m▀▀▀▀[38;2;205;172;98;48;2;205;172;98m▀[38;2;180;115;189;48;2;180;115;189m▀[48;2;139;74;139m▀[48;2;180;115;189m▀[48;2;213;156;213m▀▀[48;2;180;115;189m▀[48;2;75;43;66m▀[48;2;180;115;189m▀[38;2;139;74;139;48;2;205;172;98m▀[38;2;180;115;189;48;2;75;43;66m▀[48;2;139;74;139m▀[38;2;139;74;139m▀▀▀▀▀[38;2;16;16;16;48;2;16;16;16m▀[0m
[0m      [38;2;205;205;205;48;2;75;43;66m▀[38;2;255;255;255;48;2;205;205;205m▀▀[38;2;75;43;66;48;2;16;16;16m▀[38;2;16;16;16m▀[48;2;230;90;115m▀[38;2;98;74;8m▀[38;2;205;172;98;48;2;164;115;8m▀[38;2;238;222;180;48;2;238;222;180m▀▀▀[38;2;205;172;98;48;2;16;16;16m▀[38;2;16;16;16;48;2;75;43;66m▀[38;2;139;74;139;48;2;213;156;213m▀[38;2;213;156;213m▀▀▀▀[38;2;16;16;16;48;2;16;16;16m▀[38;2;205;172;98;48;2;205;172;98m▀[48;2;98;74;8m▀▀[38;2;75;43;66;49m▀▀[38;2;139;74;139;48;2;75;43;66m▀[48;2;139;74;139m▀▀▀[48;2;205;172;98m▀[38;2;16;16;16;48;2;16;16;16m▀[0m
[0m    [38;2;75;43;66m▄[48;2;139;74;139m▀[38;2;139;74;139m▀▀▀[38;2;98;74;8;48;2;98;74;8m▀[38;2;205;172;98;48;2;205;172;98m▀[38;2;230;90;115;48;2;164;115;8m▀▀[38;2;164;115;8;48;2;238;222;180m▀[38;2;238;222;180m▀[48;2;16;16;16m▀[38;2;16;16;16;49m▀[0m [38;2;75;43;66;48;2;75;43;66m▀[38;2;213;156;213;48;2;213;156;213m▀▀▀▀[38;2;16;16;16;48;2;16;16;16m▀[38;2;98;74;8;49m▀▀[0m    [38;2;16;16;16m▄[48;2;205;172;98m▀[38;2;205;172;98;48;2;98;74;8m▀[38;2;164;115;8;48;2;205;172;98m▀[38;2;205;172;98;48;2;164;115;8m▀[38;2;16;16;16;48;2;16;16;16m▀[0m
[0m   [38;2;16;16;16m▄[48;2;164;115;8m▀[38;2;164;115;8;48;2;205;172;98m▀[38;2;139;74;139m▀[48;2;139;74;139m▀[48;2;75;43;66m▀[38;2;75;43;66;49m▀[38;2;98;74;8m▀[38;2;205;172;98;48;2;16;16;16m▀[38;2;238;222;180m▀▀[38;2;16;16;16;49m▀[0m  [38;2;75;43;66;48;2;75;43;66m▀[38;2;213;156;213;48;2;213;156;213m▀▀▀[48;2;180;115;189m▀[38;2;180;115;189;48;2;16;16;16m▀[38;2;16;16;16;49m▀[0m      [38;2;16;16;16m▀[38;2;98;74;8;48;2;16;16;16m▀[38;2;16;16;16;49m▀[38;2;164;115;8;48;2;16;16;16m▀[38;2;16;16;16;49m▀[0m
[0m   [38;2;16;16;16m▀[38;2;205;172;98;48;2;16;16;16m▀[38;2;16;16;16;49m▀[38;2;205;172;98;48;2;16;16;16m▀[38;2;75;43;66;49m▀[0m        [38;2;164;115;8m▄[48;2;238;222;180m▀[38;2;205;172;98m▀[38;2;180;115;189;48;2;205;172;98m▀[48;2;180;115;189m▀[48;2;16;16;16m▀[38;2;16;16;16;49m▀[0m
[0m               [38;2;164;115;8;48;2;16;16;16m▀[38;2;238;222;180m▀[38;2;164;115;8;48;2;238;222;180m▀[38;2;238;222;180;48;2;16;16;16m▀[48;2;238;222;180m▀[38;2;16;16;16;48;2;16;16;16m▀[0m
[0m                 [38;2;16;16;16m▀[0m [38;2;16;16;16m▀[0m
