[0m                                    [38;2;197;131;82m▄▄[48;2;255;205;156m▀▀▀▀▀▀[49m▄▄[0m
[0m                                  [38;2;197;131;82m▄[48;2;255;205;156m▀[38;2;255;205;156;48;2;148;82;16m▀[48;2;197;131;82m▀[38;2;197;131;82;49m▀[38;2;148;82;16m▀▀▀[38;2;197;131;82m▀[38;2;255;205;156;48;2;148;82;16m▀[48;2;197;131;82m▀[48;2;255;205;156m▀[38;2;197;131;82m▀▀[49m▄[0m
[0m                                  [38;2;197;131;82m▀[38;2;148;82;16m▀[0m         [38;2;148;82;16m▀[38;2;197;131;82m▀[38;2;255;205;156;48;2;197;131;82m▀[48;2;255;205;156m▀[38;2;197;131;82m▀[49m▄[0m
[0m                   [38;2;164;115;41m▄[48;2;222;180;74m▀[38;2;197;148;57;49m▄[0m                          [38;2;197;131;82;48;2;197;131;82m▀[38;2;255;205;156;48;2;148;82;16m▀[38;2;197;131;82;48;2;255;205;156m▀[38;2;148;82;16m▀[38;2;197;131;82;49m▄[0m
[0m       [38;2;106;57;0m▄[38;2;164;115;41;48;2;222;180;74m▀▀▀▀[49m▄▄[0m [38;2;164;115;41m▄[48;2;222;180;74m▀[49m▄▄[48;2;222;180;74m▀[38;2;222;180;74m▀[38;2;197;148;57;48;2;164;115;41m▀[38;2;164;115;41;49m▄[48;2;197;148;57m▀[48;2;222;180;74m▀▀[49m▄[38;2;106;57;0m▄▄[38;2;164;115;41;48;2;222;180;74m▀[38;2;106;57;0m▀▀▀[48;2;197;148;57m▀[38;2;164;115;41m▀[49m▄[38;2;106;57;0m▄[0m            [38;2;197;131;82;48;2;197;131;82m▀[38;2;255;205;156;48;2;148;82;16m▀[38;2;197;131;82;48;2;255;205;156m▀[38;2;148;82;16m▀[49m▄[0m
[0m       [38;2;106;57;0m▀[48;2;106;57;0m▀[38;2;164;115;41;48;2;164;115;41m▀[38;2;148;82;16;48;2;148;82;16m▀[38;2;197;148;57m▀[38;2;222;180;74;48;2;197;148;57m▀[48;2;222;180;74m▀[38;2;164;115;41;48;2;164;115;41m▀[38;2;197;148;57;48;2;222;180;74m▀[38;2;222;180;74m▀[38;2;164;115;41m▀[38;2;222;180;74m▀▀▀[38;2;197;148;57m▀[38;2;222;180;74m▀▀▀[38;2;197;148;57;48;2;106;57;0m▀[38;2;106;57;0;48;2;222;180;74m▀[38;2;222;180;74m▀[48;2;197;148;57m▀[48;2;16;16;16m▀[38;2;197;148;57;48;2;106;57;0m▀[38;2;106;57;0;48;2;148;82;16m▀[38;2;16;16;16m▀[38;2;106;57;0;48;2;164;115;41m▀[38;2;197;148;57m▀[48;2;197;148;57m▀[48;2;16;16;16m▀[38;2;106;57;0;49m▀[0m            [38;2;197;131;82;48;2;197;131;82m▀[38;2;255;205;156;48;2;255;205;156m▀[48;2;197;131;82m▀[38;2;197;131;82;48;2;148;82;16m▀[38;2;148;82;16;49m▄[0m
[0m        [38;2;106;57;0m▀[38;2;164;115;41;48;2;164;115;41m▀[38;2;148;82;16m▀▀[38;2;164;115;41;48;2;222;180;74m▀▀[38;2;222;180;74m▀▀▀▀▀[48;2;197;148;57m▀[48;2;164;115;41m▀▀[48;2;197;148;57m▀[38;2;197;148;57m▀▀▀▀[48;2;16;16;16m▀[38;2;16;16;16;48;2;148;82;16m▀[38;2;148;82;16m▀▀▀▀[38;2;164;115;41;48;2;164;115;41m▀[38;2;197;148;57;48;2;197;148;57m▀[38;2;16;16;16;48;2;164;115;41m▀[38;2;106;57;0;49m▄[0m [38;2;164;115;41m▄▄[0m           [38;2;148;82;16;48;2;148;82;16m▀[38;2;255;205;156;48;2;255;205;156m▀▀[38;2;148;82;16;48;2;148;82;16m▀[0m
[0m        [38;2;164;115;41m▄[48;2;246;246;164m▀[38;2;222;180;74m▀▀[48;2;106;57;0m▀[48;2;222;180;74m▀▀▀[48;2;164;115;41m▀[38;2;197;148;57;48;2;16;16;16m▀[38;2;16;16;16;48;2;255;255;255m▀[38;2;164;115;41;48;2;16;16;16m▀[38;2;255;255;255;48;2;255;255;255m▀▀[38;2;197;148;57;48;2;197;148;57m▀▀▀[48;2;164;115;41m▀[48;2;106;57;0m▀[38;2;106;57;0;48;2;148;82;16m▀[38;2;148;82;16m▀▀▀▀▀[38;2;164;115;41;48;2;164;115;41m▀[38;2;197;148;57;48;2;197;148;57m▀[48;2;164;115;41m▀[38;2;16;16;16;48;2;106;57;0m▀[38;2;164;115;41;48;2;197;148;57m▀[38;2;197;148;57m▀[38;2;106;57;0;48;2;106;57;0m▀[49m▄[0m          [38;2;148;82;16m▀[38;2;255;205;156;48;2;197;131;82m▀[48;2;255;205;156m▀▀[38;2;148;82;16;48;2;148;82;16m▀[0m
[0m [38;2;164;131;49m▄▄▄▄[0m  [38;2;131;90;41m▄[48;2;246;246;164m▀[38;2;197;148;57m▀[38;2;246;246;164m▀[38;2;164;115;41m▀[38;2;246;246;164m▀[38;2;222;180;74m▀▀▀[38;2;197;148;57;48;2;222;180;74m▀[48;2;197;148;57m▀▀[38;2;164;115;41m▀▀▀[38;2;197;148;57m▀▀[48;2;106;57;0m▀▀▀[38;2;148;82;16m▀▀[48;2;164;115;41m▀▀[48;2;197;148;57m▀[38;2;197;148;57m▀▀[38;2;164;115;41m▀[38;2;16;16;16;48;2;16;16;16m▀[38;2;197;148;57;48;2;197;148;57m▀▀▀▀[48;2;164;115;41m▀[38;2;164;115;41;48;2;106;57;0m▀[0m          [38;2;197;131;82;48;2;197;131;82m▀[38;2;255;205;156;48;2;255;205;156m▀▀[38;2;148;82;16;48;2;148;82;16m▀[0m
[38;2;131;90;41;49m▀[38;2;238;205;115;48;2;131;90;41m▀[48;2;16;16;16m▀▀[48;2;238;205;115m▀[38;2;164;131;49m▀[48;2;131;90;41m▀[48;2;246;246;164m▀[38;2;238;205;115;48;2;164;131;49m▀[38;2;164;131;49;48;2;180;180;180m▀[38;2;131;90;41;48;2;255;255;255m▀▀[38;2;164;131;49m▀[38;2;246;246;164;48;2;164;131;49m▀[48;2;246;246;164m▀▀▀[38;2;238;205;115;48;2;164;131;49m▀[38;2;164;131;49;48;2;246;246;164m▀▀[38;2;164;115;41m▀▀▀▀[38;2;246;246;164m▀[48;2;164;131;49m▀▀▀▀[48;2;106;57;0m▀[48;2;16;16;16m▀▀▀[38;2;164;115;41m▀[38;2;16;16;16;48;2;197;148;57m▀[38;2;197;148;57m▀▀▀▀▀[38;2;106;57;0;48;2;164;115;41m▀[49m▄[38;2;164;115;41m▄[0m         [38;2;148;82;16;48;2;148;82;16m▀[38;2;255;205;156;48;2;255;205;156m▀[48;2;197;131;82m▀[38;2;148;82;16;48;2;148;82;16m▀[0m
[0m    [38;2;16;16;16m▀▀[38;2;131;90;41;48;2;131;90;41m▀[38;2;246;246;164;48;2;238;205;115m▀[38;2;164;131;49;48;2;164;131;49m▀[38;2;255;255;255;48;2;255;255;255m▀▀▀▀▀[38;2;180;180;180;48;2;180;180;180m▀[38;2;246;246;164;48;2;16;16;16m▀[48;2;246;246;164m▀▀[48;2;164;131;49m▀[48;2;164;115;41m▀▀[38;2;164;131;49m▀[48;2;197;148;57m▀▀[38;2;16;16;16m▀▀▀▀[38;2;164;115;41m▀[38;2;197;148;57m▀▀▀▀▀▀▀▀▀▀▀▀▀[38;2;164;115;41m▀[38;2;106;57;0;48;2;106;57;0m▀[0m        [38;2;148;82;16;48;2;148;82;16m▀[38;2;255;205;156;48;2;197;131;82m▀[38;2;197;131;82m▀[38;2;148;82;16;48;2;148;82;16m▀[0m
[0m   [38;2;131;90;41m▄[38;2;164;131;49;48;2;238;205;115m▀▀▀[48;2;131;90;41m▀[48;2;238;205;115m▀[38;2;180;180;180;48;2;115;115;115m▀[38;2;255;255;255;48;2;255;255;255m▀[48;2;180;180;180m▀[48;2;255;255;255m▀[48;2;180;180;180m▀[38;2;16;16;16;48;2;16;16;16m▀▀[38;2;164;131;49m▀[38;2;246;246;164;48;2;246;246;164m▀▀[48;2;106;57;0m▀▀[48;2;16;16;16m▀▀▀[48;2;106;57;0m▀[48;2;164;131;49m▀[48;2;246;246;164m▀[38;2;164;115;41m▀[38;2;106;57;0m▀▀[38;2;197;148;57;48;2;106;57;0m▀[48;2;197;148;57m▀▀▀▀▀▀▀▀▀▀▀[38;2;106;57;0m▀[49m▄[0m       [38;2;148;82;16m▄[48;2;197;131;82m▀[38;2;197;131;82m▀▀[38;2;16;16;16;48;2;16;16;16m▀[0m
[0m    [38;2;131;90;41m▀[38;2;16;16;16m▀▀[38;2;131;90;41;48;2;131;90;41m▀[38;2;238;205;115;48;2;238;205;115m▀[38;2;16;16;16;48;2;16;16;16m▀[38;2;255;255;255;48;2;255;255;255m▀[38;2;115;115;115;48;2;115;115;115m▀[38;2;255;255;255;48;2;255;255;255m▀[38;2;115;115;115;48;2;16;16;16m▀[38;2;16;16;16m▀▀▀[38;2;238;205;115;48;2;164;131;49m▀[38;2;246;246;164;48;2;246;246;164m▀▀[38;2;164;131;49m▀▀[38;2;197;148;57;48;2;164;115;41m▀▀▀[38;2;106;57;0;48;2;197;148;57m▀[38;2;16;16;16m▀▀▀[38;2;106;57;0m▀[38;2;197;148;57m▀▀▀▀▀▀▀▀▀▀▀[38;2;164;115;41;48;2;164;115;41m▀▀[38;2;106;57;0m▀[49m▄▄[0m     [38;2;148;82;16;48;2;148;82;16m▀[48;2;197;131;82m▀▀[38;2;197;131;82;48;2;148;82;16m▀[38;2;16;16;16;48;2;16;16;16m▀[0m
[0m    [38;2;164;131;49m▄▄[48;2;238;205;115m▀[38;2;131;90;41m▀[38;2;238;205;115;48;2;164;131;49m▀[38;2;164;131;49m▀[38;2;16;16;16;48;2;255;255;255m▀[48;2;115;115;115m▀[48;2;255;255;255m▀[48;2;16;16;16m▀▀▀▀[48;2;164;131;49m▀[38;2;246;246;164;48;2;246;246;164m▀▀▀▀▀▀▀▀[38;2;164;131;49m▀[38;2;164;115;41m▀▀▀▀[38;2;197;148;57;48;2;164;115;41m▀▀[48;2;106;57;0m▀▀[48;2;197;148;57m▀▀▀▀[38;2;164;115;41;48;2;164;115;41m▀▀▀▀▀▀[48;2;16;16;16m▀[38;2;16;16;16;49m▀[0m   [38;2;148;82;16;48;2;148;82;16m▀[38;2;197;131;82m▀▀[48;2;197;131;82m▀[38;2;148;82;16;48;2;16;16;16m▀[0m
[0m  [38;2;131;90;41m▄[48;2;238;205;115m▀[38;2;238;205;115;48;2;131;90;41m▀[48;2;16;16;16m▀[38;2;16;16;16;49m▀▀[38;2;131;90;41;48;2;16;16;16m▀[38;2;238;205;115;48;2;238;205;115m▀[38;2;255;255;255;48;2;255;255;255m▀[38;2;115;115;115;48;2;180;180;180m▀[38;2;255;255;255;48;2;255;255;255m▀[38;2;180;180;180m▀[38;2;16;16;16;48;2;16;16;16m▀▀[48;2;164;131;49m▀[38;2;246;246;164;48;2;246;246;164m▀▀▀▀[38;2;164;131;49m▀[38;2;131;90;41m▀[38;2;106;57;0m▀[38;2;16;16;16;48;2;197;148;57m▀▀▀[38;2;106;57;0m▀▀[38;2;164;131;49;48;2;106;57;0m▀[38;2;246;246;164;48;2;16;16;16m▀▀▀[48;2;106;57;0m▀▀[38;2;106;57;0;48;2;197;148;57m▀[38;2;197;148;57m▀▀▀[48;2;164;115;41m▀[38;2;164;115;41m▀▀▀▀▀▀[38;2;16;16;16;48;2;16;16;16m▀[0m [38;2;148;82;16m▄[48;2;148;82;16m▀[38;2;197;131;82;48;2;197;131;82m▀▀▀[38;2;148;82;16;48;2;16;16;16m▀[38;2;16;16;16;49m▀[0m
[0m  [38;2;131;90;41m▀▀[0m    [38;2;16;16;16m▀[38;2;238;205;115;48;2;16;16;16m▀[38;2;255;255;255;48;2;164;131;49m▀[48;2;255;255;255m▀▀▀[38;2;180;180;180m▀[38;2;16;16;16;48;2;164;131;49m▀[38;2;246;246;164;48;2;238;205;115m▀[48;2;246;246;164m▀▀▀▀[48;2;238;205;115m▀▀[38;2;238;205;115m▀▀[38;2;197;148;57;48;2;197;148;57m▀▀[48;2;148;82;16m▀▀▀[48;2;197;148;57m▀▀▀▀▀[48;2;164;115;41m▀[38;2;164;115;41m▀▀▀▀▀▀▀▀▀▀[38;2;106;57;0m▀[38;2;16;16;16;48;2;106;57;0m▀[38;2;197;131;82;48;2;197;131;82m▀▀[38;2;148;82;16m▀[38;2;197;131;82;48;2;148;82;16m▀[48;2;16;16;16m▀[38;2;16;16;16;49m▀[0m
[0m         [38;2;16;16;16m▀[38;2;238;205;115;48;2;16;16;16m▀[38;2;164;131;49;48;2;238;205;115m▀[38;2;131;90;41m▀[38;2;16;16;16m▀[38;2;131;90;41m▀[38;2;238;205;115m▀▀▀[48;2;164;131;49m▀[48;2;238;205;115m▀▀▀▀▀[48;2;16;16;16m▀[38;2;16;16;16;48;2;255;205;156m▀[38;2;148;82;16;48;2;197;148;57m▀[48;2;255;205;156m▀[38;2;255;205;156m▀▀[38;2;16;16;16;48;2;148;82;16m▀[38;2;197;148;57m▀[48;2;197;148;57m▀▀[48;2;164;115;41m▀[38;2;164;115;41m▀▀▀▀▀▀▀▀▀▀▀▀[38;2;16;16;16;48;2;16;16;16m▀[38;2;148;82;16;48;2;197;131;82m▀[38;2;197;131;82;48;2;148;82;16m▀[48;2;197;131;82m▀[38;2;148;82;16;48;2;16;16;16m▀[38;2;16;16;16;49m▀[0m
[0m       [38;2;148;82;16m▄[48;2;255;205;156m▀[48;2;148;82;16m▀[38;2;197;131;82;48;2;255;205;156m▀[38;2;16;16;16;48;2;197;131;82m▀[48;2;148;82;16m▀[38;2;238;205;115;48;2;16;16;16m▀▀▀[38;2;164;131;49;48;2;238;205;115m▀▀[38;2;238;205;115m▀▀▀▀▀[38;2;148;82;16;48;2;148;82;16m▀[38;2;255;205;156;48;2;255;205;156m▀[38;2;197;131;82;48;2;16;16;16m▀[38;2;148;82;16;48;2;148;82;16m▀[38;2;255;205;156;48;2;255;205;156m▀[38;2;197;131;82;48;2;16;16;16m▀[38;2;16;16;16;48;2;148;82;16m▀[38;2;255;205;156;48;2;255;205;156m▀[48;2;16;16;16m▀[38;2;148;82;16;48;2;148;82;16m▀[38;2;164;115;41;48;2;164;115;41m▀▀▀▀▀▀▀▀▀▀▀▀▀▀[38;2;16;16;16;48;2;16;16;16m▀[38;2;197;131;82;48;2;148;82;16m▀[38;2;148;82;16;48;2;16;16;16m▀[38;2;16;16;16;49m▀[0m
[0m       [38;2;148;82;16;48;2;16;16;16m▀[38;2;255;205;156m▀[38;2;148;82;16;49m▀[38;2;255;205;156;48;2;16;16;16m▀[38;2;16;16;16;49m▀[48;2;16;16;16m▀[38;2;148;82;16;48;2;255;205;156m▀[38;2;238;205;115;48;2;131;90;41m▀[48;2;164;131;49m▀[48;2;238;205;115m▀▀▀▀▀▀▀▀[38;2;16;16;16m▀[38;2;148;82;16m▀[38;2;16;16;16;48;2;148;82;16m▀▀[38;2;197;131;82;48;2;197;131;82m▀▀[38;2;16;16;16m▀[38;2;197;131;82;48;2;148;82;16m▀[38;2;16;16;16;48;2;16;16;16m▀[38;2;164;115;41;48;2;164;131;49m▀[48;2;164;115;41m▀▀▀▀▀▀▀▀▀▀▀▀▀[38;2;16;16;16;48;2;16;16;16m▀[49m▀[0m
[0m             [38;2;16;16;16m▀▀[38;2;131;90;41m▀[38;2;164;131;49m▀[38;2;238;205;115;48;2;131;90;41m▀[48;2;238;205;115m▀▀[48;2;164;131;49m▀[48;2;238;205;115m▀▀▀▀[48;2;164;131;49m▀[48;2;238;205;115m▀[48;2;164;131;49m▀[38;2;148;82;16;48;2;238;205;115m▀[38;2;16;16;16m▀▀▀[38;2;238;205;115m▀▀[38;2;164;131;49m▀[38;2;164;115;41m▀[48;2;164;131;49m▀[48;2;164;115;41m▀▀▀▀▀▀▀▀▀[48;2;16;16;16m▀[38;2;16;16;16;49m▀[0m
[0m                 [38;2;131;90;41m▀[38;2;238;205;115;48;2;131;90;41m▀[38;2;131;90;41;49m▀[38;2;238;205;115;48;2;131;90;41m▀[48;2;238;205;115m▀[48;2;131;90;41m▀[38;2;131;90;41;48;2;238;205;115m▀[38;2;238;205;115m▀▀[38;2;164;131;49m▀▀[38;2;238;205;115m▀▀▀▀▀▀▀[38;2;164;131;49m▀[38;2;164;115;41m▀[48;2;164;115;41m▀▀▀▀▀▀▀▀[48;2;16;16;16m▀[38;2;16;16;16m▀[0m
[0m                     [38;2;131;90;41m▀[38;2;238;205;115;48;2;131;90;41m▀▀[48;2;238;205;115m▀▀▀▀▀▀▀▀▀▀▀▀▀[38;2;164;115;41m▀[48;2;164;131;49m▀[48;2;164;115;41m▀▀▀▀[48;2;16;16;16m▀▀[38;2;16;16;16;49m▀[0m
[0m                     [38;2;148;82;16m▄▄▄[38;2;131;90;41;48;2;197;131;82m▀▀[38;2;16;16;16m▀▀[38;2;131;90;41m▀[38;2;238;205;115;48;2;131;90;41m▀[48;2;16;16;16m▀▀▀▀▀▀▀[38;2;164;131;49m▀▀[38;2;164;115;41m▀[38;2;106;57;0;48;2;197;131;82m▀▀▀[38;2;197;131;82m▀[38;2;16;16;16m▀▀[38;2;148;82;16m▀[49m▄[0m
[0m                   [38;2;148;82;16m▄[48;2;197;131;82m▀[38;2;197;131;82m▀▀[48;2;148;82;16m▀[48;2;197;131;82m▀▀▀▀[48;2;16;16;16m▀▀[38;2;16;16;16;49m▀[0m      [38;2;16;16;16m▀[38;2;197;131;82;48;2;16;16;16m▀[48;2;197;131;82m▀[38;2;148;82;16;48;2;255;205;156m▀[38;2;197;131;82;48;2;148;82;16m▀[48;2;16;16;16m▀[48;2;197;131;82m▀[48;2;255;205;156m▀[38;2;148;82;16;48;2;148;82;16m▀[38;2;197;131;82;48;2;197;131;82m▀[48;2;255;205;156m▀[38;2;148;82;16;48;2;148;82;16m▀[0m
[0m                   [38;2;16;16;16m▀[38;2;148;82;16;48;2;16;16;16m▀[38;2;197;131;82m▀[38;2;16;16;16m▀[38;2;197;131;82;48;2;197;131;82m▀[48;2;16;16;16m▀[38;2;16;16;16;49m▀▀▀[0m          [38;2;148;82;16m▀[38;2;197;131;82;48;2;148;82;16m▀[38;2;255;205;156;48;2;255;205;156m▀[38;2;148;82;16;48;2;16;16;16m▀[49m▀[38;2;197;131;82;48;2;148;82;16m▀[38;2;255;205;156;48;2;255;205;156m▀[38;2;148;82;16;48;2;16;16;16m▀[38;2;16;16;16;49m▀[38;2;255;205;156;48;2;16;16;16m▀[38;2;16;16;16m▀[0m
[0m                       [38;2;16;16;16m▀[0m                [38;2;16;16;16m▀▀[0m  [38;2;16;16;16m▀▀[0m
