[0m                      [38;2;74;57;16m▄▄[0m     [38;2;74;57;16m▄[48;2;172;131;49m▀[48;2;74;57;16m▀[0m
[0m                    [38;2;74;57;16m▄[48;2;172;131;49m▀[38;2;172;131;49m▀[38;2;74;57;16;48;2;74;57;16m▀[38;2;139;98;24;49m▄[48;2;172;131;49m▀[38;2;74;57;16;48;2;74;57;16m▀[49m▄[48;2;139;98;24m▀[38;2;172;131;49;48;2;172;131;49m▀[48;2;139;98;24m▀[38;2;74;57;16;48;2;74;57;16m▀[0m  [38;2;74;57;16m▄▄[48;2;139;98;24m▀▀[48;2;74;57;16m▀[0m
[0m                  [38;2;16;16;16m▄[38;2;74;57;16;48;2;74;57;16m▀[38;2;172;131;49;48;2;172;131;49m▀▀[48;2;139;98;24m▀[38;2;74;57;16;48;2;74;57;16m▀[38;2;172;131;49;48;2;172;131;49m▀[48;2;139;98;24m▀[38;2;74;57;16;48;2;16;16;16m▀[38;2;139;98;24;48;2;139;98;24m▀[38;2;172;131;49;48;2;172;131;49m▀[48;2;139;98;24m▀[38;2;139;98;24m▀[38;2;74;57;16;48;2;16;16;16m▀[49m▄[48;2;139;98;24m▀[38;2;139;98;24m▀▀▀▀[38;2;16;16;16;48;2;16;16;16m▀[0m
[0m              [38;2;74;57;16m▄[48;2;172;131;49m▀[38;2;16;16;16;48;2;16;16;16m▀[49m▄[48;2;139;98;24m▀[38;2;139;98;24m▀[38;2;172;131;49;48;2;16;16;16m▀[38;2;139;98;24m▀[48;2;139;98;24m▀[38;2;16;16;16;48;2;16;16;16m▀[38;2;172;131;49;48;2;139;98;24m▀[38;2;139;98;24;48;2;16;16;16m▀[38;2;16;16;16;48;2;139;98;24m▀[38;2;139;98;24m▀▀[48;2;74;57;16m▀▀[38;2;74;57;16;48;2;139;98;24m▀[48;2;172;131;49m▀▀[48;2;16;16;16m▀[38;2;139;98;24;48;2;74;57;16m▀▀[38;2;74;57;16;48;2;139;98;24m▀▀▀[38;2;16;16;16;48;2;16;16;16m▀[0m
[0m            [38;2;139;98;24m▄[48;2;172;131;49m▀[38;2;172;131;49m▀▀[38;2;16;16;16;48;2;74;57;16m▀▀[38;2;74;57;16;48;2;172;131;49m▀▀[38;2;139;98;24;48;2;139;98;24m▀[38;2;16;16;16;48;2;16;16;16m▀[38;2;139;98;24;48;2;139;98;24m▀[38;2;16;16;16;48;2;16;16;16m▀[38;2;139;98;24m▀[38;2;16;16;16;48;2;139;98;24m▀[38;2;139;98;24m▀[48;2;16;16;16m▀[38;2;74;57;16;48;2;139;98;24m▀[38;2;139;98;24;48;2;172;131;49m▀[38;2;172;131;49m▀▀[48;2;139;98;24m▀[38;2;139;98;24m▀[38;2;16;16;16;48;2;16;16;16m▀[38;2;139;98;24;48;2;139;98;24m▀▀▀▀[38;2;74;57;16;48;2;16;16;16m▀[38;2;16;16;16m▀[0m
[0m       [38;2;90;74;0m▄▄[0m  [38;2;74;57;16m▄[48;2;172;131;49m▀[38;2;172;131;49m▀[48;2;16;16;16m▀[38;2;16;16;16;48;2;246;213;32m▀[48;2;16;16;16m▀[38;2;172;131;49;48;2;172;131;49m▀▀▀[38;2;139;98;24;48;2;139;98;24m▀[38;2;16;16;16;48;2;16;16;16m▀[38;2;139;98;24;48;2;139;98;24m▀[38;2;16;16;16;48;2;16;16;16m▀[38;2;139;98;24;48;2;74;57;16m▀▀[38;2;74;57;16;48;2;90;74;0m▀[48;2;172;131;49m▀[38;2;172;131;49m▀▀[48;2;139;98;24m▀[38;2;139;98;24m▀▀[38;2;74;57;16;48;2;16;16;16m▀[38;2;139;98;24;48;2;74;57;16m▀▀▀[48;2;16;16;16m▀[38;2;16;16;16m▀[38;2;74;57;16;48;2;74;57;16m▀[0m
[0m       [38;2;90;74;0;48;2;90;74;0m▀[38;2;246;213;32;48;2;246;213;32m▀[38;2;90;74;0m▀[38;2;16;16;16;49m▄[38;2;74;57;16;48;2;172;131;49m▀[38;2;172;131;49;48;2;90;74;0m▀[38;2;90;74;0;48;2;246;213;32m▀[38;2;246;213;32m▀▀[38;2;16;16;16;48;2;16;16;16m▀[38;2;172;131;49;48;2;172;131;49m▀▀[48;2;139;98;24m▀[38;2;139;98;24m▀[38;2;16;16;16;48;2;90;74;0m▀[38;2;90;74;0;48;2;246;213;32m▀▀[38;2;246;213;32m▀▀[38;2;16;16;16;48;2;16;16;16m▀[38;2;172;131;49;48;2;172;131;49m▀[38;2;139;98;24;48;2;139;98;24m▀▀▀▀[48;2;16;16;16m▀[38;2;74;57;16;48;2;139;98;24m▀[38;2;139;98;24m▀▀▀▀[48;2;16;16;16m▀[38;2;16;16;16;48;2;74;57;16m▀[38;2;74;57;16;49m▄[48;2;139;98;24m▀▀▀▀[48;2;74;57;16m▀[0m
[0m  [38;2;16;16;16m▄▄▄[0m  [38;2;90;74;0;48;2;90;74;0m▀[38;2;246;213;32;48;2;246;213;32m▀[48;2;213;172;32m▀[38;2;74;57;16m▀[38;2;172;131;49;48;2;16;16;16m▀[38;2;90;74;0;48;2;246;213;32m▀[38;2;246;213;32m▀▀[48;2;148;123;0m▀[38;2;16;16;16;48;2;16;16;16m▀[38;2;172;131;49;48;2;172;131;49m▀▀[38;2;139;98;24;48;2;139;98;24m▀[38;2;90;74;0;48;2;90;74;0m▀[38;2;246;213;32;48;2;246;213;32m▀▀▀▀[48;2;90;74;0m▀[38;2;16;16;16;48;2;139;98;24m▀[38;2;139;98;24m▀▀▀[48;2;16;16;16m▀[38;2;16;16;16;48;2;74;57;16m▀[38;2;139;98;24m▀▀▀▀▀[38;2;74;57;16m▀[38;2;139;98;24;48;2;16;16;16m▀[38;2;16;16;16;48;2;139;98;24m▀[38;2;139;98;24m▀▀▀▀[38;2;74;57;16;48;2;16;16;16m▀[0m
[0m  [38;2;16;16;16;48;2;16;16;16m▀[38;2;139;98;24;48;2;139;98;24m▀▀[38;2;16;16;16m▀▀[49m▄[38;2;90;74;0;48;2;90;74;0m▀[38;2;213;172;32;48;2;246;213;32m▀▀[38;2;90;74;0m▀[38;2;246;213;32m▀▀▀[38;2;16;16;16;48;2;16;16;16m▀[38;2;172;131;49;48;2;213;172;32m▀[48;2;246;213;32m▀[38;2;213;172;32m▀[38;2;90;74;0;48;2;148;123;0m▀[38;2;246;213;32;48;2;246;213;32m▀▀▀▀[48;2;16;16;16m▀[38;2;16;16;16;48;2;139;98;24m▀[38;2;139;98;24m▀[48;2;16;16;16m▀[48;2;74;57;16m▀[38;2;74;57;16;48;2;139;98;24m▀▀▀[38;2;139;98;24m▀▀▀▀[48;2;74;57;16m▀[38;2;74;57;16;48;2;139;98;24m▀[38;2;139;98;24m▀▀▀▀[48;2;16;16;16m▀[38;2;16;16;16;48;2;74;57;16m▀[38;2;74;57;16;49m▄▄[0m
[0m   [38;2;16;16;16;48;2;16;16;16m▀[38;2;139;98;24;48;2;139;98;24m▀▀▀[48;2;90;74;0m▀[38;2;90;74;0;48;2;246;213;32m▀[38;2;246;213;32m▀▀▀▀▀▀▀▀▀▀▀▀[38;2;213;172;32;48;2;213;172;32m▀[38;2;148;123;0m▀[38;2;90;74;0;48;2;90;74;0m▀[38;2;139;98;24;48;2;139;98;24m▀[48;2;90;74;0m▀[38;2;16;16;16;48;2;139;98;24m▀[38;2;139;98;24m▀▀▀▀▀▀▀▀[48;2;16;16;16m▀[38;2;16;16;16;48;2;74;57;16m▀[38;2;139;98;24m▀▀▀[38;2;16;16;16;48;2;139;98;24m▀[38;2;74;57;16m▀[38;2;139;98;24m▀▀▀[48;2;16;16;16m▀[38;2;16;16;16;49m▀[0m
[0m    [38;2;16;16;16m▀[38;2;139;98;24;48;2;16;16;16m▀▀[38;2;90;74;0;48;2;82;82;82m▀[38;2;246;213;32;48;2;16;16;16m▀[48;2;246;213;32m▀▀▀▀▀▀▀▀[48;2;16;16;16m▀[38;2;213;172;32m▀[38;2;82;82;82m▀▀[38;2;213;172;32;48;2;222;213;180m▀▀[38;2;90;74;0;48;2;16;16;16m▀[38;2;16;16;16m▀[38;2;139;98;24;48;2;139;98;24m▀▀▀▀▀▀▀[48;2;16;16;16m▀▀[38;2;16;16;16;48;2;139;98;24m▀[38;2;139;98;24m▀▀▀▀▀[38;2;74;57;16m▀▀[38;2;139;98;24;48;2;74;57;16m▀[38;2;16;16;16;48;2;139;98;24m▀▀[38;2;74;57;16;49m▄▄[0m
[0m       [38;2;16;16;16;48;2;82;82;82m▀[48;2;16;16;16m▀[48;2;255;255;255m▀[38;2;246;213;32;48;2;246;213;32m▀▀▀▀▀▀[38;2;16;16;16;48;2;16;16;16m▀[38;2;139;139;139;48;2;255;255;255m▀[38;2;255;255;255;48;2;222;213;180m▀[38;2;16;16;16;48;2;16;16;16m▀[48;2;82;82;82m▀[38;2;222;213;180;48;2;222;213;180m▀[48;2;16;16;16m▀[38;2;16;16;16;48;2;222;213;180m▀▀▀[48;2;16;16;16m▀▀▀▀[48;2;74;57;16m▀[48;2;139;98;24m▀[38;2;139;98;24m▀▀▀▀▀▀▀▀▀[48;2;74;57;16m▀▀[38;2;74;57;16;48;2;139;98;24m▀[38;2;139;98;24m▀▀▀[38;2;74;57;16m▀[38;2;16;16;16;49m▄[0m
[0m   [38;2;90;74;0m▄▄[38;2;16;16;16m▄[48;2;246;213;32m▀[38;2;213;172;32m▀[38;2;82;82;82;48;2;213;172;32m▀[38;2;16;16;16;48;2;82;82;82m▀[38;2;246;213;32;48;2;246;213;32m▀▀▀▀▀[38;2;148;123;0m▀[38;2;16;16;16;48;2;222;213;180m▀▀▀[38;2;82;82;82m▀[38;2;222;213;180m▀[48;2;16;16;16m▀[38;2;16;16;16;48;2;222;213;180m▀[38;2;222;213;180m▀▀▀[48;2;148;123;0m▀[38;2;16;16;16m▀[38;2;213;172;32;48;2;90;74;0m▀▀[48;2;213;172;32m▀[38;2;16;16;16m▀[38;2;139;98;24;48;2;16;16;16m▀[48;2;74;57;16m▀▀▀▀▀[38;2;74;57;16;48;2;213;172;32m▀▀[48;2;148;123;0m▀[38;2;139;98;24;48;2;74;57;16m▀▀▀[48;2;16;16;16m▀▀[38;2;16;16;16;49m▀▀[0m
[0m [38;2;90;74;0m▄[48;2;246;213;32m▀[38;2;246;213;32m▀▀▀[38;2;90;74;0;48;2;16;16;16m▀[38;2;213;172;32;48;2;213;172;32m▀[48;2;16;16;16m▀[38;2;82;82;82;49m▀[38;2;255;255;255;48;2;139;139;139m▀[38;2;246;213;32;48;2;246;213;32m▀▀▀[48;2;222;213;180m▀[38;2;222;213;180m▀▀[48;2;82;82;82m▀▀[38;2;82;82;82;48;2;222;213;180m▀[38;2;16;16;16m▀[38;2;222;213;180m▀▀[48;2;148;123;0m▀▀[38;2;148;123;0;48;2;246;213;32m▀[38;2;246;213;32m▀▀▀▀[38;2;16;16;16;48;2;213;172;32m▀[38;2;213;172;32;48;2;16;16;16m▀[38;2;16;16;16;48;2;213;172;32m▀[38;2;213;172;32m▀▀▀[48;2;246;213;32m▀▀▀[48;2;213;172;32m▀▀▀[38;2;16;16;16m▀[38;2;90;74;0m▀[49m▄▄[38;2;148;123;0m▄[0m
[38;2;90;74;0;49m▄[48;2;246;213;32m▀[38;2;246;213;32m▀▀▀▀[38;2;213;172;32;48;2;213;172;32m▀[38;2;16;16;16;48;2;16;16;16m▀[0m  [38;2;139;139;139m▀[38;2;255;255;255;48;2;139;139;139m▀[48;2;222;213;180m▀▀[38;2;222;213;180m▀[48;2;16;16;16m▀[38;2;16;16;16;48;2;222;213;180m▀[38;2;222;213;180m▀▀▀▀[48;2;148;123;0m▀[38;2;148;123;0;48;2;246;213;32m▀[38;2;246;213;32m▀▀▀▀▀[48;2;213;172;32m▀▀[38;2;213;172;32m▀[38;2;16;16;16;48;2;16;16;16m▀[38;2;213;172;32;48;2;213;172;32m▀▀[48;2;246;213;32m▀[38;2;246;213;32m▀▀▀▀▀[38;2;148;123;0;48;2;213;172;32m▀[38;2;213;172;32;48;2;148;123;0m▀[48;2;213;172;32m▀▀▀▀▀[38;2;90;74;0m▀▀[38;2;148;123;0m▀[48;2;246;213;32m▀▀[48;2;90;74;0m▀[0m
[38;2;16;16;16;48;2;16;16;16m▀[38;2;246;213;32;48;2;246;213;32m▀▀[48;2;139;139;139m▀[38;2;82;82;82;48;2;255;255;255m▀▀[38;2;213;172;32;48;2;82;82;82m▀[48;2;213;172;32m▀[38;2;16;16;16;48;2;16;16;16m▀[0m   [38;2;82;82;82m▀[38;2;16;16;16;48;2;90;74;0m▀[48;2;246;213;32m▀[38;2;90;74;0;48;2;213;172;32m▀[38;2;222;213;180;48;2;90;74;0m▀[48;2;222;213;180m▀▀▀▀[38;2;90;74;0;48;2;16;16;16m▀[38;2;246;213;32m▀[38;2;82;82;82;48;2;255;255;255m▀[38;2;148;123;0m▀[38;2;246;213;32;48;2;148;123;0m▀[48;2;213;172;32m▀[48;2;246;213;32m▀[38;2;213;172;32;48;2;213;172;32m▀▀[38;2;16;16;16;48;2;16;16;16m▀[38;2;222;213;180;48;2;222;213;180m▀[38;2;213;172;32;48;2;213;172;32m▀[38;2;246;213;32;48;2;246;213;32m▀▀▀▀▀▀▀[38;2;213;172;32;48;2;213;172;32m▀▀[38;2;148;123;0;48;2;90;74;0m▀[38;2;213;172;32;48;2;213;172;32m▀▀▀▀▀▀[48;2;16;16;16m▀[48;2;90;74;0m▀[38;2;90;74;0;49m▀[0m
[38;2;16;16;16;49m▀[38;2;246;213;32;48;2;82;82;82m▀[38;2;82;82;82;48;2;255;255;255m▀[48;2;82;82;82m▀[38;2;255;255;255;48;2;255;255;255m▀▀[38;2;222;213;180;48;2;222;213;180m▀[38;2;16;16;16;48;2;16;16;16m▀[0m    [38;2;148;123;0;48;2;90;74;0m▀[38;2;246;213;32;48;2;246;213;32m▀▀▀[38;2;16;16;16;48;2;213;172;32m▀[38;2;222;213;180;48;2;16;16;16m▀[48;2;222;213;180m▀▀▀[38;2;16;16;16;48;2;82;82;82m▀[38;2;255;255;255;48;2;255;255;255m▀▀[48;2;139;139;139m▀[38;2;82;82;82;48;2;255;255;255m▀[38;2;148;123;0m▀[38;2;213;172;32;48;2;148;123;0m▀[48;2;213;172;32m▀[38;2;16;16;16;48;2;16;16;16m▀[38;2;222;213;180;48;2;222;213;180m▀▀[38;2;148;123;0;48;2;148;123;0m▀[38;2;213;172;32;48;2;213;172;32m▀[38;2;246;213;32m▀[48;2;246;213;32m▀▀▀▀[48;2;213;172;32m▀[38;2;213;172;32m▀▀▀[38;2;90;74;0;48;2;16;16;16m▀[38;2;213;172;32m▀▀[38;2;16;16;16;49m▀▀▀[0m
[0m [38;2;139;139;139m▀[38;2;222;213;180;48;2;82;82;82m▀[38;2;255;255;255;48;2;255;255;255m▀[38;2;139;139;139;48;2;139;139;139m▀[38;2;255;255;255;48;2;222;213;180m▀[48;2;255;255;255m▀[38;2;16;16;16m▀[49m▄[0m   [38;2;90;74;0m▀[38;2;246;213;32;48;2;90;74;0m▀[48;2;246;213;32m▀▀[48;2;213;172;32m▀[38;2;213;172;32m▀[38;2;16;16;16m▀[38;2;222;213;180;48;2;82;82;82m▀[38;2;82;82;82;48;2;255;255;255m▀[38;2;255;255;255m▀▀[48;2;139;139;139m▀[38;2;82;82;82;48;2;255;255;255m▀[38;2;255;255;255m▀[48;2;139;139;139m▀[38;2;16;16;16;48;2;16;16;16m▀[48;2;222;213;180m▀[38;2;222;213;180m▀▀▀[38;2;90;74;0;48;2;90;74;0m▀[38;2;213;172;32;48;2;213;172;32m▀▀▀▀▀▀▀▀▀▀[38;2;16;16;16;48;2;74;57;16m▀[0m
[0m  [38;2;82;82;82m▀[38;2;222;213;180;48;2;82;82;82m▀[48;2;222;213;180m▀[38;2;82;82;82m▀[38;2;255;255;255;48;2;82;82;82m▀[48;2;255;255;255m▀[38;2;16;16;16;48;2;16;16;16m▀[0m    [38;2;74;57;16m▀[38;2;213;172;32;48;2;74;57;16m▀[48;2;213;172;32m▀▀[48;2;82;82;82m▀[38;2;82;82;82;48;2;222;213;180m▀[38;2;255;255;255m▀[48;2;139;139;139m▀▀[38;2;139;139;139;48;2;255;255;255m▀[38;2;255;255;255;48;2;139;139;139m▀[48;2;16;16;16m▀[38;2;16;16;16;48;2;222;213;180m▀▀[38;2;222;213;180m▀▀▀▀[48;2;90;74;0m▀[48;2;16;16;16m▀[38;2;90;74;0m▀[38;2;213;172;32;48;2;213;172;32m▀▀▀▀▀▀▀▀[38;2;16;16;16;48;2;16;16;16m▀[0m
[0m    [38;2;82;82;82m▀▀[38;2;222;213;180;48;2;16;16;16m▀[38;2;16;16;16m▀[49m▀[0m     [38;2;74;57;16m▄[48;2;74;57;16m▀[38;2;213;172;32m▀[38;2;82;82;82m▀[38;2;16;16;16m▀[48;2;213;172;32m▀▀▀▀[38;2;74;57;16;48;2;74;57;16m▀[0m [38;2;90;74;0m▀▀[38;2;16;16;16m▀▀▀▀[0m   [38;2;16;16;16m▀▀[38;2;213;172;32;48;2;16;16;16m▀[48;2;90;74;0m▀▀[48;2;213;172;32m▀▀[38;2;16;16;16m▀[49m▄[0m
[0m            [38;2;74;57;16m▄[48;2;222;213;180m▀[38;2;222;213;180;48;2;139;139;139m▀[38;2;139;139;139;48;2;74;57;16m▀[38;2;213;172;32m▀[48;2;213;172;32m▀▀▀▀▀▀▀[38;2;16;16;16;48;2;16;16;16m▀[0m           [38;2;16;16;16;48;2;16;16;16m▀[38;2;213;172;32;48;2;213;172;32m▀▀▀▀▀▀[38;2;16;16;16;48;2;16;16;16m▀[0m
[0m          [38;2;74;57;16m▄[48;2;222;213;180m▀[38;2;222;213;180;48;2;139;139;139m▀[38;2;139;139;139;48;2;222;213;180m▀[38;2;222;213;180m▀▀▀[38;2;74;57;16;48;2;74;57;16m▀[38;2;213;172;32;48;2;213;172;32m▀[48;2;16;16;16m▀▀[38;2;74;57;16;49m▀[38;2;16;16;16m▀▀[0m           [38;2;74;57;16;48;2;74;57;16m▀[38;2;213;172;32;48;2;213;172;32m▀[48;2;82;82;82m▀[38;2;246;213;32m▀[48;2;246;213;32m▀[48;2;82;82;82m▀▀[38;2;213;172;32;48;2;213;172;32m▀▀[38;2;16;16;16;48;2;16;16;16m▀[0m
[0m          [38;2;16;16;16m▀▀[38;2;222;213;180;48;2;16;16;16m▀▀▀[38;2;74;57;16;49m▀[38;2;16;16;16m▀▀▀[0m                [38;2;74;57;16m▀[38;2;16;16;16;48;2;82;82;82m▀[38;2;222;213;180;48;2;255;255;255m▀[38;2;255;255;255m▀[38;2;139;139;139;48;2;82;82;82m▀[38;2;255;255;255;48;2;255;255;255m▀▀[38;2;82;82;82m▀[38;2;213;172;32;48;2;16;16;16m▀[38;2;16;16;16;49m▀[0m
[0m                                    [38;2;16;16;16m▀[38;2;255;255;255;48;2;16;16;16m▀[48;2;222;213;180m▀[38;2;16;16;16;48;2;16;16;16m▀[38;2;255;255;255;48;2;255;255;255m▀[48;2;16;16;16m▀[38;2;16;16;16;49m▀[0m
[0m                                      [38;2;16;16;16m▀▀▀[0m
