[0m       [38;2;115;131;172m▄▄▄▄[38;2;65;65;131m▄▄[0m [38;2;65;65;131m▄[48;2;213;213;255m▀[48;2;65;65;131m▀[0m [38;2;65;65;131m▄▄▄[0m  [38;2;115;131;172m▄▄[38;2;65;65;131m▄▄▄▄[0m
[0m      [38;2;115;131;172;48;2;115;131;172m▀[38;2;172;172;205;48;2;172;172;205m▀[38;2;248;248;255;48;2;115;131;172m▀[48;2;213;213;255m▀[48;2;248;248;255m▀[38;2;213;213;255m▀[38;2;172;172;205m▀[38;2;65;65;131;48;2;213;213;255m▀▀[38;2;172;172;205;48;2;16;16;16m▀[38;2;65;65;131m▀[48;2;172;172;205m▀[38;2;213;213;255m▀▀[38;2;172;172;205;48;2;65;65;131m▀[38;2;65;65;131;48;2;213;213;255m▀[38;2;115;131;172m▀[38;2;213;213;255m▀▀▀[48;2;172;172;205m▀[38;2;172;172;205m▀[48;2;65;65;131m▀[38;2;65;65;131;49m▀[0m
[0m     [38;2;115;131;172;48;2;115;131;172m▀[38;2;213;213;255;48;2;213;213;255m▀▀▀[38;2;248;248;255m▀▀▀[38;2;213;213;255m▀[38;2;189;49;74;48;2;115;131;172m▀[48;2;248;248;255m▀[38;2;255;82;65;48;2;189;49;74m▀[38;2;248;248;255;48;2;255;82;65m▀[38;2;16;16;16;48;2;248;248;255m▀[38;2;172;172;205;48;2;16;16;16m▀[38;2;65;65;131;48;2;213;213;255m▀[38;2;213;213;255m▀[48;2;65;65;131m▀[38;2;65;65;131;48;2;24;156;148m▀▀▀[48;2;57;106;148m▀[48;2;65;65;131m▀[38;2;213;213;255m▀[38;2;172;172;205;48;2;213;213;255m▀[38;2;65;65;131;48;2;172;172;205m▀[49m▄[0m
[0m    [38;2;115;131;172;48;2;115;131;172m▀[38;2;172;172;205;48;2;213;213;255m▀[38;2;213;213;255;48;2;65;65;131m▀[38;2;65;65;131;48;2;248;248;255m▀[38;2;115;131;172;48;2;213;213;255m▀[38;2;213;213;255;48;2;65;65;131m▀[48;2;213;213;255m▀▀▀▀[38;2;115;131;172m▀[38;2;189;49;74m▀▀[38;2;248;248;255m▀[38;2;213;213;255m▀[38;2;115;131;172m▀[38;2;65;65;131;48;2;57;106;148m▀[38;2;24;156;148;48;2;24;156;148m▀▀▀▀▀[38;2;65;65;131;48;2;65;65;131m▀▀▀[38;2;172;172;205;48;2;172;172;205m▀▀[38;2;65;65;131m▀▀[49m▄[0m
[0m    [38;2;115;131;172;48;2;16;16;16m▀[38;2;213;213;255;48;2;213;213;255m▀[38;2;115;131;172;48;2;115;131;172m▀[38;2;248;248;255;48;2;65;65;131m▀[38;2;213;213;255;48;2;16;16;16m▀[38;2;16;16;16;48;2;189;49;74m▀[38;2;65;65;131m▀[38;2;213;213;255;48;2;115;131;172m▀[48;2;213;213;255m▀▀[48;2;172;172;205m▀[48;2;65;65;131m▀▀[48;2;213;213;255m▀▀▀[38;2;57;106;148m▀[48;2;57;106;148m▀[38;2;24;156;148m▀▀▀[38;2;57;106;148;48;2;65;65;131m▀[38;2;65;65;131m▀▀[48;2;172;172;205m▀[38;2;172;172;205m▀[48;2;16;16;16m▀▀▀[38;2;65;65;131;49m▀[0m
[0m [38;2;115;131;172m▄▄[48;2;213;213;255m▀[38;2;16;16;16;48;2;16;16;16m▀[38;2;213;213;255;48;2;213;213;255m▀▀[38;2;16;16;16;48;2;65;65;131m▀[38;2;189;49;74;48;2;189;49;74m▀▀▀[38;2;65;65;131;48;2;65;65;131m▀[38;2;213;213;255;48;2;213;213;255m▀▀[48;2;65;65;131m▀[48;2;16;16;16m▀▀[38;2;65;65;131;48;2;213;213;255m▀[38;2;16;16;16m▀▀[38;2;213;213;255;48;2;16;16;16m▀[48;2;172;172;205m▀[38;2;65;65;131m▀▀▀▀▀[38;2;172;172;205m▀[48;2;16;16;16m▀[38;2;16;16;16;49m▀[0m
[38;2;115;131;172;48;2;65;65;131m▀[38;2;213;213;255m▀▀[38;2;65;65;131;49m▀▀[38;2;16;16;16;48;2;16;16;16m▀[38;2;213;213;255;48;2;213;213;255m▀▀[38;2;65;65;131;48;2;65;65;131m▀[38;2;255;82;65;48;2;255;82;65m▀▀[38;2;65;65;131;48;2;65;65;131m▀[38;2;213;213;255;48;2;213;213;255m▀▀▀[48;2;65;65;131m▀[48;2;213;213;255m▀[38;2;65;65;131m▀[38;2;16;16;16m▀▀▀[38;2;213;213;255m▀[38;2;16;16;16m▀[48;2;172;172;205m▀[38;2;65;65;131;48;2;16;16;16m▀▀[49m▀▀▄▄[48;2;213;213;255m▀[48;2;65;65;131m▀[0m
[0m   [38;2;115;131;172m▄[48;2;213;213;255m▀[48;2;65;65;131m▀[38;2;16;16;16;48;2;16;16;16m▀[38;2;213;213;255;48;2;172;172;205m▀[38;2;172;172;205;48;2;213;213;255m▀[38;2;65;65;131m▀▀[38;2;172;172;205m▀[38;2;213;213;255m▀▀[38;2;115;131;172m▀[38;2;213;213;255;48;2;16;16;16m▀[38;2;65;65;131;48;2;213;213;255m▀[38;2;213;213;255;48;2;65;65;131m▀[48;2;213;213;255m▀▀▀▀▀▀▀[38;2;115;131;172m▀[38;2;16;16;16m▀[38;2;65;65;131;48;2;16;16;16m▀[38;2;213;213;255;48;2;172;172;205m▀▀[38;2;172;172;205;48;2;65;65;131m▀[38;2;65;65;131;49m▀[0m
[0m   [38;2;65;65;131m▀▀[0m  [38;2;16;16;16m▀[38;2;172;172;205;48;2;16;16;16m▀[38;2;213;213;255;48;2;172;172;205m▀▀[38;2;172;172;205m▀▀[38;2;213;213;255;48;2;213;213;255m▀▀▀[38;2;16;16;16m▀▀[38;2;213;213;255m▀▀▀▀▀▀[48;2;115;131;172m▀[38;2;115;131;172;48;2;65;65;131m▀[38;2;213;213;255m▀[48;2;213;213;255m▀[38;2;16;16;16m▀[38;2;172;172;205;48;2;16;16;16m▀[38;2;65;65;131;49m▀[0m
[0m        [38;2;16;16;16;48;2;65;65;131m▀[38;2;172;172;205;48;2;213;213;255m▀▀▀[38;2;213;213;255m▀▀▀▀▀▀▀▀▀▀▀▀[38;2;115;131;172m▀[38;2;65;65;131;48;2;115;131;172m▀▀[38;2;115;131;172;48;2;213;213;255m▀[38;2;213;213;255m▀[38;2;172;172;205;48;2;172;172;205m▀[38;2;16;16;16;48;2;16;16;16m▀[38;2;65;65;131;48;2;172;172;205m▀[48;2;65;65;131m▀[0m
[0m         [38;2;65;65;131;48;2;65;65;131m▀[38;2;213;213;255;48;2;213;213;255m▀▀▀▀▀▀▀▀▀▀▀[38;2;115;131;172;48;2;65;65;131m▀▀[38;2;213;213;255;48;2;213;213;255m▀▀▀▀▀[48;2;172;172;205m▀[38;2;172;172;205;48;2;65;65;131m▀[48;2;172;172;205m▀[38;2;16;16;16;48;2;16;16;16m▀[0m
[0m         [38;2;65;65;131;48;2;65;65;131m▀[38;2;213;213;255;48;2;213;213;255m▀[48;2;172;172;205m▀[48;2;213;213;255m▀▀▀▀[48;2;172;172;205m▀[48;2;213;213;255m▀▀▀▀[38;2;65;65;131m▀▀[38;2;172;172;205;48;2;172;172;205m▀[38;2;213;213;255m▀▀▀[38;2;172;172;205m▀▀[38;2;65;65;131;48;2;115;131;172m▀[38;2;172;172;205;48;2;172;172;205m▀[38;2;16;16;16;48;2;16;16;16m▀[0m
[0m         [38;2;65;65;131;48;2;65;65;131m▀[38;2;213;213;255;48;2;213;213;255m▀[38;2;65;65;131;48;2;65;65;131m▀[38;2;172;172;205;48;2;172;172;205m▀[38;2;213;213;255m▀▀▀[38;2;65;65;131;48;2;65;65;131m▀[38;2;213;213;255;48;2;213;213;255m▀[48;2;115;131;172m▀▀[48;2;213;213;255m▀[48;2;172;172;205m▀[38;2;172;172;205m▀[38;2;115;131;172;48;2;65;65;131m▀[38;2;172;172;205;48;2;172;172;205m▀▀▀[48;2;115;131;172m▀[48;2;172;172;205m▀▀[48;2;16;16;16m▀[38;2;16;16;16;49m▀[0m
[0m         [38;2;65;65;131m▀[38;2;172;172;205;48;2;65;65;131m▀[48;2;172;172;205m▀[38;2;16;16;16m▀[38;2;172;172;205;48;2;16;16;16m▀[48;2;172;172;205m▀▀[38;2;65;65;131;48;2;65;65;131m▀[38;2;172;172;205;48;2;172;172;205m▀[38;2;65;65;131m▀▀[38;2;213;213;255m▀[38;2;172;172;205m▀▀[38;2;16;16;16;48;2;16;16;16m▀[38;2;172;172;205;48;2;172;172;205m▀[48;2;115;131;172m▀[38;2;65;65;131;48;2;65;65;131m▀[48;2;172;172;205m▀[38;2;172;172;205m▀[48;2;16;16;16m▀[38;2;16;16;16;49m▀[0m
[0m          [38;2;65;65;131;48;2;65;65;131m▀[38;2;172;172;205;48;2;172;172;205m▀▀▀[38;2;16;16;16;48;2;16;16;16m▀[49m▀[38;2;172;172;205;48;2;16;16;16m▀[38;2;65;65;131m▀[38;2;172;172;205;48;2;172;172;205m▀▀▀▀[48;2;16;16;16m▀[38;2;16;16;16;48;2;172;172;205m▀[38;2;172;172;205m▀▀[48;2;16;16;16m▀▀[38;2;16;16;16;48;2;172;172;205m▀[38;2;172;172;205m▀[38;2;16;16;16;48;2;16;16;16m▀[0m
[0m         [38;2;65;65;131m▄[48;2;248;248;255m▀[38;2;115;131;172;48;2;115;131;172m▀[48;2;248;248;255m▀[38;2;172;172;205;48;2;115;131;172m▀[38;2;16;16;16;48;2;16;16;16m▀[0m [38;2;65;65;131m▀[38;2;16;16;16;48;2;16;16;16m▀[38;2;172;172;205;48;2;115;131;172m▀▀▀[48;2;172;172;205m▀[38;2;16;16;16;48;2;16;16;16m▀[49m▀[48;2;16;16;16m▀[48;2;248;248;255m▀[38;2;115;131;172;48;2;115;131;172m▀[48;2;248;248;255m▀[38;2;172;172;205;48;2;115;131;172m▀[48;2;16;16;16m▀[38;2;16;16;16;49m▀[0m
[0m          [38;2;16;16;16m▀▀▀▀[0m   [38;2;16;16;16m▀[38;2;248;248;255;48;2;16;16;16m▀[38;2;115;131;172m▀[38;2;248;248;255m▀[38;2;115;131;172m▀[38;2;16;16;16;49m▀[0m  [38;2;16;16;16m▀▀▀▀[0m
