[0m    [38;2;90;148;180m▄[48;2;197;230;238m▀[48;2;90;148;180m▀[0m
[0m    [38;2;90;148;180;48;2;90;148;180m▀[38;2;197;230;238;48;2;197;230;238m▀[38;2;57;90;98;48;2;57;90;98m▀[0m  [38;2;90;148;180m▄[48;2;197;230;238m▀[48;2;57;90;98m▀[0m
[0m   [38;2;90;148;180m▄[38;2;139;197;205;48;2;197;230;238m▀[38;2;197;230;238m▀[38;2;139;197;205;48;2;139;197;205m▀[38;2;90;148;180m▀[48;2;197;230;238m▀[38;2;197;230;238;48;2;139;197;205m▀[38;2;139;197;205m▀[38;2;57;90;98;48;2;57;90;98m▀[0m             [38;2;90;148;180m▄▄[48;2;197;230;238m▀▀▀[48;2;57;90;98m▀[0m
[0m   [38;2;90;148;180;48;2;90;148;180m▀[38;2;197;230;238;48;2;197;230;238m▀[38;2;139;197;205;48;2;139;197;205m▀▀▀▀▀▀[38;2;57;90;98m▀[38;2;16;16;16;49m▄[0m     [38;2;90;148;180m▄▄[0m  [38;2;90;148;180m▄[48;2;197;230;238m▀▀[38;2;197;230;238m▀▀[48;2;139;197;205m▀[38;2;139;197;205;48;2;57;90;98m▀[38;2;57;90;98;49m▀[0m
[38;2;90;148;180;48;2;90;148;180m▀[38;2;57;90;98;48;2;197;230;238m▀[49m▄[38;2;90;148;180;48;2;90;148;180m▀[38;2;197;230;238;48;2;197;230;238m▀[38;2;139;197;205;48;2;139;197;205m▀▀▀▀▀▀▀[38;2;57;90;98m▀[49m▄[0m   [38;2;90;148;180;48;2;90;148;180m▀[38;2;197;230;238;48;2;197;230;238m▀[38;2;57;90;98;48;2;57;90;98m▀[38;2;90;148;180;49m▄[48;2;197;230;238m▀[38;2;197;230;238;48;2;139;197;205m▀[48;2;16;98;180m▀▀[38;2;139;197;205m▀[48;2;139;197;205m▀▀[38;2;57;90;98m▀[49m▄▄[0m
[38;2;90;148;180;49m▀[38;2;197;230;238;48;2;90;148;180m▀[48;2;197;230;238m▀[38;2;57;90;98;48;2;139;197;205m▀[38;2;139;197;205;48;2;90;148;180m▀[48;2;139;197;205m▀▀▀▀▀▀▀▀[38;2;57;90;98;48;2;16;16;16m▀[0m  [38;2;90;148;180;48;2;90;148;180m▀[38;2;197;230;238;48;2;197;230;238m▀▀[38;2;57;90;98;48;2;90;148;180m▀[38;2;197;230;238;48;2;197;230;238m▀[48;2;24;57;115m▀[38;2;24;57;115m▀▀▀▀[38;2;16;98;180m▀[38;2;139;197;205;48;2;16;98;180m▀[48;2;139;197;205m▀▀[48;2;90;148;180m▀[38;2;57;90;98;48;2;57;90;98m▀[0m
[0m [38;2;57;90;98m▀[38;2;197;230;238;48;2;90;148;180m▀[48;2;197;230;238m▀[38;2;139;197;205m▀[48;2;139;197;205m▀▀▀▀[48;2;90;148;180m▀▀[48;2;57;90;98m▀▀[38;2;16;16;16m▀[38;2;57;90;98;49m▄▄[38;2;90;148;180;48;2;90;148;180m▀[38;2;197;230;238;48;2;197;230;238m▀▀[48;2;16;98;180m▀[38;2;24;57;115;48;2;24;57;115m▀▀[48;2;74;131;246m▀▀▀[48;2;24;57;115m▀▀▀[38;2;139;197;205m▀[48;2;139;197;205m▀[38;2;57;90;98m▀[49m▄[0m
[0m  [38;2;57;90;98m▀[38;2;90;148;180;48;2;57;90;98m▀[38;2;197;230;238;48;2;139;197;205m▀[48;2;197;230;238m▀[38;2;139;197;205;48;2;139;197;205m▀[48;2;90;148;180m▀[38;2;90;148;180;48;2;197;230;238m▀[38;2;139;197;205m▀[38;2;197;230;238m▀▀▀▀▀[38;2;90;148;180;48;2;90;148;180m▀[38;2;197;230;238;48;2;197;230;238m▀▀[48;2;16;98;180m▀[38;2;24;57;115;48;2;24;57;115m▀[48;2;74;131;246m▀[38;2;74;131;246m▀▀▀▀▀[38;2;24;57;115;48;2;24;57;115m▀▀▀[38;2;139;197;205;48;2;139;197;205m▀▀[38;2;57;90;98;48;2;57;90;98m▀[38;2;90;148;180;48;2;197;230;238m▀[38;2;57;90;98m▀[49m▄[0m
[0m    [38;2;57;90;98m▀[38;2;139;197;205;48;2;90;148;180m▀[38;2;90;148;180m▀[38;2;139;197;205;48;2;197;230;238m▀[38;2;197;230;238m▀▀▀▀▀▀[38;2;139;197;205;48;2;139;197;205m▀[38;2;90;148;180;48;2;90;148;180m▀[38;2;197;230;238;48;2;197;230;238m▀▀[38;2;24;57;115;48;2;16;98;180m▀[38;2;16;98;180;48;2;57;90;98m▀[38;2;74;131;246;48;2;74;131;246m▀▀▀▀▀[48;2;24;57;115m▀[38;2;24;57;115m▀▀[38;2;16;98;180;48;2;139;197;205m▀[38;2;139;197;205;48;2;90;148;180m▀[38;2;57;90;98;48;2;57;90;98m▀[38;2;197;230;238;48;2;197;230;238m▀▀▀[38;2;57;90;98;48;2;57;90;98m▀[0m
[0m   [38;2;90;148;180m▄[48;2;197;230;238m▀[38;2;197;230;238m▀[38;2;139;197;205;48;2;139;197;205m▀[38;2;197;230;238;48;2;197;230;238m▀▀▀▀▀▀[38;2;139;197;205;48;2;139;197;205m▀▀[38;2;90;148;180m▀[38;2;197;230;238m▀[38;2;139;197;205m▀▀▀[38;2;57;90;98m▀[38;2;74;131;246;48;2;74;131;246m▀[48;2;24;57;115m▀▀[38;2;24;57;115;48;2;16;98;180m▀[48;2;90;148;180m▀[38;2;16;98;180m▀[38;2;90;148;180m▀[48;2;16;16;16m▀[38;2;16;16;16;48;2;139;197;205m▀[38;2;197;230;238m▀[48;2;197;230;238m▀▀[48;2;139;197;205m▀[38;2;16;16;16;48;2;16;16;16m▀[0m
[0m   [38;2;90;148;180m▀[38;2;197;230;238;48;2;90;148;180m▀[48;2;197;230;238m▀▀▀▀▀▀[48;2;139;197;205m▀[38;2;139;197;205;48;2;90;148;180m▀[48;2;139;197;205m▀▀▀▀▀▀▀▀▀[38;2;90;148;180;48;2;90;148;180m▀[48;2;57;90;98m▀[48;2;16;16;16m▀▀[38;2;57;90;98;48;2;139;197;205m▀[38;2;16;16;16m▀[38;2;90;148;180m▀[38;2;139;197;205;48;2;90;148;180m▀[48;2;139;197;205m▀▀▀▀[38;2;16;16;16;48;2;16;16;16m▀[0m [38;2;57;90;98m▄▄[0m
[0m    [38;2;57;90;98m▀[38;2;197;230;238;48;2;16;16;16m▀[38;2;139;197;205;48;2;197;230;238m▀[38;2;197;230;238m▀▀[48;2;139;197;205m▀[38;2;139;197;205m▀[48;2;90;148;180m▀[48;2;197;230;238m▀[38;2;197;230;238m▀[38;2;139;197;205;48;2;90;148;180m▀[38;2;90;148;180;48;2;16;16;16m▀[38;2;57;90;98;48;2;255;255;255m▀[38;2;139;197;205;48;2;90;148;180m▀[48;2;139;197;205m▀▀▀▀▀▀▀▀▀▀▀▀[38;2;90;148;180m▀[38;2;139;197;205m▀▀[48;2;90;148;180m▀[38;2;57;90;98;48;2;57;90;98m▀[48;2;139;197;205m▀[38;2;139;197;205m▀▀[38;2;57;90;98;48;2;16;16;16m▀[0m
[0m    [38;2;57;90;98m▄[38;2;212;48;32;48;2;212;48;32m▀[38;2;139;197;205;48;2;90;148;180m▀[48;2;139;197;205m▀▀▀▀[38;2;90;148;180m▀[38;2;197;230;238m▀[38;2;16;16;16;48;2;212;48;32m▀[38;2;212;48;32;48;2;255;255;255m▀[38;2;255;156;139;48;2;212;48;32m▀[38;2;255;255;255;48;2;255;255;255m▀[48;2;197;230;238m▀[38;2;139;197;205;48;2;90;148;180m▀[48;2;139;197;205m▀▀▀▀▀▀▀▀[38;2;90;148;180m▀[38;2;57;90;98;48;2;57;90;98m▀[38;2;90;148;180m▀[38;2;139;197;205m▀[48;2;139;197;205m▀▀▀▀[38;2;57;90;98m▀[38;2;139;197;205;48;2;90;148;180m▀[38;2;90;148;180;48;2;57;90;98m▀[38;2;16;16;16;49m▀[0m     [38;2;90;148;180m▄▄[0m
[0m   [38;2;57;90;98;48;2;57;90;98m▀[38;2;139;197;205;48;2;197;230;238m▀[38;2;90;148;180m▀[48;2;139;197;205m▀[38;2;139;197;205m▀▀▀▀▀[38;2;57;90;98m▀[38;2;212;48;32m▀[38;2;255;156;139m▀[38;2;212;48;32m▀[38;2;139;197;205m▀[38;2;90;148;180m▀[38;2;139;197;205m▀▀▀▀[38;2;90;148;180;48;2;57;90;98m▀[38;2;139;197;205;48;2;139;197;205m▀▀▀▀▀▀[38;2;57;90;98m▀[38;2;90;148;180m▀[38;2;139;197;205m▀▀▀▀▀[38;2;57;90;98m▀[38;2;16;16;16;48;2;16;16;16m▀[38;2;57;90;98;49m▄▄[38;2;90;148;180m▄[38;2;57;90;98;48;2;90;148;180m▀▀[38;2;90;148;180;48;2;139;197;205m▀[38;2;139;197;205m▀▀[38;2;57;90;98;48;2;57;90;98m▀[0m
[0m  [38;2;90;148;180m▄[48;2;197;230;238m▀[38;2;57;90;98;48;2;57;90;98m▀[38;2;197;230;238;48;2;197;230;238m▀▀▀[38;2;139;197;205;48;2;139;197;205m▀▀▀▀▀▀▀[38;2;90;148;180;48;2;16;16;16m▀[38;2;57;90;98;48;2;255;255;255m▀[38;2;16;16;16;48;2;57;90;98m▀[38;2;57;90;98;48;2;139;197;205m▀[38;2;139;197;205m▀[48;2;57;90;98m▀[38;2;90;148;180;48;2;139;197;205m▀▀[38;2;139;197;205;48;2;197;230;238m▀[38;2;90;148;180m▀[48;2;139;197;205m▀[38;2;139;197;205;48;2;90;148;180m▀[48;2;139;197;205m▀▀▀▀▀▀[48;2;90;148;180m▀[38;2;90;148;180;48;2;57;90;98m▀▀[38;2;139;197;205;48;2;139;197;205m▀[38;2;57;90;98m▀[38;2;90;148;180;48;2;16;16;16m▀[48;2;90;148;180m▀▀▀▀▀▀[48;2;57;90;98m▀[38;2;16;16;16;49m▀[0m
[0m [38;2;90;148;180m▄[48;2;197;230;238m▀[38;2;197;230;238m▀▀[38;2;57;90;98m▀[38;2;197;230;238;48;2;57;90;98m▀[38;2;139;197;205;48;2;16;16;16m▀[38;2;90;148;180;48;2;139;197;205m▀[38;2;139;197;205m▀[48;2;57;90;98m▀[48;2;16;16;16m▀[38;2;57;90;98;48;2;212;48;32m▀▀[38;2;16;16;16m▀[38;2;212;48;32;48;2;57;90;98m▀[38;2;213;213;213;48;2;90;148;180m▀[38;2;90;148;180;48;2;139;197;205m▀[38;2;139;197;205m▀[48;2;57;90;98m▀[38;2;57;90;98;48;2;139;197;205m▀[38;2;139;197;205m▀[38;2;197;230;238;48;2;197;230;238m▀▀▀▀[38;2;139;197;205;48;2;139;197;205m▀[38;2;90;148;180;48;2;57;90;98m▀[38;2;139;197;205;48;2;139;197;205m▀▀[38;2;90;148;180;48;2;90;148;180m▀[38;2;139;197;205;48;2;139;197;205m▀▀[38;2;90;148;180m▀[38;2;57;90;98;48;2;57;90;98m▀▀[38;2;90;148;180;48;2;90;148;180m▀[38;2;139;197;205;48;2;139;197;205m▀[38;2;57;90;98m▀[38;2;90;148;180;48;2;16;16;16m▀[48;2;90;148;180m▀▀▀▀[48;2;16;16;16m▀[38;2;16;16;16;49m▀[0m
[38;2;131;131;131;48;2;131;131;131m▀[38;2;57;90;98;48;2;213;213;213m▀[38;2;197;230;238;48;2;90;148;180m▀▀[38;2;139;197;205;48;2;139;197;205m▀[48;2;90;148;180m▀[48;2;16;16;16m▀[38;2;57;90;98;49m▀[38;2;16;16;16m▀▀[0m [38;2;57;90;98m▀▀▀[38;2;139;197;205;48;2;16;16;16m▀▀[48;2;57;90;98m▀[48;2;197;230;238m▀[38;2;57;90;98m▀[48;2;57;90;98m▀[48;2;197;230;238m▀[38;2;90;148;180m▀[38;2;139;197;205;48;2;139;197;205m▀[48;2;90;148;180m▀[38;2;197;230;238;48;2;139;197;205m▀[38;2;139;197;205m▀▀[38;2;57;90;98;48;2;16;16;16m▀[38;2;197;230;238;48;2;197;230;238m▀[38;2;57;90;98;48;2;57;90;98m▀[38;2;139;197;205;48;2;139;197;205m▀▀[48;2;90;148;180m▀▀[38;2;90;148;180;48;2;139;197;205m▀[38;2;57;90;98m▀[38;2;90;148;180m▀[38;2;139;197;205m▀▀[38;2;16;16;16;48;2;57;90;98m▀[38;2;90;148;180;48;2;90;148;180m▀▀▀[38;2;16;16;16;48;2;16;16;16m▀[0m
[38;2;16;16;16;49m▀[38;2;131;131;131;48;2;16;16;16m▀[38;2;255;255;255;48;2;255;255;255m▀[48;2;16;16;16m▀[38;2;16;16;16;49m▀[38;2;255;255;255;48;2;16;16;16m▀[38;2;16;16;16;49m▀[0m      [38;2;57;90;98m▄[48;2;90;148;180m▀[38;2;90;148;180m▀[38;2;57;90;98m▀[38;2;197;230;238;48;2;57;90;98m▀[38;2;57;90;98m▀[38;2;139;197;205;48;2;197;230;238m▀[38;2;197;230;238m▀▀▀▀[38;2;90;148;180;48;2;57;90;98m▀[38;2;139;197;205;48;2;139;197;205m▀[38;2;57;90;98;48;2;16;16;16m▀[38;2;197;230;238;48;2;197;230;238m▀▀[38;2;57;90;98;48;2;57;90;98m▀[38;2;139;197;205;48;2;139;197;205m▀▀[38;2;57;90;98;48;2;90;148;180m▀[48;2;57;90;98m▀[48;2;90;148;180m▀[38;2;139;197;205;48;2;139;197;205m▀▀▀▀[38;2;90;148;180;48;2;90;148;180m▀[38;2;57;90;98;48;2;16;16;16m▀[38;2;90;148;180m▀[38;2;16;16;16;49m▀[0m
[0m  [38;2;16;16;16m▀[0m          [38;2;57;90;98;48;2;16;16;16m▀[38;2;90;148;180;48;2;90;148;180m▀▀▀[38;2;57;90;98;48;2;57;90;98m▀[38;2;139;197;205;48;2;139;197;205m▀[38;2;197;230;238m▀[48;2;197;230;238m▀▀[48;2;139;197;205m▀[38;2;139;197;205m▀[48;2;57;90;98m▀[38;2;16;16;16;48;2;197;230;238m▀[38;2;197;230;238m▀▀▀▀[38;2;57;90;98;48;2;57;90;98m▀[38;2;139;197;205;48;2;90;148;180m▀[48;2;139;197;205m▀[38;2;57;90;98m▀[38;2;139;197;205m▀▀[48;2;90;148;180m▀▀[38;2;90;148;180m▀▀[38;2;16;16;16;48;2;57;90;98m▀[0m
[0m             [38;2;16;16;16m▀[38;2;57;90;98;48;2;16;16;16m▀[38;2;90;148;180;48;2;90;148;180m▀[38;2;57;90;98;48;2;57;90;98m▀[38;2;139;197;205;48;2;139;197;205m▀▀▀▀▀▀[48;2;57;90;98m▀[38;2;16;16;16;48;2;197;230;238m▀[38;2;197;230;238m▀▀▀▀[48;2;139;197;205m▀[48;2;16;16;16m▀[38;2;57;90;98;48;2;57;90;98m▀[38;2;90;148;180;48;2;90;148;180m▀▀[38;2;139;197;205m▀[38;2;90;148;180;48;2;139;197;205m▀[38;2;139;197;205;48;2;90;148;180m▀[38;2;90;148;180m▀▀▀[38;2;57;90;98;48;2;16;16;16m▀[0m
[0m              [38;2;131;131;131;48;2;131;131;131m▀[38;2;16;16;16;48;2;255;255;255m▀[38;2;57;90;98;48;2;57;90;98m▀[38;2;139;197;205;48;2;90;148;180m▀[48;2;139;197;205m▀▀▀[48;2;90;148;180m▀[48;2;16;16;16m▀[38;2;16;16;16;49m▀[38;2;57;90;98m▀▀▀▀▀▀[0m  [38;2;16;16;16m▀[38;2;90;148;180;48;2;57;90;98m▀[48;2;90;148;180m▀▀[48;2;57;90;98m▀▀[48;2;90;148;180m▀[48;2;57;90;98m▀[38;2;57;90;98m▀[0m
[0m              [38;2;131;131;131m▀[38;2;16;16;16m▀[48;2;131;131;131m▀[38;2;213;213;213;48;2;255;255;255m▀[38;2;90;148;180;48;2;16;16;16m▀[38;2;139;197;205;48;2;57;90;98m▀[38;2;90;148;180;48;2;255;255;255m▀[38;2;213;213;213;48;2;213;213;213m▀[38;2;16;16;16;48;2;131;131;131m▀[0m         [38;2;131;131;131;48;2;131;131;131m▀[38;2;213;213;213;48;2;16;16;16m▀[38;2;57;90;98m▀[38;2;213;213;213;48;2;131;131;131m▀[48;2;255;255;255m▀▀[48;2;16;16;16m▀[38;2;57;90;98;49m▀[38;2;213;213;213;48;2;16;16;16m▀[38;2;16;16;16m▀[0m
[0m                [38;2;131;131;131m▀[38;2;16;16;16m▀[0m  [38;2;16;16;16m▀[38;2;131;131;131m▀[0m             [38;2;131;131;131m▀[38;2;16;16;16m▀▀[0m
