[0m                                            [38;2;98;139;172m▄▄▄[48;2;90;180;205m▀[38;2;49;74;74m▀▀▀▀[49m▄[0m
[0m                      [38;2;98;139;172m▄▄[0m        [38;2;49;74;74m▄[38;2;98;139;172m▄[38;2;49;74;74;48;2;90;180;205m▀[48;2;98;139;172m▀[49m▄[38;2;98;139;172m▄[48;2;156;213;222m▀[48;2;49;74;74m▀[0m [38;2;98;139;172m▄[48;2;90;180;205m▀▀[38;2;90;180;205m▀▀▀▀▀▀[48;2;49;74;74m▀[38;2;49;74;74;49m▀[0m
[0m                      [38;2;49;74;74;48;2;49;74;74m▀[38;2;156;213;222;48;2;90;180;205m▀[38;2;98;139;172;48;2;156;213;222m▀[38;2;49;74;74m▀[49m▄▄[0m  [38;2;49;74;74m▄[48;2;49;74;74m▀[38;2;90;180;205m▀▀[38;2;98;139;172m▀▀[38;2;49;74;74;48;2;90;180;205m▀[38;2;156;213;222m▀[38;2;90;180;205m▀[38;2;98;139;172;48;2;49;74;74m▀[38;2;49;74;74;48;2;90;180;205m▀[38;2;90;180;205m▀▀[48;2;16;16;16m▀▀[38;2;49;74;74;48;2;189;172;90m▀▀▀[38;2;90;180;205;48;2;49;74;74m▀[48;2;90;180;205m▀[38;2;49;74;74m▀[38;2;98;139;172;49m▄[0m
[0m                       [38;2;49;74;74;48;2;49;74;74m▀[38;2;90;180;205;48;2;90;180;205m▀[38;2;156;213;222m▀[48;2;156;213;222m▀▀[38;2;49;74;74m▀[48;2;90;180;205m▀[38;2;90;180;205m▀▀▀▀▀▀[38;2;98;139;172m▀▀[38;2;90;180;205;48;2;49;74;74m▀[38;2;98;139;172;48;2;90;180;205m▀[38;2;90;180;205m▀[48;2;16;16;16m▀[38;2;16;16;16;48;2;115;90;41m▀[38;2;115;90;41m▀▀▀[38;2;189;172;90m▀[48;2;189;172;90m▀▀[38;2;98;139;172;48;2;49;74;74m▀[38;2;90;180;205;48;2;90;180;205m▀[38;2;49;74;74;48;2;49;74;74m▀[0m
[0m                        [38;2;49;74;74;48;2;98;139;172m▀[38;2;90;180;205;48;2;90;180;205m▀[48;2;156;213;222m▀[38;2;156;213;222m▀▀▀[38;2;90;180;205;48;2;98;139;172m▀[48;2;156;213;222m▀[48;2;90;180;205m▀▀[48;2;49;74;74m▀▀[48;2;98;139;172m▀[48;2;90;180;205m▀[38;2;98;139;172m▀[38;2;90;180;205m▀[38;2;16;16;16;48;2;49;74;74m▀[38;2;115;90;41;48;2;115;90;41m▀▀▀▀▀▀[38;2;189;172;90;48;2;189;172;90m▀▀[38;2;49;74;74;48;2;49;74;74m▀[38;2;90;180;205;48;2;90;180;205m▀[38;2;16;16;16;48;2;16;16;16m▀[0m
[0m                       [38;2;98;139;172;48;2;98;139;172m▀[38;2;156;213;222;48;2;156;213;222m▀▀▀▀▀[38;2;98;139;172;48;2;90;180;205m▀[38;2;156;213;222;48;2;156;213;222m▀[48;2;49;74;74m▀[38;2;98;139;172;48;2;16;16;16m▀▀[38;2;255;255;255;48;2;115;90;41m▀[38;2;213;213;213;48;2;255;255;255m▀[38;2;49;74;74;48;2;49;74;74m▀[38;2;90;180;205;48;2;90;180;205m▀▀▀[38;2;115;90;41m▀[48;2;115;90;41m▀▀▀▀▀[48;2;189;172;90m▀[38;2;189;172;90m▀[48;2;98;139;172m▀[38;2;98;139;172;48;2;90;180;205m▀[38;2;90;180;205;48;2;16;16;16m▀[38;2;16;16;16;49m▀[0m
[0m                      [38;2;98;139;172;48;2;98;139;172m▀[38;2;156;213;222;48;2;156;213;222m▀▀[48;2;98;139;172m▀[48;2;156;213;222m▀▀[48;2;90;180;205m▀[38;2;90;180;205m▀[38;2;49;74;74m▀[38;2;115;90;41m▀[38;2;255;255;255;48;2;98;139;172m▀[38;2;16;16;16m▀▀[38;2;255;255;255m▀[38;2;98;139;172;48;2;90;180;205m▀[38;2;90;180;205m▀▀▀▀▀[38;2;115;90;41m▀[48;2;16;16;16m▀▀▀[38;2;49;74;74;48;2;90;180;205m▀[38;2;98;139;172m▀[38;2;90;180;205;48;2;98;139;172m▀[48;2;16;16;16m▀[38;2;16;16;16;49m▀[0m
[0m                     [38;2;98;139;172;48;2;49;74;74m▀[38;2;156;213;222;48;2;90;180;205m▀▀[38;2;98;139;172m▀[38;2;90;180;205m▀▀▀▀▀▀▀▀▀▀▀▀▀▀▀▀▀▀▀▀▀[48;2;16;16;16m▀▀[38;2;16;16;16;49m▀[0m
[0m                     [38;2;49;74;74m▀[38;2;90;180;205;48;2;90;180;205m▀▀[48;2;49;74;74m▀[38;2;98;139;172m▀[38;2;49;74;74;48;2;230;205;139m▀[38;2;16;16;16m▀▀▀[38;2;49;74;74m▀[38;2;98;139;172m▀[38;2;90;180;205;48;2;16;16;16m▀[48;2;49;74;74m▀[48;2;98;139;172m▀▀[48;2;115;90;41m▀▀▀[48;2;90;180;205m▀▀▀▀[38;2;98;139;172;48;2;98;139;172m▀[38;2;16;16;16m▀▀[38;2;49;74;74m▀[48;2;49;74;74m▀[0m
[0m                      [38;2;49;74;74m▀[38;2;16;16;16m▀[38;2;230;205;139;48;2;115;90;41m▀[48;2;230;205;139m▀▀▀▀▀▀▀▀▀▀▀▀▀▀[38;2;115;90;41m▀[38;2;90;180;205;48;2;115;90;41m▀[48;2;90;180;205m▀[38;2;98;139;172;48;2;98;139;172m▀▀▀▀▀▀[38;2;49;74;74;48;2;49;74;74m▀[0m
[0m                        [38;2;115;90;41m▀[38;2;230;205;139;48;2;115;90;41m▀[48;2;230;205;139m▀▀▀▀▀▀▀▀▀▀▀▀▀▀[38;2;16;16;16;48;2;16;16;16m▀[38;2;98;139;172;48;2;98;139;172m▀▀▀▀▀▀▀▀[38;2;49;74;74;48;2;49;74;74m▀[0m
[0m                          [38;2;115;90;41m▀[38;2;230;205;139;48;2;115;90;41m▀▀[48;2;230;205;139m▀▀▀▀▀▀▀▀[48;2;16;16;16m▀▀[38;2;115;90;41;48;2;98;139;172m▀[38;2;98;139;172m▀▀▀▀▀▀▀▀▀▀[38;2;49;74;74;48;2;49;74;74m▀[0m
[0m                            [38;2;49;74;74m▄[38;2;115;90;41;48;2;49;74;74m▀▀[48;2;98;139;172m▀▀▀▀[38;2;16;16;16m▀▀[38;2;98;139;172m▀▀▀▀▀▀▀▀▀▀▀▀▀▀[38;2;49;74;74;48;2;49;74;74m▀[38;2;16;16;16;48;2;98;139;172m▀▀[38;2;49;74;74;49m▄▄[0m
[0m                         [38;2;98;139;172m▄[48;2;156;213;222m▀▀[38;2;156;213;222m▀[38;2;98;139;172;48;2;90;180;205m▀[48;2;98;139;172m▀[38;2;49;74;74m▀[38;2;98;139;172;48;2;49;74;74m▀[48;2;98;139;172m▀▀▀▀▀▀▀▀▀▀▀▀▀▀▀▀▀▀▀[38;2;49;74;74;48;2;49;74;74m▀[38;2;98;139;172;48;2;98;139;172m▀▀▀[38;2;49;74;74;48;2;49;74;74m▀[49m▄[0m  [38;2;49;74;74m▄▄[48;2;90;180;205m▀▀▀▀▀▀[49m▄[38;2;16;16;16m▄[0m
[0m          [38;2;98;139;172m▄▄[48;2;156;213;222m▀▀▀▀[38;2;49;74;74m▀▀▀▀[49m▄▄▄[38;2;16;16;16m▄[38;2;98;139;172;48;2;49;74;74m▀[38;2;90;180;205;48;2;98;139;172m▀[38;2;156;213;222;48;2;90;180;205m▀▀[38;2;90;180;205m▀▀▀[38;2;98;139;172;48;2;98;139;172m▀▀[38;2;49;74;74;48;2;16;16;16m▀[38;2;98;139;172;48;2;98;139;172m▀▀▀▀▀▀▀▀▀▀▀▀▀▀▀▀▀▀▀[38;2;49;74;74;48;2;49;74;74m▀[38;2;98;139;172;48;2;98;139;172m▀▀▀[38;2;16;16;16;48;2;16;16;16m▀[38;2;49;74;74;48;2;98;139;172m▀▀[38;2;98;139;172;48;2;49;74;74m▀[48;2;98;139;172m▀▀▀[38;2;90;180;205m▀[48;2;90;180;205m▀▀▀▀[38;2;98;139;172;48;2;98;139;172m▀[38;2;49;74;74m▀[48;2;213;213;213m▀[48;2;255;255;255m▀[38;2;16;16;16;49m▄[0m
[0m        [38;2;98;139;172m▄[48;2;90;180;205m▀[38;2;156;213;222;48;2;156;213;222m▀▀[48;2;98;139;172m▀[38;2;98;139;172;48;2;213;213;213m▀▀[38;2;90;180;205;48;2;98;139;172m▀[48;2;90;180;205m▀▀▀▀▀▀▀[38;2;49;74;74;48;2;98;139;172m▀[38;2;16;16;16;48;2;49;74;74m▀[38;2;90;180;205;48;2;90;180;205m▀[38;2;49;74;74m▀[38;2;90;180;205;48;2;49;74;74m▀[48;2;90;180;205m▀▀▀[38;2;98;139;172;48;2;98;139;172m▀▀[38;2;16;16;16;48;2;16;16;16m▀[38;2;98;139;172;48;2;90;180;205m▀[38;2;90;180;205m▀▀▀▀▀▀▀▀▀▀[38;2;98;139;172m▀▀[48;2;98;139;172m▀▀▀▀▀▀▀[38;2;49;74;74;48;2;49;74;74m▀[38;2;98;139;172;48;2;98;139;172m▀▀[38;2;16;16;16;48;2;49;74;74m▀[38;2;98;139;172;48;2;98;139;172m▀▀▀[38;2;49;74;74;48;2;16;16;16m▀[38;2;98;139;172;48;2;98;139;172m▀▀▀▀[38;2;90;180;205m▀▀[38;2;98;139;172m▀▀▀[38;2;49;74;74;48;2;49;74;74m▀[38;2;213;213;213;48;2;16;16;16m▀[38;2;255;255;255m▀[0m
[0m       [38;2;49;74;74;48;2;49;74;74m▀[38;2;255;255;255;48;2;255;255;255m▀[48;2;213;213;213m▀[38;2;98;139;172;48;2;49;74;74m▀[38;2;90;180;205;48;2;98;139;172m▀[38;2;49;74;74;48;2;49;74;74m▀[38;2;255;255;255;48;2;255;255;255m▀[38;2;213;213;213;48;2;98;139;172m▀[38;2;98;139;172;48;2;49;74;74m▀[38;2;90;180;205;48;2;90;180;205m▀▀▀▀▀[48;2;98;139;172m▀▀[38;2;98;139;172m▀▀[38;2;49;74;74;48;2;49;74;74m▀[38;2;90;180;205;48;2;98;139;172m▀[38;2;49;74;74m▀[38;2;90;180;205;48;2;49;74;74m▀[48;2;98;139;172m▀[38;2;98;139;172m▀▀[48;2;49;74;74m▀[38;2;49;74;74;48;2;189;172;90m▀[38;2;115;90;41m▀[38;2;90;180;205;48;2;115;90;41m▀[48;2;90;180;205m▀▀▀▀▀▀▀▀▀▀▀▀[38;2;98;139;172m▀[48;2;98;139;172m▀▀[48;2;115;90;41m▀[38;2;115;90;41;48;2;189;172;90m▀▀[38;2;49;74;74;48;2;115;90;41m▀[38;2;98;139;172;48;2;49;74;74m▀[38;2;49;74;74;48;2;98;139;172m▀[38;2;98;139;172m▀▀▀▀[38;2;16;16;16;48;2;49;74;74m▀[38;2;98;139;172;48;2;98;139;172m▀▀▀▀▀▀▀▀▀[38;2;16;16;16;48;2;213;213;213m▀[38;2;49;74;74;49m▄[0m
[0m       [38;2;49;74;74m▀[38;2;255;255;255;48;2;16;16;16m▀[38;2;16;16;16;48;2;98;139;172m▀[38;2;98;139;172m▀▀[38;2;49;74;74m▀[38;2;16;16;16m▀▀[38;2;98;139;172m▀[38;2;49;74;74m▀▀[38;2;98;139;172m▀▀▀▀▀▀▀[38;2;49;74;74;48;2;49;74;74m▀[38;2;98;139;172;48;2;98;139;172m▀▀▀[38;2;49;74;74;48;2;16;16;16m▀▀[48;2;189;172;90m▀[38;2;189;172;90m▀[48;2;230;205;139m▀[38;2;230;205;139;48;2;238;230;164m▀▀[38;2;115;90;41m▀▀▀[38;2;90;180;205;48;2;115;90;41m▀▀[48;2;90;180;205m▀▀▀▀▀▀▀[48;2;115;90;41m▀[38;2;98;139;172m▀[38;2;115;90;41;48;2;238;230;164m▀[38;2;230;205;139m▀▀[38;2;189;172;90;48;2;230;205;139m▀[48;2;189;172;90m▀[38;2;115;90;41;48;2;115;90;41m▀[38;2;16;16;16;49m▀[38;2;98;139;172;48;2;16;16;16m▀[48;2;98;139;172m▀▀[48;2;16;16;16m▀[38;2;49;74;74;48;2;98;139;172m▀[38;2;98;139;172m▀▀▀▀▀▀▀▀▀[38;2;213;213;213;48;2;16;16;16m▀[38;2;255;255;255m▀[38;2;16;16;16m▀[0m
[0m        [38;2;16;16;16;48;2;49;74;74m▀[38;2;49;74;74;48;2;213;213;213m▀[38;2;98;139;172m▀[48;2;49;74;74m▀[48;2;98;139;172m▀▀▀▀▀▀▀▀▀▀▀▀[48;2;16;16;16m▀[38;2;16;16;16;49m▀[48;2;16;16;16m▀[48;2;98;139;172m▀▀[38;2;98;139;172m▀[38;2;115;90;41;48;2;16;16;16m▀[38;2;189;172;90;48;2;189;172;90m▀▀[38;2;230;205;139m▀[48;2;238;230;164m▀[38;2;238;230;164;48;2;230;205;139m▀[48;2;238;230;164m▀[48;2;230;205;139m▀[48;2;238;230;164m▀▀▀[38;2;115;90;41;48;2;230;205;139m▀[38;2;90;180;205;48;2;115;90;41m▀[48;2;90;180;205m▀▀▀▀[38;2;115;90;41;48;2;115;90;41m▀[38;2;238;230;164;48;2;238;230;164m▀▀▀▀▀[38;2;230;205;139;48;2;230;205;139m▀[38;2;189;172;90;48;2;189;172;90m▀▀[38;2;115;90;41;48;2;16;16;16m▀[0m [38;2;16;16;16m▀▀[38;2;98;139;172;48;2;16;16;16m▀▀[48;2;98;139;172m▀▀▀▀▀[48;2;16;16;16m▀▀[38;2;16;16;16;49m▀▀[0m
[0m        [38;2;49;74;74;48;2;49;74;74m▀[38;2;213;213;213;48;2;16;16;16m▀[38;2;16;16;16;49m▀▀[38;2;98;139;172;48;2;16;16;16m▀▀[48;2;98;139;172m▀▀▀▀▀▀[48;2;16;16;16m▀▀[38;2;16;16;16;49m▀▀[0m [38;2;49;74;74m▄[38;2;16;16;16;48;2;98;139;172m▀[38;2;98;139;172m▀▀▀[38;2;16;16;16;48;2;115;90;41m▀[38;2;189;172;90;48;2;189;172;90m▀▀▀[38;2;230;205;139m▀[38;2;238;230;164;48;2;230;205;139m▀[38;2;230;205;139m▀[38;2;238;230;164m▀[38;2;230;205;139m▀[38;2;238;230;164m▀▀[38;2;230;205;139m▀[38;2;115;90;41;48;2;115;90;41m▀[38;2;90;180;205;48;2;90;180;205m▀▀▀[38;2;115;90;41;48;2;115;90;41m▀[38;2;230;205;139;48;2;230;205;139m▀[38;2;238;230;164m▀▀▀▀[38;2;230;205;139;48;2;189;172;90m▀[38;2;189;172;90m▀▀▀[38;2;16;16;16;48;2;16;16;16m▀[0m     [38;2;16;16;16m▀▀▀▀[0m
[0m              [38;2;16;16;16m▀▀▀▀▀▀[0m     [38;2;49;74;74;48;2;49;74;74m▀[38;2;98;139;172;48;2;98;139;172m▀▀▀[48;2;90;180;205m▀▀[38;2;16;16;16;48;2;16;16;16m▀[38;2;189;172;90;48;2;189;172;90m▀▀▀▀▀[38;2;230;205;139m▀▀▀▀▀[38;2;16;16;16;48;2;16;16;16m▀[38;2;90;180;205;48;2;90;180;205m▀▀▀[38;2;16;16;16;48;2;16;16;16m▀[38;2;230;205;139;48;2;189;172;90m▀▀▀▀▀[38;2;189;172;90m▀▀▀▀[38;2;16;16;16;48;2;16;16;16m▀[0m
[0m                     [38;2;49;74;74m▄▄▄[48;2;49;74;74m▀[38;2;98;139;172m▀[38;2;49;74;74;48;2;90;180;205m▀[38;2;98;139;172m▀[38;2;90;180;205m▀▀▀▀[38;2;115;90;41m▀[38;2;189;172;90;48;2;115;90;41m▀[48;2;16;16;16m▀[48;2;189;172;90m▀▀▀▀[48;2;16;16;16m▀▀[38;2;16;16;16;48;2;90;180;205m▀[38;2;90;180;205m▀▀▀▀▀[38;2;16;16;16m▀[38;2;189;172;90;48;2;115;90;41m▀[48;2;16;16;16m▀[48;2;189;172;90m▀▀▀▀[48;2;115;90;41m▀[38;2;115;90;41;48;2;16;16;16m▀[38;2;16;16;16;49m▄▄[0m
[0m          [38;2;98;139;172m▄[48;2;156;213;222m▀[38;2;49;74;74;48;2;90;180;205m▀[49m▄[0m [38;2;49;74;74m▄▄▄[48;2;90;180;205m▀▀▀[38;2;90;180;205m▀[48;2;49;74;74m▀[38;2;49;74;74;48;2;90;180;205m▀[38;2;90;180;205;48;2;156;213;222m▀▀[48;2;90;180;205m▀▀▀▀▀▀▀▀▀[38;2;16;16;16m▀▀▀▀[38;2;90;180;205m▀▀▀▀▀▀▀▀▀▀[38;2;98;139;172;48;2;98;139;172m▀[38;2;16;16;16m▀▀▀[38;2;115;90;41m▀[38;2;98;139;172m▀[38;2;16;16;16;48;2;16;16;16m▀[38;2;98;139;172;48;2;98;139;172m▀▀[38;2;16;16;16m▀[38;2;49;74;74;49m▄[0m
[0m          [38;2;49;74;74;48;2;49;74;74m▀[38;2;156;213;222;48;2;156;213;222m▀[38;2;90;180;205;48;2;90;180;205m▀[48;2;49;74;74m▀[38;2;49;74;74;48;2;90;180;205m▀[38;2;90;180;205;48;2;156;213;222m▀▀[48;2;90;180;205m▀▀▀▀[38;2;49;74;74;48;2;49;74;74m▀[38;2;90;180;205;48;2;156;213;222m▀[38;2;156;213;222m▀▀▀▀[38;2;90;180;205;48;2;90;180;205m▀▀[48;2;98;139;172m▀[38;2;98;139;172m▀[38;2;189;172;90m▀[48;2;230;205;139m▀[38;2;90;180;205;48;2;189;172;90m▀▀▀[48;2;90;180;205m▀▀▀▀▀▀▀▀▀▀▀▀[38;2;98;139;172;48;2;98;139;172m▀▀▀▀[48;2;115;90;41m▀▀[38;2;16;16;16;48;2;16;16;16m▀[38;2;98;139;172;48;2;98;139;172m▀▀▀▀[38;2;49;74;74m▀[49m▄[0m
[0m      [38;2;98;139;172m▄▄▄[48;2;156;213;222m▀[38;2;49;74;74m▀[38;2;90;180;205;48;2;90;180;205m▀[38;2;49;74;74;48;2;49;74;74m▀[38;2;90;180;205;48;2;156;213;222m▀[38;2;156;213;222m▀▀▀▀[38;2;90;180;205;48;2;90;180;205m▀▀[38;2;49;74;74;48;2;49;74;74m▀[38;2;90;180;205;48;2;90;180;205m▀[38;2;156;213;222;48;2;156;213;222m▀▀▀[48;2;90;180;205m▀[38;2;90;180;205m▀▀[48;2;98;139;172m▀[38;2;49;74;74;48;2;49;74;74m▀[38;2;98;139;172;48;2;98;139;172m▀▀[38;2;49;74;74m▀[38;2;230;205;139;48;2;230;205;139m▀[38;2;238;230;164;48;2;238;230;164m▀▀[38;2;189;172;90m▀▀▀▀[38;2;90;180;205;48;2;189;172;90m▀▀▀[48;2;115;90;41m▀▀▀▀[38;2;98;139;172m▀▀[38;2;115;90;41;48;2;189;172;90m▀▀▀[38;2;189;172;90m▀[48;2;16;16;16m▀[38;2;16;16;16;48;2;98;139;172m▀[38;2;98;139;172m▀▀▀▀▀[38;2;16;16;16;48;2;16;16;16m▀[0m
[38;2;98;139;172;49m▄[48;2;156;213;222m▀▀▀▀▀[38;2;156;213;222m▀[48;2;98;139;172m▀[38;2;98;139;172;48;2;156;213;222m▀[38;2;156;213;222m▀[48;2;90;180;205m▀[38;2;49;74;74;48;2;49;74;74m▀[38;2;90;180;205;48;2;90;180;205m▀[38;2;156;213;222;48;2;156;213;222m▀▀▀[48;2;90;180;205m▀[38;2;90;180;205m▀▀▀[38;2;49;74;74;48;2;49;74;74m▀[38;2;90;180;205;48;2;90;180;205m▀▀▀▀▀[48;2;98;139;172m▀[38;2;98;139;172;48;2;49;74;74m▀[38;2;49;74;74;48;2;90;180;205m▀[38;2;98;139;172;48;2;98;139;172m▀▀▀▀[38;2;49;74;74;48;2;49;74;74m▀[38;2;230;205;139;48;2;230;205;139m▀[38;2;238;230;164m▀[48;2;238;230;164m▀▀▀▀▀[48;2;230;205;139m▀▀[38;2;230;205;139m▀[48;2;189;172;90m▀[38;2;189;172;90m▀▀▀▀▀▀▀[48;2;16;16;16m▀[38;2;16;16;16;48;2;98;139;172m▀[38;2;49;74;74m▀▀[38;2;98;139;172;48;2;49;74;74m▀[48;2;16;16;16m▀▀▀[38;2;16;16;16;48;2;98;139;172m▀[38;2;49;74;74;48;2;49;74;74m▀[0m
[38;2;49;74;74;48;2;49;74;74m▀[38;2;90;180;205;48;2;98;139;172m▀[38;2;156;213;222m▀[48;2;90;180;205m▀▀▀[38;2;98;139;172;48;2;98;139;172m▀[38;2;156;213;222;48;2;90;180;205m▀[38;2;90;180;205m▀▀▀[38;2;49;74;74;48;2;49;74;74m▀[38;2;90;180;205;48;2;90;180;205m▀▀▀▀▀▀[48;2;98;139;172m▀[38;2;49;74;74;48;2;49;74;74m▀[38;2;90;180;205;48;2;90;180;205m▀[38;2;49;74;74m▀▀[38;2;98;139;172m▀▀▀[38;2;90;180;205m▀▀[48;2;98;139;172m▀[38;2;98;139;172m▀▀▀▀▀[38;2;49;74;74;48;2;16;16;16m▀[38;2;115;90;41;48;2;189;172;90m▀[38;2;230;205;139;48;2;115;90;41m▀▀▀[48;2;189;172;90m▀▀▀[38;2;189;172;90m▀▀▀▀▀▀▀[48;2;115;90;41m▀▀[38;2;115;90;41;48;2;16;16;16m▀[38;2;16;16;16;48;2;98;139;172m▀[38;2;98;139;172m▀▀▀▀▀▀▀[48;2;49;74;74m▀[38;2;49;74;74;49m▀[0m
[0m [38;2;49;74;74m▀[38;2;98;139;172;48;2;16;16;16m▀▀[48;2;98;139;172m▀[38;2;90;180;205m▀[38;2;49;74;74;48;2;49;74;74m▀[38;2;90;180;205;48;2;98;139;172m▀▀▀[38;2;49;74;74;48;2;49;74;74m▀[38;2;90;180;205;48;2;98;139;172m▀▀▀▀▀▀[38;2;98;139;172m▀▀[38;2;49;74;74;48;2;49;74;74m▀[38;2;90;180;205;48;2;98;139;172m▀[48;2;90;180;205m▀▀▀▀▀[48;2;98;139;172m▀[38;2;98;139;172m▀▀▀▀▀▀▀[38;2;16;16;16;48;2;16;16;16m▀[38;2;189;172;90;48;2;189;172;90m▀▀▀▀[38;2;115;90;41m▀▀[38;2;16;16;16m▀▀▀▀▀▀[38;2;115;90;41m▀▀[38;2;189;172;90;48;2;16;16;16m▀[38;2;16;16;16;48;2;49;74;74m▀[38;2;98;139;172;48;2;16;16;16m▀[48;2;98;139;172m▀▀▀▀▀▀▀[48;2;16;16;16m▀[38;2;16;16;16;49m▀[0m
[0m    [38;2;16;16;16m▀▀▀[38;2;49;74;74;48;2;16;16;16m▀[38;2;98;139;172m▀▀[38;2;49;74;74;48;2;49;74;74m▀[38;2;98;139;172;48;2;98;139;172m▀▀▀▀▀▀▀▀[38;2;16;16;16;48;2;16;16;16m▀[38;2;98;139;172;48;2;98;139;172m▀▀▀▀▀▀▀▀▀▀▀▀▀[48;2;49;74;74m▀[38;2;16;16;16;48;2;16;16;16m▀[38;2;189;172;90m▀[48;2;115;90;41m▀[48;2;189;172;90m▀▀▀▀▀▀▀[48;2;16;16;16m▀▀▀[38;2;16;16;16;48;2;98;139;172m▀▀[38;2;98;139;172m▀▀▀[38;2;49;74;74m▀[38;2;98;139;172;48;2;16;16;16m▀[48;2;49;74;74m▀[48;2;98;139;172m▀▀[48;2;49;74;74m▀[38;2;49;74;74;48;2;16;16;16m▀[0m
[0m           [38;2;16;16;16m▀▀[38;2;98;139;172;48;2;16;16;16m▀▀▀[48;2;98;139;172m▀▀▀[38;2;49;74;74m▀[48;2;49;74;74m▀[38;2;98;139;172m▀[48;2;98;139;172m▀▀▀[48;2;49;74;74m▀▀▀[38;2;49;74;74;48;2;98;139;172m▀[38;2;16;16;16m▀▀[38;2;49;74;74m▀[38;2;98;139;172;48;2;16;16;16m▀[38;2;16;16;16m▀[38;2;98;139;172;48;2;98;139;172m▀[48;2;16;16;16m▀▀[38;2;115;90;41m▀[38;2;16;16;16;49m▀▀▀▀▀▀[0m [38;2;16;16;16;48;2;16;16;16m▀[38;2;98;139;172;48;2;98;139;172m▀▀▀▀▀▀▀▀[38;2;16;16;16m▀▀▀[38;2;98;139;172m▀▀[38;2;16;16;16m▀[38;2;49;74;74;49m▄[0m
[0m                [38;2;16;16;16m▀▀[48;2;49;74;74m▀[38;2;49;74;74;48;2;98;139;172m▀[38;2;98;139;172;48;2;90;180;205m▀[38;2;49;74;74m▀▀▀▀[38;2;90;180;205m▀▀▀[38;2;98;139;172m▀[48;2;98;139;172m▀▀▀▀[38;2;16;16;16;48;2;16;16;16m▀[49m▀[0m          [38;2;16;16;16m▀[38;2;49;74;74;48;2;16;16;16m▀[38;2;98;139;172m▀▀▀▀[48;2;98;139;172m▀▀▀[48;2;49;74;74m▀[38;2;49;74;74;48;2;255;255;255m▀▀▀[38;2;98;139;172;48;2;49;74;74m▀▀[38;2;213;213;213;48;2;213;213;213m▀[38;2;49;74;74m▀[38;2;16;16;16;49m▄[0m
[0m                 [38;2;49;74;74;48;2;98;139;172m▀[38;2;90;180;205m▀[48;2;90;180;205m▀▀[48;2;98;139;172m▀▀[48;2;90;180;205m▀▀▀▀▀▀[38;2;98;139;172;48;2;98;139;172m▀▀▀[38;2;16;16;16;48;2;16;16;16m▀[0m                  [38;2;16;16;16m▀▀▀[38;2;213;213;213;48;2;16;16;16m▀▀[38;2;255;255;255m▀▀▀[38;2;16;16;16m▀[49m▀▀▀[0m
[0m               [38;2;98;139;172m▄[48;2;255;255;255m▀[38;2;255;255;255m▀▀[38;2;49;74;74;48;2;49;74;74m▀[38;2;98;139;172;48;2;98;139;172m▀▀▀[38;2;90;180;205m▀[38;2;98;139;172;48;2;255;255;255m▀▀[38;2;90;180;205;48;2;49;74;74m▀[48;2;98;139;172m▀[38;2;98;139;172m▀[48;2;16;16;16m▀▀[38;2;16;16;16;49m▀[0m
[0m               [38;2;16;16;16m▀▀▀▀▀▀▀[38;2;98;139;172;48;2;49;74;74m▀[38;2;255;255;255;48;2;213;213;213m▀▀[38;2;213;213;213;48;2;16;16;16m▀[38;2;16;16;16;49m▀▀▀[0m
[0m                      [38;2;16;16;16m▀▀▀[0m
