[0m          [38;2;90;57;98m▄[48;2;205;131;222m▀[38;2;16;16;16m▀[49m▄[0m                 [38;2;90;57;98m▄[48;2;205;131;222m▀▀[48;2;90;57;98m▀[0m
[0m          [38;2;90;57;98;48;2;90;57;98m▀[38;2;205;131;222;48;2;205;131;222m▀▀[38;2;16;16;16;48;2;16;16;16m▀[0m              [38;2;90;57;98m▄[48;2;205;131;222m▀▀[38;2;205;131;222m▀[48;2;148;90;180m▀[38;2;90;57;98;48;2;90;57;98m▀[0m
[0m         [38;2;90;57;98;48;2;90;57;98m▀[38;2;205;131;222;48;2;205;131;222m▀▀▀[38;2;90;57;98;48;2;90;57;98m▀[38;2;16;16;16;48;2;148;90;180m▀[49m▄[0m         [38;2;90;57;98m▄▄[48;2;205;131;222m▀[38;2;205;131;222m▀▀[48;2;148;90;180m▀[38;2;148;90;180;48;2;90;57;98m▀[38;2;90;57;98;49m▀[0m
[0m        [38;2;90;57;98m▄[48;2;205;131;222m▀[38;2;205;131;222m▀▀[38;2;90;57;98;48;2;90;57;98m▀[38;2;148;90;180;48;2;148;90;180m▀▀[38;2;16;16;16;48;2;16;16;16m▀[0m       [38;2;90;57;98m▄[48;2;230;172;238m▀[38;2;230;172;238m▀[38;2;205;131;222;48;2;205;131;222m▀▀[48;2;148;90;180m▀▀[38;2;90;57;98;48;2;16;16;16m▀[49m▄[48;2;148;90;180m▀▀▀[38;2;16;16;16;49m▄[0m
[0m        [38;2;90;57;98;48;2;90;57;98m▀[38;2;205;131;222;48;2;205;131;222m▀▀▀[38;2;148;90;180;48;2;148;90;180m▀▀[38;2;16;16;16;48;2;16;16;16m▀[0m     [38;2;90;57;98m▄▄[48;2;205;131;222m▀[38;2;230;172;238m▀▀[38;2;205;131;222m▀[48;2;16;16;16m▀[38;2;16;16;16;48;2;0;148;98m▀[38;2;90;57;98;48;2;148;90;180m▀[38;2;148;90;180m▀▀▀[48;2;16;16;16m▀▀[38;2;16;16;16;48;2;90;57;98m▀[38;2;90;57;98;48;2;205;131;222m▀▀[38;2;16;16;16;49m▄[0m
[0m       [38;2;90;57;98;48;2;90;57;98m▀[38;2;205;131;222;48;2;205;131;222m▀▀▀[38;2;148;90;180;48;2;148;90;180m▀▀▀[38;2;16;16;16;48;2;16;16;16m▀[0m   [38;2;90;57;98m▄[48;2;205;131;222m▀[38;2;205;131;222m▀▀▀[48;2;16;16;16m▀[38;2;16;16;16;48;2;0;148;98m▀▀[38;2;0;148;98m▀▀▀[38;2;148;90;180;48;2;148;90;180m▀▀[38;2;16;16;16;48;2;16;16;16m▀[0m [38;2;90;57;98;48;2;90;57;98m▀[38;2;205;131;222;48;2;205;131;222m▀▀[38;2;148;90;180;48;2;16;16;16m▀[38;2;16;16;16;49m▀[0m
[0m      [38;2;90;57;98;48;2;90;57;98m▀[38;2;205;131;222;48;2;205;131;222m▀▀▀[38;2;148;90;180;48;2;148;90;180m▀▀▀▀[38;2;16;16;16;48;2;16;16;16m▀[0m  [38;2;90;57;98;48;2;90;57;98m▀[38;2;230;172;238;48;2;230;172;238m▀[38;2;205;131;222;48;2;205;131;222m▀▀[48;2;16;16;16m▀[38;2;16;16;16;48;2;0;148;98m▀[38;2;0;148;98m▀▀▀▀▀▀[38;2;148;90;180;48;2;148;90;180m▀[38;2;16;16;16;48;2;16;16;16m▀[0m [38;2;90;57;98;48;2;90;57;98m▀[38;2;205;131;222;48;2;205;131;222m▀▀[38;2;148;90;180;48;2;148;90;180m▀[38;2;16;16;16;48;2;16;16;16m▀[0m    [38;2;90;57;98m▄[0m
[0m     [38;2;90;57;98;48;2;90;57;98m▀[38;2;205;131;222;48;2;205;131;222m▀▀[48;2;148;90;180m▀[38;2;148;90;180m▀▀▀▀▀▀[38;2;16;16;16;48;2;16;16;16m▀[38;2;90;57;98;48;2;90;57;98m▀[38;2;230;172;238;48;2;230;172;238m▀[48;2;205;131;222m▀[38;2;205;131;222m▀[38;2;16;16;16;48;2;16;16;16m▀[38;2;0;148;98;48;2;0;148;98m▀▀▀▀▀▀[48;2;74;205;164m▀[38;2;148;90;180;48;2;148;90;180m▀[48;2;16;16;16m▀[38;2;16;16;16;48;2;90;57;98m▀[38;2;90;57;98;48;2;205;131;222m▀[38;2;205;131;222m▀[48;2;148;90;180m▀[38;2;148;90;180m▀[38;2;16;16;16;48;2;16;16;16m▀[0m   [38;2;90;57;98m▄[48;2;205;131;222m▀[38;2;205;131;222m▀[38;2;16;16;16;48;2;16;16;16m▀[0m
[0m     [38;2;90;57;98;48;2;90;57;98m▀[38;2;205;131;222;48;2;148;90;180m▀[38;2;148;90;180m▀▀▀▀▀▀▀▀▀[38;2;90;57;98;48;2;90;57;98m▀[38;2;205;131;222;48;2;205;131;222m▀▀[48;2;16;16;16m▀[38;2;16;16;16;48;2;0;148;98m▀[38;2;0;148;98m▀▀▀[48;2;74;205;164m▀▀[38;2;74;205;164m▀▀[38;2;148;90;180;48;2;148;90;180m▀[38;2;16;16;16;48;2;16;16;16m▀[38;2;90;57;98;48;2;205;131;222m▀[38;2;205;131;222;48;2;148;90;180m▀[38;2;148;90;180m▀▀▀[38;2;16;16;16;48;2;16;16;16m▀[38;2;90;57;98;49m▄▄[48;2;205;131;222m▀[38;2;205;131;222m▀▀[38;2;16;16;16;48;2;16;16;16m▀[0m
[0m     [38;2;90;57;98m▀[38;2;148;90;180;48;2;90;57;98m▀[48;2;148;90;180m▀▀▀▀▀▀▀▀▀[38;2;90;57;98;48;2;90;57;98m▀[38;2;205;131;222;48;2;205;131;222m▀▀[38;2;16;16;16;48;2;16;16;16m▀[38;2;0;148;98;48;2;0;148;98m▀▀[48;2;74;205;164m▀[38;2;74;205;164m▀▀▀▀[38;2;0;148;98;48;2;148;90;180m▀[38;2;205;131;222;48;2;205;131;222m▀[38;2;16;16;16;48;2;16;16;16m▀[38;2;148;90;180;48;2;148;90;180m▀▀▀▀▀▀▀▀[38;2;205;131;222m▀▀[38;2;148;90;180;48;2;16;16;16m▀[38;2;16;16;16;49m▀[0m
[0m      [38;2;90;57;98m▀[38;2;148;90;180;48;2;90;57;98m▀[48;2;148;90;180m▀▀▀▀▀[48;2;16;16;16m▀▀[38;2;90;57;98;48;2;90;57;98m▀[38;2;205;131;222;48;2;205;131;222m▀▀[38;2;16;16;16;48;2;16;16;16m▀[38;2;0;148;98;48;2;0;148;98m▀▀▀[38;2;74;205;164m▀[48;2;74;205;164m▀▀▀[48;2;148;90;180m▀[38;2;148;90;180;48;2;205;131;222m▀[38;2;205;131;222m▀[38;2;16;16;16;48;2;16;16;16m▀[38;2;90;57;98;48;2;148;90;180m▀▀▀[38;2;148;90;180;48;2;90;57;98m▀▀[48;2;148;90;180m▀▀▀▀▀[38;2;16;16;16;48;2;16;16;16m▀[0m [38;2;90;57;98m▄▄[48;2;205;131;222m▀▀[38;2;16;16;16;49m▄[0m
[0m       [38;2;90;57;98m▀[38;2;148;90;180;48;2;90;57;98m▀[48;2;148;90;180m▀[48;2;16;16;16m▀[38;2;16;16;16;48;2;230;172;238m▀[48;2;205;131;222m▀[38;2;205;131;222m▀▀[38;2;90;57;98;48;2;148;90;180m▀[38;2;205;131;222;48;2;205;131;222m▀[38;2;16;16;16;48;2;16;16;16m▀[38;2;0;148;98;48;2;0;148;98m▀[48;2;148;90;180m▀[38;2;148;90;180;48;2;205;131;222m▀[38;2;0;148;98;48;2;148;90;180m▀[48;2;0;148;98m▀▀[38;2;74;205;164;48;2;148;90;180m▀[38;2;148;90;180;48;2;205;131;222m▀[38;2;205;131;222;48;2;16;16;16m▀▀[38;2;16;16;16;48;2;148;90;180m▀[38;2;148;90;180m▀[48;2;90;57;98m▀▀[48;2;148;90;180m▀▀[48;2;205;131;222m▀[38;2;90;57;98m▀▀[38;2;148;90;180;48;2;148;90;180m▀▀[38;2;90;57;98m▀▀▀[38;2;205;131;222;48;2;205;131;222m▀▀[48;2;148;90;180m▀[38;2;148;90;180;48;2;16;16;16m▀[38;2;16;16;16;49m▀[0m
[0m        [38;2;90;57;98;48;2;148;90;180m▀[38;2;16;16;16;48;2;230;172;238m▀[38;2;230;172;238m▀[38;2;205;131;222;48;2;205;131;222m▀▀▀[38;2;148;90;180m▀[38;2;205;131;222m▀▀[38;2;16;16;16m▀[38;2;148;90;180m▀[38;2;205;131;222m▀▀[38;2;148;90;180;48;2;0;148;98m▀[38;2;0;148;98;48;2;148;90;180m▀[38;2;148;90;180m▀[48;2;90;57;98m▀[38;2;16;16;16;48;2;148;90;180m▀[38;2;148;90;180m▀▀▀[38;2;90;57;98;48;2;90;57;98m▀▀[48;2;148;90;180m▀▀[38;2;205;131;222;48;2;205;131;222m▀▀▀▀▀▀[38;2;148;90;180m▀[48;2;148;90;180m▀▀▀▀[38;2;16;16;16;48;2;16;16;16m▀[0m
[0m       [38;2;148;90;180m▄[48;2;230;172;238m▀[38;2;230;172;238m▀[38;2;205;131;222;48;2;205;131;222m▀▀▀▀▀▀▀▀▀▀▀▀[38;2;148;90;180m▀[38;2;90;57;98m▀[38;2;148;90;180;48;2;148;90;180m▀▀[48;2;205;131;222m▀▀▀[38;2;205;131;222m▀▀[38;2;148;90;180m▀▀[38;2;205;131;222m▀[48;2;148;90;180m▀[38;2;148;90;180m▀▀▀[38;2;205;131;222m▀[48;2;205;131;222m▀[38;2;148;90;180;48;2;148;90;180m▀▀▀[48;2;90;57;98m▀[38;2;16;16;16;48;2;148;90;180m▀[38;2;90;57;98;49m▄▄▄▄[0m
[0m     [38;2;90;57;98m▄▄[48;2;230;172;238m▀▀[38;2;205;131;222;48;2;205;131;222m▀▀▀▀[48;2;230;172;238m▀[38;2;230;172;238m▀▀[38;2;205;131;222;48;2;90;57;98m▀[38;2;90;57;98;48;2;197;197;197m▀[38;2;148;90;180;48;2;148;90;180m▀[38;2;205;131;222;48;2;205;131;222m▀▀▀▀[48;2;148;90;180m▀[48;2;205;131;222m▀▀▀▀▀[38;2;148;90;180;48;2;148;90;180m▀▀[38;2;205;131;222m▀[48;2;205;131;222m▀▀[38;2;148;90;180m▀[48;2;148;90;180m▀▀[48;2;90;57;98m▀[38;2;90;57;98m▀▀[38;2;148;90;180;48;2;148;90;180m▀▀▀[38;2;90;57;98m▀[38;2;148;90;180;48;2;90;57;98m▀[48;2;148;90;180m▀▀▀[48;2;16;16;16m▀[38;2;16;16;16;49m▀[0m
[0m [38;2;90;57;98m▄▄[48;2;230;172;238m▀▀[38;2;230;172;238m▀▀[48;2;205;131;222m▀[38;2;205;131;222m▀▀▀▀▀[38;2;230;172;238;48;2;148;90;180m▀[48;2;230;172;238m▀[38;2;205;131;222;48;2;16;16;16m▀[38;2;16;16;16;48;2;131;118;115m▀[38;2;255;255;255;48;2;197;197;197m▀[48;2;205;131;222m▀[38;2;148;90;180m▀[38;2;205;131;222m▀▀▀▀[38;2;90;57;98;48;2;90;57;98m▀[38;2;205;131;222;48;2;148;90;180m▀[48;2;205;131;222m▀▀▀▀[38;2;148;90;180m▀▀[38;2;205;131;222m▀▀▀[48;2;148;90;180m▀[38;2;90;57;98m▀▀▀[38;2;148;90;180m▀▀▀▀▀[48;2;90;57;98m▀▀[48;2;148;90;180m▀[38;2;16;16;16;48;2;16;16;16m▀[0m
[38;2;90;57;98;49m▀[38;2;230;172;238;48;2;16;16;16m▀▀▀▀▀[38;2;205;131;222m▀▀[48;2;205;131;222m▀▀▀▀▀[38;2;148;90;180m▀[38;2;205;131;222;48;2;90;57;98m▀[38;2;16;16;16m▀[38;2;90;57;98;48;2;205;131;222m▀[38;2;205;131;222m▀▀▀▀[48;2;90;57;98m▀▀[38;2;90;57;98;48;2;148;90;180m▀[38;2;148;90;180m▀▀▀▀[38;2;205;131;222m▀▀▀[48;2;90;57;98m▀[38;2;148;90;180m▀▀[48;2;148;90;180m▀▀▀▀▀▀▀[38;2;90;57;98;48;2;90;57;98m▀[38;2;148;90;180;48;2;148;90;180m▀▀▀▀[38;2;16;16;16m▀[49m▄[0m
[0m      [38;2;90;57;98;48;2;90;57;98m▀[38;2;230;172;238;48;2;230;172;238m▀[38;2;148;90;180m▀[38;2;205;131;222;48;2;205;131;222m▀▀▀▀▀▀▀▀[48;2;16;16;16m▀▀[38;2;16;16;16m▀[48;2;90;57;98m▀[38;2;148;90;180;48;2;148;90;180m▀▀[48;2;16;16;16m▀[38;2;90;57;98;48;2;148;90;180m▀[38;2;148;90;180m▀▀▀[48;2;90;57;98m▀[38;2;90;57;98;48;2;230;172;238m▀[48;2;205;131;222m▀[38;2;148;90;180;48;2;148;90;180m▀▀▀[38;2;90;57;98m▀▀[38;2;148;90;180;48;2;90;57;98m▀[48;2;148;90;180m▀▀▀[38;2;90;57;98;48;2;90;57;98m▀[38;2;148;90;180;48;2;148;90;180m▀▀▀▀[48;2;90;57;98m▀▀[38;2;16;16;16;48;2;16;16;16m▀[0m
[0m       [38;2;16;16;16;48;2;16;16;16m▀[38;2;230;172;238;48;2;230;172;238m▀▀[38;2;205;131;222;48;2;205;131;222m▀[48;2;148;90;180m▀[48;2;205;131;222m▀▀▀[48;2;16;16;16m▀[38;2;16;16;16;48;2;202;45;23m▀[38;2;197;197;197;48;2;16;16;16m▀[38;2;255;255;255;48;2;255;255;255m▀[38;2;16;16;16;48;2;16;16;16m▀[38;2;90;57;98;48;2;90;57;98m▀[38;2;148;90;180;48;2;148;90;180m▀[48;2;16;16;16m▀[38;2;16;16;16;48;2;148;90;180m▀[38;2;148;90;180m▀▀[48;2;90;57;98m▀[38;2;90;57;98;48;2;230;172;238m▀[38;2;230;172;238m▀▀▀[38;2;205;131;222m▀[38;2;148;90;180;48;2;148;90;180m▀▀[48;2;90;57;98m▀▀[38;2;90;57;98;48;2;16;16;16m▀[38;2;148;90;180;48;2;148;90;180m▀[48;2;90;57;98m▀[38;2;90;57;98;48;2;148;90;180m▀[38;2;148;90;180m▀▀[48;2;90;57;98m▀[38;2;90;57;98;48;2;148;90;180m▀▀[38;2;148;90;180m▀▀[38;2;16;16;16m▀[49m▄[0m
[0m       [38;2;16;16;16;48;2;16;16;16m▀[38;2;230;172;238;48;2;230;172;238m▀▀[38;2;148;90;180;48;2;90;57;98m▀[38;2;205;131;222;48;2;205;131;222m▀[48;2;148;90;180m▀[48;2;16;16;16m▀[38;2;16;16;16;48;2;202;45;23m▀[38;2;202;45;23m▀▀▀[38;2;16;16;16m▀[38;2;90;57;98;48;2;90;57;98m▀[38;2;148;90;180;48;2;148;90;180m▀[48;2;16;16;16m▀[38;2;16;16;16m▀[38;2;148;90;180m▀▀[48;2;90;57;98m▀[38;2;90;57;98;48;2;205;131;222m▀[38;2;205;131;222m▀[38;2;230;172;238m▀[48;2;148;90;180m▀[48;2;90;57;98m▀[38;2;90;57;98;48;2;148;90;180m▀[48;2;205;131;222m▀[48;2;148;90;180m▀[38;2;148;90;180m▀▀[38;2;16;16;16m▀[38;2;148;90;180;48;2;16;16;16m▀[38;2;90;57;98;48;2;148;90;180m▀[38;2;148;90;180m▀▀[38;2;90;57;98;48;2;16;16;16m▀[38;2;148;90;180;48;2;148;90;180m▀▀[48;2;90;57;98m▀[38;2;90;57;98m▀[38;2;148;90;180m▀[48;2;148;90;180m▀[38;2;16;16;16;48;2;16;16;16m▀[0m
[0m        [38;2;16;16;16m▀[38;2;230;172;238;48;2;16;16;16m▀[48;2;148;90;180m▀[38;2;148;90;180m▀[48;2;16;16;16m▀[38;2;16;16;16;48;2;90;57;98m▀[38;2;202;45;23;48;2;202;45;23m▀▀▀[48;2;90;57;98m▀[38;2;90;57;98;48;2;148;90;180m▀[38;2;148;90;180;48;2;16;16;16m▀[38;2;16;16;16;49m▀[38;2;90;57;98m▄[48;2;148;90;180m▀[38;2;148;90;180m▀▀[38;2;16;16;16m▀[38;2;205;131;222;48;2;16;16;16m▀[48;2;90;57;98m▀[38;2;90;57;98;48;2;205;131;222m▀▀[38;2;230;172;238;48;2;230;172;238m▀▀▀[38;2;148;90;180;48;2;205;131;222m▀[38;2;90;57;98;48;2;90;57;98m▀▀[38;2;148;90;180m▀[38;2;16;16;16;48;2;16;16;16m▀[38;2;90;57;98;49m▀[38;2;148;90;180;48;2;90;57;98m▀[38;2;16;16;16;48;2;16;16;16m▀[38;2;148;90;180;48;2;148;90;180m▀▀▀[38;2;90;57;98m▀[48;2;90;57;98m▀[48;2;148;90;180m▀[38;2;148;90;180m▀▀[38;2;16;16;16;48;2;16;16;16m▀[0m
[0m        [38;2;90;57;98;48;2;90;57;98m▀[38;2;148;90;180m▀[38;2;16;16;16;48;2;148;90;180m▀▀[38;2;148;90;180m▀▀[38;2;90;57;98m▀[48;2;16;16;16m▀▀[38;2;148;90;180m▀[38;2;16;16;16;49m▀[0m  [38;2;90;57;98;48;2;90;57;98m▀[38;2;148;90;180;48;2;148;90;180m▀▀▀[48;2;90;57;98m▀▀[38;2;16;16;16;48;2;148;90;180m▀[38;2;205;131;222;48;2;16;16;16m▀[48;2;205;131;222m▀▀[38;2;230;172;238m▀[48;2;230;172;238m▀▀[38;2;90;57;98;48;2;148;90;180m▀[48;2;90;57;98m▀▀[38;2;148;90;180;48;2;148;90;180m▀[38;2;16;16;16;48;2;16;16;16m▀[0m  [38;2;16;16;16m▀[38;2;148;90;180;48;2;16;16;16m▀[48;2;148;90;180m▀▀▀[48;2;90;57;98m▀[48;2;148;90;180m▀[48;2;90;57;98m▀[38;2;16;16;16m▀[49m▄[0m
[0m       [38;2;90;57;98m▄[48;2;197;197;197m▀[38;2;197;197;197m▀[38;2;90;57;98;48;2;90;57;98m▀[38;2;148;90;180m▀[38;2;90;57;98;48;2;197;197;197m▀[38;2;148;90;180;48;2;90;57;98m▀▀[38;2;90;57;98m▀[49m▀[0m   [38;2;90;57;98;48;2;90;57;98m▀[38;2;197;197;197m▀[38;2;90;57;98m▀[38;2;148;90;180m▀[38;2;90;57;98m▀[38;2;197;197;197m▀[38;2;90;57;98m▀[49m▀[0m [38;2;16;16;16;48;2;16;16;16m▀[38;2;205;131;222;48;2;205;131;222m▀▀▀▀▀[38;2;148;90;180m▀[48;2;148;90;180m▀▀[38;2;16;16;16;48;2;16;16;16m▀[0m    [38;2;16;16;16m▀[38;2;148;90;180;48;2;16;16;16m▀[38;2;90;57;98;48;2;131;118;115m▀[38;2;197;197;197;48;2;197;197;197m▀[38;2;90;57;98;48;2;131;118;115m▀[48;2;16;16;16m▀[38;2;197;197;197m▀[38;2;16;16;16;49m▀[0m
[0m       [38;2;16;16;16m▀▀▀▀[38;2;90;57;98;48;2;90;57;98m▀[38;2;197;197;197;48;2;16;16;16m▀[38;2;16;16;16;49m▀[0m                [38;2;16;16;16m▀[38;2;205;131;222;48;2;16;16;16m▀[48;2;90;57;98m▀[48;2;148;90;180m▀[48;2;90;57;98m▀[38;2;90;57;98;48;2;255;255;255m▀[38;2;148;90;180;48;2;90;57;98m▀[38;2;90;57;98m▀[38;2;16;16;16;48;2;197;197;197m▀[49m▄[0m     [38;2;16;16;16m▀▀▀[0m
[0m                               [38;2;16;16;16m▀[38;2;255;255;255;48;2;16;16;16m▀[38;2;90;57;98m▀[38;2;255;255;255m▀[48;2;255;255;255m▀[38;2;197;197;197;48;2;16;16;16m▀[38;2;16;16;16m▀[49m▀▀[0m
[0m                                   [38;2;16;16;16m▀▀[0m
