[0m             [38;2;90;41;106m▄[0m                        [38;2;90;41;106m▄[48;2;222;148;246m▀[38;2;16;16;16;49m▄[0m   [38;2;90;41;106m▄▄[48;2;213;115;238m▀▀[38;2;16;16;16;49m▄[0m
[0m           [38;2;164;82;148m▄[38;2;90;41;106;48;2;90;41;106m▀[38;2;222;148;246;48;2;222;148;246m▀[38;2;90;41;106;48;2;90;41;106m▀[0m              [38;2;16;16;16m▄[48;2;164;82;148m▀[49m▄[0m  [38;2;90;41;106m▄▄[48;2;222;148;246m▀▀[38;2;222;148;246m▀[48;2;164;82;148m▀[38;2;16;16;16m▀[38;2;90;41;106m▀▀[48;2;213;115;238m▀[38;2;213;115;238m▀[48;2;164;82;148m▀[48;2;16;16;16m▀[38;2;16;16;16;49m▀[0m
[0m          [38;2;16;16;16;48;2;16;16;16m▀[38;2;213;115;238;48;2;213;115;238m▀[38;2;164;82;148;48;2;90;41;106m▀[38;2;213;115;238m▀[38;2;222;148;246;48;2;213;115;238m▀[38;2;90;41;106;48;2;222;148;246m▀[38;2;16;16;16;49m▄[0m            [38;2;16;16;16;48;2;16;16;16m▀[38;2;164;82;148;48;2;164;82;148m▀[48;2;90;41;106m▀[38;2;90;41;106;48;2;222;148;246m▀▀[38;2;222;148;246m▀[48;2;164;82;148m▀[38;2;164;82;148;48;2;90;41;106m▀▀[38;2;90;41;106;48;2;41;123;148m▀▀▀▀[38;2;164;82;148;48;2;90;41;106m▀▀[48;2;164;82;148m▀▀[38;2;16;16;16;48;2;16;16;16m▀[0m
[0m           [38;2;16;16;16;48;2;16;16;16m▀[38;2;41;123;148;48;2;41;123;148m▀▀[38;2;90;41;106m▀[38;2;222;148;246;48;2;90;41;106m▀[48;2;222;148;246m▀[38;2;16;16;16m▀[49m▄[0m  [38;2;90;41;106;48;2;90;41;106m▀[38;2;16;16;16;48;2;222;148;246m▀[49m▄[0m  [38;2;90;41;106m▄▄[38;2;16;16;16m▄[48;2;164;82;148m▀[38;2;164;82;148;48;2;90;41;106m▀[38;2;90;41;106;48;2;222;148;246m▀[38;2;222;148;246m▀[48;2;164;82;148m▀[38;2;164;82;148;48;2;90;41;106m▀[38;2;90;41;106;48;2;0;74;98m▀[38;2;41;123;148m▀▀▀[48;2;41;123;148m▀▀▀▀▀[38;2;90;41;106;48;2;90;41;106m▀[38;2;164;82;148;48;2;164;82;148m▀▀[38;2;90;41;106m▀[38;2;16;16;16;49m▄[0m
[0m           [38;2;16;16;16;48;2;16;16;16m▀[38;2;41;123;148;48;2;41;123;148m▀▀[38;2;0;74;98;48;2;0;74;98m▀[38;2;90;41;106;48;2;41;123;148m▀[38;2;222;148;246;48;2;90;41;106m▀[48;2;222;148;246m▀[38;2;16;16;16m▀[49m▄[0m [38;2;90;41;106;48;2;164;82;148m▀[38;2;222;148;246;48;2;90;41;106m▀[48;2;222;148;246m▀[38;2;16;16;16;48;2;164;82;148m▀[38;2;90;41;106;48;2;16;16;16m▀[38;2;164;82;148;48;2;164;82;148m▀[48;2;16;16;16m▀[38;2;16;16;16;48;2;164;82;148m▀[38;2;164;82;148m▀[38;2;90;41;106;48;2;90;41;106m▀[38;2;222;148;246;48;2;222;148;246m▀[38;2;164;82;148;48;2;90;41;106m▀[38;2;90;41;106;48;2;41;123;148m▀[38;2;41;123;148m▀▀▀▀▀[38;2;0;74;98m▀[38;2;41;123;148;48;2;0;74;98m▀[48;2;65;148;197m▀▀[48;2;41;123;148m▀▀[38;2;90;41;106;48;2;90;41;106m▀[38;2;164;82;148;48;2;16;16;16m▀[38;2;16;16;16;49m▀[0m  [38;2;90;41;106m▄▄[0m
[0m           [38;2;16;16;16;48;2;16;16;16m▀[38;2;41;123;148;48;2;41;123;148m▀[48;2;65;148;197m▀[38;2;0;74;98;48;2;0;74;98m▀[38;2;41;123;148;48;2;41;123;148m▀[38;2;90;41;106m▀[38;2;222;148;246;48;2;90;41;106m▀[48;2;222;148;246m▀[48;2;164;82;148m▀[38;2;164;82;148;48;2;222;148;246m▀[38;2;222;148;246;48;2;164;82;148m▀[38;2;90;41;106;48;2;213;115;238m▀[38;2;213;115;238m▀▀[38;2;164;82;148m▀[48;2;164;82;148m▀▀▀[38;2;90;41;106;48;2;90;41;106m▀[38;2;222;148;246;48;2;164;82;148m▀[38;2;164;82;148;48;2;90;41;106m▀[38;2;90;41;106;48;2;41;123;148m▀[38;2;41;123;148m▀▀▀▀▀▀▀[38;2;0;74;98;48;2;0;74;98m▀[38;2;65;148;197;48;2;65;148;197m▀▀▀[38;2;41;123;148;48;2;16;16;16m▀[38;2;90;41;106;49m▀[0m  [38;2;90;41;106m▄[48;2;213;115;238m▀[38;2;213;115;238m▀▀[38;2;16;16;16;48;2;16;16;16m▀[0m
[0m            [38;2;16;16;16;48;2;16;16;16m▀[38;2;65;148;197;48;2;65;148;197m▀[38;2;0;74;98m▀[38;2;41;123;148;48;2;0;74;98m▀[48;2;41;123;148m▀[48;2;164;82;148m▀[38;2;164;82;148;48;2;222;148;246m▀[38;2;222;148;246m▀[48;2;164;82;148m▀[38;2;164;82;148;48;2;213;115;238m▀[38;2;213;115;238m▀▀▀▀▀[38;2;164;82;148m▀[38;2;90;41;106m▀[38;2;213;115;238m▀[38;2;164;82;148;48;2;90;41;106m▀[38;2;90;41;106;48;2;41;123;148m▀[38;2;41;123;148m▀▀▀▀▀▀[48;2;0;74;98m▀[38;2;0;74;98;48;2;65;148;197m▀[38;2;65;148;197m▀▀▀[48;2;16;16;16m▀[38;2;16;16;16;49m▀[0m [38;2;90;41;106m▄[48;2;164;82;148m▀[38;2;164;82;148m▀[38;2;213;115;238m▀▀[38;2;16;16;16;48;2;16;16;16m▀[0m
[0m             [38;2;16;16;16m▀[38;2;65;148;197;48;2;16;16;16m▀[38;2;0;74;98;48;2;65;148;197m▀[38;2;41;123;148;48;2;164;82;148m▀[38;2;164;82;148;48;2;222;148;246m▀[38;2;222;148;246;48;2;164;82;148m▀[38;2;213;115;238;48;2;213;115;238m▀▀▀▀▀▀▀▀▀▀▀▀[38;2;90;41;106m▀▀[38;2;41;123;148;48;2;90;41;106m▀[48;2;0;74;98m▀▀[38;2;0;74;98;48;2;65;148;197m▀▀[38;2;65;148;197m▀▀[48;2;16;16;16m▀[38;2;16;16;16;48;2;164;82;148m▀▀[38;2;90;41;106;49m▄▄[48;2;164;82;148m▀[38;2;164;82;148m▀▀▀▀[38;2;16;16;16;48;2;16;16;16m▀[0m
[0m       [38;2;90;41;106m▄[38;2;164;82;148;48;2;222;148;246m▀▀▀▀▀▀[48;2;213;115;238m▀▀▀▀[38;2;213;115;238m▀▀▀▀▀▀▀▀▀▀▀▀▀▀▀[38;2;90;41;106m▀[38;2;65;148;197;48;2;90;41;106m▀[48;2;65;148;197m▀[48;2;16;16;16m▀▀[38;2;16;16;16;48;2;164;82;148m▀▀[38;2;164;82;148m▀▀▀▀▀[38;2;90;41;106m▀[38;2;164;82;148m▀[48;2;90;41;106m▀[48;2;164;82;148m▀[48;2;16;16;16m▀[38;2;16;16;16;49m▀[0m     [38;2;90;41;106m▄▄[0m
[0m        [38;2;90;41;106m▀▀▀[38;2;222;148;246;48;2;90;41;106m▀▀▀▀[48;2;213;115;238m▀[38;2;213;115;238m▀▀▀▀▀▀▀▀▀[48;2;222;148;246m▀[48;2;213;115;238m▀▀[48;2;90;41;106m▀[38;2;164;82;148;48;2;213;115;238m▀[38;2;213;115;238m▀▀▀▀[38;2;90;41;106;48;2;164;82;148m▀[38;2;16;16;16m▀[38;2;164;82;148m▀▀[38;2;16;16;16m▀▀[38;2;164;82;148;48;2;16;16;16m▀▀[38;2;16;16;16;48;2;164;82;148m▀[48;2;213;115;238m▀▀▀▀[38;2;164;82;148;48;2;16;16;16m▀[38;2;90;41;106m▀[38;2;16;16;16;48;2;90;41;106m▀[0m  [38;2;16;16;16m▄▄[38;2;90;41;106;48;2;16;16;16m▀▀[38;2;213;115;238m▀▀[38;2;16;16;16m▀[0m        [38;2;90;41;106m▄▄[0m
[0m         [38;2;164;82;148m▄▄▄[48;2;222;148;246m▀[48;2;213;115;238m▀▀[38;2;90;41;106m▀[48;2;16;16;16m▀[38;2;213;115;238;48;2;90;41;106m▀[48;2;213;115;238m▀▀▀▀▀▀[38;2;222;148;246;48;2;222;148;246m▀▀[38;2;213;115;238;48;2;213;115;238m▀[38;2;90;41;106;48;2;90;41;106m▀[38;2;255;255;255;48;2;255;255;255m▀[38;2;213;115;238;48;2;164;82;148m▀[48;2;213;115;238m▀▀▀[38;2;164;82;148;48;2;90;41;106m▀[48;2;164;82;148m▀▀▀▀[38;2;213;115;238;48;2;16;16;16m▀[48;2;90;41;106m▀[38;2;164;82;148m▀▀[38;2;16;16;16;48;2;213;115;238m▀[38;2;213;115;238;48;2;222;148;246m▀▀[48;2;213;115;238m▀▀▀[38;2;164;82;148;48;2;164;82;148m▀[38;2;16;16;16m▀[38;2;90;41;106;48;2;16;16;16m▀[48;2;164;82;148m▀[38;2;16;16;16;48;2;16;16;16m▀[38;2;255;255;255;48;2;197;197;164m▀[48;2;16;16;16m▀▀▀▀▀[38;2;16;16;16;48;2;197;197;164m▀▀[49m▄[0m    [38;2;164;82;148m▀[38;2;222;148;246;48;2;164;82;148m▀[48;2;222;148;246m▀[38;2;90;41;106m▀[48;2;213;115;238m▀[49m▄[0m
[0m     [38;2;164;82;148m▄▄[48;2;222;148;246m▀▀[38;2;222;148;246m▀▀[48;2;213;115;238m▀[38;2;213;115;238m▀▀[48;2;90;41;106m▀[38;2;90;41;106;48;2;213;115;238m▀[38;2;16;16;16;48;2;16;16;16m▀[38;2;222;148;246;48;2;222;148;246m▀[38;2;90;41;106m▀[38;2;213;115;238;48;2;213;115;238m▀▀▀▀▀[38;2;164;82;148;48;2;90;41;106m▀[38;2;222;148;246;48;2;222;148;246m▀[38;2;16;16;16;48;2;16;16;16m▀[38;2;197;197;164m▀[38;2;164;82;148;48;2;213;115;238m▀[38;2;213;115;238m▀[38;2;164;82;148;48;2;164;82;148m▀[48;2;255;255;255m▀[38;2;90;41;106;48;2;90;41;106m▀[38;2;213;115;238;48;2;213;115;238m▀[38;2;90;41;106;48;2;164;82;148m▀[38;2;164;82;148m▀[48;2;90;41;106m▀▀[48;2;16;16;16m▀[38;2;16;16;16;48;2;164;82;148m▀[38;2;213;115;238;48;2;213;115;238m▀▀▀[38;2;222;148;246m▀▀[38;2;213;115;238m▀▀[48;2;90;41;106m▀[38;2;90;41;106;48;2;222;148;246m▀▀▀▀[48;2;16;16;16m▀[38;2;16;16;16;48;2;222;148;246m▀[38;2;222;148;246m▀▀▀[38;2;213;115;238m▀[48;2;213;115;238m▀[38;2;16;16;16m▀▀▀[49m▄▄[0m    [38;2;164;82;148m▀[38;2;222;148;246;48;2;164;82;148m▀[48;2;222;148;246m▀[38;2;213;115;238m▀[38;2;90;41;106;48;2;164;82;148m▀[49m▄[0m
[0m   [38;2;90;41;106m▄[38;2;164;82;148;48;2;222;148;246m▀[38;2;222;148;246m▀▀▀[48;2;213;115;238m▀▀[38;2;213;115;238m▀▀▀[48;2;164;82;148m▀[38;2;90;41;106;48;2;90;41;106m▀[38;2;213;115;238;48;2;164;82;148m▀[38;2;16;16;16m▀[38;2;222;148;246;48;2;16;16;16m▀[48;2;222;148;246m▀[38;2;213;115;238m▀[48;2;213;115;238m▀▀▀▀▀[38;2;90;41;106m▀[38;2;213;115;238m▀▀▀[48;2;16;16;16m▀[38;2;16;16;16;48;2;179;22;8m▀[38;2;255;255;255;48;2;90;41;106m▀[38;2;164;82;148;48;2;164;82;148m▀▀[48;2;90;41;106m▀[38;2;90;41;106;48;2;164;82;148m▀[38;2;164;82;148m▀[38;2;90;41;106;48;2;90;41;106m▀[38;2;164;82;148;48;2;164;82;148m▀▀[38;2;213;115;238m▀[48;2;213;115;238m▀▀▀▀▀[38;2;90;41;106;48;2;90;41;106m▀[38;2;213;115;238;48;2;213;115;238m▀[38;2;222;148;246m▀▀▀[38;2;90;41;106;48;2;90;41;106m▀[38;2;213;115;238;48;2;213;115;238m▀[38;2;222;148;246m▀[48;2;222;148;246m▀▀▀▀▀[38;2;213;115;238;48;2;213;115;238m▀▀▀▀▀[38;2;16;16;16m▀[49m▄▄[0m  [38;2;164;82;148m▀[38;2;222;148;246;48;2;164;82;148m▀[38;2;164;82;148;48;2;222;148;246m▀[38;2;222;148;246m▀[38;2;213;115;238;48;2;213;115;238m▀[38;2;90;41;106;48;2;90;41;106m▀[0m
[0m [38;2;90;41;106m▄[48;2;213;115;238m▀[38;2;213;115;238m▀[48;2;90;41;106m▀[38;2;164;82;148;48;2;255;255;255m▀[48;2;197;197;164m▀[38;2;213;115;238;48;2;16;16;16m▀[48;2;213;115;238m▀▀▀[48;2;164;82;148m▀[38;2;164;82;148m▀▀▀[38;2;90;41;106m▀[38;2;164;82;148;48;2;90;41;106m▀[38;2;16;16;16;48;2;164;82;148m▀[38;2;222;148;246;48;2;16;16;16m▀[48;2;222;148;246m▀[38;2;213;115;238m▀[48;2;213;115;238m▀[48;2;164;82;148m▀[48;2;213;115;238m▀▀[48;2;16;16;16m▀▀[38;2;16;16;16;48;2;179;22;8m▀▀[38;2;179;22;8m▀[48;2;255;255;255m▀[38;2;90;41;106;48;2;164;82;148m▀[38;2;164;82;148m▀[48;2;90;41;106m▀[38;2;90;41;106;48;2;197;197;164m▀[38;2;115;115;90m▀▀[38;2;90;41;106m▀[38;2;164;82;148;48;2;90;41;106m▀[48;2;164;82;148m▀▀[38;2;213;115;238m▀▀[48;2;213;115;238m▀▀▀[38;2;90;41;106m▀[38;2;213;115;238;48;2;16;16;16m▀[48;2;213;115;238m▀▀[48;2;16;16;16m▀[38;2;90;41;106;48;2;90;41;106m▀[38;2;213;115;238;48;2;213;115;238m▀▀▀[38;2;222;148;246m▀▀▀[38;2;213;115;238m▀▀▀[38;2;164;82;148m▀[38;2;213;115;238;48;2;90;41;106m▀[38;2;164;82;148;48;2;164;82;148m▀▀▀▀[38;2;16;16;16;48;2;16;16;16m▀[0m  [38;2;164;82;148m▀[38;2;222;148;246;48;2;164;82;148m▀[48;2;222;148;246m▀[48;2;164;82;148m▀[38;2;213;115;238m▀[38;2;90;41;106;48;2;90;41;106m▀[0m
[38;2;115;115;90;49m▄[38;2;164;82;148;48;2;197;197;164m▀▀[38;2;213;115;238;48;2;164;82;148m▀[38;2;90;41;106m▀[38;2;255;255;255;48;2;90;41;106m▀[48;2;255;255;255m▀[38;2;16;16;16;48;2;16;16;16m▀[38;2;213;115;238;48;2;164;82;148m▀▀[38;2;164;82;148m▀▀▀[48;2;90;41;106m▀▀[38;2;90;41;106;49m▀▀[38;2;16;16;16;48;2;16;16;16m▀[38;2;213;115;238;48;2;213;115;238m▀[38;2;16;16;16m▀▀[38;2;222;148;246;48;2;16;16;16m▀[38;2;213;115;238m▀▀[38;2;16;16;16;48;2;255;255;255m▀[38;2;164;82;148;48;2;90;41;106m▀[38;2;179;22;8;48;2;164;82;148m▀▀[38;2;255;255;255m▀[38;2;179;22;8m▀[38;2;164;82;148;48;2;90;41;106m▀▀[38;2;90;41;106;48;2;197;197;164m▀[38;2;197;197;164m▀▀▀▀▀[38;2;90;41;106m▀[38;2;164;82;148;48;2;90;41;106m▀[48;2;164;82;148m▀▀▀▀▀▀▀▀[38;2;16;16;16m▀[48;2;90;41;106m▀[38;2;90;41;106;48;2;164;82;148m▀[38;2;164;82;148m▀[38;2;90;41;106;48;2;90;41;106m▀[38;2;213;115;238;48;2;213;115;238m▀▀▀▀▀[48;2;164;82;148m▀[48;2;213;115;238m▀[38;2;255;255;255;48;2;255;255;255m▀▀[38;2;197;197;164;48;2;197;197;164m▀[38;2;90;41;106;48;2;16;16;16m▀[38;2;164;82;148;48;2;164;82;148m▀▀[48;2;90;41;106m▀▀[38;2;16;16;16;48;2;16;16;16m▀[0m  [38;2;164;82;148;48;2;164;82;148m▀[48;2;222;148;246m▀[38;2;222;148;246m▀[38;2;213;115;238;48;2;213;115;238m▀[38;2;164;82;148m▀[38;2;16;16;16;48;2;16;16;16m▀[0m
[38;2;115;115;90;48;2;115;115;90m▀[38;2;197;197;164;48;2;197;197;164m▀[48;2;16;16;16m▀[38;2;164;82;148;48;2;164;82;148m▀▀▀[38;2;16;16;16m▀[38;2;164;82;148m▀▀▀▀[48;2;90;41;106m▀[38;2;90;41;106;49m▀[0m     [38;2;16;16;16;48;2;16;16;16m▀[38;2;164;82;148;48;2;164;82;148m▀▀[38;2;115;115;90;48;2;115;115;90m▀[38;2;255;255;255;48;2;255;255;255m▀▀▀▀[38;2;90;41;106m▀▀[48;2;115;115;90m▀[48;2;230;230;213m▀[38;2;197;197;164;48;2;197;197;164m▀▀▀▀▀▀▀▀▀▀[38;2;90;41;106m▀▀[38;2;164;82;148;48;2;90;41;106m▀▀▀▀▀[38;2;90;41;106;48;2;164;82;148m▀▀[38;2;164;82;148m▀▀▀▀[38;2;16;16;16m▀[38;2;213;115;238;48;2;16;16;16m▀▀[48;2;213;115;238m▀▀▀[38;2;164;82;148m▀[38;2;16;16;16;48;2;164;82;148m▀[38;2;255;255;255;48;2;16;16;16m▀[38;2;197;197;164m▀[38;2;16;16;16m▀[38;2;164;82;148;48;2;164;82;148m▀[38;2;90;41;106;48;2;90;41;106m▀[38;2;255;255;255;48;2;255;255;255m▀[38;2;197;197;164m▀[38;2;16;16;16;48;2;197;197;164m▀[49m▄[0m [38;2;164;82;148;48;2;164;82;148m▀[38;2;222;148;246m▀▀[38;2;213;115;238;48;2;213;115;238m▀▀[38;2;16;16;16;48;2;164;82;148m▀[49m▄[0m
[38;2;115;115;90;48;2;16;16;16m▀[38;2;16;16;16;49m▀[38;2;90;41;106m▀[38;2;164;82;148;48;2;90;41;106m▀[48;2;164;82;148m▀▀▀▀▀[48;2;90;41;106m▀[38;2;90;41;106;49m▀[0m        [38;2;16;16;16m▀▀[38;2;164;82;148;48;2;16;16;16m▀[38;2;115;115;90;48;2;115;115;90m▀[38;2;255;255;255;48;2;255;255;255m▀▀▀▀▀[38;2;115;115;90m▀[38;2;255;255;255;48;2;115;115;90m▀[48;2;255;255;255m▀▀[38;2;230;230;213m▀[38;2;197;197;164m▀▀[48;2;230;230;213m▀[48;2;197;197;164m▀▀▀▀[48;2;16;16;16m▀▀[38;2;16;16;16;48;2;90;41;106m▀[38;2;164;82;148;48;2;164;82;148m▀▀▀▀▀▀▀▀▀▀▀▀[38;2;90;41;106;48;2;90;41;106m▀[38;2;16;16;16;48;2;164;82;148m▀[38;2;213;115;238;48;2;16;16;16m▀[48;2;213;115;238m▀▀[38;2;164;82;148;48;2;164;82;148m▀▀▀▀▀[38;2;90;41;106m▀[38;2;255;255;255;48;2;90;41;106m▀▀[38;2;197;197;164;48;2;197;197;164m▀[38;2;16;16;16;48;2;16;16;16m▀[38;2;164;82;148;48;2;222;148;246m▀[38;2;222;148;246m▀▀▀[38;2;164;82;148;48;2;213;115;238m▀[38;2;90;41;106;48;2;164;82;148m▀[38;2;164;82;148;48;2;90;41;106m▀[38;2;16;16;16;48;2;16;16;16m▀[0m
[0m   [38;2;115;115;90;48;2;115;115;90m▀[38;2;90;41;106;48;2;197;197;164m▀▀[48;2;16;16;16m▀[49m▀▀[0m              [38;2;115;115;90m▀▀[38;2;255;255;255;48;2;16;16;16m▀▀▀▀[38;2;16;16;16;48;2;197;197;164m▀▀▀▀[38;2;255;255;255;48;2;16;16;16m▀▀▀▀▀[38;2;16;16;16;48;2;197;197;164m▀▀[38;2;197;197;164m▀▀[38;2;90;41;106;48;2;90;41;106m▀[38;2;164;82;148;48;2;164;82;148m▀▀▀▀▀▀▀▀▀▀▀▀▀[38;2;90;41;106;48;2;90;41;106m▀[38;2;164;82;148;48;2;164;82;148m▀[38;2;16;16;16;48;2;16;16;16m▀[38;2;213;115;238;48;2;213;115;238m▀[38;2;164;82;148m▀[48;2;164;82;148m▀▀[48;2;90;41;106m▀▀[48;2;164;82;148m▀▀▀[38;2;16;16;16;48;2;16;16;16m▀[38;2;222;148;246;48;2;164;82;148m▀▀[48;2;222;148;246m▀▀[38;2;213;115;238;48;2;213;115;238m▀▀▀[38;2;90;41;106;48;2;164;82;148m▀[38;2;16;16;16;48;2;16;16;16m▀[0m
[0m    [38;2;115;115;90m▀[38;2;197;197;164;48;2;115;115;90m▀[38;2;16;16;16;49m▀[0m                   [38;2;16;16;16m▀[38;2;197;197;164;48;2;16;16;16m▀[48;2;197;197;164m▀▀▀▀▀▀▀▀▀▀▀▀▀▀▀[38;2;90;41;106;48;2;90;41;106m▀[38;2;164;82;148;48;2;164;82;148m▀▀▀▀▀▀▀▀▀▀▀▀[38;2;90;41;106m▀[48;2;90;41;106m▀[38;2;16;16;16;48;2;16;16;16m▀[49m▀[38;2;213;115;238;48;2;16;16;16m▀[38;2;90;41;106m▀[48;2;255;255;255m▀[38;2;197;197;164m▀▀[38;2;16;16;16;48;2;16;16;16m▀[38;2;164;82;148m▀[38;2;16;16;16;48;2;222;148;246m▀[38;2;222;148;246m▀▀▀[38;2;164;82;148m▀[48;2;213;115;238m▀[38;2;213;115;238;48;2;164;82;148m▀[48;2;213;115;238m▀[48;2;164;82;148m▀[38;2;164;82;148m▀[38;2;16;16;16;48;2;16;16;16m▀[0m
[0m                         [38;2;90;41;106m▄[38;2;16;16;16m▄[48;2;197;197;164m▀[38;2;197;197;164m▀▀▀▀▀▀▀▀▀▀▀▀▀▀▀[48;2;115;115;90m▀[38;2;90;41;106;48;2;197;197;164m▀[38;2;164;82;148;48;2;90;41;106m▀[48;2;164;82;148m▀[48;2;16;16;16m▀▀[38;2;16;16;16;48;2;213;115;238m▀[48;2;164;82;148m▀▀▀▀[38;2;164;82;148;48;2;16;16;16m▀▀[48;2;164;82;148m▀[38;2;90;41;106;48;2;90;41;106m▀[38;2;164;82;148;48;2;213;115;238m▀[38;2;90;41;106m▀[38;2;164;82;148;49m▄[48;2;222;148;246m▀[38;2;16;16;16m▀[38;2;255;255;255;48;2;16;16;16m▀▀[38;2;16;16;16;48;2;164;82;148m▀[38;2;222;148;246;48;2;222;148;246m▀▀▀▀[48;2;213;115;238m▀[38;2;213;115;238m▀▀▀[38;2;90;41;106;48;2;90;41;106m▀[38;2;164;82;148;48;2;164;82;148m▀[38;2;16;16;16;48;2;16;16;16m▀[0m
[0m                     [38;2;90;41;106m▄▄[48;2;164;82;148m▀▀[38;2;164;82;148;48;2;16;16;16m▀[38;2;16;16;16;48;2;197;197;164m▀[38;2;197;197;164m▀[48;2;115;115;90m▀[38;2;115;115;90;48;2;255;255;255m▀▀▀▀▀[38;2;197;197;164;48;2;115;115;90m▀▀▀[48;2;197;197;164m▀▀[48;2;115;115;90m▀▀▀[38;2;115;115;90;48;2;197;197;164m▀[38;2;197;197;164m▀▀▀[38;2;90;41;106;48;2;164;82;148m▀[38;2;213;115;238;48;2;213;115;238m▀▀[48;2;164;82;148m▀▀[38;2;164;82;148;48;2;90;41;106m▀[48;2;16;16;16m▀▀[48;2;164;82;148m▀▀[38;2;16;16;16m▀[38;2;164;82;148;48;2;16;16;16m▀[38;2;213;115;238;48;2;213;115;238m▀▀▀[38;2;164;82;148;48;2;164;82;148m▀[38;2;222;148;246;48;2;222;148;246m▀▀▀▀[38;2;164;82;148m▀▀[38;2;222;148;246;48;2;164;82;148m▀[38;2;213;115;238;48;2;213;115;238m▀▀▀▀[48;2;164;82;148m▀[38;2;164;82;148m▀[38;2;90;41;106;48;2;16;16;16m▀[38;2;16;16;16;49m▀[0m
[0m                  [38;2;90;41;106m▄[48;2;213;115;238m▀▀[38;2;213;115;238m▀▀[38;2;90;41;106;48;2;90;41;106m▀[38;2;164;82;148;48;2;164;82;148m▀[38;2;16;16;16;48;2;16;16;16m▀[38;2;115;115;90;48;2;255;255;255m▀▀[38;2;255;255;255m▀▀▀▀▀▀▀▀▀[38;2;115;115;90m▀▀[38;2;255;255;255m▀▀[48;2;230;230;213m▀[38;2;197;197;164;48;2;197;197;164m▀▀▀[38;2;164;82;148;48;2;164;82;148m▀[38;2;213;115;238;48;2;213;115;238m▀▀[38;2;164;82;148;48;2;164;82;148m▀[38;2;222;148;246;48;2;222;148;246m▀▀▀▀▀[38;2;16;16;16m▀[38;2;164;82;148;48;2;16;16;16m▀[48;2;164;82;148m▀▀[38;2;90;41;106;48;2;90;41;106m▀[38;2;213;115;238;48;2;213;115;238m▀▀▀[38;2;164;82;148;48;2;164;82;148m▀[38;2;222;148;246;48;2;222;148;246m▀▀[48;2;213;115;238m▀▀[38;2;213;115;238m▀▀[38;2;164;82;148;48;2;164;82;148m▀[38;2;213;115;238;48;2;213;115;238m▀▀[48;2;164;82;148m▀[38;2;164;82;148m▀[48;2;90;41;106m▀[38;2;16;16;16;49m▀[0m
[0m                 [38;2;90;41;106m▄[48;2;213;115;238m▀[38;2;213;115;238m▀▀▀▀[48;2;164;82;148m▀[38;2;90;41;106;48;2;90;41;106m▀[38;2;16;16;16;48;2;164;82;148m▀[38;2;255;255;255;48;2;16;16;16m▀[48;2;255;255;255m▀▀▀▀▀▀▀▀▀▀▀▀▀[38;2;230;230;213;48;2;197;197;164m▀[38;2;197;197;164m▀▀▀[38;2;164;82;148;48;2;164;82;148m▀[38;2;213;115;238;48;2;213;115;238m▀▀[38;2;164;82;148;48;2;164;82;148m▀[38;2;222;148;246;48;2;222;148;246m▀▀▀[48;2;213;115;238m▀▀▀[48;2;222;148;246m▀[38;2;16;16;16m▀[38;2;164;82;148;48;2;16;16;16m▀[48;2;90;41;106m▀[48;2;164;82;148m▀[38;2;90;41;106m▀[38;2;213;115;238m▀[48;2;213;115;238m▀▀[38;2;164;82;148;48;2;164;82;148m▀[38;2;213;115;238;48;2;213;115;238m▀▀▀▀▀[48;2;164;82;148m▀[38;2;90;41;106;48;2;90;41;106m▀[38;2;164;82;148;48;2;164;82;148m▀▀[48;2;90;41;106m▀[38;2;16;16;16;49m▀[0m
[0m                 [38;2;90;41;106;48;2;90;41;106m▀[38;2;213;115;238;48;2;213;115;238m▀▀▀▀[48;2;164;82;148m▀[38;2;164;82;148m▀▀[38;2;90;41;106m▀[38;2;16;16;16;48;2;90;41;106m▀[38;2;230;230;213;48;2;16;16;16m▀[38;2;255;255;255;48;2;197;197;164m▀[48;2;230;230;213m▀[48;2;255;255;255m▀▀▀▀▀▀[48;2;230;230;213m▀[48;2;197;197;164m▀[38;2;230;230;213m▀[38;2;197;197;164m▀▀▀▀▀[38;2;90;41;106;48;2;90;41;106m▀[38;2;213;115;238;48;2;213;115;238m▀[48;2;164;82;148m▀[38;2;164;82;148;48;2;222;148;246m▀[38;2;222;148;246m▀[48;2;213;115;238m▀[38;2;213;115;238m▀▀▀▀▀[38;2;222;148;246m▀[38;2;16;16;16;48;2;222;148;246m▀[38;2;164;82;148;48;2;16;16;16m▀[38;2;16;16;16;48;2;164;82;148m▀[38;2;164;82;148;48;2;16;16;16m▀[38;2;90;41;106;48;2;90;41;106m▀[38;2;213;115;238;48;2;164;82;148m▀[48;2;213;115;238m▀[38;2;164;82;148;48;2;90;41;106m▀[38;2;213;115;238;48;2;213;115;238m▀▀[48;2;164;82;148m▀▀[38;2;164;82;148m▀[48;2;90;41;106m▀[38;2;90;41;106;48;2;164;82;148m▀[38;2;164;82;148m▀[48;2;16;16;16m▀[38;2;16;16;16;49m▀[0m
[0m                 [38;2;90;41;106;48;2;90;41;106m▀[38;2;164;82;148;48;2;164;82;148m▀▀▀▀▀▀▀[38;2;90;41;106;48;2;90;41;106m▀[38;2;164;82;148;48;2;164;82;148m▀▀[38;2;16;16;16m▀[38;2;197;197;164;48;2;16;16;16m▀[48;2;197;197;164m▀▀▀▀▀▀▀▀▀▀▀▀▀▀[38;2;90;41;106m▀[38;2;213;115;238;48;2;90;41;106m▀[38;2;16;16;16;48;2;16;16;16m▀[38;2;222;148;246;48;2;222;148;246m▀[38;2;213;115;238;48;2;213;115;238m▀▀▀▀▀▀▀▀[38;2;164;82;148;48;2;164;82;148m▀[38;2;16;16;16;48;2;16;16;16m▀[38;2;164;82;148;48;2;164;82;148m▀▀[38;2;16;16;16m▀[38;2;164;82;148;48;2;16;16;16m▀[48;2;164;82;148m▀[38;2;90;41;106;48;2;90;41;106m▀[38;2;164;82;148;48;2;164;82;148m▀▀▀▀[48;2;90;41;106m▀[38;2;90;41;106;48;2;164;82;148m▀[38;2;164;82;148;48;2;16;16;16m▀[38;2;16;16;16;49m▀[0m
[0m                  [38;2;90;41;106;48;2;90;41;106m▀[38;2;164;82;148;48;2;164;82;148m▀▀▀▀▀[38;2;90;41;106;48;2;90;41;106m▀[38;2;164;82;148;48;2;164;82;148m▀▀▀▀▀[38;2;16;16;16m▀▀[38;2;197;197;164;48;2;16;16;16m▀[48;2;115;115;90m▀[48;2;197;197;164m▀▀▀▀▀▀▀[48;2;115;115;90m▀▀[38;2;115;115;90;48;2;164;82;148m▀▀[38;2;90;41;106;48;2;90;41;106m▀[38;2;213;115;238;48;2;213;115;238m▀[38;2;16;16;16;48;2;16;16;16m▀[38;2;213;115;238;48;2;213;115;238m▀▀▀▀▀▀▀[38;2;164;82;148;48;2;164;82;148m▀[48;2;16;16;16m▀[38;2;16;16;16;48;2;164;82;148m▀[38;2;164;82;148m▀▀▀[38;2;16;16;16m▀[38;2;164;82;148;48;2;16;16;16m▀[38;2;90;41;106;48;2;164;82;148m▀[38;2;164;82;148m▀▀▀[48;2;16;16;16m▀[38;2;90;41;106m▀[38;2;16;16;16;49m▀[0m
[0m                   [38;2;90;41;106;48;2;90;41;106m▀[48;2;164;82;148m▀▀▀▀[38;2;164;82;148m▀▀▀▀▀▀▀▀▀[38;2;16;16;16;48;2;16;16;16m▀[49m▀▀[38;2;115;115;90;48;2;16;16;16m▀▀[48;2;164;82;148m▀▀▀[38;2;164;82;148m▀▀▀▀[38;2;90;41;106;48;2;90;41;106m▀[38;2;213;115;238;48;2;213;115;238m▀▀[38;2;16;16;16;48;2;16;16;16m▀[38;2;213;115;238;48;2;213;115;238m▀▀▀▀[48;2;164;82;148m▀[38;2;164;82;148m▀▀[38;2;16;16;16;48;2;16;16;16m▀[38;2;164;82;148;48;2;164;82;148m▀▀▀▀▀[38;2;16;16;16m▀[38;2;164;82;148;48;2;16;16;16m▀▀[38;2;16;16;16;49m▀▀[0m
[0m                    [38;2;90;41;106;48;2;90;41;106m▀[38;2;164;82;148m▀▀▀[48;2;164;82;148m▀▀▀▀▀▀▀▀[48;2;16;16;16m▀[38;2;16;16;16;49m▀[0m    [38;2;16;16;16m▀▀▀[38;2;164;82;148;48;2;16;16;16m▀▀▀▀▀[38;2;90;41;106;48;2;90;41;106m▀[38;2;213;115;238;48;2;213;115;238m▀[48;2;222;148;246m▀[38;2;16;16;16;48;2;213;115;238m▀▀[38;2;164;82;148;48;2;16;16;16m▀▀▀[38;2;16;16;16;48;2;164;82;148m▀▀[38;2;164;82;148m▀▀▀▀▀▀▀[38;2;16;16;16;48;2;16;16;16m▀[0m
[0m                 [38;2;115;115;90m▄▄[48;2;197;197;164m▀▀[38;2;197;197;164m▀▀▀[38;2;90;41;106m▀▀[38;2;164;82;148;48;2;90;41;106m▀[48;2;164;82;148m▀▀▀[48;2;16;16;16m▀▀[38;2;16;16;16;49m▀[0m             [38;2;90;41;106;48;2;90;41;106m▀[38;2;213;115;238;48;2;213;115;238m▀[38;2;222;148;246;48;2;222;148;246m▀[38;2;213;115;238m▀[48;2;213;115;238m▀▀▀▀[38;2;164;82;148;48;2;164;82;148m▀▀▀▀▀▀▀▀▀[38;2;16;16;16m▀[49m▄[0m
[0m                [38;2;115;115;90;48;2;16;16;16m▀[38;2;197;197;164m▀▀▀▀▀▀[38;2;16;16;16;49m▀▀▀▀▀▀▀[0m               [38;2;90;41;106;48;2;90;41;106m▀[38;2;213;115;238;48;2;213;115;238m▀▀[38;2;222;148;246m▀[48;2;222;148;246m▀[38;2;213;115;238;48;2;213;115;238m▀▀[48;2;164;82;148m▀[38;2;90;41;106;48;2;255;255;255m▀[48;2;197;197;164m▀▀[38;2;164;82;148;48;2;90;41;106m▀▀[48;2;164;82;148m▀▀▀▀▀▀[38;2;16;16;16;48;2;16;16;16m▀[0m
[0m                                             [38;2;90;41;106m▀[38;2;213;115;238;48;2;16;16;16m▀▀[48;2;213;115;238m▀▀[48;2;164;82;148m▀[38;2;164;82;148;48;2;255;255;255m▀[38;2;255;255;255m▀▀▀[38;2;197;197;164;48;2;197;197;164m▀▀▀[38;2;90;41;106m▀[38;2;164;82;148;48;2;90;41;106m▀[48;2;164;82;148m▀[48;2;16;16;16m▀▀▀[38;2;16;16;16;49m▀[0m
[0m                                                [38;2;16;16;16m▀▀[38;2;164;82;148;48;2;115;115;90m▀[38;2;255;255;255;48;2;255;255;255m▀▀▀▀▀[38;2;197;197;164;48;2;197;197;164m▀▀▀[38;2;90;41;106;48;2;16;16;16m▀[38;2;16;16;16;49m▀[0m
[0m                                                   [38;2;115;115;90m▀[38;2;255;255;255;48;2;115;115;90m▀▀[48;2;255;255;255m▀▀[38;2;197;197;164;48;2;197;197;164m▀[48;2;16;16;16m▀[38;2;16;16;16;49m▀[0m
[0m                                                      [38;2;16;16;16m▀▀▀[0m
