[0m   [38;2;16;16;16m▄[38;2;82;65;57;48;2;82;65;57m▀▀▀[49m▄▄[0m                                      [38;2;82;65;57m▄▄[38;2;16;16;16m▄[0m
[0m   [38;2;16;16;16m▀[38;2;82;65;57;48;2;16;16;16m▀[48;2;82;65;57m▀[38;2;125;111;104m▀[48;2;125;111;104m▀[38;2;82;65;57m▀▀[48;2;82;65;57m▀[49m▄[38;2;139;74;82m▄[0m       [38;2;222;95;97m▄▄▄[38;2;139;74;82m▄▄▄[0m               [38;2;82;65;57m▄▄▄[48;2;125;111;104m▀▀▀[38;2;125;111;104m▀▀[38;2;82;65;57;48;2;82;65;57m▀[38;2;16;16;16;48;2;16;16;16m▀[0m
[0m    [38;2;16;16;16m▀[38;2;82;65;57;48;2;16;16;16m▀[48;2;82;65;57m▀[48;2;238;148;148m▀[38;2;255;197;180;48;2;255;197;180m▀▀▀▀▀[38;2;139;74;82m▀▀▀[49m▄[38;2;222;95;97m▄[48;2;255;197;180m▀▀[38;2;255;197;180m▀▀▀[38;2;238;148;148m▀▀[48;2;238;148;148m▀[38;2;139;74;82m▀▀[49m▄▄[0m     [38;2;222;95;97m▄▄▄[48;2;255;197;180m▀▀▀[38;2;255;197;180m▀▀▀[38;2;125;111;104m▀[48;2;125;111;104m▀[48;2;82;65;57m▀▀[38;2;82;65;57;48;2;16;16;16m▀[38;2;16;16;16;49m▀[0m
[0m      [38;2;16;16;16m▀[38;2;238;148;148;48;2;16;16;16m▀[48;2;238;148;148m▀[38;2;255;197;180m▀[48;2;255;197;180m▀▀▀▀▀▀[48;2;222;95;97m▀[38;2;222;95;97;48;2;255;197;180m▀[38;2;255;197;180m▀▀[48;2;222;95;97m▀▀▀[48;2;255;197;180m▀▀▀[38;2;238;148;148m▀[48;2;238;148;148m▀▀▀[38;2;139;74;82m▀[38;2;238;148;148;49m▄[38;2;222;95;97;48;2;255;197;180m▀▀▀[38;2;255;197;180m▀▀▀▀▀▀▀▀[48;2;238;148;148m▀[48;2;82;65;57m▀[38;2;82;65;57m▀[48;2;16;16;16m▀[38;2;16;16;16;49m▀[0m
[0m        [38;2;16;16;16;48;2;16;16;16m▀[38;2;238;148;148;48;2;238;148;148m▀▀[38;2;255;197;180m▀[48;2;255;197;180m▀▀▀▀[38;2;222;95;97;48;2;222;95;97m▀[38;2;255;197;180;48;2;255;197;180m▀▀[38;2;222;95;97;48;2;222;95;97m▀[38;2;255;197;180;48;2;255;197;180m▀▀▀[38;2;222;95;97m▀[38;2;255;197;180;48;2;139;74;82m▀[48;2;255;197;180m▀▀▀[38;2;238;148;148m▀▀[38;2;255;197;180m▀▀▀▀▀▀▀▀▀[48;2;238;148;148m▀▀[38;2;238;148;148m▀▀[48;2;16;16;16m▀[38;2;82;65;57m▀[38;2;16;16;16;49m▀[0m
[0m         [38;2;16;16;16m▀[38;2;238;148;148;48;2;16;16;16m▀[48;2;238;148;148m▀▀[38;2;255;197;180m▀[48;2;255;197;180m▀▀[38;2;222;95;97m▀[38;2;255;197;180;48;2;222;95;97m▀[48;2;255;197;180m▀▀[38;2;222;95;97m▀[38;2;255;197;180m▀▀▀[38;2;139;74;82;48;2;139;74;82m▀[38;2;238;148;148;48;2;238;148;148m▀[38;2;255;197;180;48;2;255;197;180m▀▀▀▀▀▀▀▀▀[48;2;238;148;148m▀[48;2;222;95;97m▀[38;2;238;148;148;48;2;238;148;148m▀▀▀▀[48;2;16;16;16m▀[38;2;16;16;16;49m▀[0m
[0m    [38;2;82;49;74m▄[38;2;139;74;82;48;2;213;123;164m▀▀▀[49m▄▄▄[38;2;16;16;16m▀[38;2;238;148;148;48;2;82;49;74m▀[48;2;222;95;97m▀[38;2;222;95;97;48;2;255;197;180m▀[38;2;255;197;180m▀▀▀[38;2;222;95;97;48;2;238;148;148m▀[38;2;255;197;180;48;2;139;74;82m▀▀▀[38;2;139;74;82;48;2;238;148;148m▀▀[38;2;238;148;148m▀[48;2;255;197;180m▀[38;2;255;197;180m▀▀▀▀▀▀▀▀▀[38;2;238;148;148;48;2;238;148;148m▀▀[38;2;222;95;97;48;2;139;74;82m▀[38;2;238;148;148;48;2;238;148;148m▀[48;2;16;16;16m▀[38;2;16;16;16;49m▀[0m [38;2;139;74;82m▄▄▄[48;2;213;123;164m▀▀▀▀▀[38;2;82;49;74;49m▄[0m
[0m     [38;2;82;49;74m▀[38;2;213;123;164;48;2;82;49;74m▀[48;2;189;90;123m▀[48;2;213;123;164m▀▀▀[38;2;139;74;82m▀[38;2;82;49;74;48;2;139;74;82m▀[38;2;222;95;97;48;2;255;197;180m▀[38;2;255;197;180m▀▀▀[48;2;238;148;148m▀[48;2;255;197;180m▀[38;2;238;148;148m▀▀▀▀▀[38;2;255;197;180m▀▀[48;2;238;148;148m▀[48;2;255;197;180m▀▀▀▀▀▀▀▀▀[38;2;238;148;148;48;2;238;148;148m▀▀[38;2;16;16;16;48;2;16;16;16m▀[38;2;139;74;82;48;2;189;90;123m▀▀▀[38;2;213;123;164;48;2;213;123;164m▀▀▀▀▀[48;2;82;49;74m▀▀[38;2;82;49;74;49m▀[0m
[0m    [38;2;139;74;82m▄▄▄[38;2;82;49;74;48;2;139;74;82m▀▀[38;2;189;90;123;48;2;189;90;123m▀▀[38;2;139;74;82;48;2;139;74;82m▀[38;2;255;197;180;48;2;255;197;180m▀▀▀▀[38;2;222;95;97;48;2;139;74;82m▀[38;2;255;197;180;48;2;255;197;180m▀[38;2;255;255;255;48;2;16;16;16m▀[38;2;255;197;180;48;2;255;197;180m▀▀▀▀▀▀[38;2;255;255;255;48;2;16;16;16m▀[38;2;255;197;180;48;2;255;197;180m▀[38;2;222;95;97;48;2;139;74;82m▀[38;2;255;197;180;48;2;255;197;180m▀▀▀▀▀▀▀▀[38;2;238;148;148m▀[48;2;238;148;148m▀▀[38;2;16;16;16;48;2;16;16;16m▀[38;2;189;90;123;48;2;189;90;123m▀▀[48;2;82;49;74m▀▀▀[38;2;82;49;74;49m▀▀[0m
[0m   [38;2;82;49;74m▀[38;2;213;123;164;48;2;82;49;74m▀▀[48;2;213;123;164m▀▀▀[48;2;189;90;123m▀[38;2;189;90;123;48;2;139;74;82m▀[38;2;139;74;82;48;2;255;197;180m▀[38;2;255;197;180m▀▀▀▀[38;2;139;74;82m▀[38;2;255;197;180;48;2;238;148;148m▀[38;2;16;16;16;48;2;255;197;180m▀[38;2;255;197;180m▀▀▀▀▀▀[38;2;16;16;16m▀[38;2;255;197;180;48;2;238;148;148m▀[38;2;139;74;82;48;2;255;197;180m▀[38;2;255;197;180m▀▀▀▀▀▀▀▀▀[38;2;238;148;148;48;2;238;148;148m▀▀[38;2;16;16;16m▀[38;2;189;90;123;48;2;16;16;16m▀[48;2;189;90;123m▀[38;2;139;74;82;48;2;213;123;164m▀▀▀▀▀▀▀▀▀[38;2;82;49;74;49m▄[0m
[0m      [38;2;82;49;74m▀▀[38;2;189;90;123;48;2;82;49;74m▀▀[38;2;139;74;82;48;2;139;74;82m▀[38;2;255;197;180;48;2;255;197;180m▀▀▀▀▀▀▀[38;2;16;16;16m▀[48;2;139;74;82m▀[48;2;222;95;97m▀▀▀▀[48;2;139;74;82m▀[38;2;255;197;180;48;2;255;197;180m▀▀▀▀▀▀▀▀▀▀▀▀[38;2;238;148;148m▀[48;2;222;95;97m▀[48;2;238;148;148m▀[38;2;16;16;16;48;2;16;16;16m▀[38;2;189;90;123;48;2;189;90;123m▀[38;2;213;123;164m▀▀[48;2;82;49;74m▀▀▀▀[38;2;82;49;74;49m▀▀▀[0m
[0m       [38;2;139;74;82m▄[48;2;255;197;180m▀▀[38;2;255;197;180m▀▀▀▀▀▀▀▀▀▀[38;2;139;74;82m▀▀▀▀[38;2;255;197;180m▀▀▀▀▀▀▀▀▀▀▀▀▀▀▀[38;2;139;74;82m▀[38;2;16;16;16m▀[38;2;189;90;123;48;2;16;16;16m▀[48;2;189;90;123m▀▀▀[38;2;139;74;82m▀[49m▄[0m
[0m    [38;2;139;74;82m▄[48;2;255;197;180m▀▀[38;2;255;197;180m▀▀▀▀▀▀▀▀▀▀▀▀▀▀▀▀▀▀▀▀▀▀▀▀▀▀▀▀▀▀▀▀▀▀▀[38;2;16;16;16m▀[38;2;82;49;74;48;2;16;16;16m▀[48;2;213;123;139m▀[38;2;189;90;123;48;2;82;49;74m▀▀[38;2;82;49;74;48;2;213;123;139m▀[49m▄[0m
[38;2;16;16;16;49m▄[48;2;255;197;180m▀[48;2;238;148;148m▀[48;2;255;197;180m▀[38;2;255;197;180m▀▀▀▀▀[38;2;238;148;148;48;2;238;148;148m▀[38;2;255;197;180;48;2;255;197;180m▀▀▀▀▀▀▀▀▀▀▀▀▀▀▀▀▀▀▀▀▀▀▀▀▀▀▀▀▀▀▀▀▀[48;2;139;74;82m▀[38;2;16;16;16;48;2;255;197;180m▀[38;2;213;123;139;48;2;16;16;16m▀▀[48;2;213;123;139m▀[38;2;82;49;74;48;2;82;49;74m▀[0m
[0m [38;2;16;16;16;48;2;16;16;16m▀[38;2;255;197;180;48;2;238;148;148m▀[48;2;255;197;180m▀▀▀▀▀▀[38;2;222;95;97;48;2;222;95;97m▀[38;2;255;197;180;48;2;255;197;180m▀▀▀▀▀▀▀▀▀▀▀▀▀▀▀▀▀▀▀▀▀▀▀▀[38;2;238;148;148m▀[38;2;222;95;97;48;2;238;148;148m▀[38;2;255;197;180;48;2;139;74;82m▀[48;2;16;16;16m▀[48;2;255;197;180m▀▀▀▀[38;2;139;74;82m▀[38;2;255;197;180m▀[48;2;238;148;148m▀[38;2;238;148;148m▀[48;2;16;16;16m▀[38;2;16;16;16;48;2;213;123;139m▀[38;2;213;123;139m▀[38;2;82;49;74;48;2;82;49;74m▀[0m
[0m  [38;2;16;16;16m▀[38;2;255;197;180;48;2;16;16;16m▀▀▀▀[38;2;16;16;16;49m▀▀[48;2;16;16;16m▀[38;2;255;197;180;48;2;255;197;180m▀▀▀▀▀▀▀▀▀▀▀▀▀▀▀▀▀▀▀▀▀▀▀▀[48;2;238;148;148m▀[38;2;238;148;148m▀▀▀[38;2;16;16;16m▀▀[38;2;255;197;180;48;2;16;16;16m▀▀[38;2;139;74;82;48;2;255;197;180m▀▀[38;2;238;148;148;48;2;139;74;82m▀[48;2;16;16;16m▀[38;2;16;16;16;48;2;213;123;139m▀[38;2;213;123;139m▀▀[38;2;82;49;74;48;2;82;49;74m▀[0m
[0m         [38;2;16;16;16;48;2;16;16;16m▀[38;2;238;148;148;48;2;238;148;148m▀[38;2;255;197;180;48;2;255;197;180m▀▀▀▀▀▀▀▀▀▀▀▀▀▀▀▀▀▀▀▀▀▀[48;2;238;148;148m▀[38;2;238;148;148m▀▀▀▀▀▀▀[38;2;16;16;16;48;2;16;16;16m▀[48;2;213;123;139m▀▀[48;2;139;74;82m▀[38;2;213;123;139;48;2;213;123;139m▀▀▀▀[38;2;82;49;74;48;2;82;49;74m▀[0m
[0m         [38;2;16;16;16;48;2;16;16;16m▀[38;2;238;148;148;48;2;238;148;148m▀▀[38;2;255;197;180m▀[48;2;255;197;180m▀▀▀▀▀▀▀▀▀▀▀▀▀▀▀▀▀▀[48;2;238;148;148m▀[38;2;238;148;148m▀▀▀▀▀▀▀▀▀[38;2;16;16;16;48;2;16;16;16m▀[38;2;213;123;139;48;2;213;123;139m▀▀[38;2;139;74;82;48;2;139;74;82m▀[38;2;213;123;139;48;2;213;123;139m▀▀▀[48;2;82;49;74m▀[38;2;82;49;74;49m▀[0m
[0m         [38;2;16;16;16m▀[38;2;238;148;148;48;2;16;16;16m▀[48;2;238;148;148m▀▀▀[38;2;255;197;180m▀[48;2;255;197;180m▀▀▀▀▀▀▀▀▀▀▀▀▀[48;2;238;148;148m▀▀[38;2;238;148;148m▀▀▀▀▀▀▀▀▀▀[38;2;16;16;16;48;2;16;16;16m▀[38;2;213;123;139;48;2;213;123;139m▀▀[38;2;139;74;82;48;2;139;74;82m▀[38;2;213;123;139;48;2;213;123;139m▀▀▀▀[38;2;82;49;74;48;2;82;49;74m▀[0m
[0m          [38;2;16;16;16;48;2;16;16;16m▀[38;2;238;148;148;48;2;238;148;148m▀▀▀▀▀▀▀[38;2;255;197;180m▀▀▀▀▀▀▀▀[38;2;238;148;148m▀▀▀▀▀▀▀▀▀▀▀▀▀▀[38;2;16;16;16;48;2;16;16;16m▀[38;2;213;123;139;48;2;139;74;82m▀[38;2;139;74;82;48;2;213;123;139m▀[38;2;213;123;139m▀▀▀▀[38;2;82;49;74;48;2;82;49;74m▀[0m
[0m          [38;2;16;16;16m▀[38;2;238;148;148;48;2;16;16;16m▀[48;2;238;148;148m▀▀▀[38;2;222;95;97m▀[38;2;238;148;148;48;2;222;95;97m▀▀[48;2;238;148;148m▀▀▀▀▀▀▀▀▀▀▀▀[48;2;255;197;180m▀▀▀▀[48;2;238;148;148m▀▀▀▀▀[48;2;16;16;16m▀[38;2;16;16;16;48;2;213;123;139m▀[38;2;213;123;139m▀▀▀▀▀[38;2;82;49;74;48;2;82;49;74m▀[0m
[0m           [38;2;16;16;16;48;2;16;16;16m▀[38;2;238;148;148;48;2;238;148;148m▀▀▀▀▀▀[38;2;139;74;82m▀▀▀▀[38;2;238;148;148;48;2;139;74;82m▀▀▀▀▀[48;2;255;197;180m▀[38;2;255;197;180m▀▀▀▀▀▀▀[38;2;238;148;148;48;2;238;148;148m▀▀▀▀[38;2;16;16;16;48;2;16;16;16m▀[38;2;213;123;139;48;2;213;123;139m▀▀▀▀[48;2;82;49;74m▀[38;2;82;49;74;49m▀[0m
[0m            [38;2;16;16;16;48;2;16;16;16m▀[38;2;238;148;148;48;2;238;148;148m▀▀▀▀▀▀▀▀▀▀[38;2;16;16;16;48;2;16;16;16m▀[38;2;213;123;139;48;2;213;123;139m▀▀▀[38;2;222;95;97;48;2;222;95;97m▀[38;2;255;197;180;48;2;255;197;180m▀▀▀▀▀▀▀▀[38;2;238;148;148;48;2;238;148;148m▀▀[48;2;16;16;16m▀[38;2;16;16;16;48;2;213;123;139m▀[38;2;213;123;139m▀▀[48;2;82;49;74m▀[38;2;82;49;74;49m▀[0m
[0m             [38;2;16;16;16;48;2;16;16;16m▀[38;2;238;148;148;48;2;238;148;148m▀▀▀▀▀▀▀▀[48;2;16;16;16m▀[38;2;16;16;16;49m▀[38;2;213;123;139;48;2;82;49;74m▀[48;2;16;16;16m▀[48;2;213;123;139m▀[38;2;222;95;97m▀[38;2;255;197;180;48;2;222;95;97m▀[48;2;255;197;180m▀▀▀▀▀▀[48;2;238;148;148m▀[38;2;238;148;148m▀▀[38;2;16;16;16;48;2;16;16;16m▀[38;2;213;123;139;48;2;82;49;74m▀[38;2;82;49;74;49m▀▀[0m
[0m              [38;2;125;111;104;48;2;125;111;104m▀[38;2;139;74;82;48;2;255;255;255m▀▀[38;2;238;148;148;48;2;125;111;104m▀[38;2;139;74;82;48;2;255;255;255m▀▀[38;2;238;148;148;48;2;16;16;16m▀▀[38;2;16;16;16;49m▀[0m   [38;2;16;16;16m▀▀[38;2;222;95;97m▀[38;2;255;197;180;48;2;222;95;97m▀▀[48;2;255;197;180m▀[48;2;222;95;97m▀▀[48;2;255;197;180m▀[38;2;238;148;148;48;2;238;148;148m▀▀[38;2;16;16;16;48;2;16;16;16m▀[0m
[0m               [38;2;16;16;16m▀▀▀▀▀[0m         [38;2;16;16;16m▀[38;2;255;255;255;48;2;16;16;16m▀[38;2;125;111;104m▀[38;2;255;255;255m▀▀[38;2;222;95;97m▀[38;2;238;148;148m▀[38;2;16;16;16;49m▀[0m
