[0m                                                                 [38;2;131;98;24m▄▄[48;2;230;197;82m▀[38;2;16;16;16;48;2;16;16;16m▀[0m
[0m                                                            [38;2;131;98;24m▄▄▄[48;2;246;230;123m▀▀[38;2;246;230;123m▀[48;2;230;197;82m▀[38;2;16;16;16;48;2;16;16;16m▀[0m
[0m                  [38;2;131;98;24m▄▄▄▄▄[0m       [38;2;131;98;24m▄▄▄▄▄[0m                 [38;2;131;98;24m▄▄[48;2;246;230;123m▀▀▀▀▀▀[38;2;246;230;123m▀▀▀▀[48;2;230;197;82m▀[38;2;230;197;82m▀[38;2;16;16;16;48;2;16;16;16m▀[0m
[0m              [38;2;131;98;24m▄▄[48;2;246;230;123m▀▀[38;2;246;230;123m▀▀▀▀[38;2;230;197;82m▀[38;2;131;98;24m▀▀[48;2;230;197;82m▀[49m▄▄[48;2;246;230;123m▀▀[38;2;246;230;123m▀▀▀▀▀[38;2;131;98;24m▀▀[49m▄[0m            [38;2;131;98;24m▄[48;2;246;230;123m▀[38;2;246;230;123m▀[48;2;16;16;16m▀[48;2;246;230;123m▀▀▀▀▀▀▀▀▀[38;2;230;197;82;48;2;131;98;24m▀▀[38;2;16;16;16m▀[38;2;131;98;24;49m▄▄[0m
[0m            [38;2;16;16;16m▄[38;2;131;98;24;48;2;246;230;123m▀[38;2;246;230;123m▀▀▀▀▀▀▀▀▀▀▀▀▀▀[38;2;131;98;24m▀[38;2;246;230;123;48;2;131;98;24m▀[48;2;246;230;123m▀▀▀▀▀▀▀▀[38;2;131;98;24m▀[49m▄[0m         [38;2;131;98;24;48;2;131;98;24m▀[38;2;246;230;123;48;2;246;230;123m▀▀[38;2;16;16;16;48;2;16;16;16m▀[38;2;246;230;123;48;2;246;230;123m▀[38;2;16;16;16;48;2;230;197;82m▀[38;2;246;230;123;48;2;16;16;16m▀[48;2;246;230;123m▀▀▀▀▀▀▀▀[38;2;230;197;82;48;2;230;197;82m▀▀▀▀[38;2;131;98;24m▀▀[49m▄▄[0m
[0m           [38;2;16;16;16;48;2;16;16;16m▀[38;2;246;230;123;48;2;246;230;123m▀▀▀▀▀▀▀▀▀▀▀▀▀▀▀▀▀▀[38;2;131;98;24;48;2;131;98;24m▀[38;2;246;230;123;48;2;246;230;123m▀▀▀▀▀▀▀▀▀[38;2;131;98;24;48;2;131;98;24m▀[0m    [38;2;16;16;16;48;2;16;16;16m▀[48;2;246;230;123m▀[49m▄[38;2;131;98;24;48;2;131;98;24m▀[38;2;246;230;123;48;2;246;230;123m▀[48;2;230;197;82m▀▀[38;2;16;16;16;48;2;16;16;16m▀[38;2;131;98;24;48;2;230;197;82m▀[38;2;246;230;123;48;2;131;98;24m▀[38;2;16;16;16;48;2;230;197;82m▀[38;2;230;197;82;48;2;16;16;16m▀[38;2;246;230;123;48;2;230;197;82m▀▀[48;2;246;230;123m▀▀[48;2;230;197;82m▀▀[38;2;230;197;82m▀▀[48;2;16;16;16m▀▀▀▀[48;2;230;197;82m▀▀▀[38;2;131;98;24;48;2;131;98;24m▀[0m
[0m          [38;2;16;16;16;48;2;16;16;16m▀[38;2;246;230;123;48;2;246;230;123m▀▀▀▀▀▀▀▀▀▀▀▀▀▀▀▀▀▀[48;2;230;197;82m▀[48;2;246;230;123m▀[38;2;131;98;24;48;2;131;98;24m▀[38;2;246;230;123;48;2;230;197;82m▀[48;2;246;230;123m▀▀▀▀▀▀▀▀[38;2;131;98;24;48;2;131;98;24m▀[0m   [38;2;16;16;16m▀[38;2;246;230;123;48;2;16;16;16m▀[48;2;246;230;123m▀[38;2;131;98;24;48;2;230;197;82m▀[38;2;230;197;82;48;2;131;98;24m▀[48;2;16;16;16m▀▀[38;2;16;16;16m▀[38;2;230;197;82;48;2;230;197;82m▀[38;2;131;98;24m▀[38;2;246;230;123;48;2;131;98;24m▀[38;2;16;16;16;48;2;16;16;16m▀[38;2;230;197;82;48;2;230;197;82m▀▀▀▀▀▀▀[38;2;205;156;74m▀[48;2;205;156;74m▀▀[38;2;131;98;24m▀[49m▄[38;2;16;16;16m▀▀[38;2;230;197;82;48;2;16;16;16m▀[48;2;230;197;82m▀[38;2;131;98;24;48;2;131;98;24m▀[0m
[0m         [38;2;16;16;16m▄[48;2;230;197;82m▀[38;2;246;230;123;48;2;246;230;123m▀▀▀▀▀▀▀▀▀▀▀▀▀▀▀▀▀[38;2;230;197;82m▀[38;2;246;230;123;48;2;230;197;82m▀[38;2;230;197;82;48;2;246;230;123m▀[38;2;131;98;24;48;2;230;197;82m▀[38;2;230;197;82;48;2;131;98;24m▀[48;2;230;197;82m▀[38;2;246;230;123m▀▀▀[38;2;230;197;82;48;2;246;230;123m▀[38;2;246;230;123;48;2;230;197;82m▀[38;2;230;197;82;48;2;246;230;123m▀[38;2;246;230;123;48;2;230;197;82m▀[38;2;230;197;82;48;2;246;230;123m▀[38;2;131;98;24;48;2;131;98;24m▀[49m▄[0m  [38;2;16;16;16m▀[38;2;246;230;123;48;2;16;16;16m▀[38;2;16;16;16;48;2;246;230;123m▀▀[38;2;246;230;123m▀▀▀[38;2;131;98;24;48;2;230;197;82m▀[38;2;230;197;82;48;2;131;98;24m▀[38;2;131;98;24m▀[38;2;230;197;82;48;2;246;230;123m▀[38;2;16;16;16;48;2;16;16;16m▀[38;2;230;197;82;48;2;230;197;82m▀[48;2;16;16;16m▀▀▀[48;2;205;156;74m▀▀[48;2;230;197;82m▀[38;2;131;98;24m▀[38;2;205;156;74;48;2;16;16;16m▀[48;2;205;156;74m▀[38;2;131;98;24m▀[49m▄[0m  [38;2;16;16;16m▀[38;2;131;98;24;48;2;16;16;16m▀[0m
[0m         [38;2;16;16;16;48;2;16;16;16m▀[38;2;230;197;82;48;2;230;197;82m▀▀[38;2;246;230;123m▀▀[48;2;246;230;123m▀▀▀▀▀▀▀▀▀▀▀[48;2;230;197;82m▀[38;2;230;197;82m▀▀▀[38;2;246;230;123m▀[38;2;230;197;82;48;2;246;230;123m▀[38;2;246;230;123;48;2;230;197;82m▀[38;2;131;98;24;48;2;131;98;24m▀[38;2;230;197;82;48;2;230;197;82m▀▀▀▀▀▀▀[38;2;246;230;123m▀[38;2;230;197;82;48;2;246;230;123m▀[38;2;131;98;24;48;2;131;98;24m▀[38;2;246;230;123;48;2;246;230;123m▀[38;2;131;98;24m▀[38;2;16;16;16;49m▄[48;2;205;156;74m▀[38;2;246;230;123;48;2;246;230;123m▀[48;2;230;197;82m▀[38;2;230;197;82;48;2;131;98;24m▀[38;2;131;98;24;48;2;255;255;255m▀[38;2;16;16;16;48;2;202;24;9m▀[38;2;230;197;82;48;2;230;197;82m▀▀▀[38;2;131;98;24m▀[38;2;246;230;123m▀[38;2;16;16;16;48;2;16;16;16m▀[49m▀[0m   [38;2;16;16;16m▀[38;2;205;156;74;48;2;16;16;16m▀[48;2;205;156;74m▀[38;2;230;197;82m▀[38;2;131;98;24;48;2;131;98;24m▀[38;2;16;16;16;49m▀▀▀[0m
[0m       [38;2;131;98;24m▄▄[48;2;246;230;123m▀▀▀▀▀▀[48;2;230;197;82m▀[38;2;230;197;82;48;2;131;98;24m▀[38;2;246;230;123m▀[48;2;230;197;82m▀▀▀▀▀[38;2;230;197;82m▀▀▀▀▀▀▀▀▀[38;2;131;98;24;48;2;131;98;24m▀[38;2;230;197;82;48;2;230;197;82m▀▀▀▀▀▀▀[48;2;16;16;16m▀▀[38;2;16;16;16;48;2;246;230;123m▀▀▀[38;2;246;230;123m▀▀▀[38;2;131;98;24m▀[38;2;202;24;9m▀[38;2;242;138;44;48;2;230;197;82m▀[38;2;230;197;82m▀▀▀▀▀▀▀[38;2;16;16;16;48;2;16;16;16m▀[0m     [38;2;16;16;16;48;2;16;16;16m▀[38;2;205;156;74;48;2;205;156;74m▀▀[38;2;131;98;24;48;2;131;98;24m▀[0m
[0m     [38;2;131;98;24m▄[48;2;246;230;123m▀[38;2;246;230;123m▀▀▀▀▀▀▀▀▀▀[38;2;230;197;82m▀[38;2;131;98;24;48;2;230;197;82m▀[38;2;230;197;82;48;2;131;98;24m▀[48;2;230;197;82m▀▀▀▀▀▀▀▀▀▀▀▀[38;2;131;98;24;48;2;131;98;24m▀[38;2;230;197;82;48;2;230;197;82m▀▀▀▀▀▀▀[38;2;16;16;16;48;2;16;16;16m▀[38;2;131;98;24;48;2;230;197;82m▀[38;2;246;230;123m▀[48;2;246;230;123m▀▀▀▀▀[48;2;230;197;82m▀[38;2;230;197;82;48;2;131;98;24m▀[48;2;230;197;82m▀▀▀▀▀▀▀▀▀[38;2;16;16;16;48;2;16;16;16m▀[0m     [38;2;16;16;16;48;2;16;16;16m▀[38;2;205;156;74;48;2;205;156;74m▀[38;2;16;16;16;48;2;16;16;16m▀[0m
[0m    [38;2;131;98;24;48;2;131;98;24m▀[38;2;246;230;123;48;2;246;230;123m▀▀▀▀▀▀▀▀▀▀▀▀▀▀▀[38;2;131;98;24m▀[38;2;230;197;82;48;2;131;98;24m▀[48;2;230;197;82m▀▀▀▀▀▀▀▀▀[38;2;131;98;24;48;2;131;98;24m▀[38;2;230;197;82;48;2;230;197;82m▀▀▀▀▀▀▀▀▀[38;2;16;16;16;48;2;131;98;24m▀[38;2;230;197;82;48;2;16;16;16m▀[38;2;205;156;74;48;2;131;98;24m▀[38;2;131;98;24;48;2;230;197;82m▀▀▀▀▀[38;2;230;197;82m▀▀▀▀▀▀▀▀▀▀▀[38;2;16;16;16;48;2;16;16;16m▀[0m    [38;2;16;16;16m▀[38;2;205;156;74;48;2;16;16;16m▀[38;2;16;16;16;49m▀[0m
[0m   [38;2;131;98;24;48;2;131;98;24m▀[38;2;246;230;123;48;2;246;230;123m▀▀▀▀▀▀▀▀▀▀▀▀▀▀▀▀▀[38;2;131;98;24;48;2;230;197;82m▀[38;2;230;197;82;48;2;131;98;24m▀[48;2;230;197;82m▀▀▀▀▀▀▀▀[38;2;131;98;24;48;2;131;98;24m▀[38;2;230;197;82;48;2;230;197;82m▀▀▀▀▀▀▀▀[48;2;131;98;24m▀[38;2;131;98;24;48;2;230;197;82m▀[38;2;230;197;82m▀[38;2;16;16;16;48;2;246;230;123m▀▀▀[48;2;131;98;24m▀[38;2;230;197;82;48;2;16;16;16m▀▀▀[48;2;230;197;82m▀▀[48;2;246;230;123m▀[48;2;230;197;82m▀▀▀▀▀▀▀▀[38;2;16;16;16;48;2;16;16;16m▀[0m    [38;2;16;16;16m▀[0m
[0m   [38;2;131;98;24;48;2;131;98;24m▀[38;2;246;230;123;48;2;246;230;123m▀▀▀▀▀▀▀▀▀▀▀▀▀▀▀▀[38;2;230;197;82m▀[38;2;246;230;123;48;2;230;197;82m▀[38;2;131;98;24;48;2;246;230;123m▀[38;2;230;197;82;48;2;131;98;24m▀[48;2;230;197;82m▀▀▀▀▀▀[38;2;131;98;24;48;2;131;98;24m▀[38;2;230;197;82;48;2;230;197;82m▀▀▀▀▀▀▀▀[48;2;131;98;24m▀[38;2;131;98;24;48;2;230;197;82m▀[38;2;230;197;82m▀▀▀[38;2;246;230;123m▀▀[38;2;131;98;24;48;2;131;98;24m▀[49m▄[0m  [38;2;16;16;16;48;2;16;16;16m▀[38;2;246;230;123;48;2;230;197;82m▀[38;2;230;197;82;48;2;246;230;123m▀[38;2;246;230;123;48;2;230;197;82m▀[38;2;230;197;82;48;2;246;230;123m▀[48;2;230;197;82m▀▀▀▀▀▀[38;2;16;16;16m▀[49m▄[0m
[0m   [38;2;16;16;16;48;2;16;16;16m▀[38;2;246;230;123;48;2;246;230;123m▀▀▀[38;2;131;98;24;48;2;131;98;24m▀[38;2;246;230;123;48;2;230;197;82m▀[48;2;246;230;123m▀▀▀▀▀▀▀▀▀▀[48;2;230;197;82m▀[38;2;230;197;82;48;2;246;230;123m▀[38;2;246;230;123;48;2;230;197;82m▀[38;2;230;197;82;48;2;246;230;123m▀[38;2;131;98;24;48;2;230;197;82m▀[38;2;230;197;82;48;2;131;98;24m▀[48;2;230;197;82m▀▀▀▀[48;2;131;98;24m▀[38;2;131;98;24;48;2;230;197;82m▀[38;2;230;197;82m▀▀▀▀▀▀▀[48;2;131;98;24m▀[38;2;131;98;24;48;2;230;197;82m▀[38;2;230;197;82m▀▀▀▀▀[48;2;131;98;24m▀[38;2;131;98;24;48;2;246;230;123m▀[38;2;246;230;123m▀[38;2;131;98;24m▀▀[38;2;16;16;16;48;2;16;16;16m▀[38;2;246;230;123;48;2;230;197;82m▀[38;2;230;197;82;48;2;246;230;123m▀[38;2;246;230;123;48;2;230;197;82m▀[38;2;230;197;82;48;2;246;230;123m▀▀[48;2;230;197;82m▀▀▀▀▀▀[38;2;16;16;16;48;2;16;16;16m▀[0m
[0m   [38;2;16;16;16;48;2;16;16;16m▀[38;2;246;230;123;48;2;230;197;82m▀[48;2;246;230;123m▀[48;2;230;197;82m▀[38;2;230;197;82m▀[38;2;131;98;24;48;2;131;98;24m▀[38;2;230;197;82;48;2;230;197;82m▀[38;2;246;230;123m▀▀[48;2;246;230;123m▀▀▀▀▀[48;2;230;197;82m▀▀▀[38;2;230;197;82m▀[38;2;246;230;123m▀[38;2;230;197;82;48;2;246;230;123m▀[38;2;246;230;123;48;2;230;197;82m▀[38;2;131;98;24;48;2;131;98;24m▀[38;2;230;197;82;48;2;230;197;82m▀▀▀▀[38;2;131;98;24;48;2;131;98;24m▀[38;2;230;197;82;48;2;230;197;82m▀▀▀▀▀▀[48;2;205;156;74m▀[38;2;131;98;24;48;2;131;98;24m▀[38;2;230;197;82;48;2;230;197;82m▀▀▀▀▀▀[48;2;131;98;24m▀[38;2;131;98;24;48;2;230;197;82m▀[38;2;230;197;82m▀[38;2;246;230;123m▀▀[48;2;16;16;16m▀[38;2;16;16;16;48;2;230;197;82m▀[38;2;246;230;123;48;2;246;230;123m▀▀▀▀▀▀[38;2;230;197;82m▀[38;2;246;230;123m▀[38;2;230;197;82;48;2;230;197;82m▀▀▀[38;2;16;16;16m▀[49m▄[0m
[0m    [38;2;16;16;16;48;2;16;16;16m▀[38;2;230;197;82;48;2;230;197;82m▀▀▀[38;2;131;98;24m▀[38;2;230;197;82;48;2;131;98;24m▀[48;2;230;197;82m▀▀▀▀▀▀▀▀▀▀▀▀▀▀[38;2;205;156;74m▀[38;2;131;98;24;48;2;131;98;24m▀[38;2;230;197;82;48;2;205;156;74m▀[48;2;230;197;82m▀▀[38;2;131;98;24;48;2;131;98;24m▀[38;2;230;197;82;48;2;230;197;82m▀▀▀▀▀[48;2;205;156;74m▀[38;2;131;98;24;48;2;131;98;24m▀[38;2;230;197;82;48;2;230;197;82m▀▀▀▀▀▀[38;2;131;98;24;48;2;131;98;24m▀[38;2;230;197;82;48;2;230;197;82m▀▀▀▀[48;2;16;16;16m▀[38;2;16;16;16;48;2;230;197;82m▀[38;2;246;230;123;48;2;246;230;123m▀▀▀▀▀▀▀▀▀▀[38;2;230;197;82;48;2;230;197;82m▀▀▀[38;2;16;16;16;48;2;16;16;16m▀[0m
[0m     [38;2;16;16;16;48;2;16;16;16m▀[38;2;230;197;82;48;2;230;197;82m▀▀▀[38;2;131;98;24m▀[38;2;230;197;82;48;2;131;98;24m▀[48;2;230;197;82m▀▀▀▀▀▀▀▀▀▀▀▀▀▀[38;2;131;98;24;48;2;131;98;24m▀[38;2;205;156;74;48;2;205;156;74m▀▀▀[38;2;131;98;24;48;2;131;98;24m▀[38;2;205;156;74;48;2;205;156;74m▀[38;2;230;197;82m▀▀▀[38;2;205;156;74m▀[48;2;131;98;24m▀[38;2;131;98;24;48;2;205;156;74m▀[38;2;230;197;82;48;2;230;197;82m▀▀▀▀[48;2;131;98;24m▀[38;2;131;98;24;48;2;230;197;82m▀[38;2;230;197;82m▀▀▀▀[48;2;16;16;16m▀[38;2;16;16;16;48;2;230;197;82m▀[38;2;230;197;82;48;2;246;230;123m▀[38;2;246;230;123m▀▀▀▀▀▀▀▀▀[48;2;230;197;82m▀[38;2;230;197;82m▀▀▀[38;2;16;16;16;48;2;16;16;16m▀[0m
[0m      [38;2;16;16;16m▀[38;2;230;197;82;48;2;16;16;16m▀[48;2;230;197;82m▀▀[38;2;131;98;24m▀[38;2;230;197;82;48;2;131;98;24m▀[48;2;230;197;82m▀▀▀▀▀▀▀▀▀▀▀▀▀[38;2;205;156;74;48;2;205;156;74m▀[38;2;131;98;24;48;2;131;98;24m▀[38;2;205;156;74;48;2;205;156;74m▀▀[38;2;131;98;24;48;2;131;98;24m▀[38;2;205;156;74;48;2;205;156;74m▀▀▀▀▀[38;2;131;98;24;48;2;131;98;24m▀[38;2;205;156;74;48;2;205;156;74m▀▀[38;2;230;197;82m▀[38;2;205;156;74;48;2;131;98;24m▀[38;2;131;98;24;48;2;205;156;74m▀[38;2;205;156;74;48;2;230;197;82m▀[38;2;230;197;82m▀▀▀▀▀[38;2;16;16;16;48;2;16;16;16m▀[38;2;230;197;82;48;2;230;197;82m▀▀[38;2;246;230;123m▀[48;2;246;230;123m▀[48;2;230;197;82m▀[48;2;246;230;123m▀▀▀▀▀[48;2;230;197;82m▀[38;2;230;197;82m▀▀▀[48;2;205;156;74m▀[38;2;16;16;16;48;2;16;16;16m▀[0m
[0m       [38;2;131;98;24m▄[38;2;16;16;16;48;2;131;98;24m▀[38;2;230;197;82m▀▀▀[38;2;131;98;24m▀[38;2;230;197;82m▀[48;2;230;197;82m▀▀▀▀▀▀▀▀▀▀[48;2;205;156;74m▀[38;2;205;156;74m▀[38;2;131;98;24;48;2;131;98;24m▀[38;2;205;156;74;48;2;205;156;74m▀▀[38;2;131;98;24m▀[38;2;205;156;74;48;2;131;98;24m▀[48;2;205;156;74m▀▀▀[48;2;131;98;24m▀[38;2;131;98;24;48;2;205;156;74m▀[38;2;205;156;74m▀▀[38;2;131;98;24;48;2;131;98;24m▀[38;2;205;156;74;48;2;205;156;74m▀▀[38;2;230;197;82m▀[48;2;230;197;82m▀▀[48;2;205;156;74m▀[38;2;205;156;74m▀[38;2;16;16;16;48;2;16;16;16m▀[38;2;205;156;74;48;2;246;230;123m▀[38;2;16;16;16m▀[38;2;205;156;74;48;2;131;98;24m▀[38;2;230;197;82;48;2;230;197;82m▀[38;2;246;230;123m▀[38;2;230;197;82m▀▀[38;2;246;230;123m▀[38;2;230;197;82m▀[38;2;246;230;123;48;2;246;230;123m▀[48;2;230;197;82m▀[38;2;230;197;82m▀▀▀[38;2;205;156;74;48;2;205;156;74m▀[38;2;131;98;24;48;2;16;16;16m▀[38;2;16;16;16;49m▀[0m
[0m    [38;2;131;98;24m▄[48;2;230;197;82m▀[48;2;246;230;123m▀[38;2;230;197;82m▀[38;2;246;230;123m▀▀▀▀▀▀[38;2;131;98;24;48;2;230;197;82m▀[48;2;246;230;123m▀[48;2;230;197;82m▀[38;2;230;197;82;48;2;131;98;24m▀▀[48;2;230;197;82m▀▀▀[48;2;205;156;74m▀▀[38;2;205;156;74m▀▀[38;2;131;98;24m▀[38;2;205;156;74;48;2;131;98;24m▀[48;2;205;156;74m▀▀[38;2;131;98;24;48;2;131;98;24m▀[38;2;205;156;74;48;2;205;156;74m▀▀▀[38;2;131;98;24;48;2;131;98;24m▀[38;2;205;156;74;48;2;205;156;74m▀▀[38;2;131;98;24;48;2;131;98;24m▀[38;2;205;156;74;48;2;205;156;74m▀▀▀▀▀▀▀[38;2;16;16;16;48;2;16;16;16m▀[38;2;246;230;123;48;2;246;230;123m▀▀▀[38;2;16;16;16;48;2;16;16;16m▀[38;2;205;156;74;48;2;205;156;74m▀[38;2;131;98;24;48;2;16;16;16m▀[38;2;230;197;82;48;2;230;197;82m▀▀▀[38;2;246;230;123m▀[38;2;230;197;82m▀▀▀▀[38;2;205;156;74;48;2;16;16;16m▀[38;2;131;98;24;48;2;205;156;74m▀[38;2;16;16;16;48;2;16;16;16m▀[0m
[0m  [38;2;131;98;24m▄[48;2;230;197;82m▀[38;2;246;230;123;48;2;246;230;123m▀▀▀▀▀▀▀▀▀▀[48;2;230;197;82m▀[38;2;230;197;82;48;2;246;230;123m▀[38;2;246;230;123;48;2;230;197;82m▀[38;2;230;197;82;48;2;246;230;123m▀[48;2;230;197;82m▀[38;2;131;98;24m▀[38;2;205;156;74;48;2;131;98;24m▀[48;2;205;156;74m▀▀▀▀▀▀[38;2;131;98;24m▀[38;2;205;156;74;48;2;131;98;24m▀[48;2;205;156;74m▀[38;2;131;98;24;48;2;131;98;24m▀[38;2;205;156;74;48;2;205;156;74m▀▀▀[38;2;131;98;24;48;2;131;98;24m▀[38;2;205;156;74;48;2;205;156;74m▀[48;2;131;98;24m▀[38;2;131;98;24;48;2;205;156;74m▀[38;2;205;156;74m▀▀▀▀▀▀[38;2;16;16;16;48;2;16;16;16m▀[38;2;246;230;123;48;2;246;230;123m▀▀[48;2;131;98;24m▀[48;2;246;230;123m▀[38;2;230;197;82m▀[38;2;16;16;16;48;2;230;197;82m▀[48;2;16;16;16m▀[38;2;205;156;74;48;2;205;156;74m▀[38;2;230;197;82m▀[48;2;131;98;24m▀[48;2;230;197;82m▀▀▀[48;2;205;156;74m▀[38;2;205;156;74;48;2;16;16;16m▀[38;2;16;16;16;48;2;205;156;74m▀[38;2;205;156;74;48;2;16;16;16m▀[38;2;16;16;16;49m▀[0m
[0m [38;2;131;98;24;48;2;131;98;24m▀[38;2;230;197;82;48;2;246;230;123m▀[38;2;246;230;123m▀▀▀▀▀▀▀▀▀▀▀▀[38;2;230;197;82m▀[38;2;246;230;123m▀[38;2;230;197;82m▀[48;2;230;197;82m▀▀▀[38;2;131;98;24m▀[48;2;205;156;74m▀[38;2;205;156;74;48;2;131;98;24m▀▀[48;2;205;156;74m▀▀▀[38;2;131;98;24m▀[38;2;205;156;74;48;2;131;98;24m▀[48;2;205;156;74m▀[38;2;131;98;24;48;2;131;98;24m▀[38;2;205;156;74;48;2;205;156;74m▀▀[38;2;131;98;24;48;2;131;98;24m▀[38;2;205;156;74;48;2;205;156;74m▀[38;2;131;98;24;48;2;131;98;24m▀[38;2;205;156;74;48;2;205;156;74m▀▀▀▀▀[48;2;16;16;16m▀[38;2;16;16;16;48;2;246;230;123m▀[38;2;246;230;123m▀▀▀[38;2;131;98;24;48;2;131;98;24m▀[38;2;246;230;123;48;2;246;230;123m▀▀▀[38;2;230;197;82m▀[38;2;16;16;16;48;2;131;98;24m▀[38;2;205;156;74;48;2;16;16;16m▀[38;2;16;16;16m▀[38;2;230;197;82;48;2;205;156;74m▀▀[38;2;205;156;74;48;2;16;16;16m▀[38;2;16;16;16;48;2;205;156;74m▀[38;2;205;156;74m▀▀[38;2;16;16;16;48;2;16;16;16m▀[0m
[38;2;131;98;24;48;2;131;98;24m▀[38;2;246;230;123;48;2;230;197;82m▀[38;2;230;197;82;48;2;246;230;123m▀[38;2;246;230;123;48;2;230;197;82m▀[48;2;246;230;123m▀▀▀▀▀▀▀▀▀▀[48;2;230;197;82m▀[48;2;131;98;24m▀▀[38;2;230;197;82m▀▀▀▀▀[48;2;230;197;82m▀[38;2;205;156;74m▀[48;2;205;156;74m▀[38;2;131;98;24m▀▀[38;2;205;156;74;48;2;131;98;24m▀▀[48;2;205;156;74m▀[38;2;131;98;24m▀[38;2;205;156;74;48;2;131;98;24m▀[38;2;131;98;24;48;2;205;156;74m▀[38;2;205;156;74;48;2;131;98;24m▀[38;2;131;98;24;48;2;205;156;74m▀[38;2;205;156;74;48;2;131;98;24m▀[38;2;131;98;24m▀[38;2;205;156;74;48;2;205;156;74m▀▀[48;2;16;16;16m▀▀[38;2;16;16;16;48;2;230;197;82m▀[38;2;230;197;82m▀▀[38;2;246;230;123m▀▀[38;2;230;197;82m▀[38;2;131;98;24m▀[38;2;246;230;123;48;2;131;98;24m▀[48;2;246;230;123m▀▀[48;2;230;197;82m▀[38;2;131;98;24;48;2;131;98;24m▀[38;2;205;156;74;48;2;205;156;74m▀▀[38;2;16;16;16m▀[48;2;131;98;24m▀[38;2;205;156;74;48;2;205;156;74m▀[48;2;230;197;82m▀[38;2;230;197;82m▀[38;2;16;16;16;48;2;16;16;16m▀[0m
[38;2;16;16;16;48;2;16;16;16m▀[38;2;246;230;123;48;2;230;197;82m▀[38;2;230;197;82;48;2;246;230;123m▀[38;2;246;230;123;48;2;230;197;82m▀[48;2;246;230;123m▀[48;2;230;197;82m▀[48;2;246;230;123m▀▀▀▀[48;2;230;197;82m▀[48;2;131;98;24m▀[38;2;230;197;82m▀[38;2;131;98;24;48;2;246;230;123m▀▀[38;2;246;230;123m▀▀▀▀▀▀[38;2;230;197;82m▀[38;2;131;98;24;48;2;230;197;82m▀▀▀▀[48;2;205;156;74m▀[38;2;205;156;74;48;2;131;98;24m▀▀[38;2;131;98;24m▀[48;2;205;156;74m▀[38;2;205;156;74;48;2;131;98;24m▀[38;2;131;98;24;48;2;205;156;74m▀[38;2;205;156;74;48;2;131;98;24m▀[38;2;131;98;24;48;2;205;156;74m▀[48;2;131;98;24m▀[48;2;16;16;16m▀[38;2;16;16;16;48;2;230;197;82m▀▀[38;2;230;197;82m▀▀▀▀[38;2;131;98;24m▀[38;2;230;197;82;48;2;131;98;24m▀[48;2;230;197;82m▀▀▀[38;2;131;98;24;48;2;131;98;24m▀[38;2;246;230;123;48;2;246;230;123m▀[48;2;230;197;82m▀[38;2;230;197;82m▀[38;2;131;98;24;48;2;131;98;24m▀[38;2;205;156;74;48;2;205;156;74m▀▀▀[38;2;131;98;24;48;2;131;98;24m▀[38;2;205;156;74;48;2;230;197;82m▀[38;2;230;197;82m▀▀[38;2;16;16;16;48;2;16;16;16m▀[0m
[38;2;16;16;16;48;2;16;16;16m▀[38;2;246;230;123;48;2;230;197;82m▀[38;2;230;197;82;48;2;246;230;123m▀[38;2;246;230;123;48;2;230;197;82m▀[38;2;230;197;82;48;2;246;230;123m▀[48;2;230;197;82m▀▀▀▀[48;2;16;16;16m▀[38;2;131;98;24;48;2;246;230;123m▀[38;2;246;230;123m▀▀▀▀▀▀▀▀▀▀▀▀▀[38;2;230;197;82m▀[48;2;230;197;82m▀▀[38;2;205;156;74m▀▀[48;2;205;156;74m▀[38;2;131;98;24m▀▀▀▀[48;2;16;16;16m▀[38;2;16;16;16;48;2;205;156;74m▀[38;2;230;197;82;48;2;230;197;82m▀▀▀▀▀▀▀▀[38;2;131;98;24m▀[38;2;230;197;82;48;2;131;98;24m▀[48;2;205;156;74m▀[38;2;205;156;74m▀[38;2;131;98;24;48;2;131;98;24m▀[38;2;230;197;82;48;2;230;197;82m▀▀▀[38;2;131;98;24;48;2;131;98;24m▀[38;2;205;156;74;48;2;16;16;16m▀▀[38;2;16;16;16;48;2;242;138;44m▀▀▀▀▀▀[49m▄▄[0m
[0m [38;2;16;16;16;48;2;16;16;16m▀[38;2;230;197;82;48;2;230;197;82m▀▀▀▀▀▀[38;2;16;16;16;48;2;16;16;16m▀[38;2;230;197;82;48;2;246;230;123m▀[38;2;246;230;123m▀▀▀▀▀▀▀▀▀▀▀▀▀▀▀[48;2;131;98;24m▀[38;2;230;197;82m▀▀[38;2;131;98;24;48;2;230;197;82m▀▀▀▀[48;2;205;156;74m▀▀[38;2;16;16;16;48;2;16;16;16m▀[48;2;230;197;82m▀▀[38;2;230;197;82;48;2;16;16;16m▀▀▀[48;2;230;197;82m▀▀▀▀▀[38;2;131;98;24;48;2;131;98;24m▀[38;2;205;156;74;48;2;205;156;74m▀▀[38;2;131;98;24;48;2;131;98;24m▀[38;2;230;197;82;48;2;16;16;16m▀▀[38;2;16;16;16;48;2;246;230;123m▀[48;2;230;197;82m▀[38;2;246;230;123;48;2;246;230;123m▀[48;2;242;138;44m▀[38;2;242;138;44m▀▀▀▀▀▀▀▀[38;2;16;16;16m▀[49m▄[0m
[0m  [38;2;16;16;16;48;2;16;16;16m▀[38;2;230;197;82;48;2;230;197;82m▀▀▀▀[38;2;16;16;16;48;2;16;16;16m▀[38;2;230;197;82;48;2;246;230;123m▀[38;2;246;230;123m▀▀▀▀▀▀▀▀▀▀▀▀▀[48;2;131;98;24m▀[38;2;131;98;24;48;2;246;230;123m▀▀[38;2;246;230;123m▀▀▀▀▀[38;2;230;197;82m▀▀[48;2;230;197;82m▀[38;2;131;98;24;48;2;131;98;24m▀[38;2;230;197;82;48;2;230;197;82m▀▀▀▀▀▀[38;2;16;16;16;48;2;246;230;123m▀▀▀▀▀▀▀▀▀[38;2;246;230;123m▀▀[48;2;230;197;82m▀[38;2;230;197;82m▀[38;2;242;138;44;48;2;242;138;44m▀▀[48;2;16;16;16m▀▀[38;2;16;16;16;48;2;230;197;82m▀▀[48;2;131;98;24m▀[49m▀▀[38;2;242;138;44;48;2;16;16;16m▀▀[48;2;242;138;44m▀[38;2;16;16;16;48;2;16;16;16m▀[0m
[0m   [38;2;16;16;16m▀[38;2;230;197;82;48;2;16;16;16m▀[48;2;230;197;82m▀▀[38;2;16;16;16;48;2;16;16;16m▀[38;2;246;230;123;48;2;246;230;123m▀▀▀▀▀▀▀▀▀▀▀▀▀[38;2;131;98;24;48;2;131;98;24m▀[38;2;246;230;123;48;2;246;230;123m▀▀▀▀▀▀▀▀▀▀[38;2;131;98;24;48;2;131;98;24m▀[38;2;230;197;82;48;2;230;197;82m▀▀▀▀▀▀▀[38;2;246;230;123m▀[48;2;246;230;123m▀▀▀▀▀[48;2;230;197;82m▀▀▀[38;2;230;197;82m▀▀▀[38;2;242;138;44;48;2;16;16;16m▀[38;2;16;16;16;48;2;205;156;74m▀▀[38;2;131;98;24;48;2;16;16;16m▀[38;2;230;197;82;48;2;230;197;82m▀▀▀[38;2;16;16;16;48;2;16;16;16m▀[0m    [38;2;16;16;16m▀▀[0m
[0m     [38;2;16;16;16m▀▀[48;2;16;16;16m▀[38;2;230;197;82;48;2;230;197;82m▀[38;2;246;230;123;48;2;246;230;123m▀▀▀▀▀▀▀▀▀▀▀[38;2;131;98;24;48;2;131;98;24m▀[38;2;246;230;123;48;2;230;197;82m▀[48;2;246;230;123m▀▀▀▀▀▀▀▀▀▀[38;2;131;98;24m▀[38;2;230;197;82;48;2;131;98;24m▀▀[48;2;230;197;82m▀▀▀▀▀▀▀▀▀▀▀▀▀▀[48;2;16;16;16m▀▀[38;2;16;16;16;48;2;205;156;74m▀[38;2;131;98;24;48;2;16;16;16m▀[48;2;205;156;74m▀▀[38;2;16;16;16;48;2;16;16;16m▀[38;2;230;197;82;48;2;246;230;123m▀[38;2;246;230;123m▀▀[38;2;16;16;16m▀[49m▄[0m
[0m        [38;2;16;16;16;48;2;16;16;16m▀[38;2;230;197;82;48;2;230;197;82m▀[38;2;246;230;123m▀[48;2;246;230;123m▀▀▀▀▀▀[48;2;230;197;82m▀▀[38;2;230;197;82m▀[38;2;131;98;24;48;2;131;98;24m▀[38;2;230;197;82;48;2;230;197;82m▀[38;2;246;230;123m▀[48;2;246;230;123m▀▀▀▀▀▀▀[48;2;230;197;82m▀▀▀[38;2;230;197;82m▀▀[38;2;131;98;24m▀▀▀▀[38;2;230;197;82;48;2;131;98;24m▀▀[48;2;16;16;16m▀▀[48;2;230;197;82m▀▀[48;2;16;16;16m▀▀[38;2;16;16;16;49m▀[48;2;16;16;16m▀[38;2;230;197;82;48;2;230;197;82m▀[38;2;246;230;123;48;2;205;156;74m▀[48;2;246;230;123m▀[48;2;205;156;74m▀[38;2;16;16;16;48;2;16;16;16m▀[38;2;205;156;74m▀[38;2;16;16;16m▀[38;2;246;230;123m▀[48;2;230;197;82m▀[38;2;205;156;74m▀[38;2;246;230;123;48;2;131;98;24m▀[48;2;230;197;82m▀[38;2;16;16;16;48;2;16;16;16m▀[0m
[0m         [38;2;16;16;16m▀[38;2;230;197;82;48;2;16;16;16m▀▀[48;2;230;197;82m▀▀▀▀▀▀▀▀[38;2;131;98;24m▀[38;2;230;197;82;48;2;16;16;16m▀[48;2;230;197;82m▀▀▀▀▀▀▀▀▀▀▀▀▀▀[48;2;242;138;44m▀▀▀[38;2;242;138;44m▀▀▀▀[38;2;16;16;16m▀▀[49m▄[0m  [38;2;16;16;16m▀[38;2;230;197;82;48;2;16;16;16m▀[38;2;131;98;24m▀[38;2;230;197;82m▀[38;2;205;156;74m▀[38;2;16;16;16;49m▀[0m   [38;2;16;16;16m▀▀▀▀[0m
[0m            [38;2;16;16;16m▀▀▀[38;2;230;197;82;48;2;16;16;16m▀▀▀▀▀▀▀[38;2;16;16;16m▀[38;2;230;197;82m▀▀[48;2;230;197;82m▀▀▀▀▀▀▀▀[48;2;16;16;16m▀▀▀▀▀[38;2;242;138;44m▀▀▀▀[48;2;242;138;44m▀▀▀▀[38;2;16;16;16m▀[49m▄[0m
[0m                         [38;2;16;16;16m▀▀▀▀▀▀▀▀[0m         [38;2;16;16;16m▀▀▀[38;2;242;138;44;48;2;16;16;16m▀▀[48;2;242;138;44m▀[38;2;16;16;16;48;2;16;16;16m▀[0m
[0m                                               [38;2;16;16;16m▀▀[0m
