[0m [38;2;115;115;115m▄▄[0m                                 [38;2;115;115;115m▄[48;2;255;255;255m▀[38;2;16;16;16m▀[49m▄[0m
[38;2;115;115;115;48;2;16;16;16m▀[38;2;255;255;255;48;2;255;255;255m▀▀[38;2;115;115;115m▀[49m▄[0m                             [38;2;115;115;115m▄[48;2;255;255;255m▀[38;2;255;255;255m▀[48;2;115;65;24m▀[38;2;230;222;230;48;2;230;222;230m▀[38;2;16;16;16;48;2;16;16;16m▀[0m
[38;2;16;16;16;48;2;16;16;16m▀[38;2;115;115;115;48;2;230;222;230m▀[38;2;255;255;255;48;2;115;115;115m▀[48;2;16;16;16m▀[48;2;255;255;255m▀[38;2;115;115;115m▀[49m▄[0m                         [38;2;139;65;65m▄[48;2;255;255;255m▀[38;2;255;255;255m▀[48;2;115;65;24m▀[38;2;115;65;24;48;2;16;16;16m▀[38;2;16;16;16;48;2;115;115;115m▀[38;2;230;222;230;48;2;230;222;230m▀[38;2;16;16;16;48;2;16;16;16m▀[0m
[0m [38;2;16;16;16;48;2;16;16;16m▀[38;2;230;222;230;48;2;230;222;230m▀[38;2;115;65;24m▀[48;2;16;16;16m▀[38;2;255;255;255;48;2;255;255;255m▀[48;2;255;172;189m▀[38;2;139;65;65;48;2;246;123;148m▀[38;2;16;16;16;49m▄[0m       [38;2;205;106;98m▄▄[38;2;139;65;65m▄[0m           [38;2;139;65;65m▄[48;2;255;172;189m▀[38;2;255;172;189m▀[48;2;246;123;148m▀[38;2;246;123;148;48;2;16;16;16m▀[38;2;16;16;16m▀▀[38;2;230;222;230;48;2;230;222;230m▀[48;2;16;16;16m▀[38;2;16;16;16;49m▀[0m
[0m [38;2;16;16;16m▀[38;2;230;222;230;48;2;16;16;16m▀[48;2;205;106;98m▀[38;2;115;65;24m▀[38;2;16;16;16;48;2;16;16;16m▀[38;2;246;123;148m▀[48;2;246;123;148m▀▀[38;2;16;16;16;48;2;16;16;16m▀[0m   [38;2;205;106;98m▄[48;2;255;172;189m▀▀[38;2;255;172;189m▀▀▀[38;2;139;65;65m▀[49m▄[0m       [38;2;139;65;65m▄[48;2;255;172;189m▀[38;2;255;172;189m▀▀[48;2;16;16;16m▀[38;2;16;16;16m▀▀▀[38;2;115;65;24;48;2;246;123;148m▀[38;2;246;123;148m▀[38;2;16;16;16;48;2;16;16;16m▀[0m
[0m  [38;2;16;16;16;48;2;16;16;16m▀[38;2;205;106;98;48;2;205;106;98m▀▀[38;2;16;16;16;48;2;115;65;24m▀[48;2;16;16;16m▀[38;2;115;65;24m▀[38;2;205;106;98;48;2;205;106;98m▀▀[38;2;16;16;16;48;2;16;16;16m▀[38;2;139;65;65;49m▄[48;2;255;172;189m▀[38;2;255;172;189m▀▀[48;2;139;65;65m▀[38;2;205;106;98;48;2;255;172;189m▀[38;2;255;172;189m▀▀▀[38;2;139;65;65;48;2;139;65;65m▀[38;2;16;16;16;49m▄[0m     [38;2;16;16;16m▄[48;2;255;172;189m▀[38;2;255;172;189m▀[48;2;115;65;24m▀[38;2;16;16;16;48;2;16;16;16m▀▀▀[48;2;115;65;24m▀[38;2;246;123;148;48;2;246;123;148m▀[48;2;16;16;16m▀[38;2;16;16;16;49m▀[0m
[0m   [38;2;16;16;16;48;2;16;16;16m▀[38;2;205;106;98;48;2;205;106;98m▀▀[38;2;16;16;16;48;2;115;65;24m▀[48;2;16;16;16m▀[38;2;115;65;24m▀[38;2;205;106;98;48;2;205;106;98m▀[48;2;139;65;65m▀[38;2;139;65;65;48;2;255;172;189m▀[38;2;255;172;189m▀▀▀[38;2;205;106;98m▀[48;2;139;65;65m▀[38;2;255;172;189m▀▀[38;2;205;106;98;48;2;246;123;148m▀[38;2;246;123;148m▀▀[38;2;139;65;65;48;2;139;65;65m▀[49m▄▄[0m [38;2;139;65;65m▄[38;2;16;16;16;48;2;255;172;189m▀[38;2;255;172;189m▀[48;2;115;65;24m▀[38;2;16;16;16;48;2;16;16;16m▀▀▀[48;2;156;106;32m▀[38;2;246;123;148;48;2;246;123;148m▀[48;2;16;16;16m▀[38;2;16;16;16;49m▀[0m
[0m    [38;2;16;16;16;48;2;16;16;16m▀[38;2;205;106;98;48;2;205;106;98m▀▀[38;2;16;16;16;48;2;115;65;24m▀[48;2;16;16;16m▀[38;2;115;65;24m▀[38;2;139;65;65;48;2;139;65;65m▀[38;2;255;172;189;48;2;246;123;148m▀[48;2;255;172;189m▀▀▀▀▀▀[48;2;246;123;148m▀[38;2;246;123;148m▀▀▀[38;2;139;65;65;48;2;139;65;65m▀[38;2;255;172;189;48;2;255;172;189m▀▀[38;2;139;65;65m▀[38;2;16;16;16;48;2;139;65;65m▀[38;2;255;172;189;48;2;255;172;189m▀[48;2;115;65;24m▀[38;2;16;16;16;48;2;16;16;16m▀▀▀[48;2;246;123;148m▀[38;2;246;123;148m▀[38;2;139;65;65;48;2;16;16;16m▀[0m
[0m     [38;2;16;16;16m▀[38;2;205;106;98;48;2;16;16;16m▀[48;2;205;106;98m▀[38;2;16;16;16;48;2;16;16;16m▀[48;2;139;65;65m▀[38;2;139;65;65;48;2;255;172;189m▀[38;2;246;123;148;48;2;139;65;65m▀[48;2;246;123;148m▀[38;2;255;172;189m▀▀▀▀[38;2;246;123;148m▀▀▀▀[38;2;139;65;65;48;2;139;65;65m▀[38;2;255;172;189;48;2;255;172;189m▀▀▀▀[38;2;205;106;98m▀[38;2;255;172;189m▀[38;2;16;16;16m▀[48;2;16;16;16m▀[48;2;246;123;148m▀[38;2;246;123;148m▀[48;2;16;16;16m▀[38;2;16;16;16;49m▀[0m
[0m       [38;2;16;16;16;48;2;16;16;16m▀[48;2;255;172;189m▀[38;2;255;172;189;48;2;205;106;98m▀▀[38;2;139;65;65m▀[38;2;246;123;148;48;2;139;65;65m▀▀[48;2;246;123;148m▀▀▀▀[48;2;139;65;65m▀▀[38;2;139;65;65;48;2;255;172;189m▀[38;2;255;172;189;48;2;246;123;148m▀[48;2;205;106;98m▀▀▀▀[48;2;246;123;148m▀[48;2;255;172;189m▀▀[38;2;246;123;148;48;2;139;65;65m▀[48;2;16;16;16m▀[38;2;16;16;16m▀[49m▄[0m
[0m      [38;2;139;65;65m▄[48;2;205;106;98m▀[38;2;205;106;98;48;2;230;222;230m▀[38;2;255;255;255;48;2;32;90;98m▀▀[38;2;230;222;230m▀[38;2;205;106;98;48;2;230;222;230m▀[38;2;255;172;189;48;2;246;123;148m▀[38;2;139;65;65;48;2;255;172;189m▀▀▀▀[38;2;255;172;189m▀[48;2;246;123;148m▀[38;2;205;106;98;48;2;205;106;98m▀[48;2;230;222;230m▀[38;2;230;222;230;48;2;32;90;98m▀[38;2;255;255;255m▀▀[38;2;230;222;230m▀[38;2;205;106;98;48;2;230;222;230m▀[48;2;205;106;98m▀[38;2;255;172;189;48;2;246;123;148m▀[48;2;255;172;189m▀▀[38;2;246;123;148m▀[38;2;16;16;16;48;2;246;123;148m▀[49m▄[0m
[0m      [38;2;139;65;65;48;2;139;65;65m▀[38;2;255;255;255;48;2;255;255;255m▀[38;2;32;90;98;48;2;32;90;98m▀▀[38;2;255;255;255;48;2;255;255;255m▀▀[38;2;32;90;98;48;2;32;90;98m▀[38;2;205;106;98;48;2;205;106;98m▀[38;2;255;172;189;48;2;255;172;189m▀▀▀▀▀[38;2;205;106;98;48;2;205;106;98m▀[38;2;230;222;230;48;2;255;255;255m▀[38;2;32;90;98;48;2;32;90;98m▀▀▀[38;2;255;255;255;48;2;255;255;255m▀▀[38;2;32;90;98;48;2;32;90;98m▀[38;2;230;222;230;48;2;255;255;255m▀[38;2;205;106;98;48;2;205;106;98m▀[38;2;255;172;189;48;2;255;172;189m▀▀▀▀[38;2;16;16;16;48;2;16;16;16m▀[0m
[0m     [38;2;205;106;98;48;2;139;65;65m▀[48;2;205;106;98m▀[38;2;255;255;255;48;2;230;222;230m▀[38;2;32;90;98;48;2;32;90;98m▀[38;2;82;164;139;48;2;82;164;139m▀[38;2;32;90;98m▀[48;2;32;90;98m▀▀[38;2;205;106;98;48;2;205;106;98m▀[38;2;255;172;189;48;2;255;172;189m▀▀▀▀▀[38;2;205;106;98;48;2;205;106;98m▀[38;2;255;255;255;48;2;230;222;230m▀[38;2;32;90;98;48;2;32;90;98m▀[38;2;82;164;139;48;2;82;164;139m▀[38;2;32;90;98m▀[48;2;32;90;98m▀▀▀[38;2;255;255;255;48;2;230;222;230m▀[38;2;205;106;98;48;2;205;106;98m▀[38;2;255;172;189;48;2;255;172;189m▀▀▀▀[38;2;246;123;148;48;2;246;123;148m▀[38;2;16;16;16;48;2;16;16;16m▀[38;2;139;65;65;49m▄▄▄[0m
[38;2;139;65;65;49m▄[48;2;255;172;189m▀▀▀[49m▄[48;2;139;65;65m▀[38;2;246;123;148;48;2;255;172;189m▀[38;2;205;106;98;48;2;205;106;98m▀[38;2;230;222;230m▀[38;2;32;90;98;48;2;255;255;255m▀▀[48;2;230;222;230m▀[38;2;230;222;230;48;2;205;106;98m▀[38;2;246;123;148;48;2;255;172;189m▀[38;2;255;172;189;48;2;230;222;230m▀[48;2;255;255;255m▀▀▀[48;2;230;222;230m▀[38;2;246;123;148;48;2;255;172;189m▀[38;2;205;106;98;48;2;205;106;98m▀[38;2;230;222;230m▀[38;2;32;90;98;48;2;230;222;230m▀[48;2;255;255;255m▀▀[48;2;230;222;230m▀[38;2;230;222;230;48;2;205;106;98m▀[38;2;205;106;98m▀[38;2;246;123;148;48;2;255;172;189m▀[38;2;255;172;189m▀[48;2;205;106;98m▀[48;2;139;65;65m▀▀[38;2;139;65;65;48;2;255;172;189m▀▀[38;2;255;172;189m▀▀▀[38;2;139;65;65;48;2;16;16;16m▀[0m
[38;2;139;65;65;48;2;139;65;65m▀[38;2;255;172;189;48;2;205;106;98m▀[48;2;255;172;189m▀▀[48;2;205;106;98m▀[38;2;205;106;98;48;2;255;172;189m▀[38;2;255;172;189m▀▀[38;2;246;123;148m▀[38;2;205;106;98m▀▀[48;2;255;255;255m▀[38;2;255;255;255m▀[48;2;115;65;24m▀▀▀▀[48;2;156;106;32m▀▀▀[38;2;230;222;230;48;2;255;255;255m▀[38;2;246;123;148m▀[38;2;205;106;98;48;2;230;222;230m▀[48;2;255;172;189m▀▀▀[38;2;246;123;148m▀[38;2;255;172;189m▀▀▀▀▀▀▀▀[48;2;246;123;148m▀▀[38;2;246;123;148;48;2;16;16;16m▀[38;2;16;16;16;49m▀[0m
[0m [38;2;139;65;65m▀[38;2;255;172;189;48;2;139;65;65m▀[48;2;255;172;189m▀[38;2;205;106;98;48;2;205;106;98m▀[38;2;255;172;189;48;2;255;172;189m▀▀▀▀[48;2;230;222;230m▀[38;2;255;255;255;48;2;255;255;255m▀▀▀▀[38;2;115;65;24m▀[38;2;156;106;32;48;2;255;172;189m▀[38;2;230;49;49;48;2;230;49;49m▀▀▀[48;2;255;255;255m▀[38;2;255;255;255m▀▀▀▀[38;2;230;222;230m▀[38;2;255;172;189;48;2;230;222;230m▀[48;2;255;172;189m▀▀▀▀▀[48;2;246;123;148m▀▀[38;2;246;123;148m▀▀▀[48;2;16;16;16m▀[38;2;16;16;16;49m▀[0m
[0m   [38;2;139;65;65m▀[38;2;16;16;16;48;2;16;16;16m▀[38;2;255;172;189;48;2;255;172;189m▀▀▀[48;2;230;222;230m▀[38;2;255;255;255;48;2;255;255;255m▀▀▀▀▀▀▀▀▀▀▀▀▀▀▀▀▀[38;2;230;222;230m▀[38;2;255;172;189;48;2;230;222;230m▀[48;2;255;172;189m▀▀▀[38;2;246;123;148m▀[48;2;139;65;65m▀▀[38;2;16;16;16;48;2;246;123;148m▀[48;2;16;16;16m▀[0m
[0m    [38;2;16;16;16;48;2;16;16;16m▀[38;2;255;172;189;48;2;255;172;189m▀▀▀[38;2;255;255;255;48;2;255;255;255m▀▀▀▀▀▀▀▀▀▀▀▀▀▀▀▀▀▀▀▀[38;2;255;172;189;48;2;230;222;230m▀[48;2;255;172;189m▀▀▀[38;2;246;123;148;48;2;246;123;148m▀▀▀▀[38;2;16;16;16;48;2;16;16;16m▀[0m
[0m    [38;2;16;16;16;48;2;16;16;16m▀[38;2;255;172;189;48;2;255;172;189m▀▀[38;2;230;222;230;48;2;255;255;255m▀[38;2;255;255;255m▀▀▀▀▀▀▀▀▀▀▀▀▀▀▀▀▀▀▀▀▀[38;2;255;172;189;48;2;230;222;230m▀[48;2;255;172;189m▀▀[38;2;246;123;148;48;2;246;123;148m▀▀▀▀[38;2;16;16;16m▀[49m▄[0m
[0m    [38;2;16;16;16m▀[38;2;255;172;189;48;2;16;16;16m▀[48;2;255;172;189m▀[38;2;255;255;255;48;2;255;255;255m▀▀▀▀▀▀▀▀▀▀▀▀▀▀▀▀▀▀▀▀▀▀▀[38;2;255;172;189;48;2;255;172;189m▀[38;2;246;123;148;48;2;246;123;148m▀▀▀▀▀▀[38;2;16;16;16;48;2;16;16;16m▀[0m
[0m     [38;2;16;16;16;48;2;16;16;16m▀[38;2;246;123;148;48;2;246;123;148m▀[38;2;255;255;255;48;2;230;222;230m▀[48;2;255;255;255m▀▀▀▀▀▀▀▀▀▀▀▀▀▀▀▀▀▀▀▀▀▀[38;2;230;222;230;48;2;230;222;230m▀[38;2;246;123;148;48;2;246;123;148m▀▀▀▀▀▀[38;2;16;16;16;48;2;16;16;16m▀[0m
[0m      [38;2;16;16;16;48;2;16;16;16m▀[38;2;230;222;230;48;2;230;222;230m▀▀[38;2;255;255;255m▀[48;2;255;255;255m▀▀▀▀▀▀▀▀▀▀▀▀▀▀▀[48;2;230;222;230m▀▀▀[38;2;230;222;230m▀▀▀[38;2;246;123;148;48;2;246;123;148m▀▀▀▀▀[38;2;16;16;16;48;2;16;16;16m▀[0m
[0m       [38;2;16;16;16;48;2;16;16;16m▀[38;2;230;222;230;48;2;230;222;230m▀▀▀▀▀[38;2;255;255;255m▀▀▀▀▀▀▀▀[38;2;230;222;230m▀▀▀▀▀▀▀▀▀▀[38;2;246;123;148;48;2;246;123;148m▀▀▀▀[38;2;16;16;16;48;2;16;16;16m▀[0m
[0m        [38;2;16;16;16m▀[38;2;230;222;230;48;2;16;16;16m▀[48;2;230;222;230m▀▀▀▀▀▀▀▀▀▀▀▀▀▀▀▀▀▀▀▀[38;2;246;123;148;48;2;246;123;148m▀▀▀[48;2;16;16;16m▀[38;2;16;16;16;49m▀[0m
[0m          [38;2;16;16;16m▀[38;2;230;222;230;48;2;16;16;16m▀▀[48;2;230;222;230m▀▀▀▀▀▀▀▀▀▀▀▀▀▀▀[48;2;16;16;16m▀[38;2;246;123;148m▀▀[38;2;16;16;16m▀[49m▀[0m
[0m        [38;2;139;65;65m▄[48;2;255;172;189m▀▀▀[38;2;246;123;148;48;2;246;123;148m▀[38;2;16;16;16m▀▀▀[38;2;230;222;230;48;2;16;16;16m▀▀▀▀▀▀▀▀[38;2;139;65;65;49m▀[38;2;16;16;16;48;2;16;16;16m▀[48;2;246;123;148m▀▀[38;2;246;123;148m▀▀▀[38;2;16;16;16;48;2;16;16;16m▀[0m
[0m       [38;2;16;16;16;48;2;16;16;16m▀[38;2;255;172;189;48;2;246;123;148m▀[48;2;255;172;189m▀▀▀[48;2;246;123;148m▀[38;2;246;123;148m▀[48;2;16;16;16m▀[38;2;16;16;16;49m▀[0m        [38;2;139;65;65;48;2;139;65;65m▀[38;2;255;172;189;48;2;255;172;189m▀▀▀▀[38;2;246;123;148;48;2;246;123;148m▀[48;2;16;16;16m▀[38;2;16;16;16;49m▀[0m
[0m        [38;2;16;16;16m▀[38;2;246;123;148;48;2;16;16;16m▀▀▀[38;2;16;16;16;49m▀▀[0m          [38;2;16;16;16m▀[38;2;255;172;189;48;2;16;16;16m▀[48;2;246;123;148m▀▀[38;2;246;123;148m▀[48;2;16;16;16m▀[38;2;16;16;16;49m▀[0m
[0m                          [38;2;16;16;16m▀▀▀[0m
