[0m [38;2;98;131;205m▄▄▄▄▄[0m                                                            [38;2;57;57;123m▄▄▄▄[38;2;98;131;205m▄[48;2;90;172;238m▀▀▀▀▀▀▀▀[38;2;0;0;0;49m▄[0m
[38;2;0;0;0;49m▀[38;2;172;205;255;48;2;0;0;0m▀▀[48;2;57;57;123m▀▀▀[38;2;98;131;205;48;2;172;205;255m▀▀▀[49m▄▄[0m                                                  [38;2;98;131;205m▄▄▄[38;2;57;57;123;48;2;90;172;238m▀▀[38;2;90;172;238m▀▀[48;2;57;57;123m▀▀▀[38;2;98;131;205m▀[48;2;172;82;172m▀[38;2;57;57;123m▀[38;2;0;0;0m▀▀[48;2;98;16;82m▀[49m▀▀[0m
[0m   [38;2;0;0;0m▀[38;2;172;82;172;48;2;0;0;0m▀[48;2;172;82;172m▀[38;2;57;57;123m▀▀▀[38;2;172;205;255;48;2;57;57;123m▀▀[38;2;98;131;205;48;2;172;205;255m▀▀[49m▄▄[0m                                          [38;2;98;131;205m▄▄[48;2;172;205;255m▀▀[38;2;90;172;238m▀[48;2;90;172;238m▀[48;2;57;57;123m▀▀[38;2;57;57;123;48;2;172;82;172m▀▀▀[38;2;172;82;172m▀▀▀▀▀[48;2;0;0;0m▀[38;2;98;16;82;49m▀▀[0m
[0m     [38;2;0;0;0m▀[38;2;172;82;172;48;2;0;0;0m▀[48;2;172;82;172m▀▀▀▀[38;2;57;57;123m▀[38;2;172;205;255;48;2;57;57;123m▀[48;2;98;131;205m▀[38;2;98;131;205;48;2;172;205;255m▀▀[49m▄[0m                                    [38;2;98;131;205m▄▄[48;2;172;205;255m▀▀[38;2;172;205;255m▀[48;2;98;131;205m▀[48;2;57;57;123m▀[38;2;57;57;123;48;2;172;82;172m▀▀▀[38;2;172;82;172m▀▀▀▀▀▀▀[48;2;0;0;0m▀[38;2;0;0;0;49m▀▀[0m
[0m       [38;2;0;0;0m▀[38;2;172;82;172;48;2;0;0;0m▀[48;2;172;82;172m▀▀▀▀[38;2;57;57;123m▀▀[38;2;172;205;255;48;2;57;57;123m▀[48;2;90;172;238m▀[38;2;98;131;205m▀▀[49m▄[0m                              [38;2;98;131;205m▄▄[48;2;172;205;255m▀[38;2;172;205;255m▀[48;2;98;131;205m▀[48;2;57;57;123m▀[38;2;57;57;123;48;2;172;82;172m▀▀[38;2;172;82;172m▀▀▀▀▀▀▀▀▀▀▀[48;2;0;0;0m▀[38;2;0;0;0;49m▀[0m
[0m        [38;2;0;0;0m▀[38;2;172;82;172;48;2;98;16;82m▀[48;2;172;82;172m▀▀▀▀▀▀[38;2;57;57;123m▀▀[38;2;90;172;238;48;2;57;57;123m▀[48;2;90;172;238m▀[38;2;98;131;205m▀[49m▄[0m                          [38;2;98;131;205m▄[48;2;172;205;255m▀[38;2;172;205;255m▀▀[48;2;57;57;123m▀[38;2;57;57;123;48;2;172;82;172m▀[38;2;172;82;172m▀▀▀▀▀▀▀▀▀▀▀▀▀▀[48;2;0;0;0m▀[38;2;0;0;0;49m▀[0m
[0m         [38;2;98;16;82;48;2;98;16;82m▀[38;2;172;82;172;48;2;172;82;172m▀▀▀▀▀▀▀▀▀[38;2;57;57;123m▀[38;2;90;172;238;48;2;57;57;123m▀[48;2;90;172;238m▀[38;2;98;131;205m▀[49m▄[0m                      [38;2;98;131;205m▄[48;2;172;205;255m▀[38;2;172;205;255m▀[48;2;57;57;123m▀[38;2;98;131;205m▀[38;2;57;57;123;48;2;172;82;172m▀[38;2;172;82;172m▀▀▀▀▀▀▀▀▀▀▀▀▀▀▀▀[38;2;0;0;0;48;2;0;0;0m▀[0m
[0m          [38;2;98;16;82;48;2;98;16;82m▀[38;2;172;82;172;48;2;172;82;172m▀▀▀▀▀▀▀▀▀[38;2;57;57;123m▀[38;2;90;172;238;48;2;57;57;123m▀[48;2;90;172;238m▀[48;2;98;131;205m▀[0m                      [38;2;98;131;205m▀[38;2;172;205;255;48;2;57;57;123m▀[48;2;90;172;238m▀[38;2;98;16;82;48;2;57;57;123m▀[38;2;172;82;172;48;2;98;16;82m▀[48;2;172;82;172m▀▀▀▀▀▀▀▀▀▀▀▀▀▀▀▀[38;2;98;16;82;48;2;98;16;82m▀[0m
[0m          [38;2;98;16;82;48;2;148;57;123m▀[38;2;172;82;172;48;2;205;106;180m▀[38;2;205;106;180;48;2;172;82;172m▀[38;2;172;82;172;48;2;205;106;180m▀[38;2;205;106;180;48;2;172;82;172m▀[38;2;172;82;172;48;2;205;106;180m▀[38;2;205;106;180m▀[38;2;172;82;172m▀[38;2;205;106;180m▀[38;2;172;82;172;48;2;98;16;82m▀▀[38;2;57;57;123;48;2;98;131;205m▀[38;2;90;172;238;48;2;90;172;238m▀[38;2;57;57;123;48;2;57;57;123m▀[0m                       [38;2;57;57;123m▀[38;2;90;172;238;48;2;57;57;123m▀[38;2;98;131;205;48;2;90;172;238m▀[38;2;57;57;123;48;2;57;57;123m▀[38;2;98;16;82;48;2;172;82;172m▀[38;2;172;82;172;48;2;98;16;82m▀[48;2;148;57;123m▀[48;2;172;82;172m▀▀▀▀▀▀▀▀▀▀[48;2;205;106;180m▀▀▀[38;2;98;16;82;48;2;148;57;123m▀[0m
[0m          [38;2;148;57;123;48;2;148;57;123m▀[38;2;172;82;172;48;2;205;106;180m▀[38;2;205;106;180;48;2;172;82;172m▀[38;2;172;82;172;48;2;205;106;180m▀[38;2;205;106;180m▀▀[48;2;98;16;82m▀▀[38;2;98;16;82;48;2;172;82;172m▀[38;2;172;82;172;48;2;148;57;123m▀[38;2;57;57;123;48;2;57;57;123m▀[38;2;90;172;238;48;2;90;172;238m▀[38;2;57;57;123;48;2;57;57;123m▀[0m                          [38;2;57;57;123;48;2;98;131;205m▀[38;2;90;172;238;48;2;90;172;238m▀[38;2;57;57;123;48;2;57;57;123m▀[38;2;172;82;172;48;2;172;82;172m▀[38;2;148;57;123m▀[38;2;98;16;82m▀[38;2;172;82;172;48;2;98;16;82m▀▀[48;2;172;82;172m▀▀▀▀▀[48;2;205;106;180m▀[38;2;205;106;180m▀▀▀▀▀[38;2;148;57;123;48;2;148;57;123m▀[0m
[0m         [38;2;148;57;123;48;2;148;57;123m▀[38;2;205;106;180;48;2;205;106;180m▀▀▀▀[48;2;148;57;123m▀[38;2;98;16;82;48;2;172;82;172m▀[38;2;172;82;172m▀▀▀[48;2;57;57;123m▀[38;2;98;131;205;48;2;90;172;238m▀[48;2;57;57;123m▀[38;2;57;57;123;49m▀[0m       [38;2;57;57;123m▄[0m       [38;2;57;57;123m▄[48;2;90;172;238m▀▀[49m▄[0m        [38;2;57;57;123;48;2;57;57;123m▀[38;2;90;172;238;48;2;90;172;238m▀[38;2;57;57;123;48;2;57;57;123m▀[38;2;172;82;172;48;2;172;82;172m▀▀▀▀[38;2;98;16;82m▀[38;2;148;57;123m▀[38;2;172;82;172;48;2;148;57;123m▀▀[48;2;172;82;172m▀[38;2;205;106;180;48;2;205;106;180m▀▀▀▀▀▀[38;2;148;57;123m▀[49m▄[0m
[0m        [38;2;148;57;123;48;2;148;57;123m▀[38;2;205;106;180;48;2;205;106;180m▀▀[48;2;148;57;123m▀[38;2;148;57;123;48;2;172;82;172m▀▀[38;2;172;82;172m▀▀▀[48;2;205;106;180m▀▀[38;2;57;57;123;48;2;57;57;123m▀[38;2;90;172;238;48;2;90;172;238m▀[38;2;57;57;123;48;2;57;57;123m▀[0m       [38;2;57;57;123;48;2;57;57;123m▀[38;2;90;172;238;48;2;98;16;82m▀[38;2;57;57;123;48;2;90;172;238m▀[49m▄[38;2;98;131;205m▄▄▄▄[48;2;90;172;238m▀[38;2;90;172;238;48;2;57;57;123m▀[38;2;98;16;82;48;2;205;106;180m▀[38;2;90;172;238;48;2;98;16;82m▀[48;2;90;172;238m▀[38;2;57;57;123;48;2;57;57;123m▀[0m        [38;2;98;131;205;48;2;57;57;123m▀[38;2;90;172;238;48;2;90;172;238m▀[38;2;57;57;123;48;2;57;57;123m▀[38;2;172;82;172;48;2;172;82;172m▀▀▀▀▀▀▀[38;2;148;57;123m▀▀[38;2;205;106;180;48;2;148;57;123m▀▀[48;2;205;106;180m▀▀▀▀[38;2;148;57;123m▀[49m▄[0m
[0m       [38;2;148;57;123;48;2;148;57;123m▀[38;2;205;106;180m▀[48;2;172;82;172m▀[38;2;148;57;123m▀[38;2;172;82;172m▀▀▀▀[48;2;205;106;180m▀[38;2;205;106;180m▀▀▀[38;2;57;57;123;48;2;57;57;123m▀[38;2;90;172;238;48;2;90;172;238m▀[38;2;57;57;123;48;2;57;57;123m▀[0m      [38;2;57;57;123;48;2;98;131;205m▀[38;2;90;172;238m▀[38;2;205;106;180;48;2;172;205;255m▀[38;2;98;16;82m▀[38;2;172;205;255m▀▀▀▀▀[38;2;90;172;238;48;2;90;172;238m▀▀▀▀▀▀[38;2;57;57;123m▀[38;2;0;0;0;49m▄[0m      [38;2;57;57;123;48;2;57;57;123m▀[38;2;90;172;238;48;2;90;172;238m▀[38;2;57;57;123;48;2;57;57;123m▀[38;2;172;82;172;48;2;172;82;172m▀▀▀▀▀▀[48;2;205;106;180m▀▀[38;2;205;106;180m▀▀▀[38;2;148;57;123m▀▀▀[38;2;205;106;180;48;2;148;57;123m▀▀[48;2;205;106;180m▀[38;2;148;57;123m▀[38;2;98;16;82;49m▄▄[0m
[0m      [38;2;98;16;82;48;2;98;16;82m▀[38;2;148;57;123;48;2;172;82;172m▀[38;2;172;82;172m▀▀▀▀▀[48;2;205;106;180m▀[38;2;205;106;180m▀▀▀▀▀[38;2;57;57;123;48;2;148;57;123m▀[38;2;90;172;238;48;2;90;172;238m▀[38;2;98;131;205m▀[49m▄[0m    [38;2;57;57;123;48;2;98;98;98m▀[38;2;172;205;255;48;2;0;0;0m▀[48;2;57;57;123m▀[48;2;90;172;238m▀[48;2;172;205;255m▀▀▀▀[48;2;90;172;238m▀[48;2;57;57;123m▀[38;2;90;172;238m▀[38;2;57;57;123;48;2;0;0;0m▀[48;2;255;255;255m▀[48;2;57;57;123m▀[38;2;90;172;238;48;2;90;172;238m▀▀▀[38;2;0;0;0m▀[49m▄[0m     [38;2;57;57;123;48;2;98;131;205m▀[38;2;90;172;238;48;2;90;172;238m▀[38;2;57;57;123;48;2;57;57;123m▀[38;2;98;16;82;48;2;98;16;82m▀[38;2;172;82;172;48;2;172;82;172m▀▀▀[48;2;205;106;180m▀[38;2;205;106;180m▀▀▀▀▀▀▀▀▀▀▀[38;2;148;57;123m▀▀[48;2;0;0;0m▀▀[38;2;98;16;82;49m▀[0m
[0m     [38;2;98;16;82;48;2;0;0;0m▀[38;2;172;82;172m▀▀[48;2;172;82;172m▀▀▀▀[48;2;205;106;180m▀[38;2;205;106;180m▀▀▀▀▀▀▀[38;2;57;57;123;48;2;57;57;123m▀[38;2;90;172;238;48;2;90;172;238m▀[38;2;57;57;123;48;2;57;57;123m▀[49m▄[0m  [38;2;57;57;123;48;2;57;57;123m▀[38;2;213;213;213;48;2;98;131;205m▀[38;2;98;98;98m▀[38;2;255;255;255m▀[38;2;98;131;205;48;2;90;172;238m▀[38;2;90;172;238m▀▀▀▀▀[38;2;98;131;205m▀[38;2;255;255;255;48;2;98;131;205m▀[38;2;98;98;98m▀[38;2;213;213;213m▀[38;2;98;131;205;48;2;90;172;238m▀[38;2;90;172;238m▀▀▀▀[38;2;0;0;0m▀[49m▄[0m   [38;2;98;131;205;48;2;57;57;123m▀[38;2;90;172;238;48;2;90;172;238m▀[48;2;57;57;123m▀[38;2;57;57;123;48;2;172;82;172m▀[38;2;172;82;172m▀[38;2;98;16;82;48;2;98;16;82m▀[38;2;172;82;172;48;2;172;82;172m▀[48;2;205;106;180m▀[38;2;205;106;180m▀▀▀▀▀▀▀▀▀▀▀[48;2;0;0;0m▀[38;2;0;0;0;49m▀▀[0m
[0m        [38;2;0;0;0m▀▀[38;2;172;82;172;48;2;0;0;0m▀▀[38;2;205;106;180;48;2;205;106;180m▀▀▀▀▀▀▀▀[38;2;98;16;82;48;2;98;16;82m▀[38;2;57;57;123;48;2;57;57;123m▀[38;2;90;172;238;48;2;98;131;205m▀[38;2;57;57;123m▀[49m▄[0m [38;2;0;0;0;48;2;0;0;0m▀[38;2;90;172;238;48;2;98;98;98m▀[48;2;57;57;123m▀▀[48;2;90;172;238m▀▀▀▀▀▀[48;2;57;57;123m▀[48;2;0;0;0m▀[48;2;57;57;123m▀▀[48;2;90;172;238m▀▀▀▀▀▀[38;2;0;0;0m▀[38;2;57;57;123;49m▄▄[48;2;90;172;238m▀[38;2;90;172;238m▀[48;2;57;57;123m▀[38;2;148;57;123;48;2;172;82;172m▀[38;2;172;82;172m▀▀[38;2;98;16;82m▀[38;2;172;82;172;48;2;98;16;82m▀[38;2;205;106;180;48;2;205;106;180m▀▀▀▀▀▀▀▀▀▀[48;2;148;57;123m▀[38;2;0;0;0;49m▀[0m
[0m            [38;2;98;16;82m▀[38;2;205;106;180;48;2;98;16;82m▀[48;2;205;106;180m▀▀▀▀▀[38;2;148;57;123;48;2;98;16;82m▀[38;2;172;82;172;48;2;172;82;172m▀▀[38;2;57;57;123m▀[38;2;98;131;205;48;2;57;57;123m▀▀[38;2;57;57;123;48;2;98;131;205m▀▀[38;2;0;0;0;48;2;0;0;0m▀[38;2;255;255;255;48;2;255;255;255m▀[48;2;98;98;98m▀[38;2;0;0;0;48;2;0;0;0m▀▀▀▀▀▀▀▀[38;2;255;255;255;48;2;255;255;255m▀[38;2;213;213;213;48;2;98;98;98m▀[38;2;57;57;123;48;2;57;57;123m▀[38;2;90;172;238;48;2;98;131;205m▀[48;2;90;172;238m▀▀▀[38;2;57;57;123m▀▀[38;2;90;172;238m▀▀[48;2;57;57;123m▀[38;2;98;131;205;48;2;172;82;172m▀[38;2;172;82;172m▀▀▀▀▀[38;2;98;16;82m▀[38;2;205;106;180;48;2;148;57;123m▀[48;2;205;106;180m▀▀▀▀▀▀▀[48;2;148;57;123m▀[38;2;98;16;82;49m▀[0m
[0m              [38;2;98;16;82;48;2;98;16;82m▀[38;2;205;106;180;48;2;205;106;180m▀▀▀▀[38;2;98;16;82;48;2;148;57;123m▀[38;2;172;82;172;48;2;172;82;172m▀▀▀▀▀[38;2;57;57;123m▀[38;2;98;131;205;48;2;57;57;123m▀[38;2;0;0;0m▀[38;2;213;213;213;48;2;0;0;0m▀[38;2;57;57;123;48;2;98;131;205m▀[38;2;0;0;0;48;2;57;57;123m▀[48;2;0;0;0m▀▀▀▀▀▀▀[38;2;213;213;213m▀[38;2;0;0;0m▀▀[38;2;57;57;123m▀[38;2;90;172;238;48;2;90;172;238m▀▀▀▀[48;2;0;0;0m▀[38;2;98;131;205m▀[38;2;57;57;123;48;2;172;82;172m▀[38;2;172;82;172m▀▀▀▀▀▀▀▀▀[38;2;148;57;123;48;2;148;57;123m▀[38;2;205;106;180;48;2;205;106;180m▀▀▀▀▀[48;2;98;16;82m▀[38;2;98;16;82;49m▀[0m
[0m               [38;2;98;16;82;48;2;98;16;82m▀[38;2;205;106;180;48;2;205;106;180m▀▀[38;2;148;57;123;48;2;98;16;82m▀[38;2;172;82;172;48;2;172;82;172m▀▀▀▀▀▀▀▀▀[38;2;0;0;0;48;2;0;0;0m▀[38;2;98;131;205;48;2;98;131;205m▀[38;2;57;57;123;48;2;57;57;123m▀[38;2;0;0;0;48;2;0;0;0m▀▀▀▀▀▀▀▀▀▀▀[38;2;98;131;205;48;2;57;57;123m▀[38;2;90;172;238;48;2;90;172;238m▀▀[38;2;0;0;0m▀[38;2;98;16;82;48;2;98;16;82m▀[38;2;172;82;172;48;2;172;82;172m▀▀▀▀▀▀▀▀▀▀▀▀[38;2;148;57;123;48;2;98;16;82m▀[38;2;205;106;180;48;2;205;106;180m▀▀▀▀[38;2;98;16;82;48;2;98;16;82m▀[0m
[0m                [38;2;98;16;82;48;2;98;16;82m▀[38;2;205;106;180;48;2;148;57;123m▀[38;2;98;16;82;48;2;172;82;172m▀[38;2;172;82;172m▀▀▀▀▀▀▀▀▀▀[38;2;0;0;0;48;2;0;0;0m▀[38;2;57;57;123;48;2;98;131;205m▀[38;2;0;0;0;48;2;0;0;0m▀▀▀▀▀▀▀▀▀▀▀[38;2;57;57;123;48;2;57;57;123m▀[38;2;90;172;238;48;2;90;172;238m▀▀▀[38;2;98;16;82;48;2;98;131;205m▀[38;2;172;82;172;48;2;98;16;82m▀[48;2;172;82;172m▀▀▀▀▀▀▀▀▀▀▀▀[38;2;98;16;82;48;2;148;57;123m▀[38;2;205;106;180m▀[48;2;205;106;180m▀[38;2;98;16;82;48;2;98;16;82m▀[0m
[0m                [38;2;98;16;82;48;2;98;16;82m▀[38;2;148;57;123;48;2;148;57;123m▀[38;2;172;82;172;48;2;0;0;0m▀▀▀[38;2;98;16;82;49m▀[38;2;0;0;0m▀▀▀[38;2;172;82;172;48;2;0;0;0m▀▀[48;2;172;82;172m▀▀[38;2;0;0;0;48;2;0;0;0m▀[38;2;98;131;205;48;2;98;131;205m▀[38;2;57;57;123;48;2;57;57;123m▀[38;2;0;0;0;48;2;98;98;98m▀[48;2;0;0;0m▀▀▀▀▀▀▀▀▀[38;2;57;57;123;48;2;57;57;123m▀[38;2;98;131;205;48;2;98;131;205m▀[38;2;90;172;238m▀▀[38;2;98;131;205m▀[38;2;98;16;82;48;2;98;16;82m▀[38;2;172;82;172;48;2;172;82;172m▀▀▀[48;2;0;0;0m▀▀[48;2;98;16;82m▀[38;2;0;0;0;49m▀▀▀▀[38;2;98;16;82m▀[38;2;172;82;172;48;2;0;0;0m▀▀[38;2;98;16;82;48;2;172;82;172m▀[38;2;205;106;180;48;2;148;57;123m▀[38;2;98;16;82;48;2;98;16;82m▀[0m
[0m                [38;2;98;16;82m▀[38;2;0;0;0m▀[0m         [38;2;0;0;0m▀[38;2;172;82;172;48;2;98;16;82m▀[38;2;0;0;0;48;2;0;0;0m▀[38;2;98;131;205;48;2;98;131;205m▀[38;2;57;57;123;48;2;57;57;123m▀[38;2;98;98;98;48;2;98;98;98m▀▀[38;2;0;0;0m▀[48;2;0;0;0m▀▀▀▀▀▀▀[38;2;57;57;123;48;2;57;57;123m▀[38;2;98;131;205;48;2;98;131;205m▀▀▀▀[38;2;98;16;82m▀[38;2;0;0;0;48;2;0;0;0m▀[49m▀▀[0m          [38;2;0;0;0m▀▀[38;2;98;16;82m▀[0m
[0m                             [38;2;0;0;0;48;2;0;0;0m▀[38;2;98;131;205;48;2;98;131;205m▀[38;2;57;57;123;48;2;0;0;0m▀[38;2;98;98;98;48;2;98;98;98m▀▀▀[38;2;0;0;0;48;2;0;0;0m▀▀▀▀▀▀▀[38;2;57;57;123;48;2;57;57;123m▀[38;2;98;131;205;48;2;98;131;205m▀▀▀▀▀[38;2;0;0;0;48;2;0;0;0m▀[0m
[0m                             [38;2;0;0;0;48;2;0;0;0m▀[38;2;98;131;205;48;2;98;131;205m▀[38;2;0;0;0;48;2;0;0;0m▀[38;2;98;98;98;48;2;98;98;98m▀▀[38;2;0;0;0;48;2;0;0;0m▀▀▀▀▀▀▀[48;2;57;57;123m▀[38;2;57;57;123;48;2;98;131;205m▀[38;2;98;131;205m▀▀▀▀[48;2;0;0;0m▀[38;2;0;0;0;49m▀[0m
[0m                            [38;2;0;0;0;48;2;0;0;0m▀[38;2;255;255;255;48;2;255;255;255m▀[38;2;57;57;123m▀[38;2;0;0;0;48;2;0;0;0m▀[38;2;98;98;98m▀[38;2;0;0;0m▀▀▀▀▀[48;2;255;255;255m▀[48;2;0;0;0m▀▀[38;2;57;57;123;48;2;57;57;123m▀[38;2;98;131;205;48;2;98;131;205m▀▀▀▀▀[38;2;0;0;0;48;2;0;0;0m▀[0m  [38;2;57;57;123m▄▄[0m
[0m                 [38;2;57;57;123m▄[48;2;90;172;238m▀▀[49m▄▄[0m     [38;2;57;57;123m▄[38;2;0;0;0;48;2;57;57;123m▀[38;2;255;255;255;48;2;0;0;0m▀[38;2;213;213;213;48;2;98;131;205m▀[38;2;0;0;0;48;2;57;57;123m▀[48;2;0;0;0m▀▀▀▀▀▀[38;2;255;255;255;48;2;213;213;213m▀▀[38;2;57;57;123;48;2;57;57;123m▀[38;2;98;131;205;48;2;98;131;205m▀▀▀▀[48;2;57;57;123m▀[38;2;0;0;0;48;2;0;0;0m▀[0m [38;2;57;57;123m▄[48;2;90;172;238m▀[38;2;90;172;238m▀▀[38;2;0;0;0;48;2;0;0;0m▀[0m
[0m                 [38;2;0;0;0m▀[38;2;90;172;238;48;2;0;0;0m▀▀[48;2;90;172;238m▀▀[38;2;57;57;123m▀▀[49m▄[48;2;98;131;205m▀▀[38;2;98;131;205m▀[48;2;57;57;123m▀[38;2;0;0;0m▀[38;2;90;172;238;48;2;0;0;0m▀[48;2;98;131;205m▀[38;2;98;131;205;48;2;90;172;238m▀[38;2;57;57;123m▀▀▀▀▀[48;2;98;131;205m▀[38;2;98;131;205m▀▀▀▀[48;2;57;57;123m▀[48;2;98;131;205m▀▀[38;2;57;57;123m▀[49m▄[48;2;90;172;238m▀[38;2;90;172;238m▀▀[38;2;0;0;0;48;2;0;0;0m▀[0m
[0m                    [38;2;57;57;123m▀▀[38;2;90;172;238;48;2;57;57;123m▀[48;2;90;172;238m▀▀[38;2;98;131;205;48;2;98;131;205m▀[48;2;0;0;0m▀[38;2;57;57;123;49m▀[0m   [38;2;0;0;0m▀▀[38;2;98;131;205;48;2;0;0;0m▀▀[48;2;98;131;205m▀▀▀▀▀▀[48;2;0;0;0m▀▀[38;2;0;0;0;49m▀▀[38;2;98;131;205;48;2;0;0;0m▀[48;2;98;131;205m▀[38;2;57;57;123m▀[38;2;90;172;238;48;2;90;172;238m▀▀[38;2;0;0;0;48;2;0;0;0m▀[0m
[0m                       [38;2;57;57;123;48;2;0;0;0m▀[38;2;98;131;205;48;2;98;131;205m▀▀[38;2;0;0;0m▀[49m▄[0m       [38;2;0;0;0m▀▀▀▀▀▀[0m    [38;2;0;0;0m▀[38;2;57;57;123;48;2;57;57;123m▀[38;2;90;172;238;48;2;90;172;238m▀▀[38;2;98;131;205;48;2;0;0;0m▀[38;2;0;0;0;49m▀[0m
[0m                        [38;2;0;0;0m▀[38;2;98;131;205;48;2;0;0;0m▀▀[38;2;0;0;0;49m▀[0m                  [38;2;57;57;123;48;2;57;57;123m▀[38;2;98;131;205;48;2;98;131;205m▀▀[38;2;0;0;0;48;2;0;0;0m▀[0m
[0m                                              [38;2;57;57;123m▀[38;2;98;131;205;48;2;0;0;0m▀▀[38;2;0;0;0;49m▀[0m
