[0m                [38;2;139;172;49m▄▄[48;2;156;213;74m▀[48;2;139;172;49m▀[38;2;74;90;32;48;2;197;230;123m▀[49m▄▄[0m
[0m       [38;2;139;172;49;48;2;139;172;49m▀[48;2;156;213;74m▀[49m▄[0m    [38;2;139;172;49m▄[48;2;197;230;123m▀[38;2;197;230;123m▀[38;2;156;213;74;48;2;139;172;49m▀[38;2;139;172;49;48;2;197;230;123m▀[38;2;197;230;123m▀[38;2;156;213;74;48;2;74;90;32m▀[38;2;139;172;49;48;2;139;172;49m▀▀[38;2;74;90;32m▀[49m▄[0m
[0m      [38;2;139;172;49;48;2;74;90;32m▀[38;2;156;213;74;48;2;156;213;74m▀[48;2;139;172;49m▀[48;2;156;213;74m▀[38;2;139;172;49m▀[49m▄[38;2;74;90;32m▄[48;2;197;230;123m▀[38;2;197;230;123m▀▀[38;2;139;172;49;48;2;139;172;49m▀[38;2;197;230;123;48;2;197;230;123m▀▀▀[38;2;74;90;32;48;2;74;90;32m▀[38;2;16;16;16;49m▀▀▀[38;2;74;90;32m▀[0m [38;2;74;90;32m▄▄▄▄▄[0m
[38;2;139;172;49;48;2;74;90;32m▀[48;2;197;230;123m▀▀[49m▄▄[38;2;74;90;32m▄[48;2;74;90;32m▀[38;2;156;213;74;48;2;156;213;74m▀[38;2;139;172;49m▀[38;2;156;213;74;48;2;74;90;32m▀[48;2;156;213;74m▀[38;2;74;90;32;48;2;74;90;32m▀[38;2;139;172;49;48;2;156;213;74m▀[38;2;197;230;123m▀[48;2;197;230;123m▀[38;2;139;172;49;48;2;139;172;49m▀[38;2;197;230;123;48;2;197;230;123m▀▀▀[48;2;156;213;74m▀[38;2;74;90;32;48;2;74;90;32m▀[0m [38;2;16;16;16m▄[38;2;74;90;32m▄[48;2;139;172;49m▀▀[38;2;139;172;49;48;2;74;90;32m▀▀[48;2;139;172;49m▀[48;2;74;90;32m▀[38;2;74;90;32;49m▀[0m
[38;2;74;90;32;49m▀[38;2;197;230;123;48;2;139;172;49m▀[38;2;156;213;74;48;2;197;230;123m▀[38;2;197;230;123;48;2;139;172;49m▀[48;2;197;230;123m▀[38;2;139;172;49m▀[38;2;74;90;32;48;2;156;213;74m▀[48;2;74;90;32m▀[38;2;156;213;74m▀[38;2;74;90;32;48;2;156;213;74m▀[38;2;156;213;74;48;2;74;90;32m▀[38;2;74;90;32;48;2;139;172;49m▀[38;2;156;213;74;48;2;156;213;74m▀▀[38;2;139;172;49;48;2;139;172;49m▀[38;2;156;213;74;48;2;156;213;74m▀▀▀▀▀[38;2;74;90;32;48;2;16;16;16m▀[38;2;16;16;16;48;2;139;172;49m▀[38;2;139;172;49m▀[48;2;74;90;32m▀[38;2;74;90;32;48;2;139;172;49m▀▀[38;2;139;172;49m▀▀[48;2;16;16;16m▀[38;2;74;90;32;49m▀[0m
[0m [38;2;74;90;32;48;2;74;90;32m▀[38;2;197;230;123;48;2;156;213;74m▀[48;2;197;230;123m▀[38;2;139;172;49m▀[38;2;156;213;74;48;2;139;172;49m▀[48;2;74;90;32m▀[38;2;139;172;49;48;2;139;172;49m▀▀[38;2;74;90;32m▀[48;2;74;90;32m▀[38;2;156;213;74;48;2;156;213;74m▀▀▀[38;2;139;172;49;48;2;139;172;49m▀[38;2;156;213;74;48;2;156;213;74m▀▀▀▀[48;2;139;172;49m▀[38;2;16;16;16;48;2;16;16;16m▀[38;2;139;172;49m▀[38;2;16;16;16;48;2;74;90;32m▀[38;2;139;172;49m▀▀▀▀[38;2;16;16;16m▀[0m
[0m  [38;2;74;90;32;48;2;74;90;32m▀[38;2;197;230;123;48;2;139;172;49m▀[38;2;156;213;74m▀[38;2;139;172;49m▀▀[38;2;74;90;32m▀[38;2;139;172;49;48;2;74;90;32m▀[48;2;139;172;49m▀[38;2;74;90;32;48;2;74;90;32m▀[38;2;156;213;74;48;2;156;213;74m▀▀[38;2;139;172;49;48;2;139;172;49m▀[38;2;156;213;74;48;2;156;213;74m▀▀▀▀▀[38;2;74;90;32;48;2;16;16;16m▀[48;2;139;172;49m▀[38;2;139;172;49m▀▀▀▀[48;2;156;213;74m▀▀[38;2;156;213;74m▀[38;2;74;90;32m▀▀▀[49m▄▄[0m
[0m   [38;2;74;90;32m▀[38;2;139;172;49;48;2;74;90;32m▀▀[48;2;139;172;49m▀▀▀[38;2;16;16;16m▀[38;2;74;90;32;48;2;16;16;16m▀[38;2;139;172;49;48;2;139;172;49m▀[38;2;156;213;74m▀[38;2;74;90;32;48;2;74;90;32m▀[38;2;156;213;74;48;2;139;172;49m▀▀▀[38;2;139;172;49m▀[48;2;16;16;16m▀[38;2;16;16;16;48;2;74;90;32m▀[38;2;139;172;49m▀[38;2;74;90;32;48;2;139;172;49m▀▀▀[48;2;156;213;74m▀▀[38;2;139;172;49m▀▀▀▀▀[38;2;156;213;74m▀[48;2;74;90;32m▀[38;2;74;90;32;49m▀[0m
[0m      [38;2;74;90;32m▀▀[38;2;139;172;49;48;2;74;90;32m▀[48;2;90;106;131m▀▀[38;2;16;16;16;48;2;115;148;164m▀[38;2;90;106;131m▀▀▀[38;2;139;172;49m▀[38;2;16;16;16;48;2;90;106;131m▀▀[38;2;139;172;49;48;2;139;172;49m▀▀▀▀▀▀[38;2;156;213;74m▀[48;2;156;213;74m▀▀▀[48;2;74;90;32m▀▀[38;2;74;90;32;49m▀▀[0m
[0m       [38;2;90;106;131m▄[48;2;148;180;197m▀[38;2;148;180;197m▀▀▀▀[38;2;115;148;164m▀[48;2;115;148;164m▀▀▀▀[38;2;16;16;16m▀▀[38;2;139;172;49;48;2;16;16;16m▀▀▀▀[48;2;74;90;32m▀[38;2;74;90;32;49m▀▀▀[0m
[0m      [38;2;90;106;131;48;2;90;106;131m▀[38;2;115;148;164;48;2;115;148;164m▀[38;2;148;180;197m▀[48;2;148;180;197m▀▀▀▀[48;2;115;148;164m▀[38;2;115;148;164m▀▀▀▀▀▀▀[38;2;16;16;16;48;2;16;16;16m▀[0m
[0m     [38;2;90;106;131;48;2;90;106;131m▀[38;2;115;148;164;48;2;115;148;164m▀▀▀[38;2;238;57;49m▀[38;2;115;148;164m▀▀▀▀[48;2;238;57;49m▀[48;2;115;148;164m▀▀▀[48;2;90;106;131m▀[38;2;90;106;131;48;2;115;148;164m▀[38;2;115;148;164;48;2;90;106;131m▀[38;2;90;106;131;48;2;115;148;164m▀[38;2;16;16;16;48;2;16;16;16m▀[0m
[0m     [38;2;90;106;131m▀[48;2;41;57;74m▀[38;2;115;148;164;48;2;90;106;131m▀[48;2;115;148;164m▀▀[48;2;41;57;74m▀▀▀[48;2;115;148;164m▀▀▀▀▀[48;2;90;106;131m▀[38;2;90;106;131m▀[38;2;115;148;164m▀[38;2;90;106;131m▀[38;2;16;16;16;48;2;16;16;16m▀[0m
[0m      [38;2;41;57;74m▀[38;2;90;106;131;48;2;16;16;16m▀[48;2;90;106;131m▀▀[38;2;115;148;164m▀▀▀▀▀▀[38;2;90;106;131m▀▀▀▀▀[38;2;16;16;16;48;2;16;16;16m▀[0m
[0m        [38;2;16;16;16m▀[38;2;90;106;131;48;2;16;16;16m▀▀[48;2;90;106;131m▀▀▀▀▀▀[48;2;16;16;16m▀▀▀[38;2;16;16;16;49m▀[0m
[0m      [38;2;41;57;74m▄[48;2;115;148;164m▀▀[38;2;16;16;16;48;2;90;106;131m▀[38;2;90;106;131m▀[38;2;16;16;16m▀[48;2;16;16;16m▀[49m▀▀[48;2;41;57;74m▀[48;2;90;106;131m▀[38;2;90;106;131m▀[38;2;41;57;74m▀▀[49m▄[0m
[0m      [38;2;41;57;74m▀[38;2;90;106;131;48;2;16;16;16m▀▀▀▀▀[38;2;16;16;16;49m▀[0m  [38;2;41;57;74;48;2;16;16;16m▀[38;2;90;106;131;48;2;41;57;74m▀[48;2;90;106;131m▀[38;2;115;148;164m▀▀[38;2;90;106;131m▀[38;2;16;16;16;48;2;16;16;16m▀[0m
[0m                [38;2;16;16;16m▀▀▀▀▀[0m
