[0m                       [38;2;16;16;16m▄[38;2;90;41;0m▄[48;2;172;82;57m▀▀▀[38;2;16;16;16m▀▀[38;2;90;41;0;49m▄[38;2;16;16;16m▄[0m
[0m                 [38;2;134;57;24m▄[38;2;90;41;0m▄▄▄▄[38;2;16;16;16;48;2;134;57;24m▀[38;2;134;57;24m▀[38;2;172;82;57m▀[48;2;255;189;65m▀[48;2;172;82;57m▀▀[48;2;246;238;189m▀[48;2;255;189;65m▀[38;2;134;57;24;48;2;134;57;24m▀▀[38;2;16;16;16;48;2;90;41;0m▀[38;2;90;41;0;49m▄▄[0m
[0m              [38;2;134;57;24m▄[48;2;172;82;57m▀[48;2;205;115;74m▀[38;2;172;82;57;48;2;246;238;189m▀▀[48;2;172;82;57m▀▀▀[38;2;90;41;0m▀[38;2;16;16;16;48;2;134;57;24m▀[38;2;134;57;24;48;2;16;16;16m▀[48;2;90;41;0m▀▀[48;2;16;16;16m▀[48;2;134;57;24m▀[48;2;16;16;16m▀[38;2;16;16;16;48;2;172;82;57m▀[38;2;90;41;0;48;2;205;115;74m▀[38;2;172;82;57m▀▀[48;2;172;82;57m▀[38;2;90;41;0m▀▀[49m▄[0m     [38;2;197;115;41m▄▄▄[0m
[0m             [38;2;134;57;24;48;2;134;57;24m▀[38;2;172;82;57;48;2;172;82;57m▀[38;2;205;115;74;48;2;205;115;74m▀▀[38;2;255;189;65m▀▀[38;2;205;115;74;48;2;172;82;57m▀[38;2;172;82;57;48;2;255;189;65m▀[48;2;172;82;57m▀[48;2;134;57;24m▀[38;2;16;16;16;48;2;90;41;0m▀[38;2;255;115;0m▀▀▀▀[38;2;16;16;16;48;2;134;57;24m▀[38;2;172;82;57;48;2;172;82;57m▀[38;2;205;115;74m▀[48;2;205;115;74m▀▀▀[48;2;172;82;57m▀[38;2;246;238;189;48;2;255;189;65m▀[38;2;205;115;74;48;2;246;238;189m▀[38;2;172;82;57;48;2;172;82;57m▀[38;2;90;41;0;48;2;90;41;0m▀[0m     [38;2;197;115;41m▀[48;2;197;115;41m▀[38;2;134;57;24m▀[49m▄[0m
[0m            [38;2;90;41;0;48;2;16;16;16m▀[38;2;172;82;57;48;2;172;82;57m▀▀▀[38;2;205;115;74m▀▀[38;2;172;82;57m▀▀[38;2;205;115;74;48;2;90;41;0m▀[38;2;90;41;0;48;2;172;82;57m▀[48;2;205;115;74m▀[38;2;172;82;57;48;2;255;189;65m▀▀[48;2;172;82;57m▀▀[38;2;134;57;24m▀[38;2;90;41;0m▀[38;2;16;16;16;48;2;134;57;24m▀[38;2;172;82;57;48;2;16;16;16m▀[48;2;172;82;57m▀▀[48;2;255;189;65m▀[48;2;172;82;57m▀▀▀▀[38;2;134;57;24;48;2;134;57;24m▀[38;2;90;41;0;48;2;90;41;0m▀[0m     [38;2;197;115;41;48;2;197;115;41m▀[38;2;255;115;0;48;2;255;115;0m▀[38;2;197;115;41;48;2;197;115;41m▀[38;2;134;57;24;49m▄[0m
[0m            [38;2;16;16;16;48;2;16;16;16m▀[38;2;134;57;24;48;2;134;57;24m▀[38;2;172;82;57m▀[48;2;172;82;57m▀[38;2;246;238;189;48;2;255;189;65m▀[38;2;255;189;65;48;2;246;238;189m▀[38;2;172;82;57;48;2;134;57;24m▀[38;2;90;41;0;48;2;90;41;0m▀[38;2;134;57;24;48;2;172;82;57m▀[38;2;205;115;74;48;2;205;115;74m▀▀[38;2;246;238;189m▀▀[38;2;205;115;74m▀[38;2;172;82;57;48;2;172;82;57m▀[48;2;255;189;65m▀[48;2;205;115;74m▀[48;2;172;82;57m▀[38;2;134;57;24;48;2;134;57;24m▀[38;2;16;16;16;48;2;90;41;0m▀[38;2;172;82;57;48;2;172;82;57m▀▀▀[48;2;205;115;74m▀[48;2;246;238;189m▀[38;2;134;57;24;48;2;134;57;24m▀▀[38;2;16;16;16;48;2;16;16;16m▀[0m     [38;2;197;115;41;48;2;134;57;24m▀[38;2;255;115;0;48;2;255;115;0m▀▀[38;2;134;57;24;48;2;16;16;16m▀[0m
[0m         [38;2;134;57;24m▄▄▄▄[38;2;16;16;16;48;2;16;16;16m▀[38;2;134;57;24;48;2;134;57;24m▀▀▀[38;2;255;189;65m▀[38;2;90;41;0;48;2;90;41;0m▀[38;2;134;57;24;48;2;134;57;24m▀[38;2;172;82;57;48;2;172;82;57m▀[38;2;205;115;74m▀[48;2;205;115;74m▀[48;2;255;189;65m▀[48;2;246;238;189m▀[48;2;172;82;57m▀[38;2;172;82;57m▀[38;2;246;238;189;48;2;205;115;74m▀[48;2;255;189;65m▀[38;2;172;82;57;48;2;172;82;57m▀[38;2;134;57;24;48;2;134;57;24m▀▀[38;2;16;16;16;48;2;16;16;16m▀[38;2;134;57;24;48;2;134;57;24m▀▀[38;2;246;238;189m▀[38;2;255;189;65m▀[38;2;134;57;24m▀[48;2;16;16;16m▀[38;2;16;16;16;49m▀[0m  [38;2;134;57;24m▄▄[48;2;197;115;41m▀[38;2;255;115;0;48;2;255;115;0m▀▀[48;2;134;57;24m▀[38;2;16;16;16;49m▀[0m
[0m    [38;2;197;115;41m▄▄[38;2;134;57;24;48;2;255;189;65m▀[48;2;255;115;0m▀[38;2;197;115;41m▀[38;2;255;115;0m▀▀▀▀[38;2;197;115;41;48;2;197;115;41m▀[38;2;16;16;16m▀[38;2;134;57;24;48;2;16;16;16m▀[48;2;90;41;0m▀▀[38;2;90;41;0;48;2;16;16;16m▀[38;2;134;57;24;48;2;134;57;24m▀[38;2;172;82;57m▀[48;2;172;82;57m▀▀[38;2;246;238;189m▀[48;2;246;238;189m▀[48;2;255;189;65m▀[38;2;172;82;57;48;2;172;82;57m▀▀▀[48;2;134;57;24m▀[38;2;134;57;24m▀▀[38;2;16;16;16;48;2;16;16;16m▀[38;2;134;57;24;48;2;134;57;24m▀▀▀▀[48;2;16;16;16m▀[38;2;16;16;16;48;2;197;115;41m▀[38;2;134;57;24m▀▀▀[38;2;197;115;41m▀▀▀▀[38;2;255;115;0;48;2;134;57;24m▀[38;2;16;16;16;49m▀[0m
[0m  [38;2;134;57;24m▄[38;2;197;115;41;48;2;255;115;0m▀[38;2;255;189;65;48;2;255;189;65m▀▀▀[38;2;255;115;0m▀[48;2;255;115;0m▀▀▀▀▀[48;2;134;57;24m▀[38;2;197;115;41m▀[38;2;134;57;24;48;2;255;115;0m▀[48;2;197;115;41m▀[38;2;16;16;16m▀[48;2;134;57;24m▀[38;2;90;41;0;48;2;16;16;16m▀[38;2;134;57;24;48;2;134;57;24m▀▀▀[38;2;172;82;57m▀▀▀▀[38;2;134;57;24m▀▀▀▀[38;2;90;41;0;48;2;16;16;16m▀[38;2;16;16;16m▀[38;2;90;41;0m▀▀[38;2;16;16;16;48;2;197;115;41m▀[48;2;134;57;24m▀[38;2;197;115;41m▀[48;2;197;115;41m▀▀▀▀▀▀[48;2;16;16;16m▀[38;2;134;57;24;49m▀[0m
[0m [38;2;134;57;24;48;2;134;57;24m▀[38;2;255;115;0;48;2;255;115;0m▀▀▀[38;2;255;189;65m▀[48;2;255;189;65m▀[48;2;134;57;24m▀[38;2;255;115;0;48;2;16;16;16m▀▀[48;2;197;115;41m▀[38;2;134;57;24;48;2;255;115;0m▀[38;2;197;115;41m▀[38;2;255;115;0m▀▀▀[38;2;197;115;41m▀[48;2;197;115;41m▀▀▀[38;2;16;16;16m▀[38;2;134;57;24;48;2;16;16;16m▀▀[48;2;134;57;24m▀▀▀▀▀[48;2;90;41;0m▀[48;2;16;16;16m▀[38;2;16;16;16;48;2;197;115;41m▀[38;2;197;115;41m▀▀▀▀▀▀[48;2;255;115;0m▀[38;2;134;57;24m▀[38;2;197;115;41;48;2;134;57;24m▀[48;2;16;16;16m▀▀[38;2;134;57;24;49m▀[38;2;16;16;16m▀[0m
[38;2;134;57;24;48;2;134;57;24m▀[38;2;255;115;0;48;2;255;115;0m▀▀▀[48;2;134;57;24m▀[38;2;134;57;24;49m▀[38;2;16;16;16m▀[0m [38;2;134;57;24m▄[38;2;197;115;41;48;2;255;189;65m▀[38;2;255;189;65m▀▀▀[38;2;255;115;0m▀[48;2;255;115;0m▀▀[48;2;134;57;24m▀[48;2;16;16;16m▀[38;2;134;57;24;48;2;74;106;123m▀[38;2;16;16;16m▀▀[38;2;74;106;123m▀▀[38;2;16;16;16m▀▀▀▀▀[38;2;74;106;123m▀▀[38;2;16;16;16m▀[38;2;134;57;24m▀[38;2;197;115;41;48;2;16;16;16m▀[48;2;134;57;24m▀[48;2;255;115;0m▀▀[38;2;255;115;0m▀[48;2;255;189;65m▀[38;2;255;189;65m▀▀[38;2;134;57;24m▀[49m▄[0m
[38;2;134;57;24;48;2;134;57;24m▀[38;2;255;115;0;48;2;255;115;0m▀▀[38;2;134;57;24;48;2;16;16;16m▀[0m   [38;2;134;57;24m▄[48;2;255;115;0m▀[38;2;255;115;0m▀[38;2;255;189;65m▀[48;2;255;189;65m▀[48;2;255;115;0m▀[38;2;255;115;0;48;2;134;57;24m▀[38;2;134;57;24;49m▀[38;2;16;16;16;48;2;16;49;74m▀[38;2;16;49;74;48;2;74;106;123m▀[38;2;74;106;123;48;2;123;131;164m▀▀[38;2;123;131;164;48;2;16;16;16m▀▀[38;2;16;49;74;48;2;123;131;164m▀[38;2;74;106;123m▀▀▀▀▀[38;2;16;49;74m▀[38;2;74;106;123;48;2;16;16;16m▀[38;2;123;131;164m▀[48;2;123;131;164m▀▀[38;2;74;106;123m▀[48;2;74;106;123m▀[38;2;16;16;16m▀[38;2;134;57;24;48;2;16;49;74m▀[38;2;255;189;65;48;2;16;16;16m▀[48;2;255;189;65m▀▀[48;2;255;115;0m▀[38;2;255;115;0m▀[38;2;134;57;24m▀[38;2;16;16;16;49m▄[0m
[0m [38;2;134;57;24;48;2;134;57;24m▀[38;2;255;115;0;48;2;255;115;0m▀[38;2;16;16;16;48;2;134;57;24m▀[0m   [38;2;134;57;24;48;2;134;57;24m▀[38;2;255;115;0;48;2;255;115;0m▀▀▀[48;2;16;16;16m▀[38;2;134;57;24;49m▀[0m [38;2;16;49;74m▄[38;2;74;106;123;48;2;123;131;164m▀[38;2;123;131;164m▀[38;2;16;16;16m▀▀[38;2;123;131;164m▀▀▀▀▀▀▀▀▀▀▀[38;2;16;16;16m▀▀[38;2;16;49;74m▀[38;2;123;131;164m▀[38;2;74;106;123;48;2;74;106;123m▀▀[38;2;16;49;74;48;2;16;49;74m▀[38;2;16;16;16;49m▀[38;2;255;115;0;48;2;16;16;16m▀[48;2;255;115;0m▀[48;2;197;115;41m▀[38;2;197;115;41m▀[38;2;134;57;24m▀[38;2;16;16;16;49m▄[0m
[0m  [38;2;134;57;24m▀[48;2;134;57;24m▀[38;2;16;16;16m▀[49m▄[0m  [38;2;134;57;24;48;2;134;57;24m▀[38;2;255;115;0m▀[38;2;16;16;16;48;2;16;16;16m▀[0m   [38;2;16;49;74;48;2;16;49;74m▀[38;2;123;131;164;48;2;123;131;164m▀▀[48;2;74;106;123m▀[38;2;74;106;123m▀[48;2;180;90;197m▀▀▀▀▀▀▀▀▀▀[48;2;74;106;123m▀[38;2;123;131;164m▀[48;2;16;49;74m▀▀[48;2;123;131;164m▀[38;2;74;106;123;48;2;74;106;123m▀▀▀[38;2;16;16;16;48;2;16;49;74m▀[0m [38;2;16;16;16m▀[38;2;197;115;41;48;2;134;57;24m▀[48;2;197;115;41m▀▀[38;2;16;16;16;48;2;16;16;16m▀[0m
[0m         [38;2;16;16;16m▀[38;2;134;57;24;48;2;16;16;16m▀[49m▄[0m  [38;2;16;49;74;48;2;16;49;74m▀[38;2;123;131;164;48;2;123;131;164m▀▀[38;2;16;49;74;48;2;74;106;123m▀[38;2;180;90;197;48;2;16;49;74m▀[38;2;16;16;16;48;2;180;90;197m▀▀▀▀▀[48;2;246;238;189m▀▀[38;2;16;49;74m▀▀[48;2;180;90;197m▀[38;2;180;90;197;48;2;16;49;74m▀[38;2;16;49;74;48;2;16;16;16m▀[38;2;123;131;164;48;2;123;131;164m▀▀[38;2;16;49;74;48;2;16;49;74m▀[38;2;74;106;123;48;2;74;106;123m▀▀▀[38;2;16;49;74;48;2;16;49;74m▀[0m  [38;2;16;16;16m▀[38;2;197;115;41;48;2;134;57;24m▀[48;2;197;115;41m▀[38;2;16;16;16;48;2;16;16;16m▀[0m
[0m           [38;2;16;49;74m▄▄[48;2;74;106;123m▀[48;2;16;16;16m▀[38;2;123;131;164;48;2;74;106;123m▀[48;2;123;131;164m▀▀[38;2;74;106;123m▀[38;2;16;49;74m▀▀▀▀▀[38;2;246;238;189;48;2;246;238;189m▀[38;2;16;49;74;48;2;123;131;164m▀[38;2;246;238;189;48;2;246;238;189m▀▀[38;2;16;49;74;48;2;123;131;164m▀[38;2;74;106;123m▀[38;2;16;16;16;48;2;16;49;74m▀[38;2;123;131;164;48;2;123;131;164m▀▀[38;2;74;106;123;48;2;74;106;123m▀[38;2;16;49;74;48;2;16;49;74m▀[38;2;74;106;123;48;2;74;106;123m▀▀[38;2;16;16;16;48;2;16;16;16m▀[0m   [38;2;134;57;24;48;2;134;57;24m▀[48;2;16;16;16m▀[0m
[0m        [38;2;16;49;74m▄[48;2;123;131;164m▀▀[38;2;123;131;164m▀[38;2;74;106;123;48;2;74;106;123m▀▀[48;2;16;16;16m▀[38;2;16;49;74m▀[38;2;74;106;123;48;2;74;106;123m▀[38;2;123;131;164m▀▀[48;2;123;131;164m▀▀▀▀▀▀▀[38;2;246;238;189;48;2;246;238;189m▀▀[38;2;123;131;164;48;2;123;131;164m▀[48;2;74;106;123m▀▀[38;2;16;49;74m▀[38;2;74;106;123m▀▀▀▀[38;2;16;49;74;48;2;16;16;16m▀[0m  [38;2;134;57;24m▄[48;2;16;16;16m▀[38;2;16;16;16;49m▀[0m
[0m        [38;2;16;49;74m▀[38;2;123;131;164;48;2;16;49;74m▀▀[38;2;74;106;123;48;2;16;16;16m▀▀[38;2;16;16;16;49m▀[0m  [38;2;16;16;16m▀[38;2;74;106;123;48;2;16;16;16m▀[48;2;74;106;123m▀▀▀▀▀▀▀▀[38;2;246;238;189m▀[38;2;74;106;123m▀▀▀▀▀▀▀[48;2;16;16;16m▀[38;2;16;16;16;49m▀[0m
[0m                  [38;2;16;16;16m▀[38;2;16;49;74m▀[38;2;74;106;123;48;2;16;49;74m▀[48;2;74;106;123m▀[48;2;16;16;16m▀▀▀▀▀▀▀[48;2;74;106;123m▀▀[48;2;16;16;16m▀[38;2;16;49;74;49m▀[38;2;16;16;16m▀[0m
[0m                 [38;2;16;49;74m▄▄▄[38;2;16;16;16;48;2;74;106;123m▀[38;2;74;106;123m▀[38;2;16;16;16m▀[49m▄[0m     [38;2;16;16;16;48;2;16;16;16m▀[38;2;74;106;123;48;2;74;106;123m▀[38;2;16;16;16;48;2;16;16;16m▀[0m
[0m             [38;2;16;49;74m▄[48;2;123;131;164m▀▀▀[38;2;123;131;164m▀[38;2;74;106;123m▀▀[48;2;74;106;123m▀[48;2;16;49;74m▀[48;2;16;16;16m▀[38;2;16;16;16;49m▀[0m    [38;2;16;16;16;48;2;16;16;16m▀[38;2;74;106;123;48;2;74;106;123m▀▀▀[38;2;16;49;74m▀[48;2;123;131;164m▀▀[49m▄▄▄[0m
[0m             [38;2;16;16;16m▀[38;2;74;106;123;48;2;16;16;16m▀[38;2;123;131;164m▀▀▀[38;2;74;106;123m▀[38;2;16;49;74;49m▀[38;2;16;16;16m▀[0m        [38;2;16;16;16m▀▀[38;2;123;131;164;48;2;16;16;16m▀▀[48;2;16;49;74m▀[48;2;74;106;123m▀[48;2;123;131;164m▀▀[48;2;74;106;123m▀[38;2;16;49;74;48;2;16;16;16m▀[0m
[0m                                  [38;2;16;16;16m▀▀▀▀[0m
