[0m                                               [38;2;98;74;115m▄▄[48;2;156;139;189m▀▀▀[48;2;213;172;222m▀▀[38;2;156;139;189;49m▄[38;2;98;74;115m▄[0m
[0m [38;2;98;74;115m▄▄[0m                                          [38;2;98;74;115m▄[48;2;156;139;189m▀[38;2;156;139;189;48;2;213;172;222m▀[48;2;246;222;255m▀[38;2;213;172;222m▀[38;2;246;222;255m▀▀▀▀▀[48;2;156;139;189m▀[38;2;98;74;115m▀[49m▄[0m
[38;2;98;74;115;48;2;98;74;115m▀[38;2;156;139;189;48;2;238;197;255m▀[48;2;156;139;189m▀[38;2;98;74;115m▀[49m▄[0m                                      [38;2;98;74;115m▄[48;2;156;139;189m▀[38;2;156;139;189m▀[38;2;213;172;222;48;2;246;222;255m▀[38;2;246;222;255m▀▀▀▀[48;2;156;139;189m▀[48;2;213;172;222m▀[38;2;156;139;189;48;2;246;222;255m▀▀[38;2;246;222;255m▀▀[38;2;156;139;189m▀[38;2;98;74;115;49m▄[0m
[38;2;98;74;115;48;2;98;74;115m▀[38;2;238;197;255;48;2;156;139;189m▀[48;2;238;197;255m▀[38;2;156;139;189m▀[48;2;156;139;189m▀[38;2;98;74;115m▀[49m▄[0m                                   [38;2;98;74;115;48;2;98;74;115m▀[38;2;156;139;189;48;2;156;139;189m▀[48;2;213;172;222m▀[38;2;246;222;255;48;2;246;222;255m▀▀▀▀[48;2;156;139;189m▀[38;2;156;139;189;48;2;246;222;255m▀[38;2;246;222;255m▀▀▀▀▀▀▀[38;2;98;74;115;48;2;98;74;115m▀[0m
[38;2;98;74;115;49m▀[38;2;238;197;255;48;2;98;74;115m▀[38;2;156;139;189;48;2;238;197;255m▀[38;2;238;197;255;48;2;156;139;189m▀[48;2;238;197;255m▀[38;2;156;139;189;48;2;156;139;189m▀[38;2;98;74;115m▀[49m▄[0m                                [38;2;98;74;115m▄[48;2;156;139;189m▀[38;2;156;139;189m▀[48;2;213;172;222m▀[38;2;246;222;255;48;2;246;222;255m▀▀▀[48;2;156;139;189m▀[38;2;156;139;189;48;2;246;222;255m▀[38;2;246;222;255m▀▀▀▀▀[48;2;156;139;189m▀▀▀▀[38;2;16;16;16;48;2;16;16;16m▀[0m
[0m [38;2;98;74;115;48;2;98;74;115m▀[38;2;238;197;255;48;2;238;197;255m▀▀[38;2;156;139;189;48;2;156;139;189m▀[38;2;238;197;255;48;2;238;197;255m▀[38;2;156;139;189m▀[48;2;156;139;189m▀[38;2;98;74;115;48;2;98;74;115m▀[0m                              [38;2;98;74;115m▄[48;2;156;139;189m▀[38;2;156;139;189m▀[48;2;246;222;255m▀[38;2;246;222;255m▀▀[48;2;156;139;189m▀[38;2;156;139;189;48;2;246;222;255m▀[38;2;246;222;255m▀▀[48;2;156;139;189m▀▀[38;2;156;139;189;48;2;246;222;255m▀▀▀[38;2;246;222;255m▀▀▀▀[38;2;16;16;16;48;2;16;16;16m▀[0m
[0m  [38;2;98;74;115;48;2;98;74;115m▀[38;2;238;197;255;48;2;238;197;255m▀▀[38;2;156;139;189;48;2;156;139;189m▀[38;2;238;197;255;48;2;238;197;255m▀[38;2;156;139;189m▀[48;2;156;139;189m▀[38;2;98;74;115m▀[38;2;16;16;16;49m▄[0m                           [38;2;98;74;115m▄[48;2;156;139;189m▀[38;2;156;139;189m▀[38;2;213;172;222;48;2;246;222;255m▀[38;2;246;222;255m▀▀[38;2;213;172;222;48;2;156;139;189m▀[38;2;156;139;189;48;2;246;222;255m▀[38;2;246;222;255;48;2;156;139;189m▀[38;2;156;139;189;48;2;246;222;255m▀▀[38;2;246;222;255m▀▀▀▀▀▀▀▀[38;2;98;74;115;48;2;16;16;16m▀[0m
[0m   [38;2;98;74;115;48;2;98;74;115m▀[38;2;238;197;255;48;2;238;197;255m▀▀[38;2;156;139;189;48;2;156;139;189m▀[38;2;238;197;255;48;2;238;197;255m▀▀[38;2;156;139;189;48;2;156;139;189m▀[38;2;98;74;115m▀[49m▄[0m                         [38;2;98;74;115m▄[48;2;156;139;189m▀[38;2;156;139;189m▀[38;2;213;172;222;48;2;246;222;255m▀[38;2;246;222;255m▀▀[38;2;213;172;222;48;2;156;139;189m▀[38;2;156;139;189m▀[48;2;246;222;255m▀[38;2;246;222;255m▀▀▀▀▀▀▀▀▀▀▀[38;2;16;16;16;48;2;16;16;16m▀[0m
[0m    [38;2;98;74;115;48;2;98;74;115m▀[38;2;238;197;255;48;2;156;139;189m▀▀[38;2;156;139;189m▀[38;2;238;197;255;48;2;238;197;255m▀▀[38;2;156;139;189;48;2;156;139;189m▀▀[38;2;16;16;16;48;2;98;74;115m▀[0m                       [38;2;98;74;115m▄[48;2;156;139;189m▀[38;2;156;139;189m▀[38;2;213;172;222;48;2;246;222;255m▀[38;2;246;222;255m▀▀[48;2;156;139;189m▀[38;2;156;139;189;48;2;246;222;255m▀[38;2;246;222;255m▀▀▀▀▀▀▀▀▀▀▀▀[38;2;98;74;115;48;2;98;74;115m▀[0m
[0m     [38;2;98;74;115;48;2;98;74;115m▀[38;2;238;197;255;48;2;238;197;255m▀[38;2;213;172;222m▀[38;2;156;139;189;48;2;213;172;222m▀[38;2;238;197;255;48;2;156;139;189m▀[48;2;238;197;255m▀[38;2;156;139;189;48;2;156;139;189m▀▀[38;2;98;74;115m▀[38;2;16;16;16;49m▄[0m       [38;2;16;16;16m▄[48;2;213;172;222m▀[38;2;98;74;115;48;2;98;74;115m▀[0m           [38;2;98;74;115;48;2;98;74;115m▀[38;2;156;139;189;48;2;156;139;189m▀[48;2;213;172;222m▀[38;2;246;222;255;48;2;238;197;255m▀▀[48;2;156;139;189m▀[38;2;156;139;189;48;2;246;222;255m▀[38;2;246;222;255m▀▀▀▀▀▀▀▀▀▀▀▀[48;2;98;74;115m▀[38;2;16;16;16;49m▀[0m
[0m      [38;2;98;74;115;48;2;98;74;115m▀[38;2;238;197;255;48;2;238;197;255m▀▀[38;2;156;139;189m▀[38;2;238;197;255;48;2;156;139;189m▀[48;2;238;197;255m▀[38;2;156;139;189m▀[48;2;156;139;189m▀[38;2;98;74;115m▀[49m▄[0m      [38;2;16;16;16;48;2;98;74;115m▀[38;2;213;172;222;48;2;213;172;222m▀[38;2;98;74;115;48;2;98;74;115m▀[0m          [38;2;16;16;16;48;2;16;16;16m▀[38;2;156;139;189;48;2;156;139;189m▀▀[38;2;238;197;255;48;2;238;197;255m▀▀▀[38;2;156;139;189;48;2;156;139;189m▀[38;2;238;197;255;48;2;238;197;255m▀[38;2;246;222;255m▀[48;2;246;222;255m▀▀▀▀▀▀▀▀▀▀[48;2;156;139;189m▀[38;2;16;16;16;48;2;16;16;16m▀[0m
[0m       [38;2;98;74;115;48;2;98;74;115m▀[38;2;156;139;189;48;2;238;197;255m▀[38;2;238;197;255;48;2;156;139;189m▀[38;2;156;139;189;48;2;238;197;255m▀[38;2;238;197;255;48;2;156;139;189m▀[48;2;238;197;255m▀[38;2;156;139;189m▀[48;2;156;139;189m▀▀[38;2;16;16;16;48;2;98;74;115m▀[0m    [38;2;16;16;16;48;2;16;16;16m▀[38;2;213;172;222;48;2;213;172;222m▀[38;2;238;197;255;48;2;238;197;255m▀[38;2;98;74;115;48;2;98;74;115m▀[0m         [38;2;16;16;16m▄[38;2;98;74;115;48;2;156;139;189m▀[38;2;156;139;189m▀[38;2;213;172;222;48;2;238;197;255m▀[38;2;238;197;255m▀▀[38;2;156;139;189;48;2;156;139;189m▀[38;2;238;197;255;48;2;238;197;255m▀▀▀▀[38;2;246;222;255m▀[48;2;246;222;255m▀▀▀▀[48;2;156;139;189m▀[48;2;213;172;222m▀[38;2;156;139;189;48;2;246;222;255m▀▀[38;2;98;74;115;48;2;98;74;115m▀[0m
[0m        [38;2;98;74;115m▀[38;2;238;197;255;48;2;98;74;115m▀[38;2;156;139;189;48;2;238;197;255m▀[48;2;156;139;189m▀[38;2;238;197;255m▀[48;2;238;197;255m▀[38;2;98;74;115m▀[38;2;156;139;189;48;2;156;139;189m▀▀[38;2;16;16;16m▀[49m▄[0m  [38;2;16;16;16;48;2;98;74;115m▀[38;2;213;172;222;48;2;213;172;222m▀[38;2;238;197;255;48;2;238;197;255m▀[38;2;98;74;115;48;2;98;74;115m▀[0m         [38;2;16;16;16;48;2;16;16;16m▀[38;2;156;139;189;48;2;156;139;189m▀▀[38;2;213;172;222;48;2;213;172;222m▀▀[38;2;238;197;255;48;2;156;139;189m▀[38;2;156;139;189;48;2;213;172;222m▀[38;2;238;197;255;48;2;238;197;255m▀▀▀▀▀[38;2;246;222;255m▀[48;2;156;139;189m▀[38;2;156;139;189;48;2;246;222;255m▀[38;2;213;172;222m▀[38;2;246;222;255m▀▀▀▀[38;2;98;74;115;48;2;98;74;115m▀[0m
[0m         [38;2;98;74;115m▀[38;2;156;139;189;48;2;16;16;16m▀[38;2;238;197;255;48;2;238;197;255m▀[38;2;156;139;189m▀[48;2;156;139;189m▀[38;2;238;197;255;48;2;238;197;255m▀[38;2;98;74;115m▀[38;2;156;139;189;48;2;156;139;189m▀▀[38;2;16;16;16m▀[49m▄[0m [38;2;98;74;115;48;2;156;139;189m▀[38;2;213;172;222;48;2;213;172;222m▀[38;2;238;197;255;48;2;238;197;255m▀[38;2;98;74;115;48;2;213;172;222m▀[49m▄[0m     [38;2;98;74;115m▄▄[38;2;16;16;16;48;2;16;16;16m▀[38;2;156;139;189;48;2;156;139;189m▀▀[38;2;213;172;222;48;2;213;172;222m▀▀▀[38;2;156;139;189;48;2;156;139;189m▀[38;2;213;172;222;48;2;213;172;222m▀▀[38;2;238;197;255m▀[48;2;238;197;255m▀▀[48;2;156;139;189m▀[38;2;156;139;189;48;2;238;197;255m▀[38;2;238;197;255m▀[38;2;246;222;255;48;2;246;222;255m▀▀[48;2;156;139;189m▀▀[38;2;156;139;189;48;2;246;222;255m▀▀[38;2;98;74;115;48;2;98;74;115m▀[0m
[0m           [38;2;16;16;16m▀[38;2;156;139;189;48;2;98;74;115m▀[38;2;238;197;255;48;2;156;139;189m▀[38;2;156;139;189;48;2;238;197;255m▀[38;2;238;197;255;48;2;98;74;115m▀[38;2;98;74;115;48;2;156;139;189m▀[38;2;156;139;189;48;2;98;74;115m▀[48;2;156;139;189m▀[38;2;16;16;16;48;2;16;16;16m▀[49m▄[38;2;213;172;222;48;2;213;172;222m▀[38;2;238;197;255;48;2;238;197;255m▀▀[38;2;213;172;222;48;2;213;172;222m▀[38;2;98;74;115;48;2;98;74;115m▀[0m   [38;2;98;74;115m▄[48;2;213;172;222m▀[38;2;238;197;255;48;2;238;197;255m▀[38;2;16;16;16;48;2;16;16;16m▀[38;2;156;139;189;48;2;156;139;189m▀▀[48;2;213;172;222m▀[38;2;213;172;222m▀▀[48;2;156;139;189m▀[38;2;156;139;189;48;2;213;172;222m▀[38;2;213;172;222m▀▀▀[38;2;238;197;255;48;2;156;139;189m▀[38;2;156;139;189;48;2;238;197;255m▀[38;2;238;197;255m▀▀[48;2;156;139;189m▀[38;2;156;139;189;48;2;238;197;255m▀[48;2;246;222;255m▀[38;2;246;222;255m▀▀▀▀▀[38;2;98;74;115;48;2;98;74;115m▀[0m
[0m            [38;2;98;74;115m▀[38;2;238;197;255;48;2;98;74;115m▀[38;2;156;139;189;48;2;238;197;255m▀[38;2;16;16;16;48;2;16;16;16m▀[38;2;213;172;222;48;2;213;172;222m▀[38;2;98;74;115m▀[48;2;98;74;115m▀[38;2;156;139;189;48;2;156;139;189m▀[38;2;16;16;16;48;2;16;16;16m▀[38;2;213;172;222;48;2;213;172;222m▀[38;2;238;197;255;48;2;238;197;255m▀▀[38;2;213;172;222;48;2;213;172;222m▀[38;2;98;74;115m▀[49m▄[0m [38;2;98;74;115m▄[48;2;238;197;255m▀[38;2;238;197;255m▀[38;2;213;172;222;48;2;98;74;115m▀[38;2;16;16;16;48;2;156;139;189m▀[38;2;156;139;189m▀▀[38;2;213;172;222;48;2;213;172;222m▀▀▀[38;2;156;139;189;48;2;156;139;189m▀[38;2;213;172;222;48;2;213;172;222m▀▀▀[38;2;156;139;189;48;2;156;139;189m▀[38;2;213;172;222;48;2;213;172;222m▀▀[38;2;238;197;255;48;2;156;139;189m▀[38;2;156;139;189;48;2;238;197;255m▀[38;2;238;197;255m▀▀[38;2;246;222;255;48;2;246;222;255m▀▀▀▀▀▀[38;2;98;74;115m▀[49m▄[0m
[0m             [38;2;98;74;115;48;2;98;74;115m▀[38;2;238;197;255;48;2;238;197;255m▀▀[38;2;98;74;115;48;2;16;16;16m▀[38;2;213;172;222;48;2;213;172;222m▀▀[38;2;98;74;115;48;2;98;74;115m▀[38;2;156;139;189;48;2;156;139;189m▀[38;2;213;172;222;48;2;213;172;222m▀[38;2;238;197;255;48;2;238;197;255m▀▀[38;2;213;172;222m▀[48;2;213;172;222m▀[38;2;98;74;115;48;2;156;139;189m▀[49m▄[48;2;238;197;255m▀[38;2;238;197;255m▀[38;2;213;172;222;48;2;213;172;222m▀[38;2;16;16;16;48;2;16;16;16m▀[38;2;156;139;189;48;2;156;139;189m▀▀[48;2;213;172;222m▀[38;2;213;172;222m▀▀[48;2;156;139;189m▀[38;2;156;139;189;48;2;213;172;222m▀[38;2;213;172;222m▀[48;2;156;139;189m▀[38;2;156;139;189;48;2;213;172;222m▀[38;2;213;172;222m▀[48;2;156;139;189m▀[38;2;156;139;189;48;2;213;172;222m▀[38;2;238;197;255m▀[48;2;238;197;255m▀▀[48;2;156;139;189m▀[38;2;246;222;255m▀▀▀▀▀[48;2;246;222;255m▀▀[38;2;98;74;115m▀[49m▄[0m
[0m              [38;2;98;74;115;48;2;98;74;115m▀[38;2;238;197;255;48;2;238;197;255m▀[38;2;16;16;16m▀[38;2;213;172;222;48;2;16;16;16m▀[48;2;213;172;222m▀▀[38;2;98;74;115;48;2;98;74;115m▀[38;2;213;172;222;48;2;213;172;222m▀[38;2;238;197;255;48;2;238;197;255m▀▀▀[38;2;213;172;222;48;2;213;172;222m▀[38;2;98;74;115m▀[38;2;213;172;222m▀[38;2;238;197;255m▀[38;2;213;172;222m▀[38;2;98;74;115;48;2;16;16;16m▀[38;2;16;16;16;48;2;156;139;189m▀[38;2;156;139;189m▀▀[38;2;213;172;222;48;2;213;172;222m▀▀▀[38;2;156;139;189;48;2;156;139;189m▀[38;2;213;172;222;48;2;213;172;222m▀[48;2;156;139;189m▀[38;2;156;139;189;48;2;213;172;222m▀[38;2;213;172;222m▀[38;2;156;139;189;48;2;156;139;189m▀[38;2;213;172;222m▀▀[38;2;156;139;189;48;2;213;172;222m▀[48;2;238;197;255m▀▀[38;2;238;197;255m▀[38;2;246;222;255;48;2;246;222;255m▀▀▀▀▀[38;2;156;139;189m▀▀[38;2;246;222;255;48;2;156;139;189m▀[38;2;98;74;115;48;2;98;74;115m▀[0m
[0m              [38;2;16;16;16;48;2;16;16;16m▀[38;2;238;197;255;48;2;238;197;255m▀▀[38;2;16;16;16m▀[38;2;213;172;222;48;2;16;16;16m▀[48;2;213;172;222m▀[38;2;156;139;189m▀[38;2;213;172;222m▀[38;2;238;197;255m▀[48;2;238;197;255m▀▀[38;2;213;172;222;48;2;213;172;222m▀▀[48;2;156;139;189m▀[48;2;98;74;115m▀▀[38;2;16;16;16m▀[38;2;156;139;189;48;2;156;139;189m▀▀▀[38;2;213;172;222;48;2;213;172;222m▀▀[48;2;156;139;189m▀[38;2;156;139;189;48;2;213;172;222m▀[38;2;213;172;222m▀[38;2;156;139;189;48;2;156;139;189m▀[38;2;213;172;222;48;2;213;172;222m▀[38;2;156;139;189;48;2;156;139;189m▀[48;2;213;172;222m▀[38;2;213;172;222m▀▀▀[38;2;238;197;255;48;2;238;197;255m▀▀▀[38;2;246;222;255;48;2;246;222;255m▀▀▀▀▀▀▀▀[38;2;16;16;16;48;2;16;16;16m▀[0m
[0m               [38;2;98;74;115;48;2;16;16;16m▀[38;2;238;197;255;48;2;238;197;255m▀▀[38;2;16;16;16;48;2;98;74;115m▀[38;2;213;172;222;48;2;16;16;16m▀[48;2;213;172;222m▀▀▀[38;2;238;197;255m▀[48;2;238;197;255m▀[38;2;213;172;222;48;2;213;172;222m▀[38;2;156;139;189;48;2;98;74;115m▀[38;2;98;74;115;48;2;172;197;197m▀[38;2;230;230;230;48;2;230;230;230m▀▀[38;2;172;197;197;48;2;16;16;16m▀[38;2;98;74;115;48;2;172;197;197m▀[48;2;16;16;16m▀[38;2;156;139;189;48;2;98;74;115m▀[38;2;213;172;222;48;2;213;172;222m▀▀[38;2;156;139;189;48;2;156;139;189m▀[38;2;213;172;222;48;2;213;172;222m▀[38;2;156;139;189;48;2;98;74;115m▀[38;2;213;172;222m▀[38;2;98;74;115;48;2;213;172;222m▀▀▀▀▀▀▀▀▀▀[38;2;246;222;255;48;2;156;139;189m▀[48;2;98;74;115m▀▀[48;2;246;222;255m▀▀▀[38;2;98;74;115;48;2;16;16;16m▀[0m
[0m                [38;2;16;16;16m▀[38;2;98;74;115;48;2;98;74;115m▀[38;2;230;230;230;48;2;230;230;230m▀[38;2;98;74;115;48;2;98;74;115m▀[48;2;16;16;16m▀[38;2;213;172;222;48;2;213;172;222m▀▀▀▀▀[38;2;16;16;16;48;2;16;16;16m▀[38;2;172;197;197;48;2;172;197;197m▀[38;2;16;16;16;48;2;16;16;16m▀▀▀[38;2;172;197;197;48;2;172;197;197m▀[38;2;16;16;16;48;2;16;16;16m▀[38;2;156;139;189;48;2;213;172;222m▀[38;2;16;16;16;48;2;156;139;189m▀[38;2;213;172;222;48;2;16;16;16m▀[38;2;98;74;115;48;2;238;197;255m▀[48;2;213;172;222m▀[38;2;156;139;189m▀[38;2;213;172;222m▀▀[48;2;156;139;189m▀▀▀▀▀▀[48;2;213;172;222m▀▀[48;2;238;197;255m▀[48;2;246;222;255m▀[38;2;238;197;255m▀[38;2;246;222;255m▀[38;2;98;74;115m▀▀[38;2;16;16;16;48;2;98;74;115m▀[0m
[0m                 [38;2;98;74;115m▀[38;2;172;197;197;48;2;98;74;115m▀[48;2;172;197;197m▀[38;2;16;16;16;48;2;230;230;230m▀[48;2;172;197;197m▀[38;2;213;172;222;48;2;16;16;16m▀[48;2;213;172;222m▀▀▀[38;2;98;74;115m▀[48;2;98;74;115m▀[38;2;172;197;197;48;2;16;16;16m▀▀▀[38;2;98;74;115;48;2;98;74;115m▀[48;2;98;82;57m▀[38;2;213;172;222;48;2;156;139;189m▀[38;2;156;139;189m▀[38;2;16;16;16;48;2;16;16;16m▀[38;2;98;82;57;48;2;164;131;123m▀[38;2;156;139;189;48;2;98;82;57m▀[48;2;238;197;255m▀▀▀[38;2;213;172;222m▀▀▀▀▀[48;2;246;222;255m▀[38;2;156;139;189m▀▀▀[38;2;246;222;255;48;2;156;139;189m▀▀▀[48;2;246;222;255m▀▀▀[38;2;98;74;115m▀[49m▄[0m
[0m                   [38;2;98;74;115;48;2;98;74;115m▀[48;2;213;172;222m▀[38;2;16;16;16;48;2;156;139;189m▀[38;2;98;74;115;48;2;98;74;115m▀[38;2;16;16;16;48;2;16;16;16m▀[38;2;213;172;222;48;2;98;74;115m▀[48;2;213;172;222m▀[38;2;156;139;189;48;2;156;139;189m▀[48;2;230;230;230m▀[38;2;213;172;222;48;2;98;74;115m▀[38;2;98;74;115;48;2;16;16;16m▀[38;2;230;213;172;48;2;197;172;139m▀[38;2;98;82;57;48;2;16;16;16m▀[38;2;197;172;139;48;2;230;213;172m▀[38;2;98;82;57;48;2;98;82;57m▀[38;2;98;74;115;48;2;197;172;139m▀[38;2;98;82;57;48;2;98;82;57m▀[38;2;197;172;139;48;2;197;172;139m▀[38;2;164;131;123m▀[38;2;98;82;57;48;2;98;82;57m▀[38;2;156;139;189;48;2;238;197;255m▀▀▀▀▀▀[38;2;246;222;255;48;2;156;139;189m▀▀▀[48;2;246;222;255m▀▀▀▀▀[38;2;156;139;189m▀▀[38;2;246;222;255;48;2;156;139;189m▀▀[38;2;98;74;115;48;2;98;74;115m▀[0m
[0m                  [38;2;98;74;115;48;2;156;139;189m▀[38;2;213;172;222;48;2;213;172;222m▀▀[38;2;156;139;189;48;2;156;139;189m▀[38;2;238;197;255;48;2;238;197;255m▀[38;2;16;16;16;48;2;16;16;16m▀[38;2;230;230;230m▀[38;2;98;74;115;48;2;230;230;230m▀[48;2;16;16;16m▀[38;2;230;230;230m▀[38;2;246;222;255;48;2;230;230;230m▀[38;2;16;16;16;48;2;16;16;16m▀[48;2;98;82;57m▀[38;2;164;131;123;48;2;197;172;139m▀[38;2;197;172;139;48;2;16;16;16m▀[38;2;16;16;16;48;2;197;172;139m▀[38;2;230;213;172;48;2;16;16;16m▀[38;2;98;82;57;48;2;197;172;139m▀[38;2;197;172;139m▀[48;2;98;82;57m▀▀[38;2;98;82;57m▀[38;2;238;197;255;48;2;156;139;189m▀▀[48;2;238;197;255m▀▀▀[38;2;246;222;255m▀[48;2;246;222;255m▀▀[38;2;156;139;189m▀▀▀[38;2;246;222;255;48;2;156;139;189m▀▀[48;2;246;222;255m▀▀▀[38;2;98;74;115;48;2;16;16;16m▀[0m
[0m                 [38;2;98;74;115;48;2;16;16;16m▀[38;2;213;172;222;48;2;213;172;222m▀[48;2;238;197;255m▀[38;2;238;197;255;48;2;156;139;189m▀[38;2;156;139;189;48;2;238;197;255m▀[38;2;238;197;255m▀[48;2;156;139;189m▀[38;2;98;82;57;48;2;238;197;255m▀[38;2;16;16;16;48;2;16;16;16m▀[48;2;98;82;57m▀[48;2;197;172;139m▀[48;2;98;82;57m▀[48;2;16;16;16m▀[38;2;164;131;123m▀[38;2;16;16;16m▀[38;2;164;131;123m▀[38;2;16;16;16;48;2;164;131;123m▀[38;2;164;131;123;48;2;197;172;139m▀[38;2;197;172;139m▀▀[38;2;98;82;57;48;2;98;82;57m▀[38;2;197;172;139;48;2;197;172;139m▀[38;2;98;82;57m▀[48;2;98;82;57m▀[38;2;238;197;255;48;2;238;197;255m▀[38;2;156;139;189m▀▀[38;2;238;197;255;48;2;156;139;189m▀[48;2;238;197;255m▀[38;2;246;222;255m▀[48;2;246;222;255m▀▀▀▀▀▀[38;2;156;139;189m▀[38;2;246;222;255;48;2;16;16;16m▀[38;2;16;16;16;49m▀[0m
[0m                 [38;2;16;16;16m▀[38;2;213;172;222;48;2;98;74;115m▀[38;2;238;197;255;48;2;238;197;255m▀[38;2;156;139;189;48;2;156;139;189m▀[38;2;238;197;255;48;2;238;197;255m▀▀[38;2;156;139;189;48;2;213;172;222m▀[38;2;238;197;255m▀[48;2;238;197;255m▀▀[38;2;16;16;16;48;2;16;16;16m▀▀[38;2;164;131;123;48;2;98;82;57m▀[48;2;164;131;123m▀▀[48;2;98;82;57m▀▀[38;2;197;172;139;48;2;164;131;123m▀[38;2;16;16;16;48;2;16;16;16m▀[38;2;98;82;57;48;2;164;131;123m▀[38;2;197;172;139;48;2;197;172;139m▀[48;2;98;82;57m▀▀[38;2;98;82;57;48;2;164;131;123m▀[38;2;238;197;255;48;2;98;82;57m▀[48;2;238;197;255m▀▀▀[38;2;156;139;189m▀▀[38;2;246;222;255;48;2;156;139;189m▀[48;2;246;222;255m▀▀▀▀▀▀[38;2;98;74;115m▀[49m▄[0m
[0m                  [38;2;16;16;16m▀[38;2;238;197;255;48;2;16;16;16m▀[38;2;156;139;189;48;2;156;139;189m▀[38;2;238;197;255;48;2;238;197;255m▀▀▀[38;2;156;139;189m▀[38;2;238;197;255;48;2;156;139;189m▀[48;2;16;16;16m▀[38;2;16;16;16;49m▀[0m [38;2;16;16;16;48;2;16;16;16m▀[38;2;98;82;57;48;2;164;131;123m▀[38;2;164;131;123;48;2;98;82;57m▀[38;2;16;16;16;48;2;16;16;16m▀[38;2;164;131;123;48;2;164;131;123m▀[38;2;98;82;57m▀▀[38;2;164;131;123m▀[48;2;16;16;16m▀[38;2;98;82;57;48;2;164;131;123m▀[38;2;164;131;123m▀[38;2;98;82;57m▀[48;2;16;16;16m▀[38;2;238;197;255m▀▀[48;2;238;197;255m▀▀▀[38;2;246;222;255;48;2;246;222;255m▀[38;2;156;139;189m▀[38;2;246;222;255;48;2;98;74;115m▀▀[38;2;98;74;115;49m▀[38;2;213;172;222;48;2;16;16;16m▀[38;2;246;222;255;48;2;246;222;255m▀▀▀[38;2;98;74;115m▀[49m▄[0m
[0m                    [38;2;16;16;16m▀[38;2;98;74;115;48;2;16;16;16m▀[38;2;238;197;255;48;2;238;197;255m▀[38;2;156;139;189m▀[38;2;98;74;115;48;2;98;74;115m▀[38;2;16;16;16;49m▀[0m    [38;2;98;82;57;48;2;16;16;16m▀[38;2;164;131;123;48;2;164;131;123m▀[38;2;98;82;57m▀[38;2;164;131;123m▀[38;2;98;82;57;48;2;16;16;16m▀[48;2;164;131;123m▀[38;2;164;131;123;48;2;16;16;16m▀[38;2;98;82;57;48;2;164;131;123m▀[38;2;164;131;123m▀[48;2;98;82;57m▀[48;2;164;131;123m▀[38;2;16;16;16;48;2;16;16;16m▀[0m  [38;2;16;16;16m▀▀▀▀▀[0m    [38;2;98;74;115;48;2;16;16;16m▀[38;2;246;222;255;48;2;246;222;255m▀▀[48;2;16;16;16m▀[38;2;98;74;115;49m▀[0m
[0m                    [38;2;98;74;115;48;2;16;16;16m▀[38;2;238;197;255;48;2;238;197;255m▀▀▀[38;2;16;16;16;48;2;16;16;16m▀[0m      [38;2;16;16;16m▀[38;2;98;82;57;48;2;16;16;16m▀[38;2;16;16;16;48;2;164;131;123m▀▀[38;2;164;131;123m▀[48;2;16;16;16m▀[48;2;164;131;123m▀[38;2;98;82;57;48;2;16;16;16m▀[38;2;164;131;123;48;2;164;131;123m▀[38;2;98;82;57m▀[38;2;16;16;16;48;2;16;16;16m▀[0m            [38;2;16;16;16m▀▀[0m
[0m                     [38;2;16;16;16m▀▀▀[0m         [38;2;16;16;16m▀[38;2;98;82;57m▀[38;2;16;16;16;48;2;16;16;16m▀[38;2;164;131;123;48;2;98;82;57m▀[38;2;98;82;57;48;2;164;131;123m▀[38;2;16;16;16m▀[38;2;164;131;123m▀[38;2;98;82;57;48;2;16;16;16m▀[0m
[0m                                     [38;2;16;16;16m▀▀▀[0m
