[0m           [38;2;139;105;0m▄[48;2;255;230;131m▀[49m▄[0m         [38;2;139;105;0m▄[0m
[0m           [38;2;139;105;0;48;2;139;105;0m▀[38;2;255;230;131;48;2;255;230;131m▀[38;2;139;105;0;48;2;139;105;0m▀[0m        [38;2;139;105;0;48;2;139;105;0m▀[38;2;255;230;131;48;2;255;230;131m▀[38;2;139;105;0;48;2;139;105;0m▀[0m
[0m     [38;2;16;16;16m▄[48;2;16;16;16m▀▀▀[49m▄▄[38;2;139;105;0;48;2;139;105;0m▀[38;2;255;230;131;48;2;255;230;131m▀[38;2;139;105;0;48;2;139;105;0m▀[0m [38;2;205;164;0m▄▄▄[0m   [38;2;139;105;0;48;2;139;105;0m▀[38;2;255;230;131;48;2;255;230;131m▀[38;2;139;105;0;48;2;139;105;0m▀[0m [38;2;16;16;16m▄▄[48;2;16;16;16m▀▀▀▀[49m▄[0m
[0m     [38;2;16;16;16;48;2;16;16;16m▀▀[48;2;213;90;57m▀[48;2;255;115;82m▀[48;2;16;16;16m▀▀[38;2;139;105;0;48;2;139;105;0m▀[38;2;255;230;131;48;2;255;230;131m▀[38;2;139;105;0;48;2;205;164;0m▀[38;2;205;164;0;48;2;255;213;0m▀[38;2;255;213;0m▀[48;2;255;255;255m▀[38;2;255;255;255m▀[38;2;205;164;0m▀[49m▄[38;2;139;105;0m▄[48;2;255;230;131m▀[38;2;255;230;131;48;2;139;105;0m▀[38;2;139;105;0;48;2;16;16;16m▀[38;2;16;16;16m▀▀▀[48;2;213;90;57m▀▀[48;2;16;16;16m▀▀▀[0m
[0m     [38;2;16;16;16m▀[48;2;16;16;16m▀[38;2;213;90;57m▀[38;2;255;115;82;48;2;255;115;82m▀▀[38;2;16;16;16m▀[38;2;139;105;0;48;2;139;105;0m▀[38;2;255;230;131;48;2;255;230;131m▀[38;2;205;164;0;48;2;205;164;0m▀[48;2;255;213;0m▀[48;2;255;255;255m▀[38;2;255;213;0m▀▀[38;2;205;164;0;48;2;255;213;0m▀[48;2;205;164;0m▀[38;2;139;105;0;48;2;139;105;0m▀[38;2;255;230;131;48;2;255;230;131m▀[38;2;139;105;0;48;2;139;105;0m▀[38;2;16;16;16;48;2;16;16;16m▀▀[48;2;213;90;57m▀[38;2;213;90;57;48;2;255;115;82m▀[38;2;255;115;82m▀▀[38;2;16;16;16;48;2;16;16;16m▀▀▀[0m
[0m      [38;2;16;16;16;48;2;16;16;16m▀▀[38;2;213;90;57m▀[38;2;255;115;82;48;2;139;105;0m▀[38;2;139;105;0;48;2;255;230;131m▀[38;2;255;230;131;48;2;255;255;180m▀[48;2;255;230;131m▀[38;2;205;164;0;48;2;205;164;0m▀[48;2;255;255;255m▀[38;2;255;213;0m▀▀[38;2;205;164;0;48;2;255;213;0m▀▀[38;2;139;105;0;48;2;139;105;0m▀[38;2;222;189;57;48;2;255;230;131m▀[38;2;255;230;131m▀[38;2;139;105;0;48;2;222;189;57m▀[38;2;16;16;16m▀[38;2;213;90;57m▀▀[38;2;255;115;82m▀[48;2;255;115;82m▀[38;2;213;90;57;48;2;16;16;16m▀[38;2;16;16;16m▀▀▀[0m
[38;2;16;16;16;49m▄[38;2;139;105;0;48;2;255;230;131m▀▀[49m▄▄▄[0m [38;2;16;16;16;48;2;16;16;16m▀[48;2;139;105;0m▀[38;2;139;105;0;48;2;255;230;131m▀[38;2;255;230;131;48;2;255;255;180m▀[38;2;255;255;180m▀▀[38;2;205;164;0;48;2;205;164;0m▀[48;2;255;213;0m▀[38;2;255;213;0m▀[38;2;205;164;0m▀▀[48;2;139;105;0m▀[38;2;139;105;0;48;2;255;230;131m▀[38;2;255;255;180;48;2;255;255;180m▀[38;2;255;230;131m▀[48;2;255;230;131m▀▀[38;2;222;189;57m▀▀[48;2;222;189;57m▀▀[38;2;16;16;16m▀[48;2;16;16;16m▀▀[0m
[0m [38;2;16;16;16m▀▀[38;2;255;230;131;48;2;16;16;16m▀▀▀[38;2;139;105;0;48;2;255;230;131m▀[48;2;139;105;0m▀[48;2;255;230;131m▀[38;2;255;230;131m▀[48;2;139;105;0m▀[38;2;139;105;0;48;2;230;230;230m▀[38;2;255;255;180;48;2;139;105;0m▀[48;2;255;255;180m▀[38;2;205;164;0m▀[38;2;139;105;0m▀▀▀[38;2;255;255;180m▀▀▀[48;2;139;105;0m▀[38;2;255;230;131m▀▀[48;2;255;230;131m▀▀[38;2;222;189;57m▀[48;2;222;189;57m▀▀▀[38;2;16;16;16;48;2;139;105;0m▀[38;2;139;105;0;49m▄▄[48;2;255;230;131m▀▀▀▀[38;2;16;16;16;49m▄[0m
[0m [38;2;139;105;0m▄▄▄[0m  [38;2;16;16;16m▀[48;2;139;105;0m▀[38;2;255;230;131;48;2;255;230;131m▀[38;2;222;189;57;48;2;222;189;57m▀[38;2;255;255;255;48;2;255;255;255m▀[38;2;139;105;0;48;2;16;16;16m▀[38;2;255;255;255;48;2;255;255;255m▀[38;2;139;105;0;48;2;139;105;0m▀[38;2;255;255;180;48;2;255;255;180m▀▀▀▀▀[48;2;139;105;0m▀[38;2;139;105;0;48;2;255;255;255m▀[38;2;230;230;230;48;2;139;105;0m▀[38;2;255;255;255;48;2;255;255;255m▀▀[38;2;139;105;0;48;2;230;230;230m▀[38;2;255;230;131;48;2;139;105;0m▀[48;2;255;230;131m▀[38;2;139;105;0m▀▀▀[38;2;255;230;131;48;2;16;16;16m▀▀▀[38;2;16;16;16;49m▀[48;2;148;65;0m▀▀▀[38;2;148;65;0;49m▄[0m
[38;2;16;16;16;49m▀[38;2;255;230;131;48;2;16;16;16m▀▀▀[38;2;139;105;0;48;2;255;230;131m▀▀▀[48;2;139;105;0m▀[38;2;255;230;131;48;2;255;230;131m▀[38;2;222;189;57;48;2;222;189;57m▀[38;2;255;255;255;48;2;230;230;230m▀[38;2;16;16;16;48;2;16;16;16m▀[38;2;230;230;230;48;2;230;230;230m▀[38;2;139;105;0;48;2;139;105;0m▀[38;2;255;230;131;48;2;255;230;131m▀▀▀▀▀[38;2;139;105;0;48;2;139;105;0m▀[38;2;255;255;255;48;2;255;255;255m▀[38;2;16;16;16;48;2;16;16;16m▀[38;2;255;255;255;48;2;255;255;255m▀[48;2;230;230;230m▀[38;2;230;230;230m▀[38;2;139;105;0;48;2;139;105;0m▀[38;2;255;230;131;48;2;255;230;131m▀▀[38;2;16;16;16;48;2;222;189;57m▀▀[48;2;16;16;16m▀[0m [38;2;148;65;0m▄[48;2;139;105;0m▀[38;2;238;156;49m▀▀▀[48;2;238;156;49m▀[38;2;148;65;0m▀[49m▄[0m
[0m    [38;2;16;16;16m▀▀▀▀[38;2;139;105;0;48;2;139;105;0m▀[38;2;255;230;131;48;2;222;189;57m▀[38;2;222;189;57;48;2;255;230;131m▀▀[38;2;255;230;131;48;2;139;105;0m▀[48;2;255;230;131m▀▀▀▀▀▀▀[38;2;222;189;57m▀[38;2;16;16;16m▀[38;2;230;230;230;48;2;222;189;57m▀▀[38;2;139;105;0;48;2;255;230;131m▀[38;2;255;230;131m▀▀[38;2;139;105;0m▀▀▀▀▀▀[38;2;255;230;131;48;2;16;16;16m▀▀▀▀[38;2;16;16;16;48;2;148;65;0m▀[38;2;197;123;8;48;2;197;123;8m▀[38;2;148;65;0m▀[49m▄[0m
[0m         [38;2;139;105;0;48;2;16;16;16m▀[38;2;222;189;57;48;2;222;189;57m▀[38;2;255;230;131m▀[38;2;222;189;57m▀[38;2;139;105;0m▀[48;2;255;255;255m▀[38;2;16;16;16;48;2;213;90;57m▀▀[48;2;255;115;82m▀▀[38;2;139;105;0;48;2;255;255;255m▀[48;2;16;16;16m▀[38;2;255;230;131;48;2;255;230;131m▀▀▀[48;2;139;105;0m▀▀[38;2;222;189;57m▀[48;2;222;189;57m▀[38;2;16;16;16m▀[48;2;16;16;16m▀[49m▀[48;2;148;65;0m▀[48;2;197;123;8m▀[38;2;197;123;8m▀▀[38;2;148;65;0;48;2;148;65;0m▀[38;2;197;123;8;48;2;197;123;8m▀▀[38;2;148;65;0;48;2;16;16;16m▀[38;2;197;123;8;48;2;197;123;8m▀[38;2;148;65;0;48;2;16;16;16m▀[0m
[0m       [38;2;139;105;0m▄▄▄[38;2;16;16;16m▀▀[38;2;222;189;57;48;2;16;16;16m▀▀[38;2;139;105;0;48;2;222;189;57m▀[38;2;213;90;57;48;2;139;105;0m▀[38;2;255;115;82;48;2;255;115;82m▀▀▀[48;2;139;105;0m▀[38;2;139;105;0;48;2;222;189;57m▀[38;2;222;189;57m▀[48;2;139;105;0m▀[38;2;139;105;0;48;2;255;230;131m▀[38;2;255;230;131m▀[48;2;139;105;0m▀[48;2;255;230;131m▀[38;2;139;105;0m▀▀[49m▄[0m  [38;2;148;65;0m▀[38;2;197;123;8;48;2;16;16;16m▀[48;2;197;123;8m▀▀▀[48;2;16;16;16m▀[38;2;16;16;16;48;2;197;123;8m▀[38;2;197;123;8m▀[38;2;16;16;16;48;2;16;16;16m▀[0m
[0m    [38;2;139;105;0m▄[48;2;255;230;131m▀▀[38;2;255;230;131m▀[48;2;139;105;0m▀[48;2;255;230;131m▀[38;2;139;105;0m▀[49m▄[0m [38;2;139;105;0m▄[38;2;16;16;16;48;2;139;105;0m▀[38;2;222;189;57;48;2;16;16;16m▀[38;2;139;105;0;48;2;222;189;57m▀▀▀[38;2;222;189;57;48;2;16;16;16m▀▀▀[38;2;16;16;16;48;2;222;189;57m▀[38;2;255;230;131;48;2;16;16;16m▀[38;2;16;16;16m▀[38;2;255;230;131;48;2;255;230;131m▀▀[38;2;139;105;0;48;2;139;105;0m▀[38;2;255;230;131;48;2;255;230;131m▀[48;2;222;189;57m▀[38;2;139;105;0;48;2;16;16;16m▀[0m   [38;2;16;16;16m▀▀[48;2;16;16;16m▀[38;2;197;123;8;48;2;197;123;8m▀▀▀[38;2;16;16;16;48;2;16;16;16m▀[0m
[0m   [38;2;139;105;0;48;2;16;16;16m▀[38;2;255;230;131;48;2;222;189;57m▀[48;2;255;230;131m▀[38;2;139;105;0;48;2;139;105;0m▀[38;2;255;230;131;48;2;255;230;131m▀▀[38;2;16;16;16;48;2;16;16;16m▀[38;2;255;230;131m▀[38;2;16;16;16;48;2;255;230;131m▀[38;2;139;105;0m▀[38;2;255;230;131;48;2;139;105;0m▀[38;2;139;105;0;48;2;255;230;131m▀[38;2;255;230;131m▀[38;2;16;16;16m▀▀▀[38;2;222;189;57m▀[48;2;222;189;57m▀▀[48;2;16;16;16m▀[48;2;139;105;0m▀[48;2;222;189;57m▀[38;2;16;16;16m▀▀[48;2;139;105;0m▀[48;2;255;230;131m▀▀[38;2;255;230;131m▀[38;2;139;105;0;48;2;16;16;16m▀[0m   [38;2;16;16;16;48;2;16;16;16m▀[38;2;197;123;8;48;2;197;123;8m▀▀▀[38;2;16;16;16;48;2;16;16;16m▀[0m
[0m    [38;2;16;16;16m▀▀[48;2;139;105;0m▀[48;2;222;189;57m▀▀[38;2;222;189;57m▀▀▀[38;2;255;230;131m▀[38;2;139;105;0;48;2;139;105;0m▀[38;2;255;230;131;48;2;255;230;131m▀▀▀▀▀▀▀[38;2;222;189;57;48;2;222;189;57m▀▀[38;2;16;16;16m▀[48;2;16;16;16m▀[49m▀[38;2;222;189;57;48;2;16;16;16m▀▀▀▀[38;2;16;16;16;49m▀[0m  [38;2;139;105;0m▄[38;2;16;16;16;48;2;255;230;131m▀[38;2;197;123;8;48;2;238;156;49m▀[48;2;197;123;8m▀▀[38;2;16;16;16;48;2;16;16;16m▀[0m
[0m       [38;2;139;105;0m▀▀[38;2;222;189;57;48;2;139;105;0m▀[48;2;16;16;16m▀▀[38;2;139;105;0;48;2;139;105;0m▀[38;2;255;230;131;48;2;255;230;131m▀▀▀▀▀▀▀[48;2;222;189;57m▀[38;2;222;189;57m▀▀▀[38;2;16;16;16;48;2;139;105;0m▀[49m▄[0m    [38;2;139;105;0m▄▄[48;2;255;230;131m▀[38;2;255;230;131m▀▀▀[38;2;238;156;49;48;2;16;16;16m▀[38;2;16;16;16;49m▀[0m
[0m            [38;2;139;105;0;48;2;16;16;16m▀[38;2;255;230;131;48;2;222;189;57m▀[48;2;255;230;131m▀▀▀▀[48;2;222;189;57m▀▀[38;2;222;189;57m▀▀▀▀▀[38;2;16;16;16;48;2;16;16;16m▀[38;2;139;105;0;49m▄▄[48;2;222;189;57m▀▀[38;2;255;230;131m▀[48;2;255;230;131m▀[48;2;222;189;57m▀[48;2;16;16;16m▀[38;2;222;189;57m▀[38;2;16;16;16;49m▀[0m
[0m            [38;2;16;16;16m▀[38;2;139;105;0;48;2;16;16;16m▀[38;2;222;189;57;48;2;222;189;57m▀▀▀▀▀▀▀▀▀▀[48;2;139;105;0m▀[38;2;16;16;16;48;2;16;16;16m▀[38;2;222;189;57m▀▀▀▀[38;2;16;16;16;49m▀▀▀[0m
[0m             [38;2;16;16;16;48;2;16;16;16m▀[38;2;222;189;57;48;2;222;189;57m▀▀[48;2;139;105;0m▀[48;2;16;16;16m▀▀▀▀[48;2;139;105;0m▀[48;2;222;189;57m▀▀[38;2;16;16;16;48;2;16;16;16m▀[0m
[0m            [38;2;16;16;16;48;2;16;16;16m▀[38;2;139;105;0;48;2;222;189;57m▀[38;2;222;189;57m▀[48;2;16;16;16m▀[38;2;16;16;16;49m▀[0m    [38;2;16;16;16m▀[38;2;222;189;57;48;2;16;16;16m▀[48;2;222;189;57m▀[38;2;139;105;0m▀[38;2;16;16;16;48;2;16;16;16m▀[0m
[0m      [38;2;148;65;0m▄▄▄[38;2;139;105;0;48;2;197;123;8m▀▀[48;2;255;230;131m▀[38;2;255;230;131m▀▀[38;2;222;189;57;48;2;222;189;57m▀[38;2;16;16;16m▀[49m▄[0m     [38;2;16;16;16m▀[38;2;222;189;57;48;2;16;16;16m▀[48;2;222;189;57m▀▀[38;2;16;16;16m▀[49m▄▄▄[0m
[0m    [38;2;16;16;16m▄[38;2;148;65;0;48;2;197;123;8m▀[38;2;197;123;8;48;2;148;65;0m▀[38;2;148;65;0;48;2;197;123;8m▀[38;2;197;123;8;48;2;148;65;0m▀[38;2;148;65;0;48;2;197;123;8m▀[38;2;197;123;8m▀[38;2;238;156;49m▀[38;2;255;230;131;48;2;238;156;49m▀[48;2;16;16;16m▀▀[38;2;222;189;57m▀[38;2;16;16;16;49m▀[0m     [38;2;16;16;16;48;2;16;16;16m▀[38;2;222;189;57;48;2;222;189;57m▀[48;2;255;230;131m▀[38;2;255;230;131m▀▀[48;2;238;156;49m▀[38;2;197;123;8;48;2;197;123;8m▀[48;2;148;65;0m▀[38;2;16;16;16;48;2;197;123;8m▀[48;2;148;65;0m▀[48;2;197;123;8m▀[49m▄[0m
[0m    [38;2;16;16;16m▀[38;2;197;123;8;48;2;16;16;16m▀[38;2;16;16;16m▀[38;2;197;123;8m▀[38;2;16;16;16m▀[38;2;197;123;8m▀▀[38;2;16;16;16;49m▀▀[0m          [38;2;16;16;16m▀▀▀[38;2;238;156;49;48;2;16;16;16m▀[38;2;197;123;8m▀[48;2;197;123;8m▀▀[38;2;148;65;0;48;2;16;16;16m▀[38;2;197;123;8;48;2;197;123;8m▀[38;2;148;65;0;48;2;16;16;16m▀[38;2;197;123;8;48;2;197;123;8m▀[38;2;16;16;16;48;2;16;16;16m▀[0m
[0m                            [38;2;16;16;16m▀▀▀▀▀▀[0m
