[0m                 [38;2;16;16;16m▄▄[48;2;16;16;16m▀▀▀▀[49m▄[0m
[0m                [38;2;16;16;16;48;2;16;16;16m▀▀▀[48;2;155;125;34m▀[38;2;155;125;34m▀▀[38;2;16;16;16m▀[48;2;16;16;16m▀▀[0m
[38;2;16;16;16;49m▄[48;2;16;16;16m▀▀▀▀[49m▄[38;2;131;82;0m▄[0m       [38;2;131;82;0m▄[38;2;16;16;16;48;2;16;16;16m▀▀[48;2;155;125;34m▀[38;2;155;125;34m▀▀[48;2;189;164;74m▀▀[38;2;189;164;74m▀[38;2;16;16;16;48;2;16;16;16m▀▀[0m
[38;2;16;16;16;48;2;16;16;16m▀▀[38;2;155;125;34;48;2;155;125;34m▀▀[38;2;16;16;16m▀[48;2;16;16;16m▀[38;2;222;180;106m▀[38;2;131;82;0;48;2;222;180;106m▀[48;2;255;230;131m▀[49m▄▄▄[48;2;255;230;131m▀[48;2;222;180;106m▀[38;2;222;180;106;48;2;16;16;16m▀[38;2;16;16;16m▀[48;2;222;180;106m▀[38;2;155;125;34m▀▀[38;2;189;164;74;48;2;189;164;74m▀▀▀[48;2;155;125;34m▀[38;2;16;16;16;48;2;16;16;16m▀[0m
[0m [38;2;16;16;16;48;2;16;16;16m▀[38;2;131;82;0m▀[38;2;155;125;34;48;2;155;125;34m▀[48;2;189;164;74m▀▀[38;2;16;16;16;48;2;155;125;34m▀[48;2;16;16;16m▀[38;2;255;230;131;48;2;255;230;131m▀▀▀▀▀▀[38;2;16;16;16m▀[38;2;255;230;131m▀▀▀[38;2;222;180;106m▀[48;2;222;180;106m▀[38;2;189;164;74m▀▀[38;2;16;16;16;48;2;16;16;16m▀[0m   [38;2;155;125;34m▄[38;2;131;82;0m▄[38;2;16;16;16m▄[0m
[0m  [38;2;16;16;16m▀▀[38;2;189;164;74;48;2;16;16;16m▀▀[38;2;222;180;106;48;2;255;230;131m▀[38;2;255;230;131m▀[48;2;246;82;65m▀[38;2;246;82;65;48;2;255;255;255m▀[48;2;255;230;131m▀[38;2;255;230;131;48;2;164;16;0m▀[48;2;255;230;131m▀▀▀▀[48;2;155;125;34m▀[48;2;16;16;16m▀▀[48;2;255;230;131m▀[38;2;222;180;106;48;2;222;180;106m▀▀▀[38;2;16;16;16;48;2;131;82;0m▀[38;2;131;82;0;49m▄[48;2;255;230;131m▀[38;2;255;230;131;48;2;16;16;16m▀▀[38;2;16;16;16;49m▀[0m
[0m     [38;2;16;16;16m▀[38;2;255;230;131;48;2;16;16;16m▀[48;2;255;230;131m▀[38;2;246;82;65m▀[38;2;255;230;131;48;2;164;16;0m▀[38;2;246;82;65m▀[38;2;164;16;0;48;2;255;230;131m▀[38;2;255;230;131m▀▀[48;2;131;82;0m▀[38;2;131;82;0;48;2;222;222;222m▀[38;2;222;222;222;48;2;255;255;255m▀[48;2;222;222;222m▀[38;2;16;16;16;48;2;131;82;0m▀[38;2;222;180;106;48;2;222;180;106m▀▀[48;2;155;125;34m▀[38;2;131;82;0;48;2;255;230;131m▀[38;2;255;230;131;48;2;16;16;16m▀▀[38;2;16;16;16;49m▀[0m
[0m [38;2;16;16;16;48;2;16;16;16m▀[38;2;131;82;0;48;2;255;230;131m▀▀[49m▄▄[38;2;16;16;16;48;2;16;16;16m▀[38;2;131;82;0;48;2;222;222;222m▀[38;2;255;230;131;48;2;131;82;0m▀[48;2;255;230;131m▀▀▀▀[38;2;131;82;0;48;2;222;180;106m▀[38;2;255;255;255;48;2;255;255;255m▀[38;2;164;16;0;48;2;246;82;65m▀[38;2;255;255;255;48;2;255;255;255m▀▀[38;2;222;180;106;48;2;222;180;106m▀▀▀[38;2;16;16;16m▀[38;2;131;82;0m▀[38;2;16;16;16m▀[49m▄[38;2;131;82;0m▄▄▄▄▄[0m
[0m  [38;2;16;16;16m▀▀[38;2;222;180;106;48;2;16;16;16m▀▀[38;2;16;16;16m▀[38;2;255;255;255;48;2;222;180;106m▀[38;2;164;16;0;48;2;246;82;65m▀[38;2;222;180;106;48;2;222;180;106m▀[38;2;255;230;131;48;2;255;230;131m▀▀▀▀[38;2;222;180;106m▀[38;2;16;16;16m▀[38;2;222;180;106m▀▀[48;2;222;180;106m▀▀▀[38;2;155;125;34m▀[38;2;131;82;0;48;2;255;230;131m▀▀[38;2;155;125;34m▀[38;2;255;230;131;48;2;16;16;16m▀▀▀▀▀[38;2;16;16;16;49m▀[0m
[0m   [38;2;131;82;0m▄▄▄[38;2;16;16;16m▄[48;2;255;230;131m▀▀[38;2;255;230;131;48;2;16;16;16m▀▀[48;2;222;180;106m▀[48;2;255;230;131m▀▀▀▀▀[48;2;222;180;106m▀[38;2;222;180;106m▀▀[48;2;155;125;34m▀[38;2;16;16;16;48;2;131;82;0m▀▀[48;2;16;16;16m▀[49m▀[0m                            [38;2;131;82;0m▄▄[48;2;222;180;106m▀[48;2;255;230;131m▀▀▀▀▀[48;2;222;180;106m▀[49m▄▄[0m
[0m  [38;2;16;16;16m▀[38;2;255;230;131;48;2;16;16;16m▀▀[38;2;222;180;106m▀[38;2;16;16;16;48;2;222;180;106m▀[38;2;255;230;131;48;2;16;16;16m▀[48;2;222;180;106m▀[38;2;222;180;106m▀[38;2;131;82;0;48;2;16;16;16m▀[38;2;255;230;131m▀▀▀[38;2;222;180;106;48;2;255;255;255m▀[38;2;131;82;0;48;2;222;180;106m▀[38;2;222;180;106m▀▀▀▀[38;2;255;230;131;48;2;16;16;16m▀▀▀[38;2;131;82;0;48;2;255;230;131m▀▀▀[49m▄▄[0m                      [38;2;131;82;0m▄[48;2;222;180;106m▀[48;2;255;230;131m▀[38;2;222;180;106m▀[38;2;255;230;131m▀▀▀▀▀▀▀▀▀[38;2;222;180;106m▀[38;2;131;82;0;48;2;222;180;106m▀[38;2;16;16;16;49m▄[0m
[0m     [38;2;16;16;16m▄[48;2;222;180;106m▀[38;2;222;180;106;48;2;16;16;16m▀[38;2;16;16;16m▀[49m▀[38;2;222;180;106;48;2;16;16;16m▀[48;2;222;180;106m▀▀▀▀▀[48;2;16;16;16m▀[48;2;131;82;0m▀[38;2;155;125;34;48;2;222;180;106m▀[38;2;222;180;106m▀▀▀▀[38;2;16;16;16;48;2;131;82;0m▀[49m▀▀[38;2;255;230;131;48;2;16;16;16m▀▀[38;2;131;82;0m▀[0m                   [38;2;131;82;0m▄[48;2;255;230;131m▀[38;2;222;180;106m▀[38;2;255;230;131m▀[48;2;222;180;106m▀[48;2;16;16;16m▀[38;2;222;180;106m▀[38;2;16;16;16;49m▀▀▀▀▀[38;2;222;180;106;48;2;16;16;16m▀[48;2;222;180;106m▀[38;2;255;230;131m▀[48;2;255;230;131m▀▀[38;2;222;180;106m▀[38;2;16;16;16;48;2;222;180;106m▀[49m▄[0m
[0m     [38;2;16;16;16m▀▀[0m    [38;2;16;16;16m▀▀[48;2;16;16;16m▀[48;2;222;180;106m▀▀[38;2;222;180;106m▀▀▀▀▀▀▀▀[38;2;131;82;0m▀▀[49m▄▄[0m                   [38;2;131;82;0;48;2;131;82;0m▀[38;2;222;180;106;48;2;255;230;131m▀[38;2;255;230;131m▀[48;2;222;180;106m▀[38;2;222;180;106;48;2;16;16;16m▀[38;2;16;16;16;49m▀[0m     [38;2;16;16;16m▄[48;2;131;82;0m▀[48;2;255;230;131m▀▀[48;2;222;180;106m▀[38;2;222;180;106;48;2;16;16;16m▀[38;2;255;230;131;48;2;222;180;106m▀[48;2;255;230;131m▀▀[38;2;16;16;16;48;2;222;180;106m▀[49m▄[0m
[0m             [38;2;16;16;16;48;2;16;16;16m▀[38;2;222;180;106;48;2;222;180;106m▀▀▀▀▀▀▀▀▀▀[48;2;255;230;131m▀[38;2;255;230;131m▀▀[38;2;222;180;106m▀[38;2;131;82;0m▀▀▀▀[49m▄▄[38;2;16;16;16m▄▄▄▄[0m        [38;2;131;82;0;48;2;131;82;0m▀[38;2;222;180;106;48;2;255;230;131m▀[38;2;255;230;131m▀[48;2;222;180;106m▀[38;2;16;16;16;48;2;16;16;16m▀[0m      [38;2;16;16;16m▄[48;2;255;230;131m▀[38;2;255;230;131m▀▀▀▀[38;2;222;180;106m▀[38;2;16;16;16;48;2;16;16;16m▀[38;2;255;230;131;48;2;255;230;131m▀▀▀[38;2;16;16;16;48;2;16;16;16m▀[0m
[0m             [38;2;16;16;16;48;2;16;16;16m▀[38;2;222;180;106;48;2;222;180;106m▀▀▀▀▀▀▀▀▀[38;2;255;230;131;48;2;255;230;131m▀▀▀▀▀▀▀▀▀▀▀▀▀▀[38;2;222;180;106m▀[38;2;16;16;16m▀▀▀[48;2;222;180;106m▀[49m▄▄[38;2;131;82;0m▄[48;2;222;180;106m▀[38;2;222;180;106m▀▀▀[38;2;16;16;16;48;2;16;16;16m▀[0m       [38;2;16;16;16;48;2;16;16;16m▀[38;2;255;230;131;48;2;222;180;106m▀[48;2;255;230;131m▀▀▀[48;2;222;180;106m▀[48;2;131;82;0m▀[38;2;16;16;16;48;2;16;16;16m▀[38;2;255;230;131;48;2;255;230;131m▀▀[48;2;222;180;106m▀[38;2;16;16;16;48;2;16;16;16m▀[0m
[0m            [38;2;16;16;16;48;2;16;16;16m▀[38;2;222;180;106;48;2;222;180;106m▀▀▀▀▀▀▀▀▀[38;2;255;230;131;48;2;255;230;131m▀▀▀▀▀▀▀▀▀▀▀▀▀▀▀▀▀▀▀▀▀[38;2;222;180;106m▀[38;2;16;16;16m▀[48;2;222;180;106m▀[38;2;222;180;106;48;2;16;16;16m▀▀[38;2;16;16;16;49m▀[0m         [38;2;16;16;16;48;2;16;16;16m▀[38;2;255;230;131;48;2;222;180;106m▀[48;2;255;230;131m▀[38;2;16;16;16m▀▀▀[38;2;255;230;131m▀▀[48;2;222;180;106m▀[38;2;16;16;16;48;2;16;16;16m▀[0m
[0m            [38;2;16;16;16;48;2;16;16;16m▀[38;2;222;180;106;48;2;222;180;106m▀[48;2;131;82;0m▀[48;2;222;180;106m▀▀▀▀▀▀▀[48;2;255;230;131m▀[38;2;255;230;131;48;2;222;180;106m▀[48;2;255;230;131m▀▀▀▀▀▀▀▀▀▀▀▀▀▀▀▀▀▀▀▀▀▀[38;2;222;180;106m▀[38;2;16;16;16;48;2;16;16;16m▀[0m           [38;2;16;16;16m▀▀[38;2;255;230;131;48;2;16;16;16m▀▀▀[38;2;222;180;106m▀[38;2;16;16;16;49m▀▀[0m
[0m            [38;2;16;16;16;48;2;16;16;16m▀[38;2;222;180;106;48;2;222;180;106m▀[38;2;131;82;0;48;2;131;82;0m▀[38;2;222;180;106;48;2;222;180;106m▀▀▀▀▀▀▀[48;2;255;230;131m▀[38;2;255;230;131;48;2;222;180;106m▀[38;2;222;180;106;48;2;255;230;131m▀[38;2;255;230;131m▀▀▀▀▀▀▀▀▀▀▀▀▀▀▀▀▀▀▀▀▀▀[38;2;222;180;106;48;2;222;180;106m▀[38;2;16;16;16;48;2;16;16;16m▀[0m
[0m             [38;2;16;16;16;48;2;16;16;16m▀[38;2;222;180;106;48;2;222;180;106m▀[38;2;131;82;0;48;2;131;82;0m▀[38;2;222;180;106;48;2;222;180;106m▀▀▀▀▀▀▀[38;2;255;230;131m▀[38;2;222;180;106m▀[38;2;255;230;131m▀[48;2;255;230;131m▀▀▀[48;2;222;180;106m▀[48;2;255;230;131m▀▀▀▀▀▀[38;2;131;82;0;48;2;222;180;106m▀[38;2;255;230;131;48;2;131;82;0m▀[48;2;255;230;131m▀▀▀▀▀▀▀▀▀[38;2;222;180;106;48;2;222;180;106m▀▀[38;2;16;16;16;48;2;16;16;16m▀[0m
[0m             [38;2;16;16;16m▀[38;2;222;180;106;48;2;16;16;16m▀[48;2;222;180;106m▀[38;2;131;82;0m▀[38;2;222;180;106;48;2;131;82;0m▀[48;2;222;180;106m▀[48;2;131;82;0m▀[48;2;222;180;106m▀▀▀▀▀▀▀[38;2;255;230;131m▀[38;2;16;16;16;48;2;16;16;16m▀[38;2;255;230;131;48;2;222;180;106m▀[48;2;255;230;131m▀▀▀[48;2;222;180;106m▀[38;2;222;180;106;48;2;16;16;16m▀▀▀[38;2;131;82;0;48;2;131;82;0m▀[38;2;255;230;131;48;2;255;230;131m▀▀▀▀▀▀▀▀[48;2;222;180;106m▀[38;2;222;180;106m▀▀[38;2;16;16;16;48;2;16;16;16m▀[0m
[0m              [38;2;16;16;16m▀[38;2;222;180;106;48;2;16;16;16m▀[48;2;222;180;106m▀▀[38;2;131;82;0m▀[38;2;16;16;16;48;2;16;16;16m▀[38;2;222;180;106;48;2;222;180;106m▀▀▀▀▀▀▀▀[38;2;16;16;16;48;2;16;16;16m▀[38;2;222;180;106m▀▀[38;2;16;16;16;49m▀[48;2;16;16;16m▀[48;2;222;180;106m▀[38;2;222;180;106m▀▀▀[38;2;16;16;16m▀[38;2;222;180;106;48;2;16;16;16m▀[38;2;255;230;131;48;2;255;230;131m▀▀▀▀▀▀[48;2;222;180;106m▀[38;2;222;180;106m▀▀[48;2;16;16;16m▀[38;2;16;16;16;49m▀[0m
[0m               [38;2;16;16;16;48;2;16;16;16m▀[38;2;222;180;106;48;2;222;180;106m▀▀▀[38;2;16;16;16m▀[38;2;222;180;106;48;2;16;16;16m▀[48;2;222;180;106m▀▀▀▀▀▀▀[38;2;16;16;16;48;2;16;16;16m▀[0m   [38;2;16;16;16;48;2;16;16;16m▀[38;2;222;180;106;48;2;222;180;106m▀▀▀▀▀[38;2;16;16;16;48;2;16;16;16m▀[38;2;222;180;106;48;2;222;180;106m▀[38;2;255;230;131m▀▀▀[38;2;222;180;106m▀▀▀▀▀[38;2;16;16;16;48;2;16;16;16m▀[0m
[0m               [38;2;16;16;16;48;2;16;16;16m▀[38;2;222;180;106;48;2;222;180;106m▀▀▀▀[38;2;16;16;16;48;2;16;16;16m▀[38;2;222;180;106;48;2;222;180;106m▀▀▀▀▀▀[38;2;16;16;16;48;2;16;16;16m▀[0m     [38;2;16;16;16;48;2;16;16;16m▀[38;2;222;180;106;48;2;222;180;106m▀▀▀▀▀[38;2;16;16;16;48;2;16;16;16m▀[38;2;222;180;106;48;2;222;180;106m▀▀▀▀▀▀▀▀[38;2;16;16;16;48;2;16;16;16m▀[0m
[0m               [38;2;16;16;16m▀[38;2;222;180;106;48;2;16;16;16m▀[48;2;222;180;106m▀▀▀[38;2;16;16;16m▀[38;2;222;180;106;48;2;16;16;16m▀[48;2;222;180;106m▀▀▀▀▀[38;2;16;16;16;48;2;16;16;16m▀[0m      [38;2;16;16;16m▀[38;2;222;180;106;48;2;16;16;16m▀[48;2;222;180;106m▀▀▀▀[38;2;16;16;16m▀[38;2;222;180;106;48;2;16;16;16m▀▀[48;2;222;180;106m▀▀▀▀▀▀[38;2;16;16;16;48;2;16;16;16m▀[0m
[0m                [38;2;16;16;16;48;2;16;16;16m▀[38;2;222;180;106;48;2;222;180;106m▀▀▀▀[38;2;16;16;16;48;2;16;16;16m▀[38;2;222;180;106;48;2;222;180;106m▀▀▀▀▀[38;2;16;16;16;48;2;16;16;16m▀[0m       [38;2;16;16;16;48;2;16;16;16m▀[38;2;222;180;106;48;2;222;180;106m▀▀▀▀[48;2;16;16;16m▀[38;2;16;16;16;49m▀[0m [38;2;16;16;16m▀[38;2;222;180;106;48;2;16;16;16m▀[48;2;222;180;106m▀▀▀▀▀[38;2;16;16;16;48;2;16;16;16m▀[0m
[0m                [38;2;16;16;16;48;2;16;16;16m▀[38;2;222;180;106;48;2;222;180;106m▀▀▀▀[38;2;16;16;16;48;2;16;16;16m▀[38;2;222;180;106;48;2;222;180;106m▀▀▀▀▀[38;2;16;16;16;48;2;16;16;16m▀[0m      [38;2;16;16;16m▄[48;2;222;180;106m▀[38;2;222;180;106m▀▀▀▀[38;2;16;16;16;48;2;16;16;16m▀[0m   [38;2;16;16;16;48;2;16;16;16m▀[38;2;222;180;106;48;2;222;180;106m▀▀▀▀▀[38;2;16;16;16;48;2;16;16;16m▀[0m
[0m                [38;2;16;16;16;48;2;16;16;16m▀[38;2;222;180;106;48;2;222;180;106m▀▀▀▀[38;2;16;16;16;48;2;16;16;16m▀[38;2;222;180;106;48;2;222;180;106m▀▀▀▀▀[38;2;16;16;16;48;2;16;16;16m▀[0m    [38;2;16;16;16m▄[48;2;222;180;106m▀▀[38;2;222;180;106m▀▀▀▀[38;2;16;16;16;48;2;16;16;16m▀[0m    [38;2;16;16;16;48;2;16;16;16m▀[38;2;222;180;106;48;2;222;180;106m▀▀▀▀[38;2;16;16;16;48;2;16;16;16m▀[0m
[0m              [38;2;16;16;16m▄▄[48;2;255;230;131m▀[38;2;255;230;131m▀▀[38;2;222;180;106m▀[48;2;16;16;16m▀[38;2;16;16;16;48;2;222;180;106m▀[38;2;222;180;106m▀▀▀▀▀[38;2;16;16;16;48;2;16;16;16m▀[0m    [38;2;16;16;16;48;2;16;16;16m▀[38;2;222;180;106;48;2;222;180;106m▀[38;2;131;82;0;48;2;131;82;0m▀[38;2;222;180;106;48;2;222;180;106m▀▀[48;2;16;16;16m▀[38;2;16;16;16;49m▀[0m    [38;2;16;16;16;48;2;16;16;16m▀[38;2;222;180;106;48;2;222;180;106m▀▀▀▀[48;2;16;16;16m▀[38;2;16;16;16;49m▀[0m
[0m             [38;2;16;16;16;48;2;16;16;16m▀[38;2;222;180;106;48;2;222;180;106m▀[48;2;131;82;0m▀[38;2;131;82;0;48;2;222;180;106m▀[38;2;222;180;106;48;2;16;16;16m▀[38;2;16;16;16;48;2;222;180;106m▀[48;2;255;230;131m▀[38;2;255;230;131m▀▀▀▀[38;2;222;180;106m▀[48;2;222;180;106m▀[48;2;16;16;16m▀[38;2;16;16;16;49m▀[0m     [38;2;16;16;16m▀▀▀▀[0m    [38;2;16;16;16m▄[48;2;222;180;106m▀[38;2;222;180;106m▀▀▀▀▀[38;2;16;16;16;48;2;16;16;16m▀[0m
[0m             [38;2;16;16;16m▀[38;2;222;180;106;48;2;16;16;16m▀[38;2;131;82;0m▀[38;2;222;180;106m▀[38;2;16;16;16m▀[38;2;222;180;106;48;2;222;180;106m▀[48;2;131;82;0m▀[38;2;131;82;0;48;2;222;180;106m▀[38;2;222;180;106m▀[48;2;131;82;0m▀[38;2;131;82;0;48;2;222;180;106m▀[38;2;222;180;106m▀▀[38;2;16;16;16;48;2;16;16;16m▀[0m              [38;2;16;16;16;48;2;16;16;16m▀[38;2;222;180;106;48;2;222;180;106m▀[38;2;131;82;0;48;2;131;82;0m▀[38;2;222;180;106;48;2;222;180;106m▀[38;2;131;82;0;48;2;131;82;0m▀[38;2;222;180;106;48;2;222;180;106m▀[48;2;16;16;16m▀[38;2;16;16;16;49m▀[0m
[0m                  [38;2;16;16;16m▀▀[38;2;222;180;106;48;2;16;16;16m▀▀[38;2;131;82;0m▀[38;2;222;180;106m▀▀[38;2;16;16;16;49m▀[0m                [38;2;16;16;16m▀▀▀▀▀[0m
