[0m                   [38;2;123;123;123;48;2;123;123;123m▀[38;2;16;16;16;48;2;16;16;16m▀[0m  [38;2;123;123;123;48;2;16;16;16m▀[38;2;16;16;16m▀[0m
[0m                   [38;2;16;16;16;48;2;16;16;16m▀▀[0m [38;2;123;123;123;48;2;16;16;16m▀[38;2;16;16;16;49m▀[0m
[0m      [38;2;148;90;16m▄[0m [38;2;148;90;16m▄[0m  [38;2;148;90;16m▄▄▄▄▄▄▄▄[0m [38;2;16;16;16;48;2;16;16;16m▀▀[49m▀[38;2;123;123;123;48;2;16;16;16m▀▀[38;2;16;16;16m▀[0m
[0m     [38;2;148;90;16;48;2;148;90;16m▀[38;2;230;164;82;48;2;230;164;82m▀[38;2;148;90;16;48;2;16;16;16m▀[38;2;230;164;82m▀[38;2;16;16;16;48;2;255;213;74m▀▀[38;2;255;213;74;48;2;252;228;156m▀▀▀▀[48;2;255;213;74m▀▀▀▀[38;2;148;90;16m▀▀[38;2;16;16;16;48;2;148;90;16m▀▀[49m▀[0m
[0m   [38;2;148;90;16m▄[48;2;230;164;82m▀[38;2;230;164;82;48;2;16;16;16m▀[38;2;16;16;16;48;2;255;213;74m▀[38;2;255;213;74m▀▀▀[38;2;252;228;156m▀[48;2;252;228;156m▀▀▀▀[48;2;255;213;74m▀[38;2;255;213;74m▀▀▀▀▀▀▀[38;2;148;90;16m▀[49m▄[38;2;16;16;16m▄[0m
[0m [38;2;148;90;16m▄[48;2;230;164;82m▀[38;2;230;164;82m▀[48;2;16;16;16m▀[38;2;16;16;16;48;2;222;180;82m▀[38;2;222;180;82;48;2;255;255;255m▀▀▀[38;2;255;213;74;48;2;222;180;82m▀[48;2;255;213;74m▀▀▀▀▀▀▀[48;2;222;180;82m▀▀▀▀[48;2;255;213;74m▀[48;2;148;90;16m▀[48;2;16;16;16m▀[38;2;148;90;16;48;2;255;213;74m▀[38;2;255;213;74m▀[38;2;16;16;16m▀[38;2;148;90;16m▀[38;2;16;16;16;48;2;16;16;16m▀[0m
[38;2;148;90;16;49m▄[48;2;230;164;82m▀[38;2;230;164;82m▀▀[38;2;16;16;16;48;2;16;16;16m▀[38;2;255;255;255;48;2;255;255;255m▀▀[38;2;16;16;16m▀[38;2;255;255;255m▀▀[38;2;222;180;82;48;2;222;180;82m▀[38;2;255;213;74;48;2;255;213;74m▀▀▀▀[48;2;222;180;82m▀[38;2;222;180;82;48;2;255;255;255m▀[38;2;255;255;255m▀[48;2;16;16;16m▀[48;2;255;255;255m▀▀[38;2;222;180;82m▀[38;2;148;90;16;48;2;222;180;82m▀[38;2;255;213;74;48;2;148;90;16m▀[48;2;255;213;74m▀▀▀[38;2;16;16;16;48;2;16;16;16m▀[0m
[38;2;148;90;16;48;2;148;90;16m▀[38;2;230;164;82;48;2;230;164;82m▀▀▀[38;2;16;16;16;48;2;16;16;16m▀[38;2;222;180;82;48;2;230;164;82m▀[38;2;255;255;255;48;2;222;180;82m▀▀▀[38;2;222;180;82;48;2;131;90;0m▀[38;2;131;90;0;48;2;255;238;189m▀▀▀[38;2;255;213;74;48;2;131;90;0m▀[48;2;255;213;74m▀[38;2;222;180;82m▀[38;2;255;255;255;48;2;222;180;82m▀[48;2;255;255;255m▀▀▀▀[48;2;222;180;82m▀[38;2;222;180;82;48;2;230;164;82m▀[38;2;16;16;16;48;2;16;16;16m▀[38;2;255;213;74;48;2;255;213;74m▀▀▀▀[38;2;16;16;16;48;2;16;16;16m▀[0m
[38;2;148;90;16;49m▀[38;2;230;164;82;48;2;148;90;16m▀[48;2;230;164;82m▀▀▀[38;2;16;16;16;48;2;131;90;0m▀[38;2;230;164;82m▀[38;2;131;90;0;48;2;255;238;189m▀[48;2;222;180;82m▀[38;2;222;180;82;48;2;255;238;189m▀[38;2;255;238;189m▀[48;2;222;180;82m▀[38;2;222;180;82;48;2;131;90;0m▀[48;2;222;180;82m▀[38;2;131;90;0;48;2;252;228;156m▀[38;2;230;164;82;48;2;131;90;0m▀▀[38;2;222;180;82m▀[48;2;230;164;82m▀▀▀[38;2;230;164;82m▀▀[38;2;16;16;16;48;2;16;16;16m▀[38;2;255;213;74;48;2;255;213;74m▀▀▀▀▀[38;2;16;16;16;48;2;16;16;16m▀[0m
[0m [38;2;148;90;16m▀[38;2;230;164;82;48;2;131;90;0m▀[38;2;131;90;0;48;2;255;238;189m▀▀[38;2;255;238;189m▀▀▀▀▀[38;2;222;180;82m▀[38;2;131;90;0m▀[38;2;222;180;82m▀[38;2;252;228;156m▀[38;2;255;238;189m▀▀[38;2;252;228;156;48;2;252;228;156m▀[38;2;222;180;82;48;2;222;180;82m▀[38;2;16;16;16;48;2;16;16;16m▀[38;2;230;164;82;48;2;230;164;82m▀▀▀[48;2;16;16;16m▀[38;2;16;16;16;48;2;255;213;74m▀[38;2;255;213;74m▀▀▀▀▀[38;2;16;16;16m▀[49m▄[0m
[0m [38;2;131;90;0;48;2;131;90;0m▀[38;2;255;238;189;48;2;255;238;189m▀▀▀▀▀▀▀▀▀▀▀▀▀[38;2;252;228;156;48;2;222;180;82m▀[38;2;222;180;82;48;2;16;16;16m▀[38;2;16;16;16;48;2;230;164;82m▀[38;2;230;164;82m▀[48;2;148;90;16m▀▀▀[38;2;16;16;16;48;2;16;16;16m▀[38;2;255;213;74;48;2;255;213;74m▀▀▀▀▀▀▀[38;2;16;16;16;48;2;16;16;16m▀[0m
[0m [38;2;16;16;16;48;2;16;16;16m▀[38;2;255;238;189;48;2;222;180;82m▀[48;2;255;238;189m▀▀▀▀▀▀▀▀▀▀▀[38;2;252;228;156;48;2;222;180;82m▀[38;2;222;180;82;48;2;16;16;16m▀[38;2;16;16;16;48;2;230;164;82m▀[38;2;148;90;16m▀▀[38;2;230;164;82m▀▀▀[38;2;16;16;16;48;2;148;90;16m▀[38;2;230;164;82;48;2;230;164;82m▀▀[38;2;255;213;74m▀▀▀[38;2;230;164;82m▀[48;2;16;16;16m▀[38;2;16;16;16;49m▀[0m
[0m  [38;2;16;16;16m▀[38;2;222;180;82;48;2;16;16;16m▀▀[38;2;255;238;189;48;2;222;180;82m▀▀▀▀▀▀▀[38;2;252;228;156m▀[38;2;222;180;82;48;2;16;16;16m▀▀[38;2;16;16;16;48;2;230;164;82m▀[38;2;230;164;82m▀▀▀▀▀▀[38;2;148;90;16m▀[38;2;230;164;82;48;2;148;90;16m▀[48;2;230;164;82m▀▀▀▀[48;2;16;16;16m▀[38;2;16;16;16;49m▀[0m
[0m  [38;2;148;90;16m▄[48;2;255;213;74m▀[38;2;255;213;74m▀[38;2;16;16;16m▀▀▀▀▀▀▀▀[38;2;230;164;82m▀▀[48;2;230;164;82m▀▀▀▀▀▀▀▀▀▀[48;2;148;90;16m▀[48;2;16;16;16m▀[38;2;16;16;16;48;2;148;90;16m▀[0m
[0m  [38;2;148;90;16;48;2;148;90;16m▀[38;2;255;213;74;48;2;255;213;74m▀▀▀▀▀▀▀▀▀▀▀▀▀▀[38;2;230;164;82m▀▀[48;2;230;164;82m▀▀▀▀▀▀▀▀[38;2;148;90;16;48;2;148;90;16m▀[0m
[0m [38;2;148;90;16;48;2;148;90;16m▀[38;2;255;213;74;48;2;255;213;74m▀▀▀▀▀▀▀▀▀▀▀▀▀▀▀▀▀▀▀[38;2;230;164;82m▀▀[48;2;230;164;82m▀▀▀▀▀[38;2;148;90;16;48;2;148;90;16m▀[49m▄▄[48;2;230;164;82m▀▀[49m▄[0m
[0m [38;2;148;90;16;48;2;148;90;16m▀[38;2;255;213;74;48;2;255;213;74m▀▀▀▀▀▀▀▀▀▀▀▀▀▀▀▀▀▀▀▀▀[48;2;230;164;82m▀[38;2;230;164;82m▀▀▀▀[38;2;148;90;16;48;2;148;90;16m▀[38;2;230;164;82;48;2;230;164;82m▀▀▀[48;2;148;90;16m▀[38;2;148;90;16;49m▀[0m
[0m [38;2;148;90;16m▀[38;2;255;213;74;48;2;148;90;16m▀[48;2;230;164;82m▀[48;2;255;213;74m▀▀▀▀▀▀▀▀▀▀▀▀▀▀[48;2;230;164;82m▀▀▀[38;2;230;164;82m▀▀▀▀▀▀[38;2;148;90;16;48;2;16;16;16m▀[38;2;230;164;82;48;2;230;164;82m▀▀▀[48;2;148;90;16m▀[38;2;148;90;16;49m▀[0m
[0m  [38;2;148;90;16m▀[38;2;230;164;82;48;2;16;16;16m▀[48;2;230;164;82m▀▀[38;2;255;213;74m▀▀▀▀▀▀▀▀[38;2;230;164;82m▀▀▀▀▀▀▀▀▀▀▀▀[38;2;148;90;16;48;2;16;16;16m▀[38;2;230;164;82;48;2;230;164;82m▀[48;2;148;90;16m▀[38;2;148;90;16;49m▀▀[0m
[0m [38;2;131;90;0m▄▄▄[38;2;16;16;16;48;2;222;180;82m▀▀[38;2;230;164;82;48;2;16;16;16m▀▀[48;2;230;164;82m▀▀▀▀▀▀▀▀▀▀▀▀▀▀▀[48;2;16;16;16m▀▀[38;2;16;16;16;49m▀[38;2;148;90;16m▀▀[0m
[38;2;131;90;0;49m▀[38;2;255;238;189;48;2;16;16;16m▀▀[48;2;255;238;189m▀▀[38;2;222;180;82m▀▀[48;2;222;180;82m▀[38;2;16;16;16m▀▀[38;2;230;164;82;48;2;16;16;16m▀▀▀▀▀▀▀▀▀▀[38;2;16;16;16;48;2;222;180;82m▀▀▀[38;2;222;180;82m▀▀[38;2;16;16;16m▀▀[49m▄▄[0m
[0m   [38;2;131;90;0;48;2;16;16;16m▀[38;2;255;238;189m▀[38;2;16;16;16;49m▀▀▀[38;2;222;180;82;48;2;16;16;16m▀[38;2;16;16;16;49m▀[0m         [38;2;131;90;0;48;2;131;90;0m▀[38;2;222;180;82;48;2;255;238;189m▀[38;2;255;238;189;48;2;16;16;16m▀[48;2;131;90;0m▀[48;2;255;238;189m▀▀[48;2;16;16;16m▀[48;2;131;90;0m▀▀[38;2;222;180;82m▀[38;2;16;16;16;49m▀[0m
[0m                    [38;2;16;16;16m▀[0m  [38;2;131;90;0m▀▀[38;2;16;16;16m▀[0m
