[0m                             [38;2;49;82;106m▄[48;2;139;172;213m▀[38;2;16;16;16;49m▄[0m     [38;2;49;82;106m▄▄[0m
[0m                      [38;2;49;82;106m▄[38;2;16;16;16;48;2;123;123;180m▀[49m▄[0m   [38;2;49;82;106m▄[48;2;139;172;213m▀[38;2;139;172;213m▀[38;2;16;16;16;48;2;16;16;16m▀[0m   [38;2;49;82;106m▄[48;2;139;172;213m▀[38;2;139;172;213m▀[38;2;16;16;16;48;2;16;16;16m▀[0m
[0m                      [38;2;49;82;106;48;2;49;82;106m▀[38;2;123;123;180;48;2;123;123;180m▀[38;2;16;16;16m▀[49m▄[0m [38;2;49;82;106m▄[48;2;139;172;213m▀[38;2;139;172;213m▀▀[38;2;16;16;16;48;2;16;16;16m▀[0m [38;2;49;82;106m▄[48;2;139;172;213m▀[38;2;139;172;213m▀▀[48;2;16;16;16m▀[38;2;16;16;16;49m▀[0m
[0m                     [38;2;49;82;106;48;2;49;82;106m▀[38;2;123;123;180;48;2;123;123;180m▀▀▀[48;2;164;197;255m▀[38;2;16;16;16m▀[38;2;49;82;106m▀[38;2;139;172;213;48;2;139;172;213m▀▀[48;2;49;82;106m▀[38;2;49;82;106;48;2;139;172;213m▀▀[38;2;139;172;213m▀▀▀▀[38;2;16;16;16;48;2;16;16;16m▀[0m
[0m                     [38;2;49;82;106;48;2;49;82;106m▀[38;2;123;123;180;48;2;164;197;255m▀[38;2;164;197;255m▀▀▀▀▀▀[38;2;139;172;213;48;2;139;172;213m▀▀▀▀▀▀▀[38;2;16;16;16;48;2;49;82;106m▀[38;2;49;82;106;49m▄▄[48;2;139;172;213m▀[48;2;123;123;180m▀▀[48;2;16;16;16m▀[0m
[0m                    [38;2;16;16;16m▄[38;2;49;82;106;48;2;164;197;255m▀[38;2;164;197;255m▀▀▀▀▀▀[48;2;139;172;213m▀[38;2;139;172;213m▀▀▀▀▀▀▀▀▀[48;2;123;123;180m▀[38;2;123;123;180m▀[48;2;16;16;16m▀[38;2;16;16;16;49m▀[0m
[0m                    [38;2;16;16;16;48;2;16;16;16m▀[38;2;164;197;255m▀[48;2;139;172;213m▀[48;2;226;37;37m▀[38;2;226;37;37;48;2;255;255;255m▀[48;2;139;0;0m▀[38;2;164;197;255;48;2;139;172;213m▀[38;2;139;172;213m▀▀▀[48;2;16;16;16m▀▀[48;2;139;172;213m▀▀▀[48;2;123;123;180m▀[38;2;123;123;180m▀▀[48;2;16;16;16m▀[38;2;16;16;16;49m▀[0m
[0m                    [38;2;16;16;16;48;2;16;16;16m▀[38;2;213;213;213;48;2;255;255;255m▀[38;2;49;82;106;48;2;226;37;37m▀[38;2;139;172;213;48;2;139;172;213m▀[38;2;226;37;37m▀▀[38;2;139;172;213m▀[48;2;49;82;106m▀[38;2;16;16;16;48;2;255;255;255m▀[48;2;213;213;213m▀[38;2;213;213;213;48;2;255;255;255m▀[38;2;49;82;106;48;2;49;82;106m▀[38;2;139;172;213;48;2;123;123;180m▀[38;2;123;123;180m▀▀▀[48;2;16;16;16m▀[38;2;16;16;16;49m▀[0m                  [38;2;49;82;106m▄[48;2;139;172;213m▀[49m▄[0m
[0m              [38;2;49;82;106m▄▄▄[0m   [38;2;16;16;16;48;2;16;16;16m▀[38;2;49;82;106;48;2;123;123;180m▀[38;2;139;0;0;48;2;115;106;16m▀[38;2;115;106;16;48;2;255;255;164m▀▀[38;2;123;123;180;48;2;115;106;16m▀[38;2;49;82;106;48;2;123;123;180m▀[38;2;213;213;213;48;2;49;82;106m▀[38;2;226;37;37;48;2;139;0;0m▀[38;2;255;255;255;48;2;49;82;106m▀[48;2;123;123;180m▀[38;2;123;123;180m▀▀▀▀[38;2;16;16;16;48;2;16;16;16m▀[0m                   [38;2;49;82;106m▄[48;2;139;172;213m▀[38;2;139;172;213m▀[38;2;49;82;106;48;2;49;82;106m▀[0m
[0m            [38;2;49;82;106m▄[48;2;139;172;213m▀[38;2;123;123;180;48;2;123;123;180m▀▀▀[38;2;49;82;106m▀▀[48;2;115;106;16m▀[38;2;16;16;16m▀[38;2;115;106;16;48;2;255;255;164m▀[38;2;255;255;164m▀[48;2;115;106;16m▀[38;2;164;164;57;48;2;213;213;106m▀[38;2;213;213;106m▀[38;2;115;106;16m▀[38;2;123;123;180;48;2;115;106;16m▀▀▀[48;2;123;123;180m▀▀[48;2;49;82;106m▀[48;2;16;16;16m▀[38;2;16;16;16;48;2;123;123;180m▀[38;2;49;82;106;49m▄[0m                   [38;2;49;82;106;48;2;49;82;106m▀[38;2;139;172;213;48;2;139;172;213m▀▀[38;2;49;82;106;48;2;49;82;106m▀[0m
[0m      [38;2;49;82;106m▄▄▄▄[48;2;139;172;213m▀▀[38;2;139;172;213m▀▀▀▀[38;2;123;123;180;48;2;49;82;106m▀[48;2;115;106;16m▀[38;2;115;106;16;48;2;255;255;164m▀[38;2;255;255;164m▀▀▀▀[48;2;213;213;106m▀▀[38;2;213;213;106m▀▀[48;2;164;164;57m▀[48;2;16;16;16m▀[38;2;164;164;57m▀[38;2;115;106;16;48;2;123;123;180m▀[38;2;123;123;180m▀▀▀▀▀[38;2;49;82;106m▀[48;2;139;172;213m▀▀▀▀[49m▄▄▄[38;2;123;123;180m▄▄▄▄[38;2;49;82;106m▄▄▄▄[0m  [38;2;49;82;106;48;2;49;82;106m▀[38;2;139;172;213;48;2;139;172;213m▀▀▀[38;2;49;82;106;48;2;49;82;106m▀[0m
[0m   [38;2;123;123;180m▄▄[38;2;49;82;106;48;2;164;197;255m▀[38;2;139;172;213;48;2;139;172;213m▀▀▀▀▀▀▀[48;2;49;82;106m▀[38;2;49;82;106;49m▀▀[0m [38;2;115;106;16;48;2;115;106;16m▀[38;2;255;255;164;48;2;213;213;106m▀[38;2;213;213;106;48;2;164;164;57m▀[48;2;16;16;16m▀▀▀▀▀[38;2;164;164;57m▀[38;2;16;16;16;48;2;123;123;180m▀▀[38;2;123;123;180m▀▀▀▀▀▀[48;2;49;82;106m▀[38;2;49;82;106;48;2;139;172;213m▀[38;2;139;172;213;48;2;164;197;255m▀[38;2;164;197;255m▀▀[38;2;139;172;213m▀[48;2;139;172;213m▀▀▀▀▀▀▀▀[48;2;123;123;180m▀[48;2;139;172;213m▀▀▀[38;2;49;82;106m▀[48;2;49;82;106m▀[38;2;139;172;213;48;2;139;172;213m▀▀▀▀[38;2;49;82;106;48;2;49;82;106m▀[0m
[0m [38;2;123;123;180m▄[48;2;164;197;255m▀[38;2;164;197;255m▀▀[48;2;16;16;16m▀[38;2;139;172;213m▀[48;2;139;172;213m▀▀▀[48;2;164;197;255m▀[48;2;139;172;213m▀[38;2;49;82;106;48;2;49;82;106m▀[0m    [38;2;16;16;16m▀▀▀[0m   [38;2;49;82;106m▀[38;2;123;123;180;48;2;49;82;106m▀[38;2;49;82;106m▀[38;2;123;123;180;48;2;139;172;213m▀[48;2;123;123;180m▀▀▀▀▀▀▀[38;2;49;82;106m▀[38;2;139;172;213;48;2;139;172;213m▀▀[38;2;164;197;255m▀▀[38;2;139;172;213m▀[48;2;123;123;180m▀[48;2;49;82;106m▀▀▀▀▀[48;2;139;172;213m▀[38;2;123;123;180;48;2;123;123;180m▀[38;2;139;172;213;48;2;139;172;213m▀▀▀▀▀[38;2;49;82;106;48;2;49;82;106m▀[38;2;139;172;213;48;2;139;172;213m▀▀▀[38;2;49;82;106;48;2;49;82;106m▀[0m
[38;2;49;82;106;48;2;49;82;106m▀[38;2;255;255;255;48;2;255;255;255m▀[48;2;16;16;16m▀[38;2;16;16;16;48;2;115;106;16m▀[48;2;255;255;164m▀[38;2;213;213;106m▀▀[38;2;16;16;16;48;2;213;213;106m▀[38;2;139;172;213;48;2;49;82;106m▀[38;2;164;197;255;48;2;164;197;255m▀▀[38;2;49;82;106;48;2;16;16;16m▀[0m            [38;2;49;82;106m▄[48;2;139;172;213m▀[38;2;139;172;213m▀▀▀[38;2;123;123;180m▀▀[48;2;123;123;180m▀▀▀▀▀[38;2;139;172;213m▀[48;2;139;172;213m▀[48;2;49;82;106m▀[38;2;49;82;106;48;2;123;123;180m▀▀[38;2;16;16;16;49m▄▄▄▄▄[38;2;49;82;106;48;2;139;172;213m▀[38;2;139;172;213m▀▀▀▀▀[38;2;49;82;106;48;2;49;82;106m▀[38;2;123;123;180;48;2;123;123;180m▀[38;2;139;172;213m▀▀[38;2;123;123;180;48;2;49;82;106m▀[38;2;49;82;106;49m▀[0m
[38;2;16;16;16;49m▀[48;2;49;82;106m▀[38;2;213;213;213;48;2;213;213;213m▀[38;2;123;123;180;48;2;123;123;180m▀[38;2;115;106;16;49m▀[38;2;255;255;164;48;2;115;106;16m▀▀[48;2;255;255;164m▀[38;2;49;82;106;48;2;49;82;106m▀[38;2;164;197;255;48;2;164;197;255m▀▀[38;2;16;16;16;48;2;16;16;16m▀[0m            [38;2;49;82;106;48;2;123;123;180m▀[38;2;139;172;213;48;2;164;197;255m▀[48;2;139;172;213m▀▀▀▀▀▀▀[38;2;123;123;180m▀▀[48;2;123;123;180m▀▀▀[48;2;16;16;16m▀▀[38;2;16;16;16;48;2;123;123;180m▀[38;2;139;172;213m▀[48;2;139;172;213m▀▀▀▀▀▀▀▀[48;2;49;82;106m▀[38;2;49;82;106;48;2;123;123;180m▀[38;2;123;123;180m▀▀▀[48;2;49;82;106m▀[38;2;49;82;106;49m▀[0m
[0m  [38;2;16;16;16m▀[0m    [38;2;115;106;16m▀[38;2;49;82;106;48;2;49;82;106m▀[38;2;255;255;255;48;2;255;255;255m▀[38;2;16;16;16;48;2;16;16;16m▀[0m             [38;2;123;123;180;48;2;123;123;180m▀[38;2;164;197;255;48;2;164;197;255m▀▀[38;2;139;172;213;48;2;139;172;213m▀▀▀▀▀▀▀▀▀[48;2;16;16;16m▀[38;2;16;16;16;48;2;255;255;255m▀[38;2;123;123;180;48;2;213;213;213m▀[48;2;123;123;180m▀[48;2;115;106;16m▀[38;2;115;106;16;48;2;255;255;164m▀[38;2;49;82;106m▀[48;2;213;213;106m▀[38;2;123;123;180;48;2;49;82;106m▀[38;2;139;172;213;48;2;139;172;213m▀▀▀▀▀[38;2;49;82;106m▀[38;2;123;123;180;48;2;49;82;106m▀[48;2;123;123;180m▀▀[48;2;49;82;106m▀[38;2;49;82;106;49m▀[0m
[0m         [38;2;16;16;16m▀[0m             [38;2;49;82;106;48;2;49;82;106m▀[38;2;139;172;213;48;2;139;172;213m▀[38;2;164;197;255m▀▀[38;2;139;172;213m▀▀▀▀▀▀▀▀▀[38;2;16;16;16;48;2;123;123;180m▀[38;2;255;255;255;48;2;16;16;16m▀[38;2;16;16;16;48;2;123;123;180m▀▀[38;2;255;255;164;48;2;16;16;16m▀[48;2;255;255;164m▀[48;2;49;82;106m▀[38;2;49;82;106;48;2;139;172;213m▀[38;2;139;172;213m▀[48;2;123;123;180m▀[48;2;49;82;106m▀[38;2;49;82;106;48;2;213;213;106m▀▀[38;2;139;172;213;48;2;49;82;106m▀[48;2;123;123;180m▀[38;2;49;82;106m▀[38;2;123;123;180;48;2;49;82;106m▀▀[38;2;49;82;106;49m▀[0m
[0m                       [38;2;49;82;106;48;2;49;82;106m▀[38;2;139;172;213;48;2;139;172;213m▀▀▀▀▀▀▀▀▀[48;2;123;123;180m▀▀[38;2;123;123;180m▀▀▀▀▀▀[38;2;16;16;16m▀[38;2;49;82;106;48;2;49;82;106m▀[38;2;123;123;180;48;2;255;255;255m▀[48;2;123;123;180m▀[38;2;49;82;106;48;2;49;82;106m▀[38;2;255;255;164;48;2;255;255;164m▀▀▀[38;2;49;82;106;48;2;115;106;16m▀[38;2;123;123;180;48;2;49;82;106m▀[48;2;123;123;180m▀[38;2;49;82;106;48;2;49;82;106m▀[49m▀[0m
[0m                      [38;2;123;123;180m▄[38;2;49;82;106;48;2;123;123;180m▀[38;2;123;123;180m▀[38;2;139;172;213m▀▀▀▀▀[38;2;123;123;180m▀▀▀▀▀▀[48;2;49;82;106m▀[48;2;164;197;255m▀▀[48;2;139;172;213m▀[48;2;123;123;180m▀[48;2;16;16;16m▀[38;2;49;82;106m▀[38;2;255;255;255;48;2;255;255;255m▀[38;2;213;213;213;48;2;16;16;16m▀[38;2;49;82;106m▀[38;2;255;255;164m▀[38;2;16;16;16;48;2;123;123;180m▀▀▀[38;2;213;213;213;48;2;16;16;16m▀[38;2;255;255;255;48;2;255;255;255m▀[38;2;16;16;16;48;2;16;16;16m▀[0m
[0m                    [38;2;123;123;180m▄[48;2;164;197;255m▀[38;2;164;197;255m▀▀[38;2;123;123;180;48;2;123;123;180m▀▀▀▀▀▀▀▀▀▀▀[38;2;49;82;106;48;2;49;82;106m▀[38;2;164;197;255;48;2;164;197;255m▀▀▀▀[38;2;139;172;213m▀[48;2;139;172;213m▀[38;2;16;16;16m▀[48;2;16;16;16m▀[38;2;49;82;106;48;2;49;82;106m▀[38;2;123;123;180;48;2;123;123;180m▀▀[48;2;49;82;106m▀▀[38;2;49;82;106;49m▀[0m [38;2;16;16;16m▀[0m
[0m                   [38;2;123;123;180;48;2;123;123;180m▀[38;2;164;197;255;48;2;164;197;255m▀▀▀▀▀[38;2;123;123;180;48;2;49;82;106m▀[48;2;123;123;180m▀▀▀▀▀▀▀▀[48;2;49;82;106m▀[38;2;139;172;213;48;2;139;172;213m▀[38;2;164;197;255;48;2;164;197;255m▀▀▀▀▀[38;2;139;172;213m▀[48;2;139;172;213m▀[38;2;16;16;16m▀[38;2;49;82;106;48;2;16;16;16m▀[49m▀▀[0m
[0m                  [38;2;123;123;180;48;2;123;123;180m▀[38;2;164;197;255;48;2;164;197;255m▀▀▀▀[48;2;139;172;213m▀▀[38;2;139;172;213m▀[38;2;49;82;106m▀[38;2;16;16;16;48;2;49;82;106m▀[38;2;123;123;180;48;2;16;16;16m▀▀[48;2;123;123;180m▀▀▀▀[38;2;16;16;16;48;2;16;16;16m▀[38;2;139;172;213;48;2;139;172;213m▀▀[38;2;164;197;255m▀[48;2;164;197;255m▀▀▀▀[38;2;139;172;213m▀[48;2;123;123;180m▀[38;2;16;16;16;48;2;16;16;16m▀[0m
[0m                  [38;2;123;123;180m▀[38;2;164;197;255;48;2;49;82;106m▀[38;2;123;123;180;48;2;123;123;180m▀[38;2;139;172;213m▀▀▀[38;2;123;123;180m▀▀[38;2;16;16;16;48;2;16;16;16m▀[49m▄[0m  [38;2;16;16;16m▀▀▀▀▀▀[38;2;139;172;213;48;2;16;16;16m▀▀[48;2;139;172;213m▀[38;2;164;197;255;48;2;123;123;180m▀▀[38;2;123;123;180m▀▀[48;2;49;82;106m▀[48;2;123;123;180m▀[38;2;16;16;16;48;2;16;16;16m▀[0m
[0m                    [38;2;49;82;106;48;2;49;82;106m▀[38;2;123;123;180;48;2;123;123;180m▀▀▀▀▀▀[38;2;16;16;16m▀[38;2;49;82;106;48;2;49;82;106m▀[48;2;213;213;213m▀[48;2;16;16;16m▀[0m       [38;2;16;16;16m▀[38;2;123;123;180;48;2;16;16;16m▀[38;2;49;82;106;48;2;123;123;180m▀[38;2;123;123;180;48;2;49;82;106m▀[48;2;123;123;180m▀▀▀[38;2;16;16;16m▀[49m▄[0m
[0m                   [38;2;49;82;106m▄▄[48;2;123;123;180m▀[38;2;123;123;180m▀▀▀▀▀[48;2;16;16;16m▀▀[38;2;16;16;16;49m▀▀[0m        [38;2;16;16;16m▀[38;2;123;123;180;48;2;16;16;16m▀[48;2;123;123;180m▀▀▀▀▀[38;2;16;16;16;48;2;16;16;16m▀[0m
[0m              [38;2;115;106;16m▄[38;2;49;82;106;48;2;213;213;106m▀▀[48;2;123;123;180m▀[48;2;139;172;213m▀[38;2;123;123;180m▀[38;2;139;172;213;48;2;213;213;106m▀▀▀[38;2;123;123;180;48;2;123;123;180m▀[48;2;139;172;213m▀[48;2;16;16;16m▀[38;2;16;16;16;49m▀[0m            [38;2;49;82;106;48;2;49;82;106m▀[38;2;16;16;16;48;2;123;123;180m▀[38;2;123;123;180m▀[48;2;139;172;213m▀▀▀▀▀[38;2;16;16;16m▀[49m▄[0m
[0m              [38;2;49;82;106;48;2;16;16;16m▀[38;2;123;123;180;48;2;213;213;213m▀▀[38;2;213;213;106;48;2;115;106;16m▀▀[48;2;16;16;16m▀[48;2;123;123;180m▀[38;2;123;123;180;48;2;139;172;213m▀▀[38;2;139;172;213;48;2;16;16;16m▀▀[38;2;16;16;16;49m▀[0m            [38;2;49;82;106;48;2;49;82;106m▀[38;2;123;123;180;48;2;139;172;213m▀[38;2;139;172;213m▀▀[48;2;123;123;180m▀▀[48;2;139;172;213m▀▀[48;2;123;123;180m▀[38;2;123;123;180;48;2;213;213;106m▀[38;2;139;172;213;48;2;123;123;180m▀[38;2;16;16;16m▀[49m▄[0m
[0m               [38;2;16;16;16m▀▀▀[48;2;16;16;16m▀[38;2;213;213;213m▀[38;2;16;16;16;49m▀▀▀[0m               [38;2;16;16;16;48;2;16;16;16m▀[38;2;139;172;213;48;2;123;123;180m▀▀[38;2;123;123;180;48;2;255;255;164m▀[38;2;213;213;106m▀▀[38;2;123;123;180;48;2;213;213;106m▀[38;2;139;172;213;48;2;123;123;180m▀▀[38;2;123;123;180m▀[38;2;49;82;106;48;2;49;82;106m▀[38;2;255;255;255;48;2;16;16;16m▀[38;2;16;16;16;49m▀[0m
[0m                                      [38;2;16;16;16;48;2;16;16;16m▀[38;2;255;255;255;48;2;255;255;255m▀[38;2;16;16;16;48;2;16;16;16m▀[38;2;255;255;164;48;2;115;106;16m▀[38;2;115;106;16;49m▀▀[38;2;255;255;164;48;2;115;106;16m▀[38;2;16;16;16m▀[38;2;213;213;213;48;2;16;16;16m▀[38;2;255;255;255;48;2;255;255;255m▀[38;2;16;16;16;48;2;16;16;16m▀[0m
[0m                                       [38;2;16;16;16m▀[0m       [38;2;16;16;16m▀[0m
