[0m                                            [38;2;16;16;16m▄[48;2;254;196;132m▀▀▀▀[49m▄[0m
[0m                                           [38;2;16;16;16;48;2;16;16;16m▀[38;2;254;196;132;48;2;254;196;132m▀▀▀[48;2;222;164;115m▀[48;2;254;196;132m▀[38;2;197;115;74;48;2;197;115;74m▀[38;2;16;16;16;48;2;16;16;16m▀[0m
[0m                                          [38;2;16;16;16;48;2;16;16;16m▀[38;2;254;196;132;48;2;254;196;132m▀[38;2;222;164;115;48;2;197;115;74m▀[38;2;254;196;132;48;2;254;196;132m▀[48;2;197;115;74m▀[38;2;197;115;74;48;2;115;65;0m▀[48;2;197;115;74m▀[48;2;16;16;16m▀[38;2;16;16;16;48;2;197;115;74m▀[49m▄[0m
[0m                                          [38;2;16;16;16;48;2;16;16;16m▀[38;2;197;115;74;48;2;197;115;74m▀[38;2;115;65;0;48;2;115;65;0m▀[38;2;197;115;74;48;2;197;115;74m▀▀[38;2;115;65;0;48;2;115;65;0m▀[38;2;197;115;74;48;2;16;16;16m▀[38;2;16;16;16;48;2;197;115;74m▀[38;2;197;115;74m▀[38;2;16;16;16;48;2;16;16;16m▀[0m
[0m                                 [38;2;106;74;41m▄[38;2;16;16;16m▄[0m        [38;2;16;16;16m▀▀▀▀[48;2;16;16;16m▀[38;2;197;115;74;48;2;197;115;74m▀▀▀▀[38;2;16;16;16;48;2;16;16;16m▀[0m
[0m                  [38;2;106;74;41;48;2;16;16;16m▀[48;2;213;172;156m▀▀[48;2;246;222;180m▀[38;2;16;16;16;49m▄▄[0m   [38;2;106;74;41m▄▄▄[48;2;246;222;180m▀[49m▄[48;2;246;222;180m▀[38;2;213;172;156;48;2;213;172;156m▀[38;2;16;16;16m▀[49m▄[38;2;106;74;41m▄[48;2;213;172;156m▀[38;2;16;16;16;49m▄[48;2;246;222;180m▀[49m▄[0m       [38;2;16;16;16;48;2;16;16;16m▀[38;2;197;115;74;48;2;213;172;156m▀▀[38;2;213;172;156m▀[38;2;16;16;16m▀[49m▄[0m
[0m                  [38;2;16;16;16m▀[38;2;106;74;41;48;2;16;16;16m▀[38;2;197;115;74;48;2;197;115;74m▀[38;2;213;172;156;48;2;115;65;0m▀[38;2;246;222;180;48;2;213;172;156m▀[48;2;246;222;180m▀[38;2;16;16;16m▀[38;2;106;74;41;48;2;213;172;156m▀[48;2;246;222;180m▀[38;2;213;172;156m▀[38;2;246;222;180m▀▀▀▀[48;2;213;172;156m▀[38;2;213;172;156m▀▀[48;2;16;16;16m▀[38;2;106;74;41;48;2;246;222;180m▀[38;2;246;222;180m▀[48;2;197;115;74m▀[48;2;246;222;180m▀[38;2;16;16;16;48;2;16;16;16m▀[0m      [38;2;16;16;16m▄[48;2;213;172;156m▀[38;2;213;172;156m▀▀▀▀[38;2;16;16;16;48;2;16;16;16m▀[0m
[0m   [38;2;115;65;0m▄▄[48;2;254;196;132m▀[38;2;16;16;16m▀▀[38;2;115;65;0m▀[49m▄[0m         [38;2;16;16;16m▀[38;2;197;115;74;48;2;16;16;16m▀[38;2;115;65;0;48;2;197;115;74m▀[48;2;115;65;0m▀[38;2;213;172;156;48;2;213;172;156m▀[38;2;246;222;180;48;2;246;222;180m▀▀[38;2;255;246;205;48;2;255;246;205m▀[38;2;246;222;180m▀[38;2;255;246;205m▀▀[38;2;246;222;180m▀▀[38;2;213;172;156;48;2;213;172;156m▀[48;2;246;222;180m▀▀[38;2;246;222;180m▀[48;2;115;65;0m▀[38;2;115;65;0m▀[38;2;197;115;74;48;2;197;115;74m▀[38;2;246;222;180;48;2;246;222;180m▀[38;2;16;16;16;48;2;16;16;16m▀[38;2;106;74;41;49m▄[0m  [38;2;16;16;16m▄▄[48;2;246;222;180m▀[38;2;246;222;180m▀[38;2;213;172;156;48;2;213;172;156m▀▀▀▀[48;2;16;16;16m▀[38;2;16;16;16;49m▀[0m
[0m [38;2;16;16;16m▄[48;2;254;196;132m▀[38;2;254;196;132m▀▀▀▀▀[48;2;197;115;74m▀[38;2;197;115;74m▀[38;2;115;65;0;48;2;115;65;0m▀[0m        [38;2;106;74;41m▄[38;2;16;16;16;48;2;246;222;180m▀[38;2;197;115;74m▀[38;2;213;172;156m▀[38;2;246;222;180m▀[48;2;255;246;205m▀[38;2;255;246;205m▀▀▀▀▀▀▀▀[38;2;246;222;180;48;2;246;222;180m▀▀▀[38;2;115;65;0;48;2;213;172;156m▀[48;2;197;115;74m▀[38;2;197;115;74m▀[38;2;246;222;180;48;2;246;222;180m▀[38;2;16;16;16m▀[38;2;246;222;180m▀[38;2;16;16;16m▀▀[38;2;246;222;180m▀▀[48;2;213;172;156m▀[38;2;213;172;156m▀▀[48;2;16;16;16m▀[38;2;16;16;16;49m▀▀[0m
[38;2;16;16;16;48;2;16;16;16m▀[38;2;222;164;115;48;2;222;164;115m▀[48;2;197;115;74m▀[38;2;254;196;132;48;2;254;196;132m▀[38;2;222;164;115;48;2;197;115;74m▀[38;2;254;196;132;48;2;254;196;132m▀[48;2;222;164;115m▀[38;2;115;65;0;48;2;197;115;74m▀[38;2;197;115;74;48;2;115;65;0m▀[48;2;197;115;74m▀▀[38;2;115;65;0;48;2;115;65;0m▀[0m      [38;2;106;74;41m▄[48;2;246;222;180m▀▀[38;2;213;172;156;48;2;106;74;41m▀[38;2;246;222;180;48;2;246;222;180m▀▀[38;2;255;246;205m▀▀▀[48;2;255;246;205m▀[48;2;246;222;180m▀[48;2;255;246;205m▀[48;2;246;222;180m▀▀[38;2;246;222;180m▀▀▀▀▀▀▀▀▀▀▀[48;2;213;172;156m▀▀[38;2;213;172;156m▀▀[48;2;16;16;16m▀[38;2;16;16;16;49m▀[0m       [38;2;106;74;41m▄▄▄▄[0m
[0m [38;2;16;16;16m▀[38;2;115;65;0;48;2;16;16;16m▀[38;2;197;115;74;48;2;197;115;74m▀[38;2;115;65;0;48;2;115;65;0m▀[38;2;197;115;74;48;2;197;115;74m▀▀[48;2;115;65;0m▀[38;2;16;16;16;48;2;16;16;16m▀[38;2;197;115;74;48;2;197;115;74m▀▀▀[38;2;115;65;0;48;2;115;65;0m▀[0m  [38;2;106;74;41m▄▄[48;2;246;222;180m▀▀[38;2;246;222;180m▀▀[38;2;16;16;16;48;2;16;16;16m▀[38;2;106;74;41;48;2;255;255;255m▀[38;2;246;222;180;48;2;213;172;156m▀[48;2;246;222;180m▀[38;2;213;172;156;48;2;197;115;74m▀[38;2;246;222;180;48;2;246;222;180m▀▀[38;2;213;172;156;48;2;197;115;74m▀[38;2;246;222;180;48;2;246;222;180m▀[48;2;213;172;156m▀[48;2;106;74;41m▀[38;2;213;172;156;48;2;222;222;222m▀[38;2;106;74;41;48;2;255;255;255m▀[48;2;16;16;16m▀[38;2;213;172;156;48;2;246;222;180m▀[38;2;246;222;180m▀▀▀▀▀[38;2;213;172;156m▀[48;2;213;172;156m▀▀▀[48;2;16;16;16m▀[38;2;16;16;16;49m▀[0m      [38;2;106;74;41m▄[48;2;197;115;74m▀▀[38;2;197;115;74m▀▀▀▀[38;2;16;16;16m▀[49m▄[0m
[0m   [38;2;16;16;16m▀▀▀▀[0m  [38;2;16;16;16;48;2;16;16;16m▀[38;2;197;115;74;48;2;213;172;156m▀[38;2;246;222;180;48;2;246;222;180m▀▀[38;2;106;74;41m▀▀[38;2;246;222;180m▀[48;2;213;172;156m▀[38;2;213;172;156;48;2;106;74;41m▀[38;2;246;222;180;48;2;246;222;180m▀▀▀[38;2;16;16;16;48;2;106;74;41m▀[38;2;255;255;255;48;2;255;255;255m▀[38;2;106;74;41;48;2;16;16;16m▀[38;2;213;172;156;48;2;213;172;156m▀[38;2;115;65;0;48;2;115;65;0m▀[38;2;213;172;156;48;2;213;172;156m▀[38;2;197;115;74;48;2;115;65;0m▀[38;2;213;172;156;48;2;213;172;156m▀[48;2;106;74;41m▀[38;2;106;74;41;48;2;16;16;16m▀[38;2;255;255;255;48;2;238;115;98m▀[48;2;255;255;255m▀▀[38;2;16;16;16;48;2;106;74;41m▀[38;2;246;222;180;48;2;246;222;180m▀▀▀▀▀▀[38;2;213;172;156m▀[48;2;213;172;156m▀▀[38;2;16;16;16;48;2;106;74;41m▀[0m       [38;2;16;16;16;48;2;16;16;16m▀[38;2;197;115;74;48;2;197;115;74m▀▀[48;2;16;16;16m▀[38;2;16;16;16;49m▀▀[38;2;106;74;41m▀[38;2;197;115;74;48;2;106;74;41m▀[48;2;197;115;74m▀[38;2;16;16;16m▀[49m▄[0m
[0m          [38;2;16;16;16m▀[38;2;213;172;156;48;2;16;16;16m▀[38;2;246;222;180;48;2;213;172;156m▀▀[38;2;213;172;156m▀▀[38;2;106;74;41m▀[38;2;213;172;156;48;2;106;74;41m▀[38;2;246;222;180;48;2;246;222;180m▀▀▀▀[38;2;255;255;255m▀[38;2;16;16;16m▀[38;2;106;74;41;48;2;180;65;49m▀[38;2;180;65;49;48;2;254;196;132m▀▀[38;2;16;16;16;48;2;238;115;98m▀[38;2;180;65;49m▀[38;2;255;255;255;48;2;180;65;49m▀[38;2;16;16;16;48;2;213;172;156m▀[38;2;238;115;98m▀[38;2;255;255;255m▀▀[38;2;213;172;156;48;2;246;222;180m▀[38;2;246;222;180m▀▀▀▀▀▀▀[38;2;213;172;156m▀[48;2;213;172;156m▀[48;2;106;74;41m▀[38;2;106;74;41;49m▀[0m       [38;2;16;16;16m▀▀[0m    [38;2;106;74;41;48;2;106;74;41m▀[38;2;197;115;74;48;2;197;115;74m▀▀[38;2;16;16;16;48;2;16;16;16m▀[0m
[0m           [38;2;16;16;16m▀[38;2;213;172;156;48;2;16;16;16m▀▀▀[38;2;16;16;16;49m▀▀[38;2;246;222;180;48;2;106;74;41m▀[48;2;246;222;180m▀▀▀▀▀[38;2;180;65;49;48;2;16;16;16m▀[38;2;238;115;98;48;2;238;115;98m▀[38;2;254;196;132;48;2;180;65;49m▀[48;2;238;115;98m▀[38;2;238;115;98;48;2;106;74;41m▀[48;2;238;115;98m▀▀[38;2;180;65;49;48;2;16;16;16m▀[38;2;246;222;180;48;2;246;222;180m▀▀▀▀▀▀▀▀▀[38;2;213;172;156m▀[48;2;213;172;156m▀[38;2;246;222;180m▀[38;2;213;172;156m▀[38;2;106;74;41m▀[49m▄[0m            [38;2;106;74;41m▄[48;2;197;115;74m▀[38;2;197;115;74m▀▀[38;2;16;16;16;48;2;16;16;16m▀[0m
[0m                 [38;2;106;74;41m▀[38;2;16;16;16;48;2;106;74;41m▀[38;2;246;222;180;48;2;213;172;156m▀[48;2;246;222;180m▀▀▀[38;2;16;16;16;48;2;180;65;49m▀[38;2;238;115;98m▀[48;2;238;115;98m▀▀▀▀[48;2;180;65;49m▀[38;2;16;16;16m▀[38;2;246;222;180;48;2;246;222;180m▀▀▀[48;2;213;172;156m▀[48;2;246;222;180m▀[38;2;213;172;156m▀[38;2;246;222;180;48;2;213;172;156m▀▀▀[38;2;213;172;156m▀▀▀[48;2;16;16;16m▀[38;2;16;16;16;49m▀▀[0m           [38;2;106;74;41m▄[48;2;213;172;156m▀[38;2;213;172;156m▀[38;2;197;115;74m▀[38;2;16;16;16;48;2;16;16;16m▀[0m
[0m                 [38;2;106;74;41m▀[38;2;213;172;156;48;2;16;16;16m▀[48;2;106;74;41m▀[38;2;246;222;180;48;2;213;172;156m▀[38;2;213;172;156m▀[38;2;246;222;180m▀[38;2;213;172;156m▀[38;2;180;65;49m▀[38;2;16;16;16m▀▀▀▀[38;2;180;65;49m▀[38;2;213;172;156m▀▀[38;2;246;222;180m▀[38;2;213;172;156m▀▀▀[38;2;246;222;180m▀[38;2;213;172;156m▀▀▀▀[48;2;16;16;16m▀[38;2;16;16;16;48;2;213;172;156m▀[38;2;213;172;156m▀[38;2;106;74;41m▀▀[49m▄▄[0m    [38;2;106;74;41m▄▄▄[48;2;213;172;156m▀▀[38;2;213;172;156m▀▀[48;2;16;16;16m▀[38;2;16;16;16;49m▀[0m
[0m                   [38;2;106;74;41m▄[38;2;16;16;16;48;2;246;222;180m▀[38;2;213;172;156m▀[48;2;213;172;156m▀▀▀▀▀▀▀▀▀▀▀▀▀▀▀▀▀[48;2;246;222;180m▀▀[38;2;16;16;16;48;2;213;172;156m▀[38;2;213;172;156;48;2;16;16;16m▀▀▀[48;2;213;172;156m▀▀▀[38;2;106;74;41m▀▀▀▀[38;2;213;172;156m▀▀▀▀[48;2;16;16;16m▀▀[38;2;16;16;16;49m▀[0m
[0m                 [38;2;106;74;41m▄[48;2;246;222;180m▀[38;2;246;222;180m▀[48;2;106;74;41m▀[48;2;246;222;180m▀[48;2;213;172;156m▀[38;2;106;74;41m▀▀[38;2;213;172;156;48;2;16;16;16m▀▀[48;2;106;74;41m▀[48;2;213;172;156m▀▀▀[48;2;16;16;16m▀[38;2;106;74;41m▀[38;2;213;172;156;48;2;106;74;41m▀[48;2;213;172;156m▀[38;2;106;74;41;48;2;16;16;16m▀[38;2;213;172;156;48;2;106;74;41m▀[48;2;213;172;156m▀[38;2;246;222;180m▀[48;2;246;222;180m▀▀▀[38;2;16;16;16;48;2;213;172;156m▀[49m▄[0m [38;2;16;16;16m▀▀[38;2;213;172;156;48;2;16;16;16m▀▀▀▀▀▀[38;2;16;16;16;49m▀▀▀[0m
[0m                 [38;2;16;16;16;48;2;16;16;16m▀[38;2;213;172;156;48;2;213;172;156m▀[38;2;106;74;41m▀[38;2;246;222;180m▀[38;2;213;172;156m▀[48;2;16;16;16m▀[38;2;16;16;16;49m▀▀[0m   [38;2;106;74;41m▀[38;2;213;172;156;48;2;106;74;41m▀[38;2;16;16;16;49m▀[0m   [38;2;106;74;41m▀[38;2;16;16;16m▀[0m [38;2;16;16;16m▀[38;2;213;172;156;48;2;16;16;16m▀[48;2;213;172;156m▀[38;2;246;222;180;48;2;106;74;41m▀[48;2;213;172;156m▀[38;2;213;172;156m▀▀[38;2;16;16;16;48;2;16;16;16m▀[0m
[0m                  [38;2;16;16;16m▀[38;2;213;172;156;48;2;16;16;16m▀[48;2;197;115;74m▀[38;2;106;74;41m▀[38;2;16;16;16;48;2;16;16;16m▀[38;2;115;65;0;49m▄▄[0m              [38;2;16;16;16;48;2;16;16;16m▀[38;2;213;172;156;48;2;213;172;156m▀[38;2;106;74;41m▀[38;2;213;172;156m▀[48;2;16;16;16m▀[38;2;16;16;16;49m▀[0m
[0m              [38;2;106;74;41m▄▄[48;2;222;164;115m▀▀▀[38;2;197;115;74;48;2;197;115;74m▀[38;2;106;74;41m▀[38;2;197;115;74m▀▀[38;2;16;16;16m▀[38;2;197;115;74m▀[38;2;16;16;16;48;2;16;16;16m▀[0m           [38;2;115;65;0m▄[48;2;197;115;74m▀[38;2;16;16;16m▀[38;2;197;115;74m▀[48;2;16;16;16m▀[38;2;16;16;16;48;2;197;115;74m▀[38;2;197;115;74;49m▄[38;2;16;16;16m▄[0m
[0m             [38;2;106;74;41;48;2;16;16;16m▀[38;2;222;164;115;48;2;197;115;74m▀▀[48;2;16;16;16m▀▀[38;2;16;16;16;49m▀[48;2;16;16;16m▀[38;2;222;164;115;48;2;222;164;115m▀▀[38;2;197;115;74;48;2;16;16;16m▀[38;2;16;16;16;49m▀▀[0m            [38;2;16;16;16m▀[38;2;197;115;74;48;2;16;16;16m▀▀[48;2;197;115;74m▀[48;2;222;164;115m▀[48;2;197;115;74m▀▀▀[38;2;115;65;0m▀[48;2;222;164;115m▀[49m▄▄[0m
[0m              [38;2;16;16;16m▀▀[0m  [38;2;115;65;0;48;2;115;65;0m▀[38;2;222;164;115;48;2;222;164;115m▀[48;2;197;115;74m▀[38;2;197;115;74;48;2;16;16;16m▀[38;2;16;16;16;49m▀[0m                 [38;2;16;16;16;48;2;16;16;16m▀[38;2;222;164;115;48;2;222;164;115m▀▀[38;2;197;115;74;48;2;115;65;0m▀[38;2;16;16;16;49m▀▀[38;2;222;164;115;48;2;16;16;16m▀[48;2;222;164;115m▀▀[38;2;16;16;16;48;2;16;16;16m▀[0m
[0m                   [38;2;16;16;16m▀▀[0m                    [38;2;16;16;16;48;2;16;16;16m▀[38;2;222;164;115;48;2;197;115;74m▀▀[38;2;115;65;0;48;2;16;16;16m▀[0m  [38;2;16;16;16m▀▀[0m
[0m                                          [38;2;16;16;16m▀▀[0m
