[0m               [38;2;57;90;131m▄▄[48;2;82;131;197m▀▀▀[38;2;24;57;115;49m▄▄[0m          [38;2;57;90;131m▄▄[48;2;82;131;197m▀▀[38;2;24;57;115;48;2;57;115;172m▀[48;2;57;90;131m▀[49m▄▄[0m
[0m             [38;2;57;90;131m▄[48;2;139;164;230m▀[38;2;139;164;230m▀[38;2;82;131;197;48;2;213;213;222m▀[48;2;255;255;255m▀[48;2;213;213;222m▀[48;2;57;115;172m▀[38;2;57;115;172;48;2;82;131;197m▀[38;2;57;90;131;48;2;57;90;131m▀[38;2;24;57;115m▀[49m▄▄▄▄▄▄▄▄[38;2;57;90;131;48;2;139;164;230m▀[38;2;139;164;230m▀▀[38;2;82;131;197;48;2;57;115;172m▀[48;2;213;213;222m▀[48;2;255;255;255m▀[48;2;213;213;222m▀[48;2;57;115;172m▀[38;2;57;115;172;48;2;82;131;197m▀[38;2;24;57;115;48;2;57;90;131m▀[49m▄[0m
[0m            [38;2;57;90;131m▄[48;2;82;131;197m▀[38;2;139;164;230;48;2;213;213;222m▀[38;2;255;255;255;48;2;82;82;82m▀[38;2;82;82;82;48;2;255;255;255m▀[38;2;16;16;16m▀[38;2;82;82;82;48;2;16;16;16m▀[38;2;255;255;255;48;2;82;82;82m▀[38;2;57;115;172;48;2;213;213;222m▀[38;2;82;131;197;48;2;82;131;197m▀[38;2;57;90;131m▀[38;2;24;57;115m▀[38;2;57;115;172m▀[38;2;82;131;197m▀▀▀▀[38;2;57;115;172m▀[38;2;24;57;115m▀[38;2;139;164;230m▀▀[38;2;57;115;172;48;2;213;213;222m▀[38;2;255;255;255;48;2;82;82;82m▀[38;2;82;82;82;48;2;255;255;255m▀[38;2;16;16;16m▀[38;2;82;82;82;48;2;16;16;16m▀[38;2;255;255;255;48;2;82;82;82m▀[38;2;57;115;172;48;2;213;213;222m▀[38;2;57;90;131;48;2;57;90;131m▀[38;2;24;57;115m▀[49m▄[0m
[0m            [38;2;57;90;131;48;2;24;57;115m▀[38;2;82;131;197;48;2;82;131;197m▀[38;2;255;255;255;48;2;213;213;222m▀[38;2;16;16;16;48;2;82;82;82m▀[38;2;255;255;255;48;2;16;16;16m▀▀[38;2;16;16;16m▀[48;2;82;82;82m▀[38;2;255;255;255;48;2;213;213;222m▀[38;2;82;131;197;48;2;82;131;197m▀▀[48;2;139;164;230m▀[38;2;139;164;230m▀▀▀[38;2;82;131;197m▀[48;2;82;131;197m▀▀▀▀▀[38;2;255;255;255;48;2;213;213;222m▀[38;2;16;16;16;48;2;82;82;82m▀[38;2;255;255;255;48;2;16;16;16m▀▀[38;2;16;16;16m▀[48;2;82;82;82m▀[38;2;255;255;255;48;2;213;213;222m▀[38;2;57;90;131;48;2;57;90;131m▀▀[38;2;24;57;115;48;2;24;57;115m▀[0m
[0m            [38;2;24;57;115m▀[38;2;82;131;197;48;2;24;57;115m▀[38;2;57;115;172;48;2;82;131;197m▀[38;2;255;255;255;48;2;57;115;172m▀[38;2;82;82;82;48;2;213;213;222m▀[38;2;16;16;16;48;2;255;255;255m▀[38;2;82;82;82m▀[38;2;255;255;255;48;2;57;115;172m▀[38;2;57;115;172;48;2;82;131;197m▀[38;2;82;131;197m▀▀[38;2;139;164;230m▀[38;2;24;57;115;48;2;139;164;230m▀[38;2;139;164;230;48;2;57;90;131m▀[48;2;139;164;230m▀[48;2;57;90;131m▀[38;2;24;57;115;48;2;82;131;197m▀[38;2;82;131;197m▀▀▀▀▀[38;2;255;255;255m▀[38;2;82;82;82;48;2;213;213;222m▀[38;2;16;16;16;48;2;255;255;255m▀[38;2;82;82;82;48;2;213;213;222m▀[38;2;255;255;255;48;2;57;90;131m▀[38;2;57;90;131m▀[48;2;57;115;172m▀[38;2;57;115;172;48;2;82;131;197m▀[38;2;82;131;197m▀[38;2;16;16;16m▀[49m▄[0m
[0m           [38;2;24;57;115m▄[38;2;57;90;131;48;2;57;90;131m▀[38;2;82;131;197;48;2;82;131;197m▀▀▀▀▀▀▀▀▀▀[48;2;255;255;255m▀▀▀▀▀▀▀▀[48;2;82;131;197m▀▀▀▀▀[38;2;57;115;172m▀[38;2;57;90;131m▀[38;2;57;115;172m▀[38;2;82;131;197m▀▀▀▀▀[38;2;16;16;16m▀[49m▄[0m
[0m         [38;2;24;57;115m▄[48;2;82;131;197m▀[38;2;82;131;197m▀▀▀▀▀▀▀[48;2;213;213;222m▀[48;2;255;255;255m▀[38;2;213;213;222m▀[38;2;255;255;255m▀[48;2;189;189;189m▀[48;2;82;82;82m▀▀▀▀▀▀▀▀[48;2;189;189;189m▀[48;2;255;255;255m▀[38;2;213;213;222m▀[38;2;82;131;197m▀[48;2;213;213;222m▀[48;2;82;131;197m▀▀▀▀▀▀▀▀[38;2;24;57;115m▀▀[49m▄▄[0m
[0m     [38;2;82;82;82m▄[48;2;255;255;255m▀[48;2;24;57;115m▀[38;2;24;57;115;48;2;82;131;197m▀[38;2;82;131;197m▀▀[48;2;24;57;115m▀[48;2;82;131;197m▀▀▀▀[48;2;213;213;222m▀[38;2;213;213;222;48;2;255;255;255m▀[38;2;255;255;255m▀[48;2;82;82;82m▀[38;2;189;189;189m▀[38;2;82;82;82m▀▀[48;2;213;213;222m▀[48;2;255;255;255m▀▀▀▀▀▀[48;2;213;213;222m▀[48;2;82;82;82m▀▀[38;2;189;189;189m▀[38;2;255;255;255m▀[48;2;255;255;255m▀[38;2;213;213;222m▀[38;2;82;131;197;48;2;213;213;222m▀[48;2;82;131;197m▀▀▀▀▀▀▀▀▀▀[38;2;24;57;115m▀[49m▄[38;2;16;16;16m▄[0m
[0m   [38;2;82;82;82m▄[38;2;16;16;16;48;2;16;16;16m▀[38;2;255;255;255;48;2;255;255;255m▀▀[38;2;57;90;131;48;2;57;90;131m▀[38;2;82;131;197;48;2;82;131;197m▀▀[48;2;24;57;115m▀[38;2;24;57;115;48;2;82;131;197m▀[38;2;82;131;197m▀▀▀[48;2;213;213;222m▀[38;2;255;255;255;48;2;255;255;255m▀[48;2;189;189;189m▀[38;2;82;82;82;48;2;82;82;82m▀▀[48;2;255;255;255m▀[38;2;213;213;222m▀[38;2;255;255;255m▀[48;2;213;213;222m▀[48;2;82;82;82m▀▀▀▀▀▀[48;2;213;213;222m▀[48;2;255;255;255m▀[38;2;213;213;222m▀[38;2;82;82;82m▀[48;2;82;82;82m▀[48;2;16;16;16m▀[38;2;213;213;222;48;2;82;82;82m▀[38;2;255;255;255;48;2;189;189;189m▀[38;2;213;213;222;48;2;255;255;255m▀[38;2;82;131;197;48;2;82;131;197m▀▀▀[38;2;57;115;172m▀[38;2;82;131;197;48;2;24;57;115m▀▀[48;2;82;131;197m▀▀▀▀[38;2;24;57;115;48;2;24;57;115m▀[38;2;189;189;189;48;2;213;213;222m▀[38;2;16;16;16;48;2;189;189;189m▀[38;2;82;82;82;49m▄[0m
[0m [38;2;82;82;82m▄[48;2;255;255;255m▀[38;2;255;255;255m▀[38;2;164;164;164m▀[38;2;255;255;255;48;2;189;189;189m▀[48;2;255;255;255m▀▀[38;2;57;90;131m▀▀[38;2;24;57;115;48;2;24;57;115m▀[38;2;82;131;197;48;2;82;131;197m▀▀▀▀[38;2;255;255;255;48;2;255;255;255m▀[38;2;213;213;222;48;2;164;164;164m▀[38;2;82;82;82;48;2;82;82;82m▀▀[38;2;213;213;222;48;2;255;255;255m▀[38;2;255;255;255m▀[48;2;82;82;82m▀[38;2;82;82;82m▀▀[48;2;255;255;255m▀▀▀▀▀[48;2;213;213;222m▀[48;2;82;82;82m▀[48;2;16;16;16m▀[38;2;255;255;255;48;2;82;82;82m▀[48;2;213;213;222m▀[38;2;213;213;222;48;2;255;255;255m▀[38;2;82;82;82m▀[38;2;16;16;16;48;2;16;16;16m▀[38;2;82;82;82m▀[38;2;255;255;255;48;2;164;164;164m▀[38;2;213;213;222;48;2;255;255;255m▀[38;2;82;131;197;48;2;82;131;197m▀▀▀[38;2;57;90;131;48;2;57;90;131m▀▀[38;2;24;57;115;48;2;16;16;16m▀[38;2;82;131;197;48;2;24;57;115m▀▀[38;2;24;57;115;48;2;255;255;255m▀[38;2;255;255;255m▀▀[38;2;213;213;222m▀[38;2;82;82;82;48;2;82;82;82m▀[38;2;16;16;16;48;2;189;189;189m▀[49m▄▄[0m
[38;2;82;82;82;49m▄[48;2;255;255;255m▀[38;2;255;255;255m▀▀▀▀[38;2;189;189;189m▀[38;2;255;255;255m▀▀[48;2;82;82;82m▀[38;2;24;57;115;48;2;24;57;115m▀[38;2;82;131;197;48;2;57;115;172m▀[48;2;82;131;197m▀▀[38;2;213;213;222;48;2;213;213;222m▀[38;2;255;255;255;48;2;255;255;255m▀[38;2;82;82;82;48;2;16;16;16m▀[38;2;16;16;16m▀[38;2;213;213;222;48;2;255;255;255m▀[38;2;255;255;255m▀[38;2;213;213;222;48;2;82;82;82m▀[38;2;82;82;82m▀[48;2;213;213;222m▀[38;2;213;213;222;48;2;255;255;255m▀[38;2;255;255;255;48;2;82;82;82m▀[38;2;82;82;82;48;2;16;16;16m▀▀▀[38;2;213;213;222;48;2;82;82;82m▀[38;2;255;255;255;48;2;213;213;222m▀[38;2;213;213;222;48;2;255;255;255m▀[38;2;82;82;82;48;2;213;213;222m▀[38;2;16;16;16;48;2;16;16;16m▀[38;2;164;164;164;48;2;82;82;82m▀[38;2;255;255;255;48;2;255;255;255m▀▀[38;2;82;82;82m▀[38;2;16;16;16;48;2;16;16;16m▀[38;2;82;82;82m▀[38;2;255;255;255;48;2;255;255;255m▀[38;2;82;131;197;48;2;213;213;222m▀[48;2;82;131;197m▀[38;2;57;115;172;48;2;57;90;131m▀[38;2;57;90;131m▀[38;2;82;82;82m▀[38;2;255;255;255;48;2;82;82;82m▀[48;2;255;255;255m▀▀▀▀▀[38;2;164;164;164m▀[38;2;189;189;189;48;2;213;213;222m▀[48;2;189;189;189m▀▀▀[38;2;16;16;16m▀[49m▄[0m
[38;2;82;82;82;48;2;82;82;82m▀[38;2;255;255;255;48;2;255;255;255m▀▀▀▀▀▀[48;2;213;213;222m▀[38;2;189;189;189;48;2;255;255;255m▀▀[38;2;24;57;115;48;2;24;57;115m▀[38;2;57;90;131;48;2;57;90;131m▀[38;2;82;131;197;48;2;57;115;172m▀[48;2;82;131;197m▀[38;2;213;213;222;48;2;213;213;222m▀[38;2;255;255;255;48;2;255;255;255m▀[38;2;16;16;16;48;2;16;16;16m▀▀[38;2;255;255;255;48;2;255;255;255m▀▀[38;2;16;16;16;48;2;16;16;16m▀▀[38;2;255;255;255;48;2;255;255;255m▀[38;2;82;82;82;48;2;82;82;82m▀[38;2;16;16;16;48;2;16;16;16m▀[38;2;164;164;164;48;2;82;82;82m▀[38;2;255;255;255;48;2;255;255;255m▀[38;2;164;164;164m▀[38;2;16;16;16;48;2;16;16;16m▀[38;2;82;82;82m▀[38;2;255;255;255;48;2;255;255;255m▀▀[38;2;16;16;16;48;2;16;16;16m▀▀[38;2;255;255;255;48;2;255;255;255m▀▀▀[38;2;16;16;16;48;2;16;16;16m▀▀[38;2;255;255;255;48;2;255;255;255m▀[38;2;213;213;222;48;2;213;213;222m▀[38;2;57;115;172;48;2;57;90;131m▀[38;2;57;90;131m▀▀[48;2;82;82;82m▀[38;2;82;82;82;48;2;255;255;255m▀▀[38;2;164;164;164m▀[38;2;213;213;222m▀[38;2;255;255;255m▀▀▀▀[38;2;213;213;222;48;2;213;213;222m▀[38;2;189;189;189;48;2;189;189;189m▀▀▀[38;2;16;16;16m▀[49m▄[0m
[38;2;82;82;82;49m▀[38;2;255;255;255;48;2;82;82;82m▀[48;2;255;255;255m▀▀▀[48;2;213;213;222m▀▀[38;2;213;213;222;48;2;82;82;82m▀[38;2;255;255;255;48;2;255;255;255m▀▀[38;2;24;57;115m▀[38;2;57;90;131;48;2;24;57;115m▀[48;2;57;90;131m▀[38;2;57;115;172m▀[38;2;213;213;222;48;2;213;213;222m▀[38;2;255;255;255;48;2;255;255;255m▀[38;2;16;16;16;48;2;82;82;82m▀[48;2;16;16;16m▀[38;2;164;164;164;48;2;82;82;82m▀[38;2;255;255;255;48;2;255;255;255m▀[38;2;82;82;82;48;2;164;164;164m▀[38;2;16;16;16;48;2;16;16;16m▀[38;2;164;164;164;48;2;82;82;82m▀[38;2;255;255;255;48;2;164;164;164m▀[38;2;82;82;82;48;2;255;255;255m▀▀[38;2;255;255;255m▀[48;2;82;82;82m▀[38;2;16;16;16;48;2;16;16;16m▀[48;2;82;82;82m▀[38;2;255;255;255;48;2;255;255;255m▀▀[38;2;16;16;16;48;2;16;16;16m▀▀[38;2;255;255;255;48;2;255;255;255m▀▀[48;2;164;164;164m▀[38;2;16;16;16;48;2;16;16;16m▀▀[38;2;255;255;255;48;2;213;213;222m▀[38;2;189;189;189;48;2;189;189;189m▀[38;2;57;90;131;48;2;57;90;131m▀▀[38;2;82;82;82;48;2;82;82;82m▀[38;2;255;255;255;48;2;255;255;255m▀▀▀[38;2;189;189;189;48;2;189;189;189m▀[38;2;255;255;255;48;2;255;255;255m▀▀▀▀▀[38;2;213;213;222;48;2;213;213;222m▀[38;2;189;189;189;48;2;189;189;189m▀▀▀▀[38;2;16;16;16;48;2;16;16;16m▀[0m
[0m [38;2;82;82;82m▀[38;2;213;213;222;48;2;82;82;82m▀[48;2;189;189;189m▀▀[38;2;189;189;189m▀▀[38;2;82;82;82m▀[38;2;255;255;255;48;2;16;16;16m▀[48;2;255;255;255m▀▀[38;2;24;57;115;48;2;82;82;82m▀[38;2;57;90;131;48;2;24;57;115m▀[48;2;57;90;131m▀[38;2;189;189;189m▀[38;2;213;213;222;48;2;189;189;189m▀[38;2;164;164;164m▀[38;2;16;16;16;48;2;82;82;82m▀[48;2;16;16;16m▀[38;2;213;213;222;48;2;82;82;82m▀[38;2;255;255;255;48;2;213;213;222m▀[38;2;82;82;82;48;2;255;255;255m▀[38;2;16;16;16;48;2;164;164;164m▀[48;2;82;82;82m▀[48;2;16;16;16m▀▀▀[48;2;82;82;82m▀[38;2;82;82;82;48;2;164;164;164m▀[38;2;255;255;255;48;2;255;255;255m▀[48;2;213;213;222m▀[38;2;213;213;222;48;2;82;82;82m▀[38;2;16;16;16;48;2;16;16;16m▀[38;2;82;82;82;48;2;164;164;164m▀[38;2;213;213;222;48;2;189;189;189m▀▀[38;2;82;82;82;48;2;16;16;16m▀[38;2;16;16;16m▀[38;2;82;82;82;48;2;164;164;164m▀[38;2;189;189;189;48;2;189;189;189m▀[48;2;57;90;131m▀[38;2;57;90;131m▀▀[38;2;82;82;82m▀[38;2;255;255;255;48;2;82;82;82m▀[48;2;255;255;255m▀▀▀[38;2;82;82;82;48;2;82;82;82m▀[38;2;255;255;255;48;2;255;255;255m▀▀▀[48;2;213;213;222m▀[38;2;213;213;222;48;2;189;189;189m▀[38;2;189;189;189m▀▀▀[48;2;16;16;16m▀[38;2;16;16;16;49m▀[0m
[0m   [38;2;82;82;82m▀▀[38;2;189;189;189;48;2;82;82;82m▀▀▀▀[38;2;16;16;16;49m▀▀[0m [38;2;24;57;115m▀[38;2;57;90;131;48;2;16;16;16m▀[48;2;57;90;131m▀[38;2;164;164;164m▀[38;2;189;189;189;48;2;164;164;164m▀[48;2;189;189;189m▀[38;2;82;82;82m▀[38;2;16;16;16;48;2;82;82;82m▀[38;2;82;82;82;48;2;16;16;16m▀[38;2;213;213;222m▀[48;2;82;82;82m▀[48;2;189;189;189m▀▀▀▀▀[48;2;82;82;82m▀[48;2;16;16;16m▀[38;2;82;82;82m▀[38;2;16;16;16;48;2;82;82;82m▀[38;2;82;82;82;48;2;189;189;189m▀[38;2;189;189;189m▀[48;2;82;82;82m▀[38;2;82;82;82;48;2;16;16;16m▀[38;2;16;16;16;48;2;82;82;82m▀[38;2;82;82;82;48;2;189;189;189m▀[38;2;189;189;189m▀[48;2;164;164;164m▀[38;2;57;90;131;48;2;57;90;131m▀▀▀[48;2;16;16;16m▀[38;2;82;82;82;49m▀[38;2;255;255;255;48;2;16;16;16m▀▀▀[38;2;82;82;82;48;2;189;189;189m▀[38;2;213;213;222m▀▀▀[38;2;189;189;189m▀▀▀▀[48;2;16;16;16m▀[38;2;16;16;16;49m▀[0m
[0m              [38;2;16;16;16m▀[38;2;57;90;131;48;2;16;16;16m▀[38;2;164;164;164;48;2;57;90;131m▀[38;2;189;189;189;48;2;164;164;164m▀[48;2;189;189;189m▀▀[38;2;82;82;82m▀[38;2;16;16;16m▀[48;2;82;82;82m▀[48;2;16;16;16m▀▀▀▀▀[48;2;82;82;82m▀[48;2;189;189;189m▀[38;2;82;82;82m▀[38;2;189;189;189;48;2;164;164;164m▀[48;2;82;82;82m▀[38;2;82;82;82;48;2;16;16;16m▀[38;2;16;16;16;48;2;82;82;82m▀[38;2;82;82;82;48;2;189;189;189m▀[38;2;189;189;189m▀[48;2;164;164;164m▀[38;2;164;164;164;48;2;57;90;131m▀[38;2;57;90;131m▀▀[48;2;16;16;16m▀[38;2;16;16;16;49m▀[0m    [38;2;16;16;16m▀▀[38;2;189;189;189;48;2;16;16;16m▀▀▀▀▀[38;2;16;16;16;49m▀▀[0m
[0m                [38;2;16;16;16m▀[38;2;57;90;131;48;2;24;57;115m▀[38;2;164;164;164;48;2;57;90;131m▀[38;2;189;189;189m▀[48;2;164;164;164m▀[48;2;189;189;189m▀▀▀▀▀▀▀[38;2;164;164;164;48;2;82;82;82m▀[38;2;82;82;82;48;2;16;16;16m▀▀[38;2;16;16;16;48;2;82;82;82m▀[48;2;189;189;189m▀[38;2;82;82;82m▀[38;2;189;189;189m▀[48;2;57;90;131m▀[38;2;164;164;164m▀[38;2;57;90;131m▀▀[48;2;16;16;16m▀[38;2;16;16;16;49m▀[0m
[0m                 [38;2;24;57;115;48;2;24;57;115m▀[38;2;57;90;131;48;2;57;90;131m▀▀[48;2;16;16;16m▀▀[38;2;164;164;164m▀[38;2;189;189;189m▀[48;2;57;90;131m▀▀▀▀▀▀▀▀[38;2;164;164;164m▀[38;2;57;90;131;48;2;16;16;16m▀▀▀[38;2;16;16;16;48;2;57;90;131m▀[38;2;57;90;131m▀▀[38;2;16;16;16;48;2;16;16;16m▀[0m
[0m           [38;2;24;57;115m▄▄▄[48;2;57;90;131m▀▀▀[38;2;57;90;131m▀▀▀[38;2;16;16;16m▀[49m▄[0m  [38;2;16;16;16m▀▀▀▀▀▀▀▀▀[0m   [38;2;24;57;115;48;2;24;57;115m▀[38;2;57;90;131;48;2;57;90;131m▀▀[38;2;16;16;16m▀[49m▄[0m
[0m         [38;2;24;57;115m▄[48;2;57;115;172m▀[38;2;57;115;172m▀▀▀▀[38;2;57;90;131m▀[48;2;57;90;131m▀▀▀▀▀[38;2;16;16;16;48;2;16;16;16m▀[0m             [38;2;24;57;115m▄[48;2;57;90;131m▀[38;2;57;90;131m▀[48;2;57;115;172m▀[48;2;82;131;197m▀▀[38;2;16;16;16m▀[48;2;57;115;172m▀[49m▄[0m
[0m         [38;2;24;57;115m▀[38;2;57;115;172;48;2;24;57;115m▀[48;2;57;90;131m▀▀▀▀[38;2;57;90;131m▀▀[48;2;16;16;16m▀▀[38;2;16;16;16;49m▀▀[0m             [38;2;24;57;115;48;2;24;57;115m▀[38;2;57;90;131;48;2;57;90;131m▀▀[38;2;57;115;172;48;2;82;131;197m▀[38;2;82;131;197m▀[48;2;139;164;230m▀▀▀[48;2;82;131;197m▀[38;2;57;115;172m▀[38;2;16;16;16m▀[49m▄[0m
[0m           [38;2;16;16;16m▀▀▀▀▀▀[0m                 [38;2;24;57;115m▀[38;2;57;90;131;48;2;24;57;115m▀[48;2;57;90;131m▀[38;2;82;131;197;48;2;57;115;172m▀[48;2;82;131;197m▀[38;2;139;164;230m▀▀▀[38;2;82;131;197m▀[48;2;57;115;172m▀[48;2;57;90;131m▀[38;2;16;16;16;48;2;16;16;16m▀[0m
[0m                                    [38;2;16;16;16m▀▀[38;2;57;90;131;48;2;16;16;16m▀▀▀▀▀▀[38;2;16;16;16;49m▀[0m
