[0m                                  [38;2;0;0;0m▄▄[38;2;98;74;131m▄[48;2;164;139;205m▀[48;2;139;115;180m▀▀[49m▄[0m
[0m                                [38;2;98;74;131m▄[38;2;0;0;0;48;2;0;0;0m▀[38;2;164;139;205;48;2;98;74;131m▀[48;2;164;139;205m▀[48;2;139;115;180m▀[38;2;0;0;0m▀[38;2;98;74;131;48;2;189;156;230m▀[38;2;189;156;230m▀▀[38;2;98;74;131;48;2;98;74;131m▀[48;2;139;115;180m▀[49m▄[0m
[0m                              [38;2;0;0;0m▄[38;2;98;74;131;48;2;164;139;205m▀[38;2;164;139;205m▀▀[48;2;189;156;230m▀[38;2;98;74;131m▀[38;2;189;156;230m▀▀[48;2;139;115;180m▀[48;2;164;139;205m▀[48;2;189;156;230m▀▀[38;2;0;0;0m▀[38;2;98;74;131;48;2;0;0;0m▀[38;2;0;0;0;49m▄[0m
[0m                              [38;2;0;0;0m▀[38;2;164;139;205;48;2;98;74;131m▀[38;2;0;0;0;48;2;139;115;180m▀[48;2;189;156;230m▀[48;2;164;139;205m▀[38;2;189;156;230;48;2;189;156;230m▀▀▀▀▀[38;2;164;139;205m▀[38;2;189;156;230m▀▀▀[38;2;139;115;180m▀[38;2;0;0;0m▀[38;2;98;74;131;49m▄▄[0m
[0m                              [38;2;98;74;131;48;2;0;0;0m▀[38;2;164;139;205;48;2;164;139;205m▀[38;2;189;156;230m▀[48;2;0;0;0m▀[38;2;139;115;180m▀[38;2;189;156;230;48;2;98;74;131m▀[48;2;189;156;230m▀▀▀▀▀▀[48;2;164;139;205m▀[48;2;189;156;230m▀[48;2;139;115;180m▀[48;2;189;156;230m▀[48;2;197;0;0m▀▀[38;2;139;115;180;48;2;189;156;230m▀[38;2;98;74;131;48;2;139;115;180m▀[38;2;0;0;0;49m▄[0m
[0m             [38;2;98;74;131m▄▄▄▄[0m              [38;2;0;0;0m▀▀[0m   [38;2;0;0;0m▀▀[38;2;189;156;230;48;2;0;0;0m▀▀▀[38;2;164;139;205;48;2;139;115;180m▀[38;2;189;156;230;48;2;189;156;230m▀▀▀[38;2;139;115;180m▀[38;2;189;156;230;48;2;156;57;123m▀[38;2;156;57;123;48;2;189;156;230m▀▀[38;2;197;0;0;48;2;156;57;123m▀[38;2;189;156;230;48;2;197;0;0m▀[38;2;0;0;0;48;2;189;156;230m▀[49m▄[0m
[0m       [38;2;98;74;131m▄▄[38;2;139;115;180m▄[38;2;98;74;131;48;2;189;156;230m▀▀[38;2;139;115;180m▀[38;2;189;156;230m▀[48;2;164;139;205m▀▀[48;2;189;156;230m▀[38;2;98;74;131;48;2;164;139;205m▀[38;2;0;0;0;49m▄[0m         [38;2;82;57;0m▄▄▄[0m          [38;2;98;74;131m▀[38;2;189;156;230;48;2;0;0;0m▀[48;2;189;156;230m▀▀▀▀[38;2;156;57;123m▀[38;2;197;0;0;48;2;156;57;123m▀[38;2;189;156;230;48;2;197;0;0m▀[38;2;156;57;123;48;2;189;156;230m▀[38;2;197;0;0;48;2;156;57;123m▀[38;2;189;156;230;48;2;197;0;0m▀[38;2;0;0;0;48;2;189;156;230m▀[49m▄[0m
[0m     [38;2;98;74;131m▄[48;2;189;156;230m▀[38;2;189;156;230m▀▀▀▀▀▀▀▀▀[38;2;164;139;205m▀[38;2;139;115;180;48;2;98;74;131m▀[48;2;139;115;180m▀[38;2;0;0;0m▀[49m▄[0m   [38;2;82;57;0m▄[48;2;238;230;139m▀▀▀[38;2;205;189;98;48;2;131;115;41m▀[48;2;205;189;98m▀[38;2;131;115;41;48;2;238;230;139m▀[38;2;82;57;0;48;2;131;115;41m▀[48;2;205;189;98m▀[48;2;238;230;139m▀[49m▄[0m        [38;2;98;74;131;48;2;0;0;0m▀[38;2;189;156;230;48;2;189;156;230m▀▀▀▀▀[38;2;156;57;123m▀[38;2;197;0;0;48;2;156;57;123m▀[38;2;189;156;230;48;2;189;156;230m▀[38;2;197;0;0m▀[38;2;189;156;230m▀[38;2;98;74;131m▀[49m▄[0m
[0m    [38;2;98;74;131;48;2;156;57;123m▀[38;2;156;57;123;48;2;197;0;0m▀[38;2;189;156;230;48;2;189;156;230m▀[38;2;164;139;205;48;2;98;74;131m▀[38;2;189;156;230;48;2;189;156;230m▀▀▀▀▀▀▀[38;2;139;115;180;48;2;98;74;131m▀[38;2;189;156;230;48;2;139;115;180m▀[48;2;164;139;205m▀[38;2;98;74;131;48;2;98;74;131m▀[38;2;139;115;180;48;2;0;0;0m▀[38;2;0;0;0;49m▀[0m   [38;2;82;57;0;48;2;98;74;131m▀[38;2;205;189;98;48;2;205;189;98m▀▀[38;2;238;230;139m▀[48;2;238;230;139m▀[38;2;131;115;41m▀[38;2;205;189;98;48;2;131;115;41m▀[38;2;238;230;139;48;2;205;189;98m▀[38;2;131;115;41;48;2;238;230;139m▀[38;2;205;189;98;48;2;131;115;41m▀[38;2;238;230;139;48;2;238;230;139m▀[38;2;131;115;41;48;2;131;115;41m▀[0m        [38;2;98;74;131;48;2;0;0;0m▀[38;2;189;156;230;48;2;189;156;230m▀▀▀▀▀▀[48;2;98;74;131m▀[38;2;164;139;205;48;2;139;115;180m▀▀[38;2;139;115;180m▀[38;2;98;74;131;48;2;0;0;0m▀[0m
[0m   [38;2;98;74;131;48;2;156;57;123m▀[38;2;156;57;123;48;2;189;156;230m▀[38;2;189;156;230m▀[48;2;197;0;0m▀[48;2;189;156;230m▀[38;2;98;74;131m▀[38;2;0;0;0m▀[38;2;139;115;180;48;2;0;0;0m▀[38;2;189;156;230;48;2;98;74;131m▀[48;2;164;139;205m▀[38;2;98;74;131;48;2;98;74;131m▀[38;2;189;156;230;48;2;164;139;205m▀[48;2;139;115;180m▀[38;2;98;74;131;48;2;98;74;131m▀[38;2;139;115;180;48;2;139;115;180m▀[38;2;98;74;131;48;2;0;0;0m▀[38;2;0;0;0;49m▀[0m   [38;2;82;57;0;48;2;0;0;0m▀[38;2;139;115;180;48;2;139;115;180m▀[38;2;98;74;131m▀▀▀[38;2;205;189;98;48;2;98;74;131m▀▀[38;2;238;230;139;48;2;238;230;139m▀[38;2;131;115;41;48;2;131;115;41m▀[38;2;238;230;139;48;2;205;189;98m▀[38;2;131;115;41;48;2;238;230;139m▀[38;2;238;230;139;48;2;205;189;98m▀[38;2;131;115;41;48;2;139;115;180m▀[38;2;98;74;131;49m▄[0m     [38;2;98;74;131m▄[38;2;0;0;0;48;2;164;139;205m▀[48;2;156;57;123m▀[38;2;164;139;205;48;2;0;0;0m▀[38;2;189;156;230;48;2;164;139;205m▀[48;2;139;115;180m▀[48;2;189;156;230m▀▀[38;2;164;139;205;48;2;139;115;180m▀[38;2;98;74;131;48;2;98;74;131m▀[38;2;139;115;180;48;2;139;115;180m▀[48;2;98;74;131m▀[38;2;98;74;131m▀[38;2;0;0;0;49m▀[0m
[0m  [38;2;98;74;131;48;2;156;57;123m▀[38;2;197;0;0;48;2;189;156;230m▀[38;2;189;156;230m▀[38;2;156;57;123;48;2;197;0;0m▀[38;2;189;156;230;48;2;189;156;230m▀▀▀▀[38;2;0;0;0;48;2;98;74;131m▀[38;2;139;115;180;48;2;0;0;0m▀▀[38;2;98;74;131;49m▀[38;2;139;115;180;48;2;0;0;0m▀▀[38;2;0;0;0;49m▀▀[0m    [38;2;0;0;0m▄[48;2;139;115;180m▀[38;2;139;115;180m▀[48;2;0;0;0m▀[38;2;189;156;230m▀▀[48;2;189;156;230m▀▀[38;2;82;57;0;48;2;139;115;180m▀[38;2;238;230;139;48;2;238;230;139m▀[38;2;131;115;41;48;2;131;115;41m▀[38;2;238;230;139;48;2;238;230;139m▀[38;2;82;57;0;48;2;82;57;0m▀[38;2;189;156;230;48;2;189;156;230m▀[38;2;98;74;131;48;2;0;0;0m▀[38;2;0;0;0;49m▄[0m   [38;2;0;0;0;48;2;98;74;131m▀[38;2;189;156;230;48;2;197;0;0m▀[38;2;197;0;0;48;2;156;57;123m▀[38;2;156;57;123;48;2;189;156;230m▀[38;2;164;139;205;48;2;197;0;0m▀[38;2;98;74;131;48;2;156;57;123m▀[48;2;98;74;131m▀[38;2;164;139;205;48;2;139;115;180m▀▀[38;2;139;115;180m▀▀▀[48;2;98;74;131m▀[38;2;0;0;0;49m▀[0m
[0m [38;2;98;74;131;48;2;98;74;131m▀[38;2;197;0;0;48;2;189;156;230m▀[38;2;189;156;230m▀[38;2;156;57;123;48;2;197;0;0m▀[38;2;189;156;230;48;2;189;156;230m▀▀▀▀▀[38;2;98;74;131;48;2;164;139;205m▀[38;2;0;0;0;49m▄[38;2;98;74;131m▄[48;2;189;156;230m▀▀[38;2;0;0;0m▀▀[48;2;139;115;180m▀▀▀[49m▄[48;2;139;115;180m▀[48;2;0;0;0m▀[38;2;139;115;180;48;2;139;115;180m▀▀[38;2;210;199;234;48;2;210;199;234m▀[38;2;197;0;0;48;2;0;0;0m▀[38;2;0;0;0;48;2;197;0;0m▀[48;2;210;199;234m▀[38;2;189;156;230;48;2;0;0;0m▀[48;2;189;156;230m▀[38;2;82;57;0m▀[38;2;139;115;180m▀[38;2;82;57;0m▀[38;2;189;156;230m▀[38;2;98;74;131;48;2;0;0;0m▀[38;2;156;57;123;48;2;156;57;123m▀[38;2;139;115;180;48;2;139;115;180m▀[38;2;0;0;0m▀▀[48;2;0;0;0m▀[38;2;189;156;230;48;2;189;156;230m▀[38;2;197;0;0m▀[38;2;189;156;230m▀[38;2;197;0;0;48;2;197;0;0m▀[38;2;156;57;123;48;2;189;156;230m▀[38;2;164;139;205;48;2;164;139;205m▀[38;2;98;74;131;48;2;139;115;180m▀[38;2;139;115;180m▀▀▀▀[38;2;0;0;0;48;2;0;0;0m▀[0m
[38;2;98;74;131;49m▄[48;2;189;156;230m▀[38;2;189;156;230m▀[38;2;156;57;123;48;2;156;57;123m▀[38;2;189;156;230;48;2;189;156;230m▀▀▀▀▀▀[38;2;164;139;205;48;2;164;139;205m▀[38;2;0;0;0;48;2;0;0;0m▀[38;2;189;156;230;48;2;139;115;180m▀[48;2;189;156;230m▀▀▀▀▀[38;2;139;115;180m▀▀[48;2;139;115;180m▀[38;2;0;0;0;48;2;0;0;0m▀[38;2;139;115;180;48;2;139;115;180m▀▀[48;2;98;74;131m▀[48;2;189;156;230m▀[38;2;0;0;0m▀[38;2;156;57;123m▀[38;2;210;199;234m▀[38;2;139;115;180m▀[38;2;189;156;230m▀[48;2;210;199;234m▀[38;2;139;115;180m▀▀▀[48;2;189;156;230m▀[38;2;189;156;230m▀[38;2;98;74;131m▀[38;2;139;115;180;48;2;98;74;131m▀[38;2;98;74;131;48;2;164;139;205m▀[38;2;139;115;180;48;2;98;74;131m▀[48;2;139;115;180m▀[38;2;189;156;230;48;2;189;156;230m▀[38;2;197;0;0;48;2;197;0;0m▀[38;2;189;156;230;48;2;189;156;230m▀[38;2;164;139;205;48;2;139;115;180m▀[38;2;139;115;180m▀▀▀▀▀[38;2;98;74;131;48;2;0;0;0m▀[0m
[38;2;98;74;131;48;2;0;0;0m▀[38;2;189;156;230;48;2;164;139;205m▀[48;2;189;156;230m▀[38;2;197;0;0;48;2;197;0;0m▀[38;2;189;156;230;48;2;189;156;230m▀[48;2;139;115;180m▀[48;2;189;156;230m▀▀▀▀[38;2;0;0;0;48;2;98;74;131m▀[38;2;189;156;230;48;2;197;0;0m▀[38;2;139;115;180;48;2;189;156;230m▀[38;2;164;139;205;48;2;139;115;180m▀[38;2;189;156;230;48;2;189;156;230m▀▀▀▀▀▀▀[38;2;139;115;180m▀[48;2;164;139;205m▀[48;2;139;115;180m▀[38;2;0;0;0m▀[38;2;189;156;230;48;2;0;0;0m▀[48;2;98;74;131m▀[48;2;189;156;230m▀▀▀▀▀[38;2;139;115;180m▀[38;2;189;156;230m▀▀[38;2;139;115;180m▀[38;2;189;156;230m▀▀[38;2;98;74;131;48;2;98;74;131m▀[38;2;164;139;205;48;2;164;139;205m▀[38;2;98;74;131m▀[38;2;139;115;180;48;2;139;115;180m▀[38;2;189;156;230m▀▀[38;2;164;139;205m▀[38;2;139;115;180m▀▀▀▀▀[38;2;0;0;0;48;2;0;0;0m▀[0m
[38;2;0;0;0;49m▀[38;2;139;115;180;48;2;98;74;131m▀[38;2;189;156;230;48;2;189;156;230m▀▀▀[38;2;98;74;131;48;2;98;74;131m▀[38;2;189;156;230;48;2;189;156;230m▀▀[48;2;164;139;205m▀[38;2;0;0;0;48;2;98;74;131m▀[38;2;189;156;230;48;2;164;139;205m▀▀▀[38;2;139;115;180m▀[38;2;164;139;205m▀[38;2;189;156;230;48;2;189;156;230m▀▀[38;2;164;139;205;48;2;139;115;180m▀[38;2;189;156;230;48;2;189;156;230m▀▀▀[48;2;164;139;205m▀[38;2;164;139;205m▀[38;2;98;74;131m▀[38;2;139;115;180;48;2;98;74;131m▀[48;2;139;115;180m▀▀[38;2;0;0;0m▀[38;2;98;74;131m▀[38;2;189;156;230;48;2;0;0;0m▀[48;2;98;74;131m▀▀[38;2;98;74;131;48;2;139;115;180m▀▀[38;2;0;0;0m▀▀[38;2;164;139;205;48;2;0;0;0m▀[38;2;0;0;0;48;2;164;139;205m▀[38;2;164;139;205m▀▀▀[48;2;139;115;180m▀[38;2;139;115;180;48;2;98;74;131m▀[38;2;98;74;131;48;2;139;115;180m▀▀[38;2;139;115;180m▀▀[48;2;0;0;0m▀▀[38;2;0;0;0;49m▀[0m
[0m [38;2;0;0;0m▀[38;2;189;156;230;48;2;0;0;0m▀[48;2;98;74;131m▀[48;2;164;139;205m▀[38;2;164;139;205m▀[38;2;98;74;131;48;2;139;115;180m▀[38;2;164;139;205m▀[38;2;98;74;131m▀[38;2;139;115;180m▀▀▀▀▀[38;2;164;139;205m▀▀[38;2;139;115;180m▀▀[38;2;189;156;230;48;2;189;156;230m▀▀[38;2;164;139;205;48;2;139;115;180m▀[38;2;139;115;180;48;2;189;156;230m▀▀[38;2;164;139;205;48;2;139;115;180m▀▀[38;2;0;0;0m▀▀[38;2;98;74;131m▀[38;2;139;115;180;48;2;98;74;131m▀[48;2;0;0;0m▀▀▀▀▀[38;2;98;74;131;48;2;164;139;205m▀▀[38;2;164;139;205;48;2;189;156;230m▀[48;2;164;139;205m▀▀▀▀[38;2;98;74;131;48;2;98;74;131m▀[38;2;139;115;180;48;2;139;115;180m▀▀▀[48;2;0;0;0m▀[38;2;0;0;0;49m▀[0m
[0m    [38;2;0;0;0m▀▀[38;2;139;115;180;48;2;0;0;0m▀▀[48;2;98;74;131m▀[48;2;139;115;180m▀▀▀▀▀▀▀▀▀[38;2;164;139;205m▀[38;2;139;115;180m▀[38;2;189;156;230;48;2;189;156;230m▀▀▀▀[38;2;164;139;205m▀▀▀[38;2;139;115;180m▀[48;2;164;139;205m▀▀[48;2;189;156;230m▀[38;2;164;139;205m▀▀[38;2;189;156;230m▀▀▀▀▀[38;2;164;139;205m▀[48;2;164;139;205m▀[38;2;98;74;131;48;2;98;74;131m▀[38;2;139;115;180;48;2;139;115;180m▀▀▀[48;2;0;0;0m▀[38;2;0;0;0;49m▀[0m
[0m         [38;2;0;0;0m▀▀▀[38;2;98;74;131m▀[38;2;139;115;180;48;2;0;0;0m▀▀▀▀▀[38;2;98;74;131;48;2;98;74;131m▀[38;2;164;139;205;48;2;189;156;230m▀[38;2;189;156;230m▀▀▀▀▀▀▀▀▀[38;2;164;139;205;48;2;164;139;205m▀[38;2;189;156;230;48;2;189;156;230m▀▀▀▀▀▀▀▀▀[38;2;164;139;205;48;2;164;139;205m▀[38;2;98;74;131;48;2;98;74;131m▀[38;2;139;115;180;48;2;139;115;180m▀▀[38;2;0;0;0;48;2;0;0;0m▀[0m
[0m                  [38;2;0;0;0;48;2;0;0;0m▀[38;2;189;156;230;48;2;164;139;205m▀[48;2;189;156;230m▀▀▀▀▀▀▀▀▀[48;2;164;139;205m▀[48;2;189;156;230m▀▀▀▀▀▀▀[48;2;164;139;205m▀[38;2;164;139;205;48;2;139;115;180m▀[38;2;98;74;131;48;2;98;74;131m▀[38;2;139;115;180;48;2;139;115;180m▀▀[38;2;0;0;0;48;2;0;0;0m▀[0m
[0m                   [38;2;0;0;0;48;2;0;0;0m▀[38;2;164;139;205;48;2;139;115;180m▀▀[38;2;189;156;230;48;2;164;139;205m▀▀▀▀▀[38;2;164;139;205m▀[48;2;139;115;180m▀[38;2;98;74;131;48;2;98;74;131m▀[38;2;164;139;205;48;2;139;115;180m▀[48;2;164;139;205m▀[38;2;189;156;230m▀▀▀[38;2;164;139;205m▀[48;2;139;115;180m▀[38;2;139;115;180m▀[48;2;98;74;131m▀[48;2;139;115;180m▀[48;2;0;0;0m▀[38;2;0;0;0;49m▀[0m
[0m                    [38;2;0;0;0;48;2;0;0;0m▀[38;2;139;115;180;48;2;98;74;131m▀▀[48;2;139;115;180m▀▀▀▀▀▀[38;2;98;74;131m▀[38;2;139;115;180m▀▀▀▀▀▀▀[48;2;98;74;131m▀[38;2;98;74;131;48;2;139;115;180m▀▀[38;2;0;0;0;48;2;0;0;0m▀[0m
[0m                     [38;2;0;0;0m▀[38;2;139;115;180;48;2;0;0;0m▀[38;2;98;74;131;48;2;139;115;180m▀▀▀[38;2;139;115;180m▀[38;2;98;74;131m▀▀▀▀▀[38;2;139;115;180m▀[38;2;98;74;131m▀▀▀▀[38;2;139;115;180m▀▀[48;2;0;0;0m▀[38;2;0;0;0;49m▀[0m
[0m                      [38;2;0;0;0;48;2;0;0;0m▀[48;2;74;74;98m▀[48;2;82;57;0m▀[48;2;238;230;139m▀[38;2;82;57;0;48;2;131;115;41m▀[38;2;131;115;41;48;2;205;189;98m▀[38;2;205;189;98;48;2;238;230;139m▀[38;2;197;0;0;48;2;197;0;0m▀[38;2;205;189;98;48;2;238;230;139m▀[38;2;131;115;41;48;2;205;189;98m▀[38;2;82;57;0;48;2;131;115;41m▀[38;2;0;0;0;48;2;205;189;98m▀[48;2;82;57;0m▀[48;2;74;74;98m▀[38;2;98;74;131m▀▀[38;2;0;0;0m▀[48;2;0;0;0m▀[0m
[0m                [38;2;98;74;131m▄[38;2;139;115;180m▄[38;2;98;74;131;48;2;189;156;230m▀▀▀[48;2;139;115;180m▀[38;2;0;0;0m▀[38;2;74;74;98;48;2;98;74;131m▀[38;2;0;0;0;48;2;0;0;0m▀[38;2;131;115;41;48;2;131;115;41m▀[38;2;205;189;98;48;2;205;189;98m▀[38;2;238;230;139;48;2;238;230;139m▀[38;2;131;115;41;48;2;131;115;41m▀[38;2;238;230;139;48;2;238;230;139m▀[38;2;131;115;41;48;2;131;115;41m▀[38;2;238;230;139;48;2;238;230;139m▀[38;2;205;189;98;48;2;205;189;98m▀[38;2;131;115;41;48;2;131;115;41m▀[38;2;0;0;0;48;2;0;0;0m▀[38;2;74;74;98;48;2;74;74;98m▀[38;2;205;189;98;48;2;205;189;98m▀[38;2;74;74;98;48;2;74;74;98m▀[38;2;131;115;41m▀[38;2;0;0;0;48;2;0;0;0m▀[0m
[0m              [38;2;98;74;131m▄[48;2;189;156;230m▀[38;2;189;156;230m▀[38;2;164;139;205m▀[38;2;189;156;230m▀▀▀▀▀[38;2;139;115;180;48;2;139;115;180m▀[38;2;0;0;0m▀[38;2;205;189;98;48;2;0;0;0m▀[38;2;131;115;41;48;2;82;57;0m▀[38;2;205;189;98;48;2;131;115;41m▀[38;2;238;230;139;48;2;205;189;98m▀[38;2;131;115;41m▀[38;2;238;230;139m▀[38;2;205;189;98;48;2;131;115;41m▀[38;2;131;115;41;48;2;82;57;0m▀[38;2;205;189;98;48;2;0;0;0m▀[38;2;0;0;0m▀[38;2;74;74;98;48;2;74;74;98m▀▀▀▀[38;2;0;0;0;48;2;0;0;0m▀[0m
[0m             [38;2;139;115;180;48;2;139;115;180m▀[38;2;189;156;230;48;2;189;156;230m▀[38;2;139;115;180;48;2;139;115;180m▀[38;2;189;156;230;48;2;210;199;234m▀[38;2;210;199;234m▀▀[38;2;189;156;230;48;2;189;156;230m▀▀▀▀[48;2;98;74;131m▀[38;2;139;115;180;48;2;139;115;180m▀[38;2;98;74;131;48;2;98;74;131m▀[38;2;0;0;0;48;2;0;0;0m▀[48;2;74;74;98m▀▀▀▀[38;2;74;74;98m▀▀▀▀▀▀[48;2;0;0;0m▀[38;2;0;0;0m▀[38;2;98;74;131;48;2;98;74;131m▀[38;2;0;0;0;48;2;0;0;0m▀[0m
[0m            [38;2;98;74;131;48;2;98;74;131m▀[38;2;164;139;205;48;2;164;139;205m▀[38;2;139;115;180;48;2;139;115;180m▀[38;2;189;156;230;48;2;189;156;230m▀[38;2;210;199;234m▀▀[38;2;189;156;230m▀▀▀[38;2;164;139;205;48;2;139;115;180m▀[38;2;139;115;180;48;2;189;156;230m▀[38;2;98;74;131;48;2;139;115;180m▀[38;2;139;115;180;48;2;98;74;131m▀[38;2;98;74;131m▀[48;2;139;115;180m▀[38;2;0;0;0;48;2;0;0;0m▀[38;2;74;74;98m▀▀▀[48;2;74;74;98m▀▀▀[48;2;0;0;0m▀[38;2;0;0;0;48;2;98;74;131m▀[48;2;139;115;180m▀[38;2;98;74;131m▀[38;2;139;115;180m▀▀▀[38;2;0;0;0m▀[49m▄[0m
[0m             [38;2;98;74;131;48;2;0;0;0m▀[38;2;164;139;205;48;2;139;115;180m▀[38;2;98;74;131;48;2;98;74;131m▀[38;2;189;156;230;48;2;189;156;230m▀▀▀▀[38;2;139;115;180;48;2;139;115;180m▀[38;2;189;156;230;48;2;189;156;230m▀▀▀[38;2;98;74;131;48;2;0;0;0m▀[38;2;139;115;180;48;2;139;115;180m▀▀[38;2;98;74;131m▀[38;2;0;0;0;48;2;0;0;0m▀▀▀▀▀[48;2;139;115;180m▀[38;2;98;74;131;48;2;98;74;131m▀[38;2;139;115;180;48;2;139;115;180m▀▀▀▀▀▀▀▀[38;2;0;0;0m▀[49m▄[0m
[0m              [38;2;98;74;131m▀[38;2;139;115;180;48;2;0;0;0m▀[38;2;98;74;131;48;2;98;74;131m▀[38;2;164;139;205;48;2;139;115;180m▀▀[38;2;139;115;180m▀▀[38;2;189;156;230;48;2;164;139;205m▀▀[38;2;164;139;205;48;2;139;115;180m▀[38;2;0;0;0;48;2;0;0;0m▀[38;2;139;115;180;48;2;139;115;180m▀[48;2;98;74;131m▀[38;2;0;0;0;48;2;0;0;0m▀[49m▀▀▀[48;2;0;0;0m▀[38;2;98;74;131;48;2;98;74;131m▀[38;2;139;115;180;48;2;139;115;180m▀▀[38;2;98;74;131;48;2;98;74;131m▀[38;2;139;115;180;48;2;139;115;180m▀▀▀▀▀▀▀▀[38;2;98;74;131m▀[38;2;0;0;0;49m▄[0m
[0m                [38;2;0;0;0m▀[38;2;139;115;180;48;2;98;74;131m▀[48;2;139;115;180m▀▀▀▀[48;2;98;74;131m▀[38;2;0;0;0;48;2;0;0;0m▀[49m▀▀[0m     [38;2;0;0;0;48;2;0;0;0m▀▀[38;2;139;115;180;48;2;139;115;180m▀▀▀[38;2;98;74;131;48;2;98;74;131m▀[38;2;139;115;180;48;2;139;115;180m▀▀▀[48;2;164;139;205m▀▀[38;2;164;139;205;48;2;189;156;230m▀▀[38;2;139;115;180;48;2;164;139;205m▀[38;2;98;74;131m▀[49m▄[0m
[0m                 [38;2;98;74;131;48;2;0;0;0m▀[38;2;139;115;180;48;2;164;139;205m▀▀▀[48;2;139;115;180m▀[38;2;98;74;131m▀[38;2;0;0;0;48;2;0;0;0m▀[0m       [38;2;0;0;0;48;2;0;0;0m▀[38;2;98;74;131;48;2;98;74;131m▀[38;2;0;0;0;48;2;0;0;0m▀[38;2;139;115;180;48;2;139;115;180m▀[38;2;164;139;205;48;2;164;139;205m▀▀[38;2;139;115;180;48;2;189;156;230m▀[48;2;139;115;180m▀[38;2;164;139;205;48;2;189;156;230m▀[38;2;189;156;230m▀▀▀▀▀▀[38;2;98;74;131;48;2;98;74;131m▀[0m
[0m              [38;2;98;74;131m▄▄[48;2;189;156;230m▀[38;2;189;156;230m▀▀▀▀▀[38;2;164;139;205m▀[38;2;0;0;0;48;2;164;139;205m▀[49m▄[0m     [38;2;0;0;0;48;2;0;0;0m▀[38;2;98;74;131;48;2;98;74;131m▀▀▀[38;2;0;0;0m▀[38;2;139;115;180m▀[38;2;164;139;205;48;2;139;115;180m▀[38;2;189;156;230;48;2;189;156;230m▀▀▀▀▀▀▀▀▀[38;2;164;139;205;48;2;164;139;205m▀[38;2;98;74;131;48;2;98;74;131m▀[0m
[0m            [38;2;98;74;131m▄[48;2;139;115;180m▀[38;2;164;139;205;48;2;98;74;131m▀[48;2;210;199;234m▀[48;2;98;74;131m▀[48;2;210;199;234m▀[48;2;98;74;131m▀[48;2;210;199;234m▀[38;2;189;156;230;48;2;98;74;131m▀[38;2;139;115;180;48;2;210;199;234m▀▀[38;2;164;139;205;48;2;164;139;205m▀[38;2;0;0;0;48;2;0;0;0m▀[0m     [38;2;0;0;0m▀[38;2;98;74;131;48;2;0;0;0m▀[48;2;98;74;131m▀[38;2;0;0;0m▀[38;2;98;74;131;48;2;0;0;0m▀[48;2;98;74;131m▀[48;2;0;0;0m▀[38;2;139;115;180;48;2;139;115;180m▀[38;2;189;156;230;48;2;164;139;205m▀[48;2;189;156;230m▀[48;2;164;139;205m▀[48;2;189;156;230m▀▀▀▀▀[38;2;164;139;205;48;2;164;139;205m▀[38;2;98;74;131;48;2;0;0;0m▀[0m
[0m            [38;2;0;0;0m▀[38;2;98;74;131;48;2;0;0;0m▀[38;2;139;115;180m▀[38;2;98;74;131m▀[38;2;139;115;180m▀[38;2;0;0;0;49m▀[38;2;139;115;180;48;2;0;0;0m▀▀[38;2;0;0;0;49m▀[38;2;139;115;180;48;2;0;0;0m▀▀▀[38;2;0;0;0;49m▀[0m      [38;2;0;0;0m▀[38;2;98;74;131;48;2;0;0;0m▀[38;2;139;115;180m▀[38;2;0;0;0;49m▀[38;2;98;74;131;48;2;0;0;0m▀[38;2;139;115;180m▀[38;2;0;0;0;49m▀[38;2;139;115;180;48;2;0;0;0m▀[38;2;189;156;230m▀[48;2;98;74;131m▀[38;2;139;115;180;48;2;139;115;180m▀[38;2;189;156;230m▀[48;2;164;139;205m▀▀[38;2;164;139;205;48;2;0;0;0m▀[38;2;0;0;0;49m▀[0m
[0m                                         [38;2;0;0;0m▀▀▀▀[0m
