[0m            [38;2;167;119;65m▄▄[48;2;246;230;115m▀▀▀[48;2;213;189;98m▀▀▀[49m▄[38;2;90;57;0m▄[0m
[0m          [38;2;167;119;65m▄[48;2;255;255;255m▀[38;2;255;255;255m▀▀▀[38;2;246;230;115m▀[48;2;246;230;115m▀▀▀[38;2;213;189;98m▀[48;2;213;189;98m▀▀[38;2;90;57;0m▀[38;2;0;0;0;49m▄[0m
[0m         [38;2;167;119;65;48;2;167;119;65m▀[38;2;246;230;115;48;2;246;230;115m▀[38;2;255;255;255;48;2;255;255;255m▀▀▀▀▀[38;2;246;230;115;48;2;246;230;115m▀▀▀▀[38;2;213;189;98;48;2;213;189;98m▀▀▀▀[38;2;90;57;0;48;2;0;0;0m▀[0m
[0m        [38;2;167;119;65;48;2;167;119;65m▀[38;2;213;189;98;48;2;255;255;255m▀[38;2;246;230;115;48;2;0;0;0m▀[48;2;246;230;115m▀[38;2;255;255;255m▀▀▀[38;2;246;230;115m▀▀▀▀[48;2;213;189;98m▀[38;2;213;189;98m▀▀▀▀▀[38;2;90;57;0;48;2;0;0;0m▀[0m
[0m        [38;2;167;119;65;48;2;167;119;65m▀[38;2;0;0;0;48;2;246;230;115m▀[38;2;167;119;65m▀[38;2;246;230;115m▀▀▀▀▀[38;2;255;255;255;48;2;0;0;0m▀[38;2;0;0;0;48;2;90;57;0m▀[38;2;213;189;98;48;2;213;189;98m▀▀▀▀▀▀▀[38;2;0;0;0;48;2;0;0;0m▀[0m
[0m       [38;2;167;119;65;48;2;90;57;0m▀[38;2;246;230;115;48;2;246;230;115m▀▀▀▀▀▀▀[48;2;213;189;98m▀▀[38;2;213;189;98m▀▀▀▀▀▀▀[38;2;167;119;65;48;2;90;57;0m▀[38;2;0;0;0;49m▀[0m
[0m     [38;2;180;65;49m▄[48;2;215;103;111m▀▀▀[48;2;180;65;49m▀[38;2;246;230;115;48;2;115;32;0m▀[48;2;246;230;115m▀[48;2;213;189;98m▀[38;2;213;189;98m▀▀▀▀▀▀▀▀▀[48;2;0;0;0m▀[38;2;167;119;65m▀[38;2;0;0;0;49m▀[0m
[0m     [38;2;180;65;49;48;2;115;32;0m▀[38;2;215;103;111;48;2;180;65;49m▀[38;2;115;32;0;48;2;115;32;0m▀[38;2;0;0;0m▀[38;2;215;103;111;48;2;0;0;0m▀[48;2;215;103;111m▀[38;2;0;0;0;48;2;180;65;49m▀[38;2;213;189;98;48;2;115;32;0m▀[48;2;213;189;98m▀▀▀[48;2;0;0;0m▀▀▀[38;2;0;0;0;49m▀▀▀▀[38;2;90;57;0;48;2;0;0;0m▀[48;2;90;57;0m▀[0m
[0m     [38;2;115;32;0m▀[48;2;0;0;0m▀[38;2;180;65;49;48;2;180;65;49m▀[38;2;115;32;0m▀[38;2;0;0;0;48;2;115;32;0m▀[38;2;180;65;49;48;2;180;65;49m▀[38;2;215;103;111m▀[38;2;0;0;0;48;2;0;0;0m▀[38;2;213;189;98m▀[38;2;0;0;0;49m▀▀[0m        [38;2;90;57;0;48;2;90;57;0m▀[48;2;0;0;0m▀[0m
[0m       [38;2;0;0;0m▀[38;2;180;65;49;48;2;0;0;0m▀▀▀[38;2;115;32;0m▀[38;2;0;0;0;49m▀[38;2;98;164;65m▄[38;2;65;106;16m▄▄▄[0m      [38;2;90;57;0m▄[48;2;90;57;0m▀[38;2;0;0;0;48;2;0;0;0m▀[0m
[0m          [38;2;98;164;65m▄[48;2;123;197;82m▀▀[38;2;123;197;82m▀[48;2;98;164;65m▀[48;2;65;106;16m▀[38;2;98;164;65m▀[38;2;65;106;16m▀[38;2;0;0;0m▀[49m▄[0m  [38;2;90;57;0m▄[48;2;90;57;0m▀[48;2;0;0;0m▀[38;2;65;106;16;49m▄▄▄[0m
[0m        [38;2;65;106;16m▄[38;2;98;164;65;48;2;123;197;82m▀[38;2;123;197;82m▀▀[48;2;65;106;16m▀[38;2;65;106;16;48;2;98;164;65m▀[48;2;123;197;82m▀[38;2;98;164;65m▀[38;2;123;197;82m▀[38;2;98;164;65;48;2;98;164;65m▀[38;2;65;106;16m▀[48;2;0;0;0m▀[38;2;0;0;0;48;2;90;57;0m▀[38;2;90;57;0m▀[48;2;0;0;0m▀[38;2;0;0;0;48;2;65;106;16m▀[38;2;65;106;16;48;2;98;164;65m▀[48;2;65;106;16m▀[38;2;98;164;65m▀[48;2;123;197;82m▀[38;2;65;106;16m▀▀[49m▄[0m
[0m   [38;2;0;0;0m▄[38;2;65;106;16m▄▄▄[48;2;65;106;16m▀[38;2;123;197;82m▀▀[38;2;65;106;16;48;2;98;164;65m▀[48;2;123;197;82m▀[38;2;98;164;65m▀[38;2;123;197;82m▀▀[48;2;98;164;65m▀[38;2;98;164;65m▀[48;2;0;0;0m▀[38;2;0;0;0;48;2;90;57;0m▀[38;2;90;57;0m▀[48;2;0;0;0m▀[38;2;0;0;0m▀[38;2;65;106;16;48;2;98;164;65m▀[38;2;98;164;65;48;2;123;197;82m▀[38;2;123;197;82;48;2;172;238;148m▀[38;2;172;238;148m▀[38;2;123;197;82m▀[38;2;65;106;16;48;2;123;197;82m▀[38;2;123;197;82;48;2;65;106;16m▀[48;2;123;197;82m▀[38;2;98;164;65m▀[38;2;65;106;16;48;2;65;106;16m▀[0m
[0m     [38;2;0;0;0m▀[38;2;98;164;65;48;2;0;0;0m▀[48;2;98;164;65m▀▀▀[38;2;123;197;82m▀▀▀[38;2;98;164;65m▀▀[48;2;90;57;0m▀[38;2;90;57;0;48;2;167;119;65m▀[38;2;167;119;65;48;2;90;57;0m▀[38;2;90;57;0;48;2;0;0;0m▀[38;2;0;0;0;49m▀[0m [38;2;0;0;0;48;2;0;0;0m▀[38;2;98;164;65;48;2;98;164;65m▀[38;2;123;197;82;48;2;123;197;82m▀[38;2;172;238;148m▀[48;2;172;238;148m▀▀[48;2;123;197;82m▀[38;2;98;164;65m▀[48;2;65;106;16m▀[38;2;123;197;82;48;2;123;197;82m▀[38;2;65;106;16;48;2;98;164;65m▀[49m▄[0m
[0m       [38;2;0;0;0m▀▀[38;2;98;164;65;48;2;0;0;0m▀▀[48;2;65;106;16m▀▀[38;2;65;106;16;49m▀[38;2;0;0;0;48;2;90;57;0m▀[38;2;90;57;0;48;2;167;119;65m▀[38;2;167;119;65;48;2;90;57;0m▀[38;2;0;0;0;48;2;0;0;0m▀[0m   [38;2;0;0;0m▀[38;2;98;164;65;48;2;0;0;0m▀[48;2;98;164;65m▀[38;2;123;197;82m▀▀[48;2;123;197;82m▀▀▀[38;2;98;164;65m▀[38;2;65;106;16;48;2;65;106;16m▀[38;2;98;164;65;48;2;98;164;65m▀[38;2;65;106;16m▀[49m▄[0m
[0m             [38;2;0;0;0;48;2;90;57;0m▀[38;2;90;57;0;48;2;167;119;65m▀[38;2;167;119;65m▀[38;2;0;0;0;48;2;0;0;0m▀[0m     [38;2;0;0;0m▀[38;2;98;164;65;48;2;0;0;0m▀[48;2;98;164;65m▀▀▀▀[38;2;123;197;82m▀▀[38;2;98;164;65m▀[38;2;65;106;16m▀[38;2;98;164;65;48;2;65;106;16m▀▀[38;2;65;106;16;48;2;98;164;65m▀[49m▄[0m
[0m      [38;2;90;57;0m▄▄[48;2;90;57;0m▀▀[38;2;0;0;0m▀[48;2;0;0;0m▀▀[38;2;90;57;0m▀[38;2;167;119;65;48;2;167;119;65m▀[48;2;90;57;0m▀[38;2;90;57;0m▀[0m       [38;2;0;0;0m▀[38;2;65;106;16m▀[38;2;98;164;65;48;2;65;106;16m▀[48;2;0;0;0m▀▀▀▀▀[48;2;65;106;16m▀[38;2;65;106;16;49m▀[38;2;0;0;0m▀▀[38;2;65;106;16m▀[0m
[0m    [38;2;90;57;0m▄[48;2;90;57;0m▀[48;2;0;0;0m▀[38;2;0;0;0;49m▀▀[0m     [38;2;90;57;0;48;2;0;0;0m▀[48;2;90;57;0m▀▀[38;2;0;0;0m▀[49m▄[0m       [38;2;0;0;0m▄[38;2;90;57;0m▄▄▄▄▄[0m
[0m   [38;2;90;57;0m▄[48;2;90;57;0m▀[38;2;0;0;0;49m▀[0m         [38;2;0;0;0m▀[38;2;90;57;0m▀[48;2;90;57;0m▀▀[38;2;0;0;0m▀▀[49m▄▄[48;2;90;57;0m▀▀[38;2;90;57;0m▀[49m▀▀[48;2;90;57;0m▀▀[49m▄[0m [38;2;90;57;0m▀▀[0m
[0m [38;2;90;57;0m▄[48;2;90;57;0m▀▀[48;2;0;0;0m▀[48;2;90;57;0m▀[49m▄[0m            [38;2;90;57;0m▀▀▀▀▀[0m     [38;2;90;57;0;48;2;90;57;0m▀[49m▀[48;2;90;57;0m▀[0m
[38;2;90;57;0;48;2;90;57;0m▀[49m▀[0m [38;2;90;57;0;48;2;90;57;0m▀[38;2;0;0;0;49m▀[0m [38;2;90;57;0m▀▀▄[0m                   [38;2;90;57;0m▄▀[0m  [38;2;90;57;0;48;2;90;57;0m▀[0m
[0m   [38;2;90;57;0m▀▄[0m
