[0m                             [38;2;98;74;49m▄▄[48;2;164;123;49m▀▀▀▀[48;2;98;74;49m▀[49m▄▄[0m
[0m                          [38;2;164;123;49m▄▄[38;2;98;74;49;48;2;164;123;49m▀[38;2;164;123;49;48;2;98;74;49m▀[48;2;164;123;49m▀[48;2;98;74;49m▀[38;2;98;74;49m▀[48;2;0;0;0m▀▀[38;2;0;0;0;49m▀▀[38;2;98;74;49;48;2;0;0;0m▀[49m▄[0m
[0m                      [38;2;98;74;49m▄▄▄[38;2;164;123;49;48;2;98;74;49m▀[38;2;255;230;106m▀▀[48;2;255;230;106m▀▀[38;2;98;74;49;48;2;213;197;82m▀▀[38;2;0;0;0;48;2;0;0;0m▀[0m     [38;2;0;0;0m▀[0m
[0m [38;2;57;156;82m▄▄▄[0m              [38;2;213;197;82m▄▄[38;2;164;123;49;48;2;255;230;106m▀▀[38;2;213;197;82m▀[38;2;255;230;106m▀▀▀▀[38;2;213;197;82m▀[38;2;98;74;49;48;2;213;197;82m▀▀[38;2;255;230;106;48;2;98;74;49m▀[38;2;213;197;82;48;2;213;197;82m▀▀[38;2;0;0;0;48;2;0;0;0m▀[0m
[38;2;8;90;49;49m▀[38;2;156;222;131;48;2;8;90;49m▀[48;2;156;222;131m▀▀[38;2;57;156;82m▀▀▀▀[49m▄▄[0m      [38;2;213;197;82m▄[48;2;106;197;82m▀[38;2;255;246;172m▀[48;2;255;246;172m▀▀[38;2;255;230;106m▀[48;2;255;230;106m▀▀▀▀▀▀▀[38;2;213;197;82;48;2;213;197;82m▀▀[38;2;98;74;49m▀[38;2;213;197;82;48;2;98;74;49m▀[38;2;0;0;0;49m▀[0m
[0m [38;2;8;90;49m▀[38;2;156;222;131;48;2;8;90;49m▀[48;2;156;222;131m▀▀▀▀▀▀▀[38;2;8;90;49;48;2;106;197;82m▀[49m▄[0m   [38;2;213;197;82m▄[48;2;255;246;172m▀[38;2;106;197;82m▀▀[38;2;255;246;172m▀▀▀▀[38;2;255;230;106;48;2;255;230;106m▀▀▀▀▀▀▀[38;2;213;197;82;48;2;213;197;82m▀▀[38;2;98;74;49m▀[49m▄[0m
[0m  [38;2;8;90;49;48;2;8;90;49m▀[38;2;156;222;131;48;2;156;222;131m▀▀▀▀▀[48;2;106;197;82m▀[38;2;106;197;82;48;2;156;222;131m▀[38;2;156;222;131;48;2;106;197;82m▀[38;2;8;90;49m▀[49m▄[0m [38;2;106;197;82m▄[38;2;213;197;82;48;2;57;156;82m▀[38;2;255;246;172;48;2;255;246;172m▀▀▀▀▀▀▀[38;2;255;230;106;48;2;255;230;106m▀▀▀▀▀▀▀[38;2;213;197;82;48;2;213;197;82m▀▀▀[38;2;98;74;49m▀[49m▄[0m    [38;2;57;156;82m▄▄▄[38;2;8;90;49;48;2;156;222;131m▀▀▀▀▀[49m▄▄▄[0m
[0m [38;2;8;90;49m▄[48;2;57;156;82m▀[38;2;106;197;82;48;2;106;197;82m▀[38;2;156;222;131m▀▀[48;2;156;222;131m▀▀[48;2;106;197;82m▀[38;2;106;197;82m▀[38;2;156;222;131m▀[38;2;106;197;82m▀[38;2;8;90;49m▀[38;2;213;197;82;49m▄[38;2;57;156;82;48;2;255;230;106m▀[48;2;255;246;172m▀[38;2;255;246;172m▀▀▀▀▀[38;2;57;156;82;48;2;57;156;82m▀▀[38;2;255;230;106;48;2;255;230;106m▀▀▀▀▀▀▀[38;2;213;197;82;48;2;213;197;82m▀▀▀▀[38;2;98;74;49;48;2;57;156;82m▀[38;2;57;156;82;49m▄[48;2;156;222;131m▀▀▀[38;2;156;222;131m▀▀▀▀▀▀▀[48;2;57;156;82m▀[38;2;57;156;82m▀[48;2;0;0;0m▀▀[38;2;0;0;0;49m▀[0m
[0m [38;2;8;90;49;48;2;8;90;49m▀[38;2;57;156;82;48;2;57;156;82m▀[38;2;106;197;82;48;2;106;197;82m▀▀▀▀▀▀▀▀▀[48;2;164;123;49m▀[38;2;213;197;82m▀[38;2;255;230;106;48;2;255;230;106m▀[38;2;255;246;172m▀[48;2;255;246;172m▀▀▀▀[48;2;255;230;106m▀[38;2;255;230;106m▀▀▀▀▀▀▀▀[38;2;213;197;82;48;2;213;197;82m▀▀▀[48;2;8;90;49m▀[38;2;8;90;49;48;2;156;222;131m▀[38;2;156;222;131;48;2;106;197;82m▀[48;2;156;222;131m▀▀▀▀▀▀▀▀▀[48;2;57;156;82m▀[38;2;57;156;82m▀[48;2;0;0;0m▀[38;2;0;0;0;49m▀[0m
[0m [38;2;8;90;49;48;2;0;0;0m▀[38;2;57;156;82;48;2;57;156;82m▀[38;2;106;197;82;48;2;106;197;82m▀▀▀▀▀▀▀[48;2;164;123;49m▀[38;2;164;123;49;48;2;255;255;255m▀[38;2;255;255;255;48;2;98;74;49m▀[48;2;0;0;0m▀[38;2;164;123;49;48;2;164;123;49m▀[38;2;255;230;106;48;2;255;230;106m▀▀▀▀▀[48;2;164;123;49m▀[38;2;164;123;49;48;2;255;255;255m▀▀▀▀[38;2;213;197;82;48;2;164;123;49m▀[38;2;255;230;106;48;2;213;197;82m▀[48;2;255;230;106m▀[38;2;213;197;82;48;2;213;197;82m▀▀[48;2;8;90;49m▀[38;2;8;90;49;48;2;106;197;82m▀[38;2;156;222;131m▀[38;2;106;197;82;48;2;156;222;131m▀[38;2;156;222;131;48;2;106;197;82m▀[38;2;106;197;82;48;2;156;222;131m▀[38;2;156;222;131;48;2;106;197;82m▀[48;2;156;222;131m▀▀▀▀▀[48;2;106;197;82m▀[38;2;57;156;82;48;2;57;156;82m▀[48;2;0;0;0m▀[38;2;0;0;0;49m▀[0m
[0m [38;2;0;0;0;48;2;0;0;0m▀[38;2;57;156;82;48;2;57;156;82m▀[38;2;106;197;82m▀[48;2;106;197;82m▀▀▀▀▀▀[38;2;164;123;49;48;2;164;123;49m▀[38;2;255;255;255;48;2;255;255;255m▀[38;2;0;0;0;48;2;98;74;49m▀[48;2;0;0;0m▀[38;2;98;74;49;48;2;98;74;49m▀[38;2;255;230;106;48;2;255;230;106m▀▀▀▀[38;2;164;123;49;48;2;164;123;49m▀[38;2;255;255;255;48;2;0;0;0m▀[38;2;98;74;49m▀▀[38;2;255;255;255;48;2;98;74;49m▀[48;2;255;255;255m▀▀[38;2;98;74;49;48;2;98;74;49m▀[38;2;213;197;82;48;2;213;197;82m▀▀[38;2;8;90;49;48;2;8;90;49m▀[38;2;106;197;82;48;2;106;197;82m▀▀▀▀▀▀[38;2;156;222;131m▀▀▀[38;2;106;197;82m▀▀▀[38;2;57;156;82;48;2;57;156;82m▀[48;2;0;0;0m▀[38;2;0;0;0;49m▀[0m
[0m  [38;2;0;0;0;48;2;0;0;0m▀[38;2;57;156;82;48;2;57;156;82m▀[38;2;106;197;82m▀[48;2;106;197;82m▀▀▀▀▀[38;2;164;123;49;48;2;98;74;49m▀[38;2;255;255;255;48;2;164;123;49m▀[48;2;98;74;49m▀[38;2;0;0;0;48;2;213;197;82m▀[38;2;255;230;106;48;2;255;230;106m▀▀▀▀▀[38;2;164;123;49;48;2;98;74;49m▀[38;2;0;0;0;48;2;255;255;255m▀[48;2;0;0;0m▀▀[38;2;98;74;49;48;2;255;255;255m▀[38;2;255;255;255m▀▀[38;2;0;0;0;48;2;0;0;0m▀[38;2;213;197;82;48;2;213;197;82m▀[38;2;8;90;49;48;2;8;90;49m▀[38;2;106;197;82;48;2;106;197;82m▀▀▀▀▀▀▀▀▀▀▀▀[38;2;57;156;82;48;2;57;156;82m▀▀[38;2;0;0;0;48;2;0;0;0m▀[0m
[0m   [38;2;0;0;0m▀[38;2;57;156;82;48;2;0;0;0m▀▀[48;2;57;156;82m▀▀[38;2;106;197;82;48;2;98;74;49m▀[38;2;98;74;49;48;2;180;65;74m▀[38;2;255;230;106m▀▀▀▀[48;2;255;230;106m▀▀▀▀▀[38;2;213;197;82m▀[38;2;98;74;49;48;2;213;197;82m▀[38;2;255;255;255;48;2;98;74;49m▀[48;2;0;0;0m▀▀▀[38;2;0;0;0;48;2;213;197;82m▀[38;2;213;197;82m▀[48;2;8;90;49m▀[38;2;8;90;49;48;2;106;197;82m▀[38;2;106;197;82m▀▀▀▀▀▀▀▀▀▀▀[48;2;57;156;82m▀[38;2;57;156;82m▀[38;2;0;0;0;48;2;0;0;0m▀[0m
[0m      [38;2;0;0;0;48;2;180;65;74m▀[38;2;180;65;74;48;2;238;156;172m▀[38;2;238;156;172m▀▀▀▀▀▀[38;2;180;65;74m▀▀[38;2;255;230;106;48;2;180;65;74m▀[48;2;255;230;106m▀▀▀▀▀▀[48;2;213;197;82m▀[38;2;213;197;82m▀▀▀[38;2;8;90;49;48;2;8;90;49m▀[38;2;106;197;82;48;2;106;197;82m▀▀▀▀▀▀▀▀▀▀▀[38;2;57;156;82;48;2;57;156;82m▀▀[38;2;0;0;0;48;2;0;0;0m▀[0m
[0m     [38;2;123;41;41m▄[38;2;180;65;74;48;2;238;156;172m▀[38;2;238;156;172m▀▀[48;2;123;41;41m▀▀▀▀[48;2;238;156;172m▀▀▀▀[38;2;180;65;74m▀[38;2;255;230;106;48;2;180;65;74m▀[48;2;255;230;106m▀▀[48;2;213;197;82m▀[38;2;213;197;82m▀▀▀▀▀[38;2;8;90;49m▀[38;2;106;197;82;48;2;8;90;49m▀[48;2;57;156;82m▀[48;2;106;197;82m▀▀▀▀▀▀▀▀[38;2;57;156;82;48;2;57;156;82m▀[48;2;0;0;0m▀[38;2;0;0;0;49m▀[0m
[0m     [38;2;123;41;41;48;2;123;41;41m▀[38;2;238;156;172;48;2;238;156;172m▀[48;2;180;65;74m▀[38;2;123;41;41;48;2;205;106;131m▀[38;2;0;0;0;48;2;123;41;41m▀[48;2;0;0;0m▀▀▀[38;2;123;41;41;48;2;180;65;74m▀▀[38;2;238;156;172;48;2;123;41;41m▀[48;2;238;156;172m▀▀▀[38;2;123;41;41;48;2;205;106;131m▀[38;2;213;197;82;48;2;123;41;41m▀[48;2;213;197;82m▀▀▀▀▀▀▀[38;2;8;90;49m▀[38;2;57;156;82;48;2;8;90;49m▀[48;2;57;156;82m▀[38;2;106;197;82m▀▀▀▀▀[38;2;57;156;82m▀▀[48;2;0;0;0m▀[38;2;0;0;0;49m▀[0m
[0m     [38;2;123;41;41m▀[38;2;238;156;172;48;2;123;41;41m▀[38;2;205;106;131;48;2;205;106;131m▀▀▀[38;2;0;0;0;48;2;123;41;41m▀[48;2;0;0;0m▀▀[38;2;180;65;74;48;2;123;41;41m▀[48;2;180;65;74m▀▀[38;2;123;41;41m▀[38;2;238;156;172;48;2;123;41;41m▀[48;2;205;106;131m▀[38;2;205;106;131m▀[38;2;123;41;41m▀[38;2;213;197;82;48;2;123;41;41m▀[48;2;213;197;82m▀▀▀▀▀▀▀▀[38;2;8;90;49m▀[38;2;57;156;82;48;2;0;0;0m▀▀▀▀▀[38;2;0;0;0;49m▀▀[0m
[0m      [38;2;123;41;41m▀[38;2;205;106;131;48;2;123;41;41m▀[48;2;205;106;131m▀▀▀[38;2;0;0;0;48;2;0;0;0m▀▀▀[38;2;180;65;74;48;2;180;65;74m▀▀▀[38;2;123;41;41m▀[38;2;205;106;131;48;2;123;41;41m▀[48;2;205;106;131m▀▀[38;2;123;41;41m▀[38;2;213;197;82;48;2;123;41;41m▀[48;2;213;197;82m▀▀▀▀▀▀▀▀[48;2;98;74;49m▀[38;2;98;74;49;49m▀[0m
[0m       [38;2;123;41;41m▀[38;2;205;106;131;48;2;123;41;41m▀[48;2;205;106;131m▀▀[38;2;123;41;41m▀[38;2;0;0;0;48;2;0;0;0m▀▀[38;2;123;41;41m▀[38;2;180;65;74;48;2;123;41;41m▀[48;2;180;65;74m▀▀[38;2;123;41;41m▀[38;2;205;106;131;48;2;123;41;41m▀[48;2;205;106;131m▀▀[38;2;123;41;41;48;2;123;41;41m▀[38;2;213;197;82;48;2;213;197;82m▀▀▀▀▀▀▀[48;2;98;74;49m▀[38;2;98;74;49;49m▀[0m
[0m        [38;2;123;41;41m▀[38;2;205;106;131;48;2;123;41;41m▀[48;2;205;106;131m▀▀[38;2;0;0;0;48;2;123;41;41m▀[48;2;0;0;0m▀▀▀[38;2;180;65;74;48;2;123;41;41m▀[48;2;180;65;74m▀▀[38;2;123;41;41;48;2;123;41;41m▀[38;2;205;106;131;48;2;205;106;131m▀▀▀[38;2;123;41;41;48;2;123;41;41m▀[38;2;213;197;82;48;2;213;197;82m▀▀▀▀▀[48;2;98;74;49m▀[38;2;98;74;49;49m▀[0m
[0m         [38;2;123;41;41;48;2;123;41;41m▀[38;2;205;106;131;48;2;205;106;131m▀▀▀[38;2;0;0;0;48;2;123;41;41m▀[48;2;0;0;0m▀▀▀▀▀[38;2;123;41;41;48;2;123;41;41m▀[38;2;205;106;131;48;2;205;106;131m▀▀▀[38;2;0;0;0;48;2;0;0;0m▀[38;2;213;197;82;48;2;213;197;82m▀▀▀[48;2;98;74;49m▀[38;2;98;74;49;49m▀[0m
[0m         [38;2;123;41;41m▀[38;2;205;106;131;48;2;123;41;41m▀[38;2;238;156;172;48;2;238;156;172m▀[38;2;205;106;131m▀▀[38;2;123;41;41;48;2;205;106;131m▀[38;2;0;0;0;48;2;123;41;41m▀[48;2;0;0;0m▀[48;2;123;41;41m▀[38;2;123;41;41;48;2;238;156;172m▀[38;2;205;106;131m▀[48;2;205;106;131m▀▀[38;2;123;41;41;48;2;123;41;41m▀[38;2;213;197;82;48;2;213;197;82m▀[48;2;0;0;0m▀▀[38;2;0;0;0;49m▀[0m
[0m          [38;2;123;41;41m▀[38;2;205;106;131;48;2;123;41;41m▀[38;2;238;156;172;48;2;205;106;131m▀[48;2;238;156;172m▀▀▀▀▀▀[48;2;205;106;131m▀[38;2;205;106;131m▀[48;2;0;0;0m▀[38;2;0;0;0;49m▀▀[0m
[0m            [38;2;0;0;0m▀▀[38;2;205;106;131;48;2;0;0;0m▀▀▀▀▀[38;2;0;0;0;49m▀▀[0m
