[0m           [38;2;16;98;57m▄▄[38;2;74;164;123m▄[48;2;139;197;123m▀▀▀▀▀▀[49m▄[38;2;16;98;57m▄▄[0m   [38;2;98;82;41m▄▄[48;2;164;123;49m▀▀[48;2;98;82;41m▀[38;2;0;0;0m▀▀[49m▄▄[0m
[0m        [38;2;16;98;57m▄[48;2;74;164;123m▀▀[38;2;139;197;123m▀▀▀▀▀[48;2;139;197;123m▀▀▀▀▀▀[38;2;74;164;123m▀[38;2;16;98;57;48;2;74;164;123m▀[38;2;98;82;41;49m▄[48;2;164;123;49m▀[38;2;164;123;49m▀[48;2;16;98;57m▀▀[38;2;16;98;57;48;2;74;164;123m▀▀▀▀▀▀[38;2;0;0;0;48;2;16;98;57m▀[38;2;16;98;57;49m▄[0m
[0m         [38;2;16;98;57m▀[38;2;0;0;0m▀▀[38;2;16;98;57m▀[38;2;74;164;123;48;2;0;0;0m▀▀▀[38;2;16;98;57;48;2;74;164;123m▀▀[38;2;74;164;123;48;2;139;197;123m▀[38;2;139;197;123m▀▀▀▀▀[38;2;98;82;41;48;2;98;82;41m▀[38;2;164;123;49;48;2;0;0;0m▀[38;2;0;0;0;48;2;74;164;123m▀[38;2;74;164;123;48;2;139;197;123m▀▀[38;2;139;197;123m▀▀▀[38;2;74;164;123m▀[48;2;74;164;123m▀▀▀▀[38;2;16;98;57m▀▀[49m▄[0m
[0m            [38;2;16;98;57m▄[48;2;74;164;123m▀[38;2;74;164;123m▀▀[48;2;139;197;123m▀[38;2;139;197;123m▀▀▀▀▀▀[38;2;74;164;123;48;2;16;98;57m▀[38;2;16;98;57;48;2;139;197;123m▀[38;2;74;164;123m▀[38;2;139;197;123m▀▀▀▀▀▀▀[38;2;74;164;123;48;2;74;164;123m▀▀▀[48;2;16;98;57m▀[48;2;74;164;123m▀▀▀[38;2;16;98;57m▀[49m▄▄▄[0m
[0m            [38;2;0;0;0;48;2;16;98;57m▀[38;2;74;164;123;48;2;74;164;123m▀▀▀[38;2;139;197;123;48;2;139;197;123m▀▀▀▀▀[48;2;74;164;123m▀[38;2;74;164;123;48;2;139;197;123m▀[38;2;139;197;123m▀▀▀▀▀▀▀▀[48;2;74;164;123m▀[38;2;74;164;123m▀▀▀▀[38;2;0;0;0;48;2;0;0;0m▀[48;2;98;82;41m▀▀[38;2;16;98;57;48;2;0;0;0m▀[38;2;74;164;123m▀▀▀▀[38;2;16;98;57m▀[0m
[0m             [38;2;16;98;57m▀[38;2;74;164;123;48;2;16;98;57m▀▀[48;2;74;164;123m▀[38;2;139;197;123m▀[48;2;139;197;123m▀▀▀[38;2;74;164;123m▀[38;2;139;197;123m▀▀▀▀▀[48;2;74;164;123m▀▀[38;2;74;164;123m▀▀▀▀▀[48;2;16;98;57m▀[38;2;16;98;57;48;2;0;0;0m▀[0m [38;2;0;0;0;48;2;0;0;0m▀[38;2;98;82;41;48;2;98;82;41m▀▀[38;2;0;0;0m▀[49m▄[0m
[0m                [38;2;16;98;57;48;2;131;24;0m▀[38;2;74;164;123;48;2;16;98;57m▀[38;2;139;197;123;48;2;74;164;123m▀[48;2;139;197;123m▀▀▀[48;2;74;164;123m▀▀▀[38;2;74;164;123m▀▀▀[48;2;16;98;57m▀[48;2;0;0;0m▀▀[38;2;16;98;57m▀[38;2;0;0;0;48;2;197;90;32m▀▀[48;2;131;24;0m▀[0m   [38;2;0;0;0m▀[38;2;98;82;41;48;2;0;0;0m▀[48;2;164;123;49m▀[48;2;98;82;41m▀[38;2;0;0;0;48;2;0;0;0m▀[0m
[0m              [38;2;131;24;0m▄[48;2;197;90;32m▀▀[38;2;197;90;32m▀[38;2;16;98;57m▀[38;2;74;164;123;48;2;0;0;0m▀▀▀[38;2;16;98;57m▀[38;2;0;0;0m▀▀▀▀▀▀[38;2;131;24;0m▀[38;2;197;90;32m▀[48;2;131;24;0m▀[48;2;197;90;32m▀▀▀[38;2;131;24;0;48;2;131;24;0m▀[0m   [38;2;0;0;0m▀[38;2;98;82;41;48;2;0;0;0m▀[38;2;164;123;49;48;2;164;123;49m▀[38;2;98;82;41m▀[38;2;0;0;0;48;2;0;0;0m▀[0m
[0m             [38;2;131;24;0m▄[48;2;197;90;32m▀[38;2;197;90;32m▀▀▀[48;2;0;0;0m▀[38;2;131;24;0m▀[38;2;0;0;0m▀▀▀▀▀▀▀▀▀▀▀▀[38;2;197;90;32;48;2;131;24;0m▀[48;2;197;90;32m▀▀▀[38;2;0;0;0;48;2;0;0;0m▀[0m   [38;2;0;0;0m▀[38;2;164;123;49;48;2;98;82;41m▀[48;2;164;123;49m▀[38;2;0;0;0m▀[38;2;98;82;41;49m▄[0m
[0m           [38;2;74;164;123m▄[38;2;131;24;0m▄[48;2;197;90;32m▀[38;2;197;90;32;48;2;238;139;82m▀[48;2;197;90;32m▀▀[38;2;131;24;0;48;2;0;0;0m▀[38;2;0;0;0m▀▀▀▀▀[48;2;98;82;41m▀▀[38;2;98;82;41m▀▀▀▀[38;2;0;0;0m▀[48;2;0;0;0m▀▀[38;2;131;24;0;48;2;197;90;32m▀[38;2;197;90;32m▀▀[48;2;0;0;0m▀[38;2;0;0;0;49m▀[0m    [38;2;0;0;0;48;2;0;0;0m▀[38;2;164;123;49;48;2;164;123;49m▀▀[38;2;0;0;0;48;2;0;0;0m▀[0m
[0m        [38;2;16;98;57m▄[48;2;139;197;123m▀[38;2;74;164;123m▀[38;2;139;197;123m▀[38;2;131;24;0;48;2;131;24;0m▀[38;2;238;139;82;48;2;238;139;82m▀▀▀[38;2;131;24;0;48;2;131;24;0m▀[38;2;0;0;0;48;2;0;0;0m▀[48;2;255;255;255m▀[48;2;0;0;0m▀▀[48;2;98;82;41m▀[38;2;98;82;41m▀▀▀▀[48;2;0;0;0m▀▀[48;2;98;82;41m▀[48;2;0;0;0m▀[38;2;0;0;0m▀[38;2;131;24;0;48;2;197;90;32m▀[38;2;197;90;32m▀▀[48;2;0;0;0m▀[38;2;0;0;0m▀[0m     [38;2;0;0;0;48;2;0;0;0m▀[38;2;164;123;49;48;2;164;123;49m▀▀[38;2;0;0;0;48;2;0;0;0m▀[0m
[0m     [38;2;16;98;57m▄[48;2;74;164;123m▀[48;2;139;197;123m▀[38;2;139;197;123m▀▀▀[38;2;16;98;57;48;2;0;0;0m▀[38;2;131;24;0;49m▀[38;2;238;139;82;48;2;131;24;0m▀[48;2;238;139;82m▀▀[38;2;131;24;0m▀[38;2;189;197;197;48;2;131;24;0m▀[38;2;255;255;255;48;2;189;197;197m▀[38;2;0;0;0;48;2;0;0;0m▀▀[38;2;98;82;41;48;2;98;82;41m▀▀▀▀[38;2;0;0;0;48;2;0;0;0m▀[38;2;189;197;197;48;2;189;197;197m▀[38;2;0;0;0m▀[48;2;0;0;0m▀[48;2;131;24;0m▀[38;2;131;24;0;48;2;238;139;82m▀[38;2;238;139;82m▀[38;2;197;90;32m▀[48;2;131;24;0m▀[38;2;0;0;0;48;2;0;0;0m▀▀[0m     [38;2;0;0;0;48;2;0;0;0m▀[38;2;164;123;49;48;2;164;123;49m▀▀[38;2;0;0;0;48;2;0;0;0m▀[0m
[0m   [38;2;74;164;123m▄[48;2;139;197;123m▀[38;2;139;197;123m▀▀▀▀▀▀[38;2;0;0;0;48;2;16;98;57m▀[0m [38;2;131;24;0m▀[38;2;238;139;82;48;2;131;24;0m▀[48;2;238;139;82m▀▀▀[38;2;131;24;0m▀▀[38;2;0;0;0;48;2;131;24;0m▀▀▀▀▀▀[38;2;189;197;197m▀[38;2;131;24;0;48;2;238;139;82m▀▀[38;2;238;139;82m▀▀[48;2;197;90;32m▀[38;2;197;90;32;48;2;131;24;0m▀[38;2;131;24;0;48;2;222;189;82m▀[38;2;0;0;0;48;2;0;0;0m▀[0m     [38;2;0;0;0;48;2;0;0;0m▀[38;2;164;123;49;48;2;164;123;49m▀▀[48;2;0;0;0m▀[38;2;0;0;0;49m▀[0m
[0m  [38;2;74;164;123;48;2;74;164;123m▀[38;2;139;197;123;48;2;139;197;123m▀▀▀[38;2;74;164;123;48;2;74;164;123m▀[38;2;139;197;123;48;2;139;197;123m▀▀▀[48;2;74;164;123m▀[38;2;74;164;123m▀[38;2;0;0;0;48;2;16;98;57m▀[0m  [38;2;131;24;0;48;2;0;0;0m▀[48;2;189;197;197m▀[38;2;238;139;82;48;2;131;24;0m▀▀▀[48;2;238;139;82m▀▀▀▀▀▀[48;2;197;90;32m▀[48;2;131;24;0m▀▀[38;2;197;90;32m▀[38;2;131;24;0;48;2;222;189;82m▀▀[38;2;222;189;82m▀[48;2;0;0;0m▀[38;2;0;0;0;49m▀[0m   [38;2;0;0;0m▄[48;2;98;82;41m▀[38;2;98;82;41m▀[38;2;164;123;49m▀[38;2;98;82;41;48;2;0;0;0m▀[38;2;0;0;0;49m▀[0m
[0m [38;2;74;164;123;48;2;74;164;123m▀[38;2;139;197;123;48;2;139;197;123m▀▀▀[38;2;74;164;123;48;2;74;164;123m▀[38;2;139;197;123;48;2;139;197;123m▀▀▀[48;2;74;164;123m▀[38;2;74;164;123m▀▀▀[38;2;0;0;0;48;2;16;98;57m▀[49m▄[48;2;0;0;0m▀[38;2;189;197;197;48;2;98;82;41m▀[48;2;255;255;255m▀[38;2;0;0;0;48;2;98;82;41m▀[38;2;98;82;41;48;2;189;197;197m▀[38;2;131;24;0;48;2;98;82;41m▀▀▀[48;2;189;197;197m▀▀[48;2;0;0;0m▀[48;2;189;197;197m▀[38;2;189;197;197;48;2;255;255;255m▀[48;2;189;197;197m▀[38;2;98;82;41;48;2;164;123;49m▀[38;2;222;189;82;48;2;222;189;82m▀▀▀[38;2;0;0;0;48;2;0;0;0m▀[0m  [38;2;0;0;0m▄[48;2;98;82;41m▀[38;2;98;82;41m▀[48;2;16;98;57m▀▀[38;2;0;0;0m▀[38;2;16;98;57;49m▄▄▄▄▄▄▄[0m
[38;2;16;98;57;49m▄[38;2;74;164;123;48;2;139;197;123m▀[38;2;139;197;123m▀▀▀[38;2;74;164;123;48;2;16;98;57m▀[38;2;139;197;123;48;2;139;197;123m▀▀[48;2;74;164;123m▀[38;2;74;164;123m▀▀▀▀▀[48;2;98;82;41m▀[38;2;98;82;41;48;2;222;189;82m▀[38;2;0;0;0m▀[38;2;255;255;255;48;2;98;82;41m▀▀[38;2;98;82;41;48;2;222;189;82m▀[38;2;222;189;82m▀▀▀[38;2;98;82;41m▀[38;2;255;255;255;48;2;98;82;41m▀[38;2;0;0;0;48;2;255;255;255m▀[38;2;255;255;255m▀[48;2;164;123;49m▀[38;2;0;0;0;48;2;222;189;82m▀[38;2;222;189;82m▀▀▀▀[38;2;0;0;0m▀[38;2;16;98;57;49m▄[38;2;0;0;0;48;2;16;98;57m▀[38;2;16;98;57;48;2;139;197;123m▀▀▀[38;2;139;197;123m▀▀▀▀▀▀▀▀[38;2;74;164;123m▀[48;2;74;164;123m▀[38;2;0;0;0m▀▀▀[49m▄▄[0m
[38;2;16;98;57;48;2;16;98;57m▀[38;2;139;197;123;48;2;139;197;123m▀▀[48;2;74;164;123m▀▀[38;2;16;98;57;48;2;16;98;57m▀[38;2;139;197;123;48;2;74;164;123m▀[38;2;74;164;123m▀▀▀▀▀▀[38;2;98;82;41;48;2;98;82;41m▀[48;2;222;189;82m▀[38;2;222;189;82m▀▀▀▀▀▀▀▀▀▀[38;2;98;82;41m▀▀[38;2;222;189;82m▀▀▀▀▀[48;2;0;0;0m▀[38;2;0;0;0;48;2;74;164;123m▀[38;2;74;164;123;48;2;139;197;123m▀[38;2;139;197;123m▀▀▀[48;2;74;164;123m▀▀▀▀[38;2;74;164;123;48;2;139;197;123m▀▀▀▀▀[38;2;16;98;57;48;2;74;164;123m▀▀▀▀▀[48;2;0;0;0m▀▀[38;2;0;0;0;49m▀[0m
[38;2;0;0;0;48;2;0;0;0m▀[38;2;74;164;123;48;2;74;164;123m▀▀▀▀▀[38;2;16;98;57m▀[38;2;74;164;123m▀▀▀▀[48;2;98;82;41m▀[38;2;98;82;41;48;2;238;213;106m▀[38;2;222;189;82;48;2;246;238;148m▀[38;2;238;213;106m▀▀[38;2;246;238;148m▀▀▀▀▀[38;2;238;213;106m▀[38;2;222;189;82m▀[48;2;238;213;106m▀[48;2;222;189;82m▀▀▀[48;2;74;164;123m▀▀[48;2;222;189;82m▀▀[38;2;0;0;0;48;2;0;0;0m▀[38;2;74;164;123;48;2;74;164;123m▀[48;2;16;98;57m▀[38;2;16;98;57;48;2;74;164;123m▀[48;2;139;197;123m▀[38;2;74;164;123m▀▀[38;2;139;197;123m▀▀▀▀▀▀▀▀[38;2;74;164;123;48;2;74;164;123m▀▀▀[48;2;0;0;0m▀[38;2;0;0;0;49m▀▀[0m
[0m [38;2;0;0;0;48;2;0;0;0m▀[38;2;74;164;123;48;2;74;164;123m▀▀▀▀▀[48;2;16;98;57m▀[48;2;74;164;123m▀[48;2;0;0;0m▀[38;2;98;82;41;48;2;139;197;123m▀[38;2;139;197;123m▀▀[38;2;246;238;148m▀[48;2;246;238;148m▀▀▀▀▀▀▀▀▀▀▀[38;2;222;189;82;48;2;238;213;106m▀[48;2;222;189;82m▀[38;2;74;164;123m▀▀[38;2;222;189;82m▀[38;2;0;0;0;48;2;0;0;0m▀[38;2;74;164;123;48;2;16;98;57m▀[38;2;16;98;57;48;2;74;164;123m▀[38;2;139;197;123;48;2;139;197;123m▀▀▀▀▀▀▀▀▀▀▀[48;2;74;164;123m▀[38;2;74;164;123m▀▀[48;2;0;0;0m▀[38;2;0;0;0;49m▀[0m
[0m [38;2;0;0;0m▀[38;2;74;164;123;48;2;0;0;0m▀[48;2;74;164;123m▀▀▀▀▀[38;2;98;82;41;48;2;0;0;0m▀[48;2;246;238;148m▀[38;2;139;197;123m▀[48;2;139;197;123m▀▀[38;2;246;238;148;48;2;246;238;148m▀▀▀▀▀▀▀▀▀▀▀▀▀[38;2;222;189;82;48;2;222;189;82m▀▀▀[48;2;16;98;57m▀[38;2;16;98;57;48;2;74;164;123m▀[38;2;74;164;123m▀[38;2;139;197;123;48;2;139;197;123m▀▀▀▀▀▀▀▀▀▀▀[38;2;74;164;123;48;2;74;164;123m▀▀▀▀[38;2;0;0;0;49m▀[0m
[0m  [38;2;0;0;0m▀[38;2;74;164;123;48;2;0;0;0m▀[48;2;74;164;123m▀▀▀[38;2;98;82;41;48;2;0;0;0m▀[38;2;246;238;148;48;2;246;238;148m▀▀▀▀▀▀▀▀▀▀▀▀▀▀▀[48;2;139;197;123m▀[38;2;139;197;123m▀▀[38;2;222;189;82;48;2;74;164;123m▀[48;2;222;189;82m▀[48;2;16;98;57m▀[38;2;16;98;57;48;2;74;164;123m▀[38;2;74;164;123m▀▀[38;2;139;197;123;48;2;139;197;123m▀▀▀▀▀▀▀▀▀[48;2;74;164;123m▀[38;2;74;164;123m▀▀▀▀[38;2;0;0;0;48;2;0;0;0m▀[0m
[0m    [38;2;0;0;0m▀▀[38;2;74;164;123;48;2;0;0;0m▀[38;2;0;0;0;48;2;222;189;82m▀[38;2;246;238;148;48;2;238;213;106m▀[48;2;246;238;148m▀▀▀▀▀[48;2;139;197;123m▀▀▀▀[48;2;246;238;148m▀▀▀▀[38;2;139;197;123;48;2;139;197;123m▀▀[48;2;74;164;123m▀▀[38;2;74;164;123;48;2;222;189;82m▀[38;2;222;189;82m▀[38;2;16;98;57;48;2;16;98;57m▀[38;2;74;164;123;48;2;74;164;123m▀▀▀▀[38;2;139;197;123m▀▀[48;2;139;197;123m▀▀▀[48;2;74;164;123m▀▀[38;2;74;164;123m▀▀▀▀▀[48;2;0;0;0m▀[38;2;0;0;0;49m▀[0m
[0m      [38;2;0;0;0;48;2;0;0;0m▀[38;2;222;189;82;48;2;222;189;82m▀▀[38;2;246;238;148m▀[48;2;246;238;148m▀▀▀[38;2;139;197;123;48;2;139;197;123m▀▀▀▀▀[38;2;246;238;148;48;2;246;238;148m▀▀▀▀[48;2;222;189;82m▀[38;2;222;189;82m▀▀▀▀▀[38;2;16;98;57;48;2;16;98;57m▀[38;2;74;164;123;48;2;74;164;123m▀▀▀▀▀▀▀▀▀▀▀▀▀▀▀[48;2;0;0;0m▀[38;2;0;0;0;49m▀[0m
[0m      [38;2;0;0;0;48;2;0;0;0m▀[38;2;222;189;82;48;2;222;189;82m▀▀▀▀[38;2;238;213;106m▀[38;2;246;238;148m▀[38;2;139;197;123m▀[48;2;74;164;123m▀▀▀[38;2;246;238;148;48;2;222;189;82m▀▀▀[38;2;222;189;82m▀▀▀▀▀▀▀▀▀[38;2;16;98;57;48;2;16;98;57m▀[38;2;74;164;123;48;2;74;164;123m▀▀▀▀▀▀▀▀▀▀▀▀[48;2;0;0;0m▀▀[38;2;0;0;0;49m▀[0m
[0m       [38;2;0;0;0;48;2;0;0;0m▀[38;2;222;189;82;48;2;222;189;82m▀[38;2;74;164;123;48;2;74;164;123m▀[38;2;222;189;82m▀[48;2;222;189;82m▀▀▀▀▀▀▀▀▀▀▀▀▀▀▀▀▀[48;2;74;164;123m▀[38;2;74;164;123m▀[38;2;0;0;0;48;2;0;0;0m▀[38;2;74;164;123;48;2;74;164;123m▀▀▀▀▀▀▀▀▀[48;2;0;0;0m▀[38;2;0;0;0;49m▀[0m
[0m       [38;2;0;0;0m▀[38;2;222;189;82;48;2;0;0;0m▀[38;2;74;164;123;48;2;222;189;82m▀▀[38;2;222;189;82m▀▀▀▀▀▀▀▀▀[48;2;74;164;123m▀▀[48;2;222;189;82m▀▀▀▀▀▀[38;2;74;164;123;48;2;74;164;123m▀[48;2;0;0;0m▀[38;2;0;0;0;49m▀▀▀[38;2;74;164;123;48;2;0;0;0m▀▀▀▀▀[38;2;0;0;0;49m▀▀[0m
[0m      [38;2;0;0;0m▄[48;2;98;82;41m▀[38;2;98;82;41m▀[38;2;0;0;0m▀[38;2;222;189;82;48;2;0;0;0m▀[48;2;222;189;82m▀▀▀▀▀▀▀▀[38;2;74;164;123;48;2;74;164;123m▀▀▀[38;2;222;189;82;48;2;222;189;82m▀▀▀▀[48;2;0;0;0m▀▀[38;2;0;0;0;49m▀[0m
[0m     [38;2;0;0;0;48;2;0;0;0m▀[38;2;98;82;41;48;2;98;82;41m▀▀[48;2;0;0;0m▀[38;2;0;0;0;49m▀[0m [38;2;0;0;0m▀▀[38;2;222;189;82;48;2;0;0;0m▀▀▀▀▀▀▀▀▀▀[38;2;0;0;0;49m▀▀▀[0m
[0m    [38;2;0;0;0;48;2;0;0;0m▀[38;2;164;123;49;48;2;164;123;49m▀[38;2;98;82;41m▀[48;2;0;0;0m▀[38;2;0;0;0;49m▀[0m
[0m    [38;2;0;0;0;48;2;0;0;0m▀[38;2;164;123;49;48;2;98;82;41m▀[48;2;164;123;49m▀[38;2;0;0;0m▀[38;2;98;82;41;49m▄[0m
[0m     [38;2;0;0;0;48;2;0;0;0m▀[38;2;164;123;49;48;2;98;82;41m▀[48;2;164;123;49m▀[38;2;98;82;41m▀[49m▄▄[38;2;164;123;49;48;2;238;213;106m▀[48;2;246;238;148m▀▀[48;2;238;213;106m▀[49m▄▄[0m
[0m      [38;2;0;0;0m▀[38;2;164;123;49;48;2;0;0;0m▀[48;2;98;82;41m▀[38;2;98;82;41;48;2;222;189;82m▀[38;2;222;189;82;48;2;246;238;148m▀[38;2;246;238;148m▀▀▀[48;2;238;213;106m▀[38;2;238;213;106m▀▀[38;2;164;123;49m▀[38;2;98;82;41m▀[49m▄[0m
[0m        [38;2;98;82;41m▀[38;2;222;189;82;48;2;98;82;41m▀[38;2;246;238;148;48;2;238;213;106m▀[48;2;246;238;148m▀▀[48;2;238;213;106m▀[38;2;238;213;106m▀[38;2;222;189;82;48;2;222;189;82m▀▀▀[38;2;238;213;106m▀▀[38;2;98;82;41m▀▀[38;2;0;0;0m▀[49m▄▄[38;2;98;82;41m▄[0m
[0m         [38;2;98;82;41m▀[38;2;222;189;82;48;2;98;82;41m▀[38;2;238;213;106;48;2;222;189;82m▀▀▀▀▀[48;2;238;213;106m▀[38;2;222;189;82;48;2;222;189;82m▀▀▀▀▀▀▀▀[48;2;0;0;0m▀[38;2;0;0;0;49m▀[0m
[0m           [38;2;0;0;0m▀[38;2;222;189;82;48;2;0;0;0m▀▀[48;2;222;189;82m▀▀▀▀▀▀▀[48;2;0;0;0m▀▀[38;2;0;0;0;49m▀▀[0m
[0m              [38;2;0;0;0m▀▀▀▀▀▀▀[0m
