[0m               [38;2;65;148;172m▄▄[48;2;106;180;230m▀▀[38;2;32;82;131m▀▀▀[48;2;65;148;172m▀[49m▄▄[0m
[0m             [38;2;65;148;172;48;2;32;82;131m▀[38;2;32;82;131;48;2;106;180;230m▀[38;2;106;180;230m▀▀▀▀▀▀▀▀▀[48;2;106;16;16m▀[38;2;65;148;172m▀▀[38;2;32;82;131m▀[38;2;106;16;16;49m▄▄[0m
[0m          [38;2;106;16;16m▄[48;2;180;41;32m▀[38;2;180;41;32m▀[48;2;106;180;230m▀[38;2;106;180;230m▀[48;2;131;213;246m▀▀▀▀[48;2;106;180;230m▀▀[48;2;131;213;246m▀[38;2;131;213;246;48;2;106;16;16m▀[38;2;106;16;16;48;2;180;41;32m▀[38;2;180;41;32;48;2;255;197;189m▀[48;2;255;255;255m▀[48;2;255;197;189m▀[48;2;180;41;32m▀▀▀[38;2;106;16;16m▀▀[49m▄[0m
[0m         [38;2;106;16;16;48;2;180;41;32m▀[48;2;255;82;74m▀[38;2;180;41;32;48;2;180;41;32m▀[48;2;106;180;230m▀[38;2;106;180;230;48;2;131;213;246m▀[38;2;131;213;246m▀▀▀▀▀▀[38;2;106;180;230m▀[38;2;131;213;246m▀[38;2;0;0;0;48;2;0;0;0m▀[38;2;255;197;189;48;2;255;255;255m▀[38;2;255;255;255m▀▀▀[38;2;255;197;189m▀[38;2;180;41;32;48;2;180;41;32m▀▀▀▀[48;2;255;82;74m▀[38;2;106;16;16;48;2;106;16;16m▀[0m
[0m        [38;2;255;82;74;48;2;255;82;74m▀[38;2;255;255;255;48;2;255;255;255m▀[38;2;255;197;189m▀[38;2;180;41;32;48;2;180;41;32m▀[38;2;106;180;230;48;2;106;180;230m▀[38;2;131;213;246;48;2;131;213;246m▀▀▀▀▀▀▀▀▀[38;2;0;0;0;48;2;0;0;0m▀[38;2;255;197;189;48;2;180;41;32m▀[38;2;255;255;255;48;2;255;197;189m▀[48;2;255;255;255m▀[48;2;255;197;189m▀[38;2;255;197;189;48;2;180;41;32m▀[38;2;180;41;32m▀▀▀▀▀[38;2;255;82;74;48;2;255;82;74m▀[38;2;106;16;16;48;2;106;16;16m▀[0m
[0m       [38;2;180;41;32;48;2;180;41;32m▀[38;2;255;197;189;48;2;255;197;189m▀[38;2;255;255;255m▀[38;2;255;197;189;48;2;180;41;32m▀[38;2;180;41;32m▀[38;2;106;180;230;48;2;106;180;230m▀[38;2;131;213;246;48;2;131;213;246m▀▀▀▀▀▀▀[38;2;106;180;230;48;2;106;180;230m▀[38;2;131;213;246;48;2;131;213;246m▀[38;2;0;0;0;48;2;106;16;16m▀[38;2;180;41;32;48;2;180;41;32m▀▀▀▀▀[38;2;255;197;189;48;2;255;197;189m▀▀[38;2;180;41;32;48;2;180;41;32m▀▀▀[38;2;255;82;74;48;2;255;82;74m▀▀[38;2;106;16;16;48;2;0;0;0m▀[0m
[0m       [38;2;106;16;16;48;2;106;16;16m▀[38;2;180;41;32;48;2;180;41;32m▀▀▀[48;2;32;82;131m▀[38;2;106;180;230;48;2;106;180;230m▀▀[38;2;131;213;246m▀▀▀▀[38;2;106;180;230m▀▀▀[38;2;131;213;246;48;2;65;148;172m▀[48;2;131;213;246m▀[38;2;106;16;16;48;2;0;0;0m▀[38;2;180;41;32;48;2;180;41;32m▀▀▀▀▀▀▀▀[48;2;255;82;74m▀[38;2;255;82;74m▀▀[38;2;0;0;0;48;2;0;0;0m▀[0m
[0m       [38;2;0;0;0;48;2;0;0;0m▀[38;2;180;41;32;48;2;180;41;32m▀▀▀[38;2;32;82;131;48;2;32;82;131m▀[38;2;106;180;230;48;2;106;180;230m▀▀▀▀▀▀▀▀▀[38;2;65;148;172m▀[38;2;131;213;246;48;2;65;148;172m▀[48;2;131;213;246m▀[38;2;106;16;16;48;2;0;0;0m▀[38;2;180;41;32;48;2;106;16;16m▀[48;2;180;41;32m▀▀▀▀▀[48;2;255;82;74m▀[38;2;255;82;74m▀▀[48;2;180;41;32m▀[38;2;106;16;16;48;2;0;0;0m▀[0m
[0m       [38;2;0;0;0m▀[38;2;180;41;32;48;2;0;0;0m▀[48;2;180;41;32m▀[48;2;32;82;131m▀[38;2;65;148;172;48;2;106;180;230m▀[38;2;106;180;230m▀▀▀[48;2;32;82;131m▀[38;2;65;148;172;48;2;106;180;230m▀▀[38;2;106;180;230m▀▀▀▀[38;2;32;82;131m▀[38;2;106;180;230;48;2;32;82;131m▀[38;2;131;213;246;48;2;106;180;230m▀[38;2;0;0;0m▀[38;2;106;16;16;48;2;0;0;0m▀[38;2;180;41;32m▀[38;2;255;82;74;48;2;180;41;32m▀▀▀▀▀[38;2;180;41;32;48;2;0;0;0m▀[38;2;0;0;0;48;2;65;148;172m▀[48;2;0;0;0m▀[0m
[0m        [38;2;0;0;0;48;2;0;0;0m▀[38;2;106;180;230;48;2;106;180;230m▀▀▀▀▀[38;2;32;82;131;48;2;32;82;131m▀[38;2;65;148;172;48;2;106;16;16m▀[38;2;106;16;16;48;2;255;255;255m▀[48;2;180;41;32m▀▀[38;2;106;180;230;48;2;106;16;16m▀[48;2;106;180;230m▀▀▀▀[38;2;32;82;131m▀[38;2;106;180;230;48;2;65;148;172m▀▀[38;2;65;148;172;48;2;106;180;230m▀[38;2;0;0;0m▀▀[48;2;65;148;172m▀▀[38;2;32;82;131m▀[38;2;65;148;172;48;2;0;0;0m▀[38;2;0;0;0m▀[0m
[0m         [38;2;0;0;0m▀[48;2;0;0;0m▀[38;2;106;180;230;48;2;106;180;230m▀▀▀[38;2;32;82;131;48;2;65;148;172m▀[38;2;106;16;16;48;2;106;16;16m▀[38;2;180;41;32;48;2;180;41;32m▀[48;2;255;82;74m▀[38;2;255;82;74;48;2;180;41;32m▀[38;2;0;0;0;48;2;0;0;0m▀[38;2;106;180;230;48;2;106;180;230m▀▀▀▀▀▀[38;2;65;148;172m▀[48;2;65;148;172m▀[38;2;32;82;131m▀▀▀[38;2;0;0;0m▀▀[38;2;65;148;172m▀[38;2;0;0;0;48;2;0;0;0m▀[0m
[0m           [38;2;32;82;131m▀[38;2;106;180;230;48;2;32;82;131m▀[48;2;106;180;230m▀▀[38;2;65;148;172m▀[38;2;106;16;16m▀[38;2;0;0;0m▀▀[38;2;106;180;230m▀▀[48;2;65;148;172m▀[48;2;106;180;230m▀▀▀▀[48;2;65;148;172m▀[38;2;65;148;172m▀▀▀▀▀▀▀[38;2;0;0;0;48;2;0;0;0m▀[0m
[0m            [38;2;0;0;0m▀[38;2;106;180;230;48;2;0;0;0m▀[48;2;65;148;172m▀▀[38;2;65;148;172;48;2;32;82;131m▀[38;2;106;180;230;48;2;106;180;230m▀▀▀[48;2;65;148;172m▀▀[38;2;32;82;131m▀[38;2;106;180;230;48;2;32;82;131m▀[48;2;65;148;172m▀[38;2;65;148;172m▀[48;2;0;0;0m▀▀[48;2;32;82;131m▀[48;2;65;148;172m▀▀▀▀[38;2;0;0;0;48;2;0;0;0m▀[38;2;65;148;172;48;2;65;148;172m▀[38;2;32;82;131m▀[49m▄[38;2;0;0;0m▄▄▄[38;2;32;82;131m▄[0m
[0m             [38;2;0;0;0m▀[38;2;65;148;172;48;2;0;0;0m▀▀[38;2;0;0;0m▀[38;2;65;148;172;48;2;32;82;131m▀[48;2;65;148;172m▀▀▀▀[48;2;0;0;0m▀[38;2;0;0;0;48;2;213;213;213m▀▀[48;2;0;0;0m▀[38;2;213;213;213;48;2;255;255;255m▀[48;2;213;213;213m▀[38;2;0;0;0;48;2;32;82;131m▀[38;2;32;82;131;48;2;65;148;172m▀[38;2;65;148;172;48;2;0;0;0m▀▀[38;2;0;0;0;48;2;65;148;172m▀[38;2;65;148;172m▀▀▀▀[38;2;106;180;230;48;2;106;180;230m▀▀▀▀[38;2;32;82;131m▀▀[38;2;0;0;0;49m▄[0m
[0m           [38;2;32;82;131m▄▄[48;2;106;180;230m▀[38;2;106;180;230m▀[38;2;0;0;0;48;2;32;82;131m▀[38;2;213;213;213m▀[38;2;0;0;0;48;2;213;213;213m▀[38;2;32;82;131m▀[38;2;65;148;172;48;2;32;82;131m▀[48;2;0;0;0m▀[38;2;0;0;0;48;2;65;148;172m▀[38;2;32;82;131m▀▀[38;2;255;255;255;48;2;32;82;131m▀▀[38;2;213;213;213m▀[38;2;32;82;131;48;2;65;148;172m▀[38;2;65;148;172m▀▀▀[38;2;0;0;0m▀[38;2;65;148;172;48;2;0;0;0m▀▀▀[48;2;65;148;172m▀[38;2;106;180;230;48;2;106;180;230m▀▀▀▀▀[48;2;32;82;131m▀[49m▀[38;2;0;0;0m▀[0m
[0m         [38;2;32;82;131m▄[48;2;106;180;230m▀[38;2;106;180;230m▀▀▀[48;2;0;0;0m▀[38;2;32;82;131m▀[38;2;106;180;230;48;2;106;180;230m▀[38;2;32;82;131;48;2;65;148;172m▀▀[38;2;106;180;230;48;2;106;180;230m▀▀[38;2;0;0;0;48;2;32;82;131m▀[38;2;65;148;172;48;2;65;148;172m▀[38;2;106;180;230;48;2;106;180;230m▀▀[38;2;65;148;172;48;2;65;148;172m▀[48;2;0;0;0m▀▀[38;2;0;0;0m▀▀▀[48;2;82;82;32m▀▀[48;2;0;0;0m▀▀▀[38;2;106;180;230m▀▀[48;2;32;82;131m▀[49m▀[38;2;32;82;131m▀[0m
[0m         [38;2;0;0;0m▀[38;2;65;148;172;48;2;0;0;0m▀[38;2;106;180;230m▀▀[38;2;0;0;0;49m▀▀▀[48;2;0;0;0m▀[48;2;82;82;32m▀[48;2;0;0;0m▀▀[38;2;106;180;230m▀[48;2;106;180;230m▀[38;2;65;148;172;48;2;32;82;131m▀[38;2;106;180;230;48;2;106;180;230m▀[38;2;65;148;172;48;2;65;148;172m▀[38;2;0;0;0;48;2;0;0;0m▀▀▀▀▀▀▀[38;2;82;82;32m▀▀[38;2;0;0;0;48;2;82;82;32m▀▀[49m▄▄[0m
[0m              [38;2;0;0;0m▄[48;2;82;82;32m▀[38;2;82;82;32;48;2;0;0;0m▀[38;2;0;0;0;49m▀▀▀[0m [38;2;0;0;0m▀[38;2;32;82;131;48;2;32;82;131m▀[38;2;65;148;172;48;2;0;0;0m▀[38;2;0;0;0;49m▀[0m [38;2;32;82;131m▀[38;2;0;0;0m▀▀▀▀[38;2;32;82;131m▀[0m  [38;2;0;0;0m▀▀[38;2;131;131;65;48;2;0;0;0m▀▀[38;2;0;0;0;48;2;180;172;115m▀▀[49m▄▄[38;2;82;82;32m▄[0m
[0m          [38;2;82;82;32m▄▄[48;2;131;131;65m▀[38;2;0;0;0m▀[38;2;131;131;65;48;2;0;0;0m▀[38;2;0;0;0;49m▀[0m                      [38;2;0;0;0m▀▀[38;2;180;172;115;48;2;0;0;0m▀▀[48;2;180;172;115m▀[38;2;82;82;32m▀▀[49m▄▄[0m
[0m     [38;2;82;82;32m▄▄[48;2;180;172;115m▀▀▀[38;2;180;172;115;48;2;0;0;0m▀[38;2;131;131;65m▀[38;2;0;0;0;49m▀▀[0m                            [38;2;0;0;0m▀▀[38;2;180;172;115;48;2;0;0;0m▀[48;2;180;172;115m▀[38;2;82;82;32m▀[48;2;82;82;32m▀[49m▄[0m
[0m   [38;2;131;131;65m▄[38;2;82;82;32;48;2;213;197;148m▀[38;2;180;172;115;48;2;180;172;115m▀[48;2;0;0;0m▀▀[38;2;0;0;0;49m▀▀[0m                                   [38;2;0;0;0m▀[38;2;180;172;115;48;2;0;0;0m▀[48;2;180;172;115m▀[38;2;82;82;32;48;2;213;197;148m▀[49m▄[0m
[0m [38;2;82;82;32m▄[38;2;131;131;65;48;2;213;197;148m▀[38;2;213;197;148;48;2;180;172;115m▀[38;2;180;172;115;48;2;0;0;0m▀[38;2;0;0;0;49m▀[0m                                       [38;2;82;82;32m▄[48;2;180;172;115m▀[38;2;213;197;148;48;2;213;197;148m▀▀[38;2;82;82;32;48;2;82;82;32m▀[0m
[38;2;82;82;32;49m▄[48;2;213;197;148m▀[38;2;213;197;148;48;2;180;172;115m▀[38;2;0;0;0;48;2;0;0;0m▀[0m                                     [38;2;82;82;32m▄[38;2;131;131;65m▄[48;2;180;172;115m▀[48;2;213;197;148m▀[38;2;180;172;115m▀[38;2;213;197;148m▀[48;2;180;172;115m▀[38;2;82;82;32;48;2;82;82;32m▀[0m
[38;2;0;0;0;48;2;0;0;0m▀[38;2;213;197;148;48;2;213;197;148m▀[38;2;180;172;115m▀[48;2;131;131;65m▀[38;2;82;82;32;48;2;180;172;115m▀▀[49m▄▄[0m                             [38;2;82;82;32m▄▄[48;2;180;172;115m▀▀[38;2;180;172;115;48;2;213;197;148m▀[38;2;213;197;148m▀▀▀[48;2;180;172;115m▀[38;2;180;172;115;48;2;82;82;32m▀[38;2;82;82;32;49m▀[0m
[0m [38;2;82;82;32;48;2;0;0;0m▀[38;2;213;197;148;48;2;180;172;115m▀[48;2;213;197;148m▀[38;2;131;131;65;48;2;180;172;115m▀[38;2;180;172;115;48;2;82;82;32m▀▀▀[38;2;82;82;32;48;2;0;0;0m▀[0m                          [38;2;82;82;32m▄[48;2;180;172;115m▀[38;2;180;172;115;48;2;0;0;0m▀[48;2;82;82;32m▀[38;2;131;131;65;48;2;180;172;115m▀▀[38;2;180;172;115m▀[38;2;213;197;148;48;2;131;131;65m▀[38;2;180;172;115;48;2;0;0;0m▀[38;2;0;0;0;49m▀▀[0m
[0m  [38;2;0;0;0m▀[38;2;213;197;148;48;2;0;0;0m▀[48;2;180;172;115m▀[48;2;213;197;148m▀[48;2;180;172;115m▀[38;2;131;131;65;48;2;0;0;0m▀[38;2;0;0;0m▀[0m                          [38;2;0;0;0;48;2;0;0;0m▀[48;2;82;82;32m▀[38;2;180;172;115;48;2;131;131;65m▀▀[48;2;0;0;0m▀▀[38;2;0;0;0;49m▀▀[0m
[0m    [38;2;0;0;0m▀▀▀▀[0m                            [38;2;0;0;0m▀▀▀[0m
