[0m                                         [38;2;32;82;131m▄[38;2;65;148;172m▄[38;2;32;82;131;48;2;106;180;230m▀[48;2;131;205;230m▀▀[48;2;106;180;230m▀▀▀[49m▄[0m
[0m                                 [38;2;131;16;16m▄[38;2;16;16;16m▄▄[48;2;246;65;82m▀▀▀[48;2;32;82;131m▀[38;2;32;82;131;48;2;131;205;230m▀[38;2;131;205;230m▀▀▀▀▀[48;2;65;148;172m▀[38;2;106;180;230;48;2;246;65;82m▀[38;2;131;16;16m▀▀▀▀▀[49m▄▄[0m
[0m                               [38;2;131;16;16m▄[48;2;246;65;82m▀[38;2;180;41;32m▀[38;2;246;65;82;48;2;255;255;255m▀[38;2;255;255;255m▀▀[48;2;180;41;32m▀[38;2;180;41;32m▀[38;2;65;148;172;48;2;65;148;172m▀[38;2;131;205;230;48;2;131;205;230m▀▀▀▀[48;2;106;180;230m▀[38;2;65;148;172;48;2;32;82;131m▀[38;2;180;41;32;48;2;180;41;32m▀▀▀▀[38;2;255;189;172;48;2;255;189;172m▀[48;2;255;255;255m▀▀[38;2;246;65;82m▀[48;2;255;189;172m▀[38;2;131;16;16;48;2;246;65;82m▀[49m▄[0m
[0m                             [38;2;180;41;32m▄[38;2;131;16;16;48;2;246;65;82m▀[38;2;246;65;82m▀[48;2;180;41;32m▀[38;2;180;41;32m▀▀▀▀▀[38;2;32;82;131;48;2;32;82;131m▀[38;2;106;180;230;48;2;131;205;230m▀[38;2;131;205;230m▀▀▀▀[38;2;65;148;172;48;2;32;82;131m▀[38;2;180;41;32;48;2;180;41;32m▀▀▀▀▀▀[38;2;255;189;172m▀[38;2;255;255;255m▀[48;2;255;189;172m▀▀[38;2;255;189;172m▀[38;2;246;65;82;48;2;246;65;82m▀[38;2;131;16;16m▀[38;2;16;16;16;49m▄[0m
[0m                            [38;2;131;16;16m▄[48;2;246;65;82m▀[38;2;246;65;82;48;2;180;41;32m▀[38;2;180;41;32m▀▀▀[48;2;131;16;16m▀▀[38;2;131;16;16m▀▀[38;2;65;148;172;48;2;106;180;230m▀[38;2;106;180;230m▀[38;2;131;205;230m▀▀▀[38;2;106;180;230m▀[38;2;32;82;131;48;2;32;82;131m▀[38;2;131;16;16;48;2;131;16;16m▀▀▀[38;2;180;41;32m▀[48;2;180;41;32m▀▀▀▀▀▀▀▀[38;2;246;65;82m▀[48;2;246;65;82m▀[38;2;16;16;16;48;2;16;16;16m▀[0m
[0m                           [38;2;131;16;16m▄[48;2;246;65;82m▀[38;2;246;65;82;48;2;180;41;32m▀[38;2;180;41;32m▀▀[48;2;131;16;16m▀[38;2;131;16;16m▀▀▀[48;2;32;82;131m▀[38;2;65;148;172;48;2;106;180;230m▀[38;2;106;180;230m▀▀▀▀▀▀[38;2;65;148;172m▀[38;2;131;16;16;48;2;32;82;131m▀[48;2;131;16;16m▀▀▀▀▀[38;2;180;41;32m▀[48;2;180;41;32m▀▀▀[38;2;255;189;172;48;2;255;189;172m▀▀[38;2;180;41;32;48;2;180;41;32m▀[38;2;246;65;82m▀[48;2;246;65;82m▀[38;2;16;16;16;48;2;16;16;16m▀[0m
[0m                          [38;2;32;82;131m▄[38;2;131;16;16;48;2;131;16;16m▀[38;2;246;65;82;48;2;180;41;32m▀[38;2;180;41;32m▀▀▀[38;2;131;16;16;48;2;131;16;16m▀▀[48;2;16;16;16m▀[38;2;16;16;16;48;2;65;148;172m▀[38;2;65;148;172;48;2;106;180;230m▀[38;2;106;180;230m▀▀▀▀▀▀▀▀[38;2;65;148;172m▀[38;2;32;82;131;48;2;32;82;131m▀[38;2;131;16;16;48;2;131;16;16m▀▀▀▀▀▀[38;2;180;41;32;48;2;180;41;32m▀▀▀▀▀▀[38;2;246;65;82m▀[38;2;131;16;16m▀[38;2;16;16;16;48;2;16;16;16m▀[0m
[0m                        [38;2;32;82;131m▄▄[48;2;106;180;230m▀[38;2;180;41;32;48;2;180;41;32m▀▀▀▀[48;2;131;16;16m▀[38;2;131;16;16;48;2;32;82;131m▀[38;2;16;16;16;48;2;65;148;172m▀[38;2;32;82;131;48;2;106;180;230m▀[38;2;65;148;172;48;2;32;82;131m▀[38;2;106;180;230;48;2;106;180;230m▀▀[48;2;131;16;16m▀▀▀▀[48;2;106;180;230m▀▀▀[48;2;32;82;131m▀[38;2;16;16;16;48;2;106;180;230m▀[38;2;32;82;131m▀[38;2;131;16;16;48;2;32;82;131m▀[48;2;131;16;16m▀▀▀▀▀[38;2;180;41;32;48;2;180;41;32m▀▀▀▀▀▀▀[38;2;16;16;16;48;2;131;16;16m▀[38;2;32;82;131;48;2;106;180;230m▀[49m▄▄[0m
[0m                     [38;2;32;82;131m▄[48;2;106;180;230m▀▀[38;2;106;180;230m▀[38;2;32;82;131m▀[38;2;106;180;230m▀[38;2;32;82;131m▀[38;2;180;41;32;48;2;32;82;131m▀▀[38;2;32;82;131;48;2;65;148;172m▀[38;2;65;148;172;48;2;106;180;230m▀[38;2;106;180;230m▀▀▀[38;2;131;205;230m▀[38;2;32;82;131;48;2;131;205;230m▀[38;2;131;16;16;48;2;16;16;16m▀[38;2;180;41;32;48;2;246;65;82m▀[38;2;255;255;255m▀[38;2;180;41;32m▀[48;2;180;41;32m▀[38;2;131;16;16;48;2;16;16;16m▀[38;2;106;180;230m▀[38;2;32;82;131;48;2;106;180;230m▀[38;2;106;180;230m▀▀▀▀[38;2;32;82;131m▀[38;2;131;16;16;48;2;32;82;131m▀[48;2;131;16;16m▀▀▀[38;2;180;41;32m▀[48;2;180;41;32m▀▀▀▀▀[48;2;131;16;16m▀[38;2;131;16;16;48;2;65;148;172m▀[38;2;106;180;230;48;2;106;180;230m▀[38;2;32;82;131;48;2;65;148;172m▀[38;2;106;180;230;48;2;106;180;230m▀[38;2;32;82;131m▀▀[49m▄[0m
[0m                    [38;2;32;82;131;48;2;32;82;131m▀[38;2;106;180;230;48;2;106;180;230m▀▀▀▀▀▀▀▀▀▀▀▀▀▀▀▀[38;2;16;16;16;48;2;131;16;16m▀[38;2;131;16;16m▀▀[38;2;246;65;82;48;2;180;41;32m▀[38;2;180;41;32m▀[38;2;16;16;16;48;2;131;16;16m▀[38;2;106;180;230;48;2;106;180;230m▀▀▀▀▀▀▀▀[38;2;65;148;172m▀[38;2;32;82;131m▀[38;2;131;16;16;48;2;65;148;172m▀[48;2;32;82;131m▀[38;2;180;41;32m▀▀▀▀[38;2;131;16;16;48;2;65;148;172m▀[38;2;65;148;172m▀▀▀[38;2;106;180;230m▀[48;2;106;180;230m▀▀▀▀[38;2;32;82;131m▀[49m▄[0m
[0m                     [38;2;16;16;16m▀▀▀[38;2;106;180;230;48;2;16;16;16m▀▀[48;2;65;148;172m▀[48;2;106;180;230m▀▀▀▀▀[48;2;65;148;172m▀[48;2;106;180;230m▀▀▀▀▀[38;2;131;16;16m▀[38;2;16;16;16;48;2;16;16;16m▀[48;2;106;180;230m▀[38;2;131;16;16m▀[38;2;106;180;230m▀▀▀▀▀▀▀▀▀▀▀▀▀▀▀▀[38;2;65;148;172m▀[48;2;65;148;172m▀▀▀▀▀▀▀[38;2;106;180;230m▀▀▀[38;2;65;148;172m▀[38;2;32;82;131;48;2;16;16;16m▀[0m
[0m                          [38;2;16;16;16;48;2;16;16;16m▀[38;2;106;180;230;48;2;106;180;230m▀▀▀[48;2;65;148;172m▀[38;2;65;148;172m▀[48;2;16;16;16m▀[48;2;32;82;131m▀[38;2;106;180;230;48;2;65;148;172m▀[48;2;106;180;230m▀▀▀▀[38;2;32;82;131;48;2;65;148;172m▀[38;2;106;180;230;48;2;106;180;230m▀▀▀▀▀[48;2;65;148;172m▀▀[38;2;65;148;172m▀▀▀▀[38;2;106;180;230m▀▀[48;2;106;180;230m▀▀▀▀▀▀[38;2;65;148;172;48;2;65;148;172m▀▀▀[48;2;16;16;16m▀▀[38;2;16;16;16;49m▀▀▀[38;2;65;148;172;48;2;16;16;16m▀▀[38;2;16;16;16;49m▀[0m
[0m                           [38;2;16;16;16m▀[38;2;65;148;172;48;2;16;16;16m▀▀▀[38;2;16;16;16m▀▀[38;2;189;189;189;48;2;189;189;189m▀[38;2;32;82;131;48;2;32;82;131m▀[38;2;106;180;230;48;2;65;148;172m▀[48;2;106;180;230m▀▀[48;2;65;148;172m▀[38;2;65;148;172;48;2;106;180;230m▀[38;2;106;180;230;48;2;131;205;230m▀▀[48;2;106;180;230m▀[48;2;65;148;172m▀[38;2;65;148;172m▀[48;2;16;16;16m▀▀[38;2;16;16;16m▀[48;2;189;189;189m▀▀▀[48;2;16;16;16m▀▀[38;2;65;148;172m▀[38;2;106;180;230;48;2;32;82;131m▀[48;2;65;148;172m▀▀▀[38;2;65;148;172m▀▀[48;2;16;16;16m▀[38;2;16;16;16;49m▀[0m
[0m                               [38;2;16;16;16;48;2;16;16;16m▀▀[38;2;189;189;189m▀[48;2;189;189;189m▀[38;2;32;82;131;48;2;16;16;16m▀[38;2;106;180;230;48;2;65;148;172m▀[38;2;131;205;230m▀[38;2;32;82;131;48;2;32;82;131m▀[38;2;131;205;230;48;2;65;148;172m▀▀[38;2;65;148;172m▀[48;2;16;16;16m▀▀[38;2;16;16;16;48;2;189;189;189m▀[48;2;255;255;255m▀[38;2;189;189;189m▀[38;2;16;16;16;48;2;16;16;16m▀[38;2;255;255;255;48;2;255;255;255m▀[48;2;189;189;189m▀[38;2;189;189;189;48;2;16;16;16m▀[38;2;16;16;16m▀▀▀▀[38;2;32;82;131m▀▀▀▀[38;2;16;16;16;49m▀[0m
[0m                            [38;2;82;82;90m▄▄[48;2;115;106;123m▀▀[38;2;16;16;16;48;2;16;16;16m▀▀▀▀[38;2;189;189;189m▀[38;2;32;82;131;48;2;65;148;172m▀▀▀[48;2;32;82;131m▀[38;2;16;16;16;48;2;16;16;16m▀▀▀▀[38;2;189;189;189m▀▀▀[38;2;16;16;16m▀▀▀▀▀▀[48;2;115;106;123m▀▀▀[49m▄▄▄[0m
[0m                          [38;2;82;82;90m▄[48;2;156;148;164m▀[38;2;156;148;164m▀[38;2;115;106;123;48;2;16;16;16m▀▀[38;2;82;82;90;49m▀▀[38;2;16;16;16m▀[48;2;16;16;16m▀▀[48;2;32;82;131m▀[38;2;131;205;230;48;2;131;205;230m▀[38;2;65;148;172m▀[48;2;65;148;172m▀▀[38;2;32;82;131m▀[38;2;16;16;16m▀[48;2;16;16;16m▀▀▀▀▀▀[48;2;115;106;123m▀▀[48;2;16;16;16m▀[38;2;115;106;123m▀[48;2;115;106;123m▀[38;2;16;16;16m▀▀[38;2;82;82;90;48;2;16;16;16m▀[38;2;156;148;164;48;2;82;82;90m▀▀[38;2;115;106;123;48;2;156;148;164m▀[38;2;16;16;16m▀[48;2;115;106;123m▀[49m▄[0m
[0m                     [38;2;82;82;90m▄▄▄[48;2;156;148;164m▀▀▀▀▀▀▀▀[48;2;82;82;90m▀[48;2;156;148;164m▀[38;2;156;148;164m▀[38;2;16;16;16;48;2;32;82;131m▀[38;2;131;205;230;48;2;131;205;230m▀▀▀[38;2;65;148;172;48;2;65;148;172m▀▀▀▀[38;2;32;82;131;48;2;16;16;16m▀[38;2;16;16;16m▀▀▀▀[38;2;115;106;123m▀▀[48;2;115;106;123m▀▀▀[38;2;16;16;16m▀[38;2;115;106;123;48;2;16;16;16m▀[48;2;82;82;90m▀[48;2;156;148;164m▀[38;2;16;16;16m▀[49m▄[38;2;82;82;90m▀[38;2;156;148;164;48;2;82;82;90m▀[48;2;156;148;164m▀[38;2;115;106;123m▀[38;2;16;16;16;48;2;115;106;123m▀[49m▄[0m
[0m                  [38;2;82;82;90m▄[48;2;82;82;90m▀▀[38;2;156;148;164m▀▀▀[38;2;115;106;123m▀▀[38;2;82;82;90m▀▀▀▀▀[48;2;16;16;16m▀[48;2;156;148;164m▀[38;2;156;148;164m▀[48;2;32;82;131m▀[38;2;32;82;131;48;2;131;205;230m▀[38;2;131;205;230m▀▀[38;2;65;148;172;48;2;65;148;172m▀▀▀[48;2;32;82;131m▀[38;2;32;82;131;49m▀[38;2;16;16;16m▀▀▀▀[0m [38;2;82;82;90m▄[48;2;115;106;123m▀[38;2;16;16;16;48;2;82;82;90m▀[48;2;115;106;123m▀[38;2;115;106;123;48;2;16;16;16m▀[48;2;156;148;164m▀▀[38;2;16;16;16;48;2;115;106;123m▀[38;2;82;82;90;48;2;16;16;16m▀[38;2;156;148;164;48;2;82;82;90m▀[48;2;156;148;164m▀[38;2;16;16;16m▀[49m▄[38;2;82;82;90m▀[38;2;156;148;164;48;2;82;82;90m▀[48;2;156;148;164m▀[38;2;115;106;123m▀[38;2;16;16;16;48;2;115;106;123m▀[49m▄[0m
[0m            [38;2;82;82;90m▄▄[48;2;189;189;189m▀▀[48;2;156;148;164m▀▀[38;2;156;148;164;48;2;115;106;123m▀▀▀[48;2;82;82;90m▀▀▀▀▀▀▀[48;2;156;148;164m▀[48;2;16;16;16m▀[38;2;16;16;16;48;2;156;148;164m▀[38;2;156;148;164m▀[48;2;115;106;123m▀[38;2;32;82;131;48;2;32;82;131m▀[38;2;131;205;230;48;2;131;205;230m▀▀▀[38;2;65;148;172;48;2;65;148;172m▀▀▀[48;2;32;82;131m▀[38;2;16;16;16;49m▀[0m    [38;2;82;82;90m▄[48;2;115;106;123m▀[38;2;115;106;123;48;2;82;82;90m▀[38;2;82;82;90;48;2;115;106;123m▀[38;2;115;106;123m▀[38;2;16;16;16;48;2;16;16;16m▀[38;2;65;148;172;48;2;65;148;172m▀[38;2;16;16;16m▀[38;2;156;148;164;48;2;16;16;16m▀[38;2;115;106;123;48;2;156;148;164m▀[38;2;16;16;16;48;2;115;106;123m▀[49m▄[38;2;82;82;90m▀[38;2;156;148;164;48;2;82;82;90m▀[48;2;156;148;164m▀[38;2;16;16;16;48;2;16;16;16m▀[38;2;82;82;90;49m▀[38;2;156;148;164;48;2;82;82;90m▀[48;2;156;148;164m▀▀[38;2;16;16;16;48;2;115;106;123m▀[49m▄[0m
[0m           [38;2;82;82;90;48;2;82;82;90m▀[38;2;115;106;123;48;2;115;106;123m▀▀▀[48;2;82;82;90m▀▀[38;2;82;82;90;49m▀[48;2;16;16;16m▀▀[49m▀[0m     [38;2;16;16;16m▄[48;2;156;148;164m▀▀[38;2;156;148;164;48;2;115;106;123m▀[38;2;115;106;123;48;2;16;16;16m▀▀[38;2;32;82;131;48;2;32;82;131m▀[38;2;131;205;230;48;2;106;180;230m▀▀▀[38;2;65;148;172;48;2;65;148;172m▀▀▀[48;2;32;82;131m▀[38;2;16;16;16;49m▀[0m [38;2;82;82;90m▄▄[48;2;115;106;123m▀▀[38;2;115;106;123;48;2;82;82;90m▀[38;2;82;82;90;48;2;115;106;123m▀[38;2;115;106;123m▀[48;2;16;16;16m▀[38;2;16;16;16;48;2;32;82;131m▀[38;2;65;148;172;48;2;65;148;172m▀▀[48;2;82;82;90m▀[38;2;16;16;16;48;2;115;106;123m▀[38;2;156;148;164;48;2;16;16;16m▀[48;2;156;148;164m▀[38;2;115;106;123;48;2;115;106;123m▀[38;2;16;16;16;48;2;16;16;16m▀[38;2;82;82;90;48;2;82;82;90m▀[38;2;156;148;164;48;2;156;148;164m▀▀[38;2;16;16;16;48;2;16;16;16m▀[38;2;82;82;90;49m▀[38;2;156;148;164;48;2;82;82;90m▀[48;2;156;148;164m▀▀[38;2;16;16;16;48;2;115;106;123m▀[49m▄[0m
[0m            [38;2;82;82;90m▀▀▀[0m       [38;2;16;16;16m▄▄[48;2;156;148;164m▀▀[38;2;156;148;164;48;2;115;106;123m▀▀[38;2;115;106;123;48;2;16;16;16m▀[38;2;16;16;16;49m▀[0m  [38;2;32;82;131;48;2;32;82;131m▀[38;2;106;180;230;48;2;106;180;230m▀▀▀[38;2;65;148;172;48;2;65;148;172m▀▀▀[38;2;16;16;16;48;2;16;16;16m▀[38;2;82;82;90;48;2;115;106;123m▀▀[38;2;115;106;123;48;2;82;82;90m▀▀[38;2;82;82;90;48;2;115;106;123m▀▀[38;2;115;106;123m▀[48;2;16;16;16m▀[38;2;16;16;16;49m▀[0m [38;2;32;82;131;48;2;32;82;131m▀[38;2;65;148;172;48;2;82;82;90m▀[38;2;82;82;90;48;2;115;106;123m▀[38;2;115;106;123m▀[48;2;16;16;16m▀[38;2;16;16;16;49m▀[38;2;156;148;164;48;2;16;16;16m▀[38;2;115;106;123;48;2;156;148;164m▀[38;2;16;16;16;48;2;115;106;123m▀[49m▄[38;2;82;82;90;48;2;82;82;90m▀[38;2;156;148;164;48;2;156;148;164m▀[38;2;16;16;16;48;2;115;106;123m▀[49m▄[38;2;82;82;90m▀[38;2;156;148;164;48;2;82;82;90m▀[48;2;156;148;164m▀[48;2;189;189;189m▀[38;2;16;16;16;48;2;16;16;16m▀[0m
[0m                [38;2;82;82;90m▄▄▄[38;2;16;16;16;48;2;156;148;164m▀▀▀[38;2;156;148;164m▀[48;2;115;106;123m▀▀[38;2;115;106;123;48;2;16;16;16m▀[38;2;16;16;16;49m▀▀[0m    [38;2;32;82;131;48;2;16;16;16m▀[38;2;106;180;230;48;2;106;180;230m▀▀▀[38;2;65;148;172;48;2;65;148;172m▀▀[48;2;32;82;131m▀[38;2;16;16;16;48;2;115;106;123m▀[38;2;82;82;90m▀▀[38;2;115;106;123m▀[48;2;16;16;16m▀[48;2;82;82;90m▀[38;2;16;16;16m▀▀[38;2;82;82;90;49m▄▄[48;2;115;106;123m▀▀[38;2;115;106;123m▀[48;2;16;16;16m▀[38;2;16;16;16;48;2;65;148;172m▀[38;2;32;82;131;48;2;32;82;131m▀[0m [38;2;16;16;16;48;2;16;16;16m▀[38;2;156;148;164;48;2;156;148;164m▀[38;2;115;106;123;48;2;115;106;123m▀[38;2;16;16;16;48;2;16;16;16m▀[38;2;82;82;90;48;2;82;82;90m▀[38;2;156;148;164;48;2;156;148;164m▀[38;2;115;106;123;48;2;115;106;123m▀[38;2;16;16;16;48;2;16;16;16m▀[0m [38;2;82;82;90;48;2;82;82;90m▀[38;2;156;148;164;48;2;156;148;164m▀[38;2;189;189;189;48;2;189;189;189m▀▀[38;2;16;16;16;48;2;16;16;16m▀[0m
[0m       [38;2;82;82;90m▄▄▄▄▄▄[48;2;156;148;164m▀▀▀[38;2;156;148;164m▀▀▀[48;2;115;106;123m▀▀[38;2;115;106;123;48;2;16;16;16m▀▀[38;2;16;16;16;49m▀▀[0m      [38;2;82;82;90m▄[38;2;16;16;16;48;2;115;106;123m▀[38;2;106;180;230;48;2;16;16;16m▀[48;2;106;180;230m▀▀[38;2;65;148;172;48;2;65;148;172m▀▀[38;2;32;82;131;48;2;32;82;131m▀[38;2;82;82;90;48;2;115;106;123m▀▀▀▀▀[38;2;115;106;123;48;2;16;16;16m▀▀▀▀▀▀[38;2;16;16;16;48;2;32;82;131m▀[48;2;65;148;172m▀[38;2;65;148;172m▀[48;2;32;82;131m▀[38;2;32;82;131;49m▀[0m [38;2;16;16;16;48;2;16;16;16m▀[38;2;156;148;164;48;2;156;148;164m▀[38;2;115;106;123;48;2;115;106;123m▀[38;2;16;16;16;48;2;16;16;16m▀[38;2;82;82;90;48;2;82;82;90m▀[38;2;156;148;164;48;2;156;148;164m▀[38;2;115;106;123;48;2;115;106;123m▀[38;2;16;16;16;48;2;16;16;16m▀[0m [38;2;82;82;90m▀[38;2;115;106;123;48;2;82;82;90m▀[48;2;115;106;123m▀[38;2;156;148;164m▀[38;2;16;16;16;48;2;16;16;16m▀[0m
[0m   [38;2;82;82;90m▄▄[48;2;189;189;189m▀▀[38;2;189;189;189m▀▀[48;2;156;148;164m▀[38;2;156;148;164m▀▀▀▀[48;2;115;106;123m▀▀▀[38;2;115;106;123;48;2;16;16;16m▀▀[38;2;16;16;16;49m▀▀[0m           [38;2;16;16;16;48;2;82;82;90m▀[48;2;156;148;164m▀[38;2;106;180;230;48;2;16;16;16m▀[48;2;106;180;230m▀▀[38;2;65;148;172;48;2;65;148;172m▀▀[38;2;32;82;131;48;2;32;82;131m▀[38;2;16;16;16;49m▀▀▀▀[0m     [38;2;32;82;131;48;2;32;82;131m▀[38;2;65;148;172;48;2;65;148;172m▀▀[48;2;32;82;131m▀[38;2;32;82;131;49m▀[0m [38;2;16;16;16;48;2;16;16;16m▀[38;2;156;148;164;48;2;156;148;164m▀[48;2;115;106;123m▀[38;2;115;106;123;48;2;16;16;16m▀[38;2;16;16;16;48;2;82;82;90m▀[38;2;82;82;90;48;2;156;148;164m▀[38;2;156;148;164m▀[38;2;115;106;123;48;2;115;106;123m▀[38;2;16;16;16;48;2;16;16;16m▀[0m  [38;2;16;16;16m▀[38;2;115;106;123;48;2;16;16;16m▀▀[38;2;16;16;16;49m▀[0m
[0m [38;2;82;82;90m▄[48;2;115;106;123m▀[38;2;189;189;189;48;2;156;148;164m▀[48;2;189;189;189m▀▀[48;2;115;106;123m▀[38;2;156;148;164m▀[38;2;115;106;123m▀▀▀[48;2;16;16;16m▀▀▀[38;2;16;16;16;49m▀▀▀[0m              [38;2;82;82;90;48;2;82;82;90m▀[38;2;115;106;123;48;2;115;106;123m▀[38;2;156;148;164m▀[38;2;16;16;16;48;2;82;82;90m▀[38;2;106;180;230;48;2;16;16;16m▀[48;2;106;180;230m▀[38;2;65;148;172;48;2;65;148;172m▀▀[38;2;32;82;131;48;2;32;82;131m▀[0m        [38;2;32;82;131m▄[48;2;65;148;172m▀[38;2;65;148;172m▀[38;2;32;82;131;48;2;32;82;131m▀[38;2;82;82;90;49m▄▄[48;2;156;148;164m▀[38;2;156;148;164m▀[48;2;115;106;123m▀[38;2;115;106;123;48;2;16;16;16m▀[38;2;16;16;16;48;2;82;82;90m▀[38;2;82;82;90;48;2;156;148;164m▀[38;2;156;148;164m▀[48;2;189;189;189m▀[38;2;115;106;123;48;2;16;16;16m▀[38;2;16;16;16;49m▀[0m
[38;2;82;82;90;48;2;82;82;90m▀[38;2;115;106;123;48;2;115;106;123m▀▀▀▀▀▀[48;2;16;16;16m▀▀[38;2;16;16;16;49m▀▀[0m                     [38;2;82;82;90m▀▀[0m [38;2;16;16;16m▀[38;2;65;148;172;48;2;16;16;16m▀[48;2;65;148;172m▀▀▀[38;2;32;82;131;48;2;32;82;131m▀[0m       [38;2;32;82;131;48;2;32;82;131m▀[38;2;65;148;172;48;2;82;82;90m▀[38;2;82;82;90;48;2;156;148;164m▀▀[38;2;156;148;164m▀▀[48;2;115;106;123m▀[38;2;115;106;123;48;2;16;16;16m▀[38;2;16;16;16;49m▀[0m [38;2;82;82;90;48;2;82;82;90m▀[38;2;156;148;164;48;2;156;148;164m▀[48;2;189;189;189m▀[38;2;189;189;189m▀[38;2;16;16;16;48;2;16;16;16m▀[0m
[38;2;16;16;16;49m▀[38;2;115;106;123;48;2;16;16;16m▀▀▀▀[38;2;16;16;16;49m▀▀[0m                             [38;2;16;16;16m▀[38;2;65;148;172;48;2;16;16;16m▀[48;2;65;148;172m▀▀[38;2;32;82;131m▀[49m▄[0m     [38;2;82;82;90m▄[48;2;189;189;189m▀[38;2;189;189;189m▀[38;2;156;148;164;48;2;156;148;164m▀▀[48;2;115;106;123m▀[38;2;115;106;123;48;2;16;16;16m▀[38;2;16;16;16;49m▀[0m   [38;2;82;82;90;48;2;82;82;90m▀[38;2;115;106;123;48;2;115;106;123m▀[38;2;189;189;189;48;2;156;148;164m▀[48;2;16;16;16m▀[38;2;16;16;16;49m▀[0m
[0m                                      [38;2;16;16;16m▀[38;2;65;148;172;48;2;16;16;16m▀[48;2;65;148;172m▀[38;2;32;82;131;48;2;32;82;131m▀[0m    [38;2;82;82;90;48;2;82;82;90m▀[38;2;189;189;189;48;2;189;189;189m▀▀[38;2;156;148;164;48;2;156;148;164m▀[48;2;115;106;123m▀[38;2;115;106;123m▀[48;2;16;16;16m▀[38;2;16;16;16;49m▀[0m    [38;2;16;16;16m▀[38;2;115;106;123;48;2;16;16;16m▀▀[38;2;16;16;16;49m▀[0m
[0m                                        [38;2;16;16;16m▀▀[0m   [38;2;82;82;90;48;2;82;82;90m▀[38;2;189;189;189;48;2;189;189;189m▀▀▀[38;2;156;148;164;48;2;115;106;123m▀[38;2;115;106;123m▀[48;2;16;16;16m▀[38;2;16;16;16;49m▀[0m
[0m                                             [38;2;82;82;90;48;2;82;82;90m▀[38;2;189;189;189;48;2;156;148;164m▀[48;2;189;189;189m▀[48;2;156;148;164m▀[38;2;115;106;123;48;2;115;106;123m▀▀[38;2;16;16;16;48;2;16;16;16m▀[0m
[0m                                             [38;2;82;82;90m▀[38;2;115;106;123;48;2;16;16;16m▀[48;2;115;106;123m▀▀▀[38;2;16;16;16;48;2;16;16;16m▀[0m
[0m                                               [38;2;16;16;16m▀▀▀[0m
