[0m          [38;2;230;90;41m▄▀[0m
[0m      [38;2;230;90;41m▄▄[48;2;255;156;24m▀▀[48;2;230;90;41m▀▀▀▀▀[49m▄[0m
[0m    [38;2;230;90;41m▄[48;2;255;156;24m▀[38;2;255;156;24;48;2;255;222;82m▀[38;2;255;222;82m▀[38;2;255;156;24;48;2;230;90;41m▀[38;2;230;90;41;48;2;255;156;24m▀[48;2;255;222;82m▀[38;2;255;156;24m▀▀▀[38;2;230;90;41m▀[48;2;255;156;24m▀[49m▄[0m        [38;2;238;49;49m▄[0m
[0m   [38;2;230;90;41m▄[48;2;255;156;24m▀[38;2;255;222;82;48;2;255;222;82m▀▀▀[48;2;255;156;24m▀[48;2;255;222;82m▀▀[48;2;255;156;24m▀[48;2;230;90;41m▀[38;2;255;156;24m▀▀▀[38;2;230;90;41;48;2;255;156;24m▀▀▀[48;2;230;90;41m▀[49m▄[38;2;238;49;49m▄[38;2;230;90;41m▄[38;2;238;49;49m▄[48;2;238;49;49m▀[49m▀[0m
[38;2;139;82;49;48;2;115;49;49m▀[48;2;255;238;205m▀[49m▄[38;2;230;90;41;48;2;230;90;41m▀[38;2;255;222;82;48;2;255;222;82m▀▀▀[38;2;255;156;24;48;2;255;156;24m▀[48;2;255;222;82m▀[38;2;255;222;82;48;2;230;90;41m▀[38;2;230;90;41m▀▀[48;2;139;82;49m▀[48;2;0;0;0m▀▀▀[48;2;230;90;41m▀▀▀▀▀[38;2;238;49;49m▀[48;2;238;49;49m▀▀[49m▀[0m
[38;2;115;49;49;49m▀[38;2;255;238;205;48;2;139;82;49m▀[48;2;230;205;139m▀[38;2;230;90;41;48;2;230;90;41m▀[38;2;255;222;82;48;2;255;222;82m▀▀[38;2;255;156;24;48;2;255;156;24m▀[48;2;230;90;41m▀[38;2;230;90;41m▀[48;2;255;238;205m▀▀[38;2;139;82;49m▀[38;2;255;238;205m▀[48;2;115;49;49m▀[38;2;139;82;49;48;2;139;82;49m▀[38;2;0;0;0;48;2;0;0;0m▀[38;2;230;90;41;48;2;230;90;41m▀▀▀[48;2;238;49;49m▀▀[38;2;238;49;49m▀[49m▀[0m
[0m [38;2;115;49;49;48;2;115;49;49m▀[38;2;197;156;106;48;2;139;82;49m▀[38;2;230;90;41;48;2;255;238;205m▀[38;2;255;156;24;48;2;230;90;41m▀[38;2;255;222;82;48;2;255;222;82m▀[38;2;230;90;41;48;2;230;90;41m▀[48;2;255;238;205m▀[38;2;255;238;205m▀▀▀[38;2;230;205;139;48;2;230;205;139m▀[38;2;115;49;49;48;2;115;49;49m▀[38;2;139;82;49;48;2;139;82;49m▀[38;2;115;49;49;48;2;115;49;49m▀[38;2;230;90;41;48;2;230;90;41m▀▀[38;2;238;49;49;49m▀▀[0m                   [38;2;230;90;41m▄[48;2;255;222;82m▀▀▀[49m▄[0m
[0m  [38;2;139;82;49;48;2;0;0;0m▀[38;2;255;238;205;48;2;255;238;205m▀[38;2;230;90;41m▀[38;2;255;156;24;48;2;230;90;41m▀[38;2;230;90;41m▀[38;2;255;238;205;48;2;230;205;139m▀[38;2;230;205;139;48;2;115;49;49m▀[48;2;0;0;0m▀▀[48;2;230;205;139m▀▀[38;2;139;82;49m▀[38;2;115;49;49;48;2;0;0;0m▀[38;2;230;90;41;48;2;230;90;41m▀[0m                  [38;2;230;90;41m▄▄▄[48;2;255;222;82m▀[38;2;255;222;82m▀▀▀▀▀[38;2;230;90;41m▀▀[49m▄[0m
[0m [38;2;139;82;49m▄[38;2;115;49;49;48;2;230;205;139m▀[38;2;255;238;205;48;2;255;238;205m▀▀▀[48;2;0;0;0m▀[38;2;0;0;0m▀[38;2;255;238;205;48;2;115;49;49m▀[38;2;0;0;0m▀[48;2;0;0;0m▀[38;2;230;205;139;48;2;230;205;139m▀▀▀[38;2;0;0;0;48;2;0;0;0m▀[38;2;230;90;41;48;2;230;90;41m▀▀[49m▄▄[0m              [38;2;230;90;41;48;2;230;90;41m▀[38;2;255;222;82;48;2;255;222;82m▀▀▀▀▀[48;2;230;90;41m▀[38;2;255;156;24m▀▀[38;2;255;222;82;48;2;255;156;24m▀[48;2;255;222;82m▀[48;2;255;156;24m▀[38;2;230;90;41;48;2;230;90;41m▀[0m
[38;2;197;156;106;49m▄[48;2;230;205;139m▀[38;2;255;238;205;48;2;255;238;205m▀▀▀▀▀[38;2;115;49;49m▀[38;2;0;0;0;48;2;230;205;139m▀▀[38;2;230;205;139m▀▀▀▀▀[38;2;0;0;0;48;2;0;0;0m▀[38;2;230;90;41;48;2;230;90;41m▀▀[38;2;255;156;24;49m▄[38;2;230;90;41m▄[0m              [38;2;230;90;41;48;2;230;90;41m▀[38;2;255;222;82;48;2;255;222;82m▀▀[48;2;255;156;24m▀[38;2;255;156;24;48;2;230;90;41m▀[38;2;230;90;41;48;2;255;156;24m▀[48;2;230;90;41m▀▀▀[38;2;255;222;82;48;2;255;156;24m▀[38;2;230;90;41;48;2;230;90;41m▀▀▀[0m
[38;2;139;82;49;48;2;115;49;49m▀[38;2;255;238;205;48;2;230;205;139m▀[48;2;255;238;205m▀[48;2;139;82;49m▀[48;2;255;238;205m▀[48;2;230;205;139m▀▀[38;2;230;205;139m▀[48;2;0;0;0m▀▀[48;2;115;49;49m▀[38;2;139;82;49;48;2;230;205;139m▀[38;2;230;205;139m▀▀▀[38;2;0;0;0;48;2;0;0;0m▀[38;2;255;156;24;48;2;255;222;82m▀▀[38;2;230;90;41;48;2;230;90;41m▀[0m  [38;2;230;90;41m▄[48;2;255;222;82m▀[49m▄[0m [38;2;230;90;41m▄[0m      [38;2;230;90;41m▄[48;2;255;222;82m▀[38;2;255;222;82m▀▀▀[48;2;255;156;24m▀[48;2;230;90;41m▀[38;2;230;90;41m▀▀▀▀▀▀▀▀▀[49m▄[0m
[0m [38;2;115;49;49m▀[38;2;197;156;106;48;2;115;49;49m▀[38;2;230;205;139;48;2;0;0;0m▀▀▀[38;2;0;0;0;49m▀▀[38;2;115;49;49;48;2;115;49;49m▀[38;2;230;205;139;48;2;230;205;139m▀▀▀▀▀▀▀[38;2;0;0;0;48;2;0;0;0m▀[38;2;230;90;41;48;2;230;90;41m▀[49m▄[0m [38;2;230;90;41m▄[38;2;255;222;82;48;2;255;156;24m▀[38;2;255;156;24;48;2;230;90;41m▀[38;2;230;90;41m▀▀[48;2;255;156;24m▀[38;2;255;156;24m▀[38;2;230;90;41;49m▄[0m [38;2;230;90;41m▄▀[0m [38;2;230;90;41;48;2;230;90;41m▀[38;2;255;222;82;48;2;255;222;82m▀[48;2;255;156;24m▀[48;2;230;90;41m▀[38;2;230;90;41m▀▀▀▀▀▀▀▀▀▀[49m▀[0m
[0m        [38;2;115;49;49;48;2;115;49;49m▀[38;2;230;205;139;48;2;230;205;139m▀▀▀▀▀▀▀[48;2;255;238;205m▀[38;2;0;0;0;48;2;0;0;0m▀[38;2;230;90;41;48;2;230;90;41m▀▀▀▀▀[48;2;230;205;139m▀[48;2;255;238;205m▀▀[48;2;230;205;139m▀[48;2;115;49;49m▀▀[48;2;230;90;41m▀[49m▄[48;2;230;90;41m▀[48;2;255;156;24m▀[38;2;255;156;24m▀[38;2;230;90;41;48;2;230;90;41m▀▀▀▀▀▀▀▀▀▀▀▀▀[0m
[0m        [38;2;115;49;49;48;2;115;49;49m▀[38;2;230;205;139;48;2;230;205;139m▀▀▀▀▀[48;2;255;238;205m▀[38;2;255;238;205m▀▀▀[38;2;0;0;0m▀▀[38;2;230;90;41m▀[38;2;255;238;205m▀▀▀▀▀▀▀[38;2;230;205;139m▀[38;2;0;0;0;48;2;230;205;139m▀[38;2;230;90;41;48;2;0;0;0m▀[48;2;230;90;41m▀▀▀▀▀▀[38;2;238;49;49;49m▀▀[38;2;230;90;41;48;2;238;49;49m▀▀▀▀[48;2;230;90;41m▀▀▀[38;2;238;49;49;48;2;238;49;49m▀[49m▄[0m [38;2;238;49;49m▄[48;2;238;49;49m▀[49m▀[0m
[0m        [38;2;115;49;49;48;2;115;49;49m▀[38;2;255;238;205;48;2;255;238;205m▀[38;2;230;205;139m▀▀[38;2;255;238;205m▀▀▀▀▀▀▀▀▀▀▀▀▀▀▀▀▀▀[38;2;230;205;139m▀[38;2;0;0;0;48;2;0;0;0m▀[38;2;230;90;41;49m▀[0m        [38;2;238;49;49;48;2;230;90;41m▀▀[49m▀[48;2;230;90;41m▀[48;2;238;49;49m▀▀▀▀▀[49m▀[0m
[0m       [38;2;115;49;49m▄[48;2;255;238;205m▀[38;2;255;238;205m▀▀▀▀▀▀▀▀▀▀▀▀▀▀▀▀▀▀▀▀▀▀▀[38;2;0;0;0;48;2;0;0;0m▀[38;2;139;82;49;49m▄[38;2;230;90;41m▄▄[48;2;255;156;24m▀[48;2;230;90;41m▀[49m▀[0m      [38;2;238;49;49m▀▀▀▀[0m
[0m       [38;2;0;0;0;48;2;0;0;0m▀[38;2;255;238;205;48;2;255;238;205m▀▀▀▀▀▀▀▀▀▀▀▀▀▀▀▀▀▀[48;2;230;205;139m▀[48;2;255;238;205m▀▀▀▀▀[38;2;230;205;139;48;2;230;205;139m▀[38;2;230;90;41;48;2;230;90;41m▀[38;2;255;156;24;48;2;255;222;82m▀[38;2;255;222;82m▀[38;2;255;156;24;48;2;230;90;41m▀[0m
[0m       [38;2;0;0;0;48;2;0;0;0m▀[38;2;230;205;139;48;2;230;205;139m▀[38;2;255;238;205m▀▀[48;2;255;238;205m▀[48;2;197;156;106m▀[48;2;255;238;205m▀▀▀▀▀▀▀▀▀[48;2;230;205;139m▀▀[38;2;230;205;139;48;2;197;156;106m▀▀[48;2;230;205;139m▀[38;2;255;238;205;48;2;255;238;205m▀▀▀▀▀[38;2;230;90;41;48;2;230;205;139m▀[48;2;230;90;41m▀▀[38;2;255;156;24m▀[38;2;230;90;41m▀[49m▀[0m
[0m       [38;2;0;0;0;48;2;0;0;0m▀[38;2;230;205;139;48;2;230;205;139m▀[38;2;139;82;49;48;2;139;82;49m▀[38;2;230;205;139;48;2;230;205;139m▀▀[38;2;197;156;106;48;2;139;82;49m▀[38;2;255;238;205;48;2;255;238;205m▀▀▀▀▀[38;2;230;205;139;48;2;230;90;41m▀[38;2;230;90;41;48;2;255;222;82m▀[48;2;230;90;41m▀[38;2;230;205;139m▀▀[38;2;197;156;106m▀[38;2;0;0;0;48;2;139;82;49m▀▀[38;2;230;205;139;48;2;0;0;0m▀[48;2;230;205;139m▀[38;2;255;238;205m▀▀▀[38;2;230;205;139m▀[38;2;230;90;41m▀▀[48;2;230;90;41m▀▀[38;2;255;156;24;49m▄▄[38;2;230;90;41m▄[0m
[0m        [38;2;0;0;0;48;2;0;0;0m▀[38;2;230;205;139;48;2;197;156;106m▀[38;2;0;0;0m▀[38;2;230;205;139;48;2;0;0;0m▀[38;2;139;82;49;48;2;115;49;49m▀[38;2;230;205;139;48;2;230;205;139m▀[38;2;255;238;205;48;2;255;238;205m▀▀▀[38;2;230;90;41;48;2;230;90;41m▀[38;2;255;222;82m▀[48;2;255;156;24m▀[38;2;255;156;24m▀[48;2;230;90;41m▀[38;2;230;90;41;48;2;139;82;49m▀[38;2;139;82;49m▀[48;2;230;90;41m▀[48;2;139;82;49m▀[38;2;0;0;0m▀[38;2;197;156;106;48;2;0;0;0m▀[38;2;230;205;139;48;2;230;205;139m▀▀▀▀▀[48;2;230;90;41m▀[38;2;230;90;41m▀[38;2;255;222;82m▀▀[38;2;230;90;41m▀[0m
[0m        [38;2;0;0;0m▀[38;2;197;156;106;48;2;0;0;0m▀[48;2;197;156;106m▀▀[38;2;0;0;0m▀[38;2;115;49;49;48;2;0;0;0m▀[38;2;255;238;205;48;2;230;205;139m▀[48;2;255;238;205m▀▀[38;2;230;90;41;48;2;230;205;139m▀[48;2;230;90;41m▀▀▀[38;2;255;222;82;48;2;255;156;24m▀▀[38;2;255;156;24;48;2;139;82;49m▀[38;2;139;82;49m▀▀▀[38;2;0;0;0m▀[38;2;230;205;139;48;2;0;0;0m▀[48;2;230;205;139m▀▀▀▀▀[38;2;230;90;41;48;2;0;0;0m▀[49m▀[0m
[0m         [38;2;0;0;0;48;2;0;0;0m▀[38;2;197;156;106;48;2;197;156;106m▀▀▀▀[38;2;0;0;0;48;2;0;0;0m▀[38;2;255;238;205;48;2;230;205;139m▀[48;2;255;238;205m▀▀[38;2;230;205;139;48;2;230;205;139m▀[38;2;230;90;41;48;2;0;0;0m▀[49m▀[0m  [38;2;115;49;49m▀[38;2;197;156;106;48;2;115;49;49m▀[48;2;197;156;106m▀[38;2;139;82;49m▀[38;2;115;49;49;48;2;115;49;49m▀[0m [38;2;0;0;0m▀[38;2;230;205;139;48;2;0;0;0m▀[48;2;139;82;49m▀[48;2;230;205;139m▀▀▀[38;2;0;0;0;48;2;0;0;0m▀[0m
[0m          [38;2;0;0;0;48;2;0;0;0m▀[38;2;197;156;106;48;2;197;156;106m▀▀[48;2;0;0;0m▀[38;2;115;49;49;49m▀[38;2;0;0;0;48;2;0;0;0m▀[38;2;255;238;205;48;2;255;238;205m▀[48;2;197;156;106m▀[38;2;230;205;139;48;2;230;205;139m▀▀[38;2;0;0;0;48;2;0;0;0m▀[0m   [38;2;115;49;49;48;2;115;49;49m▀[38;2;197;156;106;48;2;197;156;106m▀▀[38;2;115;49;49;48;2;115;49;49m▀[0m   [38;2;0;0;0;48;2;0;0;0m▀[38;2;230;205;139;48;2;230;205;139m▀▀[48;2;0;0;0m▀[38;2;0;0;0;49m▀[0m
[0m          [38;2;0;0;0;48;2;0;0;0m▀[38;2;197;156;106;48;2;197;156;106m▀▀[38;2;0;0;0;48;2;0;0;0m▀[0m [38;2;0;0;0m▀[38;2;230;205;139;48;2;0;0;0m▀[38;2;197;156;106;48;2;230;205;139m▀[38;2;230;205;139m▀[48;2;0;0;0m▀[38;2;0;0;0;49m▀[0m   [38;2;115;49;49;48;2;115;49;49m▀[38;2;197;156;106;48;2;197;156;106m▀▀[38;2;115;49;49;48;2;115;49;49m▀[0m   [38;2;0;0;0;48;2;0;0;0m▀[38;2;230;205;139;48;2;230;205;139m▀▀[38;2;0;0;0;48;2;0;0;0m▀[0m
[0m          [38;2;0;0;0;48;2;0;0;0m▀[38;2;197;156;106;48;2;197;156;106m▀▀[38;2;0;0;0;48;2;0;0;0m▀[0m  [38;2;0;0;0;48;2;0;0;0m▀[38;2;230;205;139;48;2;230;205;139m▀▀[38;2;0;0;0;48;2;0;0;0m▀[0m  [38;2;65;74;131m▄[38;2;115;49;49;48;2;115;123;164m▀[38;2;197;156;106;48;2;65;74;131m▀[48;2;197;156;106m▀[48;2;0;0;0m▀[38;2;115;49;49;49m▀[0m  [38;2;0;0;0m▄[48;2;230;205;139m▀[38;2;230;205;139m▀▀[38;2;0;0;0;48;2;0;0;0m▀[0m
[0m          [38;2;0;0;0;48;2;65;74;131m▀[38;2;197;156;106m▀[48;2;197;156;106m▀[38;2;0;0;0;48;2;115;49;49m▀[0m  [38;2;0;0;0;48;2;0;0;0m▀[38;2;230;205;139;48;2;230;205;139m▀▀[38;2;0;0;0;48;2;0;0;0m▀[0m  [38;2;65;74;131;48;2;0;0;0m▀[38;2;115;123;164m▀[38;2;65;74;131m▀▀[38;2;0;0;0;49m▀[0m   [38;2;0;0;0;48;2;115;49;49m▀[38;2;230;205;139;48;2;65;74;131m▀[48;2;230;205;139m▀▀[38;2;0;0;0;48;2;0;0;0m▀[0m
[0m         [38;2;65;74;131;48;2;65;74;131m▀[38;2;197;197;213;48;2;115;123;164m▀[38;2;65;74;131;48;2;65;74;131m▀▀[38;2;0;0;0;48;2;0;0;0m▀[0m  [38;2;0;0;0;48;2;115;49;49m▀[38;2;230;205;139;48;2;65;74;131m▀[48;2;230;205;139m▀[38;2;0;0;0;48;2;0;0;0m▀[0m         [38;2;65;74;131;48;2;65;74;131m▀[38;2;197;197;213;48;2;115;123;164m▀[38;2;115;123;164;48;2;65;74;131m▀[38;2;65;74;131m▀[38;2;0;0;0;48;2;0;0;0m▀[0m
[0m         [38;2;0;0;0m▀▀▀▀[0m  [38;2;65;74;131;48;2;65;74;131m▀[38;2;197;197;213;48;2;115;123;164m▀[38;2;65;74;131;48;2;65;74;131m▀▀[38;2;0;0;0;48;2;0;0;0m▀[0m         [38;2;0;0;0m▀▀▀▀[0m
[0m               [38;2;0;0;0m▀▀▀▀[0m
