[0m       [38;2;255;156;24m▄[38;2;230;98;41m▄▄[48;2;255;222;82m▀▀▀▀[48;2;230;98;41m▀[49m▄▄[0m     [38;2;255;156;24m▄▄[0m
[0m     [38;2;255;156;24m▄[48;2;255;222;82m▀[38;2;255;222;82m▀▀▀▀▀▀▀▀[38;2;230;98;41m▀[48;2;230;98;41m▀▀▀[49m▄▄[48;2;230;98;41m▀[38;2;255;222;82;48;2;255;156;24m▀[48;2;255;222;82m▀[38;2;255;156;24m▀▀▀[49m▄[0m
[0m     [38;2;255;156;24;48;2;255;156;24m▀[38;2;255;222;82;48;2;255;222;82m▀▀▀[48;2;255;156;24m▀[38;2;255;156;24m▀▀▀▀[38;2;255;222;82m▀[38;2;230;98;41m▀[48;2;230;98;41m▀[48;2;255;156;24m▀▀[48;2;230;98;41m▀▀▀▀[38;2;255;156;24;48;2;255;156;24m▀[38;2;255;222;82;48;2;255;222;82m▀▀▀[38;2;255;156;24m▀[49m▄[0m
[0m     [38;2;255;156;24m▀[38;2;255;222;82;48;2;255;156;24m▀[48;2;255;222;82m▀▀[38;2;255;156;24;48;2;255;156;24m▀▀▀[48;2;230;98;41m▀[38;2;230;98;41m▀[48;2;115;49;49m▀[38;2;255;156;24;48;2;230;98;41m▀[48;2;255;156;24m▀[38;2;255;222;82m▀[48;2;255;222;82m▀▀[38;2;255;156;24m▀[38;2;230;98;41;48;2;230;98;41m▀[38;2;255;156;24;48;2;255;222;82m▀[38;2;255;222;82m▀▀▀▀▀[38;2;255;156;24;48;2;255;156;24m▀[0m
[0m  [38;2;139;82;49m▄▄[0m   [38;2;230;98;41;48;2;230;98;41m▀[38;2;255;156;24;48;2;255;156;24m▀▀▀▀[38;2;230;98;41;48;2;222;16;16m▀[38;2;115;49;49;48;2;115;49;49m▀[38;2;255;230;197;48;2;255;230;197m▀[38;2;115;49;49;48;2;115;49;49m▀[38;2;255;156;24;48;2;255;156;24m▀[48;2;255;222;82m▀[38;2;255;222;82m▀▀▀[38;2;255;156;24m▀[38;2;230;98;41m▀[38;2;255;222;82;48;2;255;156;24m▀[48;2;255;222;82m▀[48;2;255;156;24m▀[48;2;230;98;41m▀[38;2;255;156;24;49m▀[0m         [38;2;230;98;41m▄▄[48;2;255;222;82m▀▀▀[49m▄▄[0m
[0m  [38;2;139;82;49m▀[38;2;255;230;197;48;2;197;148;106m▀[38;2;139;82;49;48;2;255;230;197m▀[49m▄[38;2;230;98;41;48;2;230;98;41m▀[38;2;255;156;24;48;2;255;156;24m▀▀▀▀[48;2;230;98;41m▀[38;2;115;49;49;48;2;115;49;49m▀[38;2;255;230;197;48;2;255;230;197m▀[38;2;197;148;106;48;2;222;16;16m▀[38;2;115;49;49;48;2;238;197;139m▀[38;2;255;156;24;48;2;115;49;49m▀[38;2;255;222;82;48;2;255;156;24m▀[48;2;255;222;82m▀▀▀▀[38;2;255;156;24;48;2;255;156;24m▀▀▀▀[38;2;230;98;41m▀[49m▄[0m [38;2;230;98;41m▄▄▄▄[0m   [38;2;230;98;41;48;2;230;98;41m▀[38;2;255;222;82;48;2;255;156;24m▀▀[48;2;255;222;82m▀▀▀[48;2;255;156;24m▀▀[38;2;230;98;41m▀[38;2;222;16;16;48;2;255;222;82m▀▀[48;2;230;98;41m▀[49m▄[0m  [38;2;222;16;16m▄▄[0m
[38;2;115;49;49;49m▄▄▄▀[38;2;255;230;197;48;2;115;49;49m▀[48;2;255;230;197m▀[38;2;139;82;49;48;2;238;197;139m▀[38;2;115;49;49;48;2;197;148;106m▀[38;2;255;156;24;48;2;115;49;49m▀[48;2;230;98;41m▀▀[38;2;230;98;41m▀[38;2;115;49;49;48;2;115;49;49m▀[38;2;255;230;197;48;2;238;197;139m▀[38;2;222;16;16;48;2;222;16;16m▀[38;2;238;197;139;48;2;197;148;106m▀[38;2;115;49;49;48;2;115;49;49m▀[38;2;255;156;24;48;2;255;156;24m▀[38;2;255;222;82m▀[48;2;255;222;82m▀[48;2;255;156;24m▀[38;2;255;156;24;48;2;230;98;41m▀[48;2;255;156;24m▀▀▀▀▀[38;2;230;98;41m▀▀[38;2;255;156;24m▀▀▀▀[38;2;230;98;41m▀▀▀[38;2;255;156;24m▀▀▀▀▀▀▀[48;2;230;98;41m▀[48;2;222;16;16m▀▀▀[38;2;222;16;16;48;2;230;98;41m▀[49m▄▄[48;2;222;16;16m▀[38;2;230;98;41m▀[48;2;230;98;41m▀[38;2;222;16;16m▀[38;2;230;98;41;49m▄[38;2;222;16;16m▄▄[48;2;230;98;41m▀▀▀[49m▄[0m
[38;2;115;49;49;49m▀[38;2;255;230;197;48;2;115;49;49m▀[48;2;222;16;16m▀[38;2;0;0;0;48;2;255;230;197m▀[48;2;238;197;139m▀[38;2;115;49;49;48;2;0;0;0m▀[38;2;238;197;139;48;2;197;148;106m▀[48;2;238;197;139m▀▀[38;2;0;0;0m▀[38;2;222;16;16;48;2;255;230;197m▀[38;2;115;49;49m▀[38;2;197;148;106m▀[38;2;238;197;139;48;2;238;197;139m▀[38;2;230;98;41;48;2;197;148;106m▀[38;2;222;16;16;48;2;222;16;16m▀[38;2;238;197;139;48;2;238;197;139m▀[38;2;115;49;49;48;2;0;0;0m▀[38;2;255;156;24;48;2;230;98;41m▀▀[38;2;230;98;41;48;2;255;156;24m▀[38;2;255;156;24;48;2;230;98;41m▀[48;2;255;156;24m▀[38;2;230;98;41;48;2;222;16;16m▀[48;2;255;156;24m▀[38;2;255;156;24m▀▀▀▀▀▀▀▀▀▀▀▀▀[48;2;230;98;41m▀▀▀[38;2;230;98;41m▀▀[38;2;222;16;16m▀[49m▄[0m [38;2;222;16;16;48;2;222;16;16m▀▀▀▀[38;2;230;98;41m▀▀▀[38;2;222;16;16m▀▀▀[38;2;230;98;41;49m▀[48;2;222;16;16m▀[48;2;230;98;41m▀[48;2;222;16;16m▀[38;2;222;16;16m▀[0m
[0m  [38;2;115;49;49m▀[38;2;222;16;16;48;2;115;49;49m▀[38;2;139;82;49;48;2;222;16;16m▀[38;2;238;197;139;48;2;238;197;139m▀[38;2;0;0;0;48;2;197;148;106m▀[38;2;238;197;139;48;2;0;0;0m▀[48;2;115;49;49m▀[38;2;197;148;106;48;2;255;230;197m▀[38;2;255;230;197m▀▀▀▀[38;2;238;197;139;48;2;238;197;139m▀[38;2;197;148;106m▀[38;2;238;197;139m▀[38;2;0;0;0;48;2;197;148;106m▀[38;2;230;98;41;48;2;0;0;0m▀[48;2;230;98;41m▀▀[38;2;255;156;24m▀[38;2;230;98;41m▀[38;2;255;156;24;48;2;255;156;24m▀▀▀▀▀▀▀▀▀▀▀▀▀▀[38;2;230;98;41;48;2;230;98;41m▀[48;2;222;16;16m▀[38;2;222;16;16m▀▀▀[38;2;230;98;41m▀▀[38;2;222;16;16;49m▀[0m    [38;2;222;16;16m▀▀▀▀[0m    [38;2;222;16;16m▀▀[0m
[0m    [38;2;115;49;49;48;2;115;49;49m▀[38;2;238;197;139;48;2;197;148;106m▀[38;2;197;148;106m▀[38;2;255;230;197;48;2;255;230;197m▀▀▀▀▀[48;2;238;197;139m▀[48;2;115;49;49m▀[38;2;238;197;139;48;2;197;148;106m▀[48;2;238;197;139m▀▀▀[38;2;0;0;0;48;2;115;49;49m▀[38;2;230;98;41;48;2;230;98;41m▀▀▀[48;2;222;16;16m▀[48;2;230;98;41m▀[38;2;255;156;24m▀[48;2;255;156;24m▀▀▀▀[48;2;230;98;41m▀[38;2;230;98;41m▀[48;2;222;16;16m▀[48;2;230;98;41m▀[38;2;255;156;24m▀[38;2;230;98;41;48;2;222;16;16m▀▀[38;2;222;16;16m▀[38;2;230;98;41m▀[38;2;222;16;16;48;2;230;98;41m▀[38;2;230;98;41;48;2;222;16;16m▀[38;2;222;16;16;48;2;230;98;41m▀[48;2;222;16;16m▀▀▀▀▀[0m
[0m     [38;2;0;0;0;48;2;0;0;0m▀[38;2;238;197;139;48;2;238;197;139m▀[38;2;255;230;197;48;2;255;230;197m▀▀▀[38;2;197;148;106;48;2;197;148;106m▀[38;2;255;230;197;48;2;255;230;197m▀[38;2;238;197;139;48;2;115;49;49m▀[38;2;115;49;49;48;2;222;16;16m▀[38;2;197;197;197;48;2;255;230;197m▀[38;2;238;197;139;48;2;238;197;139m▀▀▀[38;2;197;148;106m▀[38;2;0;0;0;48;2;0;0;0m▀[38;2;230;98;41;48;2;230;98;41m▀▀[48;2;222;16;16m▀▀[48;2;230;98;41m▀[48;2;222;16;16m▀▀▀▀▀[38;2;222;16;16;48;2;230;98;41m▀[38;2;230;98;41;48;2;222;16;16m▀[38;2;222;16;16m▀[48;2;230;98;41m▀[48;2;222;16;16m▀▀[49m▀[48;2;222;16;16m▀▀▀▀▀▀▀▀[49m▀[0m                     [38;2;222;16;16m▄▄[48;2;222;16;16m▀[0m
[0m      [38;2;115;49;49;48;2;115;49;49m▀[38;2;255;230;197;48;2;197;148;106m▀[48;2;255;230;197m▀▀▀[38;2;238;197;139m▀[38;2;0;0;0;48;2;238;197;139m▀[38;2;115;49;49m▀[38;2;197;148;106m▀[38;2;238;197;139m▀[48;2;139;82;49m▀[48;2;238;197;139m▀▀[38;2;0;0;0;48;2;0;0;0m▀[38;2;222;16;16;48;2;222;16;16m▀▀[38;2;230;98;41m▀[38;2;222;16;16m▀▀▀▀▀▀▀▀▀[49m▀[0m [38;2;222;16;16m▄▄[0m   [38;2;222;16;16m▀▀▀▀[0m       [38;2;230;98;41;48;2;230;98;41m▀[48;2;255;222;82m▀[49m▄▄[0m [38;2;230;98;41m▄▄[0m   [38;2;230;98;41m▄▄[0m    [38;2;222;16;16;48;2;222;16;16m▀[48;2;230;98;41m▀[38;2;230;98;41;48;2;255;156;24m▀[38;2;222;16;16;49m▄▄[0m
[0m       [38;2;0;0;0;48;2;115;49;49m▀[38;2;255;230;197;48;2;255;230;197m▀▀▀▀[38;2;238;197;139;48;2;238;197;139m▀▀▀[48;2;139;82;49m▀[38;2;139;82;49;48;2;238;197;139m▀[38;2;238;197;139m▀▀[38;2;197;148;106m▀[38;2;0;0;0;48;2;0;0;0m▀[38;2;222;16;16;48;2;222;16;16m▀▀▀[49m▀[48;2;222;16;16m▀▀▀▀▀▀▀[49m▀[48;2;222;16;16m▀▀[49m▀[0m           [38;2;255;156;24m▄[48;2;255;222;82m▀▀[38;2;255;222;82m▀▀[48;2;255;156;24m▀[38;2;230;98;41m▀[48;2;255;222;82m▀[38;2;255;222;82;48;2;255;156;24m▀[38;2;230;98;41;48;2;230;98;41m▀[0m [38;2;222;16;16m▄[38;2;230;98;41;48;2;255;222;82m▀[38;2;255;222;82m▀▀[38;2;222;16;16;48;2;255;156;24m▀[38;2;230;98;41;49m▄[38;2;222;16;16m▄[0m  [38;2;222;16;16;48;2;222;16;16m▀[38;2;230;98;41;48;2;230;98;41m▀[48;2;222;16;16m▀[38;2;222;16;16;49m▀[0m
[0m       [38;2;115;49;49;48;2;139;82;49m▀[38;2;255;230;197;48;2;255;230;197m▀▀▀[38;2;238;197;139;48;2;238;197;139m▀▀▀[48;2;139;82;49m▀[38;2;139;82;49;48;2;197;148;106m▀[38;2;238;197;139;48;2;238;197;139m▀▀▀▀[38;2;0;0;0;48;2;115;49;49m▀[38;2;222;16;16;49m▀[0m     [38;2;222;16;16m▀▀[0m      [38;2;230;98;41m▄[48;2;255;222;82m▀▀▀[49m▄[0m   [38;2;230;98;41m▄▄[0m [38;2;255;156;24;48;2;255;156;24m▀[38;2;255;222;82;48;2;255;222;82m▀[48;2;255;156;24m▀[38;2;255;156;24m▀▀[38;2;255;222;82m▀▀[38;2;255;156;24;48;2;255;222;82m▀[48;2;255;156;24m▀[38;2;230;98;41;48;2;222;16;16m▀[49m▀[38;2;222;16;16m▄[48;2;230;98;41m▀[38;2;255;222;82;48;2;255;156;24m▀[38;2;255;156;24m▀▀▀[48;2;230;98;41m▀[38;2;230;98;41m▀[38;2;222;16;16;48;2;222;16;16m▀▀▀[49m▀▀[0m
[0m       [38;2;115;49;49m▀[38;2;238;197;139;48;2;115;49;49m▀[38;2;255;230;197;48;2;238;197;139m▀[38;2;238;197;139m▀[48;2;139;82;49m▀[48;2;238;197;139m▀▀[38;2;0;0;0;48;2;0;0;0m▀[38;2;238;197;139;48;2;238;197;139m▀▀▀▀▀[38;2;197;148;106m▀[38;2;115;49;49;48;2;115;49;49m▀[0m         [38;2;230;98;41m▄▄[38;2;255;156;24m▄▄[38;2;230;98;41;48;2;255;222;82m▀[38;2;255;222;82m▀▀[38;2;230;98;41m▀▀[49m▄▄[48;2;255;222;82m▀[38;2;255;222;82m▀[48;2;222;16;16m▀[38;2;222;16;16;48;2;255;156;24m▀[38;2;230;98;41m▀[38;2;255;156;24m▀▀▀▀▀▀▀[38;2;230;98;41m▀▀[38;2;222;16;16m▀[38;2;255;156;24;48;2;230;98;41m▀[48;2;255;156;24m▀▀▀▀[48;2;230;98;41m▀[38;2;230;98;41;48;2;222;16;16m▀[38;2;222;16;16m▀▀▀▀[49m▄[0m
[0m         [38;2;115;49;49m▀[38;2;238;197;139;48;2;0;0;0m▀▀[38;2;197;148;106m▀[38;2;0;0;0;48;2;197;148;106m▀[38;2;197;148;106;48;2;238;197;139m▀[38;2;238;197;139m▀▀▀▀▀▀[38;2;197;148;106m▀[38;2;115;49;49;48;2;115;49;49m▀[0m  [38;2;230;98;41m▄▄[0m [38;2;230;98;41m▄▄[48;2;255;222;82m▀[38;2;255;222;82m▀▀[48;2;255;156;24m▀▀▀[48;2;255;222;82m▀▀▀[38;2;255;156;24m▀[48;2;255;156;24m▀[38;2;255;222;82m▀▀[48;2;255;222;82m▀[48;2;222;16;16m▀[38;2;255;156;24;48;2;255;156;24m▀[48;2;230;98;41m▀▀[48;2;255;156;24m▀▀▀▀▀▀[48;2;230;98;41m▀▀[48;2;255;156;24m▀[48;2;230;98;41m▀[38;2;230;98;41;48;2;255;156;24m▀[38;2;255;156;24m▀▀[38;2;230;98;41;48;2;230;98;41m▀[38;2;222;16;16;48;2;222;16;16m▀[49m▀[48;2;222;16;16m▀▀▀[49m▀[0m
[0m            [38;2;115;49;49;48;2;115;49;49m▀[38;2;238;197;139;48;2;238;197;139m▀▀▀▀▀▀▀▀▀▀[38;2;0;0;0m▀[38;2;230;98;41;48;2;222;16;16m▀▀[48;2;230;98;41m▀[48;2;255;156;24m▀[38;2;255;156;24m▀[38;2;255;222;82m▀[38;2;255;156;24m▀▀▀▀▀▀▀[48;2;222;16;16m▀[48;2;230;98;41m▀▀[48;2;255;156;24m▀[48;2;222;16;16m▀[38;2;222;16;16;48;2;230;98;41m▀▀[38;2;230;98;41m▀[48;2;222;16;16m▀[38;2;222;16;16m▀▀[38;2;230;98;41m▀▀▀[38;2;255;156;24;48;2;230;98;41m▀▀[38;2;230;98;41;48;2;222;16;16m▀[38;2;222;16;16m▀▀[38;2;230;98;41m▀[38;2;255;156;24;48;2;230;98;41m▀[48;2;255;156;24m▀[38;2;230;98;41m▀[38;2;255;156;24m▀▀[38;2;230;98;41m▀[49m▄[0m
[0m            [38;2;115;49;49;48;2;115;49;49m▀[38;2;238;197;139;48;2;238;197;139m▀▀▀▀▀▀▀▀▀[48;2;255;230;197m▀[38;2;255;230;197m▀▀▀[38;2;238;197;139m▀[38;2;230;98;41;48;2;238;197;139m▀[38;2;255;156;24;48;2;230;98;41m▀▀[38;2;230;98;41m▀[38;2;255;156;24;48;2;238;197;139m▀[38;2;238;197;139;48;2;255;230;197m▀▀[38;2;230;98;41m▀▀[38;2;238;197;139m▀[38;2;255;230;197m▀[38;2;238;197;139m▀▀[38;2;222;16;16m▀[48;2;238;197;139m▀[38;2;230;98;41;48;2;139;82;49m▀[48;2;222;16;16m▀[38;2;222;16;16m▀▀▀▀▀▀[48;2;230;98;41m▀[48;2;222;16;16m▀▀▀▀▀[38;2;230;98;41;48;2;230;98;41m▀[38;2;222;16;16m▀[38;2;230;98;41;48;2;222;16;16m▀▀[38;2;255;156;24;48;2;230;98;41m▀▀[48;2;222;16;16m▀[38;2;230;98;41;49m▀[0m
[0m            [38;2;115;49;49m▀[38;2;238;197;139;48;2;115;49;49m▀[48;2;238;197;139m▀▀▀▀▀▀▀[48;2;255;230;197m▀[38;2;255;230;197m▀▀▀▀▀▀[38;2;238;197;139m▀▀[38;2;255;230;197m▀▀▀▀▀▀▀▀▀▀▀▀[38;2;139;82;49m▀[38;2;222;16;16;48;2;139;82;49m▀[48;2;222;16;16m▀▀▀▀▀▀[38;2;230;98;41;48;2;230;98;41m▀▀[38;2;222;16;16;48;2;222;16;16m▀[49m▀▀[48;2;222;16;16m▀▀▀▀▀[49m▀▀[0m
[0m        [38;2;230;98;41m▄▄[0m   [38;2;115;49;49;48;2;115;49;49m▀[38;2;238;197;139;48;2;238;197;139m▀▀▀▀▀▀[48;2;255;230;197m▀[38;2;255;230;197m▀▀▀▀▀▀▀▀▀▀▀▀▀▀▀▀▀▀▀▀▀▀▀[38;2;139;82;49m▀[38;2;222;16;16;48;2;139;82;49m▀[48;2;222;16;16m▀▀▀▀▀[49m▀[0m    [38;2;222;16;16m▀▀▀[0m
[0m       [38;2;230;98;41;48;2;230;98;41m▀▀[49m▀[0m  [38;2;115;49;49m▄[48;2;197;148;106m▀[38;2;238;197;139;48;2;238;197;139m▀▀▀▀[48;2;255;230;197m▀[38;2;255;230;197;48;2;238;197;139m▀[48;2;255;230;197m▀▀[48;2;197;148;106m▀[48;2;255;230;197m▀▀▀▀▀▀▀▀▀▀▀▀▀▀▀▀▀▀▀▀▀▀▀[38;2;139;82;49;48;2;139;82;49m▀[0m
[0m        [38;2;230;98;41;48;2;255;156;24m▀[38;2;255;156;24;48;2;255;222;82m▀[38;2;230;98;41;48;2;230;98;41m▀[38;2;139;82;49;49m▄[48;2;197;148;106m▀[38;2;197;148;106m▀[38;2;139;82;49;48;2;139;82;49m▀[38;2;238;197;139;48;2;238;197;139m▀▀▀[48;2;255;230;197m▀[38;2;255;230;197;48;2;238;197;139m▀[38;2;238;197;139;48;2;255;230;197m▀[48;2;197;148;106m▀[38;2;255;230;197;48;2;255;230;197m▀▀▀▀▀▀▀▀▀▀▀▀▀▀▀▀▀▀[48;2;238;197;139m▀[38;2;238;197;139;48;2;255;230;197m▀[38;2;255;230;197;48;2;238;197;139m▀[38;2;238;197;139;48;2;255;230;197m▀[38;2;255;230;197;48;2;238;197;139m▀[38;2;238;197;139m▀▀[38;2;0;0;0;48;2;0;0;0m▀[0m
[0m      [38;2;230;98;41;48;2;230;98;41m▀▀[38;2;255;222;82;48;2;255;156;24m▀[48;2;255;222;82m▀[38;2;230;98;41;48;2;139;82;49m▀[38;2;139;82;49;48;2;197;148;106m▀[38;2;197;148;106m▀▀▀[38;2;139;82;49;48;2;139;82;49m▀[38;2;238;197;139;48;2;238;197;139m▀▀▀▀▀[38;2;197;148;106;48;2;255;230;197m▀[38;2;255;230;197m▀▀▀▀▀▀▀▀▀▀[48;2;238;197;139m▀▀▀[38;2;238;197;139m▀▀▀▀▀[38;2;255;230;197m▀[38;2;238;197;139;48;2;255;230;197m▀[38;2;255;230;197;48;2;238;197;139m▀[38;2;238;197;139;48;2;255;230;197m▀[38;2;255;230;197;48;2;238;197;139m▀[38;2;238;197;139m▀▀[38;2;0;0;0;48;2;0;0;0m▀[0m
[0m       [38;2;230;98;41m▀[48;2;139;82;49m▀[38;2;255;222;82;48;2;197;148;106m▀[38;2;197;148;106m▀▀▀▀▀▀[38;2;0;0;0m▀[38;2;238;197;139;48;2;0;0;0m▀[48;2;238;197;139m▀▀▀[38;2;255;230;197;48;2;255;230;197m▀▀▀▀▀▀▀▀[48;2;197;148;106m▀[38;2;238;197;139;48;2;238;197;139m▀▀▀▀▀▀▀[48;2;197;148;106m▀▀[38;2;197;148;106;48;2;238;197;139m▀[38;2;238;197;139m▀▀▀▀▀▀[38;2;197;148;106;48;2;115;49;49m▀[38;2;0;0;0;49m▀[0m
[0m      [38;2;115;49;49m▄[48;2;255;230;197m▀[38;2;255;230;197m▀[38;2;197;148;106m▀[48;2;197;148;106m▀▀▀▀[48;2;0;0;0m▀▀▀[38;2;0;0;0;49m▀▀[38;2;197;148;106;48;2;0;0;0m▀[38;2;139;82;49;48;2;139;82;49m▀[38;2;255;230;197;48;2;197;148;106m▀[48;2;255;230;197m▀▀▀▀▀▀[48;2;139;82;49m▀[38;2;139;82;49;48;2;197;148;106m▀[38;2;238;197;139;48;2;238;197;139m▀[48;2;139;82;49m▀[48;2;0;0;0m▀▀[38;2;139;82;49;48;2;197;148;106m▀▀[48;2;0;0;0m▀[38;2;238;197;139;48;2;238;197;139m▀[38;2;197;148;106m▀[38;2;238;197;139;48;2;197;148;106m▀[48;2;238;197;139m▀▀▀▀▀▀[38;2;0;0;0;48;2;0;0;0m▀[0m
[0m    [38;2;115;49;49m▄[48;2;255;230;197m▀[38;2;255;230;197m▀[48;2;197;148;106m▀[48;2;255;230;197m▀[48;2;197;148;106m▀[38;2;197;148;106;48;2;0;0;0m▀▀[38;2;0;0;0;48;2;230;98;41m▀▀[38;2;222;16;16;48;2;222;16;16m▀[48;2;230;98;41m▀[0m     [38;2;139;82;49;48;2;139;82;49m▀[38;2;255;230;197;48;2;255;230;197m▀▀▀▀▀[48;2;238;197;139m▀[38;2;115;49;49;48;2;0;0;0m▀[38;2;0;0;0;49m▀▀[48;2;0;0;0m▀[38;2;197;148;106;48;2;197;148;106m▀▀▀▀▀[38;2;0;0;0;48;2;0;0;0m▀[38;2;238;197;139;48;2;238;197;139m▀[38;2;197;148;106m▀[38;2;238;197;139m▀▀▀▀▀▀[38;2;0;0;0;48;2;115;49;49m▀[0m
[0m    [38;2;115;49;49;48;2;115;49;49m▀[38;2;255;230;197;48;2;255;230;197m▀[38;2;197;148;106;48;2;197;148;106m▀[38;2;238;197;139;48;2;238;197;139m▀▀[38;2;139;82;49;48;2;0;0;0m▀[38;2;230;98;41;48;2;222;16;16m▀▀▀[38;2;222;16;16m▀[38;2;230;98;41;49m▄[0m      [38;2;115;49;49;48;2;115;49;49m▀[38;2;255;230;197;48;2;255;230;197m▀▀▀▀[48;2;238;197;139m▀[38;2;238;197;139;48;2;115;49;49m▀[38;2;0;0;0;49m▀[0m   [38;2;0;0;0;48;2;0;0;0m▀[38;2;197;148;106;48;2;197;148;106m▀▀▀▀▀[38;2;0;0;0;48;2;0;0;0m▀[38;2;238;197;139;48;2;197;148;106m▀[48;2;238;197;139m▀▀▀▀▀▀[38;2;197;148;106;48;2;197;148;106m▀[38;2;0;0;0;48;2;115;49;49m▀[0m      [38;2;255;156;24m▄[48;2;255;222;82m▀▀[49m▄[0m
[0m    [38;2;115;49;49m▀[38;2;238;197;139;48;2;115;49;49m▀[48;2;238;197;139m▀▀▀[38;2;0;0;0;48;2;0;0;0m▀[38;2;222;16;16;48;2;222;16;16m▀▀[48;2;230;98;41m▀[49m▀▀[0m      [38;2;115;49;49;48;2;115;49;49m▀[38;2;255;230;197;48;2;255;230;197m▀▀▀[48;2;238;197;139m▀[38;2;238;197;139;48;2;115;49;49m▀[38;2;0;0;0;49m▀[0m    [38;2;230;98;41m▄[38;2;0;0;0;48;2;230;98;41m▀[38;2;197;148;106;48;2;197;148;106m▀▀▀▀[38;2;115;49;49;48;2;230;98;41m▀[38;2;0;0;0m▀[38;2;197;148;106;48;2;0;0;0m▀[38;2;238;197;139;48;2;197;148;106m▀▀▀▀[38;2;197;148;106m▀▀▀[38;2;0;0;0;48;2;115;49;49m▀[0m  [38;2;255;156;24m▄▄[48;2;255;222;82m▀[38;2;255;222;82m▀[48;2;255;156;24m▀▀[38;2;255;156;24;49m▀[0m [38;2;255;156;24m▄▄[0m
[0m      [38;2;115;49;49m▀[38;2;238;197;139;48;2;115;49;49m▀[48;2;238;197;139m▀▀[38;2;0;0;0m▀[38;2;222;16;16;48;2;0;0;0m▀[0m         [38;2;115;49;49;48;2;115;49;49m▀[38;2;238;197;139;48;2;197;148;106m▀[38;2;255;230;197;48;2;238;197;139m▀▀[38;2;238;197;139;48;2;0;0;0m▀[38;2;0;0;0;49m▀[38;2;230;98;41m▄[48;2;255;156;24m▀[49m▄[48;2;255;222;82m▀▀[38;2;255;222;82;48;2;222;16;16m▀▀[38;2;230;98;41m▀[38;2;197;148;106;48;2;197;148;106m▀▀▀▀[38;2;230;98;41;48;2;230;98;41m▀▀[38;2;0;0;0;48;2;255;156;24m▀▀[38;2;197;148;106;48;2;0;0;0m▀▀[48;2;115;49;49m▀[48;2;197;148;106m▀▀▀[38;2;115;49;49;48;2;230;98;41m▀[38;2;255;156;24m▀[38;2;255;222;82;48;2;255;156;24m▀[48;2;255;222;82m▀▀[38;2;255;156;24;48;2;255;156;24m▀▀[48;2;230;98;41m▀[38;2;230;98;41m▀▀[38;2;255;156;24;48;2;255;156;24m▀[38;2;255;222;82m▀▀[38;2;255;156;24;49m▀[0m
[0m       [38;2;115;49;49m▀[38;2;238;197;139;48;2;115;49;49m▀[48;2;238;197;139m▀[48;2;197;148;106m▀[38;2;197;148;106m▀[38;2;0;0;0;48;2;65;74;82m▀[49m▄[0m      [38;2;115;49;49m▄[48;2;238;197;139m▀[38;2;197;148;106;48;2;197;148;106m▀[38;2;238;197;139;48;2;238;197;139m▀[48;2;230;98;41m▀[38;2;230;98;41;48;2;255;156;24m▀▀▀[38;2;255;156;24m▀▀[38;2;255;222;82m▀▀[48;2;230;98;41m▀[38;2;230;98;41;48;2;222;16;16m▀[38;2;197;148;106;48;2;115;49;49m▀[48;2;197;148;106m▀▀▀[38;2;230;98;41;48;2;230;98;41m▀▀▀[38;2;255;156;24m▀[48;2;255;156;24m▀▀[48;2;230;98;41m▀[0m [38;2;115;49;49;48;2;0;0;0m▀[38;2;197;148;106;48;2;197;148;106m▀▀[38;2;222;16;16;48;2;222;16;16m▀[38;2;255;156;24m▀[38;2;255;222;82;48;2;255;222;82m▀[48;2;255;156;24m▀▀▀[38;2;255;156;24;48;2;230;98;41m▀[38;2;230;98;41m▀[38;2;255;156;24;49m▀▀[38;2;230;98;41m▀[48;2;230;98;41m▀[38;2;255;156;24m▀[49m▄[0m
[0m        [38;2;0;0;0m▀[38;2;197;148;106;48;2;0;0;0m▀[38;2;65;74;82;48;2;197;197;197m▀[48;2;65;74;82m▀▀[38;2;0;0;0;48;2;0;0;0m▀[0m      [38;2;115;49;49;48;2;115;49;49m▀[38;2;238;197;139;48;2;238;197;139m▀▀[48;2;230;98;41m▀[38;2;230;98;41m▀[48;2;255;156;24m▀[38;2;255;156;24m▀▀[48;2;230;98;41m▀[38;2;230;98;41;49m▀[38;2;222;16;16m▀▀[0m [38;2;115;49;49m▄[48;2;197;148;106m▀[38;2;197;148;106m▀▀[38;2;230;98;41;48;2;230;98;41m▀[49m▀[48;2;230;98;41m▀▀[0m  [38;2;230;98;41m▀[0m   [38;2;115;49;49;48;2;0;0;0m▀[38;2;197;148;106;48;2;197;148;106m▀▀[38;2;222;16;16;48;2;222;16;16m▀[38;2;255;156;24m▀[38;2;222;16;16;48;2;230;98;41m▀[38;2;230;98;41;48;2;222;16;16m▀[38;2;222;16;16;48;2;230;98;41m▀[38;2;230;98;41;49m▀[0m     [38;2;255;156;24m▀▀[0m
[0m         [38;2;0;0;0m▀[38;2;115;123;131;48;2;0;0;0m▀▀[38;2;0;0;0;49m▀[0m       [38;2;115;49;49;48;2;115;49;49m▀[38;2;238;197;139;48;2;238;197;139m▀▀[38;2;230;98;41m▀[48;2;230;98;41m▀[38;2;255;156;24;48;2;222;16;16m▀▀[38;2;230;98;41m▀[38;2;222;16;16m▀[49m▄[0m [38;2;0;0;0m▄[48;2;65;74;82m▀[38;2;139;82;49m▀▀[48;2;0;0;0m▀[38;2;0;0;0;49m▀[0m          [38;2;0;0;0;48;2;0;0;0m▀[38;2;197;148;106;48;2;197;148;106m▀[38;2;222;16;16;48;2;222;16;16m▀▀▀[48;2;230;98;41m▀[38;2;230;98;41;48;2;222;16;16m▀[38;2;222;16;16;48;2;230;98;41m▀[38;2;230;98;41m▀[49m▄[0m
[0m                   [38;2;115;49;49m▄[48;2;238;197;139m▀[38;2;238;197;139m▀▀[38;2;230;98;41;48;2;222;16;16m▀[38;2;222;16;16m▀▀▀[0m [38;2;222;16;16m▀▀[0m [38;2;0;0;0;48;2;0;0;0m▀[38;2;65;74;82m▀▀▀[38;2;0;0;0;49m▀[0m          [38;2;0;0;0m▄[48;2;139;82;49m▀[38;2;197;148;106m▀[48;2;197;148;106m▀[38;2;222;16;16;48;2;222;16;16m▀▀[49m▀[0m [38;2;230;98;41m▀▀[0m
[0m                  [38;2;115;49;49m▄[48;2;197;148;106m▀[38;2;238;197;139;48;2;238;197;139m▀▀▀[38;2;222;16;16;48;2;230;98;41m▀[38;2;230;98;41;49m▀[0m                    [38;2;0;0;0m▄[48;2;65;74;82m▀[38;2;197;197;197;48;2;115;123;131m▀[38;2;115;123;131;48;2;65;74;82m▀[38;2;139;82;49m▀[38;2;0;0;0;48;2;0;0;0m▀[0m
[0m                 [38;2;0;0;0m▄[48;2;65;74;82m▀[38;2;65;74;82;48;2;197;197;197m▀[38;2;197;148;106;48;2;115;123;131m▀[48;2;65;74;82m▀[38;2;115;49;49;48;2;115;49;49m▀[0m                      [38;2;0;0;0;48;2;0;0;0m▀[38;2;65;74;82m▀▀▀[38;2;0;0;0m▀[0m
[0m                 [38;2;0;0;0;48;2;0;0;0m▀[38;2;65;74;82;48;2;65;74;82m▀▀[38;2;115;123;131m▀[38;2;65;74;82m▀[38;2;0;0;0;48;2;0;0;0m▀[0m
[0m                 [38;2;0;0;0m▀▀▀▀▀[0m
