[0m                           [38;2;106;98;98m▄▄▄[48;2;255;255;255m▀▀▀▀[38;2;222;98;123;48;2;255;164;164m▀[48;2;255;131;148m▀▀[38;2;172;65;82m▀▀[38;2;222;98;123;49m▄▄[38;2;172;65;82m▄▄[0m
[0m                        [38;2;106;98;98m▄[48;2;213;205;205m▀[48;2;255;255;255m▀[38;2;255;255;255m▀▀▀▀▀▀[38;2;255;164;164;48;2;255;164;164m▀[38;2;255;131;148;48;2;255;131;148m▀▀▀▀▀▀▀▀▀[38;2;222;98;123m▀[38;2;172;65;82m▀▀[38;2;222;98;123;49m▄[38;2;172;65;82m▄[0m
[0m                      [38;2;106;98;98m▄[48;2;213;205;205m▀[38;2;213;205;205m▀▀[48;2;106;98;98m▀[38;2;255;255;255;48;2;16;16;16m▀▀▀▀[38;2;213;205;205m▀[38;2;255;164;164m▀[38;2;255;131;148;48;2;222;98;123m▀[48;2;255;131;148m▀▀▀▀▀▀▀▀▀▀▀▀▀▀[38;2;222;98;123m▀[38;2;172;65;82m▀[49m▄[0m
[0m                      [38;2;106;98;98m▀[38;2;16;16;16m▀▀▀[0m       [38;2;16;16;16m▀▀▀[38;2;172;65;82;48;2;16;16;16m▀[38;2;255;131;148m▀▀[48;2;222;98;123m▀[48;2;255;131;148m▀▀▀▀▀▀▀▀▀▀▀[38;2;172;65;82m▀[49m▄[0m
[0m                                       [38;2;16;16;16m▀▀[38;2;255;131;148;48;2;16;16;16m▀[48;2;255;131;148m▀▀▀▀▀▀▀▀▀▀▀[38;2;172;65;82;48;2;172;65;82m▀[0m
[0m                                          [38;2;16;16;16m▀[38;2;222;98;123;48;2;16;16;16m▀[38;2;255;131;148;48;2;222;98;123m▀[48;2;255;131;148m▀▀▀▀▀▀▀▀▀[38;2;172;65;82;48;2;172;65;82m▀[0m
[0m                                           [38;2;16;16;16m▀[38;2;222;98;123;48;2;16;16;16m▀[48;2;222;98;123m▀▀[38;2;255;131;148m▀▀[48;2;255;131;148m▀▀▀[48;2;222;98;123m▀[38;2;222;98;123m▀▀[38;2;172;65;82;49m▄[0m
[0m                                            [38;2;16;16;16;48;2;123;32;49m▀[38;2;222;98;123;48;2;222;98;123m▀▀▀▀▀▀▀▀▀▀[38;2;172;65;82;48;2;172;65;82m▀[0m
[0m                       [38;2;222;98;123m▄▄▄[48;2;255;164;164m▀▀▀▀▀▀▀▀▀[49m▄▄▄[0m     [38;2;123;32;49;48;2;16;16;16m▀[38;2;222;98;123;48;2;222;98;123m▀▀▀▀▀▀▀▀▀▀▀[38;2;16;16;16;48;2;16;16;16m▀[0m
[0m         [38;2;222;98;123m▄[48;2;255;131;148m▀[38;2;172;65;82m▀[48;2;222;98;123m▀[38;2;123;32;49m▀[49m▄[0m  [38;2;222;98;123m▄▄[38;2;172;65;82m▄▄[38;2;222;98;123;48;2;123;32;49m▀▀[38;2;255;131;148;48;2;255;131;148m▀▀[38;2;255;164;164m▀[48;2;172;65;82m▀[38;2;172;65;82;48;2;255;131;148m▀▀[38;2;123;32;49m▀▀[38;2;255;164;164;48;2;123;32;49m▀[48;2;172;65;82m▀[48;2;255;131;148m▀[38;2;255;131;148m▀▀▀▀[38;2;222;98;123m▀[38;2;172;65;82m▀[49m▄[38;2;16;16;16;48;2;172;65;82m▀[48;2;222;98;123m▀[38;2;222;98;123m▀▀▀▀▀▀▀▀▀▀▀▀[38;2;16;16;16;48;2;16;16;16m▀[0m
[0m        [38;2;222;98;123;48;2;172;65;82m▀[38;2;255;131;148;48;2;255;131;148m▀▀[48;2;222;98;123m▀[38;2;222;98;123m▀▀▀[48;2;255;164;164m▀▀[38;2;255;164;164m▀▀▀[38;2;255;131;148;48;2;255;131;148m▀▀▀[38;2;123;32;49m▀[38;2;16;16;16m▀[38;2;123;32;49;48;2;123;32;49m▀[38;2;222;98;123;48;2;222;98;123m▀[38;2;255;131;148m▀[48;2;255;131;148m▀[48;2;123;32;49m▀▀[38;2;222;98;123;48;2;222;98;123m▀[38;2;123;32;49m▀[38;2;255;131;148;48;2;123;32;49m▀[48;2;255;131;148m▀▀▀▀▀▀▀[38;2;222;98;123m▀[38;2;172;65;82;48;2;222;98;123m▀[38;2;222;98;123;48;2;172;65;82m▀[48;2;222;98;123m▀▀▀▀▀▀▀▀▀▀[48;2;16;16;16m▀[38;2;16;16;16;49m▀[0m
[0m        [38;2;123;32;49;48;2;123;32;49m▀[38;2;222;98;123;48;2;222;98;123m▀▀[48;2;172;65;82m▀[48;2;255;164;164m▀[38;2;255;164;164m▀▀▀▀▀[48;2;255;131;148m▀[38;2;255;131;148m▀▀▀▀▀▀▀[38;2;222;98;123;48;2;222;98;123m▀▀[38;2;123;32;49;48;2;16;16;16m▀[38;2;222;98;123;48;2;222;98;123m▀▀[38;2;123;32;49m▀[38;2;222;98;123m▀[38;2;123;32;49;48;2;16;16;16m▀[38;2;255;131;148;48;2;255;131;148m▀▀▀▀▀▀▀▀▀[38;2;222;98;123;48;2;222;98;123m▀[38;2;123;32;49m▀[38;2;222;98;123;48;2;123;32;49m▀[48;2;222;98;123m▀▀▀▀▀▀▀▀[38;2;16;16;16;48;2;16;16;16m▀[0m
[0m         [38;2;123;32;49;48;2;16;16;16m▀[38;2;16;16;16;48;2;255;255;255m▀[38;2;222;98;123m▀[38;2;255;131;148;48;2;222;98;123m▀[38;2;255;164;164;48;2;255;131;148m▀▀▀[38;2;255;131;148m▀▀▀▀[48;2;222;98;123m▀[38;2;222;98;123;48;2;255;255;255m▀▀▀[48;2;213;205;205m▀[38;2;255;131;148;48;2;222;98;123m▀[38;2;222;98;123m▀▀[38;2;16;16;16m▀[38;2;222;98;123;48;2;16;16;16m▀[48;2;222;98;123m▀▀[48;2;16;16;16m▀[38;2;16;16;16;48;2;255;131;148m▀[38;2;255;131;148m▀▀▀▀▀▀▀▀▀▀[38;2;222;98;123;48;2;222;98;123m▀▀[38;2;123;32;49m▀[38;2;222;98;123;48;2;16;16;16m▀[48;2;222;98;123m▀▀▀▀▀[38;2;16;16;16;48;2;16;16;16m▀[0m
[0m        [38;2;172;65;82m▄[38;2;222;98;123;48;2;255;255;255m▀[38;2;255;255;255;48;2;16;16;16m▀[48;2;255;255;255m▀▀[38;2;222;98;123;48;2;222;164;98m▀[38;2;255;131;148m▀[48;2;139;90;24m▀▀▀[48;2;255;131;148m▀[38;2;222;98;123;48;2;222;98;123m▀[38;2;255;255;255;48;2;255;255;255m▀▀[48;2;16;16;16m▀[48;2;255;255;255m▀▀[38;2;213;205;205m▀[38;2;222;98;123;48;2;222;98;123m▀▀▀▀[38;2;16;16;16;48;2;123;32;49m▀[48;2;255;131;148m▀[38;2;255;131;148m▀▀▀▀▀▀▀▀▀▀▀[38;2;222;98;123;48;2;222;98;123m▀▀▀▀[38;2;123;32;49m▀[38;2;222;98;123;48;2;123;32;49m▀[48;2;222;98;123m▀▀▀[38;2;16;16;16;48;2;16;16;16m▀[0m
[0m        [38;2;172;65;82;48;2;123;32;49m▀[38;2;255;255;255;48;2;238;197;139m▀▀[38;2;238;197;139;48;2;255;230;180m▀[38;2;222;164;98m▀[38;2;255;230;180m▀▀▀▀[38;2;238;197;139m▀[38;2;139;90;24m▀[48;2;238;197;139m▀[38;2;255;255;255;48;2;139;90;24m▀[48;2;255;255;255m▀▀▀▀[48;2;213;205;205m▀[38;2;222;98;123;48;2;222;98;123m▀▀▀▀▀[38;2;123;32;49;48;2;123;32;49m▀[38;2;255;131;148;48;2;255;131;148m▀▀▀▀▀▀▀▀[48;2;222;98;123m▀▀[38;2;222;98;123m▀▀▀▀▀▀[38;2;16;16;16m▀[38;2;222;98;123;48;2;123;32;49m▀[48;2;16;16;16m▀[38;2;16;16;16;49m▀[0m
[0m       [38;2;139;90;24m▄[48;2;255;230;180m▀[38;2;255;230;180m▀▀▀▀▀▀▀▀▀▀▀[38;2;238;197;139m▀[38;2;139;90;24m▀[38;2;222;164;98m▀[38;2;255;255;255;48;2;139;90;24m▀[38;2;213;205;205;48;2;16;16;16m▀[38;2;222;98;123;48;2;222;98;123m▀▀▀▀▀▀[38;2;123;32;49m▀[38;2;222;98;123m▀▀▀▀▀▀▀▀▀▀[48;2;172;65;82m▀[38;2;172;65;82;48;2;222;98;123m▀[38;2;222;98;123;48;2;255;131;148m▀▀[48;2;222;98;123m▀▀▀[38;2;16;16;16;48;2;16;16;16m▀[0m
[0m      [38;2;139;90;24;48;2;139;90;24m▀[38;2;255;230;180;48;2;238;197;139m▀[48;2;255;230;180m▀▀[48;2;238;197;139m▀[38;2;139;90;24m▀[38;2;238;197;139m▀[38;2;255;230;180;48;2;222;164;98m▀[38;2;139;90;24m▀[38;2;238;197;139m▀[38;2;255;230;180;48;2;238;197;139m▀[48;2;255;230;180m▀▀▀[48;2;238;197;139m▀[48;2;222;164;98m▀[38;2;238;197;139m▀[38;2;222;164;98m▀▀[38;2;139;90;24m▀[38;2;16;16;16;48;2;139;90;24m▀[38;2;222;98;123;48;2;16;16;16m▀[48;2;222;98;123m▀▀▀▀▀▀▀▀▀▀▀▀▀[38;2;123;32;49;48;2;123;32;49m▀[38;2;222;98;123;48;2;222;98;123m▀[38;2;255;131;148m▀[48;2;255;131;148m▀▀[48;2;222;98;123m▀[38;2;222;98;123m▀▀▀[38;2;123;32;49;48;2;123;32;49m▀[0m
[0m    [38;2;16;16;16m▄[38;2;123;32;49m▄[38;2;16;16;16;48;2;255;131;148m▀[38;2;238;197;139;48;2;16;16;16m▀[48;2;222;164;98m▀▀[48;2;139;90;24m▀[38;2;222;164;98;48;2;16;16;16m▀[38;2;139;90;24m▀[38;2;16;16;16m▀▀[48;2;139;90;24m▀[38;2;139;90;24;48;2;222;98;123m▀▀[38;2;222;164;98;48;2;16;16;16m▀▀[48;2;139;90;24m▀[48;2;222;164;98m▀▀[48;2;172;65;82m▀▀[48;2;123;32;49m▀[48;2;16;16;16m▀[38;2;16;16;16m▀[38;2;222;98;123m▀▀[48;2;123;32;49m▀[48;2;222;98;123m▀▀[48;2;172;65;82m▀[48;2;222;98;123m▀▀▀▀▀▀[38;2;123;32;49;48;2;16;16;16m▀[38;2;222;98;123;48;2;222;98;123m▀▀▀▀▀▀▀▀▀[38;2;16;16;16;48;2;16;16;16m▀[0m
[0m [38;2;106;98;98m▄[48;2;255;255;255m▀▀[38;2;255;131;148;48;2;213;205;205m▀[48;2;255;131;148m▀▀▀[38;2;16;16;16;48;2;222;98;123m▀▀[38;2;255;255;255;48;2;139;90;24m▀[38;2;139;90;24m▀[48;2;222;164;98m▀[38;2;222;164;98;48;2;16;16;16m▀[38;2;139;90;24;48;2;222;98;123m▀[38;2;222;98;123m▀▀▀▀[38;2;255;255;255m▀[38;2;213;205;205m▀[38;2;139;90;24;48;2;106;98;98m▀[38;2;123;32;49;48;2;255;255;255m▀[38;2;222;98;123;48;2;213;205;205m▀[38;2;255;131;148;48;2;255;131;148m▀▀▀▀▀[38;2;222;98;123m▀[48;2;222;98;123m▀[38;2;16;16;16m▀[38;2;123;32;49m▀[38;2;222;98;123m▀▀▀▀▀▀▀[38;2;16;16;16;48;2;106;98;98m▀[38;2;222;98;123m▀[48;2;222;98;123m▀▀▀▀▀▀▀[48;2;16;16;16m▀[38;2;16;16;16;49m▀[0m
[38;2;16;16;16;48;2;16;16;16m▀[38;2;255;255;255;48;2;255;255;255m▀▀[48;2;106;98;98m▀[38;2;213;205;205;48;2;222;98;123m▀[38;2;255;131;148m▀▀[38;2;222;98;123m▀▀▀[38;2;139;90;24;48;2;16;16;16m▀[38;2;222;164;98;48;2;238;197;139m▀[48;2;139;90;24m▀[38;2;139;90;24m▀[38;2;255;131;148;48;2;255;131;148m▀▀▀▀[38;2;222;98;123m▀[48;2;222;98;123m▀▀[38;2;106;98;98;48;2;16;16;16m▀[38;2;255;255;255;48;2;213;205;205m▀[48;2;255;255;255m▀▀[38;2;255;131;148;48;2;255;131;148m▀▀▀▀[48;2;222;98;123m▀[38;2;222;98;123m▀▀▀▀▀▀▀▀▀[38;2;106;98;98;48;2;106;98;98m▀[38;2;255;255;255;48;2;213;205;205m▀▀[38;2;213;205;205m▀[38;2;222;98;123m▀[48;2;222;98;123m▀▀▀▀[48;2;16;16;16m▀[38;2;16;16;16;49m▀[0m
[0m [38;2;16;16;16m▀▀▀[38;2;222;98;123;48;2;16;16;16m▀▀▀▀▀▀[38;2;16;16;16m▀[38;2;238;197;139m▀[48;2;238;197;139m▀[38;2;16;16;16m▀[38;2;139;90;24;48;2;222;164;98m▀[38;2;222;98;123;48;2;139;90;24m▀[38;2;255;131;148m▀▀[48;2;16;16;16m▀[38;2;222;98;123m▀[38;2;139;90;24;48;2;139;90;24m▀[48;2;222;164;98m▀[38;2;16;16;16m▀[38;2;106;98;98;48;2;16;16;16m▀[38;2;222;98;123;48;2;222;98;123m▀▀▀▀▀▀▀▀▀▀▀[48;2;123;32;49m▀[48;2;16;16;16m▀▀▀[38;2;16;16;16;49m▀▀[38;2;222;98;123;48;2;16;16;16m▀▀▀▀▀[38;2;16;16;16;49m▀▀[0m
[0m            [38;2;16;16;16m▀▀[38;2;238;197;139;48;2;16;16;16m▀▀▀▀[38;2;222;164;98m▀▀▀▀[38;2;16;16;16;49m▀▀▀▀[38;2;222;98;123;48;2;16;16;16m▀▀▀▀▀▀▀[38;2;16;16;16;49m▀▀▀[0m
