[0m     [38;2;123;49;49m▄[48;2;230;106;123m▀▀▀[49m▄[0m            [38;2;123;49;49m▄▄▄▄[0m
[0m    [38;2;123;49;49;48;2;24;24;24m▀[38;2;230;106;123;48;2;230;106;123m▀▀▀▀▀[38;2;123;49;49;48;2;24;24;24m▀[38;2;24;24;24;49m▄▄▄▄▄▄▄[0m  [38;2;123;49;49m▄[48;2;255;148;148m▀[38;2;255;148;148m▀▀▀[38;2;230;106;123;48;2;230;106;123m▀[38;2;24;24;24m▀[49m▄[0m
[0m    [38;2;24;24;24m▀[38;2;230;106;123;48;2;24;24;24m▀[48;2;230;106;123m▀[48;2;24;24;24m▀[38;2;123;49;49;48;2;255;148;148m▀[48;2;255;189;172m▀[38;2;255;189;172m▀▀▀▀[38;2;255;148;148m▀[48;2;255;148;148m▀▀▀[38;2;123;49;49m▀▀[48;2;230;106;123m▀[38;2;255;148;148m▀[48;2;123;49;49m▀[38;2;123;49;49;48;2;230;106;123m▀▀[38;2;230;106;123;48;2;123;49;49m▀[48;2;230;106;123m▀[38;2;24;24;24;48;2;24;24;24m▀[0m
[0m     [38;2;24;24;24m▄[48;2;255;255;255m▀[38;2;255;148;148;48;2;255;148;148m▀▀▀[38;2;255;189;172m▀▀▀▀[38;2;255;148;148m▀▀[48;2;222;222;213m▀[48;2;255;255;255m▀[48;2;222;222;213m▀[48;2;230;106;123m▀[38;2;230;106;123m▀▀[38;2;123;49;49m▀[38;2;230;106;123;48;2;123;49;49m▀[48;2;230;106;123m▀▀[48;2;24;24;24m▀[38;2;24;24;24;49m▀[0m
[0m    [38;2;24;24;24m▄[48;2;255;255;255m▀[38;2;255;255;255;48;2;82;82;90m▀[48;2;255;255;255m▀[38;2;255;148;148;48;2;255;148;148m▀▀▀▀▀▀▀[38;2;222;222;213;48;2;255;255;255m▀[38;2;255;255;255m▀[48;2;24;24;24m▀[48;2;255;255;255m▀[38;2;222;222;213m▀[38;2;230;106;123;48;2;230;106;123m▀▀▀▀[38;2;24;24;24;48;2;24;24;24m▀[49m▀[0m           [38;2;24;24;24m▄[38;2;82;82;90m▄[0m   [38;2;24;24;24m▄[48;2;139;148;148m▀▀[49m▄[0m
[0m    [38;2;24;24;24;48;2;24;24;24m▀[38;2;255;255;255;48;2;222;222;213m▀[48;2;131;90;32m▀[38;2;131;90;32;48;2;255;238;180m▀▀▀▀[48;2;238;213;131m▀[38;2;255;148;148;48;2;131;90;32m▀▀[48;2;255;148;148m▀[38;2;255;255;255;48;2;222;222;213m▀[48;2;255;255;255m▀▀▀[48;2;222;222;213m▀[38;2;230;106;123;48;2;230;106;123m▀▀▀▀▀[38;2;24;24;24;48;2;24;24;24m▀[0m           [38;2;24;24;24;48;2;24;24;24m▀[38;2;139;148;148;48;2;139;148;148m▀[38;2;82;82;90m▀[38;2;24;24;24;49m▄[48;2;139;148;148m▀[38;2;139;148;148;48;2;180;189;189m▀▀[48;2;139;148;148m▀[38;2;24;24;24;48;2;24;24;24m▀[0m
[0m  [38;2;131;90;32m▄[48;2;255;238;180m▀▀[38;2;205;164;98m▀[38;2;255;238;180m▀▀▀▀▀▀▀[38;2;238;213;131m▀[38;2;24;24;24m▀[38;2;222;222;213;48;2;205;164;98m▀[38;2;255;255;255;48;2;24;24;24m▀▀[48;2;222;222;213m▀[38;2;222;222;213;48;2;230;106;123m▀[38;2;230;106;123m▀▀▀▀▀[38;2;24;24;24m▀[49m▄[0m     [38;2;24;24;24m▄[0m    [38;2;24;24;24m▀[38;2;139;148;148;48;2;24;24;24m▀[38;2;24;24;24;48;2;180;189;189m▀[38;2;180;189;189m▀▀▀[48;2;139;148;148m▀[38;2;139;148;148m▀[38;2;24;24;24;48;2;82;82;90m▀[38;2;82;82;90;48;2;24;24;24m▀[38;2;24;24;24;48;2;139;148;148m▀[38;2;82;82;90m▀[38;2;24;24;24;48;2;24;24;24m▀[0m
[0m [38;2;24;24;24;48;2;24;24;24m▀[38;2;238;213;131;48;2;238;213;131m▀[38;2;255;238;180;48;2;255;238;180m▀▀▀[38;2;205;164;98m▀[38;2;255;238;180m▀▀[38;2;131;90;32m▀[38;2;255;238;180m▀▀▀▀▀▀[38;2;238;213;131;48;2;238;213;131m▀▀[38;2;24;24;24m▀[48;2;205;164;98m▀[38;2;230;106;123;48;2;24;24;24m▀[48;2;230;106;123m▀▀▀▀▀[38;2;24;24;24;48;2;24;24;24m▀[0m    [38;2;24;24;24;48;2;24;24;24m▀[38;2;180;189;189;48;2;180;189;189m▀[38;2;82;82;90m▀[49m▄[38;2;24;24;24m▄▄[48;2;139;148;148m▀[38;2;82;82;90;48;2;180;189;189m▀▀▀[48;2;139;148;148m▀[38;2;139;148;148;48;2;24;24;24m▀▀[48;2;139;148;148m▀▀[38;2;24;24;24;48;2;24;24;24m▀[38;2;139;148;148m▀[38;2;24;24;24;49m▀[0m
[0m [38;2;24;24;24m▀[38;2;238;213;131;48;2;24;24;24m▀[48;2;238;213;131m▀[38;2;255;238;180;48;2;205;164;98m▀[48;2;131;90;32m▀[48;2;24;24;24m▀▀▀▀▀▀[48;2;205;164;98m▀[48;2;238;213;131m▀▀[38;2;238;213;131m▀▀▀[48;2;205;164;98m▀[38;2;205;164;98m▀▀[38;2;24;24;24m▀[38;2;230;106;123;48;2;131;90;32m▀[48;2;230;106;123m▀▀▀▀[38;2;24;24;24;48;2;24;24;24m▀[0m  [38;2;24;24;24;48;2;24;24;24m▀[38;2;139;148;148;48;2;139;148;148m▀[38;2;180;189;189m▀[48;2;24;24;24m▀[38;2;24;24;24;48;2;180;189;189m▀[38;2;139;148;148m▀[38;2;180;189;189m▀▀▀▀▀▀▀▀[38;2;24;24;24;48;2;139;148;148m▀[38;2;139;148;148;48;2;24;24;24m▀[38;2;24;24;24m▀[0m
[0m   [38;2;24;24;24m▀[48;2;24;24;24m▀[38;2;255;255;255m▀[38;2;24;24;24;48;2;123;49;49m▀[38;2;123;49;49m▀▀▀▀▀[38;2;24;24;24m▀[48;2;24;24;24m▀[48;2;255;255;255m▀[38;2;131;90;32;48;2;24;24;24m▀[38;2;205;164;98m▀▀▀[38;2;24;24;24;48;2;205;164;98m▀[38;2;205;164;98m▀▀[38;2;131;90;32;48;2;131;90;32m▀[38;2;230;106;123;48;2;230;106;123m▀▀▀▀[38;2;24;24;24m▀[49m▄[0m [38;2;24;24;24;48;2;24;24;24m▀[38;2;139;148;148;48;2;139;148;148m▀[38;2;24;24;24;48;2;24;24;24m▀[38;2;180;189;189;48;2;180;189;189m▀▀▀[38;2;139;148;148;48;2;139;148;148m▀[38;2;180;189;189;48;2;180;189;189m▀▀▀▀▀▀[38;2;82;82;90;48;2;82;82;90m▀▀[38;2;139;148;148;48;2;139;148;148m▀[38;2;24;24;24;48;2;24;24;24m▀[0m
[0m    [38;2;24;24;24m▀[38;2;131;90;32;48;2;24;24;24m▀[38;2;24;24;24m▀[38;2;123;49;49;48;2;123;49;49m▀▀[48;2;230;82;41m▀▀[38;2;230;82;41m▀▀▀[38;2;24;24;24m▀[38;2;123;49;49m▀[48;2;123;49;49m▀[48;2;205;164;98m▀[38;2;205;164;98m▀[48;2;131;90;32m▀▀[38;2;131;90;32;48;2;230;106;123m▀[38;2;230;106;123m▀▀▀▀▀▀[38;2;24;24;24;48;2;24;24;24m▀[49m▄[48;2;139;148;148m▀[48;2;180;189;189m▀[38;2;82;82;90m▀▀▀▀▀▀[48;2;139;148;148m▀[38;2;180;189;189;48;2;82;82;90m▀▀[48;2;24;24;24m▀[38;2;139;148;148m▀[48;2;139;148;148m▀[38;2;82;82;90m▀[38;2;139;148;148m▀▀[38;2;24;24;24;48;2;24;24;24m▀[0m
[0m     [38;2;24;24;24m▀[38;2;205;164;98;48;2;24;24;24m▀[38;2;24;24;24;48;2;205;164;98m▀▀[38;2;230;82;41;48;2;123;49;49m▀▀▀▀▀[38;2;123;49;49;48;2;205;164;98m▀▀[38;2;205;164;98m▀[48;2;24;24;24m▀[38;2;24;24;24;48;2;230;106;123m▀[38;2;230;106;123m▀▀▀▀▀▀▀▀▀[38;2;24;24;24m▀[38;2;139;148;148;48;2;24;24;24m▀[38;2;180;189;189;48;2;180;189;189m▀▀▀▀▀[38;2;139;148;148;48;2;139;148;148m▀▀[38;2;180;189;189;48;2;180;189;189m▀▀▀▀▀[38;2;139;148;148m▀[38;2;24;24;24;48;2;139;148;148m▀▀[38;2;139;148;148;48;2;24;24;24m▀[48;2;139;148;148m▀[38;2;24;24;24;48;2;24;24;24m▀[0m
[0m     [38;2;24;24;24m▄[48;2;255;148;148m▀▀▀[38;2;205;164;98;48;2;24;24;24m▀▀▀▀▀▀[38;2;24;24;24;48;2;230;106;123m▀▀[38;2;230;106;123m▀▀▀▀▀▀▀▀▀▀▀▀[38;2;24;24;24;48;2;24;24;24m▀[38;2;180;189;189;48;2;82;82;90m▀▀▀▀▀▀▀[48;2;180;189;189m▀▀▀▀▀[48;2;139;148;148m▀[38;2;139;148;148m▀[48;2;82;82;90m▀▀[38;2;24;24;24;48;2;139;148;148m▀[49m▄[0m [38;2;82;82;90m▄▄[48;2;180;189;189m▀[38;2;24;24;24;48;2;24;24;24m▀[0m
[0m    [38;2;24;24;24;48;2;24;24;24m▀[38;2;230;106;123;48;2;255;148;148m▀[38;2;255;148;148m▀[48;2;123;49;49m▀[48;2;255;148;148m▀▀[38;2;230;106;123m▀▀[48;2;230;106;123m▀▀▀▀▀▀▀[48;2;255;148;148m▀[38;2;255;148;148m▀▀▀[38;2;230;106;123m▀[48;2;230;106;123m▀▀[48;2;123;49;49m▀[48;2;230;106;123m▀▀[38;2;24;24;24m▀[38;2;180;189;189;48;2;24;24;24m▀[48;2;180;189;189m▀▀▀▀▀[38;2;139;148;148m▀[38;2;82;82;90m▀▀[38;2;24;24;24;48;2;139;148;148m▀[38;2;139;148;148;48;2;24;24;24m▀▀[48;2;139;148;148m▀▀▀[38;2;82;82;90m▀[38;2;139;148;148m▀[38;2;24;24;24m▀[38;2;82;82;90;48;2;24;24;24m▀[38;2;139;148;148;48;2;139;148;148m▀[38;2;180;189;189m▀[38;2;139;148;148;48;2;24;24;24m▀[38;2;24;24;24;49m▀[0m
[0m   [38;2;24;24;24;48;2;24;24;24m▀[38;2;230;106;123;48;2;255;148;148m▀[38;2;255;148;148m▀▀[38;2;230;106;123m▀[38;2;123;49;49;48;2;123;49;49m▀[38;2;255;148;148;48;2;255;148;148m▀▀▀▀[38;2;230;106;123m▀[48;2;230;106;123m▀▀[48;2;123;49;49m▀[38;2;123;49;49;48;2;230;106;123m▀[38;2;255;148;148;48;2;255;148;148m▀▀▀▀▀▀[38;2;230;106;123;48;2;230;106;123m▀▀[38;2;123;49;49;48;2;123;49;49m▀[38;2;230;106;123;48;2;230;106;123m▀▀▀[38;2;24;24;24;48;2;24;24;24m▀[38;2;180;189;189;48;2;180;189;189m▀▀▀▀▀▀▀▀▀▀[38;2;139;148;148;48;2;139;148;148m▀[38;2;24;24;24m▀▀[38;2;139;148;148;48;2;24;24;24m▀[48;2;139;148;148m▀[48;2;82;82;90m▀[48;2;139;148;148m▀[38;2;24;24;24;48;2;24;24;24m▀[38;2;139;148;148;48;2;139;148;148m▀[48;2;24;24;24m▀[38;2;24;24;24;49m▀[0m
[0m  [38;2;24;24;24m▄[48;2;230;106;123m▀[38;2;255;148;148;48;2;255;148;148m▀▀▀▀[38;2;123;49;49;48;2;230;106;123m▀[38;2;255;148;148;48;2;123;49;49m▀[48;2;255;148;148m▀▀▀▀▀[38;2;230;106;123;48;2;123;49;49m▀[38;2;123;49;49;48;2;230;106;123m▀[38;2;255;148;148;48;2;255;148;148m▀▀▀▀▀▀[38;2;230;106;123;48;2;230;106;123m▀▀[38;2;123;49;49;48;2;24;24;24m▀[38;2;230;106;123;48;2;230;106;123m▀▀▀▀▀[38;2;24;24;24;48;2;24;24;24m▀[38;2;180;189;189;48;2;180;189;189m▀▀▀[38;2;82;82;90;48;2;82;82;90m▀[38;2;180;189;189;48;2;180;189;189m▀[48;2;24;24;24m▀▀[38;2;24;24;24;48;2;139;148;148m▀[48;2;255;255;255m▀▀[38;2;82;82;90m▀[38;2;139;148;148;48;2;139;148;148m▀▀[38;2;24;24;24m▀[38;2;139;148;148;48;2;24;24;24m▀[48;2;82;82;90m▀[38;2;24;24;24;48;2;24;24;24m▀[49m▀[0m
[0m  [38;2;24;24;24;48;2;24;24;24m▀[38;2;255;148;148;48;2;255;148;148m▀▀▀▀[48;2;230;106;123m▀[38;2;230;106;123m▀[38;2;123;49;49;48;2;123;49;49m▀[38;2;255;148;148;48;2;255;148;148m▀▀▀▀[48;2;123;49;49m▀[38;2;123;49;49;48;2;230;106;123m▀[38;2;255;148;148;48;2;255;148;148m▀▀▀▀▀[48;2;230;106;123m▀[38;2;230;106;123m▀▀[38;2;24;24;24;48;2;24;24;24m▀[38;2;230;106;123;48;2;230;106;123m▀▀▀▀▀▀[38;2;24;24;24m▀[38;2;180;189;189;48;2;24;24;24m▀[48;2;139;148;148m▀[48;2;180;189;189m▀▀[38;2;24;24;24;48;2;139;148;148m▀[38;2;255;255;255;48;2;82;82;90m▀▀[38;2;24;24;24;48;2;255;255;255m▀[38;2;255;255;255m▀▀[48;2;139;148;148m▀[38;2;139;148;148m▀[48;2;82;82;90m▀▀[48;2;139;148;148m▀[38;2;24;24;24;48;2;82;82;90m▀[49m▄[0m
[0m  [38;2;24;24;24;48;2;24;24;24m▀[38;2;230;106;123;48;2;230;106;123m▀[38;2;255;148;148m▀▀[38;2;230;106;123m▀▀[38;2;24;24;24;48;2;255;255;255m▀[48;2;24;24;24m▀[38;2;255;148;148;48;2;131;90;32m▀▀▀[48;2;24;24;24m▀[38;2;123;49;49;48;2;123;49;49m▀[38;2;230;106;123;48;2;230;106;123m▀▀[38;2;255;148;148m▀▀▀[38;2;230;106;123m▀▀[48;2;24;24;24m▀[38;2;24;24;24;48;2;230;106;123m▀[38;2;230;106;123m▀▀▀▀▀▀▀▀[38;2;24;24;24m▀[38;2;139;148;148;48;2;24;24;24m▀[48;2;139;148;148m▀▀▀▀▀[38;2;82;82;90m▀▀▀[38;2;139;148;148m▀▀[38;2;82;82;90m▀[48;2;82;82;90m▀[38;2;139;148;148;48;2;139;148;148m▀▀[38;2;24;24;24;48;2;24;24;24m▀[0m
[0m   [38;2;24;24;24;48;2;24;24;24m▀[38;2;230;106;123m▀[48;2;123;49;49m▀[38;2;24;24;24;48;2;255;255;255m▀[38;2;123;49;49;48;2;24;24;24m▀[38;2;222;222;213m▀[38;2;255;255;255m▀[38;2;24;24;24m▀[38;2;238;213;131;48;2;238;213;131m▀[48;2;24;24;24m▀[38;2;24;24;24;48;2;255;255;255m▀[38;2;255;255;255;48;2;222;222;213m▀[38;2;123;49;49;48;2;24;24;24m▀[38;2;230;106;123;48;2;123;49;49m▀[48;2;230;106;123m▀▀▀▀[48;2;24;24;24m▀[38;2;24;24;24;48;2;230;106;123m▀[38;2;230;106;123m▀[48;2;255;148;148m▀[38;2;255;148;148m▀▀▀▀[38;2;230;106;123m▀[48;2;230;106;123m▀▀▀[38;2;24;24;24m▀[38;2;139;148;148;48;2;24;24;24m▀▀▀▀▀[38;2;24;24;24;48;2;255;255;255m▀▀[48;2;24;24;24m▀[48;2;123;49;49m▀[48;2;139;148;148m▀[38;2;139;148;148;48;2;24;24;24m▀[48;2;139;148;148m▀▀[38;2;82;82;90;48;2;82;82;90m▀[38;2;139;148;148;48;2;139;148;148m▀[38;2;24;24;24;48;2;24;24;24m▀[0m
[0m   [38;2;24;24;24;48;2;24;24;24m▀[38;2;222;222;213;48;2;222;222;213m▀[38;2;24;24;24;48;2;24;24;24m▀[38;2;222;222;213m▀[38;2;255;255;255m▀[38;2;24;24;24;48;2;238;213;131m▀[38;2;238;213;131;48;2;205;164;98m▀▀▀[38;2;24;24;24m▀▀[48;2;24;24;24m▀[38;2;222;222;213;48;2;255;255;255m▀[38;2;255;255;255;48;2;24;24;24m▀[38;2;24;24;24;48;2;222;222;213m▀[38;2;123;49;49;48;2;255;255;255m▀[38;2;24;24;24;48;2;24;24;24m▀[48;2;205;164;98m▀[38;2;131;90;32;48;2;24;24;24m▀[38;2;24;24;24;48;2;230;106;123m▀[38;2;255;148;148;48;2;255;148;148m▀▀▀▀▀▀▀▀[38;2;230;106;123;48;2;230;106;123m▀▀▀▀[38;2;24;24;24;48;2;24;24;24m▀[38;2;255;255;255;48;2;222;222;213m▀[38;2;222;222;213;48;2;24;24;24m▀[38;2;24;24;24;48;2;123;49;49m▀[38;2;123;49;49m▀[38;2;139;148;148;48;2;24;24;24m▀[38;2;24;24;24;48;2;123;49;49m▀[38;2;123;49;49m▀[38;2;139;148;148;48;2;139;148;148m▀[48;2;24;24;24m▀[38;2;24;24;24m▀[38;2;139;148;148;48;2;139;148;148m▀▀▀[38;2;24;24;24;48;2;24;24;24m▀[0m
[0m  [38;2;123;49;49;48;2;123;49;49m▀[38;2;255;189;172;48;2;255;189;172m▀[38;2;131;90;32m▀[48;2;24;24;24m▀[38;2;238;213;131;48;2;205;164;98m▀[48;2;238;213;131m▀▀▀▀▀▀▀[38;2;24;24;24m▀▀[48;2;24;24;24m▀[38;2;255;255;255m▀[38;2;24;24;24;48;2;205;164;98m▀[38;2;205;164;98m▀[48;2;24;24;24m▀[38;2;24;24;24;48;2;230;106;123m▀[38;2;255;148;148;48;2;255;148;148m▀[48;2;255;189;172m▀[38;2;255;189;172m▀▀[38;2;255;148;148m▀[48;2;255;148;148m▀▀▀▀[38;2;230;106;123;48;2;230;106;123m▀▀▀▀▀[38;2;24;24;24;48;2;24;24;24m▀[38;2;230;106;123;48;2;230;106;123m▀▀[38;2;123;49;49m▀▀[48;2;123;49;49m▀▀▀▀[38;2;24;24;24;48;2;24;24;24m▀[38;2;139;148;148;48;2;139;148;148m▀▀[38;2;82;82;90;48;2;82;82;90m▀[38;2;24;24;24;48;2;24;24;24m▀[0m
[0m [38;2;123;49;49;48;2;123;49;49m▀[38;2;255;189;172;48;2;255;148;148m▀[48;2;255;189;172m▀[48;2;255;148;148m▀[38;2;24;24;24m▀[38;2;131;90;32;48;2;24;24;24m▀[38;2;205;164;98;48;2;238;213;131m▀▀[38;2;238;213;131;48;2;205;164;98m▀▀▀▀▀▀[48;2;131;90;32m▀[38;2;205;164;98m▀▀[38;2;131;90;32;48;2;205;164;98m▀▀[38;2;24;24;24;48;2;24;24;24m▀[38;2;230;106;123;48;2;230;106;123m▀[38;2;255;148;148;48;2;255;148;148m▀[38;2;255;189;172;48;2;255;189;172m▀▀▀▀[38;2;255;148;148;48;2;255;148;148m▀▀▀[48;2;230;106;123m▀[38;2;230;106;123m▀▀▀▀▀[38;2;24;24;24;48;2;24;24;24m▀[38;2;230;106;123;48;2;230;106;123m▀▀▀▀▀[38;2;123;49;49;48;2;123;49;49m▀▀[48;2;24;24;24m▀[38;2;24;24;24m▀[38;2;139;148;148;48;2;139;148;148m▀[38;2;82;82;90;48;2;82;82;90m▀[48;2;24;24;24m▀[38;2;24;24;24;49m▀[0m
[38;2;24;24;24;48;2;24;24;24m▀[38;2;255;148;148;48;2;255;148;148m▀▀▀▀▀[38;2;24;24;24;48;2;230;106;123m▀[38;2;205;164;98;48;2;24;24;24m▀[38;2;238;213;131;48;2;131;90;32m▀[48;2;238;213;131m▀▀▀▀[48;2;205;164;98m▀▀[38;2;205;164;98m▀▀▀▀▀[38;2;24;24;24;48;2;24;24;24m▀[38;2;230;106;123;48;2;230;106;123m▀[38;2;255;148;148m▀[48;2;255;148;148m▀[38;2;255;189;172m▀▀[38;2;255;148;148m▀▀▀[48;2;230;106;123m▀[38;2;230;106;123m▀▀▀▀▀▀[38;2;24;24;24;48;2;24;24;24m▀[38;2;230;106;123;48;2;230;106;123m▀▀▀[48;2;123;49;49m▀[38;2;123;49;49;48;2;24;24;24m▀▀[38;2;24;24;24;48;2;139;148;148m▀[38;2;82;82;90;48;2;24;24;24m▀[38;2;24;24;24;48;2;82;82;90m▀[38;2;82;82;90m▀[48;2;24;24;24m▀[38;2;24;24;24;49m▀[0m
[38;2;24;24;24;48;2;24;24;24m▀[38;2;255;148;148;48;2;255;148;148m▀▀▀[48;2;230;106;123m▀[38;2;230;106;123m▀▀▀[38;2;24;24;24m▀[38;2;131;90;32;48;2;24;24;24m▀[48;2;205;164;98m▀▀[38;2;205;164;98;48;2;131;90;32m▀▀▀▀▀▀[38;2;131;90;32;48;2;205;164;98m▀▀[38;2;24;24;24m▀[38;2;230;106;123;48;2;24;24;24m▀[48;2;230;106;123m▀[38;2;255;148;148m▀▀▀▀[38;2;230;106;123m▀▀▀▀▀▀▀▀[38;2;24;24;24;48;2;24;24;24m▀[38;2;230;106;123m▀▀[38;2;123;49;49m▀[38;2;24;24;24;48;2;139;148;148m▀▀[38;2;139;148;148m▀▀[38;2;82;82;90;48;2;24;24;24m▀[38;2;24;24;24;48;2;82;82;90m▀[38;2;82;82;90m▀[48;2;24;24;24m▀[38;2;24;24;24;49m▀[0m
[0m [38;2;24;24;24;48;2;24;24;24m▀[38;2;230;106;123;48;2;230;106;123m▀▀▀▀▀▀▀▀[38;2;24;24;24m▀▀[38;2;205;164;98;48;2;24;24;24m▀▀[48;2;205;164;98m▀▀▀▀▀▀▀[38;2;24;24;24m▀[38;2;230;106;123;48;2;24;24;24m▀[48;2;230;106;123m▀▀▀▀▀▀▀▀▀▀▀[48;2;24;24;24m▀[38;2;24;24;24;48;2;139;148;148m▀[38;2;139;148;148m▀▀▀▀[48;2;82;82;90m▀▀[38;2;82;82;90;48;2;24;24;24m▀[38;2;24;24;24;49m▀▀▀[0m
[0m  [38;2;24;24;24m▀[38;2;230;106;123;48;2;24;24;24m▀▀[48;2;230;106;123m▀▀▀▀▀▀▀▀[48;2;123;49;49m▀[38;2;24;24;24;48;2;24;24;24m▀[49m▀▀▀[38;2;131;90;32;48;2;24;24;24m▀▀▀▀[38;2;205;164;98m▀[38;2;24;24;24m▀[38;2;230;106;123;48;2;230;106;123m▀▀▀▀▀▀▀[48;2;123;49;49m▀[48;2;24;24;24m▀[38;2;24;24;24;48;2;82;82;90m▀[38;2;82;82;90m▀▀▀▀[48;2;24;24;24m▀▀[38;2;24;24;24;49m▀▀[0m
[0m   [38;2;24;24;24m▄▄[48;2;255;148;148m▀[38;2;123;49;49m▀[38;2;230;106;123;48;2;123;49;49m▀▀[48;2;230;106;123m▀▀▀[38;2;123;49;49m▀[38;2;230;106;123m▀[38;2;24;24;24m▀[49m▄[0m        [38;2;24;24;24;48;2;24;24;24m▀[38;2;123;49;49;48;2;230;106;123m▀[38;2;230;106;123;48;2;255;148;148m▀▀[38;2;123;49;49m▀▀▀[38;2;230;106;123;48;2;230;106;123m▀▀[38;2;24;24;24;48;2;24;24;24m▀[49m▀▀▀▀[0m
[0m [38;2;24;24;24m▄[48;2;222;222;213m▀[38;2;222;222;213;48;2;123;49;49m▀[38;2;123;49;49;48;2;255;255;255m▀[48;2;123;49;49m▀[38;2;255;148;148;48;2;230;106;123m▀▀[38;2;230;106;123m▀▀▀▀▀[48;2;24;24;24m▀▀[38;2;24;24;24;49m▀[0m       [38;2;24;24;24;48;2;24;24;24m▀[38;2;230;106;123;48;2;230;106;123m▀[38;2;255;148;148;48;2;123;49;49m▀▀[48;2;230;106;123m▀[48;2;255;148;148m▀▀[48;2;230;106;123m▀[48;2;123;49;49m▀[38;2;230;106;123m▀[48;2;230;106;123m▀[38;2;24;24;24;48;2;24;24;24m▀[0m
[0m [38;2;24;24;24m▀[48;2;24;24;24m▀[38;2;255;255;255m▀▀▀[38;2;123;49;49m▀[38;2;230;106;123m▀▀▀[38;2;24;24;24;49m▀▀▀[0m          [38;2;24;24;24;48;2;24;24;24m▀[38;2;123;49;49;48;2;222;222;213m▀[38;2;255;255;255;48;2;255;255;255m▀▀[38;2;123;49;49;48;2;222;222;213m▀[38;2;230;106;123;48;2;123;49;49m▀▀[38;2;123;49;49;48;2;222;222;213m▀[38;2;255;255;255;48;2;255;255;255m▀▀[38;2;123;49;49;48;2;222;222;213m▀[38;2;24;24;24;48;2;24;24;24m▀[0m
[0m                        [38;2;24;24;24m▀[38;2;255;255;255;48;2;24;24;24m▀▀[38;2;24;24;24;49m▀▀▀▀[38;2;255;255;255;48;2;24;24;24m▀▀[38;2;24;24;24;49m▀[0m
