[0m                                   [38;2;82;57;24m▄▄[48;2;222;172;115m▀[38;2;148;106;90;49m▄▄[38;2;82;57;24m▄[0m
[0m                                [38;2;148;106;90m▄[48;2;222;172;115m▀[38;2;82;57;24m▀[38;2;189;139;82m▀[38;2;222;172;115m▀[48;2;98;98;98m▀[48;2;222;172;115m▀▀[38;2;82;57;24m▀[48;2;189;139;82m▀▀[38;2;16;16;16;49m▄[0m [38;2;98;82;16m▄[38;2;164;131;74m▄[48;2;238;222;172m▀▀[49m▄[38;2;98;82;16m▄[0m
[0m                               [38;2;148;106;90m▄[38;2;82;57;24;48;2;222;172;115m▀[38;2;222;172;115m▀▀▀[38;2;98;98;98;48;2;16;16;16m▀[38;2;255;255;255;48;2;98;98;98m▀[38;2;16;16;16;48;2;16;16;16m▀[38;2;222;172;115;48;2;222;172;115m▀[38;2;189;139;82;48;2;98;82;16m▀▀[38;2;98;82;16;48;2;238;222;172m▀▀▀[38;2;238;222;172m▀▀▀[48;2;98;82;16m▀[48;2;16;16;16m▀▀[38;2;164;131;74;48;2;98;82;16m▀[0m
[0m                              [38;2;82;57;24m▄[48;2;189;139;82m▀[38;2;189;139;82m▀[38;2;222;172;115m▀[48;2;222;172;115m▀[48;2;189;139;82m▀[48;2;222;172;115m▀[38;2;16;16;16m▀[38;2;222;172;115m▀[38;2;98;82;16;48;2;16;16;16m▀[38;2;238;222;172;48;2;222;189;139m▀▀[48;2;164;131;74m▀[38;2;222;189;139m▀[48;2;98;82;16m▀▀[38;2;16;16;16;49m▀▀[38;2;98;82;16m▀[0m
[0m                              [38;2;82;57;24m▄[38;2;148;106;90;48;2;189;139;82m▀[38;2;189;139;82m▀▀▀▀▀▀▀▀[38;2;98;82;16m▀[38;2;222;189;139;48;2;16;16;16m▀▀[38;2;98;82;16;48;2;148;106;90m▀[38;2;16;16;16m▀[0m
[0m           [38;2;148;106;90m▄[38;2;82;57;24m▄[0m  [38;2;82;57;24m▄[0m               [38;2;82;57;24;48;2;82;57;24m▀[38;2;189;139;82;48;2;189;139;82m▀[48;2;148;106;90m▀[38;2;148;106;90m▀▀[38;2;189;139;82m▀[38;2;148;106;90m▀▀[38;2;189;139;82m▀▀[38;2;148;106;90m▀▀▀[48;2;16;16;16m▀[38;2;16;16;16;49m▀[0m
[0m        [38;2;148;106;90;48;2;82;57;24m▀[48;2;222;172;115m▀[38;2;189;139;82m▀[38;2;222;172;115m▀▀[38;2;82;57;24m▀[38;2;148;106;90;48;2;189;139;82m▀[38;2;189;139;82m▀[38;2;82;57;24;48;2;82;57;24m▀[0m               [38;2;82;57;24;48;2;16;16;16m▀[38;2;148;106;90;48;2;148;106;90m▀▀▀▀▀▀▀▀▀[48;2;16;16;16m▀[38;2;82;57;24m▀[0m
[0m     [38;2;189;139;82m▄[38;2;148;106;90m▄[48;2;222;172;115m▀[38;2;222;172;115m▀▀▀▀▀▀▀[38;2;189;139;82;48;2;189;139;82m▀▀[38;2;82;57;24m▀[49m▄[0m           [38;2;16;16;16m▄[48;2;98;98;98m▀[38;2;98;98;98m▀[38;2;16;16;16;48;2;16;16;16m▀[38;2;148;106;90;49m▀[38;2;82;57;24m▀[38;2;148;106;90;48;2;16;16;16m▀▀[38;2;82;57;24;49m▀[38;2;148;106;90;48;2;82;57;24m▀[38;2;82;57;24;49m▀[38;2;16;16;16m▀[0m
[0m     [38;2;148;106;90;48;2;148;106;90m▀[38;2;189;139;82;48;2;98;98;98m▀[48;2;189;139;82m▀[38;2;222;172;115m▀[48;2;222;172;115m▀[48;2;189;139;82m▀[48;2;222;172;115m▀[48;2;189;139;82m▀[38;2;189;139;82m▀▀▀▀▀[38;2;82;57;24;48;2;148;106;90m▀[49m▄[0m       [38;2;82;57;24m▄[0m [38;2;82;57;24m▄[38;2;16;16;16;48;2;16;16;16m▀[38;2;98;98;98;48;2;98;98;98m▀[38;2;16;16;16;48;2;16;16;16m▀[0m
[0m    [38;2;148;106;90;48;2;148;106;90m▀[38;2;255;255;255;48;2;16;16;16m▀[38;2;16;16;16m▀[38;2;189;139;82;48;2;189;139;82m▀▀▀▀▀▀[48;2;98;98;98m▀[48;2;189;139;82m▀▀▀[38;2;148;106;90;48;2;148;106;90m▀▀[38;2;16;16;16;48;2;16;16;16m▀[0m  [38;2;148;106;90;48;2;82;57;24m▀[48;2;222;172;115m▀[38;2;82;57;24;49m▄[48;2;222;172;115m▀▀[38;2;222;172;115m▀▀[48;2;16;16;16m▀[38;2;16;16;16m▀▀[38;2;82;57;24;48;2;189;139;82m▀[38;2;148;106;90;48;2;82;57;24m▀[38;2;189;139;82;49m▄[38;2;82;57;24m▄[0m
[0m    [38;2;82;57;24;48;2;82;57;24m▀[38;2;16;16;16;48;2;148;106;90m▀[38;2;189;139;82m▀[38;2;98;82;16;48;2;238;222;172m▀▀▀[38;2;189;139;82;48;2;98;82;16m▀[48;2;189;139;82m▀[38;2;98;98;98;48;2;16;16;16m▀[38;2;255;255;255;48;2;98;98;98m▀[38;2;16;16;16;48;2;16;16;16m▀[38;2;189;139;82;48;2;148;106;90m▀[38;2;148;106;90m▀▀[38;2;189;139;82m▀[38;2;148;106;90;48;2;82;57;24m▀[38;2;16;16;16;48;2;98;98;98m▀[48;2;16;16;16m▀[38;2;148;106;90m▀[38;2;222;172;115m▀[48;2;222;172;115m▀▀▀▀▀[38;2;16;16;16;48;2;16;16;16m▀▀▀[38;2;189;139;82;48;2;189;139;82m▀▀▀▀[38;2;82;57;24m▀[38;2;148;106;90;49m▄[38;2;82;57;24m▄[0m
[0m     [38;2;82;57;24;48;2;98;82;16m▀[38;2;98;82;16;48;2;238;222;172m▀[38;2;238;222;172m▀▀[48;2;222;189;139m▀[38;2;222;189;139m▀[38;2;148;106;90;48;2;98;82;16m▀[48;2;148;106;90m▀[38;2;16;16;16m▀[38;2;148;106;90m▀▀▀▀[38;2;16;16;16;48;2;16;16;16m▀[49m▀[48;2;148;106;90m▀[48;2;222;172;115m▀[48;2;16;16;16m▀▀▀[38;2;222;172;115m▀[48;2;222;172;115m▀▀▀[38;2;16;16;16;48;2;16;16;16m▀▀▀[38;2;189;139;82;48;2;189;139;82m▀▀▀▀▀▀[38;2;82;57;24m▀[49m▄[0m
[0m    [38;2;98;82;16m▄[38;2;164;131;74;48;2;238;222;172m▀[38;2;238;222;172m▀[48;2;222;189;139m▀[38;2;222;189;139;48;2;16;16;16m▀[38;2;98;82;16;48;2;164;131;74m▀[38;2;16;16;16;48;2;222;189;139m▀[48;2;148;106;90m▀[38;2;148;106;90m▀[48;2;82;57;24m▀[48;2;148;106;90m▀[48;2;82;57;24m▀[48;2;16;16;16m▀[38;2;82;57;24;49m▀[0m [38;2;82;57;24;48;2;82;57;24m▀[38;2;222;172;115;48;2;222;172;115m▀▀▀[38;2;16;16;16;48;2;189;139;82m▀[48;2;16;16;16m▀▀[38;2;222;172;115m▀[48;2;189;139;82m▀[38;2;189;139;82m▀[38;2;16;16;16;48;2;148;106;90m▀[48;2;16;16;16m▀[48;2;148;106;90m▀[38;2;82;57;24;48;2;189;139;82m▀[38;2;189;139;82m▀▀[48;2;148;106;90m▀▀▀[48;2;189;139;82m▀[38;2;16;16;16;48;2;82;57;24m▀[0m
[0m   [38;2;164;131;74;48;2;164;131;74m▀[38;2;222;189;139;48;2;238;222;172m▀[38;2;238;222;172m▀[48;2;98;82;16m▀[38;2;16;16;16m▀[38;2;164;131;74;48;2;164;131;74m▀[38;2;222;189;139;48;2;222;189;139m▀[48;2;16;16;16m▀[38;2;82;57;24m▀[49m▀[0m [38;2;16;16;16m▀[0m   [38;2;148;106;90m▀[38;2;189;139;82;48;2;82;57;24m▀[38;2;222;172;115;48;2;222;172;115m▀▀▀[38;2;82;57;24m▀[48;2;189;139;82m▀[38;2;16;16;16m▀▀[38;2;189;139;82m▀▀▀[38;2;148;106;90m▀[38;2;189;139;82m▀▀▀[38;2;148;106;90;48;2;148;106;90m▀▀▀▀▀[38;2;189;139;82m▀[38;2;82;57;24;48;2;82;57;24m▀[0m
[0m [38;2;98;82;16m▄[48;2;238;222;172m▀[38;2;238;222;172;48;2;222;189;139m▀[48;2;16;16;16m▀[38;2;16;16;16;49m▀[38;2;98;82;16m▄[48;2;164;131;74m▀[38;2;222;189;139;48;2;222;189;139m▀[48;2;16;16;16m▀[38;2;16;16;16;49m▀[0m       [38;2;82;57;24;48;2;16;16;16m▀[38;2;148;106;90;48;2;148;106;90m▀[38;2;189;139;82;48;2;189;139;82m▀[38;2;222;172;115m▀▀▀[38;2;189;139;82m▀▀▀▀▀▀▀▀▀[38;2;148;106;90m▀[38;2;189;139;82;48;2;148;106;90m▀[38;2;148;106;90;48;2;189;139;82m▀[38;2;189;139;82;48;2;148;106;90m▀[38;2;148;106;90;48;2;189;139;82m▀[48;2;148;106;90m▀[38;2;82;57;24m▀[49m▄[0m
[38;2;98;82;16;48;2;98;82;16m▀[38;2;238;222;172;48;2;238;222;172m▀[48;2;16;16;16m▀[38;2;16;16;16;49m▀[0m [38;2;98;82;16;48;2;98;82;16m▀[38;2;222;189;139;48;2;16;16;16m▀▀[38;2;16;16;16;49m▀[0m          [38;2;82;57;24;48;2;82;57;24m▀[38;2;148;106;90;48;2;148;106;90m▀[38;2;189;139;82m▀[48;2;189;139;82m▀▀▀▀▀▀▀▀▀[48;2;148;106;90m▀[38;2;148;106;90m▀▀[38;2;189;139;82m▀[38;2;148;106;90m▀[38;2;189;139;82m▀[38;2;148;106;90m▀▀[38;2;16;16;16;48;2;16;16;16m▀[0m
[38;2;16;16;16;49m▀[38;2;98;82;16m▀[0m                 [38;2;16;16;16m▀[38;2;148;106;90;48;2;82;57;24m▀▀[48;2;148;106;90m▀▀[38;2;189;139;82m▀▀▀▀▀[38;2;148;106;90m▀▀▀▀▀▀▀▀▀[38;2;82;57;24;48;2;82;57;24m▀[0m
[0m                      [38;2;82;57;24;48;2;82;57;24m▀[38;2;148;106;90;48;2;148;106;90m▀▀▀▀▀▀▀▀▀▀▀▀▀[48;2;82;57;24m▀[38;2;16;16;16;49m▀[38;2;82;57;24m▀[0m
[0m                       [38;2;82;57;24m▀▀[38;2;148;106;90;48;2;82;57;24m▀[48;2;16;16;16m▀[48;2;82;57;24m▀[48;2;16;16;16m▀[48;2;148;106;90m▀▀▀[48;2;16;16;16m▀[38;2;82;57;24;48;2;82;57;24m▀[48;2;164;131;74m▀[38;2;16;16;16m▀[48;2;16;16;16m▀[0m
[0m                           [38;2;16;16;16;48;2;16;16;16m▀[38;2;164;131;74;48;2;164;131;74m▀▀[38;2;16;16;16;48;2;16;16;16m▀[49m▀[0m [38;2;16;16;16m▀[38;2;164;131;74;48;2;16;16;16m▀[48;2;164;131;74m▀[38;2;16;16;16m▀[49m▄[0m
[0m                            [38;2;16;16;16;48;2;16;16;16m▀[38;2;164;131;74;48;2;164;131;74m▀▀[38;2;98;82;16;48;2;98;82;16m▀[0m  [38;2;16;16;16m▀[38;2;164;131;74;48;2;16;16;16m▀[48;2;164;131;74m▀▀[38;2;16;16;16;48;2;16;16;16m▀[0m
[0m                          [38;2;98;82;16m▄[48;2;164;131;74m▀[38;2;164;131;74m▀[48;2;16;16;16m▀[38;2;16;16;16;49m▀[0m   [38;2;98;82;16m▄[48;2;238;222;172m▀[38;2;222;189;139;48;2;222;189;139m▀[38;2;164;131;74;48;2;16;16;16m▀[38;2;16;16;16;49m▀[0m
[0m                    [38;2;98;98;98m▄[38;2;16;16;16m▄▄▄▄[48;2;222;189;139m▀[38;2;222;189;139m▀[38;2;164;131;74m▀[38;2;16;16;16;48;2;16;16;16m▀[0m    [38;2;16;16;16m▄[38;2;98;82;16;48;2;238;222;172m▀[38;2;238;222;172m▀[38;2;222;189;139;48;2;16;16;16m▀[38;2;98;82;16;49m▀[0m
[0m                  [38;2;98;98;98m▄[48;2;255;255;255m▀[38;2;255;255;255;48;2;16;16;16m▀[38;2;222;189;139;48;2;98;98;98m▀[38;2;98;82;16;48;2;164;131;74m▀[48;2;222;189;139m▀[38;2;238;222;172;48;2;164;131;74m▀[38;2;222;189;139;48;2;98;98;98m▀[38;2;98;82;16;48;2;222;189;139m▀[38;2;222;189;139m▀▀[38;2;98;82;16m▀[48;2;164;131;74m▀[38;2;16;16;16;49m▄▄[48;2;238;222;172m▀[38;2;238;222;172m▀[38;2;222;189;139;48;2;164;131;74m▀[38;2;16;16;16;48;2;16;16;16m▀[0m
[0m                  [38;2;16;16;16m▀▀[38;2;98;98;98;48;2;98;98;98m▀[38;2;255;255;255;48;2;255;255;255m▀[48;2;16;16;16m▀[38;2;16;16;16;49m▀[38;2;98;98;98;48;2;98;98;98m▀[38;2;255;255;255;48;2;255;255;255m▀[48;2;16;16;16m▀[38;2;16;16;16;48;2;98;98;98m▀[38;2;164;131;74;48;2;255;255;255m▀[38;2;16;16;16m▀[38;2;238;222;172;48;2;98;82;16m▀[38;2;98;82;16;48;2;164;131;74m▀[38;2;238;222;172m▀[48;2;98;82;16m▀[48;2;164;131;74m▀▀[38;2;164;131;74;48;2;238;222;172m▀[38;2;16;16;16m▀[48;2;222;189;139m▀[38;2;98;98;98;49m▄[0m
[0m                    [38;2;16;16;16m▀▀[0m  [38;2;16;16;16m▀▀[0m [38;2;16;16;16m▀▀▀[48;2;16;16;16m▀[38;2;255;255;255;48;2;255;255;255m▀[38;2;164;131;74;48;2;16;16;16m▀[38;2;16;16;16m▀[38;2;255;255;255;48;2;255;255;255m▀[38;2;164;131;74;48;2;16;16;16m▀[38;2;16;16;16;49m▀▀[38;2;255;255;255;48;2;16;16;16m▀▀[38;2;98;98;98m▀[0m
[0m                               [38;2;16;16;16m▀[0m  [38;2;16;16;16m▀[0m
