[0m               [38;2;65;82;131m▄[48;2;230;230;246m▀[49m▄[0m
[0m              [38;2;65;82;131m▄[38;2;148;156;180;48;2;230;230;246m▀[38;2;230;230;246m▀[38;2;65;82;131;48;2;213;205;238m▀[38;2;16;16;16;49m▄[0m
[0m             [38;2;65;82;131m▄[48;2;148;156;180m▀[38;2;230;230;246;48;2;230;230;246m▀▀[38;2;213;205;238;48;2;213;205;238m▀[38;2;65;82;131m▀[38;2;16;16;16;49m▄▄[38;2;65;82;131m▄[0m
[0m          [38;2;65;82;131m▄[48;2;230;230;246m▀[38;2;148;156;180m▀[38;2;230;230;246m▀▀▀▀[38;2;213;205;238m▀[48;2;213;205;238m▀[38;2;148;156;180;48;2;230;230;246m▀[38;2;213;205;238m▀▀[38;2;65;82;131m▀▀[49m▄[0m
[0m        [38;2;65;82;131m▄[48;2;148;156;180m▀[38;2;148;156;180;48;2;230;230;246m▀▀[38;2;230;230;246;48;2;213;205;238m▀[48;2;230;230;246m▀▀▀▀▀▀[48;2;148;156;180m▀▀[48;2;65;82;131m▀[48;2;230;230;246m▀▀[38;2;213;205;238;48;2;213;205;238m▀[38;2;65;82;131m▀[49m▄[0m
[0m        [38;2;65;82;131;48;2;148;156;180m▀[38;2;230;230;246;48;2;65;82;131m▀[38;2;16;16;16;48;2;255;255;255m▀[38;2;148;156;180;48;2;65;82;131m▀[38;2;230;230;246;48;2;230;230;246m▀▀▀▀▀▀[38;2;148;156;180;48;2;213;205;238m▀[38;2;230;230;246;48;2;16;16;16m▀▀[48;2;213;205;238m▀[38;2;65;82;131;48;2;230;230;246m▀[38;2;230;230;246m▀▀[38;2;213;205;238m▀[38;2;65;82;131;48;2;213;205;238m▀[38;2;16;16;16;49m▄[0m
[0m       [38;2;148;156;180;48;2;65;82;131m▀[38;2;230;230;246;48;2;230;230;246m▀[38;2;16;16;16;48;2;148;156;180m▀[48;2;65;82;131m▀[38;2;148;156;180;48;2;230;230;246m▀[38;2;230;230;246m▀▀▀▀▀▀[38;2;65;82;131;48;2;65;82;131m▀[38;2;255;255;255;48;2;16;16;16m▀[38;2;16;16;16;48;2;65;82;131m▀[48;2;16;16;16m▀[38;2;230;230;246;48;2;230;230;246m▀▀▀▀[38;2;213;205;238;48;2;213;205;238m▀[38;2;16;16;16;48;2;65;82;131m▀[0m        [38;2;65;82;131m▄▄▄▄[0m
[0m      [38;2;106;90;16m▄[48;2;191;137;73m▀[48;2;246;230;189m▀▀[38;2;148;156;180;48;2;191;137;73m▀[38;2;230;230;246;48;2;16;16;16m▀[38;2;65;82;131m▀[38;2;148;156;180m▀[38;2;230;230;246;48;2;213;205;238m▀[48;2;230;230;246m▀[48;2;148;156;180m▀[48;2;191;137;73m▀[38;2;213;205;238m▀[38;2;65;82;131m▀▀[38;2;213;205;238m▀[38;2;230;230;246;48;2;230;230;246m▀▀▀[48;2;213;205;238m▀[38;2;213;205;238m▀▀[38;2;16;16;16;48;2;16;16;16m▀[0m     [38;2;148;156;180m▄[38;2;65;82;131;48;2;230;230;246m▀[38;2;148;156;180m▀[48;2;213;205;238m▀[38;2;213;205;238;48;2;148;156;180m▀▀[38;2;148;156;180;48;2;213;205;238m▀[38;2;65;82;131m▀[49m▄[0m
[0m     [38;2;65;82;131;48;2;65;82;131m▀[38;2;148;156;180;48;2;255;255;255m▀[38;2;246;230;189;48;2;65;82;131m▀[48;2;246;230;189m▀▀▀[38;2;222;197;115m▀[38;2;106;90;16m▀[38;2;191;137;73m▀▀[38;2;222;197;115m▀[38;2;246;230;189m▀▀▀[48;2;148;156;180m▀▀[38;2;222;197;115;48;2;246;230;189m▀[38;2;106;90;16m▀[38;2;230;230;246;48;2;106;90;16m▀[48;2;213;205;238m▀[38;2;213;205;238m▀▀▀[38;2;16;16;16;48;2;16;16;16m▀[0m   [38;2;148;156;180m▄[48;2;213;205;238m▀[38;2;65;82;131;48;2;230;230;246m▀[38;2;148;156;180m▀▀[38;2;230;230;246;48;2;148;156;180m▀▀[38;2;213;205;238;48;2;230;230;246m▀[38;2;148;156;180;48;2;213;205;238m▀[38;2;213;205;238m▀[38;2;148;156;180m▀[38;2;65;82;131;49m▄[0m  [38;2;65;82;131m▄▄▄▄[0m
[0m     [38;2;16;16;16;48;2;16;16;16m▀[38;2;255;255;255;48;2;213;205;238m▀[38;2;213;205;238m▀[38;2;65;82;131;48;2;16;16;16m▀[38;2;222;197;115;48;2;106;90;16m▀[48;2;191;137;73m▀[38;2;106;90;16m▀▀[38;2;191;137;73;48;2;139;49;32m▀[38;2;246;230;189m▀▀[48;2;222;197;115m▀[48;2;148;156;180m▀[38;2;148;156;180;48;2;255;255;255m▀[38;2;255;255;255m▀[38;2;65;82;131;48;2;16;16;16m▀[38;2;246;230;189;48;2;222;197;115m▀[38;2;222;197;115m▀▀[38;2;106;90;16;48;2;106;90;16m▀[38;2;213;205;238;48;2;213;205;238m▀▀▀[38;2;16;16;16;48;2;65;82;131m▀[0m   [38;2;65;82;131;48;2;16;16;16m▀[38;2;230;230;246;48;2;213;205;238m▀▀[48;2;230;230;246m▀▀▀▀[38;2;213;205;238m▀[48;2;213;205;238m▀▀[48;2;65;82;131m▀[38;2;16;16;16;48;2;230;230;246m▀[38;2;65;82;131m▀[38;2;148;156;180m▀[38;2;230;230;246m▀▀▀▀[38;2;148;156;180m▀[38;2;65;82;131;48;2;213;205;238m▀[49m▄[0m
[0m      [38;2;16;16;16m▀[38;2;65;82;131;48;2;106;90;16m▀[38;2;222;197;115;48;2;139;49;32m▀[38;2;139;49;32;48;2;255;172;172m▀[38;2;255;172;172m▀▀[38;2;139;49;32;48;2;191;137;73m▀[38;2;255;172;172;48;2;255;172;172m▀▀[38;2;191;137;73m▀[38;2;16;16;16;48;2;139;49;32m▀[38;2;65;82;131;48;2;16;16;16m▀[38;2;255;255;255;48;2;213;205;238m▀[48;2;148;156;180m▀[38;2;16;16;16;48;2;16;16;16m▀[38;2;222;197;115;48;2;222;197;115m▀▀[48;2;106;90;16m▀[38;2;16;16;16;48;2;16;16;16m▀[38;2;213;205;238;48;2;148;156;180m▀[38;2;148;156;180;48;2;213;205;238m▀[38;2;213;205;238m▀▀[38;2;16;16;16;48;2;16;16;16m▀[0m   [38;2;16;16;16m▀[38;2;148;156;180;48;2;16;16;16m▀[38;2;213;205;238m▀[48;2;65;82;131m▀[48;2;148;156;180m▀[38;2;230;230;246;48;2;213;205;238m▀[48;2;230;230;246m▀[38;2;213;205;238m▀[38;2;148;156;180m▀[38;2;230;230;246m▀▀▀▀▀▀▀[38;2;213;205;238m▀[48;2;148;156;180m▀▀[48;2;213;205;238m▀[38;2;65;82;131;48;2;148;156;180m▀[49m▄[0m
[0m        [38;2;139;49;32;48;2;139;49;32m▀[38;2;255;172;172;48;2;255;172;172m▀▀▀▀▀▀[48;2;191;137;73m▀[38;2;139;49;32;48;2;139;49;32m▀[38;2;16;16;16;48;2;191;137;73m▀[38;2;65;82;131m▀▀[38;2;222;197;115;48;2;106;90;16m▀[48;2;16;16;16m▀[38;2;191;137;73m▀[38;2;16;16;16;48;2;213;205;238m▀[38;2;148;156;180m▀[38;2;213;205;238m▀▀▀▀[38;2;65;82;131m▀[38;2;16;16;16;49m▄[0m      [38;2;16;16;16m▀[38;2;65;82;131m▀[38;2;213;205;238;48;2;16;16;16m▀[38;2;230;230;246;48;2;230;230;246m▀▀[48;2;213;205;238m▀▀▀▀▀▀[38;2;148;156;180m▀▀[38;2;213;205;238;48;2;148;156;180m▀[48;2;213;205;238m▀[38;2;148;156;180m▀[38;2;213;205;238;48;2;65;82;131m▀[38;2;16;16;16;48;2;16;16;16m▀[0m
[0m         [38;2;139;49;32m▀[38;2;255;172;172;48;2;139;49;32m▀▀▀▀[38;2;191;137;73m▀[38;2;139;49;32;48;2;213;205;238m▀[38;2;65;82;131m▀▀[38;2;148;156;180m▀▀▀[38;2;213;205;238m▀▀▀▀▀▀▀▀▀[38;2;65;82;131m▀[38;2;16;16;16;49m▄[0m      [38;2;65;82;131m▄[48;2;148;156;180m▀[38;2;213;205;238;48;2;213;205;238m▀▀▀[48;2;16;16;16m▀[38;2;148;156;180m▀▀[38;2;213;205;238;48;2;65;82;131m▀[48;2;213;205;238m▀▀▀▀[38;2;148;156;180;48;2;65;82;131m▀[38;2;213;205;238;48;2;213;205;238m▀[48;2;148;156;180m▀[38;2;16;16;16;48;2;65;82;131m▀[0m
[0m          [38;2;65;82;131m▄[38;2;148;156;180;48;2;230;230;246m▀[38;2;213;205;238m▀▀[48;2;213;205;238m▀▀▀▀▀▀▀▀▀▀▀▀▀▀▀▀▀▀[38;2;16;16;16;48;2;148;156;180m▀[38;2;65;82;131;49m▄[38;2;16;16;16m▄▄▄[38;2;65;82;131;48;2;148;156;180m▀[38;2;148;156;180m▀[38;2;213;205;238;48;2;213;205;238m▀[48;2;148;156;180m▀[38;2;148;156;180m▀[38;2;16;16;16;48;2;16;16;16m▀[0m    [38;2;16;16;16m▀[38;2;213;205;238;48;2;16;16;16m▀▀▀[38;2;65;82;131;49m▀[38;2;16;16;16m▀[38;2;65;82;131m▀[0m
[0m         [38;2;65;82;131;48;2;65;82;131m▀[38;2;230;230;246;48;2;230;230;246m▀▀▀▀▀[38;2;213;205;238m▀[48;2;213;205;238m▀▀▀▀▀▀▀▀▀▀▀▀▀▀▀▀▀[38;2;148;156;180m▀[48;2;148;156;180m▀▀▀▀[38;2;213;205;238m▀[38;2;148;156;180m▀▀[38;2;16;16;16;48;2;16;16;16m▀[0m
[0m        [38;2;65;82;131;48;2;65;82;131m▀[38;2;230;230;246;48;2;230;230;246m▀▀▀▀▀▀▀▀▀[38;2;213;205;238m▀▀[48;2;213;205;238m▀▀▀▀▀▀▀▀▀▀▀▀▀▀[38;2;148;156;180;48;2;148;156;180m▀▀▀▀▀▀▀[38;2;16;16;16;48;2;16;16;16m▀[0m
[0m        [38;2;65;82;131;48;2;65;82;131m▀[38;2;230;230;246;48;2;230;230;246m▀▀▀▀▀▀▀▀▀▀▀▀▀[38;2;213;205;238;48;2;213;205;238m▀▀▀▀▀▀▀▀▀▀▀▀[38;2;148;156;180;48;2;148;156;180m▀▀▀▀▀▀▀[38;2;16;16;16;48;2;16;16;16m▀[0m
[0m   [38;2;148;156;180m▄▄▄[48;2;213;205;238m▀▀[38;2;65;82;131;48;2;65;82;131m▀[38;2;230;230;246;48;2;230;230;246m▀▀▀▀▀▀▀▀▀▀▀▀▀[38;2;213;205;238;48;2;213;205;238m▀▀▀▀▀▀▀▀▀[38;2;148;156;180m▀[38;2;213;205;238;48;2;148;156;180m▀[38;2;148;156;180;48;2;65;82;131m▀▀[48;2;148;156;180m▀▀▀▀▀[38;2;65;82;131;48;2;16;16;16m▀[0m
[38;2;148;156;180;49m▄[48;2;230;230;246m▀▀[38;2;230;230;246m▀[48;2;148;156;180m▀▀[48;2;230;230;246m▀▀[38;2;148;156;180;48;2;213;205;238m▀[38;2;230;230;246;48;2;65;82;131m▀[48;2;230;230;246m▀▀▀▀▀▀▀▀▀▀[48;2;213;205;238m▀[38;2;213;205;238m▀▀▀▀▀▀▀[48;2;230;230;246m▀[38;2;230;230;246m▀▀▀▀[38;2;213;205;238m▀[38;2;148;156;180m▀[38;2;65;82;131m▀▀▀[48;2;148;156;180m▀[38;2;16;16;16;48;2;65;82;131m▀[38;2;65;82;131;49m▄▄[0m
[38;2;65;82;131;48;2;65;82;131m▀[38;2;213;205;238;48;2;148;156;180m▀[38;2;148;156;180;48;2;230;230;246m▀▀[38;2;230;230;246m▀▀[48;2;213;205;238m▀▀[38;2;213;205;238m▀[38;2;148;156;180m▀[38;2;230;230;246;48;2;65;82;131m▀[48;2;213;205;238m▀[48;2;230;230;246m▀▀▀▀▀▀[48;2;213;205;238m▀[38;2;213;205;238m▀▀▀▀▀▀[38;2;148;156;180m▀[38;2;213;205;238;48;2;65;82;131m▀[48;2;148;156;180m▀[38;2;230;230;246;48;2;213;205;238m▀[48;2;230;230;246m▀▀▀▀▀▀▀▀▀▀[48;2;65;82;131m▀[48;2;148;156;180m▀[48;2;230;230;246m▀[38;2;65;82;131m▀[38;2;16;16;16;49m▄[0m
[0m [38;2;65;82;131;48;2;65;82;131m▀[38;2;230;230;246;48;2;213;205;238m▀▀[38;2;213;205;238m▀▀▀▀[48;2;148;156;180m▀[38;2;148;156;180;48;2;16;16;16m▀[38;2;16;16;16;49m▀▀[38;2;213;205;238;48;2;16;16;16m▀[38;2;230;230;246;48;2;213;205;238m▀▀▀[38;2;213;205;238m▀▀▀▀▀▀▀▀▀▀▀[38;2;16;16;16m▀[38;2;148;156;180;48;2;65;82;131m▀[38;2;213;205;238m▀[38;2;230;230;246;48;2;213;205;238m▀▀[48;2;230;230;246m▀▀▀▀[38;2;148;156;180m▀▀[38;2;230;230;246;48;2;148;156;180m▀[48;2;213;205;238m▀[38;2;213;205;238;48;2;230;230;246m▀[38;2;148;156;180;48;2;65;82;131m▀[38;2;213;205;238;48;2;213;205;238m▀[38;2;16;16;16;48;2;16;16;16m▀[0m
[0m  [38;2;65;82;131m▀[38;2;213;205;238;48;2;16;16;16m▀▀▀[38;2;65;82;131;49m▀[38;2;16;16;16m▀▀[0m    [38;2;16;16;16m▀▀[38;2;213;205;238;48;2;16;16;16m▀▀▀[48;2;213;205;238m▀▀▀▀▀▀▀[48;2;148;156;180m▀▀[38;2;148;156;180;48;2;16;16;16m▀▀▀[38;2;16;16;16;49m▀[38;2;213;205;238;48;2;16;16;16m▀[48;2;65;82;131m▀[48;2;213;205;238m▀[38;2;230;230;246m▀▀▀▀▀[38;2;65;82;131;48;2;65;82;131m▀[38;2;213;205;238;48;2;213;205;238m▀[38;2;65;82;131;48;2;65;82;131m▀[38;2;213;205;238;48;2;16;16;16m▀[38;2;16;16;16;49m▀[0m
[0m                  [38;2;16;16;16m▀▀▀▀▀▀▀▀▀[0m      [38;2;16;16;16m▀[38;2;65;82;131m▀[38;2;213;205;238;48;2;16;16;16m▀▀▀[38;2;148;156;180m▀[38;2;65;82;131;49m▀[38;2;16;16;16m▀[0m
