[0m                                        [38;2;108;123;161m▄[48;2;230;230;246m▀▀[38;2;65;82;98;49m▄[0m
[0m                                       [38;2;108;123;161m▄[48;2;230;230;246m▀[38;2;230;230;246m▀▀[38;2;65;82;98;48;2;65;82;98m▀[0m
[0m                                      [38;2;65;82;98m▄[48;2;213;205;238m▀[38;2;230;230;246;48;2;230;230;246m▀▀▀▀[38;2;108;123;161;48;2;108;123;161m▀[0m
[0m                                   [38;2;156;164;189m▄▄[38;2;108;123;161;48;2;230;230;246m▀[38;2;213;205;238m▀▀[48;2;213;205;238m▀[38;2;230;230;246;48;2;156;164;189m▀[48;2;230;230;246m▀▀[38;2;213;205;238;48;2;213;205;238m▀[38;2;108;123;161m▀[49m▄[0m
[0m                                  [38;2;156;164;189;48;2;156;164;189m▀[38;2;230;230;246;48;2;230;230;246m▀▀▀▀▀▀[38;2;213;205;238m▀[38;2;156;164;189;48;2;213;205;238m▀[38;2;213;205;238;48;2;156;164;189m▀[48;2;213;205;238m▀▀[38;2;65;82;98m▀[49m▄[0m
[0m                         [38;2;108;123;161m▄[38;2;65;82;98m▄[0m        [38;2;156;164;189m▀[38;2;230;230;246;48;2;156;164;189m▀[48;2;230;230;246m▀[48;2;213;205;238m▀▀[48;2;230;230;246m▀▀▀[38;2;213;205;238m▀[38;2;156;164;189;48;2;213;205;238m▀▀[38;2;213;205;238m▀▀[38;2;65;82;98m▀[38;2;16;16;16;49m▄[0m
[0m                       [38;2;156;164;189m▄[48;2;230;230;246m▀[38;2;230;230;246m▀[38;2;16;16;16;48;2;16;16;16m▀[0m         [38;2;108;123;161;48;2;108;123;161m▀[38;2;230;230;246;48;2;230;230;246m▀▀[38;2;213;205;238;48;2;213;205;238m▀▀▀▀▀▀▀▀▀▀▀[38;2;16;16;16;48;2;16;16;16m▀[0m
[0m                 [38;2;108;123;161m▄[38;2;65;82;98m▄▄▄[38;2;108;123;161m▄[48;2;156;164;189m▀[38;2;230;230;246;48;2;230;230;246m▀▀[38;2;213;205;238;48;2;213;205;238m▀[38;2;16;16;16;48;2;16;16;16m▀[0m        [38;2;108;123;161;48;2;108;123;161m▀[38;2;230;230;246;48;2;230;230;246m▀▀▀▀▀▀[38;2;213;205;238m▀[48;2;156;164;189m▀▀[48;2;108;123;161m▀▀▀[48;2;213;205;238m▀▀▀[38;2;65;82;98m▀[38;2;16;16;16m▀[49m▄▄[0m
[0m              [38;2;65;82;98m▄[48;2;230;230;246m▀[48;2;255;255;255m▀[38;2;230;230;246m▀[38;2;255;255;255m▀▀[38;2;230;230;246m▀[48;2;230;230;246m▀▀▀[38;2;213;205;238m▀[38;2;65;82;98m▀[48;2;213;205;238m▀[49m▄[0m      [38;2;156;164;189;48;2;156;164;189m▀[38;2;230;230;246;48;2;230;230;246m▀▀▀[48;2;213;205;238m▀▀▀[38;2;156;164;189m▀▀[38;2;213;205;238m▀▀▀▀▀[38;2;108;123;161m▀▀[38;2;213;205;238;48;2;108;123;161m▀[48;2;65;82;98m▀[48;2;213;205;238m▀▀▀[38;2;65;82;98m▀▀[49m▄[0m
[0m            [38;2;65;82;98m▄[48;2;255;255;255m▀[38;2;213;205;238;48;2;16;16;16m▀[38;2;230;230;246;48;2;230;230;246m▀▀[38;2;255;255;255m▀▀▀[38;2;230;230;246m▀▀▀▀▀▀▀▀[38;2;65;82;98m▀[49m▄[0m    [38;2;65;82;98m▀[38;2;213;205;238;48;2;65;82;98m▀[48;2;213;205;238m▀▀▀▀▀▀▀▀▀▀▀▀[48;2;16;16;16m▀▀[38;2;16;16;16;49m▀▀▀[38;2;213;205;238;48;2;16;16;16m▀▀[48;2;213;205;238m▀▀[38;2;230;230;246;48;2;230;230;246m▀[38;2;65;82;98m▀[49m▄[0m
[0m         [38;2;65;82;98m▄▄[38;2;16;16;16;48;2;16;16;16m▀▀▀[48;2;108;123;161m▀[38;2;230;230;246;48;2;230;230;246m▀▀▀▀▀▀▀▀▀▀▀▀▀▀[38;2;213;205;238m▀[38;2;65;82;98;48;2;65;82;98m▀[0m     [38;2;65;82;98;48;2;65;82;98m▀[38;2;213;205;238;48;2;213;205;238m▀▀▀[48;2;230;230;246m▀▀[38;2;230;230;246m▀▀[48;2;213;205;238m▀[38;2;213;205;238m▀[48;2;65;82;98m▀[38;2;16;16;16;49m▀[0m       [38;2;16;16;16;48;2;16;16;16m▀[38;2;230;230;246;48;2;213;205;238m▀[48;2;230;230;246m▀▀▀[38;2;65;82;98;48;2;108;123;161m▀[49m▄[0m
[0m       [38;2;16;16;16m▄[38;2;65;82;98;48;2;230;230;246m▀[38;2;230;230;246m▀▀▀[38;2;16;16;16m▀▀[38;2;230;230;246;48;2;156;164;189m▀[48;2;16;16;16m▀▀[48;2;213;205;238m▀[48;2;230;230;246m▀▀▀▀[48;2;108;123;161m▀[38;2;16;16;16;48;2;255;255;255m▀[48;2;16;16;16m▀[38;2;213;205;238m▀[38;2;230;230;246;48;2;230;230;246m▀▀▀▀[38;2;213;205;238;48;2;213;205;238m▀[38;2;65;82;98;48;2;16;16;16m▀[0m     [38;2;108;123;161;48;2;108;123;161m▀[38;2;230;230;246;48;2;230;230;246m▀▀▀▀▀[38;2;213;205;238;48;2;213;205;238m▀▀[38;2;65;82;98;48;2;65;82;98m▀[0m          [38;2;16;16;16;48;2;16;16;16m▀[38;2;230;230;246;48;2;230;230;246m▀▀▀▀[38;2;65;82;98;48;2;213;205;238m▀[49m▄[0m
[0m       [38;2;16;16;16m▀[38;2;230;230;246;48;2;16;16;16m▀[48;2;230;230;246m▀▀▀▀▀▀[38;2;156;164;189m▀[38;2;16;16;16m▀▀[38;2;230;230;246m▀▀▀[38;2;108;123;161;48;2;108;123;161m▀[38;2;16;16;16;48;2;16;16;16m▀▀▀[48;2;108;123;161m▀[38;2;230;230;246;48;2;230;230;246m▀▀▀[48;2;213;205;238m▀[38;2;213;205;238m▀[38;2;16;16;16m▀[38;2;65;82;98;49m▄[0m     [38;2;108;123;161m▀▀[38;2;230;230;246;48;2;108;123;161m▀[48;2;230;230;246m▀[38;2;213;205;238;48;2;213;205;238m▀▀[38;2;65;82;98;48;2;65;82;98m▀[0m           [38;2;16;16;16;48;2;16;16;16m▀[38;2;230;230;246;48;2;230;230;246m▀▀▀▀▀[38;2;16;16;16m▀[49m▄[0m
[0m        [38;2;16;16;16;48;2;65;82;98m▀[48;2;213;205;205m▀[38;2;65;82;98m▀[38;2;156;164;189;48;2;65;82;98m▀[38;2;230;230;246m▀▀[48;2;16;16;16m▀▀[48;2;230;230;246m▀▀▀▀▀▀[38;2;213;205;238m▀[38;2;16;16;16m▀▀[38;2;230;230;246m▀▀▀[48;2;213;205;238m▀[38;2;213;205;238m▀▀▀[38;2;16;16;16m▀[49m▄[0m       [38;2;108;123;161m▀[38;2;213;205;238;48;2;65;82;98m▀[38;2;65;82;98m▀[0m            [38;2;16;16;16;48;2;65;82;98m▀[38;2;230;230;246;48;2;230;230;246m▀▀▀▀▀▀[38;2;16;16;16;48;2;213;205;238m▀[38;2;65;82;98;49m▄[0m
[0m        [38;2;16;16;16;48;2;16;16;16m▀[38;2;255;255;255;48;2;255;255;255m▀[38;2;213;205;205;48;2;16;16;16m▀[38;2;16;16;16;48;2;156;164;189m▀[48;2;213;205;238m▀[48;2;65;82;98m▀[38;2;156;0;0;48;2;156;0;0m▀▀[38;2;16;16;16;48;2;213;41;32m▀[38;2;156;164;189;48;2;65;82;98m▀[38;2;230;230;246;48;2;16;16;16m▀[48;2;230;230;246m▀▀▀▀▀[48;2;213;205;238m▀▀▀[38;2;213;205;238m▀▀▀▀▀▀[38;2;16;16;16;48;2;65;82;98m▀[0m                     [38;2;65;82;98;48;2;65;82;98m▀[38;2;213;205;238;48;2;230;230;246m▀[38;2;230;230;246m▀▀▀▀▀▀▀[38;2;16;16;16;48;2;16;16;16m▀[0m
[0m         [38;2;16;16;16m▀[0m [38;2;16;16;16;48;2;16;16;16m▀[38;2;213;205;238;48;2;213;205;238m▀[38;2;108;123;161;48;2;230;230;246m▀[38;2;156;0;0;48;2;65;82;98m▀[38;2;213;41;32;48;2;213;41;32m▀▀▀▀[38;2;108;123;161;48;2;108;123;161m▀[38;2;65;82;98;48;2;255;255;255m▀[38;2;16;16;16;48;2;213;205;205m▀[48;2;16;16;16m▀[48;2;213;205;238m▀[38;2;65;82;98m▀[38;2;213;205;238m▀▀▀▀▀▀▀▀▀[38;2;16;16;16;48;2;16;16;16m▀[0m                   [38;2;65;82;98m▄[48;2;213;205;238m▀[38;2;230;230;246;48;2;230;230;246m▀▀▀▀▀▀▀▀[38;2;16;16;16;48;2;213;205;238m▀[38;2;65;82;98;49m▄[0m
[0m            [38;2;16;16;16m▀[38;2;230;230;246;48;2;16;16;16m▀[38;2;213;205;238;48;2;230;230;246m▀[38;2;156;0;0;48;2;213;205;238m▀[38;2;213;41;32;48;2;108;123;161m▀[48;2;65;82;98m▀[48;2;16;16;16m▀[38;2;16;16;16m▀[38;2;255;255;255m▀[38;2;16;16;16;48;2;213;205;238m▀[38;2;213;205;238m▀▀▀▀▀▀▀▀▀▀▀▀▀[38;2;16;16;16;48;2;16;16;16m▀[0m                 [38;2;65;82;98m▄[48;2;230;230;246m▀[38;2;230;230;246m▀▀▀▀▀▀▀▀▀▀[38;2;65;82;98;48;2;65;82;98m▀[0m
[0m             [38;2;16;16;16m▀[38;2;230;230;246;48;2;16;16;16m▀[38;2;213;205;238;48;2;213;205;238m▀▀▀▀▀▀▀▀▀▀▀▀▀▀▀▀▀▀▀▀▀[38;2;16;16;16;48;2;16;16;16m▀[0m              [38;2;108;123;161m▄[48;2;230;230;246m▀[38;2;230;230;246m▀▀▀▀▀▀▀▀▀▀▀▀[38;2;65;82;98;48;2;16;16;16m▀[0m
[0m             [38;2;65;82;98;48;2;65;82;98m▀[38;2;213;205;238;48;2;230;230;246m▀[38;2;16;16;16;48;2;213;205;238m▀[38;2;65;82;98;48;2;65;82;98m▀[38;2;213;205;238;48;2;16;16;16m▀▀[48;2;65;82;98m▀[48;2;213;205;238m▀▀▀▀▀▀▀▀▀▀▀▀▀▀▀▀▀[38;2;16;16;16m▀[38;2;65;82;98;49m▄▄[0m       [38;2;65;82;98m▄[38;2;108;123;161m▄[38;2;65;82;98;48;2;230;230;246m▀[38;2;108;123;161m▀[38;2;230;230;246m▀▀▀▀▀▀▀▀▀▀▀▀▀▀[38;2;16;16;16;48;2;16;16;16m▀[0m
[0m            [38;2;65;82;98m▄[48;2;213;205;238m▀[38;2;230;230;246;48;2;230;230;246m▀[38;2;213;205;238m▀[48;2;213;205;238m▀▀▀▀▀▀▀▀▀▀▀▀▀▀▀▀▀▀▀▀[38;2;230;230;246m▀[38;2;213;205;238;48;2;230;230;246m▀[38;2;230;230;246;48;2;213;205;238m▀[38;2;213;205;238;48;2;230;230;246m▀[38;2;65;82;98;48;2;213;205;238m▀[48;2;230;230;246m▀[48;2;213;205;238m▀[48;2;230;230;246m▀▀▀▀[38;2;213;205;238m▀[38;2;230;230;246m▀▀▀▀▀▀▀▀▀▀▀▀▀▀▀▀▀[38;2;16;16;16;48;2;16;16;16m▀[0m
[0m            [38;2;65;82;98;48;2;16;16;16m▀[38;2;230;230;246;48;2;230;230;246m▀▀▀[38;2;213;205;238m▀[48;2;213;205;238m▀▀▀▀▀▀▀▀▀▀▀▀▀▀▀▀▀▀▀▀[48;2;230;230;246m▀[38;2;230;230;246;48;2;213;205;238m▀[38;2;213;205;238;48;2;230;230;246m▀[38;2;230;230;246;48;2;213;205;238m▀[38;2;213;205;238;48;2;230;230;246m▀[38;2;230;230;246m▀▀▀▀▀▀▀▀▀▀▀▀▀▀▀▀▀▀▀▀▀▀[38;2;213;205;238;48;2;16;16;16m▀[38;2;16;16;16;49m▀[0m
[0m          [38;2;65;82;98m▄[38;2;16;16;16;48;2;230;230;246m▀[48;2;16;16;16m▀[38;2;230;230;246;48;2;230;230;246m▀▀▀▀▀[38;2;213;205;238m▀[48;2;213;205;238m▀▀▀▀▀▀▀▀▀▀▀▀▀▀▀[38;2;156;164;189;48;2;108;123;161m▀[38;2;213;205;238;48;2;213;205;238m▀▀▀▀▀[38;2;230;230;246m▀[38;2;213;205;238m▀[38;2;230;230;246;48;2;230;230;246m▀▀▀▀▀▀▀▀▀▀▀▀▀▀▀▀▀▀▀▀▀[48;2;213;205;238m▀[38;2;16;16;16;48;2;16;16;16m▀[0m
[0m         [38;2;108;123;161;48;2;65;82;98m▀[38;2;213;205;238;48;2;230;230;246m▀[38;2;230;230;246m▀[38;2;16;16;16;48;2;16;16;16m▀[38;2;230;230;246;48;2;230;230;246m▀▀▀▀▀▀▀[38;2;213;205;238m▀[48;2;213;205;238m▀▀▀▀▀▀▀▀▀▀▀[38;2;65;82;98m▀▀[38;2;213;205;238;48;2;65;82;98m▀[38;2;108;123;161m▀[38;2;213;205;238;48;2;108;123;161m▀[48;2;213;205;238m▀▀▀▀▀▀[38;2;230;230;246m▀[48;2;230;230;246m▀[48;2;156;164;189m▀▀▀[48;2;230;230;246m▀▀▀▀▀▀▀▀▀▀▀▀▀[48;2;213;205;238m▀[38;2;213;205;238m▀[38;2;16;16;16;48;2;16;16;16m▀[0m
[0m       [38;2;108;123;161m▄[38;2;65;82;98;48;2;230;230;246m▀[38;2;230;230;246m▀▀[48;2;65;82;98m▀[38;2;16;16;16m▀[38;2;230;230;246;48;2;213;205;238m▀[48;2;230;230;246m▀▀▀▀▀▀▀▀▀[38;2;213;205;238m▀▀▀[38;2;108;123;161;48;2;108;123;161m▀[38;2;213;205;238;48;2;213;205;238m▀▀[48;2;156;164;189m▀[38;2;230;230;246;48;2;230;230;246m▀[38;2;213;205;238m▀[48;2;213;205;238m▀▀[48;2;156;164;189m▀[48;2;213;205;238m▀[38;2;156;164;189m▀[38;2;108;123;161m▀[38;2;65;82;98m▀▀[38;2;108;123;161;48;2;230;230;246m▀▀▀[38;2;156;164;189m▀▀[38;2;230;230;246m▀▀▀[38;2;108;123;161;48;2;16;16;16m▀[38;2;230;230;246;48;2;230;230;246m▀▀▀▀▀▀▀▀▀[48;2;213;205;238m▀▀[38;2;213;205;238m▀▀[48;2;16;16;16m▀[38;2;16;16;16;49m▀[0m
[0m   [38;2;108;123;161m▄▄[48;2;230;230;246m▀▀[38;2;230;230;246m▀▀▀[48;2;65;82;98m▀[38;2;65;82;98;48;2;213;205;238m▀[38;2;213;205;238m▀[38;2;65;82;98;48;2;16;16;16m▀[38;2;230;230;246;48;2;230;230;246m▀▀▀▀▀▀▀▀▀▀▀▀[38;2;65;82;98m▀[38;2;213;205;238;48;2;108;123;161m▀[48;2;213;205;238m▀[38;2;108;123;161m▀[38;2;213;205;238;48;2;108;123;161m▀[38;2;230;230;246;48;2;230;230;246m▀▀▀▀[38;2;108;123;161m▀▀[38;2;213;205;238;48;2;108;123;161m▀▀[38;2;230;230;246;48;2;156;164;189m▀[48;2;213;205;238m▀[48;2;230;230;246m▀▀▀▀▀▀[48;2;16;16;16m▀[38;2;16;16;16;48;2;213;205;238m▀[38;2;213;205;238m▀[38;2;230;230;246m▀▀▀▀▀▀[38;2;213;205;238m▀▀▀▀▀[48;2;16;16;16m▀[38;2;16;16;16;49m▀[0m
[38;2;156;164;189;49m▄[48;2;230;230;246m▀▀[38;2;230;230;246m▀▀▀[48;2;213;205;238m▀[48;2;156;164;189m▀[38;2;213;205;238m▀[38;2;108;123;161;48;2;213;205;238m▀[38;2;213;205;238m▀▀▀[38;2;16;16;16;48;2;16;16;16m▀[38;2;230;230;246;48;2;213;205;238m▀[48;2;230;230;246m▀▀▀▀▀▀▀▀▀▀▀▀[38;2;65;82;98;48;2;65;82;98m▀[38;2;213;205;238;48;2;213;205;238m▀▀[38;2;108;123;161m▀[38;2;213;205;238;48;2;108;123;161m▀[38;2;230;230;246;48;2;230;230;246m▀▀▀▀▀▀▀[38;2;213;205;238m▀[38;2;156;164;189m▀▀▀[38;2;213;205;238m▀[38;2;230;230;246m▀▀▀[38;2;65;82;98m▀[38;2;213;205;238;48;2;65;82;98m▀[48;2;213;205;238m▀▀▀▀▀▀▀▀▀▀▀[48;2;16;16;16m▀[38;2;16;16;16;49m▀[0m
[38;2;65;82;98;49m▀[38;2;230;230;246;48;2;65;82;98m▀[48;2;108;123;161m▀[38;2;213;205;238m▀[48;2;65;82;98m▀[48;2;213;205;238m▀[38;2;156;164;189m▀[38;2;213;205;238m▀▀▀▀▀▀[38;2;65;82;98;48;2;108;123;161m▀[38;2;16;16;16;48;2;16;16;16m▀[38;2;230;230;246;48;2;213;205;238m▀[48;2;230;230;246m▀▀▀▀▀▀▀▀▀▀▀▀[38;2;65;82;98;48;2;65;82;98m▀[38;2;213;205;238;48;2;213;205;238m▀▀▀[38;2;156;164;189m▀[38;2;230;230;246;48;2;156;164;189m▀[48;2;230;230;246m▀▀▀▀▀▀▀▀▀▀▀▀▀▀▀[38;2;65;82;98m▀▀[38;2;213;205;238;48;2;65;82;98m▀[48;2;213;205;238m▀▀▀▀▀▀▀[38;2;108;123;161;48;2;16;16;16m▀[38;2;16;16;16;49m▀[0m
[0m    [38;2;65;82;98;48;2;65;82;98m▀[38;2;213;205;238;48;2;213;205;238m▀▀▀▀▀▀[48;2;108;123;161m▀[38;2;108;123;161;48;2;213;205;238m▀[38;2;213;205;238m▀[38;2;230;230;246;48;2;230;230;246m▀[38;2;16;16;16;48;2;65;82;98m▀[38;2;213;205;238;48;2;230;230;246m▀[38;2;230;230;246;48;2;213;205;238m▀[48;2;230;230;246m▀[48;2;213;205;238m▀[48;2;230;230;246m▀▀▀▀▀[48;2;213;205;238m▀▀[38;2;213;205;238m▀▀[38;2;65;82;98;48;2;65;82;98m▀[38;2;213;205;238;48;2;213;205;238m▀▀▀▀[38;2;156;164;189m▀[38;2;230;230;246m▀[48;2;230;230;246m▀▀[48;2;213;205;238m▀[48;2;230;230;246m▀▀▀▀▀▀▀▀▀▀▀▀[38;2;16;16;16;48;2;16;16;16m▀[38;2;213;205;238;48;2;213;205;238m▀▀▀▀▀[48;2;16;16;16m▀[38;2;16;16;16;49m▀[0m
[0m    [38;2;65;82;98m▀[38;2;213;205;238;48;2;65;82;98m▀[48;2;16;16;16m▀▀[48;2;213;205;238m▀▀[48;2;156;164;189m▀[38;2;156;164;189;48;2;213;205;238m▀[38;2;213;205;238m▀[38;2;230;230;246;48;2;230;230;246m▀[38;2;16;16;16;48;2;16;16;16m▀[0m [38;2;16;16;16m▀[38;2;230;230;246;48;2;16;16;16m▀[38;2;213;205;238;48;2;230;230;246m▀[38;2;230;230;246;48;2;213;205;238m▀[38;2;213;205;238;48;2;230;230;246m▀[38;2;230;230;246;48;2;213;205;238m▀[38;2;213;205;238;48;2;230;230;246m▀[38;2;230;230;246;48;2;213;205;238m▀[38;2;213;205;238m▀▀▀▀▀[38;2;65;82;98m▀[38;2;156;164;189;48;2;65;82;98m▀[38;2;213;205;238;48;2;213;205;238m▀▀▀▀▀▀[38;2;230;230;246m▀▀[38;2;156;164;189;48;2;230;230;246m▀▀[38;2;230;230;246;48;2;156;164;189m▀▀▀[48;2;230;230;246m▀▀▀▀▀▀[48;2;65;82;98m▀[38;2;16;16;16;48;2;213;205;238m▀[38;2;213;205;238m▀▀▀[48;2;16;16;16m▀[38;2;16;16;16;49m▀[0m
[0m        [38;2;16;16;16m▀[38;2;213;205;238;48;2;16;16;16m▀[38;2;156;164;189m▀[38;2;16;16;16;49m▀▀▀[0m    [38;2;16;16;16m▀[38;2;213;205;238;48;2;16;16;16m▀[48;2;213;205;238m▀[38;2;230;230;246m▀[38;2;213;205;238m▀▀▀▀▀▀▀▀▀[38;2;65;82;98m▀[38;2;213;205;238;48;2;16;16;16m▀▀[48;2;213;205;238m▀▀▀▀▀▀▀▀▀▀[38;2;156;164;189m▀[38;2;108;123;161m▀▀▀[38;2;156;164;189m▀[38;2;230;230;246;48;2;16;16;16m▀[38;2;16;16;16;48;2;213;205;238m▀[38;2;213;205;238;48;2;16;16;16m▀▀[38;2;16;16;16;49m▀▀[0m
[0m                    [38;2;16;16;16m▀▀[38;2;213;205;238;48;2;16;16;16m▀▀▀[48;2;213;205;238m▀▀▀▀▀▀▀▀▀[38;2;16;16;16m▀[38;2;213;205;238;48;2;16;16;16m▀[48;2;213;205;238m▀▀▀▀▀▀▀▀▀▀▀▀[38;2;16;16;16;48;2;16;16;16m▀[49m▀▀[0m
[0m                         [38;2;16;16;16m▀▀▀▀[38;2;213;205;238;48;2;16;16;16m▀▀▀▀[48;2;65;82;98m▀▀▀[38;2;16;16;16m▀▀[38;2;213;205;238;48;2;16;16;16m▀▀[48;2;213;205;238m▀▀▀▀▀▀▀▀▀[38;2;16;16;16;48;2;16;16;16m▀[0m
[0m                                        [38;2;16;16;16m▀▀[38;2;213;205;238;48;2;16;16;16m▀▀[48;2;213;205;238m▀▀▀▀[48;2;16;16;16m▀[38;2;16;16;16;49m▀[0m
[0m                                            [38;2;16;16;16m▀▀▀▀[0m
