[0m                                                          [38;2;148;74;156m▄▄▄[48;2;238;172;230m▀▀▀▀▀▀[49m▄▄▄[0m
[0m                                                     [38;2;90;49;115m▄▄▄[48;2;189;123;189m▀▀[38;2;189;123;189;48;2;238;172;230m▀[38;2;238;172;230m▀▀▀▀▀▀▀▀▀▀▀[38;2;148;74;156m▀[48;2;205;139;197m▀[49m▄[38;2;16;16;16m▄[0m
[0m                                                [38;2;90;49;115m▄[48;2;238;172;230m▀▀▀▀[38;2;189;123;189;48;2;205;139;197m▀▀[48;2;189;123;189m▀[48;2;148;74;156m▀[38;2;148;74;156;48;2;205;139;197m▀[38;2;238;172;230m▀[48;2;238;172;230m▀▀▀▀▀▀▀▀▀▀▀[48;2;189;123;189m▀[38;2;205;139;197;48;2;205;139;197m▀▀▀[38;2;16;16;16m▀[49m▄[0m
[0m                                               [38;2;90;49;115;48;2;90;49;115m▀[38;2;238;172;230;48;2;205;139;197m▀[48;2;238;172;230m▀▀▀[48;2;205;139;197m▀[38;2;205;139;197m▀[48;2;189;123;189m▀[38;2;189;123;189;48;2;148;74;156m▀[38;2;148;74;156;48;2;189;123;189m▀[38;2;189;123;189m▀[38;2;205;139;197m▀[48;2;205;139;197m▀▀▀▀[48;2;189;123;189m▀▀[38;2;238;172;230m▀[48;2;238;172;230m▀▀▀▀[38;2;189;123;189;48;2;205;139;197m▀[38;2;205;139;197;48;2;148;74;156m▀[48;2;205;139;197m▀▀▀▀[38;2;16;16;16;48;2;16;16;16m▀[0m
[0m                                               [38;2;90;49;115m▀[38;2;148;74;156;48;2;16;16;16m▀▀[38;2;205;139;197;48;2;148;74;156m▀▀[38;2;189;123;189m▀▀[38;2;148;74;156m▀[48;2;205;139;197m▀[38;2;189;123;189;48;2;238;172;230m▀[48;2;205;139;197m▀▀[48;2;189;123;189m▀▀▀▀[48;2;148;74;156m▀▀[48;2;189;123;189m▀[38;2;205;139;197m▀[38;2;238;172;230;48;2;205;139;197m▀▀[38;2;205;139;197m▀▀[38;2;189;123;189m▀[38;2;148;74;156;48;2;148;74;156m▀[38;2;205;139;197;48;2;205;139;197m▀▀[48;2;148;74;156m▀[48;2;205;139;197m▀[38;2;16;16;16;48;2;16;16;16m▀[0m
[0m                                                  [38;2;16;16;16m▀▀[48;2;90;49;115m▀[38;2;90;49;115;48;2;189;123;189m▀[38;2;189;123;189;48;2;238;172;230m▀[38;2;238;172;230m▀▀▀[38;2;205;139;197m▀[48;2;205;139;197m▀[38;2;189;123;189;48;2;189;123;189m▀▀[38;2;148;74;156;48;2;16;16;16m▀[38;2;16;16;16;48;2;189;123;189m▀▀[38;2;189;123;189;48;2;16;16;16m▀[48;2;189;123;189m▀[38;2;205;139;197;48;2;205;139;197m▀▀▀▀▀[38;2;189;123;189;48;2;189;123;189m▀[38;2;148;74;156;48;2;90;49;115m▀[38;2;189;123;189;48;2;189;123;189m▀[38;2;90;49;115;48;2;16;16;16m▀[38;2;205;139;197;48;2;205;139;197m▀[38;2;16;16;16;48;2;16;16;16m▀[0m
[0m                                [38;2;90;49;115m▄▄▄[48;2;189;123;189m▀▀▀▀▀▀▀▀▀[48;2;148;74;156m▀[49m▄▄▄[0m    [38;2;90;49;115;48;2;90;49;115m▀[38;2;189;123;189;48;2;148;74;156m▀[38;2;238;172;230;48;2;189;123;189m▀[48;2;238;172;230m▀▀▀[48;2;205;139;197m▀[38;2;205;139;197;48;2;189;123;189m▀[38;2;189;123;189;48;2;16;16;16m▀[38;2;16;16;16;48;2;189;123;189m▀[38;2;189;123;189m▀▀▀[38;2;16;16;16m▀[38;2;148;74;156;48;2;16;16;16m▀[38;2;189;123;189;48;2;189;123;189m▀[38;2;205;139;197m▀▀▀[38;2;189;123;189m▀▀[38;2;16;16;16;48;2;16;16;16m▀[38;2;148;74;156m▀[38;2;16;16;16;48;2;205;139;197m▀[38;2;205;139;197m▀[38;2;16;16;16;48;2;16;16;16m▀[0m
[0m                             [38;2;90;49;115m▄[48;2;148;74;156m▀[48;2;189;123;189m▀[38;2;148;74;156;48;2;205;139;197m▀[38;2;189;123;189m▀[38;2;205;139;197m▀▀▀▀▀▀[38;2;189;123;189m▀[48;2;189;123;189m▀▀▀▀▀▀[38;2;148;74;156m▀[38;2;90;49;115m▀[48;2;148;74;156m▀[38;2;16;16;16;49m▄[0m  [38;2;16;16;16m▀[38;2;148;74;156;48;2;16;16;16m▀▀▀▀▀[38;2;16;16;16;48;2;189;123;189m▀[38;2;189;123;189m▀▀▀▀▀▀[38;2;16;16;16m▀[38;2;148;74;156;48;2;16;16;16m▀[38;2;189;123;189;48;2;148;74;156m▀▀▀▀[38;2;148;74;156;48;2;16;16;16m▀[38;2;16;16;16;48;2;189;123;189m▀[38;2;205;139;197;48;2;205;139;197m▀▀[38;2;16;16;16;48;2;16;16;16m▀[0m
[0m                          [38;2;90;49;115m▄[48;2;148;74;156m▀[48;2;189;123;189m▀[38;2;148;74;156;48;2;148;74;156m▀▀[38;2;205;139;197m▀[48;2;189;123;189m▀▀▀[48;2;148;74;156m▀▀[38;2;189;123;189;48;2;189;123;189m▀[48;2;205;139;197m▀▀[38;2;205;139;197m▀▀[38;2;189;123;189;48;2;189;123;189m▀▀▀▀▀▀▀▀▀[38;2;16;16;16m▀[49m▄[0m     [38;2;90;49;115;48;2;90;49;115m▀[38;2;148;74;156;48;2;148;74;156m▀[38;2;189;123;189m▀[48;2;189;123;189m▀▀▀▀▀▀▀[38;2;16;16;16m▀▀▀▀[38;2;189;123;189m▀[38;2;205;139;197;48;2;205;139;197m▀[48;2;148;74;156m▀[38;2;148;74;156;48;2;16;16;16m▀[38;2;16;16;16;49m▀[0m
[0m                        [38;2;90;49;115m▄[48;2;189;123;189m▀[38;2;189;123;189;48;2;205;139;197m▀[38;2;205;139;197m▀▀[38;2;189;123;189m▀[38;2;148;74;156;48;2;189;123;189m▀▀▀▀▀[38;2;189;123;189;48;2;205;139;197m▀▀[38;2;205;139;197m▀▀▀[48;2;189;123;189m▀▀[38;2;189;123;189m▀▀▀▀▀▀▀▀▀▀▀[38;2;16;16;16m▀[49m▄[0m  [38;2;90;49;115m▄[48;2;148;74;156m▀[38;2;148;74;156m▀▀▀[38;2;189;123;189m▀▀[48;2;189;123;189m▀▀▀▀[48;2;148;74;156m▀▀▀[38;2;148;74;156m▀▀▀▀[38;2;16;16;16;48;2;16;16;16m▀[0m
[0m                      [38;2;90;49;115m▄[48;2;148;74;156m▀[38;2;148;74;156m▀[38;2;189;123;189m▀[38;2;205;139;197;48;2;189;123;189m▀[48;2;205;139;197m▀▀▀▀▀▀▀▀[48;2;189;123;189m▀[48;2;148;74;156m▀[38;2;148;74;156;48;2;90;49;115m▀[38;2;189;123;189;48;2;189;123;189m▀[48;2;90;49;115m▀▀▀[38;2;90;49;115;48;2;172;180;189m▀▀▀[48;2;148;74;156m▀[38;2;148;74;156;48;2;90;49;115m▀[38;2;189;123;189m▀[48;2;148;74;156m▀▀[48;2;189;123;189m▀▀[48;2;148;74;156m▀▀[48;2;189;123;189m▀[38;2;16;16;16;48;2;90;49;115m▀[38;2;90;49;115;48;2;148;74;156m▀[38;2;148;74;156m▀[38;2;189;123;189;48;2;189;123;189m▀▀[38;2;148;74;156;48;2;148;74;156m▀▀▀▀▀▀▀▀▀▀▀▀[48;2;205;139;197m▀▀[38;2;205;139;197m▀[38;2;16;16;16;48;2;16;16;16m▀[0m
[0m                    [38;2;90;49;115m▄[48;2;148;74;156m▀[38;2;148;74;156m▀▀▀▀▀▀[38;2;189;123;189m▀[38;2;205;139;197;48;2;189;123;189m▀▀▀[38;2;189;123;189;48;2;148;74;156m▀▀▀[38;2;148;74;156m▀▀▀[38;2;90;49;115m▀[38;2;172;180;189m▀[38;2;255;255;255m▀[38;2;16;16;16m▀[38;2;255;255;255m▀▀▀[38;2;148;74;156;48;2;189;123;189m▀▀▀▀[48;2;148;74;156m▀▀▀[48;2;189;123;189m▀[38;2;189;123;189m▀▀▀[38;2;148;74;156;48;2;148;74;156m▀▀[38;2;189;123;189;48;2;189;123;189m▀▀▀▀[38;2;148;74;156m▀▀▀▀▀▀▀▀[38;2;189;123;189m▀▀[38;2;205;139;197;48;2;205;139;197m▀▀[38;2;16;16;16;48;2;16;16;16m▀[0m
[0m                   [38;2;90;49;115;48;2;90;49;115m▀[38;2;148;74;156;48;2;148;74;156m▀▀▀[48;2;189;123;189m▀▀▀[48;2;148;74;156m▀▀▀▀▀▀▀▀▀[48;2;189;123;189m▀▀[38;2;189;123;189m▀▀▀▀▀▀▀▀▀▀▀▀▀▀▀▀▀▀▀[38;2;148;74;156;48;2;148;74;156m▀▀▀[38;2;189;123;189;48;2;189;123;189m▀▀▀▀▀▀▀▀▀▀▀[48;2;205;139;197m▀[38;2;205;139;197m▀▀[48;2;16;16;16m▀[38;2;16;16;16;49m▀[0m
[0m                  [38;2;90;49;115;48;2;90;49;115m▀[38;2;148;74;156;48;2;148;74;156m▀▀[48;2;90;49;115m▀[48;2;148;74;156m▀[38;2;189;123;189m▀▀[48;2;189;123;189m▀▀▀[38;2;148;74;156m▀▀▀▀▀[38;2;189;123;189m▀▀[48;2;90;49;115m▀▀▀▀[48;2;205;139;197m▀[48;2;189;123;189m▀▀▀[48;2;205;139;197m▀[38;2;205;139;197;48;2;90;49;115m▀[38;2;90;49;115;48;2;16;16;16m▀▀[38;2;148;74;156;48;2;90;49;115m▀[38;2;189;123;189;48;2;148;74;156m▀[48;2;189;123;189m▀▀▀▀▀▀▀▀[38;2;148;74;156m▀[48;2;148;74;156m▀▀▀[38;2;189;123;189m▀▀[48;2;189;123;189m▀▀▀▀▀[48;2;148;74;156m▀[38;2;205;139;197m▀[38;2;148;74;156m▀[48;2;16;16;16m▀[38;2;16;16;16;49m▀[0m
[0m                  [38;2;90;49;115m▀[38;2;148;74;156;48;2;16;16;16m▀[48;2;148;74;156m▀▀[38;2;90;49;115m▀[38;2;148;74;156;48;2;90;49;115m▀[48;2;16;16;16m▀▀▀[48;2;90;49;115m▀[38;2;189;123;189m▀▀▀▀▀[38;2;90;49;115;48;2;16;16;16m▀▀[38;2;16;16;16m▀▀▀▀[38;2;90;49;115;48;2;90;49;115m▀[38;2;205;139;197;48;2;205;139;197m▀▀▀[38;2;90;49;115;48;2;90;49;115m▀[38;2;16;16;16;48;2;16;16;16m▀▀▀▀[38;2;90;49;115;48;2;90;49;115m▀[38;2;148;74;156;48;2;148;74;156m▀▀▀▀▀▀[38;2;189;123;189m▀▀[48;2;189;123;189m▀▀[38;2;148;74;156m▀[48;2;148;74;156m▀▀▀▀▀▀▀▀▀▀[38;2;16;16;16;48;2;16;16;16m▀[0m
[0m                  [38;2;90;49;115m▄[38;2;16;16;16;48;2;148;74;156m▀[38;2;148;74;156;48;2;16;16;16m▀▀[48;2;148;74;156m▀▀[38;2;90;49;115m▀[38;2;16;16;16;48;2;90;49;115m▀[48;2;16;16;16m▀▀▀▀▀▀▀▀▀▀▀▀▀▀[38;2;90;49;115;48;2;90;49;115m▀[38;2;205;139;197;48;2;205;139;197m▀[48;2;90;49;115m▀[38;2;90;49;115;48;2;16;16;16m▀[38;2;16;16;16m▀▀▀▀[38;2;90;49;115m▀[38;2;148;74;156;48;2;90;49;115m▀[48;2;189;123;189m▀▀▀▀▀▀[48;2;148;74;156m▀▀[38;2;189;123;189m▀▀[48;2;189;123;189m▀▀[38;2;148;74;156m▀▀▀▀▀[38;2;189;123;189;48;2;205;139;197m▀[38;2;205;139;197m▀▀[38;2;16;16;16;48;2;16;16;16m▀[0m
[0m                [38;2;90;49;115m▄[48;2;205;139;197m▀[38;2;205;139;197m▀▀▀▀[38;2;16;16;16;48;2;189;123;189m▀[38;2;148;74;156;48;2;16;16;16m▀[48;2;148;74;156m▀▀[38;2;90;49;115;48;2;90;49;115m▀[38;2;16;16;16;48;2;16;16;16m▀▀▀▀▀▀▀▀▀▀▀▀▀[38;2;90;49;115;48;2;90;49;115m▀[38;2;205;139;197;48;2;205;139;197m▀[38;2;90;49;115;48;2;90;49;115m▀[38;2;16;16;16;48;2;65;74;90m▀▀▀▀[48;2;16;16;16m▀▀[38;2;90;49;115m▀[38;2;189;123;189;48;2;90;49;115m▀[48;2;189;123;189m▀▀▀▀▀▀▀▀▀▀▀▀▀▀[48;2;205;139;197m▀[38;2;205;139;197;48;2;16;16;16m▀[38;2;16;16;16;49m▀▀▀[0m
[0m            [38;2;90;49;115m▄▄[48;2;148;74;156m▀▀[38;2;148;74;156m▀▀[38;2;205;139;197m▀[48;2;205;139;197m▀▀[48;2;189;123;189m▀[38;2;189;123;189m▀[38;2;16;16;16;48;2;16;16;16m▀[38;2;148;74;156;48;2;148;74;156m▀▀[38;2;90;49;115;48;2;90;49;115m▀[38;2;16;16;16;48;2;16;16;16m▀▀▀▀▀▀▀[48;2;65;74;90m▀▀▀[38;2;65;74;90;48;2;131;139;156m▀▀▀[38;2;90;49;115;48;2;90;49;115m▀[38;2;205;139;197;48;2;205;139;197m▀[38;2;90;49;115;48;2;90;49;115m▀[38;2;131;139;156;48;2;131;139;156m▀▀▀▀[38;2;65;74;90m▀▀[38;2;16;16;16;48;2;65;74;90m▀[38;2;90;49;115;48;2;90;49;115m▀[38;2;189;123;189;48;2;189;123;189m▀▀▀▀▀▀[48;2;148;74;156m▀[38;2;148;74;156m▀▀▀▀[38;2;189;123;189m▀▀[48;2;189;123;189m▀[38;2;205;139;197;48;2;16;16;16m▀[38;2;16;16;16;48;2;189;123;189m▀[49m▄[0m
[0m         [38;2;90;49;115m▄[48;2;205;139;197m▀▀[38;2;205;139;197m▀▀▀[38;2;148;74;156m▀[48;2;148;74;156m▀▀▀▀[38;2;205;139;197m▀[38;2;189;123;189m▀[48;2;16;16;16m▀[38;2;16;16;16;48;2;205;139;197m▀[38;2;148;74;156;48;2;148;74;156m▀[38;2;90;49;115;48;2;16;16;16m▀[38;2;16;16;16m▀▀▀▀▀[48;2;65;74;90m▀[38;2;65;74;90;48;2;131;139;156m▀[48;2;172;180;189m▀[38;2;131;139;156m▀▀▀▀[48;2;131;139;156m▀▀[38;2;90;49;115;48;2;90;49;115m▀[38;2;205;139;197;48;2;205;139;197m▀[38;2;90;49;115;48;2;90;49;115m▀[38;2;131;139;156;48;2;131;139;156m▀▀▀▀▀▀[38;2;90;49;115;48;2;90;49;115m▀[38;2;148;74;156;48;2;148;74;156m▀[38;2;189;123;189m▀▀▀[38;2;148;74;156m▀▀▀[48;2;189;123;189m▀▀▀[38;2;189;123;189m▀▀▀▀▀▀▀▀[38;2;16;16;16;48;2;16;16;16m▀[0m
[0m       [38;2;90;49;115m▄[48;2;148;74;156m▀[38;2;148;74;156m▀▀▀[38;2;205;139;197m▀▀[48;2;205;139;197m▀▀▀[38;2;148;74;156m▀[48;2;148;74;156m▀▀▀[48;2;16;16;16m▀[38;2;16;16;16;48;2;205;139;197m▀[38;2;205;139;197m▀[38;2;90;49;115;48;2;16;16;16m▀[38;2;16;16;16m▀▀▀▀[48;2;65;74;90m▀[38;2;65;74;90;48;2;131;139;156m▀[38;2;131;139;156;48;2;172;180;189m▀[38;2;172;180;189m▀▀▀▀▀▀▀[48;2;90;49;115m▀[38;2;90;49;115;48;2;205;139;197m▀[38;2;205;139;197m▀▀[38;2;90;49;115;48;2;90;49;115m▀[38;2;131;139;156;48;2;131;139;156m▀▀▀▀[38;2;90;49;115;48;2;90;49;115m▀[38;2;148;74;156;48;2;189;123;189m▀[48;2;148;74;156m▀▀▀[48;2;189;123;189m▀▀▀[38;2;189;123;189;48;2;90;49;115m▀▀▀[48;2;189;123;189m▀▀▀▀▀▀[48;2;90;49;115m▀[38;2;90;49;115;48;2;148;74;156m▀▀[38;2;148;74;156;48;2;189;123;189m▀[38;2;16;16;16m▀[49m▄▄[0m
[0m      [38;2;90;49;115;48;2;90;49;115m▀[38;2;148;74;156;48;2;148;74;156m▀▀▀▀▀▀▀▀[38;2;205;139;197m▀▀[48;2;205;139;197m▀▀[38;2;148;74;156;48;2;189;123;189m▀▀[38;2;16;16;16;48;2;16;16;16m▀[38;2;205;139;197;48;2;205;139;197m▀▀[38;2;16;16;16;48;2;16;16;16m▀▀▀▀[38;2;65;74;90;48;2;65;74;90m▀[38;2;131;139;156;48;2;172;180;189m▀[38;2;172;180;189m▀▀▀▀▀▀▀▀▀[38;2;90;49;115;48;2;90;49;115m▀[38;2;205;139;197;48;2;205;139;197m▀[48;2;189;123;189m▀▀▀[38;2;90;49;115;48;2;205;139;197m▀[38;2;131;139;156;48;2;90;49;115m▀▀[38;2;90;49;115;48;2;189;123;189m▀[38;2;148;74;156m▀[38;2;189;123;189m▀▀▀▀▀[48;2;90;49;115m▀[38;2;90;49;115;48;2;148;74;156m▀[38;2;148;74;156m▀▀▀[38;2;90;49;115m▀[38;2;189;123;189;48;2;90;49;115m▀▀▀[38;2;90;49;115;48;2;148;74;156m▀▀[38;2;148;74;156;48;2;189;123;189m▀[38;2;189;123;189m▀▀▀▀[48;2;148;74;156m▀[38;2;148;74;156m▀[38;2;16;16;16m▀[49m▄[0m
[0m      [38;2;90;49;115m▀[38;2;148;74;156;48;2;90;49;115m▀[38;2;90;49;115;48;2;148;74;156m▀▀▀[38;2;148;74;156;48;2;90;49;115m▀▀[48;2;148;74;156m▀▀▀▀[38;2;205;139;197m▀[38;2;189;123;189;48;2;189;123;189m▀▀▀[38;2;16;16;16;48;2;148;74;156m▀[38;2;205;139;197;48;2;16;16;16m▀[48;2;205;139;197m▀[38;2;16;16;16m▀[48;2;16;16;16m▀▀[38;2;65;74;90;48;2;65;74;90m▀[38;2;131;139;156;48;2;131;139;156m▀[38;2;172;180;189m▀▀▀▀▀▀[48;2;90;49;115m▀▀▀[38;2;90;49;115;48;2;205;139;197m▀[38;2;205;139;197;48;2;189;123;189m▀[38;2;189;123;189m▀▀▀▀▀▀▀▀▀▀▀▀[48;2;148;74;156m▀▀[38;2;148;74;156m▀▀[48;2;189;123;189m▀▀▀▀▀▀▀[38;2;189;123;189m▀▀▀[48;2;148;74;156m▀▀▀[38;2;148;74;156m▀▀[48;2;189;123;189m▀[38;2;189;123;189m▀▀[38;2;16;16;16m▀[49m▄[0m
[0m    [38;2;90;49;115m▄▄[48;2;148;74;156m▀[38;2;148;74;156;48;2;189;123;189m▀▀▀[48;2;148;74;156m▀▀▀▀▀▀▀▀[38;2;189;123;189m▀[48;2;189;123;189m▀▀▀[38;2;16;16;16m▀[38;2;205;139;197;48;2;16;16;16m▀[48;2;205;139;197m▀▀[38;2;90;49;115m▀▀▀▀▀▀▀▀▀[38;2;205;139;197m▀[48;2;189;123;189m▀▀[38;2;189;123;189m▀▀▀▀▀▀▀▀▀▀▀▀[38;2;148;74;156m▀▀▀▀▀[38;2;189;123;189m▀[48;2;205;139;197m▀▀[48;2;189;123;189m▀▀▀▀[48;2;148;74;156m▀▀[38;2;148;74;156m▀▀▀▀▀[48;2;189;123;189m▀[38;2;189;123;189m▀▀▀▀[38;2;148;74;156;48;2;148;74;156m▀[38;2;16;16;16;48;2;16;16;16m▀[0m
[0m [38;2;90;49;115m▄[48;2;189;123;189m▀▀[38;2;148;74;156m▀[38;2;189;123;189;48;2;205;139;197m▀▀▀▀[48;2;189;123;189m▀▀▀[38;2;148;74;156m▀[48;2;148;74;156m▀▀▀▀[48;2;16;16;16m▀[48;2;148;74;156m▀[38;2;189;123;189m▀▀[48;2;189;123;189m▀▀▀[38;2;16;16;16m▀[38;2;205;139;197;48;2;16;16;16m▀[48;2;189;123;189m▀▀▀▀▀▀▀[38;2;189;123;189m▀▀▀▀▀▀[48;2;16;16;16m▀▀[38;2;16;16;16;48;2;189;123;189m▀[38;2;189;123;189m▀▀[48;2;205;139;197m▀▀[38;2;205;139;197m▀▀▀[38;2;189;123;189m▀[48;2;189;123;189m▀▀▀[48;2;205;139;197m▀▀[38;2;205;139;197m▀[48;2;189;123;189m▀[38;2;189;123;189m▀▀▀▀[48;2;148;74;156m▀[38;2;148;74;156m▀[48;2;189;123;189m▀[38;2;189;123;189m▀▀▀▀▀▀▀▀[48;2;148;74;156m▀[38;2;148;74;156;48;2;16;16;16m▀[38;2;16;16;16;49m▀[0m
[38;2;90;49;115;48;2;90;49;115m▀[38;2;148;74;156;48;2;148;74;156m▀[48;2;205;139;197m▀[38;2;205;139;197m▀▀▀▀▀▀▀[38;2;189;123;189;48;2;189;123;189m▀▀▀[38;2;148;74;156m▀[48;2;148;74;156m▀[48;2;90;49;115m▀[38;2;90;49;115;49m▀[38;2;16;16;16m▀[38;2;148;74;156;48;2;16;16;16m▀[48;2;148;74;156m▀▀▀[38;2;189;123;189m▀▀[48;2;189;123;189m▀▀[38;2;16;16;16m▀▀▀[38;2;189;123;189;48;2;16;16;16m▀▀▀▀▀▀[38;2;16;16;16;48;2;189;123;189m▀▀▀▀[38;2;189;123;189m▀[38;2;205;139;197;48;2;148;74;156m▀▀▀▀[38;2;148;74;156m▀▀▀▀[38;2;205;139;197m▀▀[48;2;205;139;197m▀▀▀▀[48;2;189;123;189m▀▀[38;2;189;123;189m▀▀▀▀▀▀▀[48;2;148;74;156m▀▀[48;2;16;16;16m▀[38;2;148;74;156m▀▀▀▀[38;2;16;16;16;49m▀▀▀[0m
[38;2;90;49;115;49m▀[38;2;148;74;156;48;2;16;16;16m▀[38;2;205;139;197;48;2;205;139;197m▀▀▀▀▀[48;2;148;74;156m▀▀[38;2;189;123;189m▀[48;2;189;123;189m▀▀▀▀[38;2;90;49;115;48;2;90;49;115m▀[0m    [38;2;16;16;16;48;2;16;16;16m▀[38;2;148;74;156;48;2;148;74;156m▀▀▀▀▀▀[38;2;189;123;189m▀▀▀▀▀▀▀▀▀▀[38;2;148;74;156m▀▀▀▀▀▀[48;2;189;123;189m▀▀▀▀▀▀[48;2;148;74;156m▀▀▀▀▀▀[48;2;189;123;189m▀▀[38;2;189;123;189m▀▀▀▀[48;2;148;74;156m▀[38;2;148;74;156m▀[48;2;16;16;16m▀▀[38;2;16;16;16;49m▀[0m
[0m  [38;2;16;16;16m▀[38;2;205;139;197;48;2;16;16;16m▀▀[38;2;148;74;156m▀[38;2;16;16;16;49m▀▀▀▀[38;2;148;74;156;48;2;16;16;16m▀[38;2;189;123;189m▀▀▀[38;2;16;16;16;49m▀[0m     [38;2;16;16;16m▀[38;2;148;74;156;48;2;16;16;16m▀[48;2;148;74;156m▀[48;2;189;123;189m▀▀[48;2;148;74;156m▀▀▀▀▀▀▀▀▀▀▀[48;2;189;123;189m▀▀[38;2;189;123;189m▀▀▀▀[48;2;148;74;156m▀[48;2;16;16;16m▀▀▀▀▀[48;2;148;74;156m▀[48;2;189;123;189m▀▀▀▀▀▀▀▀[48;2;148;74;156m▀[38;2;148;74;156;48;2;16;16;16m▀[38;2;16;16;16;49m▀▀▀[0m
[0m                      [38;2;16;16;16m▀▀[38;2;148;74;156;48;2;16;16;16m▀[38;2;189;123;189m▀[48;2;148;74;156m▀[48;2;189;123;189m▀[38;2;148;74;156m▀▀▀▀▀[38;2;189;123;189m▀▀▀▀▀[48;2;148;74;156m▀[48;2;16;16;16m▀[38;2;148;74;156m▀[38;2;16;16;16;49m▀▀[0m     [38;2;16;16;16m▀▀[38;2;148;74;156;48;2;16;16;16m▀[38;2;189;123;189m▀▀▀▀[38;2;148;74;156m▀[38;2;16;16;16;49m▀▀[0m
[0m                          [38;2;16;16;16m▀▀[38;2;148;74;156;48;2;16;16;16m▀[38;2;189;123;189m▀▀▀▀▀▀[38;2;148;74;156m▀[38;2;16;16;16;49m▀▀▀[0m
