[0m  [38;2;115;90;139m▄[48;2;222;222;246m▀▀[49m▄[0m
[0m  [38;2;74;57;98m▀[38;2;197;189;238;48;2;115;90;139m▀[38;2;222;222;246;48;2;197;189;238m▀▀[38;2;74;57;98m▀[49m▄[0m    [38;2;115;90;139m▄▄▄[48;2;156;139;197m▀▀▀[38;2;74;57;98m▀▀[48;2;115;90;139m▀▀[49m▄▄[38;2;115;90;139;48;2;74;57;98m▀[48;2;156;139;197m▀▀[38;2;74;57;98m▀▀[49m▄[0m  [38;2;115;90;139m▄▄[0m
[0m   [38;2;74;57;98m▀[38;2;197;189;238;48;2;74;57;98m▀[48;2;197;189;238m▀▀▀[38;2;74;57;98;48;2;156;139;197m▀[38;2;115;90;139;49m▄[48;2;156;139;197m▀[48;2;197;189;238m▀[38;2;156;139;197m▀[38;2;197;189;238m▀▀[48;2;115;90;139m▀[38;2;156;139;197m▀[38;2;115;90;139;48;2;197;189;238m▀▀▀[38;2;156;139;197m▀▀[48;2;156;139;197m▀▀▀[38;2;74;57;98m▀▀[38;2;156;139;197;48;2;74;57;98m▀[38;2;115;90;139;48;2;115;90;139m▀[38;2;74;57;98;48;2;74;57;98m▀[48;2;115;90;139m▀[38;2;115;90;139;48;2;222;222;246m▀[38;2;222;222;246m▀▀[38;2;115;90;139;48;2;74;57;98m▀[0m
[0m    [38;2;115;90;139m▀[38;2;156;139;197;48;2;74;57;98m▀[48;2;115;90;139m▀[38;2;115;90;139;48;2;156;139;197m▀[48;2;197;189;238m▀[38;2;197;189;238m▀▀▀[48;2;156;139;197m▀[38;2;156;139;197;48;2;115;90;139m▀[38;2;115;90;139;48;2;197;189;238m▀[38;2;197;189;238m▀▀▀▀▀▀[48;2;156;139;197m▀[48;2;115;90;139m▀[38;2;156;139;197m▀[38;2;115;90;139;48;2;156;139;197m▀▀[48;2;115;90;139m▀[48;2;156;139;197m▀[38;2;74;57;98;48;2;197;189;238m▀[38;2;197;189;238m▀[38;2;222;222;246m▀[38;2;197;189;238m▀[48;2;16;16;16m▀[38;2;74;57;98;48;2;156;139;197m▀[38;2;16;16;16m▀[49m▄[0m
[0m   [38;2;115;90;139m▄[48;2;156;139;197m▀[38;2;74;57;98;48;2;115;90;139m▀[38;2;156;139;197;48;2;197;189;238m▀[38;2;197;189;238m▀▀▀[48;2;156;139;197m▀[38;2;156;139;197;48;2;74;57;98m▀[38;2;74;57;98;48;2;197;189;238m▀[38;2;197;189;238m▀▀▀▀▀▀[48;2;156;139;197m▀[38;2;156;139;197;48;2;115;90;139m▀[38;2;115;90;139;48;2;197;189;238m▀[38;2;197;189;238m▀▀▀[38;2;156;139;197m▀[48;2;156;139;197m▀[38;2;197;189;238m▀[48;2;197;189;238m▀[48;2;156;139;197m▀[38;2;156;139;197;48;2;16;16;16m▀[38;2;16;16;16;48;2;74;57;98m▀[38;2;156;139;197;48;2;156;139;197m▀[48;2;115;90;139m▀[38;2;115;90;139;48;2;16;16;16m▀[38;2;16;16;16;49m▀[0m
[0m [38;2;115;90;139m▄[48;2;197;189;238m▀[38;2;156;139;197m▀[38;2;115;90;139;48;2;74;57;98m▀[38;2;197;189;238;48;2;156;139;197m▀[38;2;156;139;197m▀▀[48;2;115;90;139m▀▀[38;2;74;57;98;48;2;74;57;98m▀[38;2;115;90;139m▀[38;2;156;139;197m▀▀[48;2;115;90;139m▀[48;2;156;139;197m▀[38;2;197;189;238m▀▀[38;2;156;139;197;48;2;115;90;139m▀[38;2;74;57;98;48;2;156;139;197m▀[38;2;197;189;238;48;2;197;189;238m▀▀▀▀▀[48;2;156;139;197m▀[38;2;156;139;197m▀▀▀[38;2;16;16;16;48;2;115;90;139m▀[38;2;115;90;139m▀▀[38;2;74;57;98;48;2;74;57;98m▀[38;2;16;16;16;48;2;156;139;197m▀▀[49m▄[0m
[38;2;115;90;139;49m▄[48;2;156;139;197m▀[38;2;197;189;238;48;2;74;57;98m▀[38;2;156;139;197;48;2;115;90;139m▀[38;2;74;57;98;48;2;74;57;98m▀[48;2;156;139;197m▀[38;2;115;90;139m▀[38;2;156;139;197m▀[48;2;115;90;139m▀[48;2;74;57;98m▀[38;2;74;57;98m▀[38;2;156;139;197m▀▀▀[48;2;115;90;139m▀[48;2;156;139;197m▀[38;2;115;90;139m▀▀[38;2;74;57;98;48;2;74;57;98m▀[38;2;156;139;197m▀[48;2;156;139;197m▀▀▀▀▀▀▀▀▀▀[48;2;16;16;16m▀[38;2;16;16;16;48;2;115;90;139m▀[38;2;156;139;197;48;2;16;16;16m▀[38;2;115;90;139m▀▀[38;2;16;16;16;49m▀[0m
[38;2;74;57;98;48;2;16;16;16m▀[38;2;115;90;139;48;2;156;139;197m▀[38;2;156;139;197;48;2;115;90;139m▀[48;2;16;16;16m▀[38;2;115;90;139m▀[38;2;74;57;98m▀[48;2;222;222;246m▀▀[38;2;106;106;106m▀[38;2;16;16;16;48;2;16;16;16m▀▀▀▀▀[48;2;106;106;106m▀[38;2;115;90;139;48;2;222;222;246m▀[38;2;74;57;98m▀▀[48;2;115;90;139m▀[38;2;156;139;197m▀[38;2;115;90;139;48;2;156;139;197m▀▀[38;2;156;139;197;48;2;115;90;139m▀[48;2;156;139;197m▀▀▀▀[48;2;74;57;98m▀[38;2;115;90;139;48;2;16;16;16m▀[38;2;16;16;16;48;2;74;57;98m▀[38;2;115;90;139;48;2;115;90;139m▀[38;2;16;16;16;48;2;16;16;16m▀[0m
[0m [38;2;16;16;16m▀▀[0m  [38;2;16;16;16;48;2;16;16;16m▀[38;2;255;255;255;48;2;255;255;255m▀[48;2;16;16;16m▀[48;2;255;255;255m▀[38;2;16;16;16;48;2;16;16;16m▀▀▀▀▀[38;2;222;222;246;48;2;222;222;246m▀[48;2;255;255;255m▀▀▀▀[48;2;222;222;246m▀[38;2;115;90;139m▀[38;2;74;57;98;48;2;16;16;16m▀[38;2;156;139;197;48;2;74;57;98m▀[38;2;115;90;139;48;2;156;139;197m▀[38;2;156;139;197;48;2;115;90;139m▀[48;2;16;16;16m▀[38;2;16;16;16;48;2;115;90;139m▀[38;2;115;90;139;48;2;74;57;98m▀[48;2;156;139;197m▀[38;2;156;139;197m▀[38;2;115;90;139;48;2;16;16;16m▀[38;2;16;16;16;49m▀[0m
[0m    [38;2;74;57;98m▄[38;2;16;16;16;48;2;197;189;238m▀[38;2;106;106;106;48;2;16;16;16m▀[38;2;255;255;255m▀[38;2;106;106;106m▀[38;2;16;16;16m▀▀▀▀▀[38;2;222;222;246;48;2;106;106;106m▀[38;2;255;255;255;48;2;255;255;255m▀[38;2;16;16;16m▀[38;2;255;255;255m▀▀▀[38;2;222;222;246;48;2;106;106;106m▀[38;2;16;16;16;48;2;16;16;16m▀▀[38;2;74;57;98m▀[38;2;16;16;16;48;2;156;139;197m▀[38;2;156;139;197;48;2;115;90;139m▀[38;2;74;57;98m▀[38;2;156;139;197;48;2;156;139;197m▀▀[48;2;115;90;139m▀[38;2;16;16;16;48;2;16;16;16m▀[0m
[0m  [38;2;74;57;98m▄[48;2;197;189;238m▀[38;2;197;189;238;48;2;115;90;139m▀[38;2;74;57;98;48;2;74;57;98m▀[38;2;16;16;16m▀[48;2;16;16;16m▀▀[48;2;205;74;32m▀[48;2;123;32;16m▀[48;2;16;16;16m▀▀▀▀[38;2;106;106;106m▀[38;2;222;222;246m▀[38;2;255;255;255m▀[38;2;222;222;246m▀[38;2;106;106;106m▀[38;2;16;16;16m▀▀▀[48;2;74;57;98m▀[38;2;156;139;197;48;2;156;139;197m▀[38;2;74;57;98;48;2;74;57;98m▀[38;2;115;90;139;48;2;115;90;139m▀▀[48;2;16;16;16m▀[38;2;16;16;16;48;2;115;90;139m▀[38;2;156;139;197;48;2;156;139;197m▀[38;2;74;57;98m▀[49m▄[0m
[0m  [38;2;16;16;16;48;2;16;16;16m▀[38;2;156;139;197;48;2;156;139;197m▀[38;2;115;90;139m▀[38;2;74;57;98;48;2;123;32;16m▀▀[38;2;123;32;16;48;2;205;74;32m▀[38;2;205;74;32m▀▀[38;2;123;32;16;48;2;123;32;16m▀[38;2;205;74;32;48;2;205;74;32m▀▀[38;2;16;16;16;48;2;123;32;16m▀[48;2;16;16;16m▀▀▀▀▀▀[48;2;74;57;98m▀[48;2;115;90;139m▀[38;2;74;57;98m▀[38;2;115;90;139m▀[38;2;156;139;197;48;2;156;139;197m▀[38;2;74;57;98;48;2;74;57;98m▀[38;2;115;90;139;48;2;16;16;16m▀[38;2;16;16;16;49m▀▀[38;2;115;90;139;48;2;16;16;16m▀▀[38;2;156;139;197;48;2;115;90;139m▀[48;2;156;139;197m▀[38;2;74;57;98;48;2;16;16;16m▀[0m
[0m [38;2;123;32;16m▄[38;2;205;74;32m▄[38;2;123;32;16;48;2;255;123;65m▀▀[38;2;205;74;32m▀▀[48;2;205;74;32m▀[48;2;123;32;16m▀[38;2;123;32;16;48;2;205;74;32m▀[38;2;205;74;32m▀▀▀[38;2;123;32;16;48;2;123;32;16m▀[38;2;16;16;16;48;2;115;90;139m▀▀▀[38;2;74;57;98m▀▀[38;2;115;90;139;48;2;74;57;98m▀▀▀[48;2;115;90;139m▀▀▀[38;2;156;139;197;48;2;197;189;238m▀[38;2;74;57;98;48;2;74;57;98m▀[0m    [38;2;16;16;16m▀▀[0m
[38;2;123;32;16;48;2;16;16;16m▀[38;2;205;74;32;48;2;205;74;32m▀[38;2;255;123;65m▀[48;2;255;123;65m▀▀[38;2;205;74;32m▀▀▀[38;2;255;123;65m▀▀[38;2;205;74;32;48;2;205;74;32m▀▀[38;2;123;32;16;48;2;16;16;16m▀[38;2;115;90;139;48;2;74;57;98m▀▀▀[48;2;156;139;197m▀[38;2;74;57;98m▀[38;2;156;139;197;48;2;16;16;16m▀▀▀▀[38;2;115;90;139;48;2;197;189;238m▀▀[38;2;156;139;197m▀[38;2;197;189;238;48;2;16;16;16m▀[38;2;16;16;16;49m▀[0m
[0m [38;2;16;16;16m▀[38;2;205;74;32;48;2;16;16;16m▀▀[48;2;205;74;32m▀[38;2;255;123;65m▀▀▀▀[38;2;205;74;32;48;2;16;16;16m▀▀[38;2;16;16;16;49m▀[38;2;156;139;197;48;2;16;16;16m▀▀▀▀[38;2;16;16;16;49m▀▀[0m    [38;2;16;16;16m▀▀▀[0m
[0m    [38;2;16;16;16m▀▀▀▀▀[0m
