[0m                                                       [38;2;123;82;131m▄[48;2;205;164;238m▀[48;2;172;123;189m▀[38;2;76;34;84;49m▄[0m
[0m                                                    [38;2;123;82;131m▄[48;2;205;164;238m▀▀[38;2;205;164;238m▀[48;2;172;123;189m▀[38;2;172;123;189;48;2;76;34;84m▀[38;2;76;34;84;49m▀[0m
[0m                                                 [38;2;123;82;131m▄[48;2;172;123;189m▀[48;2;205;164;238m▀[38;2;205;164;238m▀▀[48;2;172;123;189m▀[38;2;172;123;189m▀[48;2;76;34;84m▀[38;2;76;34;84;49m▀[0m
[0m                                              [38;2;123;82;131m▄[48;2;172;123;189m▀[48;2;205;164;238m▀[38;2;205;164;238m▀▀▀[48;2;172;123;189m▀[38;2;172;123;189m▀▀[48;2;76;34;84m▀[38;2;16;16;16;49m▀[0m
[38;2;123;82;131;49m▄[38;2;76;34;84;48;2;205;164;238m▀[48;2;172;123;189m▀[49m▄▄[0m                                      [38;2;76;34;84m▄[48;2;172;123;189m▀[38;2;123;82;131;48;2;205;164;238m▀[38;2;205;164;238m▀▀▀▀▀[38;2;172;123;189;48;2;172;123;189m▀▀▀[48;2;16;16;16m▀[38;2;16;16;16;49m▀[0m
[38;2;123;82;131;49m▀[38;2;172;123;189;48;2;123;82;131m▀[38;2;205;164;238;48;2;205;164;238m▀[38;2;172;123;189m▀[48;2;172;123;189m▀[38;2;76;34;84m▀[38;2;123;82;131;49m▄[38;2;76;34;84m▄[0m             [38;2;123;82;131m▄[48;2;205;164;238m▀[48;2;172;123;189m▀[48;2;123;82;131m▀[38;2;76;34;84;49m▄[0m  [38;2;123;82;131m▄[48;2;205;164;238m▀▀[48;2;172;123;189m▀▀[38;2;76;34;84;49m▄[0m        [38;2;76;34;84;48;2;76;34;84m▀[38;2;172;123;189;48;2;172;123;189m▀[38;2;205;164;238;48;2;205;164;238m▀▀▀▀▀[48;2;172;123;189m▀[38;2;172;123;189m▀▀▀[48;2;16;16;16m▀[38;2;16;16;16;49m▀[0m
[0m [38;2;123;82;131m▀[38;2;205;164;238;48;2;123;82;131m▀[48;2;205;164;238m▀▀[38;2;172;123;189m▀[48;2;172;123;189m▀▀[38;2;76;34;84m▀▀[38;2;16;16;16;49m▄[0m         [38;2;123;82;131;48;2;123;82;131m▀[38;2;205;164;238;48;2;205;164;238m▀[38;2;172;123;189;48;2;76;34;84m▀[38;2;76;34;84;48;2;123;82;131m▀▀[38;2;123;82;131m▀[38;2;16;16;16m▀[49m▄[38;2;76;34;84;48;2;76;34;84m▀[38;2;205;164;238;48;2;205;164;238m▀▀[38;2;123;82;131;48;2;123;82;131m▀[38;2;172;123;189;48;2;172;123;189m▀▀[38;2;76;34;84m▀[49m▄[0m      [38;2;76;34;84;48;2;76;34;84m▀[38;2;123;82;131;48;2;123;82;131m▀[38;2;205;164;238m▀[48;2;205;164;238m▀▀[48;2;172;123;189m▀[38;2;172;123;189m▀▀▀▀[48;2;16;16;16m▀[38;2;16;16;16;49m▀[0m
[0m   [38;2;123;82;131;48;2;123;82;131m▀[38;2;205;164;238;48;2;205;164;238m▀▀▀[38;2;172;123;189m▀[48;2;172;123;189m▀▀▀[38;2;16;16;16m▀[48;2;123;82;131m▀[49m▄[0m    [38;2;98;98;98m▄[38;2;76;34;84;48;2;16;16;16m▀[38;2;172;123;189m▀▀[38;2;76;34;84;48;2;123;82;131m▀[38;2;123;82;131m▀▀▀▀▀[38;2;76;34;84m▀[38;2;172;123;189;48;2;76;34;84m▀[38;2;205;164;238;48;2;205;164;238m▀[38;2;123;82;131m▀[38;2;172;123;189;48;2;123;82;131m▀[48;2;172;123;189m▀▀[38;2;76;34;84m▀[49m▄[0m     [38;2;76;34;84m▄[48;2;16;16;16m▀[38;2;123;82;131;48;2;123;82;131m▀▀[38;2;172;123;189m▀▀[48;2;172;123;189m▀▀[48;2;123;82;131m▀[38;2;123;82;131;48;2;16;16;16m▀[38;2;16;16;16;49m▀[0m
[0m    [38;2;123;82;131m▀[38;2;205;164;238;48;2;123;82;131m▀[48;2;205;164;238m▀▀▀[38;2;172;123;189m▀[48;2;123;82;131m▀[38;2;123;82;131m▀▀▀[38;2;16;16;16;48;2;16;16;16m▀[0m   [38;2;76;34;84;48;2;76;34;84m▀[38;2;16;16;16;48;2;205;164;238m▀[38;2;255;255;255;48;2;16;16;16m▀[48;2;255;255;255m▀[38;2;16;16;16m▀[48;2;197;197;197m▀[38;2;123;82;131;48;2;16;16;16m▀[48;2;65;65;65m▀[48;2;123;82;131m▀▀▀[38;2;76;34;84m▀[38;2;172;123;189;48;2;76;34;84m▀[38;2;205;164;238;48;2;205;164;238m▀▀[38;2;123;82;131;48;2;123;82;131m▀[38;2;172;123;189;48;2;172;123;189m▀▀▀[38;2;76;34;84m▀[48;2;123;82;131m▀[49m▄[38;2;123;82;131;48;2;172;123;189m▀[38;2;76;34;84m▀[38;2;172;123;189m▀[48;2;123;82;131m▀[38;2;123;82;131m▀▀[38;2;76;34;84;48;2;16;16;16m▀[38;2;16;16;16;49m▀▀▀▀[0m
[0m     [38;2;123;82;131m▀[38;2;205;164;238;48;2;76;34;84m▀[48;2;205;164;238m▀▀[38;2;172;123;189;48;2;123;82;131m▀[38;2;123;82;131m▀▀▀▀[38;2;16;16;16m▀[49m▄▄[0m [38;2;76;34;84;48;2;76;34;84m▀[38;2;205;164;238;48;2;205;164;238m▀[38;2;65;65;65;48;2;76;34;84m▀[38;2;255;255;255;48;2;65;65;65m▀[48;2;255;255;255m▀▀▀[38;2;197;197;197m▀[38;2;65;65;65m▀[38;2;16;16;16;48;2;197;197;197m▀[38;2;123;82;131;48;2;65;65;65m▀[38;2;65;65;65;48;2;148;148;148m▀▀[38;2;172;123;189;48;2;76;34;84m▀[38;2;205;164;238;48;2;205;164;238m▀▀[38;2;123;82;131m▀[38;2;172;123;189;48;2;123;82;131m▀[48;2;172;123;189m▀▀[38;2;123;82;131m▀[38;2;172;123;189m▀▀[48;2;123;82;131m▀[38;2;123;82;131m▀▀▀[38;2;76;34;84;48;2;16;16;16m▀[38;2;123;82;131;49m▄[0m
[0m      [38;2;76;34;84m▀[38;2;123;82;131;48;2;76;34;84m▀[38;2;172;123;189;48;2;123;82;131m▀[38;2;123;82;131m▀▀▀[48;2;76;34;84m▀[38;2;172;123;189;48;2;172;123;189m▀▀[38;2;123;82;131m▀[48;2;123;82;131m▀[38;2;16;16;16;48;2;16;16;16m▀[38;2;76;34;84;48;2;172;123;189m▀[38;2;205;164;238;48;2;205;164;238m▀[38;2;76;34;84;48;2;76;34;84m▀[38;2;123;82;131;48;2;123;82;131m▀[38;2;65;65;65;48;2;16;16;16m▀[38;2;255;255;255;48;2;197;197;197m▀[48;2;255;255;255m▀▀▀▀[38;2;197;197;197;48;2;197;197;197m▀[38;2;65;65;65;48;2;148;148;148m▀[38;2;16;16;16m▀[38;2;148;148;148;48;2;16;16;16m▀[38;2;76;34;84;48;2;148;148;148m▀[38;2;205;164;238;48;2;76;34;84m▀[48;2;172;123;189m▀[38;2;172;123;189m▀[38;2;76;34;84m▀[38;2;172;123;189;48;2;76;34;84m▀▀[48;2;172;123;189m▀[38;2;123;82;131m▀▀[48;2;123;82;131m▀▀▀[38;2;16;16;16;48;2;76;34;84m▀[38;2;172;123;189;48;2;123;82;131m▀[38;2;123;82;131;48;2;172;123;189m▀[38;2;76;34;84;49m▄[0m   [38;2;76;34;84m▄[48;2;172;123;189m▀[38;2;123;82;131m▀▀[38;2;76;34;84;49m▄[0m
[0m        [38;2;76;34;84m▀▀▀▀[38;2;16;16;16m▀[38;2;123;82;131;48;2;16;16;16m▀[38;2;172;123;189;48;2;123;82;131m▀▀[48;2;76;34;84m▀[38;2;76;34;84;48;2;172;123;189m▀[38;2;172;123;189m▀[48;2;76;34;84m▀[38;2;76;34;84;48;2;123;82;131m▀[38;2;123;82;131m▀▀[38;2;16;16;16m▀[38;2;197;197;197;48;2;16;16;16m▀[38;2;255;255;255;48;2;197;197;197m▀▀[48;2;148;148;148m▀[38;2;148;148;148m▀▀▀▀[38;2;16;16;16;48;2;16;16;16m▀[38;2;148;148;148;48;2;148;148;148m▀[38;2;76;34;84;48;2;16;16;16m▀[38;2;123;82;131;48;2;76;34;84m▀[38;2;172;123;189m▀[48;2;205;164;238m▀▀[38;2;123;82;131m▀[38;2;172;123;189;48;2;123;82;131m▀[48;2;172;123;189m▀▀[48;2;76;34;84m▀[38;2;123;82;131;48;2;16;16;16m▀[48;2;76;34;84m▀[48;2;123;82;131m▀▀[38;2;76;34;84m▀[38;2;16;16;16;49m▄[0m [38;2;16;16;16;48;2;16;16;16m▀[38;2;172;123;189;48;2;172;123;189m▀▀▀▀[48;2;123;82;131m▀[38;2;123;82;131;48;2;76;34;84m▀[0m
[0m             [38;2;123;82;131m▄[48;2;205;164;238m▀[38;2;205;164;238;48;2;172;123;189m▀[48;2;76;34;84m▀[38;2;172;123;189m▀[38;2;76;34;84;48;2;123;82;131m▀[38;2;123;82;131m▀▀▀▀[48;2;65;65;65m▀[38;2;16;16;16;48;2;197;197;197m▀[38;2;148;148;148;48;2;16;16;16m▀[48;2;148;148;148m▀▀▀▀▀▀[38;2;65;65;65m▀[38;2;148;148;148;48;2;16;16;16m▀[38;2;16;16;16;48;2;197;197;197m▀[38;2;98;98;98;48;2;65;65;65m▀[48;2;98;98;98m▀[38;2;76;34;84;48;2;76;34;84m▀[38;2;205;164;238;48;2;205;164;238m▀▀[38;2;123;82;131;48;2;123;82;131m▀[38;2;172;123;189;48;2;172;123;189m▀▀▀▀[38;2;123;82;131;48;2;123;82;131m▀[38;2;76;34;84;48;2;16;16;16m▀[38;2;123;82;131;48;2;76;34;84m▀[48;2;123;82;131m▀[38;2;16;16;16;48;2;76;34;84m▀▀[38;2;172;123;189;48;2;172;123;189m▀[48;2;123;82;131m▀▀[38;2;123;82;131m▀▀▀▀[38;2;16;16;16;48;2;16;16;16m▀[0m
[0m           [38;2;123;82;131m▄[48;2;205;164;238m▀[38;2;205;164;238m▀[48;2;76;34;84m▀[38;2;76;34;84;48;2;123;82;131m▀[38;2;123;82;131m▀▀▀▀▀▀[38;2;65;65;65;48;2;16;16;16m▀[38;2;197;197;197;48;2;197;197;197m▀[38;2;148;148;148;48;2;98;98;98m▀[38;2;98;98;98m▀[38;2;16;16;16;48;2;16;16;16m▀[38;2;148;148;148m▀[38;2;16;16;16;48;2;106;65;131m▀▀▀▀▀▀[38;2;197;197;197;48;2;16;16;16m▀▀[38;2;65;65;65;48;2;148;148;148m▀[38;2;76;34;84m▀[38;2;172;123;189;48;2;76;34;84m▀[38;2;205;164;238;48;2;205;164;238m▀[38;2;123;82;131;48;2;172;123;189m▀[38;2;172;123;189;48;2;123;82;131m▀[48;2;172;123;189m▀▀▀[38;2;123;82;131;48;2;123;82;131m▀▀[38;2;16;16;16;48;2;16;16;16m▀[38;2;123;82;131;48;2;123;82;131m▀[38;2;172;123;189m▀▀[38;2;76;34;84m▀[38;2;123;82;131;48;2;76;34;84m▀[48;2;123;82;131m▀▀▀▀[38;2;16;16;16;48;2;16;16;16m▀[0m
[0m           [38;2;76;34;84;48;2;76;34;84m▀[38;2;205;164;238;48;2;172;123;189m▀[38;2;172;123;189m▀[38;2;76;34;84;48;2;76;34;84m▀[38;2;123;82;131;48;2;123;82;131m▀▀▀▀▀▀[48;2;65;65;65m▀[38;2;16;16;16;48;2;197;197;197m▀[38;2;197;197;197;48;2;98;98;98m▀[38;2;98;98;98;48;2;16;16;16m▀[38;2;16;16;16;48;2;131;90;164m▀[38;2;131;90;164;48;2;172;123;189m▀[48;2;131;90;164m▀▀[38;2;106;65;131m▀[48;2;106;65;131m▀▀▀▀[38;2;76;34;84m▀[38;2;16;16;16;48;2;197;197;197m▀[48;2;76;34;84m▀[38;2;148;148;148;48;2;16;16;16m▀[38;2;76;34;84;48;2;148;148;148m▀[38;2;172;123;189;48;2;123;82;131m▀[48;2;172;123;189m▀[38;2;123;82;131m▀[38;2;172;123;189;48;2;123;82;131m▀[48;2;172;123;189m▀▀▀[38;2;123;82;131;48;2;16;16;16m▀[38;2;16;16;16;48;2;123;82;131m▀[38;2;123;82;131m▀▀▀▀[38;2;16;16;16;48;2;16;16;16m▀[38;2;123;82;131;48;2;123;82;131m▀[48;2;16;16;16m▀▀▀▀[38;2;16;16;16m▀[49m▄[0m
[0m          [38;2;123;82;131;48;2;123;82;131m▀[38;2;172;123;189;48;2;172;123;189m▀[38;2;123;82;131;48;2;76;34;84m▀[38;2;172;123;189;48;2;172;123;189m▀[38;2;76;34;84m▀[38;2;123;82;131;48;2;76;34;84m▀[48;2;123;82;131m▀▀▀[48;2;98;98;98m▀[38;2;98;98;98;48;2;197;197;197m▀[38;2;197;197;197;48;2;98;98;98m▀[38;2;98;98;98m▀[38;2;16;16;16;48;2;16;16;16m▀[38;2;131;90;164;48;2;131;90;164m▀[38;2;172;123;189;48;2;172;123;189m▀▀▀[38;2;131;90;164;48;2;131;90;164m▀▀[38;2;106;65;131;48;2;106;65;131m▀▀[48;2;255;255;255m▀[38;2;197;197;197m▀[38;2;255;255;255m▀▀[38;2;197;197;197;48;2;197;197;197m▀[38;2;16;16;16;48;2;16;16;16m▀[38;2;148;148;148;48;2;148;148;148m▀[38;2;76;34;84;48;2;65;65;65m▀[38;2;172;123;189;48;2;16;16;16m▀[48;2;172;123;189m▀[38;2;76;34;84m▀[38;2;172;123;189;48;2;123;82;131m▀[48;2;172;123;189m▀▀[38;2;123;82;131m▀[48;2;123;82;131m▀[48;2;172;123;189m▀[38;2;76;34;84m▀▀[38;2;16;16;16m▀[48;2;205;164;238m▀▀[38;2;123;82;131m▀[38;2;172;123;189m▀[38;2;205;164;238;48;2;172;123;189m▀▀▀[38;2;76;34;84;48;2;123;82;131m▀[48;2;16;16;16m▀[0m
[0m          [38;2;76;34;84;48;2;76;34;84m▀[38;2;172;123;189;48;2;123;82;131m▀▀[38;2;123;82;131;48;2;76;34;84m▀[38;2;172;123;189;48;2;172;123;189m▀[38;2;76;34;84;48;2;76;34;84m▀[38;2;123;82;131;48;2;123;82;131m▀[48;2;65;65;65m▀[38;2;98;98;98;48;2;197;197;197m▀[38;2;197;197;197m▀[38;2;148;148;148;48;2;98;98;98m▀[38;2;98;98;98m▀[38;2;16;16;16;48;2;16;16;16m▀[38;2;106;65;131;48;2;255;255;255m▀[38;2;131;90;164;48;2;148;148;148m▀[48;2;131;90;164m▀[38;2;172;123;189m▀[38;2;131;90;164m▀▀[48;2;106;65;131m▀[38;2;197;197;197;48;2;255;255;255m▀[38;2;255;255;255m▀[48;2;98;98;98m▀[48;2;255;255;255m▀▀▀[38;2;197;197;197;48;2;65;65;65m▀[38;2;16;16;16;48;2;148;148;148m▀[38;2;148;148;148m▀[38;2;65;65;65;48;2;65;65;65m▀[38;2;16;16;16m▀[38;2;172;123;189;48;2;16;16;16m▀[48;2;172;123;189m▀[38;2;76;34;84m▀[38;2;172;123;189;48;2;123;82;131m▀[48;2;172;123;189m▀▀▀[48;2;205;164;238m▀[38;2;205;164;238m▀▀[48;2;172;123;189m▀▀[38;2;172;123;189m▀▀[48;2;123;82;131m▀▀[38;2;123;82;131m▀[48;2;76;34;84m▀[48;2;16;16;16m▀[38;2;16;16;16m▀[0m
[0m           [38;2;76;34;84m▀[38;2;123;82;131;48;2;76;34;84m▀[38;2;76;34;84;48;2;123;82;131m▀[38;2;172;123;189;48;2;172;123;189m▀[38;2;76;34;84;48;2;76;34;84m▀[38;2;123;82;131;48;2;123;82;131m▀[38;2;65;65;65;48;2;16;16;16m▀[38;2;197;197;197;48;2;197;197;197m▀[38;2;148;148;148;48;2;98;98;98m▀[38;2;98;98;98m▀[38;2;16;16;16;48;2;16;16;16m▀[38;2;255;255;255;48;2;255;255;255m▀▀[48;2;98;98;98m▀[38;2;148;148;148;48;2;255;255;255m▀[38;2;131;90;164;48;2;106;65;131m▀▀[38;2;106;65;131m▀▀▀[38;2;197;197;197m▀[38;2;16;16;16m▀[38;2;255;255;255;48;2;76;34;84m▀▀[38;2;76;34;84m▀[38;2;65;65;65;48;2;16;16;16m▀[38;2;148;148;148;48;2;148;148;148m▀[38;2;16;16;16;48;2;65;65;65m▀[38;2;65;65;65m▀[48;2;16;16;16m▀[38;2;16;16;16m▀[38;2;172;123;189;48;2;172;123;189m▀▀[38;2;123;82;131;48;2;76;34;84m▀[38;2;172;123;189;48;2;172;123;189m▀▀▀▀[48;2;123;82;131m▀▀▀[38;2;123;82;131m▀▀[48;2;16;16;16m▀▀[38;2;16;16;16;48;2;123;82;131m▀▀[38;2;123;82;131;48;2;172;123;189m▀[38;2;16;16;16;48;2;76;34;84m▀[0m
[0m            [38;2;123;82;131m▄[48;2;205;164;238m▀[38;2;205;164;238m▀[38;2;76;34;84;48;2;76;34;84m▀[38;2;123;82;131;48;2;123;82;131m▀[38;2;16;16;16m▀[38;2;197;197;197;48;2;65;65;65m▀[38;2;148;148;148;48;2;197;197;197m▀[38;2;98;98;98;48;2;148;148;148m▀[38;2;16;16;16;48;2;16;16;16m▀[38;2;148;148;148;48;2;76;34;84m▀[38;2;255;255;255m▀[38;2;16;16;16m▀[38;2;106;65;131m▀▀▀▀▀[48;2;197;197;197m▀[38;2;76;34;84;48;2;148;148;148m▀[48;2;255;255;255m▀[38;2;197;197;197;48;2;98;98;98m▀[38;2;76;34;84;48;2;76;34;84m▀▀[38;2;16;16;16m▀[38;2;148;148;148;48;2;16;16;16m▀▀[38;2;16;16;16;48;2;172;123;189m▀[48;2;205;164;238m▀[38;2;172;123;189m▀[38;2;205;164;238m▀[38;2;172;123;189;48;2;76;34;84m▀[38;2;76;34;84;48;2;172;123;189m▀[38;2;172;123;189m▀▀[48;2;123;82;131m▀[38;2;76;34;84m▀[38;2;123;82;131;48;2;76;34;84m▀[48;2;16;16;16m▀▀[38;2;16;16;16;48;2;123;82;131m▀▀[38;2;123;82;131m▀▀[38;2;172;123;189m▀▀▀[38;2;76;34;84;49m▀[0m
[0m         [38;2;123;82;131m▄▄▄[48;2;205;164;238m▀[38;2;205;164;238m▀[48;2;123;82;131m▀[38;2;76;34;84m▀[38;2;123;82;131m▀▀[38;2;65;65;65m▀[38;2;197;197;197;48;2;16;16;16m▀[48;2;197;197;197m▀[38;2;16;16;16;48;2;98;98;98m▀[38;2;76;34;84;48;2;16;16;16m▀[48;2;76;34;84m▀▀▀[38;2;255;255;255m▀[48;2;255;255;255m▀[38;2;148;148;148;48;2;76;34;84m▀[38;2;255;255;255;48;2;255;255;255m▀[48;2;197;197;197m▀[38;2;148;148;148;48;2;98;98;98m▀[38;2;197;197;197;48;2;76;34;84m▀[38;2;76;34;84m▀▀[48;2;16;16;16m▀[38;2;16;16;16;48;2;172;123;189m▀[48;2;205;164;238m▀[38;2;205;164;238m▀▀[48;2;123;82;131m▀[38;2;172;123;189m▀[38;2;76;34;84;48;2;172;123;189m▀[38;2;172;123;189m▀[48;2;123;82;131m▀[48;2;172;123;189m▀[48;2;123;82;131m▀[38;2;123;82;131m▀▀▀▀▀▀▀▀▀▀▀[38;2;16;16;16;48;2;16;16;16m▀[0m
[0m     [38;2;123;82;131m▄[48;2;205;164;238m▀▀▀[38;2;205;164;238m▀▀[38;2;123;82;131;48;2;76;34;84m▀[38;2;205;164;238;48;2;205;164;238m▀▀[38;2;76;34;84;48;2;76;34;84m▀[38;2;123;82;131;48;2;123;82;131m▀▀▀▀[38;2;65;65;65m▀[38;2;197;197;197;48;2;16;16;16m▀[38;2;98;98;98;48;2;197;197;197m▀[38;2;16;16;16;48;2;98;98;98m▀[38;2;76;34;84;48;2;16;16;16m▀[48;2;76;34;84m▀▀▀▀▀▀▀▀▀▀▀[38;2;16;16;16;48;2;16;16;16m▀[38;2;205;164;238;48;2;205;164;238m▀▀[48;2;172;123;189m▀[38;2;76;34;84;48;2;76;34;84m▀[38;2;172;123;189;48;2;172;123;189m▀▀▀▀▀[38;2;76;34;84m▀[48;2;123;82;131m▀[38;2;123;82;131;48;2;76;34;84m▀[48;2;123;82;131m▀▀▀[38;2;172;123;189;48;2;172;123;189m▀[38;2;76;34;84;48;2;76;34;84m▀[38;2;123;82;131;48;2;123;82;131m▀▀▀▀[38;2;16;16;16;48;2;16;16;16m▀[0m
[0m     [38;2;123;82;131m▀[38;2;205;164;238;48;2;76;34;84m▀▀[38;2;172;123;189;48;2;123;82;131m▀[48;2;172;123;189m▀▀[38;2;16;16;16;48;2;16;16;16m▀[38;2;205;164;238;48;2;172;123;189m▀[38;2;172;123;189m▀[38;2;76;34;84;48;2;76;34;84m▀[38;2;123;82;131;48;2;123;82;131m▀▀▀▀▀[38;2;16;16;16;48;2;65;65;65m▀[38;2;197;197;197;48;2;197;197;197m▀[38;2;98;98;98;48;2;98;98;98m▀[38;2;16;16;16m▀[38;2;76;34;84;48;2;16;16;16m▀[48;2;76;34;84m▀▀▀▀▀▀▀▀▀▀▀[38;2;16;16;16;48;2;16;16;16m▀[38;2;172;123;189;48;2;123;82;131m▀[48;2;172;123;189m▀[38;2;76;34;84;48;2;123;82;131m▀[38;2;172;123;189;48;2;172;123;189m▀▀[48;2;123;82;131m▀▀[48;2;172;123;189m▀▀[48;2;123;82;131m▀▀[38;2;76;34;84;48;2;76;34;84m▀[38;2;123;82;131;48;2;123;82;131m▀▀▀[38;2;16;16;16;48;2;16;16;16m▀[38;2;123;82;131;48;2;123;82;131m▀▀▀▀[38;2;16;16;16m▀[49m▄[0m
[0m         [38;2;123;82;131m▀[38;2;76;34;84m▀▀[38;2;16;16;16;48;2;16;16;16m▀[38;2;172;123;189;48;2;172;123;189m▀▀[38;2;76;34;84m▀[38;2;123;82;131;48;2;76;34;84m▀▀[48;2;123;82;131m▀[38;2;65;65;65;48;2;65;65;65m▀[38;2;197;197;197;48;2;197;197;197m▀[38;2;98;98;98;48;2;98;98;98m▀▀▀▀[38;2;16;16;16m▀[38;2;76;34;84;48;2;16;16;16m▀▀[48;2;76;34;84m▀▀▀▀▀▀▀[48;2;16;16;16m▀▀[38;2;16;16;16m▀[38;2;172;123;189;48;2;123;82;131m▀[48;2;172;123;189m▀[38;2;76;34;84;48;2;123;82;131m▀[38;2;172;123;189;48;2;172;123;189m▀[38;2;123;82;131;48;2;123;82;131m▀▀▀▀▀[48;2;16;16;16m▀[38;2;16;16;16;48;2;123;82;131m▀[38;2;123;82;131m▀▀[38;2;76;34;84;48;2;16;16;16m▀[38;2;123;82;131;48;2;123;82;131m▀▀▀▀▀▀[38;2;16;16;16;48;2;16;16;16m▀[0m
[0m             [38;2;76;34;84m▀[38;2;172;123;189;48;2;76;34;84m▀▀[48;2;172;123;189m▀[48;2;205;164;238m▀[38;2;76;34;84;48;2;172;123;189m▀[38;2;65;65;65;48;2;76;34;84m▀[38;2;197;197;197;48;2;65;65;65m▀▀[38;2;98;98;98;48;2;197;197;197m▀▀[38;2;148;148;148;48;2;148;148;148m▀▀▀▀[38;2;16;16;16m▀▀▀[48;2;98;98;98m▀▀▀▀[38;2;98;98;98;48;2;16;16;16m▀[38;2;148;148;148;48;2;148;148;148m▀[38;2;16;16;16;48;2;16;16;16m▀[38;2;123;82;131;48;2;123;82;131m▀[38;2;172;123;189;48;2;172;123;189m▀▀[38;2;76;34;84;48;2;76;34;84m▀[38;2;123;82;131;48;2;123;82;131m▀[38;2;76;34;84;48;2;76;34;84m▀▀[38;2;16;16;16;48;2;123;82;131m▀▀[38;2;123;82;131m▀[48;2;16;16;16m▀[38;2;16;16;16;49m▀▀[38;2;76;34;84m▀[48;2;76;34;84m▀[38;2;123;82;131;48;2;16;16;16m▀▀▀▀[38;2;16;16;16;49m▀[0m
[0m              [38;2;76;34;84;48;2;76;34;84m▀[38;2;123;82;131;48;2;123;82;131m▀[38;2;76;34;84m▀[38;2;205;164;238;48;2;76;34;84m▀[48;2;205;164;238m▀[38;2;76;34;84m▀[38;2;123;82;131;48;2;76;34;84m▀[48;2;123;82;131m▀[38;2;65;65;65m▀[38;2;16;16;16m▀[38;2;197;197;197;48;2;65;65;65m▀[48;2;16;16;16m▀[38;2;148;148;148;48;2;197;197;197m▀[48;2;148;148;148m▀▀▀[48;2;98;98;98m▀[38;2;98;98;98m▀▀[48;2;16;16;16m▀[38;2;16;16;16;48;2;197;197;197m▀[38;2;197;197;197;48;2;65;65;65m▀[38;2;65;65;65;48;2;76;34;84m▀[38;2;76;34;84;48;2;172;123;189m▀[38;2;205;164;238;48;2;205;164;238m▀▀[38;2;123;82;131;48;2;76;34;84m▀[48;2;172;123;189m▀[38;2;172;123;189m▀[48;2;123;82;131m▀[38;2;123;82;131m▀▀▀[48;2;16;16;16m▀[38;2;16;16;16;49m▀[0m
[0m               [38;2;76;34;84m▀[38;2;123;82;131;48;2;76;34;84m▀[38;2;76;34;84m▀[38;2;205;164;238;48;2;172;123;189m▀[48;2;205;164;238m▀[38;2;76;34;84;48;2;76;34;84m▀[38;2;123;82;131;48;2;123;82;131m▀▀▀▀▀[38;2;16;16;16;48;2;16;16;16m▀[38;2;197;197;197;48;2;197;197;197m▀[38;2;148;148;148m▀[48;2;148;148;148m▀[38;2;98;98;98;48;2;98;98;98m▀▀▀[38;2;16;16;16m▀[38;2;197;197;197;48;2;16;16;16m▀[38;2;65;65;65;48;2;76;34;84m▀[38;2;172;123;189;48;2;205;164;238m▀[38;2;205;164;238m▀[48;2;76;34;84m▀[38;2;76;34;84;48;2;172;123;189m▀[38;2;172;123;189m▀▀[38;2;123;82;131;48;2;123;82;131m▀▀▀▀▀▀[38;2;16;16;16m▀[49m▄[0m
[0m                  [38;2;76;34;84;48;2;76;34;84m▀[38;2;205;164;238;48;2;172;123;189m▀▀[38;2;76;34;84m▀[38;2;123;82;131;48;2;76;34;84m▀▀[48;2;123;82;131m▀▀▀[38;2;65;65;65m▀▀[38;2;197;197;197;48;2;65;65;65m▀[48;2;16;16;16m▀[38;2;148;148;148m▀[38;2;98;98;98m▀[38;2;16;16;16m▀[38;2;76;34;84;48;2;172;123;189m▀[38;2;172;123;189;48;2;205;164;238m▀[38;2;205;164;238;48;2;76;34;84m▀[38;2;76;34;84;48;2;123;82;131m▀[38;2;123;82;131;48;2;172;123;189m▀[38;2;172;123;189m▀▀[38;2;123;82;131;48;2;123;82;131m▀[48;2;76;34;84m▀[48;2;16;16;16m▀[48;2;123;82;131m▀▀▀▀[48;2;172;123;189m▀[38;2;172;123;189m▀[38;2;76;34;84m▀[49m▄[0m
[0m                  [38;2;76;34;84m▄[48;2;123;82;131m▀[38;2;172;123;189;48;2;76;34;84m▀[48;2;123;82;131m▀[48;2;172;123;189m▀▀[38;2;76;34;84m▀▀[38;2;123;82;131;48;2;76;34;84m▀[48;2;123;82;131m▀▀▀▀▀▀[38;2;16;16;16;48;2;76;34;84m▀[38;2;205;164;238;48;2;205;164;238m▀▀[38;2;76;34;84;48;2;76;34;84m▀[38;2;123;82;131;48;2;123;82;131m▀▀[38;2;172;123;189m▀[38;2;123;82;131m▀▀▀[38;2;16;16;16;48;2;16;16;16m▀[49m▀▀[38;2;123;82;131;48;2;16;16;16m▀▀[38;2;172;123;189;48;2;123;82;131m▀[48;2;172;123;189m▀▀▀[38;2;16;16;16m▀[49m▄[0m
[0m                  [38;2;76;34;84;48;2;76;34;84m▀[38;2;123;82;131;48;2;172;123;189m▀[48;2;123;82;131m▀[38;2;76;34;84m▀[48;2;16;16;16m▀[38;2;123;82;131m▀[38;2;172;123;189;48;2;172;123;189m▀▀[38;2;76;34;84m▀[38;2;123;82;131;48;2;76;34;84m▀[48;2;123;82;131m▀▀▀▀▀[38;2;76;34;84;48;2;16;16;16m▀[38;2;205;164;238;48;2;172;123;189m▀[38;2;172;123;189m▀[38;2;123;82;131;48;2;76;34;84m▀[48;2;123;82;131m▀▀▀[48;2;76;34;84m▀[38;2;76;34;84;49m▀[38;2;16;16;16m▀[0m     [38;2;16;16;16m▀▀[38;2;123;82;131;48;2;16;16;16m▀[38;2;172;123;189m▀▀[38;2;16;16;16;49m▀[0m
[0m                 [38;2;76;34;84;48;2;76;34;84m▀[38;2;172;123;189;48;2;172;123;189m▀▀[48;2;123;82;131m▀[38;2;76;34;84;48;2;16;16;16m▀[0m  [38;2;76;34;84m▀[38;2;172;123;189;48;2;76;34;84m▀[48;2;172;123;189m▀[38;2;76;34;84m▀[38;2;123;82;131;48;2;76;34;84m▀[48;2;16;16;16m▀▀[38;2;76;34;84m▀[38;2;16;16;16;49m▀[0m [38;2;76;34;84m▀[38;2;123;82;131;48;2;76;34;84m▀[38;2;76;34;84;48;2;16;16;16m▀▀[49m▀[38;2;16;16;16m▀[0m
[0m                 [38;2;16;16;16m▀[38;2;172;123;189;48;2;16;16;16m▀▀[38;2;16;16;16;49m▀[0m    [38;2;16;16;16m▀[38;2;123;82;131;48;2;76;34;84m▀[38;2;172;123;189;48;2;16;16;16m▀▀[48;2;76;34;84m▀[38;2;16;16;16;49m▀[0m
