[0m                 [38;2;131;90;106m▄[48;2;172;106;205m▀[49m▄[0m                            [38;2;131;90;106m▄▄[38;2;82;65;98m▄[38;2;131;90;106;48;2;172;106;205m▀[38;2;82;65;98;48;2;131;90;106m▀[48;2;82;65;98m▀[0m
[0m                 [38;2;131;90;106;48;2;131;90;106m▀[38;2;197;139;205;48;2;197;139;205m▀[38;2;172;106;205;48;2;172;106;205m▀[38;2;131;90;106m▀[38;2;82;65;98;49m▄[0m                    [38;2;131;90;106m▄[38;2;82;65;98m▄▄[38;2;131;90;106;48;2;197;139;205m▀[38;2;82;65;98m▀▀[38;2;197;139;205m▀[48;2;172;106;205m▀[38;2;172;106;205;48;2;131;90;106m▀[38;2;131;90;106m▀[48;2;16;16;16m▀[38;2;16;16;16;49m▀[0m
[0m                [38;2;131;90;106m▄[48;2;172;106;205m▀[38;2;197;139;205;48;2;197;139;205m▀[38;2;172;106;205m▀[48;2;172;106;205m▀▀[38;2;82;65;98;48;2;82;65;98m▀[0m               [38;2;131;90;106m▄▄[48;2;172;106;205m▀▀[38;2;172;106;205m▀[48;2;197;139;205m▀[38;2;197;139;205m▀▀▀[48;2;172;106;205m▀[38;2;172;106;205;48;2;131;90;106m▀[38;2;131;90;106m▀▀[48;2;16;16;16m▀[38;2;16;16;16;49m▀[0m
[0m                [38;2;82;65;98;48;2;82;65;98m▀[38;2;197;139;205;48;2;197;139;205m▀▀▀[38;2;172;106;205;48;2;172;106;205m▀▀▀[38;2;82;65;98m▀[49m▄[0m  [38;2;131;90;106m▄[38;2;82;65;98m▄▄▄▄[0m  [38;2;131;90;106m▄▄[48;2;172;106;205m▀[48;2;197;139;205m▀[38;2;172;106;205;48;2;172;106;205m▀▀[48;2;197;139;205m▀[38;2;197;139;205m▀▀▀▀[48;2;131;90;106m▀[38;2;131;90;106m▀▀▀▀[48;2;16;16;16m▀[0m
[0m                [38;2;82;65;98;48;2;82;65;98m▀[38;2;197;139;205;48;2;197;139;205m▀▀▀▀[38;2;172;106;205;48;2;172;106;205m▀▀[48;2;82;65;98m▀[38;2;16;16;16;48;2;172;106;205m▀[38;2;82;65;98m▀▀[38;2;172;106;205m▀▀▀▀▀[38;2;82;65;98m▀▀[38;2;172;106;205m▀[48;2;197;139;205m▀[38;2;197;139;205m▀[38;2;172;106;205m▀▀[38;2;197;139;205m▀▀▀▀[48;2;131;90;106m▀[38;2;131;90;106;48;2;172;106;205m▀[38;2;172;106;205;48;2;131;90;106m▀[38;2;131;90;106m▀▀▀[49m▀[0m
[0m               [38;2;82;65;98;48;2;82;65;98m▀[48;2;197;139;205m▀[38;2;197;139;205m▀▀▀[48;2;172;106;205m▀▀[38;2;131;90;106m▀[38;2;172;106;205m▀▀▀▀▀▀▀▀▀[48;2;197;139;205m▀[38;2;197;139;205m▀▀▀▀▀▀▀[48;2;172;106;205m▀▀[38;2;172;106;205m▀▀[48;2;131;90;106m▀[38;2;131;90;106m▀▀▀[49m▀[0m
[0m          [38;2;82;65;98m▄▄▄[0m  [38;2;82;65;98;48;2;82;65;98m▀[38;2;197;139;205;48;2;197;139;205m▀▀▀[48;2;172;106;205m▀[38;2;172;106;205m▀▀▀▀▀▀▀▀▀▀▀[38;2;197;139;205;48;2;197;139;205m▀▀▀▀▀▀[48;2;172;106;205m▀[38;2;172;106;205;48;2;131;90;106m▀[38;2;131;90;106m▀[38;2;172;106;205;48;2;172;106;205m▀[48;2;131;90;106m▀▀[38;2;131;90;106m▀▀▀[48;2;16;16;16m▀[38;2;16;16;16;49m▀[0m    [38;2;82;65;98m▄▄▄▄▄▄[0m
[0m          [38;2;16;16;16m▀[38;2;172;106;205;48;2;16;16;16m▀[48;2;172;106;205m▀[38;2;82;65;98m▀[38;2;16;16;16;48;2;16;16;16m▀[38;2;82;65;98;48;2;197;139;205m▀[38;2;197;139;205m▀▀▀[38;2;172;106;205;48;2;172;106;205m▀[48;2;197;139;205m▀[48;2;172;106;205m▀▀▀▀▀▀[38;2;197;139;205;48;2;197;139;205m▀[38;2;172;106;205;48;2;172;106;205m▀[48;2;197;139;205m▀[38;2;197;139;205m▀▀▀▀▀[48;2;172;106;205m▀[38;2;172;106;205;48;2;131;90;106m▀[38;2;131;90;106m▀▀[38;2;172;106;205m▀[38;2;131;90;106m▀▀▀▀▀[48;2;16;16;16m▀[38;2;16;16;16;48;2;131;90;106m▀[38;2;82;65;98m▀[38;2;16;16;16m▀▀[38;2;82;65;98;48;2;172;106;205m▀▀[38;2;131;90;106m▀[38;2;172;106;205m▀▀[48;2;131;90;106m▀[38;2;131;90;106;48;2;16;16;16m▀[38;2;16;16;16;49m▀[0m
[0m           [38;2;82;65;98m▀[48;2;16;16;16m▀[38;2;131;90;106m▀[38;2;16;16;16;48;2;197;139;205m▀[38;2;197;139;205m▀▀▀▀[38;2;172;106;205m▀[38;2;197;139;205m▀[38;2;172;106;205;48;2;172;106;205m▀▀▀▀[48;2;197;139;205m▀[38;2;197;139;205m▀▀[38;2;172;106;205m▀[38;2;197;139;205m▀▀▀▀[48;2;131;90;106m▀▀[38;2;131;90;106m▀▀▀▀▀▀▀▀▀▀[38;2;82;65;98m▀[38;2;131;90;106m▀▀[48;2;172;106;205m▀[38;2;172;106;205;48;2;131;90;106m▀▀▀▀[38;2;131;90;106;48;2;16;16;16m▀[49m▀[38;2;16;16;16m▀[0m
[0m             [38;2;16;16;16m▀[38;2;197;139;205;48;2;82;65;98m▀[48;2;197;139;205m▀▀▀▀▀▀[38;2;172;106;205m▀[38;2;197;139;205m▀[38;2;172;106;205;48;2;172;106;205m▀[48;2;197;139;205m▀[38;2;197;139;205m▀▀▀▀[48;2;172;106;205m▀▀[38;2;131;90;106;48;2;82;65;98m▀[38;2;82;65;98;48;2;213;213;213m▀[48;2;16;16;16m▀[48;2;131;90;106m▀[38;2;131;90;106m▀▀▀▀▀▀▀▀▀▀▀▀▀▀▀▀[48;2;16;16;16m▀[38;2;16;16;16;48;2;82;65;98m▀[38;2;82;65;98;49m▄▄[0m
[0m              [38;2;82;65;98;48;2;82;65;98m▀[38;2;131;90;106;48;2;255;255;255m▀[38;2;197;139;205;48;2;82;65;98m▀[48;2;197;139;205m▀▀▀▀▀▀▀▀▀[48;2;172;106;205m▀[38;2;172;106;205m▀▀[48;2;82;65;98m▀[38;2;82;65;98;48;2;213;213;213m▀[38;2;213;213;213;48;2;255;255;255m▀[38;2;255;255;255m▀[38;2;16;16;16;48;2;82;65;98m▀[38;2;131;90;106;48;2;131;90;106m▀▀▀▀▀▀▀▀▀▀▀▀▀▀▀▀[48;2;16;16;16m▀[48;2;131;90;106m▀▀[48;2;82;65;98m▀[38;2;82;65;98;49m▀[0m
[0m           [38;2;82;65;98;48;2;16;16;16m▀[48;2;131;90;106m▀[38;2;131;90;106m▀[38;2;82;65;98;48;2;82;65;98m▀[38;2;255;255;255;48;2;255;255;255m▀▀[38;2;82;65;98;48;2;16;16;16m▀[38;2;197;139;205;48;2;172;106;205m▀[48;2;197;139;205m▀▀▀▀[48;2;172;106;205m▀[38;2;172;106;205m▀▀[48;2;131;90;106m▀[48;2;16;16;16m▀[38;2;16;16;16m▀[38;2;213;213;213;48;2;255;255;255m▀[38;2;255;255;255m▀▀▀[38;2;82;65;98;48;2;82;65;98m▀[38;2;131;90;106;48;2;131;90;106m▀▀▀▀▀▀▀▀▀[48;2;180;24;24m▀▀[38;2;180;24;24;48;2;82;65;98m▀▀▀[38;2;131;90;106;48;2;180;24;24m▀[38;2;16;16;16;48;2;131;90;106m▀[38;2;131;90;106m▀[48;2;16;16;16m▀[38;2;16;16;16;49m▀[0m
[0m            [38;2;16;16;16m▀[38;2;131;90;106;48;2;16;16;16m▀[38;2;82;65;98;48;2;131;90;106m▀[38;2;213;213;213;48;2;82;65;98m▀[48;2;213;213;213m▀[38;2;16;16;16m▀[38;2;82;65;98;48;2;82;65;98m▀[38;2;131;90;106;48;2;131;90;106m▀[38;2;172;106;205m▀▀▀▀▀[38;2;131;90;106;48;2;16;16;16m▀[38;2;16;16;16;48;2;213;213;213m▀[38;2;213;213;213;48;2;255;255;255m▀[38;2;16;16;16m▀[38;2;255;255;255;48;2;213;213;213m▀[48;2;82;65;98m▀▀[38;2;213;213;213;48;2;131;90;106m▀[38;2;131;90;106m▀▀▀▀▀[48;2;82;65;98m▀[48;2;131;90;106m▀[48;2;222;74;49m▀[38;2;222;74;49;48;2;82;65;98m▀[38;2;180;24;24m▀[38;2;82;65;98;48;2;131;90;106m▀▀[38;2;131;90;106m▀▀▀[38;2;82;65;98m▀[38;2;180;24;24;48;2;16;16;16m▀▀[38;2;16;16;16;48;2;180;24;24m▀[38;2;180;24;24;49m▄▄[38;2;222;74;49m▄▄[0m
[0m              [38;2;16;16;16m▀[38;2;172;106;205;48;2;16;16;16m▀[38;2;82;65;98;48;2;172;106;205m▀▀▀[38;2;131;90;106m▀▀▀▀▀▀[38;2;16;16;16m▀▀[38;2;82;65;98m▀[38;2;131;90;106m▀▀[38;2;172;106;205m▀▀[38;2;131;90;106;48;2;131;90;106m▀▀▀▀[48;2;16;16;16m▀[38;2;16;16;16;48;2;131;90;106m▀[38;2;131;90;106;48;2;222;74;49m▀[38;2;222;74;49;48;2;131;90;106m▀[38;2;213;164;222;48;2;213;164;222m▀▀[38;2;197;139;205m▀[48;2;131;90;106m▀[38;2;131;90;106;48;2;16;16;16m▀[38;2;82;65;98m▀[38;2;131;90;106;48;2;131;90;106m▀▀▀▀▀[38;2;172;106;205m▀[38;2;197;139;205;48;2;172;106;205m▀[48;2;197;139;205m▀[48;2;213;164;222m▀[38;2;131;90;106;48;2;197;139;205m▀[48;2;82;65;98m▀[38;2;222;74;49;48;2;222;74;49m▀[0m
[0m   [38;2;222;74;49m▄[48;2;82;65;98m▀▀[48;2;131;90;106m▀▀[49m▄▄▄[0m    [38;2;16;16;16m▀[38;2;131;90;106;48;2;16;16;16m▀[48;2;82;65;98m▀[38;2;172;106;205;48;2;131;90;106m▀▀[48;2;172;106;205m▀▀▀▀▀[48;2;131;90;106m▀▀▀▀[48;2;16;16;16m▀[38;2;131;90;106m▀[48;2;131;90;106m▀▀[38;2;82;65;98;48;2;16;16;16m▀[38;2;16;16;16;48;2;222;74;49m▀[48;2;16;16;16m▀[38;2;131;90;106;48;2;131;90;106m▀▀[38;2;222;74;49;48;2;222;74;49m▀[38;2;131;90;106;48;2;82;65;98m▀[38;2;213;164;222;48;2;172;106;205m▀[48;2;197;139;205m▀[38;2;197;139;205;48;2;172;106;205m▀[38;2;131;90;106;48;2;16;16;16m▀[38;2;82;65;98;48;2;82;65;98m▀▀▀[38;2;131;90;106m▀▀[48;2;131;90;106m▀[38;2;82;65;98;48;2;16;16;16m▀[38;2;131;90;106;48;2;131;90;106m▀[38;2;172;106;205;48;2;197;139;205m▀[38;2;213;164;222;48;2;213;164;222m▀▀▀[38;2;82;65;98;48;2;82;65;98m▀[48;2;197;139;205m▀[38;2;180;24;24;48;2;82;65;98m▀[38;2;222;74;49;49m▄[0m
[0m   [38;2;180;24;24m▀[38;2;16;16;16;48;2;180;24;24m▀[38;2;172;106;205;48;2;16;16;16m▀[38;2;213;164;222;48;2;82;65;98m▀[48;2;131;90;106m▀[38;2;131;90;106;48;2;172;106;205m▀[48;2;213;164;222m▀▀[38;2;222;74;49;48;2;131;90;106m▀▀[49m▄[0m   [38;2;82;65;98;48;2;82;65;98m▀[38;2;16;16;16;48;2;16;16;16m▀[38;2;131;90;106m▀[38;2;16;16;16m▀[48;2;180;24;24m▀▀▀[48;2;222;74;49m▀▀[38;2;131;90;106m▀▀[38;2;16;16;16m▀[38;2;222;74;49m▀▀[38;2;16;16;16m▀▀[38;2;222;74;49m▀[48;2;16;16;16m▀[38;2;82;65;98;48;2;131;90;106m▀[38;2;131;90;106m▀▀[38;2;222;74;49m▀[38;2;82;65;98;48;2;222;74;49m▀[38;2;131;90;106;48;2;180;24;24m▀[48;2;82;65;98m▀[48;2;131;90;106m▀[38;2;16;16;16;48;2;82;65;98m▀[38;2;82;65;98;48;2;16;16;16m▀[38;2;16;16;16;48;2;180;24;24m▀[38;2;82;65;98;48;2;16;16;16m▀▀[48;2;82;65;98m▀▀[38;2;16;16;16;48;2;131;90;106m▀[38;2;131;90;106m▀[38;2;197;139;205;48;2;172;106;205m▀[38;2;213;164;222;48;2;197;139;205m▀▀[38;2;82;65;98;48;2;131;90;106m▀[38;2;131;90;106;48;2;197;139;205m▀[38;2;197;139;205;48;2;213;164;222m▀[38;2;213;164;222m▀[38;2;82;65;98;48;2;131;90;106m▀[38;2;222;74;49;48;2;222;74;49m▀[0m
[0m     [38;2;180;24;24m▀[38;2;16;16;16;48;2;180;24;24m▀[38;2;82;65;98;48;2;16;16;16m▀▀[38;2;131;90;106;48;2;82;65;98m▀▀[38;2;172;106;205;48;2;131;90;106m▀[38;2;213;164;222m▀[38;2;82;65;98m▀[38;2;222;74;49;48;2;82;65;98m▀▀[49m▄[38;2;82;65;98m▀[38;2;131;90;106;48;2;16;16;16m▀[38;2;16;16;16;48;2;82;65;98m▀[38;2;106;0;0;48;2;106;0;0m▀[38;2;180;24;24;48;2;180;24;24m▀▀[38;2;222;74;49;48;2;222;74;49m▀▀▀▀▀▀▀▀▀▀[48;2;82;65;98m▀[38;2;82;65;98;48;2;131;90;106m▀[38;2;131;90;106m▀▀▀▀▀▀[38;2;180;24;24m▀[38;2;16;16;16;48;2;180;24;24m▀[48;2;16;16;16m▀[38;2;180;24;24;48;2;180;24;24m▀[38;2;131;90;106;48;2;131;90;106m▀[38;2;180;24;24m▀[48;2;82;65;98m▀[38;2;16;16;16;48;2;180;24;24m▀[38;2;82;65;98;48;2;16;16;16m▀[38;2;131;90;106;48;2;131;90;106m▀▀▀[38;2;172;106;205;48;2;16;16;16m▀[38;2;16;16;16;48;2;82;65;98m▀[38;2;131;90;106;48;2;131;90;106m▀[38;2;197;139;205;48;2;172;106;205m▀[38;2;213;164;222;48;2;197;139;205m▀▀[38;2;82;65;98;48;2;16;16;16m▀[38;2;222;74;49;48;2;222;74;49m▀[0m
[0m       [38;2;180;24;24m▀▀[38;2;16;16;16;48;2;180;24;24m▀[38;2;82;65;98;48;2;16;16;16m▀[48;2;82;65;98m▀[38;2;131;90;106m▀[48;2;131;90;106m▀▀▀[38;2;16;16;16m▀[38;2;222;74;49;48;2;16;16;16m▀[49m▄[38;2;16;16;16;48;2;222;74;49m▀[38;2;82;65;98;48;2;172;106;205m▀[38;2;180;24;24;48;2;82;65;98m▀[48;2;180;24;24m▀[38;2;16;16;16;48;2;16;16;16m▀[38;2;82;65;98;48;2;172;106;205m▀[38;2;222;74;49;48;2;82;65;98m▀[48;2;222;74;49m▀[48;2;16;16;16m▀[38;2;82;65;98;48;2;172;106;205m▀[38;2;222;74;49;48;2;16;16;16m▀[48;2;82;65;98m▀▀[38;2;82;65;98;48;2;131;90;106m▀[38;2;131;90;106m▀▀▀▀▀▀▀▀▀▀[38;2;180;24;24m▀[38;2;131;90;106m▀[48;2;82;65;98m▀[38;2;82;65;98;48;2;180;24;24m▀[38;2;180;24;24;48;2;16;16;16m▀[38;2;16;16;16;48;2;131;90;106m▀[38;2;131;90;106m▀[48;2;16;16;16m▀▀[38;2;16;16;16;48;2;180;24;24m▀[48;2;16;16;16m▀[38;2;131;90;106;48;2;131;90;106m▀▀[48;2;16;16;16m▀[38;2;172;106;205m▀[38;2;16;16;16;48;2;180;24;24m▀[38;2;222;74;49;49m▀[0m
[0m     [38;2;222;74;49m▄▄[48;2;82;65;98m▀▀[38;2;82;65;98;48;2;131;90;106m▀[38;2;16;16;16m▀[38;2;82;65;98;48;2;16;16;16m▀[48;2;82;65;98m▀▀[38;2;131;90;106m▀[48;2;131;90;106m▀▀▀[38;2;16;16;16m▀[38;2;82;65;98m▀[38;2;222;74;49;48;2;82;65;98m▀▀[38;2;16;16;16;48;2;222;74;49m▀[38;2;131;90;106;48;2;131;90;106m▀▀▀[38;2;16;16;16m▀[38;2;82;65;98m▀[38;2;131;90;106m▀▀▀▀▀▀▀▀[48;2;82;65;98m▀[38;2;82;65;98;48;2;131;90;106m▀[38;2;131;90;106m▀▀▀▀▀▀[48;2;82;65;98m▀[48;2;131;90;106m▀[38;2;82;65;98m▀[38;2;180;24;24;48;2;82;65;98m▀[38;2;16;16;16;48;2;180;24;24m▀▀[38;2;180;24;24;49m▀[48;2;180;24;24m▀[38;2;16;16;16;48;2;16;16;16m▀[38;2;131;90;106m▀▀[38;2;16;16;16;48;2;180;24;24m▀[38;2;180;24;24;49m▀▀[0m
[0m   [38;2;222;74;49m▄[48;2;131;90;106m▀[38;2;131;90;106;48;2;213;164;222m▀▀[38;2;213;164;222;48;2;172;106;205m▀[38;2;172;106;205;48;2;131;90;106m▀[38;2;131;90;106m▀[48;2;82;65;98m▀[38;2;82;65;98m▀▀▀▀▀[38;2;131;90;106;48;2;131;90;106m▀▀▀▀[48;2;172;106;205m▀[38;2;213;164;222;48;2;213;164;222m▀[38;2;82;65;98m▀[38;2;222;74;49;48;2;82;65;98m▀[38;2;16;16;16;48;2;222;74;49m▀[38;2;131;90;106;48;2;16;16;16m▀▀▀▀▀▀[48;2;82;65;98m▀▀▀[38;2;82;65;98m▀[48;2;131;90;106m▀[38;2;131;90;106m▀▀▀▀▀▀▀▀▀[38;2;82;65;98m▀▀[49m▀[0m    [38;2;180;24;24m▀▀▀[0m
[0m [38;2;222;74;49m▄[48;2;82;65;98m▀[38;2;131;90;106;48;2;213;164;222m▀[38;2;213;164;222;48;2;131;90;106m▀[38;2;172;106;205m▀[38;2;131;90;106;48;2;82;65;98m▀[48;2;16;16;16m▀[38;2;82;65;98m▀▀▀▀▀[48;2;82;65;98m▀▀▀▀[38;2;131;90;106;48;2;131;90;106m▀▀▀[38;2;172;106;205m▀▀[38;2;213;164;222;48;2;172;106;205m▀[48;2;213;164;222m▀[38;2;16;16;16;48;2;82;65;98m▀[38;2;222;74;49;48;2;222;74;49m▀[0m       [38;2;16;16;16m▀▀[38;2;82;65;98m▀▀[38;2;131;90;106;48;2;82;65;98m▀▀▀[48;2;131;90;106m▀▀▀▀▀▀▀▀[49m▄[0m
[38;2;222;74;49;48;2;180;24;24m▀[38;2;82;65;98;48;2;82;65;98m▀[38;2;172;106;205;48;2;131;90;106m▀[38;2;131;90;106;48;2;16;16;16m▀[38;2;82;65;98m▀[38;2;16;16;16;48;2;180;24;24m▀▀[38;2;180;24;24;49m▀▀▀▀▀▀[38;2;16;16;16;48;2;180;24;24m▀▀[38;2;82;65;98;48;2;16;16;16m▀▀▀▀▀[38;2;131;90;106m▀[38;2;82;65;98m▀[38;2;131;90;106;48;2;82;65;98m▀[38;2;172;106;205;48;2;131;90;106m▀[38;2;213;164;222;48;2;172;106;205m▀[38;2;16;16;16;48;2;16;16;16m▀[38;2;222;74;49;48;2;222;74;49m▀[0m               [38;2;131;90;106m▀[38;2;82;65;98m▀▀[38;2;131;90;106m▀[48;2;131;90;106m▀[48;2;82;65;98m▀▀[48;2;131;90;106m▀[0m
[38;2;180;24;24;48;2;180;24;24m▀[38;2;16;16;16m▀▀[38;2;180;24;24;49m▀▀[0m          [38;2;180;24;24m▀▀▀▀▀▀▀[38;2;16;16;16;48;2;180;24;24m▀[38;2;131;90;106;48;2;16;16;16m▀[48;2;131;90;106m▀[38;2;16;16;16;48;2;16;16;16m▀[38;2;180;24;24;48;2;180;24;24m▀[0m
[0m                       [38;2;180;24;24m▀[38;2;16;16;16;48;2;180;24;24m▀[38;2;180;24;24;49m▀[0m
