[0m                [38;2;0;0;0m▄[38;2;172;139;0;48;2;246;222;0m▀[38;2;115;90;0m▀▀[49m▄[0m   [38;2;172;139;0m▄▄▄▄▄▄[0m    [38;2;172;139;0m▄▄▄[38;2;115;90;0m▄▄▄[0m
[0m    [38;2;115;90;0m▄▄▄▄▄▄[0m      [38;2;115;90;0m▀[48;2;0;0;0m▀[38;2;246;222;0;48;2;246;222;0m▀[38;2;213;180;74;48;2;197;164;32m▀[48;2;172;139;0m▀[38;2;172;139;0;48;2;255;238;115m▀▀[48;2;246;222;0m▀[38;2;213;180;74m▀▀▀▀▀▀[38;2;172;139;0m▀[48;2;115;90;0m▀[38;2;115;90;0;48;2;246;222;0m▀▀[38;2;246;222;0m▀[48;2;213;180;74m▀[48;2;82;57;32m▀▀[48;2;131;90;65m▀[38;2;213;180;74;48;2;213;180;74m▀[38;2;0;0;0;48;2;0;0;0m▀[0m
[0m [38;2;172;139;0m▄[38;2;115;90;0m▄[38;2;172;139;0;48;2;246;222;0m▀[38;2;246;222;0m▀[38;2;197;164;32;48;2;172;139;0m▀[38;2;172;139;0;48;2;246;222;0m▀[38;2;246;222;0m▀[48;2;213;180;74m▀[48;2;246;222;0m▀[38;2;115;90;0m▀[49m▄[0m     [38;2;115;90;0;48;2;197;164;32m▀[38;2;197;164;32;48;2;255;238;115m▀[38;2;255;238;115m▀▀▀▀▀[38;2;246;222;0;48;2;246;222;0m▀▀▀▀▀▀[48;2;115;90;0m▀[38;2;115;90;0;48;2;246;222;0m▀[38;2;246;222;0;48;2;213;180;74m▀[38;2;213;180;74;48;2;82;57;32m▀[38;2;82;57;32;48;2;131;90;65m▀▀[38;2;131;90;65;48;2;164;131;90m▀[38;2;164;131;90m▀[38;2;131;90;65;48;2;213;180;74m▀[38;2;0;0;0;48;2;0;0;0m▀[0m
[38;2;172;139;0;48;2;0;0;0m▀[38;2;213;180;74m▀[38;2;115;90;0;48;2;115;90;0m▀[38;2;246;222;0;48;2;246;222;0m▀[38;2;197;164;32;48;2;115;90;0m▀[38;2;115;90;0;48;2;0;0;0m▀[38;2;246;222;0;48;2;246;222;0m▀[38;2;197;164;32;48;2;0;0;0m▀[38;2;0;0;0;48;2;213;180;74m▀[38;2;246;222;0m▀[48;2;246;222;0m▀▀[38;2;115;90;0m▀▀[49m▄▄[48;2;246;222;0m▀[38;2;255;238;115;48;2;255;238;115m▀▀▀▀▀[48;2;246;222;0m▀[38;2;246;222;0m▀▀▀▀▀▀▀[38;2;172;139;0m▀[38;2;246;222;0m▀[38;2;82;57;32;48;2;82;57;32m▀[38;2;131;90;65;48;2;131;90;65m▀▀[38;2;164;131;90;48;2;164;131;90m▀[48;2;213;180;74m▀[38;2;213;180;74m▀[38;2;115;90;0;48;2;0;0;0m▀[0m
[0m   [38;2;0;0;0m▀▀▀▀[38;2;213;180;74;48;2;115;90;0m▀[48;2;213;180;74m▀▀▀[38;2;246;222;0m▀[48;2;246;222;0m▀▀[48;2;115;90;0m▀[38;2;115;90;0;48;2;246;222;0m▀[38;2;246;222;0m▀▀▀▀▀▀▀▀▀▀▀▀▀▀▀[38;2;213;180;74m▀▀[48;2;213;180;74m▀[38;2;131;90;65m▀▀[38;2;213;180;74m▀[38;2;115;90;0m▀[38;2;213;180;74m▀[38;2;115;90;0m▀[49m▄[0m
[0m        [38;2;115;90;0;48;2;115;90;0m▀[38;2;213;180;74;48;2;213;180;74m▀▀▀▀▀[38;2;115;90;0;48;2;115;90;0m▀[38;2;246;222;0;48;2;246;222;0m▀▀▀▀▀▀▀[48;2;172;139;0m▀[38;2;172;139;0;48;2;246;222;0m▀[38;2;246;222;0;48;2;115;90;0m▀[38;2;115;90;0;48;2;255;255;255m▀▀▀[38;2;246;222;0;48;2;172;139;0m▀[48;2;246;222;0m▀▀▀▀▀[38;2;213;180;74m▀[48;2;213;180;74m▀▀▀▀▀▀[38;2;115;90;0m▀[38;2;82;57;32;49m▄[0m
[0m         [38;2;115;90;0m▀[38;2;213;180;74;48;2;0;0;0m▀[48;2;213;180;74m▀▀[38;2;115;90;0;48;2;115;90;0m▀[38;2;246;222;0;48;2;246;222;0m▀▀▀▀▀▀▀▀[38;2;172;139;0m▀[38;2;115;90;0;48;2;197;164;32m▀[38;2;255;255;255m▀[38;2;0;0;0m▀[38;2;255;255;255m▀▀[38;2;246;222;0;48;2;246;222;0m▀[38;2;172;139;0m▀[38;2;246;222;0m▀▀▀▀▀[38;2;213;180;74m▀[48;2;213;180;74m▀▀▀▀▀▀▀[38;2;82;57;32;48;2;115;90;0m▀[38;2;115;90;0;49m▄[0m
[0m           [38;2;0;0;0m▀[38;2;213;180;74;48;2;115;90;0m▀[38;2;115;90;0;48;2;246;222;0m▀[38;2;172;139;0m▀▀[38;2;246;222;0;48;2;197;164;32m▀[48;2;213;180;74m▀[48;2;246;222;0m▀▀▀▀▀▀▀▀▀[48;2;213;180;74m▀[48;2;246;222;0m▀▀▀▀▀▀▀▀[38;2;213;180;74;48;2;213;180;74m▀▀▀▀▀▀▀▀[38;2;82;57;32m▀[49m▄[0m
[0m            [38;2;115;90;0;48;2;115;90;0m▀[38;2;246;222;0;48;2;172;139;0m▀▀[48;2;246;222;0m▀▀▀▀▀▀▀[48;2;115;90;0m▀[48;2;0;0;0m▀▀▀[48;2;115;90;0m▀[38;2;172;139;0;48;2;246;222;0m▀[38;2;246;222;0m▀▀▀▀▀▀▀[38;2;213;180;74;48;2;213;180;74m▀▀▀▀▀▀▀▀▀▀[38;2;82;57;32m▀[49m▄[0m
[0m           [38;2;115;90;0;48;2;115;90;0m▀[38;2;213;180;74;48;2;213;180;74m▀[38;2;246;222;0;48;2;246;222;0m▀▀[38;2;213;180;74m▀[38;2;246;222;0m▀[48;2;213;180;74m▀[38;2;213;180;74;48;2;0;0;0m▀[38;2;0;0;0;48;2;197;164;32m▀[48;2;139;32;57m▀▀[38;2;139;32;57m▀[48;2;238;57;57m▀▀[48;2;246;222;0m▀[38;2;246;222;0m▀▀▀▀[48;2;213;180;74m▀▀▀▀[38;2;213;180;74m▀▀▀▀[48;2;172;139;0m▀[48;2;213;180;74m▀▀▀▀▀▀▀[38;2;82;57;32m▀[49m▄[0m
[0m           [38;2;115;90;0;48;2;115;90;0m▀[48;2;213;180;74m▀[38;2;172;139;0m▀[38;2;213;180;74;48;2;246;222;0m▀[38;2;246;222;0m▀[38;2;213;180;74;48;2;115;90;0m▀[38;2;0;0;0;48;2;213;180;74m▀[38;2;115;90;0m▀[38;2;197;164;32;48;2;115;90;0m▀[38;2;139;32;57;48;2;213;180;74m▀[48;2;139;32;57m▀[38;2;238;57;57;48;2;238;57;57m▀▀[48;2;246;222;0m▀[38;2;246;222;0m▀▀[48;2;115;90;0m▀[48;2;213;180;74m▀[38;2;213;180;74m▀▀▀▀▀[48;2;115;90;0m▀▀▀[38;2;115;90;0;48;2;246;222;0m▀[38;2;246;222;0m▀[38;2;213;180;74m▀[48;2;213;180;74m▀▀▀▀▀▀▀[38;2;0;0;0m▀[38;2;82;57;32;49m▄[0m
[0m            [38;2;0;0;0m▀[38;2;213;180;74;48;2;0;0;0m▀▀▀[38;2;0;0;0;49m▀[38;2;213;180;74;48;2;172;139;0m▀[48;2;246;222;0m▀[38;2;0;0;0;48;2;213;180;74m▀[38;2;213;180;74;48;2;0;0;0m▀[48;2;213;180;74m▀▀[38;2;246;222;0m▀[48;2;0;0;0m▀▀[38;2;0;0;0;48;2;172;139;0m▀[38;2;213;180;74m▀▀[38;2;172;139;0;48;2;246;222;0m▀[38;2;115;90;0m▀▀▀▀[38;2;246;222;0m▀▀▀▀▀▀▀[38;2;213;180;74;48;2;213;180;74m▀▀▀▀▀▀▀[38;2;0;0;0;48;2;0;0;0m▀[0m
[0m                [38;2;82;57;32m▄[38;2;172;139;0;48;2;246;222;0m▀[38;2;246;222;0m▀▀▀[38;2;0;0;0m▀▀[48;2;213;180;74m▀[38;2;213;180;74m▀[48;2;115;90;0m▀[38;2;115;90;0;48;2;246;222;0m▀[38;2;246;222;0m▀[48;2;172;139;0m▀[48;2;246;222;0m▀[48;2;172;139;0m▀[48;2;246;222;0m▀▀▀▀▀▀▀[48;2;213;180;74m▀▀[38;2;213;180;74m▀▀[48;2;172;139;0m▀[48;2;213;180;74m▀▀▀▀▀▀[38;2;0;0;0;48;2;0;0;0m▀[0m
[0m                [38;2;82;57;32;48;2;82;57;32m▀[38;2;246;222;0;48;2;246;222;0m▀▀▀▀▀▀▀▀[38;2;115;90;0;48;2;115;90;0m▀[38;2;213;180;74;48;2;0;0;0m▀[38;2;115;90;0;48;2;115;90;0m▀[38;2;246;222;0;48;2;246;222;0m▀[48;2;115;90;0m▀[38;2;115;90;0;48;2;0;0;0m▀[38;2;246;222;0;48;2;197;164;32m▀[38;2;172;139;0;48;2;0;0;0m▀[38;2;213;180;74m▀▀[48;2;213;180;74m▀▀[48;2;197;164;32m▀▀[48;2;0;0;0m▀▀[38;2;0;0;0;48;2;213;180;74m▀[38;2;213;180;74m▀▀▀▀▀▀[38;2;131;90;65;48;2;131;90;65m▀[38;2;0;0;0m▀[38;2;82;57;32;49m▄[0m
[0m               [38;2;82;57;32;48;2;0;0;0m▀[38;2;164;131;90;48;2;164;131;90m▀▀[38;2;246;222;0;48;2;246;222;0m▀▀▀▀[48;2;164;131;90m▀▀▀[48;2;246;222;0m▀▀[38;2;115;90;0m▀▀[38;2;246;222;0m▀[38;2;0;0;0m▀▀[38;2;246;222;0m▀▀[38;2;213;180;74m▀[38;2;0;0;0;48;2;213;180;74m▀▀▀[38;2;115;90;0m▀[38;2;213;180;74m▀[48;2;131;90;65m▀[38;2;131;90;65m▀▀▀[38;2;213;180;74m▀[48;2;213;180;74m▀▀[48;2;131;90;65m▀[38;2;131;90;65m▀▀[38;2;0;0;0;48;2;0;0;0m▀[0m
[0m               [38;2;0;0;0;48;2;0;0;0m▀[38;2;164;131;90;48;2;164;131;90m▀▀▀[38;2;246;222;0m▀▀[38;2;164;131;90m▀▀▀▀▀[38;2;246;222;0m▀[48;2;246;222;0m▀▀▀[48;2;164;131;90m▀[38;2;164;131;90m▀▀▀[38;2;131;90;65;48;2;131;90;65m▀[38;2;213;180;74m▀▀▀▀[38;2;131;90;65m▀▀▀▀▀▀▀▀▀▀▀[38;2;0;0;0;48;2;0;0;0m▀[0m
[0m             [38;2;82;57;32m▄[48;2;164;131;90m▀▀[38;2;164;131;90;48;2;82;57;32m▀[48;2;164;131;90m▀▀▀▀▀▀▀▀▀▀▀▀▀▀▀▀▀[38;2;131;90;65;48;2;131;90;65m▀▀▀▀[48;2;164;131;90m▀▀▀▀▀[48;2;131;90;65m▀▀▀▀[38;2;82;57;32m▀[38;2;131;90;65;48;2;82;57;32m▀[48;2;131;90;65m▀[38;2;0;0;0;48;2;0;0;0m▀[0m
[0m            [38;2;82;57;32;48;2;82;57;32m▀[38;2;164;131;90;48;2;180;156;123m▀[38;2;180;156;123m▀▀[38;2;0;0;0;48;2;0;0;0m▀[38;2;164;131;90;48;2;164;131;90m▀▀▀▀▀▀▀▀▀▀▀▀▀▀▀▀[38;2;131;90;65;48;2;131;90;65m▀[48;2;82;57;32m▀[48;2;164;131;90m▀[38;2;164;131;90;48;2;180;156;123m▀▀▀▀[48;2;164;131;90m▀▀▀▀▀[38;2;131;90;65;48;2;131;90;65m▀▀▀[38;2;82;57;32m▀[38;2;131;90;65;48;2;82;57;32m▀[38;2;0;0;0;48;2;0;0;0m▀[0m
[0m           [38;2;0;0;0;48;2;0;0;0m▀[38;2;180;156;123;48;2;164;131;90m▀[48;2;180;156;123m▀▀▀[48;2;164;131;90m▀[38;2;82;57;32;48;2;0;0;0m▀[38;2;164;131;90;48;2;131;90;65m▀[48;2;164;131;90m▀▀▀▀▀▀▀▀▀▀▀▀▀[38;2;131;90;65;48;2;131;90;65m▀[38;2;82;57;32;48;2;82;57;32m▀[38;2;164;131;90;48;2;164;131;90m▀[38;2;180;156;123;48;2;180;156;123m▀▀▀▀▀[38;2;164;131;90;48;2;164;131;90m▀▀▀▀▀▀[38;2;131;90;65;48;2;131;90;65m▀▀▀[38;2;82;57;32;48;2;0;0;0m▀[38;2;0;0;0;49m▀[0m
[0m           [38;2;0;0;0m▀[38;2;164;131;90;48;2;0;0;0m▀[48;2;164;131;90m▀▀▀▀▀[38;2;0;0;0m▀[38;2;131;90;65;48;2;0;0;0m▀[38;2;164;131;90;48;2;131;90;65m▀▀[48;2;164;131;90m▀▀▀▀▀▀[48;2;131;90;65m▀▀[38;2;131;90;65m▀▀[38;2;82;57;32;48;2;0;0;0m▀[38;2;164;131;90;48;2;164;131;90m▀▀▀[38;2;180;156;123m▀▀▀[38;2;164;131;90m▀▀▀▀▀[48;2;131;90;65m▀▀[38;2;131;90;65m▀▀▀[38;2;0;0;0;48;2;0;0;0m▀[0m
[0m            [38;2;0;0;0m▀[38;2;131;90;65;48;2;0;0;0m▀[38;2;164;131;90;48;2;131;90;65m▀▀▀▀[38;2;131;90;65m▀▀[38;2;0;0;0m▀[38;2;131;90;65;48;2;0;0;0m▀▀[48;2;131;90;65m▀▀▀▀▀▀▀▀▀[38;2;0;0;0;48;2;0;0;0m▀[38;2;164;131;90;48;2;131;90;65m▀[48;2;164;131;90m▀▀▀▀▀▀▀[48;2;131;90;65m▀[38;2;131;90;65m▀▀▀▀▀▀▀[38;2;0;0;0;48;2;0;0;0m▀[0m
[0m              [38;2;0;0;0m▀[48;2;82;57;32m▀[38;2;131;90;65;48;2;0;0;0m▀▀[48;2;131;90;65m▀▀▀▀▀[38;2;0;0;0m▀▀▀[38;2;131;90;65;48;2;0;0;0m▀▀▀▀▀▀▀[38;2;0;0;0m▀[38;2;131;90;65m▀[48;2;131;90;65m▀[38;2;164;131;90m▀▀▀▀[38;2;131;90;65m▀▀▀▀▀▀▀▀[38;2;0;0;0;48;2;0;0;0m▀[0m
[0m             [38;2;131;90;65m▄[38;2;82;57;32;48;2;213;180;74m▀[38;2;131;90;65;48;2;131;90;65m▀[48;2;246;222;0m▀[48;2;131;90;65m▀▀▀▀▀▀▀▀[38;2;0;0;0;48;2;0;0;0m▀[0m         [38;2;0;0;0m▀[38;2;131;90;65;48;2;0;0;0m▀▀[48;2;131;90;65m▀▀▀▀▀▀▀▀▀[38;2;0;0;0;48;2;0;0;0m▀[0m
[0m            [38;2;82;57;32;48;2;0;0;0m▀[38;2;213;180;74m▀[38;2;131;90;65;48;2;131;90;65m▀[38;2;246;222;0;48;2;246;222;0m▀▀▀[38;2;213;180;74m▀[38;2;131;90;65;48;2;131;90;65m▀▀[48;2;0;0;0m▀▀▀▀[38;2;0;0;0;49m▀[0m           [38;2;82;57;32m▄[38;2;0;0;0;48;2;131;90;65m▀[38;2;131;90;65;48;2;0;0;0m▀▀[48;2;82;57;32m▀[48;2;0;0;0m▀▀[48;2;131;90;65m▀▀▀[38;2;0;0;0m▀[49m▄[0m
[0m              [38;2;0;0;0m▀▀▀▀▀▀▀[0m                [38;2;0;0;0;48;2;0;0;0m▀[48;2;246;222;0m▀[38;2;246;222;0m▀[38;2;213;180;74;48;2;131;90;65m▀[38;2;82;57;32;48;2;246;222;0m▀[38;2;246;222;0m▀▀[38;2;82;57;32m▀[48;2;213;180;74m▀[38;2;131;90;65;48;2;82;57;32m▀[48;2;131;90;65m▀[38;2;0;0;0;48;2;0;0;0m▀[0m
[0m                                      [38;2;0;0;0m▀[38;2;246;222;0;48;2;0;0;0m▀[38;2;0;0;0m▀[38;2;246;222;0m▀▀[38;2;213;180;74m▀▀[38;2;0;0;0;49m▀▀[0m
