[0m                     [38;2;164;131;90m▄[38;2;139;98;49;48;2;246;222;0m▀[49m▄[0m
[0m                     [38;2;164;131;90;48;2;164;131;90m▀[38;2;246;222;0;48;2;246;222;0m▀▀[38;2;90;65;41;48;2;139;98;49m▀[0m            [38;2;139;98;49m▄[48;2;255;238;115m▀[48;2;222;189;65m▀[38;2;90;65;41;49m▄[0m
[0m                    [38;2;164;131;90m▄[38;2;180;148;32;48;2;246;222;0m▀[38;2;246;222;0m▀▀▀[38;2;90;65;41;48;2;164;131;90m▀[38;2;139;98;49;49m▄▄[38;2;90;65;41m▄▄▄[0m    [38;2;139;98;49m▄[48;2;255;238;115m▀[38;2;255;238;115;48;2;246;222;0m▀[38;2;246;222;0;48;2;164;131;90m▀[38;2;180;148;32;48;2;180;148;32m▀[38;2;0;0;0;48;2;0;0;0m▀[0m
[0m                    [38;2;164;131;90;48;2;139;98;49m▀[38;2;246;222;0;48;2;246;222;0m▀[48;2;180;148;32m▀[38;2;164;131;90;48;2;255;238;115m▀▀[38;2;246;222;0m▀▀▀[48;2;246;222;0m▀▀[38;2;180;148;32m▀[38;2;139;98;49m▀[38;2;90;65;41;48;2;222;189;65m▀[49m▄[38;2;139;98;49;48;2;139;98;49m▀[38;2;255;238;115;48;2;246;222;0m▀[38;2;246;222;0m▀[48;2;164;131;90m▀[38;2;139;98;49;48;2;139;98;49m▀[38;2;180;148;32;48;2;180;148;32m▀[38;2;0;0;0;48;2;0;0;0m▀[0m
[0m                    [38;2;139;98;49;48;2;164;131;90m▀[38;2;180;148;32;48;2;255;238;115m▀[38;2;255;238;115m▀▀▀▀▀▀▀[38;2;246;222;0;48;2;246;222;0m▀▀▀▀[38;2;139;98;49m▀[38;2;246;222;0m▀▀[48;2;139;98;49m▀[38;2;139;98;49m▀[38;2;164;131;90;48;2;180;148;32m▀[38;2;180;148;32m▀[38;2;0;0;0;48;2;0;0;0m▀[0m
[0m                   [38;2;164;131;90;48;2;164;131;90m▀[38;2;255;238;115;48;2;255;238;115m▀▀▀▀▀▀▀▀[48;2;246;222;0m▀[38;2;246;222;0m▀▀▀▀▀[48;2;222;189;65m▀[38;2;139;98;49;48;2;164;131;90m▀[48;2;139;98;49m▀[48;2;164;131;90m▀[38;2;180;148;32;48;2;180;148;32m▀[38;2;90;65;41;48;2;0;0;0m▀[0m      [38;2;139;98;49m▄[48;2;246;222;0m▀[48;2;255;238;115m▀[38;2;90;65;41m▀[49m▄[38;2;139;98;49m▄[38;2;90;65;41m▄[0m
[0m                  [38;2;164;131;90;48;2;139;98;49m▀[38;2;246;222;0;48;2;246;222;0m▀[38;2;255;238;115m▀[48;2;255;238;115m▀▀▀[48;2;246;222;0m▀▀[38;2;246;222;0m▀▀▀▀▀▀▀▀▀[38;2;222;189;65m▀[38;2;164;131;90;48;2;222;189;65m▀[38;2;180;148;32;48;2;180;148;32m▀▀[38;2;0;0;0;48;2;0;0;0m▀[0m     [38;2;90;65;41m▄[38;2;180;148;32;48;2;246;222;0m▀[38;2;246;222;0m▀[38;2;255;238;115m▀[38;2;246;222;0m▀[38;2;164;131;90;48;2;180;148;32m▀[38;2;255;238;115;48;2;255;238;115m▀[38;2;246;222;0;48;2;246;222;0m▀[38;2;139;98;49;48;2;180;148;32m▀[38;2;90;65;41;48;2;255;238;115m▀[49m▄[0m
[0m                  [38;2;139;98;49;48;2;90;65;41m▀[38;2;180;148;32;48;2;255;255;255m▀[38;2;106;82;0;48;2;205;222;238m▀[38;2;246;222;0;48;2;180;148;32m▀[48;2;246;222;0m▀▀▀▀▀▀▀▀▀▀▀▀▀▀▀[38;2;222;189;65;48;2;222;189;65m▀[38;2;180;148;32;48;2;180;148;32m▀[38;2;0;0;0;48;2;0;0;0m▀[0m     [38;2;90;65;41;48;2;90;65;41m▀[38;2;180;148;32;48;2;180;148;32m▀[38;2;222;189;65m▀[38;2;246;222;0m▀[38;2;139;98;49;48;2;90;65;41m▀[38;2;246;222;0;48;2;246;222;0m▀▀[48;2;180;148;32m▀[38;2;180;148;32;48;2;246;222;0m▀[38;2;246;222;0m▀[38;2;180;148;32;48;2;222;189;65m▀[38;2;139;98;49m▀[38;2;0;0;0;49m▄[0m
[0m                 [38;2;90;65;41m▄[48;2;246;222;0m▀[38;2;180;148;32m▀[38;2;255;255;255;48;2;180;148;32m▀[38;2;0;0;0;48;2;106;82;0m▀[38;2;246;222;0;48;2;246;222;0m▀▀▀▀▀▀▀[48;2;106;82;0m▀[38;2;106;82;0;48;2;255;255;255m▀▀[38;2;180;148;32m▀[38;2;246;222;0;48;2;106;82;0m▀[48;2;246;222;0m▀▀[38;2;222;189;65;48;2;222;189;65m▀▀▀[38;2;0;0;0;48;2;0;0;0m▀[0m    [38;2;0;0;0;48;2;0;0;0m▀[38;2;139;98;49;48;2;180;148;32m▀[38;2;180;148;32;48;2;90;65;41m▀[48;2;0;0;0m▀[38;2;0;0;0m▀[38;2;180;148;32;48;2;180;148;32m▀▀[38;2;222;189;65;48;2;90;65;41m▀[38;2;139;98;49;48;2;180;148;32m▀[38;2;246;222;0;48;2;222;189;65m▀▀[38;2;180;148;32;48;2;139;98;49m▀[38;2;246;222;0;48;2;246;222;0m▀[38;2;0;0;0;48;2;0;0;0m▀[0m
[0m                 [38;2;90;65;41;48;2;90;65;41m▀[38;2;246;222;0;48;2;246;222;0m▀▀[48;2;106;82;0m▀[38;2;164;131;90;48;2;255;238;115m▀[38;2;246;222;0m▀▀[48;2;246;222;0m▀▀▀▀[38;2;106;82;0m▀[38;2;255;255;255m▀[38;2;0;0;0m▀[38;2;255;255;255m▀▀▀[38;2;222;189;65;48;2;222;189;65m▀▀▀▀[38;2;90;65;41;48;2;0;0;0m▀[38;2;0;0;0;48;2;90;65;41m▀[49m▄[38;2;82;90;106m▄[0m  [38;2;90;65;41;48;2;139;98;49m▀[38;2;222;189;65;48;2;222;189;65m▀[38;2;180;148;32m▀[38;2;205;222;238;48;2;205;222;238m▀[38;2;106;82;0;48;2;0;0;0m▀[38;2;0;0;0m▀[48;2;139;98;49m▀[38;2;180;148;32;48;2;90;65;41m▀[48;2;0;0;0m▀[48;2;106;82;0m▀[38;2;90;65;41;48;2;180;148;32m▀[38;2;222;189;65m▀[48;2;0;0;0m▀[38;2;0;0;0;49m▀[0m
[0m               [38;2;0;0;0m▄[38;2;82;90;106m▄[38;2;90;65;41;48;2;205;222;238m▀[38;2;222;189;65;48;2;180;148;32m▀[38;2;106;82;0;48;2;106;82;0m▀[38;2;255;238;115;48;2;255;238;115m▀▀▀▀[38;2;246;222;0;48;2;246;222;0m▀▀[48;2;222;189;65m▀[38;2;180;148;32m▀[38;2;222;189;65;48;2;139;98;49m▀[38;2;246;222;0;48;2;222;189;65m▀[48;2;246;222;0m▀▀[48;2;222;189;65m▀[38;2;222;189;65m▀▀▀▀[48;2;90;65;41m▀[38;2;0;0;0;48;2;156;172;189m▀[38;2;205;222;238;48;2;205;222;238m▀▀[38;2;156;172;189m▀[38;2;82;90;106;48;2;82;90;106m▀[0m  [38;2;90;65;41;48;2;90;65;41m▀[38;2;180;148;32;48;2;180;148;32m▀[38;2;205;222;238;48;2;255;255;255m▀[38;2;180;148;32;48;2;180;148;32m▀[48;2;222;189;65m▀[38;2;0;0;0m▀▀▀[48;2;180;148;32m▀▀[49m▀[0m
[0m         [38;2;0;0;0m▄▄▄[48;2;222;189;65m▀▀▀[38;2;222;189;65;48;2;82;90;106m▀[38;2;82;90;106;48;2;255;255;255m▀[38;2;255;255;255;48;2;205;222;238m▀[38;2;106;82;0;48;2;106;82;0m▀[38;2;246;222;0;48;2;246;222;0m▀[38;2;255;238;115m▀[38;2;246;222;0m▀▀▀▀[48;2;222;189;65m▀[38;2;222;189;65;48;2;90;65;41m▀▀[38;2;90;65;41;48;2;180;148;32m▀[38;2;222;189;65m▀[48;2;222;189;65m▀▀▀▀▀▀[48;2;0;0;0m▀[38;2;0;0;0;48;2;156;172;189m▀[38;2;156;172;189m▀[38;2;205;222;238m▀[48;2;205;222;238m▀▀▀[38;2;0;0;0;48;2;0;0;0m▀[0m [38;2;90;65;41;48;2;90;65;41m▀[38;2;180;148;32;48;2;180;148;32m▀[38;2;255;255;255;48;2;255;255;255m▀[38;2;222;189;65;48;2;222;189;65m▀▀▀▀▀[48;2;180;148;32m▀[38;2;0;0;0;48;2;0;0;0m▀[0m
[0m       [38;2;0;0;0m▄[48;2;246;222;0m▀[38;2;222;189;65m▀[48;2;222;189;65m▀▀▀▀▀[38;2;82;90;106m▀[48;2;0;0;0m▀[38;2;255;255;255;48;2;156;172;189m▀[38;2;106;82;0;48;2;0;0;0m▀[38;2;222;189;65;48;2;106;82;0m▀[38;2;246;222;0;48;2;222;189;65m▀▀▀[38;2;222;189;65;48;2;0;0;0m▀[38;2;90;65;41;48;2;139;98;49m▀[38;2;0;0;0;48;2;180;148;32m▀[38;2;180;148;32m▀▀▀▀▀▀[38;2;222;189;65m▀[48;2;90;65;41m▀[38;2;180;148;32;48;2;0;0;0m▀[38;2;0;0;0;48;2;156;172;189m▀[38;2;156;172;189m▀▀▀▀[48;2;131;148;164m▀[38;2;90;65;41m▀[38;2;0;0;0;48;2;0;0;0m▀[38;2;180;148;32;48;2;180;148;32m▀[38;2;90;65;41m▀[48;2;90;65;41m▀[38;2;180;148;32;48;2;246;222;0m▀[38;2;255;255;255;48;2;255;255;255m▀[38;2;222;189;65;48;2;222;189;65m▀▀▀▀▀[38;2;0;0;0;48;2;0;0;0m▀[0m
[0m      [38;2;106;82;0m▄[48;2;246;222;0m▀[38;2;246;222;0m▀▀▀[38;2;222;189;65m▀[48;2;222;189;65m▀▀▀[48;2;82;90;106m▀[38;2;82;90;106;48;2;255;255;255m▀[38;2;255;255;255m▀▀[38;2;0;0;0m▀▀▀▀[38;2;255;255;255m▀▀[38;2;139;98;49m▀[38;2;180;148;32;48;2;205;222;238m▀[48;2;156;172;189m▀[38;2;139;98;49m▀[38;2;90;65;41m▀▀[38;2;0;0;0m▀[38;2;82;90;106m▀[38;2;156;172;189m▀[48;2;205;222;238m▀▀▀[48;2;156;172;189m▀▀▀[38;2;131;148;164m▀[48;2;131;148;164m▀▀[38;2;0;0;0;48;2;0;0;0m▀[38;2;180;148;32;48;2;180;148;32m▀[38;2;90;65;41;48;2;90;65;41m▀[38;2;246;222;0;48;2;246;222;0m▀[38;2;205;222;238;48;2;205;222;238m▀[38;2;246;222;0;48;2;246;222;0m▀[38;2;222;189;65m▀[48;2;222;189;65m▀▀[48;2;0;0;0m▀[38;2;0;0;0;49m▀[0m
[0m     [38;2;106;82;0;48;2;139;98;49m▀[38;2;246;222;0;48;2;246;222;0m▀▀▀▀▀▀[38;2;222;189;65m▀[48;2;222;189;65m▀[48;2;90;65;41m▀▀[38;2;0;0;0;48;2;0;0;0m▀[38;2;156;172;189;48;2;156;172;189m▀[48;2;255;255;255m▀[38;2;255;255;255m▀▀▀▀▀▀▀[38;2;156;172;189;48;2;156;172;189m▀[48;2;205;222;238m▀[48;2;255;255;255m▀[38;2;205;222;238m▀[38;2;156;172;189;48;2;205;222;238m▀[38;2;205;222;238m▀[48;2;255;255;255m▀[38;2;131;148;164m▀[38;2;156;172;189;48;2;205;222;238m▀[38;2;205;222;238;48;2;255;255;255m▀[48;2;205;222;238m▀▀▀[38;2;156;172;189m▀[48;2;156;172;189m▀[38;2;131;148;164;48;2;131;148;164m▀[38;2;0;0;0m▀[38;2;180;148;32;48;2;0;0;0m▀[48;2;180;148;32m▀[38;2;139;98;49;48;2;222;189;65m▀[38;2;246;222;0;48;2;246;222;0m▀[38;2;156;172;189;48;2;131;148;164m▀[38;2;246;222;0;48;2;246;222;0m▀▀▀[38;2;222;189;65m▀[38;2;0;0;0;48;2;0;0;0m▀[0m
[0m   [38;2;139;98;49m▄[38;2;106;82;0;48;2;246;222;0m▀[38;2;246;222;0m▀▀▀▀▀▀▀[48;2;90;65;41m▀[38;2;0;0;0;49m▀[0m   [38;2;0;0;0;48;2;0;0;0m▀[38;2;255;255;255;48;2;255;255;255m▀[48;2;82;90;106m▀[38;2;156;172;189m▀[48;2;205;222;238m▀[38;2;255;255;255;48;2;255;255;255m▀▀▀▀[38;2;205;222;238m▀[38;2;255;255;255m▀▀▀▀▀▀▀[48;2;205;222;238m▀▀[38;2;205;222;238m▀▀▀▀[38;2;156;172;189;48;2;82;90;106m▀[38;2;131;148;164;48;2;131;148;164m▀[38;2;0;0;0;48;2;0;0;0m▀[38;2;180;148;32;48;2;180;148;32m▀[38;2;222;189;65;48;2;222;189;65m▀[48;2;82;90;106m▀▀[38;2;131;148;164;48;2;0;0;0m▀[38;2;246;222;0;48;2;82;90;106m▀[48;2;0;0;0m▀[48;2;246;222;0m▀[38;2;0;0;0;48;2;0;0;0m▀[0m
[0m  [38;2;139;98;49;48;2;180;148;32m▀[38;2;222;189;65;48;2;246;222;0m▀[38;2;246;222;0m▀▀▀▀▀▀▀[48;2;90;65;41m▀[38;2;0;0;0;49m▀[0m     [38;2;82;90;106m▀[48;2;82;90;106m▀[38;2;205;222;238;48;2;205;222;238m▀[48;2;0;0;0m▀[38;2;156;172;189;48;2;131;148;164m▀[38;2;205;222;238;48;2;205;222;238m▀▀[48;2;156;172;189m▀[38;2;255;255;255;48;2;205;222;238m▀▀[38;2;205;222;238m▀▀▀[38;2;156;172;189;48;2;82;90;106m▀[38;2;205;222;238;48;2;205;222;238m▀▀▀[38;2;156;172;189m▀[38;2;82;90;106;48;2;156;172;189m▀[38;2;205;222;238;48;2;82;90;106m▀[48;2;0;0;0m▀[38;2;0;0;0m▀[38;2;82;90;106;49m▀[38;2;0;0;0m▀[0m [38;2;0;0;0;48;2;82;90;106m▀[38;2;82;90;106;48;2;205;222;238m▀[38;2;205;222;238;48;2;131;148;164m▀▀[38;2;0;0;0;48;2;0;0;0m▀[38;2;156;172;189;48;2;131;148;164m▀▀[38;2;0;0;0;48;2;156;172;189m▀[38;2;82;90;106;49m▄[0m
[38;2;139;98;49;49m▄[48;2;246;222;0m▀[38;2;246;222;0m▀▀▀▀▀▀▀▀[48;2;90;65;41m▀[38;2;0;0;0;49m▀[0m       [38;2;0;0;0;48;2;0;0;0m▀[38;2;82;90;106;48;2;222;189;65m▀[38;2;246;222;0;48;2;246;222;0m▀[38;2;82;90;106m▀[38;2;0;0;0m▀[38;2;205;222;238;48;2;0;0;0m▀[38;2;82;90;106;48;2;246;222;0m▀[38;2;156;172;189;48;2;82;90;106m▀[38;2;205;222;238;48;2;205;222;238m▀[48;2;0;0;0m▀[48;2;205;222;238m▀[38;2;156;172;189;48;2;0;0;0m▀[38;2;82;90;106;48;2;222;189;65m▀[38;2;205;222;238;48;2;0;0;0m▀[38;2;0;0;0;48;2;222;189;65m▀[38;2;82;90;106m▀[38;2;205;222;238;48;2;82;90;106m▀[48;2;0;0;0m▀[38;2;0;0;0m▀[38;2;222;189;65;48;2;222;189;65m▀[38;2;0;0;0;48;2;0;0;0m▀[0m   [38;2;82;90;106;48;2;82;90;106m▀[38;2;156;172;189;48;2;156;172;189m▀[38;2;131;148;164;48;2;131;148;164m▀[38;2;82;90;106;48;2;82;90;106m▀[38;2;0;0;0;48;2;0;0;0m▀[38;2;82;90;106;48;2;82;90;106m▀[38;2;131;148;164;48;2;131;148;164m▀▀[38;2;82;90;106;48;2;82;90;106m▀[0m
[38;2;139;98;49;48;2;90;65;41m▀[38;2;246;222;0;48;2;246;222;0m▀[48;2;180;148;32m▀[48;2;246;222;0m▀▀▀▀▀▀▀[38;2;90;65;41;48;2;222;189;65m▀[38;2;0;0;0;49m▄[0m       [38;2;90;65;41;48;2;90;65;41m▀[38;2;222;189;65;48;2;222;189;65m▀[38;2;246;222;0;48;2;246;222;0m▀▀▀▀▀▀[38;2;82;90;106m▀[38;2;246;222;0m▀[38;2;0;0;0m▀[38;2;222;189;65m▀[48;2;222;189;65m▀▀▀▀▀▀▀[38;2;90;65;41;48;2;0;0;0m▀[0m    [38;2;82;90;106;48;2;82;90;106m▀[38;2;131;148;164;48;2;131;148;164m▀▀[38;2;82;90;106;48;2;156;172;189m▀[48;2;205;222;238m▀▀[38;2;131;148;164;48;2;131;148;164m▀▀[38;2;0;0;0;48;2;0;0;0m▀[0m
[38;2;0;0;0;48;2;0;0;0m▀[38;2;180;148;32;48;2;90;65;41m▀[38;2;246;222;0;48;2;246;222;0m▀[38;2;222;189;65;48;2;180;148;32m▀[38;2;246;222;0;48;2;246;222;0m▀[48;2;180;148;32m▀[48;2;246;222;0m▀▀[48;2;164;131;90m▀[48;2;139;98;49m▀[38;2;222;189;65;48;2;222;189;65m▀[38;2;0;0;0;48;2;0;0;0m▀[0m      [38;2;139;98;49;48;2;139;98;49m▀[38;2;222;189;65;48;2;222;189;65m▀▀▀[38;2;246;222;0m▀[48;2;246;222;0m▀▀▀▀▀▀▀▀▀▀[38;2;222;189;65m▀[48;2;222;189;65m▀▀▀▀[38;2;0;0;0;48;2;0;0;0m▀[0m     [38;2;82;90;106m▀[38;2;131;148;164;48;2;82;90;106m▀[48;2;0;0;0m▀▀▀▀[38;2;0;0;0;49m▀[0m
[0m [38;2;0;0;0m▀[38;2;180;148;32;48;2;0;0;0m▀[38;2;90;65;41;48;2;90;65;41m▀[38;2;246;222;0;48;2;180;148;32m▀[38;2;180;148;32;48;2;90;65;41m▀[38;2;246;222;0;48;2;222;189;65m▀▀[38;2;139;98;49;48;2;90;65;41m▀[38;2;222;189;65;48;2;222;189;65m▀[48;2;0;0;0m▀[38;2;0;0;0;49m▀[0m    [38;2;139;98;49m▄[48;2;222;189;65m▀[38;2;222;189;65;48;2;246;222;0m▀[38;2;246;222;0m▀▀[38;2;222;189;65m▀[48;2;222;189;65m▀▀▀[38;2;246;222;0m▀▀[48;2;246;222;0m▀▀▀▀▀▀[48;2;222;189;65m▀▀[38;2;222;189;65m▀▀▀[38;2;90;65;41m▀[38;2;0;0;0;49m▄[0m
[0m    [38;2;0;0;0m▀▀[38;2;222;189;65;48;2;0;0;0m▀▀[38;2;90;65;41;49m▀[38;2;0;0;0m▀[0m    [38;2;90;65;41m▄[38;2;139;98;49;48;2;246;222;0m▀[38;2;246;222;0m▀▀▀▀▀▀[38;2;222;189;65;48;2;222;189;65m▀▀▀▀▀▀▀▀▀▀▀▀▀▀▀▀▀▀[38;2;0;0;0m▀[38;2;139;98;49;49m▄[38;2;90;65;41m▄[0m
[0m             [38;2;90;65;41;48;2;139;98;49m▀[38;2;246;222;0;48;2;246;222;0m▀▀▀▀▀▀▀▀[38;2;222;189;65;48;2;222;189;65m▀▀▀▀[48;2;180;148;32m▀[48;2;222;189;65m▀▀▀▀▀▀▀▀▀▀▀▀▀▀▀[38;2;180;148;32m▀[38;2;0;0;0m▀[49m▄[0m
[0m            [38;2;90;65;41;48;2;90;65;41m▀[38;2;246;222;0;48;2;246;222;0m▀[48;2;180;148;32m▀[48;2;246;222;0m▀▀▀▀▀[48;2;222;189;65m▀[38;2;222;189;65m▀▀[48;2;180;148;32m▀[38;2;180;148;32;48;2;0;0;0m▀[38;2;0;0;0;49m▀▀▀▀▀▀▀[38;2;222;189;65;48;2;0;0;0m▀[48;2;90;65;41m▀[48;2;222;189;65m▀▀▀▀▀▀▀▀▀▀[38;2;180;148;32m▀[38;2;0;0;0;48;2;0;0;0m▀[0m
[0m            [38;2;0;0;0m▀[38;2;222;189;65;48;2;0;0;0m▀[38;2;106;82;0;48;2;106;82;0m▀[38;2;246;222;0;48;2;222;189;65m▀▀▀[38;2;222;189;65;48;2;180;148;32m▀▀[48;2;222;189;65m▀[48;2;180;148;32m▀[48;2;0;0;0m▀[38;2;0;0;0;49m▀[0m          [38;2;0;0;0m▀[38;2;90;65;41m▀[38;2;222;189;65;48;2;0;0;0m▀[48;2;180;148;32m▀[48;2;222;189;65m▀▀▀▀▀▀▀[38;2;0;0;0;48;2;0;0;0m▀[0m
[0m             [38;2;0;0;0m▀[38;2;180;148;32;48;2;0;0;0m▀[38;2;106;82;0;48;2;180;148;32m▀[38;2;180;148;32m▀▀▀▀▀▀[38;2;90;65;41m▀[38;2;0;0;0;49m▄[0m         [38;2;90;65;41m▄[38;2;139;98;49m▄[38;2;90;65;41;48;2;180;148;32m▀[38;2;0;0;0m▀[38;2;106;82;0m▀[38;2;180;148;32m▀▀[38;2;222;189;65m▀▀▀[48;2;139;98;49m▀[38;2;139;98;49;48;2;0;0;0m▀[38;2;0;0;0;49m▀[0m
[0m              [38;2;0;0;0m▀[38;2;180;148;32;48;2;90;65;41m▀[48;2;180;148;32m▀▀▀▀▀▀▀[38;2;0;0;0;48;2;90;65;41m▀[0m        [38;2;90;65;41;48;2;0;0;0m▀[38;2;180;148;32;48;2;180;148;32m▀▀▀▀▀▀▀▀[48;2;0;0;0m▀[38;2;0;0;0;49m▀▀[0m
[0m              [38;2;90;65;41m▄[38;2;0;0;0;48;2;222;189;65m▀[38;2;180;148;32;48;2;180;148;32m▀▀▀[48;2;222;189;65m▀▀▀[48;2;180;148;32m▀▀[38;2;0;0;0;48;2;90;65;41m▀[0m       [38;2;0;0;0m▀[38;2;180;148;32;48;2;0;0;0m▀[48;2;180;148;32m▀▀▀▀[48;2;222;189;65m▀▀[48;2;180;148;32m▀▀[38;2;90;65;41m▀[49m▄▄[0m
[0m           [38;2;139;98;49m▄[48;2;246;222;0m▀[38;2;90;65;41m▀[38;2;222;189;65m▀[48;2;139;98;49m▀[38;2;180;148;32;48;2;164;131;90m▀[48;2;246;222;0m▀[38;2;222;189;65m▀▀[48;2;222;189;65m▀▀▀▀[38;2;180;148;32m▀[38;2;0;0;0;48;2;0;0;0m▀[0m       [38;2;0;0;0m▀[38;2;180;148;32;48;2;0;0;0m▀[48;2;222;189;65m▀[38;2;222;189;65m▀▀[38;2;139;98;49m▀[38;2;222;189;65;48;2;139;98;49m▀[48;2;222;189;65m▀[38;2;180;148;32m▀[38;2;139;98;49m▀[38;2;180;148;32;48;2;90;65;41m▀[48;2;180;148;32m▀[38;2;90;65;41;48;2;0;0;0m▀[0m
[0m           [38;2;90;65;41;48;2;0;0;0m▀[38;2;246;222;0;48;2;222;189;65m▀▀[38;2;139;98;49;48;2;0;0;0m▀[38;2;246;222;0;48;2;246;222;0m▀▀▀[48;2;90;65;41m▀[38;2;139;98;49;48;2;246;222;0m▀[38;2;246;222;0m▀▀[38;2;222;189;65m▀[48;2;222;189;65m▀▀[38;2;0;0;0;48;2;0;0;0m▀[0m        [38;2;0;0;0m▀[38;2;139;98;49;48;2;0;0;0m▀[38;2;222;189;65m▀▀▀[38;2;90;65;41m▀[38;2;222;189;65m▀▀[38;2;180;148;32m▀[38;2;0;0;0;49m▀▀[0m
[0m            [38;2;0;0;0m▀▀▀[38;2;222;189;65;48;2;0;0;0m▀▀▀[38;2;0;0;0m▀[38;2;222;189;65m▀▀[38;2;246;222;0m▀[38;2;222;189;65m▀[38;2;90;65;41;49m▀[38;2;0;0;0m▀[0m
