[0m      [38;2;131;49;16m▄▄[48;2;255;164;98m▀[38;2;222;82;74m▀▀▀▀[49m▄[0m
[0m    [38;2;131;49;16m▄[48;2;255;115;49m▀[38;2;255;115;49m▀[38;2;255;164;98;48;2;255;164;98m▀▀▀▀▀▀▀[38;2;222;82;74m▀[38;2;131;49;16;49m▄[0m                [38;2;222;82;74m▄▄[48;2;255;164;98m▀▀▀[49m▄▄[0m
[0m   [38;2;131;49;16m▄[48;2;255;115;49m▀[38;2;255;115;49m▀▀▀[38;2;255;164;98m▀[48;2;131;49;16m▀[48;2;16;16;16m▀[38;2;255;115;49m▀[38;2;16;16;16;49m▀▀▀▀[0m              [38;2;222;82;74m▄[48;2;255;164;98m▀[38;2;255;164;98m▀▀▀▀▀▀▀[38;2;131;49;16;48;2;255;115;49m▀[49m▄[0m
[0m  [38;2;131;49;16m▄[48;2;222;82;74m▀[38;2;255;115;49;48;2;255;115;49m▀▀▀▀[38;2;131;49;16;48;2;16;16;16m▀[38;2;16;16;16;48;2;90;65;32m▀[48;2;16;16;16m▀[0m                  [38;2;222;82;74;48;2;16;16;16m▀[38;2;255;164;98m▀▀▀▀[48;2;131;49;16m▀[48;2;255;164;98m▀▀▀[48;2;255;115;49m▀[38;2;255;115;49m▀▀[38;2;131;49;16;48;2;131;49;16m▀[0m
[0m  [38;2;131;49;16;48;2;131;49;16m▀[38;2;222;82;74;48;2;222;82;74m▀▀[38;2;255;115;49m▀▀▀[38;2;16;16;16;48;2;16;16;16m▀[38;2;90;65;32;48;2;90;65;32m▀[38;2;16;16;16m▀[49m▄[48;2;255;115;49m▀[49m▄[0m     [38;2;222;82;74m▄[0m            [38;2;16;16;16m▀[48;2;16;16;16m▀▀[38;2;131;49;16m▀[38;2;255;115;49;48;2;131;49;16m▀[48;2;255;115;49m▀▀▀▀▀[38;2;131;49;16;48;2;131;49;16m▀[0m
[0m  [38;2;16;16;16;48;2;16;16;16m▀[38;2;222;82;74;48;2;222;82;74m▀▀▀▀▀▀[38;2;16;16;16;48;2;16;16;16m▀[38;2;90;65;32;48;2;131;49;16m▀[38;2;131;49;16;48;2;222;82;74m▀[38;2;255;115;49;48;2;255;115;49m▀▀[38;2;16;16;16;48;2;16;16;16m▀[0m   [38;2;131;49;16;48;2;131;49;16m▀[38;2;255;164;98;48;2;255;164;98m▀[38;2;131;49;16;48;2;16;16;16m▀[0m    [38;2;131;49;16m▄[38;2;222;82;74;48;2;255;164;98m▀[38;2;131;49;16;49m▄[0m  [38;2;16;16;16m▄[0m   [38;2;16;16;16;48;2;16;16;16m▀[48;2;90;65;32m▀[38;2;131;49;16;48;2;131;49;16m▀[38;2;255;115;49;48;2;255;115;49m▀▀▀▀[48;2;222;82;74m▀[38;2;222;82;74m▀[38;2;131;49;16;48;2;131;49;16m▀[0m
[0m  [38;2;16;16;16m▀[38;2;222;82;74;48;2;16;16;16m▀[48;2;222;82;74m▀▀▀▀[48;2;131;49;16m▀[38;2;131;49;16;48;2;222;82;74m▀[38;2;222;82;74m▀▀[38;2;255;115;49m▀[48;2;16;16;16m▀[38;2;16;16;16;49m▀[0m  [38;2;131;49;16;48;2;131;49;16m▀[38;2;222;82;74;48;2;222;82;74m▀[38;2;255;115;49;48;2;255;115;49m▀[38;2;16;16;16;48;2;16;16;16m▀[0m   [38;2;131;49;16m▄[48;2;222;82;74m▀[38;2;255;164;98m▀[38;2;16;16;16;48;2;16;16;16m▀[0m [38;2;16;16;16;48;2;16;16;16m▀[38;2;255;115;49;48;2;255;115;49m▀[38;2;16;16;16m▀[49m▄[48;2;90;65;32m▀[38;2;90;65;32m▀▀[38;2;131;49;16;48;2;131;49;16m▀[38;2;255;115;49;48;2;255;115;49m▀▀[48;2;222;82;74m▀[38;2;222;82;74m▀▀▀[38;2;16;16;16;48;2;16;16;16m▀[0m
[0m  [38;2;16;16;16;48;2;16;16;16m▀[38;2;255;222;189;48;2;255;222;189m▀[38;2;16;16;16m▀[38;2;131;49;16;48;2;16;16;16m▀[48;2;90;65;32m▀[48;2;222;82;74m▀[38;2;222;82;74m▀▀▀[48;2;16;16;16m▀▀[38;2;16;16;16;49m▀[0m [38;2;16;16;16m▄[48;2;222;82;74m▀[38;2;222;82;74m▀▀[38;2;255;115;49m▀[48;2;255;115;49m▀[38;2;131;49;16m▀[49m▄▄[48;2;222;82;74m▀[38;2;222;82;74m▀▀[38;2;16;16;16;48;2;16;16;16m▀[0m [38;2;16;16;16;48;2;16;16;16m▀[38;2;255;115;49;48;2;255;115;49m▀▀[38;2;16;16;16;48;2;222;82;74m▀[38;2;90;65;32;48;2;16;16;16m▀[48;2;90;65;32m▀[38;2;131;49;16;48;2;131;49;16m▀[38;2;222;82;74;48;2;222;82;74m▀[38;2;255;115;49m▀▀[38;2;222;82;74m▀▀▀▀[38;2;16;16;16;48;2;16;16;16m▀[0m
[0m   [38;2;115;82;16;48;2;16;16;16m▀[38;2;255;222;189;48;2;115;82;16m▀[48;2;255;222;189m▀[38;2;90;65;32m▀[48;2;16;16;16m▀[38;2;16;16;16;49m▀▀[48;2;115;82;16m▀[38;2;255;222;189;48;2;230;189;139m▀[38;2;230;189;139;48;2;131;49;16m▀[38;2;131;49;16;48;2;222;222;222m▀▀[38;2;222;82;74;48;2;222;82;74m▀[48;2;255;164;98m▀[38;2;255;164;98m▀▀▀[38;2;255;115;49m▀[48;2;255;115;49m▀▀▀▀[38;2;222;82;74m▀▀[48;2;222;82;74m▀[38;2;16;16;16m▀▀[38;2;255;115;49;48;2;16;16;16m▀[48;2;222;82;74m▀[38;2;222;82;74m▀▀[38;2;16;16;16m▀[38;2;131;49;16;48;2;16;16;16m▀[38;2;222;82;74;48;2;222;82;74m▀▀▀▀▀▀[38;2;16;16;16;48;2;16;16;16m▀[0m
[0m   [38;2;16;16;16m▀[38;2;255;222;189;48;2;16;16;16m▀[38;2;115;82;16;48;2;255;222;189m▀▀▀[38;2;16;16;16;49m▄▄[38;2;115;82;16;48;2;131;49;16m▀[38;2;131;49;16;48;2;115;82;16m▀[38;2;222;222;222;48;2;222;222;222m▀[38;2;255;255;255;48;2;255;255;255m▀▀[38;2;222;222;222m▀[38;2;255;164;98;48;2;131;49;16m▀[48;2;255;164;98m▀▀▀▀▀[38;2;255;115;49;48;2;222;82;74m▀[48;2;222;222;222m▀▀▀▀[38;2;222;82;74;48;2;222;82;74m▀▀▀[38;2;16;16;16m▀[38;2;222;82;74;48;2;16;16;16m▀[48;2;222;82;74m▀▀▀▀[38;2;16;16;16m▀[38;2;222;82;74;48;2;16;16;16m▀▀[48;2;115;82;16m▀[48;2;16;16;16m▀[38;2;16;16;16;48;2;255;222;189m▀[49m▄[0m
[0m     [38;2;16;16;16;48;2;180;131;65m▀[48;2;255;222;189m▀[38;2;255;222;189;48;2;16;16;16m▀[38;2;230;189;139m▀▀[38;2;115;82;16;48;2;115;82;16m▀[38;2;180;131;65;48;2;255;222;189m▀[38;2;222;222;222;48;2;180;131;65m▀[38;2;255;255;255;48;2;222;222;222m▀[38;2;16;16;16;48;2;255;255;255m▀[38;2;255;255;255;48;2;222;222;222m▀[38;2;131;49;16;48;2;131;49;16m▀[38;2;255;164;98;48;2;255;164;98m▀▀▀[48;2;222;82;74m▀[38;2;222;82;74;48;2;222;222;222m▀[38;2;222;222;222;48;2;255;255;255m▀[38;2;255;255;255m▀▀▀▀[38;2;222;222;222m▀[38;2;131;49;16;48;2;131;49;16m▀[38;2;222;82;74;48;2;222;82;74m▀▀▀[38;2;16;16;16m▀▀[38;2;222;82;74;48;2;16;16;16m▀▀▀▀[38;2;90;65;32;48;2;255;222;189m▀[38;2;230;189;139m▀[38;2;255;222;189m▀[48;2;16;16;16m▀[38;2;16;16;16;49m▀[0m
[0m    [38;2;180;131;65;48;2;180;131;65m▀[38;2;255;222;189;48;2;255;222;189m▀[38;2;230;189;139;48;2;230;189;139m▀[38;2;115;82;16;48;2;115;82;16m▀[0m [38;2;16;16;16m▄[38;2;115;82;16;48;2;230;189;139m▀[38;2;255;222;189;48;2;255;222;189m▀[38;2;180;131;65;48;2;180;131;65m▀[38;2;131;49;16;48;2;115;82;16m▀[48;2;222;82;74m▀▀[38;2;255;115;49m▀[48;2;255;115;49m▀▀▀[38;2;131;49;16;48;2;131;49;16m▀[38;2;222;222;222;48;2;222;222;222m▀[38;2;255;255;255m▀[38;2;16;16;16;48;2;255;255;255m▀[38;2;255;255;255m▀▀[48;2;180;131;65m▀[48;2;131;49;16m▀[38;2;131;49;16;48;2;222;82;74m▀[38;2;222;82;74m▀▀▀▀▀▀[38;2;16;16;16m▀[38;2;255;222;189;48;2;16;16;16m▀▀▀▀[38;2;115;82;16m▀[38;2;16;16;16;48;2;180;131;65m▀[38;2;180;131;65;48;2;230;189;139m▀[49m▄[0m
[0m   [38;2;180;131;65;48;2;180;131;65m▀[38;2;255;222;189;48;2;255;222;189m▀[38;2;230;189;139;48;2;230;189;139m▀[38;2;115;82;16;48;2;115;82;16m▀[0m  [38;2;16;16;16;48;2;16;16;16m▀[38;2;230;189;139;48;2;180;131;65m▀[38;2;255;222;189;48;2;230;189;139m▀[48;2;255;222;189m▀[38;2;230;189;139m▀[38;2;115;82;16m▀[38;2;222;82;74;48;2;115;82;16m▀[48;2;222;82;74m▀▀▀▀▀[38;2;131;49;16;48;2;115;82;16m▀▀[48;2;222;82;74m▀▀[38;2;115;82;16;48;2;180;131;65m▀[38;2;255;222;189;48;2;255;222;189m▀[38;2;115;82;16;48;2;16;16;16m▀[38;2;222;82;74;48;2;222;82;74m▀▀▀▀[48;2;131;49;16m▀▀[48;2;222;82;74m▀[38;2;131;49;16;48;2;131;49;16m▀[38;2;16;16;16;48;2;115;82;16m▀[38;2;230;189;139;48;2;16;16;16m▀[48;2;255;222;189m▀▀[38;2;16;16;16;48;2;16;16;16m▀[38;2;90;65;32;48;2;90;65;32m▀[38;2;230;189;139;48;2;230;189;139m▀[38;2;180;131;65m▀[49m▄[0m
[38;2;16;16;16;49m▄[38;2;115;82;16;48;2;255;222;189m▀▀▀[38;2;230;189;139;48;2;115;82;16m▀▀[38;2;115;82;16;49m▀[0m  [38;2;16;16;16m▀[38;2;230;189;139;48;2;16;16;16m▀[38;2;180;131;65;48;2;230;189;139m▀[38;2;255;222;189;48;2;115;82;16m▀[48;2;255;222;189m▀▀▀[38;2;180;131;65m▀[38;2;115;82;16m▀▀▀[38;2;180;131;65m▀[38;2;255;222;189m▀▀[48;2;230;189;139m▀[38;2;180;131;65;48;2;255;222;189m▀[38;2;255;222;189m▀▀[38;2;16;16;16m▀▀[38;2;222;82;74;48;2;16;16;16m▀[48;2;115;82;16m▀[38;2;131;49;16;48;2;230;189;139m▀[38;2;230;189;139;48;2;115;82;16m▀[38;2;90;65;32;48;2;255;222;189m▀▀[38;2;115;82;16m▀[38;2;180;131;65;48;2;180;131;65m▀[38;2;16;16;16;48;2;16;16;16m▀[38;2;255;222;189;48;2;255;222;189m▀▀[38;2;16;16;16;48;2;16;16;16m▀[38;2;90;65;32;49m▀[38;2;230;189;139;48;2;90;65;32m▀[48;2;230;189;139m▀[38;2;180;131;65m▀[49m▄[0m
[38;2;16;16;16;49m▀▀▀[38;2;230;189;139;48;2;16;16;16m▀▀[38;2;115;82;16;49m▀[0m    [38;2;16;16;16m▀[38;2;230;189;139;48;2;16;16;16m▀▀[38;2;180;131;65;48;2;115;82;16m▀[38;2;230;189;139;48;2;180;131;65m▀[48;2;230;189;139m▀[38;2;255;222;189m▀▀▀▀▀▀▀▀[48;2;115;82;16m▀[38;2;230;189;139m▀[48;2;180;131;65m▀▀▀▀[38;2;180;131;65;48;2;16;16;16m▀[38;2;115;82;16;48;2;180;131;65m▀[38;2;16;16;16;48;2;230;189;139m▀[48;2;16;16;16m▀[38;2;115;82;16m▀[38;2;255;222;189m▀▀[38;2;180;131;65m▀[38;2;255;222;189;48;2;255;222;189m▀▀[38;2;16;16;16;48;2;16;16;16m▀[0m [38;2;90;65;32;48;2;16;16;16m▀[38;2;230;189;139;48;2;230;189;139m▀▀[38;2;180;131;65;48;2;90;65;32m▀[49m▄[0m
[0m             [38;2;16;16;16m▀▀[38;2;230;189;139;48;2;16;16;16m▀▀▀[48;2;230;189;139m▀▀[48;2;180;131;65m▀[48;2;115;82;16m▀[38;2;180;131;65;48;2;230;189;139m▀[38;2;115;82;16m▀[38;2;230;189;139m▀▀▀▀▀[48;2;180;131;65m▀[38;2;180;131;65;48;2;16;16;16m▀[38;2;16;16;16;49m▀▀[0m   [38;2;90;65;32;48;2;90;65;32m▀[48;2;255;222;189m▀[38;2;16;16;16m▀[48;2;90;65;32m▀[0m  [38;2;16;16;16m▀[38;2;90;65;32;48;2;16;16;16m▀[48;2;230;189;139m▀[38;2;230;189;139m▀▀[38;2;180;131;65m▀[49m▄[0m
[0m                  [38;2;16;16;16m▀▀▀▀[38;2;230;189;139;48;2;16;16;16m▀▀[38;2;255;222;189m▀▀▀[38;2;230;189;139m▀[38;2;16;16;16;49m▀▀[0m      [38;2;90;65;32m▀[38;2;255;222;189;48;2;90;65;32m▀[48;2;255;222;189m▀[38;2;230;189;139;48;2;230;189;139m▀[38;2;90;65;32;48;2;90;65;32m▀[0m  [38;2;16;16;16m▀[38;2;180;131;65;48;2;16;16;16m▀▀[38;2;16;16;16;49m▀▀[38;2;230;189;139;48;2;16;16;16m▀[38;2;16;16;16m▀[0m
[0m                                     [38;2;90;65;32;48;2;90;65;32m▀[38;2;115;82;16;48;2;255;222;189m▀[38;2;180;131;65m▀[38;2;90;65;32;48;2;230;189;139m▀[49m▄[0m
[0m                                     [38;2;90;65;32m▀[38;2;180;131;65;48;2;16;16;16m▀[38;2;255;222;189m▀▀[38;2;230;189;139;48;2;230;189;139m▀[38;2;16;16;16;48;2;16;16;16m▀[0m
[0m                                         [38;2;16;16;16m▀▀[0m
