[0m              [38;2;90;82;82m▄▄▄[48;2;205;205;222m▀[48;2;238;238;238m▀▀▀▀▀▀▀▀[48;2;205;205;222m▀[38;2;16;16;16;49m▄▄▄[0m
[0m          [38;2;90;82;82m▄▄[48;2;205;205;222m▀[48;2;238;238;238m▀[38;2;205;205;222m▀[38;2;238;238;238m▀▀▀▀▀▀▀▀▀▀▀▀▀▀[38;2;205;205;222m▀[38;2;16;16;16;48;2;205;205;222m▀[48;2;238;238;238m▀[49m▄▄[0m
[0m        [38;2;90;82;82m▄[48;2;238;238;238m▀[38;2;205;205;222m▀[38;2;238;238;238m▀▀[48;2;255;255;255m▀[38;2;255;255;255m▀▀▀▀▀[38;2;238;238;238m▀[48;2;238;238;238m▀▀▀▀▀▀▀▀▀[38;2;205;205;222m▀[38;2;238;238;238;48;2;205;205;222m▀[38;2;205;205;222;48;2;238;238;238m▀[38;2;238;238;238;48;2;205;205;222m▀[38;2;205;205;222m▀[38;2;16;16;16m▀[49m▄[0m
[0m      [38;2;90;82;82m▄[48;2;205;205;222m▀[38;2;205;205;222;48;2;238;238;238m▀[38;2;238;238;238m▀▀▀[38;2;255;255;255;48;2;255;255;255m▀▀▀▀▀▀▀▀▀[38;2;238;238;238;48;2;238;238;238m▀▀▀▀▀▀▀▀▀▀▀[38;2;205;205;222m▀[48;2;205;205;222m▀▀▀[38;2;16;16;16m▀[49m▄[0m
[0m    [38;2;90;82;82m▄[48;2;205;205;222m▀[38;2;205;205;222m▀[38;2;238;238;238;48;2;238;238;238m▀▀▀▀▀[38;2;255;255;255m▀[48;2;255;255;255m▀▀▀▀▀▀▀[48;2;238;238;238m▀[38;2;238;238;238m▀▀▀▀▀▀▀▀▀▀▀▀▀[38;2;205;205;222;48;2;205;205;222m▀▀▀▀[38;2;16;16;16m▀[49m▄[0m
[0m   [38;2;90;82;82m▄[48;2;205;205;222m▀[38;2;205;205;222m▀[38;2;238;238;238;48;2;238;238;238m▀▀▀▀▀▀▀▀[38;2;255;255;255m▀▀▀▀▀[38;2;238;238;238m▀▀▀▀▀▀▀▀▀[48;2;90;82;82m▀▀▀[48;2;205;205;222m▀[48;2;238;238;238m▀▀▀[38;2;205;205;222;48;2;205;205;222m▀▀▀▀[38;2;16;16;16m▀[49m▄[0m
[0m  [38;2;90;82;82m▄[48;2;205;205;222m▀[38;2;205;205;222m▀[38;2;238;238;238;48;2;238;238;238m▀▀▀[48;2;90;82;82m▀[38;2;90;82;82;48;2;238;238;238m▀▀[38;2;238;238;238;48;2;90;82;82m▀[48;2;238;238;238m▀▀▀▀▀▀▀▀▀▀▀▀▀▀[48;2;90;82;82m▀[38;2;90;82;82;48;2;205;205;222m▀[38;2;205;205;222m▀▀▀[38;2;90;82;82m▀[38;2;205;205;222;48;2;90;82;82m▀[38;2;238;238;238;48;2;205;205;222m▀[48;2;238;238;238m▀▀[38;2;205;205;222;48;2;205;205;222m▀▀▀▀[38;2;16;16;16m▀[49m▄[0m
[0m [38;2;16;16;16m▄[38;2;90;82;82;48;2;205;205;222m▀[38;2;205;205;222m▀[38;2;238;238;238;48;2;238;238;238m▀▀[48;2;90;82;82m▀[38;2;90;82;82;48;2;238;238;238m▀[38;2;238;238;238m▀▀▀[38;2;205;205;222m▀[38;2;90;82;82;48;2;90;82;82m▀[38;2;238;238;238;48;2;238;238;238m▀▀▀▀▀▀▀▀▀▀▀[48;2;90;82;82m▀[38;2;90;82;82;48;2;205;205;222m▀[38;2;205;205;222m▀▀[48;2;238;238;238m▀▀[38;2;238;238;238m▀▀[38;2;205;205;222m▀[38;2;90;82;82;48;2;90;82;82m▀[38;2;205;205;222;48;2;205;205;222m▀[38;2;238;238;238;48;2;238;238;238m▀[38;2;205;205;222;48;2;205;205;222m▀▀▀▀▀[38;2;16;16;16m▀[49m▄[0m
[0m [38;2;16;16;16;48;2;16;16;16m▀[38;2;205;205;222;48;2;205;205;222m▀▀[38;2;238;238;238;48;2;238;238;238m▀[48;2;90;82;82m▀[38;2;90;82;82;48;2;238;238;238m▀[38;2;238;238;238m▀▀▀▀▀[38;2;205;205;222m▀[38;2;90;82;82;48;2;90;82;82m▀[38;2;238;238;238;48;2;238;238;238m▀▀▀▀▀[48;2;191;143;152m▀[48;2;238;238;238m▀▀[48;2;205;205;222m▀[38;2;90;82;82;48;2;90;82;82m▀[38;2;205;205;222;48;2;205;205;222m▀[48;2;238;238;238m▀[38;2;238;238;238m▀▀▀▀▀▀▀[38;2;205;205;222m▀[38;2;90;82;82m▀[38;2;238;238;238m▀▀[38;2;205;205;222;48;2;205;205;222m▀▀▀▀▀[38;2;16;16;16;48;2;16;16;16m▀[0m
[38;2;16;16;16;48;2;16;16;16m▀[38;2;205;205;222;48;2;205;205;222m▀▀[38;2;238;238;238;48;2;238;238;238m▀▀[38;2;90;82;82m▀[38;2;238;238;238m▀▀▀▀▀▀▀[38;2;205;205;222m▀[38;2;90;82;82;48;2;90;82;82m▀[38;2;238;238;238;48;2;238;238;238m▀▀▀▀[38;2;191;143;152m▀[38;2;205;205;222;48;2;90;82;82m▀[48;2;205;205;222m▀[38;2;90;82;82;48;2;90;82;82m▀[38;2;205;205;222;48;2;238;238;238m▀[38;2;238;238;238m▀▀▀▀▀▀▀▀▀▀▀▀▀[38;2;205;205;222;48;2;205;205;222m▀▀▀▀▀▀[38;2;16;16;16;48;2;16;16;16m▀[0m
[38;2;16;16;16;48;2;16;16;16m▀[38;2;205;205;222;48;2;191;143;152m▀[48;2;205;205;222m▀[38;2;238;238;238;48;2;238;238;238m▀▀▀▀▀▀▀▀[38;2;16;16;16;48;2;16;16;16m▀[38;2;238;238;238;48;2;238;238;238m▀▀▀▀▀▀▀▀[38;2;90;82;82;48;2;90;82;82m▀[38;2;205;205;222;48;2;205;205;222m▀[48;2;238;238;238m▀[38;2;238;238;238m▀▀▀[48;2;16;16;16m▀[48;2;238;238;238m▀▀▀▀▀▀▀▀▀▀[38;2;205;205;222;48;2;205;205;222m▀▀▀▀▀[48;2;191;143;152m▀[38;2;16;16;16;48;2;16;16;16m▀[0m
[38;2;16;16;16;48;2;16;16;16m▀[38;2;197;41;65;48;2;197;41;65m▀[38;2;191;143;152m▀[38;2;238;238;238;48;2;246;164;139m▀[48;2;238;238;238m▀▀▀▀▀▀▀[38;2;16;16;16;48;2;191;143;152m▀[38;2;238;238;238;48;2;238;238;238m▀▀▀▀▀▀▀▀▀▀▀▀▀▀[38;2;16;16;16;48;2;16;16;16m▀[38;2;238;238;238;48;2;238;238;238m▀▀▀▀▀▀▀▀▀[48;2;205;205;222m▀[38;2;205;205;222m▀▀▀[48;2;191;143;152m▀[38;2;191;143;152;48;2;197;41;65m▀[38;2;197;41;65m▀[38;2;16;16;16;48;2;16;16;16m▀[0m
[38;2;16;16;16;48;2;16;16;16m▀[38;2;197;41;65;48;2;197;41;65m▀▀[38;2;255;82;32;48;2;255;82;32m▀[38;2;246;164;139m▀[38;2;238;238;238;48;2;246;164;139m▀[48;2;238;238;238m▀▀▀▀▀▀▀▀▀▀▀▀▀▀▀▀▀▀▀▀[38;2;191;143;152m▀[38;2;238;238;238m▀▀▀▀▀▀▀▀▀[38;2;205;205;222;48;2;191;143;152m▀[48;2;197;41;65m▀[38;2;191;143;152m▀[38;2;197;41;65m▀▀▀▀[38;2;16;16;16;48;2;16;16;16m▀[0m
[38;2;16;16;16;48;2;16;16;16m▀[38;2;197;41;65;48;2;197;41;65m▀▀[38;2;230;57;49;48;2;230;57;49m▀[38;2;255;82;32;48;2;255;82;32m▀▀▀[38;2;246;164;139m▀[38;2;238;238;238m▀▀[48;2;246;164;139m▀[48;2;238;238;238m▀▀▀▀▀▀▀▀▀▀▀▀▀▀▀▀▀▀▀▀[48;2;246;164;139m▀[48;2;255;82;32m▀▀[38;2;246;164;139;48;2;230;57;49m▀[38;2;230;57;49m▀[38;2;197;41;65;48;2;197;41;65m▀▀▀▀▀▀▀[38;2;16;16;16;48;2;16;16;16m▀[0m
[0m [38;2;16;16;16;48;2;16;16;16m▀[38;2;197;41;65;48;2;197;41;65m▀▀[38;2;255;82;32;48;2;230;57;49m▀▀[48;2;255;82;32m▀▀▀▀▀▀▀[38;2;246;164;139m▀[38;2;238;238;238m▀▀▀▀▀▀▀▀▀▀▀[38;2;246;164;139m▀[38;2;255;82;32m▀▀▀▀▀▀[48;2;230;57;49m▀[38;2;230;57;49;48;2;197;41;65m▀[48;2;131;16;16m▀[38;2;197;41;65;48;2;197;41;65m▀▀▀▀▀▀▀[38;2;16;16;16;48;2;16;16;16m▀[0m
[0m [38;2;16;16;16m▀[38;2;197;41;65;48;2;16;16;16m▀[48;2;197;41;65m▀▀[38;2;230;57;49;48;2;230;57;49m▀[38;2;255;82;32m▀[38;2;131;16;16m▀[38;2;197;41;65;48;2;16;16;16m▀[38;2;255;82;32;48;2;131;16;16m▀▀▀▀[48;2;255;82;32m▀▀▀▀▀▀▀▀▀▀▀▀▀▀▀[48;2;131;16;16m▀▀▀▀[38;2;131;16;16;48;2;205;205;222m▀[48;2;16;16;16m▀[38;2;197;41;65;48;2;197;41;65m▀▀▀▀▀▀▀[48;2;16;16;16m▀[38;2;16;16;16;49m▀[0m
[0m  [38;2;16;16;16m▀[38;2;197;41;65;48;2;16;16;16m▀[48;2;197;41;65m▀▀[38;2;230;57;49m▀[48;2;230;57;49m▀▀[38;2;16;16;16;48;2;16;16;16m▀[38;2;205;205;222;48;2;205;205;222m▀[48;2;255;255;255m▀[48;2;205;205;222m▀[38;2;131;16;16m▀▀▀▀▀▀▀▀▀▀▀▀▀▀▀[38;2;205;205;222m▀[48;2;255;255;255m▀▀▀[48;2;16;16;16m▀[38;2;16;16;16;48;2;197;41;65m▀[38;2;197;41;65m▀▀▀▀▀▀[48;2;16;16;16m▀[38;2;16;16;16;49m▀[0m
[0m   [38;2;16;16;16m▀[38;2;197;41;65;48;2;16;16;16m▀[48;2;197;41;65m▀▀▀▀[38;2;230;57;49m▀[38;2;16;16;16m▀[38;2;255;255;255;48;2;16;16;16m▀[48;2;255;255;255m▀▀▀▀▀▀▀▀▀▀▀▀▀▀▀[48;2;191;143;152m▀[48;2;255;255;255m▀▀[48;2;205;205;222m▀[38;2;205;205;222;48;2;16;16;16m▀[38;2;16;16;16;48;2;197;41;65m▀[38;2;197;41;65m▀▀▀▀▀▀[48;2;16;16;16m▀[38;2;16;16;16;49m▀[0m
[0m    [38;2;16;16;16m▀[38;2;197;41;65;48;2;16;16;16m▀[48;2;197;41;65m▀▀▀▀▀▀[38;2;16;16;16m▀[38;2;255;255;255;48;2;16;16;16m▀▀[48;2;255;255;255m▀▀▀▀▀▀▀▀[38;2;191;143;152;48;2;90;82;82m▀[38;2;255;255;255;48;2;255;255;255m▀▀▀[38;2;90;82;82;48;2;90;82;82m▀[38;2;255;255;255;48;2;205;205;222m▀[48;2;16;16;16m▀[38;2;16;16;16;48;2;197;41;65m▀[38;2;197;41;65m▀▀▀▀▀▀▀[48;2;16;16;16m▀[38;2;16;16;16;49m▀[0m
[0m      [38;2;16;16;16m▀[38;2;197;41;65;48;2;16;16;16m▀[48;2;197;41;65m▀▀▀▀▀▀▀[38;2;16;16;16m▀▀[38;2;205;205;222;48;2;16;16;16m▀[38;2;255;255;255m▀▀▀▀▀[38;2;90;82;82m▀[38;2;255;255;255m▀[38;2;205;205;222m▀[38;2;16;16;16;48;2;197;41;65m▀▀▀[38;2;197;41;65m▀▀▀▀▀▀▀[48;2;16;16;16m▀[38;2;16;16;16;49m▀[0m
[0m        [38;2;16;16;16m▀[38;2;197;41;65;48;2;16;16;16m▀[48;2;197;41;65m▀▀▀▀▀▀▀▀▀▀▀▀▀▀▀▀▀▀▀▀▀▀▀▀[48;2;16;16;16m▀[38;2;16;16;16;49m▀[0m
[0m          [38;2;16;16;16m▀▀[38;2;197;41;65;48;2;16;16;16m▀▀[48;2;197;41;65m▀▀▀▀▀▀▀▀▀▀▀▀▀▀▀▀[48;2;16;16;16m▀▀[38;2;16;16;16;49m▀▀[0m
[0m              [38;2;16;16;16m▀▀▀[38;2;197;41;65;48;2;16;16;16m▀▀▀▀▀▀▀▀▀▀[38;2;16;16;16;49m▀▀▀[0m
