[0m           [38;2;16;16;16m▄▄[38;2;82;98;41;48;2;156;213;74m▀▀▀▀[49m▄▄▄[0m           [38;2;82;98;41m▄▄[0m       [38;2;82;98;41m▄▄[48;2;156;213;74m▀▀[48;2;16;16;16m▀[38;2;16;16;16;49m▀[0m
[0m             [38;2;16;16;16m▀▀[38;2;156;213;74;48;2;16;16;16m▀▀[48;2;156;213;74m▀▀▀[38;2;82;98;41m▀[49m▄▄[0m       [38;2;82;98;41;48;2;82;98;41m▀[38;2;156;213;74;48;2;156;213;74m▀[38;2;82;98;41;48;2;82;98;41m▀[0m     [38;2;82;98;41m▄[48;2;156;213;74m▀[38;2;156;213;74m▀▀[48;2;16;16;16m▀[38;2;16;16;16;49m▀[0m
[0m                 [38;2;16;16;16m▀[38;2;156;213;74;48;2;16;16;16m▀[48;2;156;213;74m▀▀▀▀[38;2;82;98;41m▀[49m▄[0m    [38;2;82;98;41;48;2;82;98;41m▀[38;2;156;213;74;48;2;156;213;74m▀[48;2;115;172;49m▀[38;2;82;98;41;48;2;82;98;41m▀[0m   [38;2;82;98;41m▄[48;2;156;213;74m▀[38;2;156;213;74m▀▀[48;2;16;16;16m▀[38;2;16;16;16;49m▀[0m
[0m     [38;2;82;98;41m▄▄▄▄▄▄▄▄▄▄[0m    [38;2;16;16;16m▀[38;2;156;213;74;48;2;16;16;16m▀[48;2;156;213;74m▀▀▀▀[38;2;82;98;41m▀[49m▄[0m [38;2;82;98;41m▄[48;2;156;213;74m▀[38;2;156;213;74m▀[38;2;82;98;41;48;2;82;98;41m▀[0m  [38;2;82;98;41m▄[48;2;156;213;74m▀[38;2;156;213;74m▀▀[48;2;115;172;49m▀[38;2;115;172;49;48;2;16;16;16m▀[38;2;16;16;16;49m▀[0m
[0m  [38;2;16;16;16m▄[38;2;82;98;41;48;2;16;16;16m▀▀[38;2;156;213;74m▀▀▀▀▀[48;2;156;213;74m▀▀▀▀▀[38;2;82;98;41m▀▀▀[49m▄▄[0m [38;2;16;16;16;48;2;16;16;16m▀[38;2;156;213;74;48;2;115;172;49m▀[48;2;156;213;74m▀▀▀[38;2;82;98;41m▀[49m▄[48;2;156;213;74m▀[38;2;156;213;74m▀[38;2;115;172;49;48;2;115;172;49m▀[38;2;82;98;41;48;2;82;98;41m▀[0m [38;2;82;98;41m▄[48;2;156;213;74m▀[38;2;156;213;74m▀▀[38;2;115;172;49;48;2;115;172;49m▀[48;2;16;16;16m▀[38;2;16;16;16;49m▀[0m     [38;2;82;98;41m▄▄▄[48;2;156;213;74m▀▀▀▀▀▀[38;2;16;16;16;49m▄▄[0m
[0m          [38;2;16;16;16m▀▀▀[38;2;156;213;74;48;2;16;16;16m▀▀▀[48;2;156;213;74m▀▀▀▀[38;2;82;98;41m▀[48;2;115;172;49m▀[38;2;16;16;16;48;2;16;16;16m▀[38;2;115;172;49;48;2;115;172;49m▀[38;2;156;213;74m▀[48;2;156;213;74m▀▀[38;2;82;98;41;48;2;82;98;41m▀[38;2;156;213;74;48;2;156;213;74m▀[48;2;115;172;49m▀[38;2;115;172;49m▀▀[38;2;82;98;41;48;2;82;98;41m▀[48;2;156;213;74m▀[38;2;156;213;74m▀[48;2;115;172;49m▀[38;2;115;172;49m▀[48;2;16;16;16m▀[38;2;16;16;16;49m▀[0m  [38;2;82;98;41m▄▄[48;2;156;213;74m▀▀[38;2;156;213;74m▀▀▀▀[48;2;16;16;16m▀▀[38;2;16;16;16;49m▀▀▀[0m
[0m      [38;2;82;98;41m▄▄▄▄▄▄▄▄▄[0m [38;2;16;16;16m▀▀[38;2;156;213;74;48;2;16;16;16m▀[48;2;156;213;74m▀▀▀▀[38;2;82;98;41m▀[38;2;115;172;49;48;2;82;98;41m▀[48;2;115;172;49m▀[38;2;156;213;74m▀[38;2;115;172;49m▀[38;2;156;213;74;48;2;156;213;74m▀[38;2;115;172;49;48;2;115;172;49m▀▀▀[38;2;82;98;41;48;2;82;98;41m▀[38;2;156;213;74;48;2;115;172;49m▀▀[38;2;115;172;49m▀▀[38;2;16;16;16;48;2;16;16;16m▀[0m [38;2;16;16;16m▄[48;2;115;172;49m▀[38;2;115;172;49;48;2;156;213;74m▀[38;2;156;213;74m▀▀▀▀[48;2;16;16;16m▀[38;2;16;16;16;49m▀▀[0m
[0m [38;2;82;98;41m▄▄[48;2;156;213;74m▀▀▀[38;2;156;213;74m▀▀▀▀▀▀▀[48;2;115;172;49m▀▀[38;2;82;98;41m▀▀▀[49m▄[38;2;16;16;16;48;2;82;98;41m▀[38;2;156;213;74;48;2;16;16;16m▀[48;2;156;213;74m▀▀▀[38;2;115;172;49;48;2;115;172;49m▀[38;2;82;98;41m▀[38;2;115;172;49;48;2;16;16;16m▀[48;2;115;172;49m▀▀▀▀▀▀▀▀▀[48;2;16;16;16m▀[38;2;16;16;16m▀[48;2;115;172;49m▀[38;2;115;172;49m▀[38;2;156;213;74m▀▀[38;2;115;172;49m▀[48;2;16;16;16m▀[38;2;16;16;16m▀[48;2;156;213;74m▀▀[38;2;82;98;41m▀▀▀▀▀▀▀[49m▄▄▄[0m
[38;2;16;16;16;49m▀▀▀▀▀▀▀▀▀▀▀▀[38;2;115;172;49;48;2;16;16;16m▀▀▀▀[48;2;115;172;49m▀▀▀▀▀[38;2;16;16;16m▀[38;2;115;172;49;48;2;16;16;16m▀[48;2;115;172;49m▀▀▀▀▀▀▀▀▀▀▀▀▀[38;2;16;16;16m▀[38;2;115;172;49m▀▀▀[48;2;16;16;16m▀[38;2;16;16;16;48;2;115;172;49m▀▀[38;2;115;172;49m▀▀[38;2;156;213;74m▀▀[48;2;156;213;74m▀▀▀▀▀▀▀▀▀▀[38;2;82;98;41m▀▀[49m▄▄[0m
[0m        [38;2;82;98;41m▄▄▄[48;2;156;213;74m▀▀▀▀▀▀▀[48;2;115;172;49m▀▀[38;2;115;172;49;48;2;82;98;41m▀▀[38;2;16;16;16;48;2;115;172;49m▀[48;2;16;16;16m▀[38;2;115;172;49;48;2;115;172;49m▀▀▀▀▀▀▀▀▀▀▀▀▀[48;2;82;98;41m▀[38;2;82;98;41;48;2;115;172;49m▀▀[38;2;115;172;49m▀▀▀▀▀▀[48;2;16;16;16m▀▀▀[38;2;16;16;16;49m▀▀▀▀▀▀▀▀[38;2;156;213;74;48;2;16;16;16m▀▀▀▀[38;2;82;98;41m▀[38;2;16;16;16;49m▄[0m
[0m     [38;2;82;98;41m▄[48;2;156;213;74m▀▀[38;2;156;213;74m▀▀▀▀▀[48;2;115;172;49m▀▀▀[38;2;115;172;49m▀▀▀▀▀▀[38;2;82;98;41m▀▀[38;2;16;16;16;48;2;16;16;16m▀[38;2;115;172;49;48;2;115;172;49m▀▀▀▀▀▀▀▀▀▀▀[38;2;82;98;41m▀[38;2;115;172;49m▀▀▀▀[48;2;82;98;41m▀▀▀[38;2;16;16;16m▀▀[38;2;82;98;41;49m▄▄[0m
[0m  [38;2;82;98;41m▄[48;2;156;213;74m▀▀[38;2;156;213;74m▀[48;2;16;16;16m▀▀▀▀[38;2;16;16;16;49m▀▀▀▀▀[48;2;115;65;16m▀▀[48;2;16;16;16m▀[38;2;115;172;49m▀▀▀[48;2;115;172;49m▀▀▀▀▀▀▀▀▀▀▀▀▀▀[48;2;16;16;16m▀▀▀▀[38;2;82;98;41m▀[48;2;115;172;49m▀[38;2;115;172;49m▀▀[38;2;156;213;74m▀▀[48;2;156;213;74m▀▀▀[38;2;82;98;41m▀▀▀[49m▄▄[0m
[38;2;16;16;16;49m▄[38;2;82;98;41;48;2;16;16;16m▀[38;2;156;213;74m▀▀[38;2;16;16;16;49m▀▀[0m      [38;2;115;65;16m▄[48;2;230;172;90m▀▀[38;2;230;172;90m▀▀▀▀▀[38;2;16;16;16m▀[48;2;115;65;16m▀▀[38;2;115;172;49m▀[48;2;16;16;16m▀▀[48;2;115;172;49m▀▀▀▀▀▀[48;2;115;65;16m▀[38;2;16;16;16;48;2;255;222;106m▀▀[38;2;255;222;106m▀▀[38;2;230;172;90m▀▀[48;2;230;172;90m▀[38;2;16;16;16m▀▀[38;2;115;172;49;48;2;16;16;16m▀▀▀▀[48;2;115;172;49m▀[38;2;156;213;74m▀▀▀▀[48;2;156;213;74m▀▀[38;2;82;98;41;48;2;115;172;49m▀[49m▄[0m
[0m           [38;2;115;65;16;48;2;115;65;16m▀[38;2;230;172;90;48;2;230;172;90m▀▀▀▀▀▀[48;2;115;65;16m▀[38;2;115;65;16;48;2;230;172;90m▀[48;2;255;222;106m▀[38;2;230;172;90m▀[38;2;255;222;106m▀[38;2;230;172;90m▀▀[48;2;230;172;90m▀[38;2;16;16;16m▀▀[38;2;115;172;49;48;2;16;16;16m▀[48;2;115;172;49m▀▀[38;2;115;65;16;48;2;115;65;16m▀[38;2;255;222;106;48;2;255;222;106m▀▀▀▀▀▀▀▀[38;2;230;172;90m▀[48;2;230;172;90m▀[48;2;115;65;16m▀[38;2;16;16;16m▀[49m▄[0m [38;2;16;16;16m▀▀▀▀[38;2;115;172;49;48;2;16;16;16m▀▀▀[48;2;115;172;49m▀▀[38;2;82;98;41m▀[49m▄[0m
[0m          [38;2;115;65;16;48;2;115;65;16m▀[38;2;230;172;90;48;2;230;172;90m▀[38;2;255;255;255m▀[48;2;255;255;255m▀[38;2;16;16;16;48;2;255;222;106m▀[38;2;230;172;90m▀[48;2;164;106;32m▀[38;2;164;106;32;48;2;255;222;106m▀[38;2;255;222;106;48;2;255;238;164m▀[38;2;255;238;164m▀▀▀▀[38;2;255;222;106;48;2;255;222;106m▀▀▀▀[38;2;230;172;90;48;2;230;172;90m▀▀[38;2;16;16;16m▀[38;2;115;65;16;48;2;115;65;16m▀[38;2;255;222;106;48;2;255;222;106m▀▀▀▀[48;2;230;172;90m▀[48;2;164;106;32m▀▀[48;2;255;222;106m▀▀▀[38;2;115;65;16;48;2;230;172;90m▀[38;2;16;16;16;48;2;255;255;255m▀[38;2;255;255;255m▀[38;2;16;16;16;48;2;164;106;32m▀[49m▄[0m       [38;2;16;16;16m▀▀[38;2;115;172;49;48;2;16;16;16m▀▀[38;2;82;98;41;48;2;115;172;49m▀[49m▄[0m
[0m       [38;2;115;65;16m▄[48;2;255;238;164m▀[48;2;255;222;106m▀[38;2;230;172;90m▀▀▀[38;2;255;222;106m▀▀[38;2;164;106;32;48;2;164;106;32m▀[38;2;255;222;106;48;2;255;238;164m▀[38;2;255;238;164m▀▀▀[48;2;230;172;90m▀[48;2;255;238;164m▀▀▀[38;2;255;222;106;48;2;255;222;106m▀▀▀▀[38;2;230;172;90;48;2;230;172;90m▀[38;2;115;65;16;48;2;115;65;16m▀[38;2;230;172;90;48;2;230;172;90m▀[38;2;255;222;106;48;2;255;222;106m▀[38;2;164;106;32;48;2;164;106;32m▀[38;2;230;172;90;48;2;255;255;255m▀▀[38;2;16;16;16m▀[38;2;255;255;255;48;2;230;172;90m▀[38;2;164;106;32;48;2;255;222;106m▀[38;2;255;222;106m▀▀▀▀[38;2;164;106;32;48;2;230;172;90m▀▀[38;2;230;172;90m▀[38;2;16;16;16m▀[49m▄[0m          [38;2;16;16;16m▀[38;2;115;172;49;48;2;16;16;16m▀[38;2;82;98;41m▀[0m
[0m        [38;2;16;16;16m▀[38;2;255;222;106;48;2;16;16;16m▀▀▀[48;2;115;65;16m▀[38;2;164;106;32;48;2;255;222;106m▀[38;2;255;222;106;48;2;230;172;90m▀[38;2;164;106;32;48;2;164;106;32m▀[38;2;255;238;164m▀[38;2;230;172;90;48;2;230;172;90m▀[38;2;255;238;164;48;2;255;238;164m▀▀▀[38;2;164;106;32;48;2;255;255;255m▀[48;2;16;16;16m▀[48;2;255;255;255m▀▀[38;2;230;172;90m▀[38;2;255;222;106;48;2;230;172;90m▀[48;2;255;222;106m▀[38;2;230;172;90;48;2;230;172;90m▀[38;2;16;16;16;48;2;16;16;16m▀[38;2;230;172;90;48;2;230;172;90m▀[38;2;255;222;106m▀[48;2;255;222;106m▀[38;2;164;106;32m▀[38;2;230;172;90m▀▀[38;2;255;222;106m▀▀▀[48;2;230;172;90m▀▀[38;2;230;172;90m▀[48;2;115;65;16m▀[48;2;16;16;16m▀[38;2;115;65;16;48;2;115;65;16m▀[38;2;230;172;90;48;2;230;172;90m▀[38;2;16;16;16;48;2;16;16;16m▀[0m
[0m          [38;2;115;65;16m▀[38;2;164;106;32;48;2;115;65;16m▀[38;2;115;65;16;48;2;230;172;90m▀[38;2;255;222;106;48;2;255;222;106m▀[38;2;164;106;32;48;2;115;65;16m▀[38;2;255;255;255;48;2;255;255;255m▀[38;2;16;16;16m▀[38;2;230;172;90;48;2;230;172;90m▀[38;2;255;238;164;48;2;255;238;164m▀▀▀[38;2;255;255;255;48;2;255;222;106m▀[48;2;255;255;255m▀▀▀[48;2;255;222;106m▀[38;2;230;172;90m▀[38;2;255;222;106m▀[38;2;230;172;90;48;2;230;172;90m▀[38;2;16;16;16;48;2;16;16;16m▀[38;2;230;172;90;48;2;230;172;90m▀▀▀[38;2;255;222;106m▀▀▀▀[38;2;164;106;32m▀[38;2;115;65;16;48;2;115;65;16m▀[38;2;16;16;16m▀[48;2;164;106;32m▀▀[38;2;115;65;16m▀[48;2;115;65;16m▀[38;2;230;172;90;48;2;230;172;90m▀▀[38;2;16;16;16;48;2;16;16;16m▀[0m
[0m          [38;2;115;65;16m▄[48;2;255;222;106m▀[38;2;255;222;106m▀[48;2;230;172;90m▀[38;2;115;65;16;48;2;255;222;106m▀[38;2;230;172;90m▀▀[38;2;255;238;164;48;2;255;238;164m▀▀▀[48;2;255;222;106m▀▀[38;2;255;222;106m▀[48;2;230;172;90m▀[48;2;164;106;32m▀[48;2;115;65;16m▀[38;2;164;106;32;48;2;255;222;106m▀[38;2;255;222;106;48;2;230;172;90m▀[38;2;230;172;90m▀[38;2;16;16;16m▀[38;2;230;172;90;48;2;16;16;16m▀[48;2;230;172;90m▀▀▀▀▀▀▀▀▀[38;2;115;65;16m▀[38;2;16;16;16m▀[38;2;115;65;16m▀[38;2;230;172;90m▀▀[48;2;16;16;16m▀[38;2;16;16;16;49m▀[0m
[0m           [38;2;115;65;16m▀[38;2;230;172;90;48;2;115;65;16m▀▀[38;2;16;16;16;48;2;230;172;90m▀▀[48;2;16;16;16m▀[38;2;115;65;16m▀[48;2;255;255;255m▀[48;2;16;16;16m▀▀[48;2;164;106;32m▀[38;2;164;106;32;48;2;230;172;90m▀▀[38;2;255;255;255;48;2;16;16;16m▀[38;2;16;16;16;48;2;164;106;32m▀[38;2;255;222;106;48;2;230;172;90m▀[38;2;230;172;90m▀▀▀[38;2;16;16;16m▀[38;2;230;172;90;48;2;16;16;16m▀[48;2;230;172;90m▀▀▀▀▀▀▀▀▀▀▀▀[48;2;16;16;16m▀[38;2;16;16;16;49m▀[0m
[0m              [38;2;115;65;16m▀▀[38;2;16;16;16m▀[38;2;230;172;90;48;2;16;16;16m▀[38;2;16;16;16;48;2;230;172;90m▀[38;2;115;65;16m▀[38;2;16;16;16;48;2;115;65;16m▀[38;2;230;172;90;48;2;230;172;90m▀▀▀[48;2;164;106;32m▀[38;2;115;65;16;48;2;230;172;90m▀[38;2;230;172;90m▀▀▀▀[48;2;16;16;16m▀[38;2;16;16;16;48;2;139;115;65m▀▀[38;2;230;172;90;48;2;16;16;16m▀▀[48;2;230;172;90m▀▀▀▀▀▀[48;2;16;16;16m▀▀[38;2;16;16;16;49m▀[0m
[0m                  [38;2;16;16;16m▀[38;2;230;172;90;48;2;16;16;16m▀▀[38;2;164;106;32;48;2;230;172;90m▀[38;2;115;65;16m▀▀[38;2;230;172;90m▀▀▀[48;2;16;16;16m▀▀[38;2;16;16;16;48;2;139;115;65m▀[38;2;139;115;65m▀▀▀▀▀[38;2;16;16;16m▀▀▀[48;2;16;16;16m▀[49m▀▀[0m
[0m                     [38;2;16;16;16;48;2;82;65;16m▀[48;2;180;156;74m▀▀▀▀▀[38;2;139;115;65;48;2;139;115;65m▀▀▀▀▀▀▀▀▀[48;2;82;65;16m▀▀[38;2;82;65;16;48;2;139;115;65m▀[38;2;16;16;16;48;2;16;16;16m▀[0m
[0m                    [38;2;82;65;16;48;2;82;65;16m▀[38;2;180;156;74;48;2;180;156;74m▀[38;2;139;115;65m▀▀[38;2;180;156;74;48;2;139;115;65m▀▀▀▀[38;2;139;115;65;48;2;82;65;16m▀▀▀▀▀[38;2;82;65;16;48;2;139;115;65m▀▀▀[38;2;139;115;65m▀▀▀[38;2;16;16;16m▀[49m▄[0m
[0m                   [38;2;82;65;16m▄[48;2;180;156;74m▀[38;2;180;156;74m▀▀▀▀▀▀▀[38;2;139;115;65;48;2;139;115;65m▀▀▀▀▀▀▀▀▀▀▀▀[38;2;16;16;16;48;2;16;16;16m▀[0m
[0m                   [38;2;82;65;16;48;2;82;65;16m▀[38;2;180;156;74m▀[48;2;180;156;74m▀▀▀▀▀▀[48;2;139;115;65m▀[38;2;139;115;65m▀▀▀▀▀▀▀▀▀▀▀[48;2;82;65;16m▀[38;2;82;65;16;48;2;139;115;65m▀[38;2;16;16;16;48;2;16;16;16m▀[0m
[0m                   [38;2;16;16;16;48;2;16;16;16m▀[38;2;180;156;74;48;2;180;156;74m▀[38;2;139;115;65m▀▀[38;2;180;156;74;48;2;139;115;65m▀▀▀[48;2;180;156;74m▀[38;2;139;115;65;48;2;139;115;65m▀▀▀▀▀▀▀[48;2;82;65;16m▀▀▀[38;2;82;65;16;48;2;139;115;65m▀▀[38;2;139;115;65m▀▀[38;2;16;16;16;48;2;16;16;16m▀[0m
[0m                   [38;2;16;16;16;48;2;16;16;16m▀[38;2;139;115;65m▀[38;2;180;156;74;48;2;139;115;65m▀[48;2;180;156;74m▀▀[48;2;139;115;65m▀▀[38;2;82;65;16m▀▀▀▀▀▀▀▀[38;2;139;115;65m▀▀▀[48;2;82;65;16m▀▀[38;2;82;65;16;48;2;139;115;65m▀▀[38;2;16;16;16m▀[49m▄[0m
[0m                 [38;2;82;65;16m▄[48;2;180;156;74m▀[38;2;180;156;74m▀[38;2;16;16;16m▀[38;2;139;115;65;48;2;16;16;16m▀[48;2;139;115;65m▀▀▀▀▀▀▀▀▀▀▀▀▀[48;2;82;65;16m▀[38;2;82;65;16;48;2;180;156;74m▀[38;2;180;156;74m▀▀[38;2;139;115;65m▀[48;2;139;115;65m▀[48;2;82;65;16m▀▀[38;2;16;16;16;48;2;16;16;16m▀[0m
[0m                 [38;2;82;65;16;48;2;16;16;16m▀[38;2;139;115;65;48;2;180;156;74m▀[38;2;180;156;74;48;2;139;115;65m▀▀▀[38;2;16;16;16;48;2;82;65;16m▀[38;2;139;115;65;48;2;16;16;16m▀▀[48;2;139;115;65m▀▀▀▀▀▀▀▀▀[48;2;82;65;16m▀[38;2;82;65;16;48;2;180;156;74m▀[38;2;180;156;74m▀[48;2;139;115;65m▀▀[38;2;139;115;65;48;2;180;156;74m▀[38;2;82;65;16m▀[38;2;139;115;65;48;2;139;115;65m▀▀▀[38;2;16;16;16;48;2;16;16;16m▀[0m
[0m                 [38;2;16;16;16m▀[38;2;180;156;74;48;2;16;16;16m▀[48;2;180;156;74m▀▀[48;2;139;115;65m▀[38;2;139;115;65m▀▀▀[38;2;16;16;16m▀▀[48;2;16;16;16m▀[49m▀[38;2;139;115;65;48;2;16;16;16m▀▀▀▀[38;2;16;16;16;49m▀[38;2;82;65;16;48;2;16;16;16m▀[38;2;180;156;74;48;2;82;65;16m▀[38;2;139;115;65;48;2;180;156;74m▀[38;2;180;156;74m▀▀▀[48;2;139;115;65m▀[38;2;139;115;65m▀▀▀[38;2;16;16;16;48;2;16;16;16m▀[0m
[0m                 [38;2;16;16;16m▄[48;2;139;115;65m▀[38;2;82;65;16m▀[38;2;139;115;65;48;2;82;65;16m▀▀▀▀▀▀[38;2;82;65;16;48;2;139;115;65m▀[38;2;16;16;16m▀[49m▄[0m      [38;2;16;16;16;48;2;16;16;16m▀[38;2;139;115;65;48;2;82;65;16m▀[38;2;180;156;74;48;2;139;115;65m▀▀[38;2;139;115;65m▀▀▀▀[48;2;82;65;16m▀[38;2;16;16;16;48;2;16;16;16m▀[0m
[0m                [38;2;16;16;16m▄[48;2;205;205;205m▀[38;2;82;65;16;48;2;82;65;16m▀[38;2;139;115;65;48;2;139;115;65m▀[48;2;82;65;16m▀▀[48;2;139;115;65m▀▀▀▀▀▀[38;2;16;16;16;48;2;16;16;16m▀[0m     [38;2;16;16;16;48;2;16;16;16m▀[38;2;139;115;65;48;2;139;115;65m▀▀[38;2;82;65;16m▀▀▀▀▀▀[38;2;139;115;65m▀▀[38;2;16;16;16;48;2;16;16;16m▀[0m
[0m               [38;2;16;16;16;48;2;16;16;16m▀[38;2;205;205;205m▀▀[38;2;82;65;16m▀[48;2;255;255;255m▀[38;2;205;205;205m▀[48;2;205;205;205m▀[38;2;82;65;16;48;2;82;65;16m▀[38;2;139;115;65;48;2;16;16;16m▀▀▀[38;2;16;16;16;49m▀▀[0m      [38;2;16;16;16m▀[38;2;139;115;65;48;2;16;16;16m▀▀[48;2;139;115;65m▀▀[48;2;82;65;16m▀[38;2;82;65;16;48;2;255;255;255m▀[48;2;205;205;205m▀[38;2;139;115;65;48;2;82;65;16m▀[48;2;139;115;65m▀[38;2;82;65;16;48;2;82;65;16m▀[38;2;205;205;205;48;2;205;205;205m▀[38;2;16;16;16m▀[49m▄[0m
[0m                   [38;2;16;16;16m▀▀▀▀[0m              [38;2;16;16;16m▀▀[38;2;82;65;16;48;2;16;16;16m▀[38;2;255;255;255m▀▀▀[38;2;16;16;16;49m▀▀▀▀▀[0m
