[0m                 [38;2;82;82;57m▄[38;2;139;131;106;48;2;255;255;255m▀[38;2;82;82;57m▀[49m▄[0m   [38;2;16;16;16m▄▄▄▄[38;2;82;82;57m▄[0m    [38;2;139;131;106m▄▄[0m
[0m                 [38;2;82;82;57m▀[38;2;255;255;255;48;2;16;16;16m▀[48;2;197;197;213m▀[38;2;197;197;213m▀[38;2;82;82;57;48;2;139;131;106m▀[38;2;139;131;106;48;2;230;230;238m▀[48;2;255;255;255m▀[38;2;230;230;238m▀[38;2;255;255;255m▀▀[38;2;230;230;238m▀[48;2;230;230;238m▀[38;2;139;131;106;48;2;197;197;213m▀[38;2;82;82;57;48;2;139;131;106m▀[38;2;139;131;106;48;2;255;255;255m▀▀[38;2;255;255;255m▀[48;2;197;197;213m▀[38;2;16;16;16;48;2;16;16;16m▀[0m
[0m                  [38;2;82;82;57m▀[38;2;197;197;213;48;2;139;131;106m▀[38;2;139;131;106;48;2;255;255;255m▀[38;2;255;255;255m▀▀▀▀▀▀[48;2;230;230;238m▀[38;2;230;230;238m▀[38;2;139;131;106m▀[38;2;230;230;238m▀[38;2;255;255;255m▀▀[38;2;197;197;213;48;2;197;197;213m▀[38;2;16;16;16;48;2;16;16;16m▀[0m
[0m      [38;2;82;82;57m▄▄▄[0m         [38;2;82;82;57m▄[48;2;255;255;255m▀[38;2;255;255;255m▀▀▀▀▀▀[38;2;230;230;238;48;2;230;230;238m▀[48;2;16;16;16m▀▀▀[48;2;230;230;238m▀▀▀[38;2;82;82;57;48;2;197;197;213m▀[49m▄[0m
[0m [38;2;82;82;57m▄▄[38;2;16;16;16m▄▄[38;2;82;82;57;48;2;197;197;213m▀[38;2;255;255;255;48;2;255;255;255m▀▀[38;2;197;197;213m▀[38;2;82;82;57;48;2;82;82;57m▀[0m       [38;2;82;82;57m▄[38;2;16;16;16;48;2;255;255;255m▀[38;2;255;255;255m▀▀▀▀▀▀[48;2;16;16;16m▀[38;2;16;16;16;48;2;148;106;90m▀[38;2;148;106;90;48;2;16;16;16m▀▀[48;2;148;106;90m▀[38;2;16;16;16;48;2;197;197;213m▀[38;2;230;230;238;48;2;139;131;106m▀[38;2;197;197;213;48;2;197;197;213m▀▀[38;2;82;82;57m▀[49m▄[0m
[38;2;82;82;57;48;2;16;16;16m▀[48;2;255;255;255m▀[38;2;255;255;255m▀▀[38;2;82;82;57m▀[48;2;197;197;213m▀[38;2;255;255;255m▀▀[38;2;197;197;213;48;2;16;16;16m▀[38;2;16;16;16;49m▀[0m       [38;2;16;16;16;48;2;16;16;16m▀[38;2;255;255;255;48;2;255;255;255m▀▀▀▀▀[48;2;230;230;238m▀[48;2;16;16;16m▀[38;2;16;16;16m▀[48;2;255;255;255m▀[38;2;139;131;106;48;2;16;16;16m▀[38;2;230;230;238;48;2;255;255;255m▀[38;2;148;106;90;48;2;148;106;90m▀[38;2;16;16;16;48;2;16;16;16m▀[38;2;197;197;213;48;2;197;197;213m▀[38;2;139;131;106;48;2;82;82;57m▀[38;2;197;197;213;48;2;197;197;213m▀▀[38;2;82;82;57m▀▀[49m▄[0m
[38;2;82;82;57;49m▀[38;2;255;255;255;48;2;82;82;57m▀▀[48;2;255;255;255m▀[48;2;230;230;238m▀[38;2;197;197;213;48;2;197;197;213m▀▀[48;2;230;230;238m▀[38;2;82;82;57;48;2;16;16;16m▀[0m       [38;2;82;82;57m▄[48;2;255;255;255m▀[38;2;255;255;255m▀▀▀▀[38;2;230;230;238;48;2;230;230;238m▀▀[38;2;16;16;16;48;2;148;106;90m▀[38;2;139;131;106m▀[38;2;16;16;16m▀▀[38;2;255;255;255;48;2;16;16;16m▀[38;2;148;106;90m▀[38;2;16;16;16;48;2;197;197;213m▀[38;2;197;197;213m▀[38;2;82;82;57;48;2;82;82;57m▀[38;2;197;197;213;48;2;139;131;106m▀[48;2;197;197;213m▀▀[48;2;16;16;16m▀[38;2;16;16;16;49m▀[0m
[0m   [38;2;82;82;57m▀[38;2;16;16;16m▀[38;2;230;230;238;48;2;82;82;57m▀[48;2;255;255;255m▀[38;2;255;255;255m▀[38;2;16;16;16m▀[38;2;82;82;57;49m▄[0m    [38;2;82;82;57m▄[38;2;139;131;106;48;2;255;255;255m▀[38;2;255;255;255m▀▀▀[48;2;230;230;238m▀▀[38;2;230;230;238m▀▀▀▀[38;2;16;16;16m▀▀[48;2;139;131;106m▀[38;2;197;197;213;48;2;82;82;57m▀[48;2;16;16;16m▀▀[38;2;139;131;106;48;2;197;197;213m▀[38;2;197;197;213m▀▀[38;2;82;82;57;48;2;16;16;16m▀[38;2;16;16;16;49m▀[0m
[0m     [38;2;82;82;57m▀[38;2;255;255;255;48;2;16;16;16m▀[48;2;255;255;255m▀▀[38;2;82;82;57m▀[49m▄[0m   [38;2;16;16;16;48;2;82;82;57m▀[38;2;255;255;255;48;2;197;197;213m▀[48;2;255;255;255m▀[48;2;230;230;238m▀[38;2;230;230;238;48;2;197;197;213m▀[38;2;197;197;213;48;2;16;16;16m▀[38;2;16;16;16m▀▀[38;2;230;230;238;48;2;139;131;106m▀[48;2;197;197;213m▀[48;2;230;230;238m▀[48;2;139;131;106m▀[48;2;230;230;238m▀▀[38;2;82;82;57;48;2;139;131;106m▀[38;2;139;131;106;48;2;197;197;213m▀[38;2;197;197;213;48;2;16;16;16m▀[48;2;197;197;213m▀▀[38;2;16;16;16;48;2;16;16;16m▀[0m
[0m       [38;2;82;82;57;48;2;16;16;16m▀[38;2;255;255;255;48;2;255;255;255m▀▀[38;2;16;16;16m▀[49m▄[0m   [38;2;82;82;57;48;2;16;16;16m▀[38;2;230;230;238;48;2;230;230;238m▀[48;2;197;197;213m▀[38;2;197;197;213m▀[38;2;16;16;16m▀▀[38;2;197;197;213;48;2;16;16;16m▀[38;2;82;82;57m▀[38;2;197;197;213;48;2;197;197;213m▀▀[38;2;82;82;57;48;2;16;16;16m▀[38;2;16;16;16;48;2;148;106;90m▀▀▀▀[38;2;148;106;90m▀[38;2;16;16;16m▀▀[38;2;82;57;16;49m▄▄[0m
[0m        [38;2;82;82;57;48;2;16;16;16m▀[38;2;255;255;255;48;2;197;197;213m▀[48;2;255;255;255m▀[38;2;16;16;16;48;2;230;230;238m▀[48;2;16;16;16m▀[48;2;197;156;74m▀▀▀▀[38;2;197;197;213;48;2;16;16;16m▀▀[38;2;16;16;16;48;2;148;106;90m▀▀[38;2;148;106;90m▀▀[38;2;16;16;16m▀▀[38;2;148;106;90m▀▀▀▀▀▀[48;2;82;57;16m▀[48;2;148;106;90m▀▀▀[38;2;82;57;16m▀[48;2;197;156;74m▀[49m▄▄[0m
[0m       [38;2;16;16;16;48;2;16;16;16m▀[38;2;197;156;74;48;2;197;156;74m▀▀[38;2;82;57;16;48;2;148;106;90m▀[38;2;230;230;238;48;2;82;57;16m▀[38;2;16;16;16m▀[38;2;197;156;74;48;2;148;106;90m▀▀▀[38;2;148;106;90m▀▀▀▀▀▀▀▀▀▀[48;2;246;213;180m▀▀[38;2;209;176;132m▀▀▀▀[38;2;82;57;16;48;2;209;176;132m▀[38;2;148;106;90;48;2;82;57;16m▀[48;2;16;16;16m▀[38;2;197;156;74;48;2;148;106;90m▀[48;2;197;156;74m▀▀▀[38;2;82;57;16m▀[49m▄[0m
[0m        [38;2;16;16;16m▀[38;2;148;106;90;48;2;16;16;16m▀▀[38;2;82;57;16;48;2;230;230;238m▀[38;2;230;230;238m▀▀[38;2;16;16;16;48;2;82;57;16m▀[38;2;148;106;90m▀▀[38;2;82;57;16;49m▀▀[48;2;16;16;16m▀[38;2;16;16;16;48;2;148;106;90m▀[38;2;82;57;16m▀[38;2;148;106;90m▀▀[48;2;209;176;132m▀[38;2;246;213;180;48;2;246;213;180m▀▀▀▀▀▀▀▀[38;2;82;57;16;48;2;209;176;132m▀[49m▄[38;2;16;16;16m▀▀[38;2;197;156;74;48;2;16;16;16m▀[38;2;148;106;90;48;2;255;255;255m▀[38;2;197;156;74;48;2;148;106;90m▀[38;2;82;57;16;48;2;16;16;16m▀[0m
[0m           [38;2;16;16;16m▀▀▀[0m    [38;2;82;57;16m▄[48;2;148;106;90m▀[38;2;148;106;90;48;2;197;156;74m▀▀▀[48;2;82;57;16m▀[38;2;246;213;180;48;2;246;213;180m▀▀▀▀▀▀▀▀▀▀[38;2;82;57;16;48;2;82;57;16m▀[49m▄[0m  [38;2;16;16;16m▀▀[0m
[0m                [38;2;16;16;16m▄[38;2;82;57;16m▄[48;2;197;156;74m▀[38;2;197;156;74;48;2;209;176;132m▀[38;2;209;176;132m▀▀[38;2;197;156;74m▀[48;2;197;156;74m▀[38;2;82;57;16;48;2;82;57;16m▀[38;2;246;213;180;48;2;246;213;180m▀▀▀▀▀▀▀▀[48;2;209;176;132m▀[38;2;82;57;16;48;2;82;57;16m▀[38;2;148;106;90;48;2;148;106;90m▀[38;2;82;57;16;48;2;82;57;16m▀[0m
[0m            [38;2;16;16;16m▄[48;2;148;106;90m▀▀[38;2;82;57;16m▀[38;2;148;106;90;48;2;82;57;16m▀[38;2;82;57;16;48;2;148;106;90m▀[38;2;197;156;74;48;2;197;156;74m▀▀[38;2;209;176;132m▀▀[38;2;197;156;74m▀▀▀[38;2;82;57;16;48;2;82;57;16m▀[38;2;246;213;180;48;2;209;176;132m▀▀▀▀▀[38;2;209;176;132m▀▀[38;2;82;57;16;48;2;82;57;16m▀[38;2;148;106;90;48;2;148;106;90m▀▀▀[38;2;82;57;16;48;2;82;57;16m▀[0m
[0m            [38;2;16;16;16m▀[38;2;148;106;90;48;2;16;16;16m▀▀[48;2;148;106;90m▀[38;2;82;57;16;48;2;16;16;16m▀[38;2;148;106;90;48;2;148;106;90m▀[38;2;197;156;74m▀[48;2;197;156;74m▀▀▀▀[48;2;148;106;90m▀▀[38;2;82;57;16;48;2;82;57;16m▀[38;2;209;176;132;48;2;209;176;132m▀▀▀▀[48;2;16;16;16m▀[48;2;82;57;16m▀[38;2;16;16;16;48;2;148;106;90m▀[38;2;148;106;90m▀▀▀[48;2;82;57;16m▀[38;2;82;57;16;49m▀[0m
[0m               [38;2;16;16;16m▀▀[38;2;148;106;90;48;2;82;57;16m▀[48;2;148;106;90m▀▀▀▀▀▀[38;2;16;16;16;48;2;16;16;16m▀[49m▀▀▀▀[38;2;82;57;16m▀[38;2;148;106;90;48;2;16;16;16m▀[48;2;82;57;16m▀[48;2;148;106;90m▀▀[48;2;82;57;16m▀[48;2;230;230;238m▀[38;2;82;57;16;48;2;255;255;255m▀[38;2;16;16;16;49m▄[0m
[0m                  [38;2;16;16;16;48;2;16;16;16m▀[38;2;148;106;90;48;2;230;230;238m▀[38;2;230;230;238;48;2;255;255;255m▀[38;2;148;106;90m▀[48;2;16;16;16m▀[38;2;16;16;16;49m▀[0m        [38;2;16;16;16m▀▀▀▀▀[38;2;82;57;16m▀[0m
[0m                   [38;2;16;16;16m▀▀▀[0m
