[0m                                         [38;2;238;213;106m▄▄▄[0m        [38;2;238;213;106m▄[48;2;246;238;148m▀▀▀▀[38;2;197;180;41;48;2;238;213;106m▀[49m▄[0m
[0m                                     [38;2;238;213;106m▄▄▄[48;2;246;238;148m▀[38;2;246;238;148m▀▀▀[38;2;238;213;106m▀[49m▄[0m    [38;2;238;213;106m▄[48;2;246;238;148m▀[38;2;246;238;148m▀▀▀▀▀▀[38;2;238;213;106;48;2;238;213;106m▀[38;2;197;180;41;48;2;246;238;148m▀▀[48;2;238;213;106m▀[49m▄[0m
[0m                                    [38;2;238;213;106;48;2;238;213;106m▀[38;2;246;238;148;48;2;246;238;148m▀▀▀▀▀▀▀▀▀[38;2;238;213;106;48;2;238;213;106m▀[0m   [38;2;238;213;106;48;2;238;213;106m▀[38;2;246;238;148;48;2;246;238;148m▀▀▀▀▀▀▀▀▀▀▀[38;2;238;213;106;48;2;238;213;106m▀[38;2;197;180;41;48;2;197;180;41m▀[0m
[0m    [38;2;238;213;106m▄▄[38;2;197;180;41m▄[0m   [38;2;238;213;106m▄▄▄[38;2;197;180;41m▄▄[0m                     [38;2;238;213;106;48;2;197;180;41m▀[48;2;238;213;106m▀[38;2;246;238;148m▀▀▀[38;2;238;213;106m▀[38;2;246;238;148m▀▀▀[38;2;238;213;106;48;2;197;180;41m▀[0m  [38;2;238;213;106m▄[48;2;246;238;148m▀▀▀[38;2;246;238;148;48;2;238;213;106m▀▀[38;2;238;213;106m▀▀[38;2;246;238;148;48;2;246;238;148m▀▀▀[48;2;238;213;106m▀▀[38;2;238;213;106m▀[48;2;197;180;41m▀[38;2;197;180;41;49m▀[0m
[0m [38;2;238;213;106m▄[48;2;246;238;148m▀▀▀[48;2;238;213;106m▀▀[38;2;197;180;41;48;2;197;180;41m▀[48;2;238;213;106m▀[38;2;238;213;106;48;2;246;238;148m▀[38;2;246;238;148m▀▀▀[38;2;238;213;106m▀[48;2;238;213;106m▀[38;2;197;180;41m▀[49m▄[0m             [38;2;98;49;123m▄[48;2;189;139;205m▀▀[38;2;16;16;16;48;2;164;106;180m▀[49m▄[0m  [38;2;197;180;41m▀[38;2;238;213;106;48;2;197;180;41m▀▀[38;2;197;180;41;49m▀▀[38;2;238;213;106;48;2;197;180;41m▀▀[38;2;197;180;41;49m▀[0m  [38;2;238;213;106;48;2;238;213;106m▀[38;2;246;238;148;48;2;246;238;148m▀▀▀▀▀[38;2;238;213;106;48;2;238;213;106m▀▀▀▀[38;2;246;238;148m▀[48;2;246;238;148m▀▀[38;2;238;213;106m▀[38;2;197;180;41;48;2;238;213;106m▀▀[49m▄[0m
[38;2;238;213;106;48;2;238;213;106m▀[38;2;246;238;148;48;2;246;238;148m▀▀▀▀▀[38;2;238;213;106m▀[48;2;238;213;106m▀[48;2;246;238;148m▀[38;2;246;238;148m▀▀▀▀▀▀[38;2;238;213;106;48;2;238;213;106m▀[38;2;197;180;41m▀[49m▄[0m          [38;2;98;49;123m▄▄[48;2;139;82;172m▀[38;2;189;139;205;48;2;164;106;180m▀[48;2;189;139;205m▀[38;2;164;106;180;48;2;139;82;172m▀[38;2;16;16;16;48;2;98;49;123m▀[49m▄[0m           [38;2;238;213;106;48;2;197;180;41m▀[38;2;246;238;148;48;2;238;213;106m▀[48;2;246;238;148m▀▀▀[48;2;238;213;106m▀[38;2;238;213;106m▀▀▀▀[38;2;246;238;148;48;2;246;238;148m▀▀▀▀▀[38;2;238;213;106;48;2;238;213;106m▀▀[38;2;197;180;41;48;2;197;180;41m▀[0m
[38;2;238;213;106;48;2;238;213;106m▀[38;2;246;238;148;48;2;246;238;148m▀▀▀▀▀▀[38;2;238;213;106m▀[38;2;246;238;148m▀▀▀▀▀▀[48;2;238;213;106m▀[38;2;238;213;106m▀▀[38;2;197;180;41m▀[49m▄▄[0m   [38;2;98;49;123m▄[38;2;139;82;172;48;2;139;82;172m▀▀[48;2;98;49;123m▀[38;2;98;49;123;48;2;189;139;205m▀[38;2;189;139;205m▀▀▀▀[48;2;164;106;180m▀[38;2;164;106;180m▀[38;2;139;82;172;48;2;139;82;172m▀[38;2;98;49;123m▀[38;2;16;16;16m▀[49m▄▄[38;2;98;49;123m▄[0m        [38;2;197;180;41m▀[38;2;238;213;106;48;2;197;180;41m▀[48;2;238;213;106m▀▀▀▀▀▀▀▀[38;2;246;238;148m▀▀▀[38;2;238;213;106m▀▀[48;2;197;180;41m▀[38;2;197;180;41;49m▀[0m
[38;2;238;213;106;48;2;197;180;41m▀[38;2;246;238;148;48;2;238;213;106m▀[48;2;246;238;148m▀▀▀[48;2;238;213;106m▀[48;2;246;238;148m▀▀▀▀[48;2;238;213;106m▀▀▀[38;2;238;213;106m▀▀▀▀▀▀▀[48;2;197;180;41m▀▀[0m [38;2;98;49;123m▀[38;2;139;82;172;48;2;98;49;123m▀[38;2;16;16;16m▀[38;2;164;106;180;48;2;189;139;205m▀[38;2;189;139;205m▀▀▀▀▀[38;2;164;106;180;48;2;164;106;180m▀▀▀[38;2;139;82;172m▀[48;2;139;82;172m▀▀[38;2;164;106;180m▀▀[38;2;16;16;16;48;2;16;16;16m▀[0m        [38;2;197;180;41m▀[38;2;238;213;106;48;2;197;180;41m▀[48;2;238;213;106m▀▀[48;2;197;180;41m▀[48;2;238;213;106m▀▀▀▀▀[48;2;197;180;41m▀▀▀[38;2;197;180;41;49m▀[0m
[0m [38;2;197;180;41m▀[38;2;238;213;106;48;2;197;180;41m▀▀[48;2;238;213;106m▀▀[48;2;246;238;148m▀[38;2;246;238;148m▀▀[38;2;238;213;106m▀▀[48;2;238;213;106m▀▀▀▀▀▀[38;2;197;180;41;48;2;197;180;41m▀[49m▀▀[0m    [38;2;16;16;16;48;2;16;16;16m▀[38;2;189;139;205;48;2;189;139;205m▀▀[48;2;164;106;180m▀▀▀▀[38;2;164;106;180m▀[48;2;139;82;172m▀▀▀▀[38;2;139;82;172m▀▀[38;2;98;49;123;48;2;16;16;16m▀[38;2;16;16;16;49m▀[0m           [38;2;197;180;41m▀▀[0m [38;2;197;180;41m▀[38;2;238;213;106m▀[48;2;238;213;106m▀[38;2;197;180;41;48;2;197;180;41m▀[49m▀[0m
[0m    [38;2;197;180;41m▀[48;2;197;180;41m▀[38;2;246;238;148;48;2;246;238;148m▀▀▀▀▀▀[38;2;238;213;106;48;2;238;213;106m▀▀[48;2;197;180;41m▀▀[38;2;197;180;41;49m▀[0m       [38;2;16;16;16m▀[38;2;164;106;180;48;2;16;16;16m▀[48;2;189;139;205m▀▀[48;2;164;106;180m▀▀▀[38;2;189;139;205;48;2;189;139;205m▀▀[48;2;164;106;180m▀[38;2;139;82;172;48;2;98;49;123m▀[48;2;139;82;172m▀▀▀[38;2;16;16;16m▀[49m▄[0m    [38;2;98;49;123m▄[48;2;189;139;205m▀▀[48;2;164;106;180m▀[38;2;16;16;16m▀[38;2;98;49;123;49m▄▄[38;2;16;16;16m▄▄▄[38;2;98;49;123m▄[48;2;164;106;180m▀▀▀[49m▄[0m
[0m     [38;2;197;180;41m▀[38;2;238;213;106;48;2;197;180;41m▀[38;2;246;238;148;48;2;238;213;106m▀▀▀▀[38;2;238;213;106m▀▀▀[38;2;197;180;41;48;2;197;180;41m▀[0m         [38;2;98;49;123m▄[48;2;139;82;172m▀[38;2;189;139;205;48;2;98;49;123m▀[48;2;16;16;16m▀[38;2;139;82;172;48;2;139;82;172m▀▀[38;2;164;106;180m▀[48;2;98;49;123m▀▀[38;2;139;82;172m▀[38;2;98;49;123;48;2;139;82;172m▀[38;2;139;82;172m▀▀▀▀▀[38;2;98;49;123m▀[38;2;16;16;16;48;2;98;49;123m▀[49m▄[38;2;139;82;172m▄[38;2;98;49;123;48;2;164;106;180m▀[38;2;164;106;180;48;2;213;164;222m▀▀[38;2;213;164;222m▀▀▀[38;2;189;139;205m▀▀[48;2;189;139;205m▀▀▀[38;2;164;106;180m▀▀[48;2;139;82;172m▀[48;2;16;16;16m▀[38;2;16;16;16m▀[0m
[0m       [38;2;197;180;41m▀▀[38;2;238;213;106;48;2;197;180;41m▀▀▀▀[38;2;197;180;41;49m▀[0m          [38;2;98;49;123m▀[38;2;139;82;172;48;2;98;49;123m▀▀[38;2;98;49;123;49m▀[38;2;139;82;172;48;2;16;16;16m▀[48;2;98;49;123m▀[48;2;164;106;180m▀▀[48;2;139;82;172m▀[48;2;98;49;123m▀[48;2;16;16;16m▀▀[38;2;16;16;16;49m▀[38;2;139;82;172;48;2;16;16;16m▀[48;2;139;82;172m▀▀▀[48;2;98;49;123m▀[48;2;213;164;222m▀[38;2;213;164;222m▀▀▀▀▀▀▀▀▀▀▀[38;2;189;139;205m▀[48;2;189;139;205m▀▀▀▀[38;2;16;16;16m▀[49m▄[0m
[0m                             [38;2;16;16;16;48;2;16;16;16m▀[38;2;164;106;180;48;2;164;106;180m▀▀[38;2;139;82;172;48;2;16;16;16m▀[38;2;16;16;16;49m▀[0m   [38;2;98;49;123m▄[48;2;164;106;180m▀[38;2;16;16;16m▀[48;2;98;49;123m▀[38;2;213;164;222;48;2;213;164;222m▀▀▀▀▀▀▀▀▀▀▀▀▀▀▀[38;2;189;139;205;48;2;189;139;205m▀▀▀▀▀[38;2;16;16;16;48;2;16;16;16m▀[0m
[0m                       [38;2;139;82;172m▄[38;2;98;49;123m▄▄[48;2;189;139;205m▀▀▀▀▀▀[38;2;16;16;16m▀▀[38;2;98;49;123;49m▄▄▄[48;2;98;49;123m▀[38;2;164;106;180;48;2;164;106;180m▀[38;2;139;82;172;48;2;139;82;172m▀[38;2;213;164;222;48;2;213;164;222m▀[48;2;139;82;172m▀[38;2;139;82;172;48;2;213;164;222m▀[38;2;98;49;123m▀▀[38;2;213;164;222m▀▀▀▀▀▀▀▀▀▀▀[48;2;189;139;205m▀[38;2;189;139;205m▀▀▀▀[48;2;139;82;172m▀[38;2;16;16;16;48;2;16;16;16m▀[38;2;98;49;123;49m▄[0m
[0m                    [38;2;139;82;172m▄[48;2;189;139;205m▀▀[38;2;189;139;205m▀▀▀▀▀▀▀▀▀▀▀▀▀▀[38;2;98;49;123m▀[38;2;139;82;172;48;2;139;82;172m▀[38;2;213;164;222;48;2;213;164;222m▀[38;2;139;82;172;48;2;139;82;172m▀[38;2;213;164;222;48;2;213;164;222m▀▀▀[48;2;189;139;205m▀[48;2;213;164;222m▀▀▀▀▀▀▀[38;2;189;139;205m▀[38;2;213;164;222;48;2;164;106;180m▀[48;2;213;164;222m▀▀[38;2;164;106;180m▀[38;2;189;139;205;48;2;139;82;172m▀[48;2;98;49;123m▀[48;2;16;16;16m▀[38;2;139;82;172;48;2;222;222;222m▀[38;2;98;49;123m▀[48;2;98;49;123m▀[38;2;16;16;16;48;2;16;16;16m▀[38;2;98;49;123;48;2;164;106;180m▀[38;2;16;16;16;49m▄[0m
[0m  [38;2;238;213;106m▄[48;2;246;238;148m▀▀[49m▄[38;2;197;180;41m▄[0m [38;2;197;180;41m▄▄[0m        [38;2;98;49;123m▄[38;2;139;82;172;48;2;189;139;205m▀[38;2;189;139;205;48;2;213;164;222m▀[38;2;213;164;222m▀▀▀▀▀▀[38;2;189;139;205m▀[48;2;189;139;205m▀▀▀[48;2;139;82;172m▀[38;2;139;82;172;48;2;189;139;205m▀▀▀▀[38;2;189;139;205;48;2;139;82;172m▀[48;2;16;16;16m▀[38;2;98;49;123;48;2;98;49;123m▀[38;2;213;164;222;48;2;213;164;222m▀▀[38;2;139;82;172;48;2;98;49;123m▀[38;2;189;139;205;48;2;189;139;205m▀▀[48;2;213;164;222m▀[38;2;213;164;222m▀▀▀▀▀▀▀[38;2;164;106;180;48;2;98;49;123m▀[38;2;139;82;172m▀[38;2;213;164;222;48;2;213;164;222m▀▀[48;2;189;139;205m▀[38;2;164;106;180m▀[38;2;255;255;255;48;2;164;106;180m▀[38;2;16;16;16;48;2;255;255;255m▀[38;2;255;255;255m▀[48;2;139;82;172m▀[38;2;139;82;172;48;2;164;106;180m▀[38;2;16;16;16;48;2;16;16;16m▀[38;2;164;106;180m▀[38;2;16;16;16;49m▀[0m
[38;2;238;213;106;49m▄[48;2;246;238;148m▀[38;2;246;238;148m▀▀▀▀[38;2;238;213;106m▀[38;2;197;180;41;48;2;238;213;106m▀[38;2;238;213;106;48;2;246;238;148m▀▀[38;2;197;180;41;48;2;238;213;106m▀[49m▄[0m  [38;2;139;82;172m▄[38;2;98;49;123;48;2;164;106;180m▀▀[48;2;139;82;172m▀[48;2;213;164;222m▀[38;2;213;164;222m▀▀▀▀▀▀▀▀▀▀[38;2;189;139;205;48;2;189;139;205m▀[48;2;16;16;16m▀[38;2;16;16;16;48;2;189;139;205m▀[38;2;189;139;205m▀▀▀▀▀[38;2;164;106;180;48;2;164;106;180m▀[38;2;98;49;123;48;2;98;49;123m▀[38;2;213;164;222;48;2;189;139;205m▀[48;2;213;164;222m▀▀▀▀▀[48;2;139;82;172m▀[48;2;213;164;222m▀[48;2;98;49;123m▀▀[38;2;139;82;172;48;2;222;222;222m▀[38;2;98;49;123m▀[38;2;16;16;16;48;2;16;16;16m▀[38;2;222;222;222;48;2;222;222;222m▀[38;2;98;49;123;48;2;164;106;180m▀[38;2;213;164;222;48;2;213;164;222m▀[48;2;189;139;205m▀[38;2;189;139;205m▀▀▀[38;2;164;106;180m▀[48;2;164;106;180m▀▀▀[38;2;16;16;16;48;2;16;16;16m▀[0m  [38;2;238;213;106m▄[38;2;197;180;41m▄[48;2;238;213;106m▀[38;2;238;213;106;48;2;246;238;148m▀▀▀[38;2;197;180;41;49m▄[48;2;238;213;106m▀▀[38;2;238;213;106;49m▄[0m
[38;2;238;213;106;48;2;238;213;106m▀[38;2;246;238;148;48;2;246;238;148m▀▀▀▀▀[48;2;238;213;106m▀[38;2;238;213;106m▀[38;2;246;238;148m▀▀[38;2;238;213;106m▀[48;2;197;180;41m▀▀[38;2;139;82;172;48;2;139;82;172m▀[38;2;189;139;205;48;2;189;139;205m▀▀[38;2;164;106;180m▀[38;2;139;82;172;48;2;213;164;222m▀[38;2;213;164;222m▀▀▀▀▀▀▀▀▀▀▀[38;2;189;139;205;48;2;189;139;205m▀[38;2;16;16;16m▀[38;2;189;139;205m▀▀▀▀▀[38;2;164;106;180;48;2;164;106;180m▀▀[38;2;16;16;16;48;2;16;16;16m▀[38;2;189;139;205;48;2;189;139;205m▀[38;2;213;164;222m▀[48;2;213;164;222m▀▀▀▀[38;2;139;82;172m▀[38;2;98;49;123;48;2;164;106;180m▀[38;2;222;222;222;48;2;98;49;123m▀[48;2;255;255;255m▀[38;2;255;255;255m▀▀[48;2;164;106;180m▀[38;2;164;106;180;48;2;189;139;205m▀[38;2;213;164;222m▀[38;2;189;139;205m▀[48;2;98;49;123m▀[38;2;139;82;172;48;2;164;106;180m▀[38;2;98;49;123m▀▀▀[48;2;139;82;172m▀[48;2;255;255;255m▀[48;2;164;106;180m▀[38;2;16;16;16;48;2;16;16;16m▀[0m [38;2;197;180;41m▀[38;2;238;213;106;48;2;197;180;41m▀[48;2;238;213;106m▀[48;2;246;238;148m▀[38;2;246;238;148m▀▀▀[38;2;238;213;106m▀[38;2;246;238;148m▀▀▀[38;2;238;213;106m▀[49m▄[0m
[38;2;238;213;106;49m▀[38;2;246;238;148;48;2;238;213;106m▀[48;2;246;238;148m▀▀[48;2;238;213;106m▀[48;2;246;238;148m▀▀[38;2;238;213;106;48;2;238;213;106m▀▀[48;2;197;180;41m▀[38;2;197;180;41;49m▀[0m  [38;2;139;82;172m▀[38;2;164;106;180;48;2;98;49;123m▀[38;2;139;82;172;48;2;139;82;172m▀[38;2;189;139;205;48;2;189;139;205m▀[38;2;213;164;222;48;2;213;164;222m▀▀▀▀▀▀▀▀▀▀▀[38;2;189;139;205;48;2;189;139;205m▀▀▀▀▀▀▀▀[38;2;164;106;180m▀[48;2;164;106;180m▀▀[38;2;98;49;123;48;2;16;16;16m▀[38;2;189;139;205;48;2;189;139;205m▀▀[38;2;213;164;222m▀▀[48;2;213;164;222m▀▀▀▀[38;2;98;49;123m▀[38;2;139;82;172;48;2;189;139;205m▀[38;2;164;106;180m▀[38;2;189;139;205m▀[48;2;98;49;123m▀[38;2;98;49;123;48;2;164;106;180m▀▀[38;2;164;106;180m▀▀[48;2;213;205;106m▀▀▀[48;2;164;106;180m▀[38;2;139;82;172m▀[38;2;98;49;123;48;2;16;16;16m▀[0m  [38;2;197;180;41;48;2;197;180;41m▀[38;2;238;213;106;48;2;238;213;106m▀[38;2;246;238;148;48;2;246;238;148m▀▀▀▀▀▀[48;2;238;213;106m▀[48;2;246;238;148m▀▀[48;2;238;213;106m▀[38;2;238;213;106;48;2;197;180;41m▀[0m
[0m  [38;2;197;180;41m▀[38;2;238;213;106;48;2;197;180;41m▀[48;2;238;213;106m▀▀▀▀[48;2;197;180;41m▀[38;2;197;180;41;49m▀[0m    [38;2;16;16;16;48;2;16;16;16m▀[38;2;189;139;205;48;2;189;139;205m▀▀[38;2;213;164;222;48;2;213;164;222m▀▀▀▀▀▀▀▀▀[48;2;189;139;205m▀[38;2;189;139;205m▀▀▀▀▀▀▀▀▀[48;2;164;106;180m▀[48;2;139;82;172m▀[38;2;164;106;180m▀[48;2;164;106;180m▀[38;2;16;16;16;48;2;16;16;16m▀[38;2;189;139;205;48;2;189;139;205m▀[48;2;16;16;16m▀[48;2;189;139;205m▀▀▀▀▀▀[48;2;98;49;123m▀▀[38;2;98;49;123;48;2;255;255;255m▀[38;2;164;106;180;48;2;164;106;180m▀▀▀[48;2;213;205;106m▀[38;2;213;205;106;48;2;189;139;205m▀[38;2;189;139;205;48;2;164;106;180m▀▀[48;2;189;139;205m▀[38;2;213;205;106;48;2;213;205;106m▀[38;2;98;49;123;48;2;16;16;16m▀[0m   [38;2;197;180;41m▀[38;2;238;213;106;48;2;197;180;41m▀[48;2;238;213;106m▀[38;2;246;238;148m▀▀▀▀[38;2;238;213;106m▀▀▀▀[48;2;197;180;41m▀[38;2;197;180;41;49m▀[0m
[0m    [38;2;197;180;41m▀▀▀▀[0m     [38;2;139;82;172;48;2;139;82;172m▀[38;2;189;139;205;48;2;189;139;205m▀▀▀▀[38;2;213;164;222m▀▀[48;2;213;164;222m▀▀▀[48;2;189;139;205m▀▀[38;2;189;139;205m▀▀▀▀▀▀▀▀▀▀▀▀▀[38;2;139;82;172m▀[38;2;164;106;180;48;2;139;82;172m▀[48;2;164;106;180m▀[38;2;16;16;16;48;2;16;16;16m▀[48;2;189;139;205m▀[38;2;189;139;205m▀▀[48;2;164;106;180m▀▀▀[38;2;164;106;180m▀[38;2;139;82;172m▀[38;2;255;255;255;48;2;139;82;172m▀[48;2;164;106;180m▀[38;2;164;106;180m▀▀▀[38;2;213;205;106m▀[38;2;189;139;205;48;2;213;205;106m▀[38;2;164;106;180m▀[38;2;189;139;205m▀[38;2;213;205;106;48;2;16;16;16m▀[38;2;16;16;16;49m▀[0m      [38;2;197;180;41m▀[38;2;238;213;106;48;2;197;180;41m▀[48;2;238;213;106m▀▀▀▀[48;2;197;180;41m▀[38;2;197;180;41;49m▀▀[0m
[0m            [38;2;139;82;172m▄[48;2;139;82;172m▀[38;2;164;106;180;48;2;164;106;180m▀▀[38;2;189;139;205;48;2;189;139;205m▀▀▀▀▀▀▀▀▀[48;2;164;106;180m▀[38;2;164;106;180;48;2;213;164;222m▀[38;2;213;164;222m▀▀[38;2;189;139;205m▀▀▀▀[48;2;189;139;205m▀▀[48;2;164;106;180m▀▀▀▀[38;2;98;49;123;48;2;98;49;123m▀[38;2;164;106;180;48;2;164;106;180m▀[38;2;16;16;16m▀[38;2;189;139;205;48;2;16;16;16m▀[48;2;189;139;205m▀[48;2;164;106;180m▀[38;2;164;106;180;48;2;98;49;123m▀[48;2;16;16;16m▀[38;2;98;49;123;48;2;164;106;180m▀[38;2;164;106;180m▀▀▀▀▀▀▀[48;2;16;16;16m▀▀[38;2;16;16;16;49m▀▀[0m          [38;2;197;180;41m▀▀▀▀[0m
[0m           [38;2;139;82;172;48;2;139;82;172m▀[48;2;189;139;205m▀[38;2;164;106;180m▀[38;2;189;139;205m▀▀▀▀▀[48;2;213;164;222m▀[38;2;139;82;172m▀[38;2;189;139;205;48;2;139;82;172m▀[48;2;189;139;205m▀▀▀[38;2;139;82;172m▀[38;2;189;139;205;48;2;164;106;180m▀[38;2;213;164;222m▀▀[48;2;98;49;123m▀▀[38;2;164;106;180;48;2;16;16;16m▀[48;2;139;82;172m▀[38;2;139;82;172;48;2;222;222;222m▀[38;2;98;49;123m▀▀[48;2;98;49;123m▀[48;2;164;106;180m▀[38;2;164;106;180;48;2;189;139;205m▀[48;2;164;106;180m▀▀▀▀[38;2;16;16;16m▀▀[48;2;139;82;172m▀[38;2;139;82;172m▀[38;2;16;16;16m▀▀[48;2;16;16;16m▀[49m▀▀▀▀▀[0m       [38;2;238;213;106m▄[48;2;246;238;148m▀▀▀▀[38;2;197;180;41;48;2;238;213;106m▀▀[49m▄[0m
[0m           [38;2;98;49;123;48;2;98;49;123m▀[38;2;189;139;205;48;2;189;139;205m▀▀[48;2;213;164;222m▀▀[38;2;213;164;222m▀▀[48;2;98;49;123m▀[48;2;16;16;16m▀[48;2;98;49;123m▀[38;2;139;82;172;48;2;164;106;180m▀[38;2;189;139;205;48;2;189;139;205m▀▀▀▀▀[38;2;164;106;180m▀[38;2;98;49;123m▀[38;2;255;255;255;48;2;164;106;180m▀[48;2;255;255;255m▀[38;2;16;16;16m▀[38;2;255;255;255m▀▀[38;2;222;222;222;48;2;222;222;222m▀[48;2;139;82;172m▀[38;2;98;49;123;48;2;189;139;205m▀[38;2;189;139;205m▀▀▀[38;2;164;106;180;48;2;164;106;180m▀▀[38;2;139;82;172;48;2;139;82;172m▀▀[38;2;98;49;123m▀[38;2;139;82;172;48;2;98;49;123m▀[48;2;139;82;172m▀▀▀[38;2;98;49;123;48;2;98;49;123m▀[0m      [38;2;197;180;41m▄▄▄▄[0m [38;2;238;213;106;48;2;246;238;148m▀[38;2;246;238;148m▀▀▀▀▀▀[38;2;238;213;106;48;2;238;213;106m▀▀[38;2;197;180;41m▀[49m▄[0m
[0m            [38;2;98;49;123;48;2;16;16;16m▀[38;2;189;139;205;48;2;164;106;180m▀[38;2;98;49;123;48;2;139;82;172m▀[48;2;98;49;123m▀[38;2;139;82;172;48;2;255;255;255m▀▀[38;2;222;222;222m▀[38;2;16;16;16m▀[38;2;222;222;222;48;2;164;106;180m▀[38;2;164;106;180;48;2;189;139;205m▀[38;2;189;139;205m▀▀▀▀▀▀▀▀▀[38;2;164;106;180m▀▀▀[48;2;16;16;16m▀[38;2;189;139;205m▀[48;2;189;139;205m▀▀[48;2;164;106;180m▀[38;2;164;106;180;48;2;139;82;172m▀[48;2;164;106;180m▀▀▀▀[38;2;139;82;172m▀[38;2;16;16;16;48;2;16;16;16m▀[38;2;139;82;172;48;2;139;82;172m▀▀[38;2;98;49;123;48;2;16;16;16m▀[0m     [38;2;197;180;41m▄[48;2;238;213;106m▀[38;2;238;213;106;48;2;246;238;148m▀[38;2;246;238;148m▀▀[38;2;238;213;106m▀[38;2;197;180;41m▀[38;2;246;238;148;48;2;238;213;106m▀[48;2;246;238;148m▀▀▀▀▀[48;2;238;213;106m▀[38;2;238;213;106m▀▀▀[38;2;197;180;41;48;2;197;180;41m▀[0m
[0m             [38;2;16;16;16m▀[48;2;16;16;16m▀[38;2;164;106;180;48;2;189;139;205m▀[38;2;98;49;123m▀[38;2;139;82;172m▀[38;2;164;106;180;48;2;16;16;16m▀▀[38;2;189;139;205;48;2;98;49;123m▀▀[48;2;189;139;205m▀▀▀▀▀[48;2;164;106;180m▀[48;2;98;49;123m▀▀▀[38;2;98;49;123;48;2;222;222;222m▀▀▀[38;2;16;16;16;48;2;164;32;0m▀[38;2;255;255;255;48;2;255;255;255m▀[38;2;16;16;16m▀[48;2;98;49;123m▀[38;2;139;82;172;48;2;16;16;16m▀[38;2;98;49;123;48;2;98;49;123m▀[38;2;164;106;180;48;2;164;106;180m▀[38;2;98;49;123m▀[38;2;164;106;180;48;2;98;49;123m▀▀[38;2;16;16;16;48;2;139;82;172m▀[38;2;139;82;172m▀▀[38;2;16;16;16m▀▀[49m▄[0m    [38;2;197;180;41;48;2;197;180;41m▀[38;2;246;238;148;48;2;246;238;148m▀▀▀▀▀▀▀▀[38;2;238;213;106m▀▀[48;2;238;213;106m▀▀▀▀▀[48;2;197;180;41m▀[38;2;197;180;41;49m▀[0m
[0m               [38;2;16;16;16;48;2;16;16;16m▀[38;2;189;139;205;48;2;189;139;205m▀▀[38;2;16;16;16;48;2;98;49;123m▀[38;2;222;222;222;48;2;255;255;255m▀[38;2;16;16;16;48;2;16;16;16m▀[38;2;222;222;222;48;2;222;222;222m▀[38;2;98;49;123m▀▀[48;2;164;32;0m▀▀▀[38;2;164;32;0m▀▀▀[48;2;222;98;32m▀[38;2;255;255;255m▀▀▀[38;2;164;32;0;48;2;164;32;0m▀[38;2;255;255;255;48;2;222;222;222m▀▀[38;2;222;222;222m▀[38;2;164;32;0;48;2;164;32;0m▀[38;2;16;16;16;48;2;16;16;16m▀[38;2;164;106;180;48;2;164;106;180m▀▀▀[38;2;139;82;172;48;2;139;82;172m▀▀▀▀▀▀[38;2;16;16;16;48;2;98;49;123m▀[0m [38;2;197;180;41m▄▄[48;2;238;213;106m▀[38;2;238;213;106m▀[38;2;246;238;148m▀[48;2;246;238;148m▀▀▀▀▀[48;2;238;213;106m▀[48;2;246;238;148m▀▀▀▀[38;2;238;213;106;48;2;238;213;106m▀[48;2;197;180;41m▀▀[38;2;197;180;41;49m▀[0m
[0m               [38;2;98;49;123m▀[38;2;164;106;180;48;2;98;49;123m▀[38;2;189;139;205;48;2;189;139;205m▀[38;2;16;16;16;48;2;16;16;16m▀[38;2;255;255;255;48;2;255;255;255m▀[48;2;222;222;222m▀[38;2;98;49;123;48;2;16;16;16m▀[38;2;164;32;0;48;2;164;32;0m▀▀[48;2;98;49;123m▀▀▀▀[48;2;164;106;180m▀[38;2;98;49;123;48;2;189;139;205m▀▀▀▀▀[38;2;164;32;0;48;2;98;49;123m▀[38;2;222;222;222;48;2;16;16;16m▀▀[38;2;98;49;123;48;2;164;106;180m▀[38;2;16;16;16m▀[38;2;164;106;180m▀▀▀[48;2;139;82;172m▀[38;2;139;82;172m▀[48;2;16;16;16m▀[38;2;16;16;16;48;2;139;82;172m▀[38;2;139;82;172m▀▀[38;2;98;49;123;48;2;16;16;16m▀[0m  [38;2;238;213;106m▀[48;2;197;180;41m▀▀▀[48;2;238;213;106m▀▀[38;2;246;238;148m▀▀▀[38;2;238;213;106m▀▀▀[38;2;246;238;148m▀[48;2;246;238;148m▀▀▀[38;2;197;180;41;48;2;238;213;106m▀[49m▄[0m
[0m                 [38;2;16;16;16m▀[38;2;164;106;180;48;2;16;16;16m▀[38;2;16;16;16;48;2;164;106;180m▀▀[48;2;189;139;205m▀▀[38;2;98;49;123m▀[38;2;189;139;205m▀▀▀[48;2;164;106;180m▀▀▀▀[38;2;164;106;180m▀▀▀▀▀▀▀▀▀▀[48;2;139;82;172m▀[38;2;139;82;172m▀[48;2;16;16;16m▀[38;2;16;16;16;49m▀▀▀▀[0m       [38;2;197;180;41m▀[38;2;238;213;106;48;2;197;180;41m▀[48;2;238;213;106m▀▀▀▀▀▀▀[48;2;246;238;148m▀[38;2;246;238;148;48;2;238;213;106m▀[38;2;238;213;106;48;2;246;238;148m▀[48;2;238;213;106m▀[38;2;197;180;41;48;2;197;180;41m▀[0m
[0m                  [38;2;98;49;123;48;2;98;49;123m▀[38;2;164;106;180;48;2;189;139;205m▀▀[48;2;164;106;180m▀[48;2;98;49;123m▀▀[48;2;164;106;180m▀▀[48;2;189;139;205m▀[38;2;189;139;205;48;2;213;205;106m▀[38;2;213;205;106;48;2;172;156;16m▀[48;2;164;106;180m▀▀▀[48;2;172;156;16m▀[38;2;189;139;205;48;2;213;205;106m▀[38;2;164;106;180;48;2;189;139;205m▀[48;2;164;106;180m▀▀▀[48;2;16;16;16m▀[38;2;139;82;172m▀▀[38;2;16;16;16;49m▀▀[0m             [38;2;197;180;41m▀[38;2;238;213;106;48;2;197;180;41m▀[48;2;238;213;106m▀▀▀▀▀▀▀[38;2;246;238;148m▀[38;2;238;213;106;48;2;197;180;41m▀[38;2;197;180;41;49m▀[0m
[0m                   [38;2;98;49;123m▀[38;2;189;139;205;48;2;16;16;16m▀▀[38;2;164;106;180m▀[38;2;16;16;16;49m▀▀▀[38;2;98;49;123m▀[38;2;213;205;106;48;2;16;16;16m▀▀[38;2;189;139;205m▀[38;2;164;106;180m▀[38;2;189;139;205m▀[38;2;213;205;106m▀[48;2;98;49;123m▀[38;2;164;106;180;48;2;139;82;172m▀[38;2;139;82;172m▀[38;2;98;49;123m▀▀[38;2;16;16;16;48;2;16;16;16m▀[0m                   [38;2;197;180;41m▀▀[38;2;238;213;106;48;2;197;180;41m▀▀▀▀[38;2;197;180;41;49m▀▀[0m
[0m                              [38;2;16;16;16m▀▀[38;2;139;82;172;48;2;16;16;16m▀▀▀▀[38;2;16;16;16;49m▀▀[0m
