[0m                                   [38;2;90;90;123m▄[48;2;189;189;205m▀[38;2;16;16;16m▀[48;2;90;90;123m▀[48;2;189;189;205m▀[49m▄▄[0m
[0m                                   [38;2;90;90;123;48;2;90;90;123m▀[38;2;189;189;205;48;2;189;189;205m▀[38;2;90;90;123;48;2;90;90;123m▀[38;2;189;189;205;48;2;189;189;205m▀▀▀▀[38;2;16;16;16m▀[49m▄[0m
[0m                        [38;2;90;90;123m▄[48;2;189;189;205m▀▀▀[38;2;16;16;16m▀[49m▄[0m    [38;2;90;90;123m▄[48;2;230;230;238m▀[38;2;230;230;238m▀[38;2;90;90;123;48;2;90;90;123m▀[38;2;189;189;205;48;2;189;189;205m▀▀▀▀▀[38;2;16;16;16;48;2;16;16;16m▀[0m           [38;2;131;131;172m▄▄[0m
[0m                      [38;2;90;90;123m▄[48;2;189;189;205m▀[38;2;189;189;205m▀▀[48;2;131;131;172m▀▀[38;2;131;131;172m▀[38;2;16;16;16m▀[38;2;131;131;172;48;2;16;16;16m▀▀[48;2;230;230;238m▀▀[38;2;230;230;238m▀[48;2;90;90;123m▀[38;2;90;90;123;48;2;131;131;172m▀[38;2;131;131;172m▀▀▀[38;2;189;189;205m▀▀▀[38;2;16;16;16;48;2;16;16;16m▀[38;2;57;57;82;49m▄▄▄[0m   [38;2;57;57;82m▄▄[48;2;131;131;172m▀▀[38;2;131;131;172;48;2;189;189;205m▀[38;2;189;189;205m▀▀[38;2;16;16;16;48;2;16;16;16m▀[0m
[0m                      [38;2;90;90;123;48;2;90;90;123m▀[38;2;230;230;238;48;2;230;230;238m▀▀[38;2;131;131;172;48;2;131;131;172m▀▀▀▀▀▀▀[38;2;16;16;16m▀▀▀[38;2;131;131;172m▀▀▀▀▀▀▀▀▀[38;2;16;16;16;48;2;16;16;16m▀[38;2;131;131;172;48;2;131;131;172m▀▀[38;2;57;57;82m▀▀▀[38;2;131;131;172m▀▀▀▀[38;2;189;189;205;48;2;189;189;205m▀▀[48;2;16;16;16m▀[38;2;16;16;16;49m▀[0m
[0m                      [38;2;90;90;123;48;2;90;90;123m▀[38;2;230;230;238;48;2;230;230;238m▀▀[38;2;131;131;172;48;2;131;131;172m▀▀▀▀▀▀▀▀▀▀▀▀▀▀▀▀▀▀▀▀[38;2;16;16;16m▀[38;2;131;131;172;48;2;16;16;16m▀▀[48;2;131;131;172m▀▀▀▀▀▀[38;2;57;57;82;48;2;57;57;82m▀[38;2;189;189;205;48;2;189;189;205m▀[38;2;16;16;16;48;2;16;16;16m▀[0m
[0m              [38;2;16;16;16m▄▄[0m     [38;2;90;90;123m▄[48;2;230;230;238m▀[38;2;230;230;238m▀[48;2;131;131;172m▀[38;2;131;131;172m▀▀▀▀▀▀▀[48;2;90;90;123m▀▀▀[48;2;57;57;82m▀▀[48;2;90;90;123m▀▀[48;2;131;131;172m▀▀▀▀▀▀▀▀▀[38;2;16;16;16m▀▀▀[38;2;131;131;172;48;2;16;16;16m▀[48;2;131;131;172m▀▀▀[38;2;57;57;82m▀[38;2;16;16;16;48;2;16;16;16m▀[0m
[0m             [38;2;57;57;82;48;2;57;57;82m▀[38;2;131;131;172;48;2;131;131;172m▀▀[38;2;16;16;16m▀[49m▄▄[0m [38;2;90;90;123m▄[48;2;230;230;238m▀[38;2;230;230;238m▀[48;2;131;131;172m▀[38;2;131;131;172m▀▀▀▀▀[48;2;90;90;123m▀[38;2;90;90;123;48;2;230;230;238m▀▀[38;2;230;230;238m▀▀[38;2;189;189;205m▀[38;2;57;57;82;48;2;189;189;205m▀[48;2;57;57;82m▀[38;2;230;230;238;48;2;230;230;238m▀[38;2;189;189;205;48;2;189;189;205m▀[38;2;90;90;123m▀▀[38;2;131;131;172;48;2;90;90;123m▀▀[48;2;131;131;172m▀[48;2;90;90;123m▀[38;2;90;90;123;48;2;189;189;205m▀[38;2;16;16;16m▀[38;2;131;131;172;48;2;16;16;16m▀[48;2;131;131;172m▀▀▀[38;2;16;16;16;48;2;16;16;16m▀[38;2;131;131;172;48;2;131;131;172m▀▀▀▀▀[38;2;57;57;82;48;2;57;57;82m▀[0m
[0m        [38;2;90;90;123m▄▄▄[38;2;16;16;16m▄▄[38;2;57;57;82;48;2;57;57;82m▀[38;2;131;131;172;48;2;131;131;172m▀▀▀▀[48;2;90;90;123m▀[38;2;90;90;123;48;2;230;230;238m▀[38;2;230;230;238m▀▀[48;2;131;131;172m▀[38;2;131;131;172;48;2;90;90;123m▀[38;2;90;90;123;48;2;230;230;238m▀[38;2;16;16;16m▀▀[38;2;131;131;172;48;2;16;16;16m▀[38;2;90;90;123m▀[38;2;230;230;238;48;2;57;57;82m▀▀▀[48;2;230;230;238m▀▀▀▀▀[48;2;189;189;205m▀[38;2;189;189;205m▀▀▀[48;2;90;90;123m▀▀[38;2;90;90;123;48;2;189;189;205m▀[38;2;189;189;205m▀▀[48;2;131;131;172m▀[38;2;16;16;16;48;2;16;16;16m▀[38;2;131;131;172;48;2;131;131;172m▀[48;2;16;16;16m▀[38;2;16;16;16;48;2;131;131;172m▀[38;2;131;131;172;48;2;57;57;82m▀[48;2;131;131;172m▀▀▀▀▀▀[38;2;57;57;82;48;2;57;57;82m▀[0m
[0m       [38;2;90;90;123;48;2;90;90;123m▀[38;2;189;189;205;48;2;189;189;205m▀▀▀[38;2;90;90;123;48;2;90;90;123m▀[38;2;131;131;172;48;2;131;131;172m▀[38;2;16;16;16m▀[38;2;131;131;172;48;2;16;16;16m▀▀[48;2;230;230;238m▀[38;2;90;90;123m▀[38;2;230;230;238m▀▀[48;2;57;57;82m▀[38;2;57;57;82;48;2;189;189;205m▀[38;2;90;90;123;48;2;90;90;123m▀[38;2;230;230;238;48;2;230;230;238m▀▀[48;2;131;131;172m▀[48;2;90;90;123m▀▀[38;2;189;189;205;48;2;189;189;205m▀[38;2;16;16;16m▀[38;2;131;131;172;48;2;16;16;16m▀[48;2;131;131;172m▀[38;2;57;57;82m▀[48;2;57;57;82m▀[38;2;90;90;123;48;2;189;189;205m▀▀[38;2;189;189;205;48;2;90;90;123m▀▀▀[38;2;90;90;123;48;2;189;189;205m▀▀[38;2;189;189;205m▀▀▀[48;2;131;131;172m▀[38;2;131;131;172m▀▀[38;2;16;16;16;48;2;16;16;16m▀[48;2;131;131;172m▀[38;2;131;131;172m▀▀▀[38;2;57;57;82m▀[38;2;131;131;172;48;2;57;57;82m▀▀[48;2;131;131;172m▀▀▀▀[38;2;57;57;82;48;2;57;57;82m▀[0m
[0m       [38;2;90;90;123;48;2;90;90;123m▀[38;2;189;189;205;48;2;189;189;205m▀▀[38;2;90;90;123;48;2;90;90;123m▀[38;2;131;131;172;48;2;131;131;172m▀▀[48;2;189;189;205m▀▀[38;2;189;189;205m▀[38;2;57;57;82m▀▀▀▀[38;2;189;189;205m▀[38;2;90;90;123;48;2;90;90;123m▀[38;2;230;230;238;48;2;230;230;238m▀▀▀[38;2;16;16;16;48;2;16;16;16m▀▀▀[38;2;90;90;123;48;2;90;90;123m▀[38;2;189;189;205;48;2;189;189;205m▀[38;2;131;131;172;48;2;131;131;172m▀[38;2;16;16;16;48;2;16;16;16m▀[38;2;131;131;172;48;2;131;131;172m▀▀[38;2;57;57;82m▀▀[38;2;189;189;205;48;2;57;57;82m▀▀[48;2;90;90;123m▀▀[38;2;90;90;123;48;2;131;131;172m▀▀[38;2;131;131;172m▀▀▀▀[48;2;16;16;16m▀[38;2;16;16;16;48;2;131;131;172m▀[38;2;131;131;172m▀▀▀▀▀▀▀[38;2;57;57;82m▀▀▀▀[38;2;16;16;16;48;2;189;189;205m▀▀[49m▄[0m
[0m      [38;2;131;131;172m▄[38;2;90;90;123;48;2;230;230;238m▀[38;2;230;230;238m▀[38;2;90;90;123;48;2;90;90;123m▀[38;2;131;131;172;48;2;131;131;172m▀[48;2;189;189;205m▀[38;2;189;189;205m▀▀▀▀▀▀▀▀[38;2;90;90;123;48;2;90;90;123m▀[38;2;230;230;238;48;2;230;230;238m▀▀[48;2;189;189;205m▀[38;2;189;189;205m▀▀▀▀▀[48;2;131;131;172m▀[38;2;131;131;172m▀▀[38;2;16;16;16;48;2;16;16;16m▀[38;2;131;131;172;48;2;131;131;172m▀▀▀▀▀▀▀▀▀▀▀▀[38;2;16;16;16;48;2;16;16;16m▀[38;2;131;131;172;48;2;131;131;172m▀▀▀▀▀▀▀▀▀[48;2;189;189;205m▀▀[38;2;189;189;205m▀▀[48;2;16;16;16m▀▀[38;2;16;16;16;49m▀[0m
[0m     [38;2;131;131;172m▄[48;2;230;230;238m▀[38;2;230;230;238m▀[38;2;90;90;123;48;2;90;90;123m▀[38;2;131;131;172;48;2;131;131;172m▀[48;2;189;189;205m▀[38;2;189;189;205m▀▀▀▀▀▀▀▀[38;2;90;90;123;48;2;90;90;123m▀[38;2;230;230;238;48;2;230;230;238m▀▀[38;2;189;189;205;48;2;189;189;205m▀▀[48;2;16;16;16m▀▀[38;2;16;16;16;48;2;131;131;172m▀[38;2;57;57;82m▀[38;2;131;131;172m▀▀▀[48;2;16;16;16m▀[38;2;16;16;16;48;2;131;131;172m▀[38;2;131;131;172m▀▀▀▀▀▀[48;2;57;57;82m▀▀[48;2;131;131;172m▀▀▀▀[38;2;16;16;16;48;2;16;16;16m▀[38;2;131;131;172m▀[48;2;131;131;172m▀▀▀▀[48;2;189;189;205m▀▀[38;2;189;189;205m▀▀▀▀[48;2;16;16;16m▀[38;2;16;16;16;48;2;131;131;172m▀[38;2;131;131;172m▀▀[38;2;57;57;82;48;2;57;57;82m▀[0m
[0m    [38;2;131;131;172m▄[48;2;230;230;238m▀[38;2;230;230;238m▀[48;2;90;90;123m▀[38;2;90;90;123;48;2;131;131;172m▀[38;2;131;131;172m▀[38;2;189;189;205;48;2;189;189;205m▀▀▀▀▀▀▀▀[38;2;90;90;123;48;2;90;90;123m▀[38;2;230;230;238;48;2;230;230;238m▀▀[38;2;189;189;205;48;2;189;189;205m▀[48;2;16;16;16m▀[38;2;16;16;16;48;2;131;131;172m▀[38;2;131;131;172m▀▀▀▀[48;2;57;57;82m▀▀[38;2;57;57;82;48;2;131;131;172m▀[38;2;131;131;172m▀[38;2;16;16;16;48;2;16;16;16m▀[38;2;131;131;172m▀▀[48;2;131;131;172m▀▀[48;2;57;57;82m▀[38;2;57;57;82;48;2;189;189;205m▀[38;2;189;189;205m▀▀[38;2;57;57;82;48;2;57;57;82m▀[38;2;131;131;172;48;2;131;131;172m▀▀▀▀[38;2;16;16;16;48;2;16;16;16m▀▀[38;2;131;131;172m▀[48;2;189;189;205m▀[38;2;189;189;205;48;2;57;57;82m▀▀▀▀[38;2;16;16;16;48;2;189;189;205m▀▀▀[48;2;131;131;172m▀▀▀▀[48;2;189;189;205m▀[49m▄[0m
[0m   [38;2;90;90;123m▄[38;2;131;131;172;48;2;230;230;238m▀[38;2;230;230;238m▀[48;2;90;90;123m▀[38;2;90;90;123;48;2;131;131;172m▀[38;2;131;131;172m▀[38;2;189;189;205;48;2;189;189;205m▀▀▀▀▀▀▀▀[38;2;90;90;123;48;2;90;90;123m▀[38;2;230;230;238;48;2;230;230;238m▀▀[38;2;189;189;205;48;2;189;189;205m▀[38;2;16;16;16;48;2;16;16;16m▀[38;2;131;131;172;48;2;131;131;172m▀▀[48;2;57;57;82m▀▀[38;2;57;57;82;48;2;131;131;172m▀▀[38;2;131;131;172m▀▀▀▀▀[38;2;16;16;16m▀[48;2;16;16;16m▀[48;2;57;57;82m▀[38;2;57;57;82;48;2;189;189;205m▀[38;2;189;189;205m▀▀[48;2;131;131;172m▀[38;2;131;131;172m▀▀[38;2;16;16;16;48;2;16;16;16m▀[38;2;131;131;172;48;2;131;131;172m▀▀▀[48;2;57;57;82m▀[38;2;16;16;16m▀[38;2;57;57;82;48;2;131;131;172m▀▀[38;2;131;131;172m▀▀▀[38;2;189;189;205m▀▀▀[38;2;131;131;172m▀▀[48;2;189;189;205m▀▀[38;2;189;189;205;48;2;16;16;16m▀▀[38;2;16;16;16;48;2;57;57;82m▀[0m
[0m   [38;2;90;90;123;48;2;90;90;123m▀[38;2;230;230;238;48;2;230;230;238m▀[38;2;189;189;205;48;2;189;189;205m▀[38;2;90;90;123;48;2;90;90;123m▀[38;2;131;131;172;48;2;131;131;172m▀▀[38;2;189;189;205;48;2;189;189;205m▀▀▀▀▀▀[48;2;90;90;123m▀[38;2;90;90;123;48;2;230;230;238m▀[38;2;230;230;238m▀[48;2;189;189;205m▀[38;2;189;189;205m▀[38;2;16;16;16;48;2;16;16;16m▀[38;2;131;131;172;48;2;57;57;82m▀[38;2;57;57;82;48;2;131;131;172m▀▀[38;2;131;131;172m▀▀▀▀▀▀▀▀▀▀▀[38;2;16;16;16m▀[38;2;189;189;205;48;2;16;16;16m▀[48;2;131;131;172m▀[38;2;131;131;172m▀▀▀▀[38;2;16;16;16;48;2;16;16;16m▀[38;2;131;131;172;48;2;57;57;82m▀[38;2;57;57;82;48;2;131;131;172m▀▀[38;2;131;131;172m▀▀▀▀▀▀▀▀▀▀[48;2;189;189;205m▀[38;2;189;189;205m▀▀[38;2;16;16;16;48;2;16;16;16m▀[38;2;131;131;172;48;2;131;131;172m▀▀[38;2;57;57;82m▀[49m▄[0m
[38;2;16;16;16;49m▄[38;2;57;57;82m▄[0m [38;2;90;90;123m▀[38;2;230;230;238;48;2;90;90;123m▀[38;2;189;189;205;48;2;189;189;205m▀[38;2;90;90;123;48;2;90;90;123m▀[38;2;131;131;172;48;2;131;131;172m▀▀[38;2;189;189;205m▀[48;2;189;189;205m▀▀▀[48;2;90;90;123m▀[38;2;90;90;123;48;2;230;230;238m▀[38;2;230;230;238m▀[48;2;189;189;205m▀[38;2;189;189;205m▀▀[38;2;16;16;16;48;2;16;16;16m▀[38;2;57;57;82;48;2;131;131;172m▀[38;2;131;131;172m▀▀▀▀▀▀▀▀▀▀▀▀▀▀[48;2;16;16;16m▀[38;2;16;16;16;48;2;131;131;172m▀[38;2;131;131;172m▀▀▀▀▀[38;2;16;16;16;48;2;16;16;16m▀▀[38;2;131;131;172m▀[48;2;131;131;172m▀▀▀▀▀▀▀▀▀▀[48;2;189;189;205m▀[38;2;189;189;205m▀▀[38;2;16;16;16;48;2;16;16;16m▀[38;2;131;131;172;48;2;131;131;172m▀▀▀▀[38;2;57;57;82;48;2;57;57;82m▀[0m
[38;2;16;16;16;48;2;16;16;16m▀[38;2;230;230;238;48;2;230;230;238m▀[38;2;57;57;82m▀▀[38;2;90;90;123;48;2;57;57;82m▀[38;2;189;189;205m▀[38;2;131;131;172;48;2;230;230;238m▀[38;2;90;90;123m▀[38;2;131;131;172;48;2;90;90;123m▀▀▀[38;2;90;90;123;48;2;230;230;238m▀▀[38;2;230;230;238m▀[48;2;189;189;205m▀[38;2;189;189;205m▀▀[48;2;16;16;16m▀[38;2;16;16;16;48;2;57;57;82m▀[38;2;57;57;82;48;2;131;131;172m▀[38;2;131;131;172m▀▀▀▀▀▀▀▀▀▀[48;2;189;189;205m▀▀▀[48;2;131;131;172m▀[48;2;16;16;16m▀[38;2;16;16;16;48;2;131;131;172m▀[38;2;131;131;172m▀▀▀▀▀▀[38;2;16;16;16;48;2;16;16;16m▀[48;2;90;90;123m▀▀[38;2;90;90;123;48;2;189;189;205m▀▀[38;2;57;57;82m▀[48;2;131;131;172m▀[38;2;131;131;172;48;2;57;57;82m▀[48;2;189;189;205m▀▀[48;2;131;131;172m▀▀▀[38;2;189;189;205m▀[48;2;189;189;205m▀▀[38;2;16;16;16;48;2;16;16;16m▀[38;2;131;131;172;48;2;131;131;172m▀▀▀▀[38;2;57;57;82;48;2;57;57;82m▀[0m
[0m [38;2;16;16;16;48;2;16;16;16m▀[38;2;230;230;238;48;2;230;230;238m▀▀▀▀[38;2;57;57;82m▀▀[38;2;230;230;238;48;2;90;90;123m▀[48;2;189;189;205m▀▀▀[38;2;189;189;205m▀▀[48;2;16;16;16m▀[38;2;90;90;123;48;2;189;189;205m▀[38;2;16;16;16;48;2;172;57;41m▀[38;2;255;255;255;48;2;255;255;255m▀[38;2;131;131;172;48;2;131;131;172m▀▀▀▀▀▀▀▀▀▀[38;2;189;189;205;48;2;189;189;205m▀▀▀▀▀▀[38;2;16;16;16;48;2;16;16;16m▀[38;2;131;131;172;48;2;57;57;82m▀[48;2;16;16;16m▀▀[48;2;131;131;172m▀▀▀▀[38;2;16;16;16m▀[38;2;189;189;205;48;2;16;16;16m▀▀[48;2;189;189;205m▀[48;2;131;131;172m▀[38;2;131;131;172m▀▀[38;2;57;57;82;48;2;57;57;82m▀[38;2;189;189;205;48;2;189;189;205m▀▀▀[38;2;131;131;172m▀[48;2;131;131;172m▀▀[38;2;189;189;205m▀▀[48;2;189;189;205m▀[38;2;16;16;16m▀[38;2;131;131;172;48;2;16;16;16m▀[48;2;131;131;172m▀▀[38;2;57;57;82;48;2;57;57;82m▀[0m
[0m  [38;2;16;16;16m▀[38;2;189;189;205;48;2;16;16;16m▀[48;2;189;189;205m▀[38;2;230;230;238m▀▀▀▀[38;2;189;189;205m▀▀▀▀[38;2;16;16;16;48;2;16;16;16m▀[38;2;255;255;255;48;2;131;131;172m▀[38;2;16;16;16m▀[38;2;172;57;41m▀[38;2;131;131;172m▀▀▀[48;2;16;16;16m▀▀▀▀▀▀[48;2;131;131;172m▀[38;2;189;189;205;48;2;189;189;205m▀▀▀▀▀[48;2;16;16;16m▀[38;2;16;16;16;48;2;189;189;205m▀[48;2;131;131;172m▀[38;2;131;131;172m▀[38;2;57;57;82m▀[48;2;57;57;82m▀[38;2;16;16;16m▀[38;2;131;131;172;48;2;16;16;16m▀[48;2;131;131;172m▀▀▀▀▀▀▀▀[48;2;57;57;82m▀[38;2;57;57;82;48;2;131;131;172m▀[38;2;131;131;172m▀▀▀▀[48;2;57;57;82m▀[48;2;16;16;16m▀▀[48;2;57;57;82m▀[48;2;131;131;172m▀[48;2;16;16;16m▀[38;2;16;16;16;48;2;131;131;172m▀[38;2;131;131;172m▀[38;2;57;57;82;48;2;57;57;82m▀[0m
[0m    [38;2;16;16;16;48;2;90;90;123m▀[38;2;189;189;205;48;2;16;16;16m▀▀[38;2;57;57;82;48;2;189;189;205m▀[38;2;189;189;205m▀▀▀[48;2;16;16;16m▀[38;2;16;16;16;48;2;131;131;172m▀[38;2;131;131;172m▀▀▀[48;2;16;16;16m▀▀[38;2;16;16;16;48;2;189;189;205m▀[48;2;57;57;82m▀[38;2;90;90;123;48;2;90;90;123m▀▀▀▀▀▀[38;2;16;16;16m▀[48;2;16;16;16m▀[48;2;131;131;172m▀[38;2;189;189;205;48;2;16;16;16m▀▀▀[38;2;16;16;16;48;2;189;189;205m▀[38;2;189;189;205m▀▀[38;2;131;131;172;48;2;131;131;172m▀▀▀[38;2;57;57;82;48;2;57;57;82m▀▀[38;2;16;16;16m▀[38;2;131;131;172;48;2;131;131;172m▀▀▀▀▀[48;2;57;57;82m▀[38;2;57;57;82;49m▀[38;2;131;131;172;48;2;16;16;16m▀▀[48;2;131;131;172m▀▀[48;2;57;57;82m▀[38;2;57;57;82;48;2;131;131;172m▀[38;2;16;16;16;48;2;57;57;82m▀[48;2;16;16;16m▀▀[48;2;57;57;82m▀[38;2;57;57;82;48;2;131;131;172m▀▀▀[38;2;131;131;172;48;2;16;16;16m▀[38;2;57;57;82;49m▀[0m
[0m    [38;2;90;90;123m▀[38;2;189;189;205;48;2;90;90;123m▀[48;2;189;189;205m▀▀▀[48;2;57;57;82m▀[38;2;16;16;16;48;2;90;90;123m▀[38;2;131;131;172;48;2;131;131;172m▀▀▀[48;2;16;16;16m▀[38;2;16;16;16;48;2;90;90;123m▀[38;2;57;57;82m▀[38;2;255;255;255;48;2;57;57;82m▀[48;2;255;255;255m▀[38;2;57;57;82;48;2;57;57;82m▀[38;2;90;90;123;48;2;90;90;123m▀[48;2;16;16;16m▀▀▀▀▀[38;2;16;16;16;48;2;57;57;82m▀[48;2;16;16;16m▀[38;2;189;189;205;48;2;189;189;205m▀▀▀▀▀▀▀[38;2;131;131;172;48;2;131;131;172m▀▀▀▀[38;2;16;16;16;48;2;16;16;16m▀[38;2;57;57;82;48;2;57;57;82m▀[38;2;131;131;172;48;2;131;131;172m▀▀▀▀[38;2;57;57;82;48;2;57;57;82m▀[0m    [38;2;16;16;16m▀[48;2;16;16;16m▀[38;2;131;131;172;48;2;131;131;172m▀[48;2;57;57;82m▀[48;2;189;189;205m▀[48;2;57;57;82m▀[48;2;131;131;172m▀[48;2;57;57;82m▀[48;2;189;189;205m▀[48;2;57;57;82m▀[48;2;131;131;172m▀[38;2;16;16;16;48;2;16;16;16m▀[0m
[0m     [38;2;90;90;123m▀[38;2;189;189;205;48;2;16;16;16m▀[48;2;189;189;205m▀▀[38;2;16;16;16m▀[38;2;57;57;82m▀[38;2;131;131;172;48;2;131;131;172m▀[48;2;16;16;16m▀▀[38;2;16;16;16;48;2;90;90;123m▀[38;2;90;90;123m▀▀▀[38;2;57;57;82;48;2;16;16;16m▀[38;2;16;16;16;49m▀▀[38;2;57;57;82m▀▀▀[48;2;57;57;82m▀▀[48;2;16;16;16m▀[38;2;16;16;16;48;2;189;189;205m▀[38;2;189;189;205;48;2;90;90;123m▀▀▀▀[48;2;189;189;205m▀[48;2;131;131;172m▀[38;2;131;131;172m▀▀▀▀[48;2;16;16;16m▀[38;2;16;16;16;48;2;57;57;82m▀[38;2;57;57;82m▀[38;2;131;131;172m▀▀▀[38;2;57;57;82;49m▀[0m      [38;2;16;16;16m▀[38;2;57;57;82;48;2;16;16;16m▀[38;2;189;189;205;48;2;189;189;205m▀[48;2;131;131;172m▀[38;2;16;16;16;48;2;16;16;16m▀[49m▀[38;2;57;57;82;48;2;57;57;82m▀[38;2;189;189;205;48;2;189;189;205m▀[48;2;131;131;172m▀[38;2;16;16;16;48;2;16;16;16m▀[0m
[0m     [38;2;90;90;123m▄[48;2;90;90;123m▀[38;2;16;16;16;48;2;131;131;172m▀▀[48;2;57;57;82m▀[48;2;90;90;123m▀▀[38;2;90;90;123m▀▀▀▀[48;2;57;57;82m▀[38;2;16;16;16;49m▀[0m       [38;2;16;16;16m▄[48;2;189;189;205m▀[38;2;90;90;123m▀[38;2;189;189;205m▀▀▀▀[38;2;57;57;82m▀[48;2;131;131;172m▀▀[38;2;131;131;172;48;2;57;57;82m▀[48;2;131;131;172m▀▀[38;2;16;16;16;48;2;16;16;16m▀[0m              [38;2;16;16;16m▀▀[0m   [38;2;16;16;16m▀▀[0m
[0m    [38;2;16;16;16m▄[48;2;255;255;255m▀[38;2;255;255;255m▀[48;2;90;90;123m▀[38;2;131;131;172m▀[38;2;90;90;123;48;2;255;255;255m▀[38;2;16;16;16m▀[48;2;90;90;123m▀[48;2;131;131;172m▀▀[48;2;57;57;82m▀[49m▀[0m         [38;2;16;16;16;48;2;16;16;16m▀[38;2;90;90;123;48;2;230;230;238m▀[38;2;189;189;205;48;2;90;90;123m▀[48;2;189;189;205m▀▀[48;2;90;90;123m▀[38;2;90;90;123;48;2;255;255;255m▀[38;2;131;131;172;48;2;90;90;123m▀[48;2;131;131;172m▀▀▀[38;2;57;57;82m▀[38;2;16;16;16;48;2;16;16;16m▀[0m
[0m     [38;2;16;16;16m▀▀▀[38;2;255;255;255;48;2;16;16;16m▀▀[38;2;230;230;238m▀[38;2;57;57;82;49m▀▀▀[0m          [38;2;16;16;16;48;2;16;16;16m▀[38;2;230;230;238;48;2;230;230;238m▀▀[48;2;16;16;16m▀[38;2;57;57;82;48;2;57;57;82m▀[38;2;131;131;172;48;2;16;16;16m▀[38;2;255;255;255;48;2;255;255;255m▀▀▀[38;2;90;90;123;48;2;16;16;16m▀[38;2;131;131;172m▀▀[38;2;16;16;16;49m▀[0m
[0m                        [38;2;16;16;16m▀▀▀[0m   [38;2;16;16;16m▀[38;2;255;255;255;48;2;16;16;16m▀[38;2;16;16;16;49m▀[0m
