[0m                             [38;2;139;139;148m▄[48;2;197;197;189m▀[38;2;16;16;16;48;2;82;82;90m▀[48;2;139;139;148m▀[49m▄[0m
[0m             [38;2;82;82;90m▄[48;2;230;230;222m▀[38;2;16;16;16m▀[48;2;197;197;189m▀[49m▄▄[0m        [38;2;82;82;90m▄[38;2;139;139;148;48;2;197;197;189m▀[38;2;197;197;189;48;2;82;82;90m▀[38;2;82;82;90;48;2;139;139;148m▀[38;2;139;139;148m▀▀[38;2;16;16;16;48;2;16;16;16m▀[0m
[0m             [38;2;82;82;90m▀[38;2;230;230;222;48;2;82;82;90m▀[38;2;197;197;189;48;2;197;197;189m▀[38;2;139;139;148;48;2;139;139;148m▀▀▀[38;2;16;16;16m▀[49m▄[38;2;82;82;90m▄▄▄▄▄[48;2;82;82;90m▀[38;2;197;197;189;48;2;197;197;189m▀[48;2;82;82;90m▀[38;2;82;82;90;48;2;139;139;148m▀[38;2;139;139;148m▀▀[38;2;16;16;16;48;2;16;16;16m▀[0m
[0m            [38;2;82;82;90m▄▄▄[38;2;16;16;16;48;2;82;82;90m▀[38;2;139;139;148m▀[38;2;82;82;90;48;2;197;197;189m▀▀▀▀[38;2;197;197;189m▀▀▀▀[38;2;82;82;90;48;2;82;82;90m▀[38;2;197;197;189;48;2;197;197;189m▀[48;2;82;82;90m▀[38;2;82;82;90;48;2;139;139;148m▀[38;2;139;139;148m▀▀▀[38;2;16;16;16;48;2;16;16;16m▀[38;2;82;82;90;48;2;197;197;189m▀▀[49m▄▄[0m  [38;2;139;139;148m▄[48;2;230;230;222m▀▀[38;2;16;16;16;49m▄[0m
[0m           [38;2;16;16;16m▀[38;2;230;230;222;48;2;16;16;16m▀▀[48;2;230;230;222m▀▀[48;2;197;197;189m▀[38;2;197;197;189m▀[48;2;139;139;148m▀▀▀▀[48;2;197;197;189m▀▀[38;2;82;82;90;48;2;82;82;90m▀[38;2;197;197;189;48;2;197;197;189m▀▀[38;2;82;82;90;48;2;82;82;90m▀[38;2;139;139;148;48;2;139;139;148m▀▀▀▀[38;2;82;82;90;48;2;197;197;189m▀[38;2;197;197;189m▀▀▀[48;2;139;139;148m▀[38;2;82;82;90m▀[38;2;139;139;148;48;2;230;230;222m▀[38;2;230;230;222m▀[48;2;82;82;90m▀[38;2;139;139;148;48;2;139;139;148m▀[38;2;16;16;16;48;2;82;82;90m▀[49m▄▄[0m
[0m              [38;2;16;16;16m▀[48;2;82;82;90m▀[38;2;139;139;148;48;2;16;16;16m▀▀[48;2;139;139;148m▀▀▀▀▀[38;2;197;197;189;48;2;197;197;189m▀▀▀▀▀[38;2;82;82;90m▀[38;2;139;139;148m▀[48;2;139;139;148m▀[38;2;197;197;189;48;2;197;197;189m▀▀▀[48;2;82;82;90m▀▀[48;2;197;197;189m▀▀▀[38;2;82;82;90;48;2;82;82;90m▀[38;2;139;139;148;48;2;139;139;148m▀▀▀▀▀[38;2;16;16;16;48;2;16;16;16m▀[0m
[0m      [38;2;115;90;49;48;2;16;16;16m▀[48;2;255;238;197m▀▀[49m▄▄▄[0m  [38;2;82;82;90m▄[48;2;230;230;222m▀[38;2;197;197;189m▀▀[38;2;16;16;16m▀[38;2;139;139;148;48;2;82;82;90m▀[48;2;139;139;148m▀▀[48;2;197;197;189m▀[38;2;197;197;189m▀▀▀▀▀▀▀▀▀[48;2;139;139;148m▀[38;2;82;82;90;48;2;197;197;189m▀[38;2;197;197;189m▀[38;2;16;16;16;48;2;16;16;16m▀[38;2;197;197;189;48;2;197;197;189m▀▀[38;2;82;82;90;48;2;82;82;90m▀[38;2;139;139;148;48;2;139;139;148m▀▀▀▀▀[38;2;16;16;16;48;2;16;16;16m▀[0m
[0m       [38;2;16;16;16m▀[38;2;180;164;115;48;2;16;16;16m▀[38;2;255;238;197;48;2;180;164;115m▀▀[48;2;255;238;197m▀[38;2;115;90;49;48;2;115;90;49m▀[48;2;255;238;197m▀▀[38;2;230;230;222;48;2;115;90;49m▀▀▀[48;2;230;230;222m▀[48;2;197;197;189m▀[38;2;197;197;189m▀▀▀▀▀▀▀▀▀[48;2;139;139;148m▀[48;2;197;197;189m▀▀▀[48;2;139;139;148m▀[38;2;139;139;148m▀[38;2;16;16;16;48;2;82;82;90m▀[38;2;139;139;148m▀[38;2;197;197;189;48;2;16;16;16m▀[38;2;139;139;148;48;2;139;139;148m▀▀▀▀▀▀▀[38;2;16;16;16;48;2;16;16;16m▀[0m
[0m         [38;2;16;16;16m▀[38;2;180;164;115;48;2;16;16;16m▀[38;2;115;90;49;48;2;180;164;115m▀[38;2;255;238;197m▀▀[48;2;255;238;197m▀[38;2;115;90;49;48;2;115;90;49m▀[38;2;255;238;197;48;2;255;238;197m▀▀[38;2;115;90;49m▀[48;2;115;90;49m▀[38;2;197;197;189m▀[48;2;16;16;16m▀[48;2;197;197;189m▀▀▀[48;2;139;139;148m▀[48;2;197;197;189m▀[48;2;16;16;16m▀[38;2;16;16;16;48;2;255;255;255m▀[38;2;197;197;189m▀[38;2;139;139;148;48;2;197;197;189m▀[38;2;197;197;189m▀▀▀▀▀[48;2;139;139;148m▀[48;2;16;16;16m▀[38;2;16;16;16;48;2;139;139;148m▀[38;2;139;139;148m▀[48;2;82;82;90m▀[48;2;16;16;16m▀[38;2;16;16;16;48;2;139;139;148m▀▀▀[38;2;82;82;90;49m▄[0m
[0m           [38;2;16;16;16;48;2;16;16;16m▀[38;2;180;164;115;48;2;180;164;115m▀▀[48;2;115;90;49m▀[38;2;115;90;49;48;2;180;164;115m▀[38;2;255;238;197m▀[48;2;255;238;197m▀[48;2;115;90;49m▀[38;2;115;90;49;48;2;255;238;197m▀[38;2;255;238;197m▀[38;2;16;16;16m▀[38;2;197;197;189;48;2;16;16;16m▀[48;2;197;197;189m▀[38;2;139;139;148;48;2;82;82;90m▀[38;2;197;197;189;48;2;197;197;189m▀[38;2;16;16;16;48;2;16;16;16m▀[38;2;157;46;16m▀[38;2;230;82;57;48;2;230;82;57m▀[38;2;255;255;255;48;2;139;139;148m▀[38;2;197;197;189;48;2;197;197;189m▀[48;2;16;16;16m▀▀[48;2;139;139;148m▀[48;2;197;197;189m▀[38;2;139;139;148m▀[38;2;16;16;16;48;2;82;82;90m▀[38;2;139;139;148;48;2;139;139;148m▀▀[38;2;82;82;90m▀[38;2;139;139;148m▀▀▀▀▀▀[38;2;82;82;90;48;2;82;82;90m▀[0m
[0m            [38;2;16;16;16m▀[38;2;115;90;49;48;2;16;16;16m▀[38;2;180;164;115;48;2;180;164;115m▀▀▀[48;2;115;90;49m▀[38;2;115;90;49;48;2;180;164;115m▀[38;2;255;238;197m▀[48;2;255;238;197m▀[48;2;16;16;16m▀[38;2;16;16;16;48;2;139;139;148m▀[38;2;197;197;189;48;2;197;197;189m▀[38;2;82;82;90;48;2;139;139;148m▀[38;2;16;16;16;48;2;16;16;16m▀[38;2;255;255;255;48;2;139;139;148m▀[38;2;230;82;57;48;2;197;197;189m▀[38;2;139;139;148m▀[38;2;197;197;189;48;2;82;82;90m▀[38;2;16;16;16;48;2;157;46;16m▀[38;2;82;82;90;48;2;82;82;90m▀[48;2;139;139;148m▀[38;2;139;139;148;48;2;16;16;16m▀[38;2;197;197;189;48;2;82;82;90m▀[48;2;197;197;189m▀▀[38;2;16;16;16;48;2;16;16;16m▀[38;2;139;139;148;48;2;139;139;148m▀▀▀▀▀[38;2;82;82;90m▀[38;2;16;16;16m▀▀▀[38;2;82;82;90;48;2;16;16;16m▀[38;2;16;16;16;49m▄[0m
[0m             [38;2;82;82;90m▀[38;2;16;16;16;48;2;82;82;90m▀[38;2;180;164;115;48;2;16;16;16m▀[38;2;115;90;49;48;2;115;90;49m▀[38;2;180;164;115;48;2;180;164;115m▀▀[48;2;115;90;49m▀[48;2;16;16;16m▀[38;2;16;16;16;48;2;139;139;148m▀[38;2;139;139;148m▀[38;2;197;197;189;48;2;197;197;189m▀▀▀▀▀[48;2;82;82;90m▀[38;2;16;16;16;48;2;197;197;189m▀[38;2;197;197;189;48;2;255;255;255m▀[38;2;157;46;16;48;2;157;46;16m▀[38;2;82;82;90;48;2;82;82;90m▀[38;2;139;139;148;48;2;139;139;148m▀▀[38;2;16;16;16;48;2;16;16;16m▀[48;2;139;139;148m▀[38;2;139;139;148;48;2;82;82;90m▀[48;2;139;139;148m▀[48;2;82;82;90m▀[38;2;82;82;90;48;2;197;197;189m▀[38;2;197;197;189m▀▀▀[38;2;139;139;148m▀[48;2;139;139;148m▀▀▀▀[38;2;16;16;16;48;2;16;16;16m▀[0m          [38;2;82;82;90m▄[48;2;197;197;189m▀▀▀[49m▄▄▄[0m
[0m              [38;2;82;82;90;48;2;82;82;90m▀[38;2;197;197;189m▀[38;2;82;82;90;48;2;197;197;189m▀[48;2;139;139;148m▀▀[38;2;139;139;148m▀▀[48;2;82;82;90m▀[48;2;197;197;189m▀[38;2;197;197;189m▀▀▀[48;2;139;139;148m▀[38;2;139;139;148;48;2;16;16;16m▀[38;2;16;16;16;48;2;157;46;16m▀[38;2;157;46;16m▀[38;2;230;230;222m▀[38;2;157;46;16;48;2;16;16;16m▀[38;2;82;82;90;48;2;139;139;148m▀[38;2;139;139;148m▀[38;2;16;16;16;48;2;16;16;16m▀[38;2;139;139;148;48;2;139;139;148m▀[48;2;82;82;90m▀[38;2;82;82;90;48;2;139;139;148m▀[38;2;139;139;148;48;2;16;16;16m▀[38;2;16;16;16;48;2;139;139;148m▀[38;2;197;197;189;48;2;197;197;189m▀▀▀▀▀[38;2;139;139;148;48;2;139;139;148m▀▀▀▀▀[38;2;16;16;16;48;2;16;16;16m▀[49m▄[38;2;82;82;90m▄[0m        [38;2;82;82;90m▀[38;2;197;197;189;48;2;82;82;90m▀[48;2;197;197;189m▀▀▀[38;2;139;139;148m▀[38;2;16;16;16;48;2;139;139;148m▀[49m▄[0m
[0m             [38;2;82;82;90;48;2;82;82;90m▀[38;2;197;197;189;48;2;197;197;189m▀[38;2;82;82;90m▀[38;2;16;16;16m▀[38;2;139;139;148;48;2;16;16;16m▀[48;2;139;139;148m▀▀[38;2;82;82;90m▀[38;2;139;139;148m▀[38;2;197;197;189m▀[48;2;16;16;16m▀▀[38;2;16;16;16;48;2;157;46;16m▀[48;2;230;82;57m▀[38;2;230;82;57m▀[48;2;157;46;16m▀[38;2;157;46;16;48;2;16;16;16m▀[38;2;16;16;16;48;2;139;139;148m▀[38;2;139;139;148m▀[48;2;16;16;16m▀[38;2;16;16;16;48;2;139;139;148m▀[38;2;139;139;148m▀▀[38;2;82;82;90;48;2;82;82;90m▀[38;2;139;139;148;48;2;139;139;148m▀[38;2;16;16;16;48;2;16;16;16m▀[38;2;139;139;148;48;2;139;139;148m▀▀[38;2;197;197;189m▀▀▀[38;2;139;139;148m▀▀▀▀▀▀[38;2;16;16;16;48;2;16;16;16m▀[38;2;139;139;148;48;2;139;139;148m▀▀[38;2;82;82;90;48;2;16;16;16m▀[0m         [38;2;82;82;90;48;2;82;82;90m▀[38;2;197;197;189;48;2;197;197;189m▀[48;2;139;139;148m▀[38;2;139;139;148;48;2;197;197;189m▀▀[38;2;82;82;90;48;2;139;139;148m▀[38;2;16;16;16;48;2;82;82;90m▀[49m▄[0m
[0m        [38;2;139;139;148m▄▄▄[48;2;197;197;189m▀[48;2;139;139;148m▀[38;2;16;16;16;48;2;16;16;16m▀[38;2;197;197;189;48;2;197;197;189m▀▀▀[38;2;82;82;90;48;2;82;82;90m▀[38;2;16;16;16;48;2;197;197;189m▀▀▀▀▀[38;2;139;139;148;48;2;82;82;90m▀[38;2;157;46;16;48;2;139;139;148m▀[48;2;197;197;189m▀[38;2;16;16;16m▀▀[38;2;82;82;90;48;2;139;139;148m▀[38;2;197;197;189;48;2;82;82;90m▀[38;2;139;139;148;48;2;16;16;16m▀[38;2;16;16;16;48;2;139;139;148m▀[38;2;139;139;148m▀▀[48;2;197;197;189m▀▀[48;2;139;139;148m▀▀[38;2;16;16;16;48;2;16;16;16m▀[38;2;139;139;148;48;2;139;139;148m▀▀[48;2;82;82;90m▀[38;2;82;82;90;48;2;197;197;189m▀▀[48;2;139;139;148m▀▀[38;2;139;139;148;48;2;82;82;90m▀[48;2;139;139;148m▀▀▀[38;2;16;16;16;48;2;82;82;90m▀[38;2;139;139;148;48;2;16;16;16m▀[38;2;16;16;16;49m▀[0m           [38;2;82;82;90;48;2;82;82;90m▀[38;2;197;197;189;48;2;197;197;189m▀▀▀▀[38;2;139;139;148m▀[38;2;16;16;16;48;2;139;139;148m▀[49m▄[0m
[0m   [38;2;139;139;148m▄▄[48;2;197;197;189m▀▀▀[38;2;197;197;189m▀▀▀[48;2;139;139;148m▀[38;2;139;139;148m▀▀[38;2;16;16;16;48;2;16;16;16m▀[38;2;197;197;189;48;2;197;197;189m▀▀[38;2;82;82;90;48;2;82;82;90m▀[38;2;197;197;189;48;2;197;197;189m▀▀▀▀▀[48;2;139;139;148m▀[38;2;16;16;16;48;2;82;82;90m▀▀[48;2;139;139;148m▀▀▀[38;2;139;139;148;48;2;16;16;16m▀[48;2;82;82;90m▀[48;2;139;139;148m▀[48;2;197;197;189m▀[38;2;197;197;189m▀▀▀▀[38;2;139;139;148m▀[48;2;139;139;148m▀[38;2;16;16;16;48;2;16;16;16m▀[38;2;139;139;148;48;2;82;82;90m▀[38;2;82;82;90;48;2;197;197;189m▀[38;2;197;197;189m▀▀▀[38;2;139;139;148;48;2;139;139;148m▀▀[38;2;82;82;90;48;2;82;82;90m▀[38;2;139;139;148;48;2;139;139;148m▀[38;2;16;16;16;48;2;16;16;16m▀[38;2;197;197;189;48;2;197;197;189m▀[38;2;82;82;90;48;2;139;139;148m▀[38;2;16;16;16;48;2;16;16;16m▀[38;2;82;82;90;48;2;139;139;148m▀▀[38;2;16;16;16;49m▄[0m        [38;2;82;82;90;48;2;82;82;90m▀[38;2;197;197;189;48;2;139;139;148m▀▀▀[48;2;197;197;189m▀▀[38;2;139;139;148;48;2;139;139;148m▀[38;2;16;16;16;48;2;82;82;90m▀[0m
[0m [38;2;82;82;90m▄[38;2;16;16;16;48;2;230;230;222m▀▀[38;2;197;197;189;48;2;16;16;16m▀[48;2;197;197;189m▀▀▀[48;2;139;139;148m▀▀[38;2;139;139;148m▀▀▀▀▀[38;2;16;16;16m▀[38;2;82;82;90m▀[38;2;139;139;148;48;2;16;16;16m▀[38;2;82;82;90;48;2;82;82;90m▀[38;2;197;197;189;48;2;197;197;189m▀▀▀[38;2;139;139;148;48;2;82;82;90m▀[38;2;82;82;90;48;2;139;139;148m▀[38;2;139;139;148;48;2;82;82;90m▀[48;2;115;90;49m▀[38;2;82;82;90;48;2;180;164;115m▀▀▀▀[38;2;16;16;16m▀[38;2;82;82;90m▀[38;2;197;197;189;48;2;16;16;16m▀[48;2;197;197;189m▀▀▀▀▀[38;2;139;139;148;48;2;139;139;148m▀[48;2;82;82;90m▀[38;2;82;82;90;48;2;197;197;189m▀[38;2;197;197;189m▀▀▀[48;2;139;139;148m▀[38;2;139;139;148m▀▀[38;2;16;16;16;48;2;16;16;16m▀[48;2;139;139;148m▀[38;2;139;139;148;48;2;197;197;189m▀[38;2;197;197;189m▀▀[38;2;16;16;16;48;2;82;82;90m▀[38;2;139;139;148;48;2;139;139;148m▀[48;2;16;16;16m▀[38;2;16;16;16;49m▀[0m       [38;2;82;82;90m▄[48;2;197;197;189m▀[38;2;197;197;189m▀▀▀[38;2;139;139;148m▀▀[48;2;82;82;90m▀[48;2;139;139;148m▀[38;2;16;16;16;48;2;16;16;16m▀[0m
[38;2;82;82;90;48;2;16;16;16m▀[38;2;230;230;222m▀▀▀[38;2;16;16;16;48;2;139;139;148m▀[38;2;139;139;148m▀▀▀▀▀▀▀▀▀[48;2;82;82;90m▀[48;2;16;16;16m▀[38;2;16;16;16;49m▀[0m  [38;2;82;82;90;48;2;82;82;90m▀[38;2;197;197;189;48;2;197;197;189m▀▀[38;2;16;16;16;48;2;16;16;16m▀[38;2;82;82;90;48;2;115;90;49m▀[38;2;180;164;115;48;2;180;164;115m▀▀[48;2;230;213;172m▀▀[38;2;230;213;172m▀▀▀▀[38;2;180;164;115m▀[38;2;16;16;16;48;2;180;164;115m▀[38;2;197;197;189;48;2;16;16;16m▀[48;2;197;197;189m▀[48;2;82;82;90m▀[38;2;139;139;148m▀[38;2;82;82;90;48;2;197;197;189m▀[38;2;197;197;189m▀▀▀▀[48;2;139;139;148m▀[38;2;139;139;148m▀▀▀[38;2;16;16;16;48;2;16;16;16m▀[38;2;139;139;148;48;2;139;139;148m▀[38;2;197;197;189;48;2;197;197;189m▀▀▀[38;2;139;139;148m▀[38;2;16;16;16;48;2;82;82;90m▀[48;2;16;16;16m▀[0m    [38;2;16;16;16m▄▄[48;2;82;82;90m▀[38;2;82;82;90m▀[38;2;197;197;189m▀[48;2;197;197;189m▀▀▀▀▀[48;2;139;139;148m▀[38;2;139;139;148m▀[38;2;82;82;90;48;2;82;82;90m▀[38;2;16;16;16;48;2;16;16;16m▀[0m
[0m [38;2;82;82;90;48;2;82;82;90m▀[38;2;197;197;189;48;2;255;255;255m▀[38;2;16;16;16;48;2;82;82;90m▀[38;2;139;139;148m▀[48;2;16;16;16m▀[48;2;139;139;148m▀▀▀▀▀[48;2;16;16;16m▀[38;2;16;16;16;49m▀▀[0m      [38;2;16;16;16m▀[38;2;82;82;90;48;2;16;16;16m▀[38;2;16;16;16;48;2;115;90;49m▀[38;2;180;164;115m▀[48;2;230;213;172m▀[38;2;230;213;172m▀▀▀▀[48;2;180;164;115m▀[48;2;115;90;49m▀▀[38;2;180;164;115;48;2;230;213;172m▀[38;2;115;90;49m▀[38;2;230;213;172m▀[38;2;82;82;90;48;2;82;82;90m▀[38;2;197;197;189;48;2;197;197;189m▀▀▀▀▀▀[48;2;139;139;148m▀[38;2;139;139;148m▀▀▀[48;2;16;16;16m▀[38;2;16;16;16;48;2;197;197;189m▀[38;2;82;82;90m▀▀[38;2;16;16;16;48;2;139;139;148m▀[38;2;197;197;189;48;2;16;16;16m▀▀[38;2;82;82;90;48;2;139;139;148m▀[38;2;139;139;148;48;2;82;82;90m▀[38;2;16;16;16;48;2;139;139;148m▀[48;2;82;82;90m▀▀[48;2;139;139;148m▀[38;2;197;197;189m▀[48;2;197;197;189m▀▀▀▀[38;2;82;82;90m▀▀[38;2;197;197;189;48;2;139;139;148m▀[48;2;197;197;189m▀[48;2;139;139;148m▀[38;2;139;139;148m▀▀[38;2;82;82;90m▀[38;2;16;16;16;48;2;16;16;16m▀[0m
[0m [38;2;82;82;90m▀▀[0m [38;2;82;82;90;48;2;82;82;90m▀[38;2;197;197;189;48;2;255;255;255m▀[38;2;82;82;90;48;2;16;16;16m▀[38;2;139;139;148m▀▀[38;2;16;16;16;49m▀▀[0m          [38;2;115;90;49;48;2;115;90;49m▀[38;2;180;164;115;48;2;230;213;172m▀[38;2;230;213;172m▀[38;2;115;90;49m▀▀▀▀▀[38;2;230;213;172m▀▀▀▀[48;2;139;139;148m▀[38;2;82;82;90;48;2;82;82;90m▀[38;2;197;197;189;48;2;139;139;148m▀[48;2;197;197;189m▀▀▀[48;2;139;139;148m▀▀[38;2;139;139;148m▀▀▀▀▀[38;2;16;16;16;48;2;16;16;16m▀[38;2;197;197;189;48;2;197;197;189m▀▀▀▀[38;2;139;139;148m▀[48;2;139;139;148m▀[38;2;16;16;16m▀[38;2;82;82;90;48;2;16;16;16m▀[38;2;139;139;148;48;2;139;139;148m▀▀▀[38;2;82;82;90m▀▀[38;2;139;139;148;48;2;82;82;90m▀[48;2;139;139;148m▀▀[38;2;197;197;189m▀▀▀▀[38;2;82;82;90;48;2;82;82;90m▀[38;2;139;139;148;48;2;139;139;148m▀▀▀[48;2;16;16;16m▀[38;2;16;16;16;49m▀[0m
[0m    [38;2;82;82;90m▀[38;2;16;16;16m▀[0m            [38;2;16;16;16m▄[38;2;82;82;90m▄[38;2;16;16;16;48;2;197;197;189m▀[38;2;115;90;49m▀[38;2;230;213;172;48;2;115;90;49m▀[48;2;230;213;172m▀▀▀▀▀▀▀▀▀[38;2;139;139;148;48;2;139;139;148m▀[38;2;255;255;255;48;2;255;255;255m▀[38;2;82;82;90;48;2;82;82;90m▀[38;2;139;139;148;48;2;139;139;148m▀▀▀▀▀▀▀▀▀▀[48;2;16;16;16m▀[38;2;16;16;16;48;2;230;230;222m▀[38;2;197;197;189m▀[48;2;197;197;189m▀▀▀▀[38;2;139;139;148m▀[48;2;139;139;148m▀[38;2;82;82;90m▀[38;2;139;139;148;48;2;16;16;16m▀[48;2;139;139;148m▀▀▀▀▀[38;2;82;82;90;48;2;82;82;90m▀[38;2;139;139;148;48;2;139;139;148m▀▀▀▀▀▀[38;2;82;82;90;48;2;82;82;90m▀[38;2;139;139;148;48;2;139;139;148m▀▀[38;2;16;16;16;48;2;16;16;16m▀[0m
[0m                [38;2;82;82;90m▄[38;2;16;16;16;48;2;197;197;189m▀[38;2;197;197;189;48;2;230;230;222m▀[38;2;230;230;222m▀[48;2;197;197;189m▀[38;2;197;197;189m▀[38;2;16;16;16;48;2;16;16;16m▀[38;2;115;90;49;48;2;230;213;172m▀[38;2;230;213;172;48;2;115;90;49m▀▀▀▀▀▀▀[38;2;115;90;49;48;2;230;213;172m▀[38;2;16;16;16m▀▀▀[38;2;139;139;148;48;2;16;16;16m▀▀[48;2;82;82;90m▀[48;2;139;139;148m▀▀▀▀▀▀[48;2;16;16;16m▀[38;2;16;16;16;48;2;230;230;222m▀[38;2;230;230;222m▀▀[38;2;197;197;189;48;2;197;197;189m▀▀▀▀▀[38;2;139;139;148;48;2;139;139;148m▀▀[38;2;82;82;90m▀[38;2;139;139;148;48;2;16;16;16m▀[48;2;139;139;148m▀▀▀▀▀[38;2;82;82;90;48;2;82;82;90m▀[38;2;139;139;148;48;2;139;139;148m▀▀▀▀▀[38;2;82;82;90;48;2;82;82;90m▀[38;2;139;139;148;48;2;139;139;148m▀[38;2;16;16;16;48;2;16;16;16m▀[0m
[0m              [38;2;82;82;90m▄[48;2;197;197;189m▀[38;2;197;197;189m▀▀▀▀▀[48;2;139;139;148m▀[38;2;16;16;16m▀[38;2;230;213;172;48;2;115;90;49m▀[48;2;180;164;115m▀[48;2;230;213;172m▀▀▀▀▀▀▀[48;2;180;164;115m▀▀▀[38;2;139;139;148;48;2;139;139;148m▀[38;2;255;255;255;48;2;255;255;255m▀[48;2;16;16;16m▀[38;2;82;82;90m▀[48;2;139;139;148m▀[38;2;197;197;189;48;2;255;255;255m▀[38;2;255;255;255;48;2;16;16;16m▀[38;2;16;16;16;48;2;197;197;189m▀▀[38;2;197;197;189m▀[38;2;230;230;222m▀▀[38;2;197;197;189m▀▀▀▀▀▀[38;2;139;139;148;48;2;139;139;148m▀▀▀[38;2;16;16;16;48;2;82;82;90m▀[38;2;139;139;148;48;2;139;139;148m▀▀▀▀▀[38;2;82;82;90;48;2;82;82;90m▀[38;2;139;139;148;48;2;139;139;148m▀▀▀▀▀▀[38;2;16;16;16;48;2;16;16;16m▀[0m
[0m             [38;2;82;82;90m▄[48;2;139;139;148m▀[38;2;197;197;189;48;2;197;197;189m▀▀▀[48;2;139;139;148m▀▀[38;2;139;139;148m▀▀[48;2;82;82;90m▀[38;2;16;16;16;48;2;16;16;16m▀[38;2;180;164;115;48;2;115;90;49m▀[48;2;180;164;115m▀▀▀▀▀▀▀▀▀▀[38;2;16;16;16m▀▀[38;2;180;164;115;48;2;115;90;49m▀▀[38;2;16;16;16;48;2;180;164;115m▀▀[38;2;82;82;90;48;2;82;82;90m▀[38;2;197;197;189;48;2;139;139;148m▀[48;2;197;197;189m▀▀▀▀▀▀▀▀▀[48;2;139;139;148m▀[38;2;139;139;148m▀▀▀▀[38;2;16;16;16;48;2;16;16;16m▀[38;2;139;139;148;48;2;139;139;148m▀▀▀▀[38;2;82;82;90;48;2;82;82;90m▀[38;2;139;139;148;48;2;139;139;148m▀▀▀▀[48;2;82;82;90m▀[38;2;82;82;90;48;2;16;16;16m▀[0m
[0m             [38;2;82;82;90;48;2;16;16;16m▀[38;2;139;139;148;48;2;139;139;148m▀▀▀▀▀▀[48;2;82;82;90m▀[38;2;82;82;90;48;2;139;139;148m▀[38;2;139;139;148m▀▀[38;2;16;16;16;48;2;16;16;16m▀[38;2;115;90;49;48;2;180;164;115m▀[38;2;180;164;115;48;2;115;90;49m▀▀▀▀▀▀▀▀[38;2;115;90;49;48;2;180;164;115m▀▀▀[38;2;180;164;115m▀▀▀▀[38;2;16;16;16;48;2;16;16;16m▀[38;2;82;82;90;48;2;82;82;90m▀[38;2;197;197;189;48;2;139;139;148m▀[48;2;197;197;189m▀▀▀▀▀▀▀[48;2;139;139;148m▀[38;2;139;139;148m▀▀▀▀▀[38;2;16;16;16;48;2;16;16;16m▀[38;2;139;139;148;48;2;139;139;148m▀▀▀▀[38;2;82;82;90;48;2;82;82;90m▀[38;2;139;139;148;48;2;139;139;148m▀▀▀[48;2;16;16;16m▀[38;2;16;16;16;49m▀[0m
[0m             [38;2;16;16;16m▀[38;2;139;139;148;48;2;16;16;16m▀[48;2;139;139;148m▀▀▀▀[48;2;82;82;90m▀[38;2;82;82;90;48;2;139;139;148m▀[38;2;139;139;148m▀▀▀▀[38;2;16;16;16m▀[38;2;180;164;115;48;2;16;16;16m▀[48;2;180;164;115m▀▀▀▀▀▀▀▀▀▀▀▀▀▀[38;2;16;16;16;48;2;16;16;16m▀[38;2;139;139;148;48;2;139;139;148m▀[38;2;82;82;90;48;2;82;82;90m▀[38;2;139;139;148;48;2;139;139;148m▀[38;2;197;197;189m▀▀▀▀[38;2;139;139;148m▀▀▀▀▀▀▀▀[38;2;16;16;16;48;2;82;82;90m▀[38;2;139;139;148;48;2;139;139;148m▀▀▀[38;2;82;82;90;48;2;82;82;90m▀[38;2;139;139;148;48;2;139;139;148m▀▀[48;2;16;16;16m▀[38;2;16;16;16;49m▀[0m
[0m               [38;2;16;16;16;48;2;82;82;90m▀[38;2;139;139;148;48;2;16;16;16m▀[48;2;82;82;90m▀[48;2;139;139;148m▀[38;2;82;82;90m▀[38;2;139;139;148m▀▀▀▀▀▀[48;2;82;82;90m▀[38;2;16;16;16m▀[38;2;115;90;49;48;2;16;16;16m▀[38;2;180;164;115;48;2;115;90;49m▀▀▀[48;2;180;164;115m▀▀▀▀▀[48;2;115;90;49m▀[48;2;82;82;90m▀▀[38;2;115;90;49;48;2;139;139;148m▀▀[38;2;82;82;90;48;2;16;16;16m▀[38;2;139;139;148;48;2;139;139;148m▀[38;2;82;82;90m▀[38;2;139;139;148;48;2;82;82;90m▀[48;2;139;139;148m▀▀▀▀▀▀▀▀[48;2;82;82;90m▀[48;2;139;139;148m▀[38;2;82;82;90;48;2;16;16;16m▀[38;2;139;139;148;48;2;139;139;148m▀▀[48;2;82;82;90m▀[38;2;82;82;90;48;2;16;16;16m▀[38;2;139;139;148m▀[38;2;16;16;16;49m▀▀[0m
[0m            [38;2;82;82;90m▄[48;2;255;255;255m▀[38;2;139;139;148;48;2;197;197;189m▀[38;2;197;197;189;48;2;82;82;90m▀[38;2;139;139;148m▀[48;2;139;139;148m▀▀▀▀▀[38;2;82;82;90m▀[38;2;16;16;16m▀[38;2;82;82;90m▀[38;2;16;16;16;48;2;16;16;16m▀[0m   [38;2;16;16;16m▀[38;2;82;82;90;48;2;16;16;16m▀▀▀[48;2;139;139;148m▀▀▀▀▀[38;2;139;139;148m▀▀▀▀▀[38;2;16;16;16m▀[38;2;139;139;148;48;2;16;16;16m▀▀[38;2;82;82;90;48;2;139;139;148m▀[38;2;139;139;148;48;2;82;82;90m▀[48;2;139;139;148m▀▀▀▀▀[48;2;82;82;90m▀[38;2;82;82;90;48;2;139;139;148m▀[38;2;139;139;148m▀[38;2;16;16;16;48;2;16;16;16m▀[49m▀▀▀[0m
[0m            [38;2;16;16;16m▀[48;2;82;82;90m▀[38;2;82;82;90;48;2;255;255;255m▀[38;2;255;255;255m▀[48;2;197;197;189m▀[48;2;82;82;90m▀[48;2;16;16;16m▀[38;2;139;139;148m▀▀▀[38;2;82;82;90;49m▀[38;2;16;16;16m▀▀[0m        [38;2;82;82;90m▀▀[38;2;16;16;16m▀▀[38;2;139;139;148;48;2;82;82;90m▀▀[48;2;16;16;16m▀▀▀▀▀▀[38;2;16;16;16;48;2;139;139;148m▀[38;2;139;139;148;48;2;197;197;189m▀▀[38;2;197;197;189m▀▀[38;2;139;139;148m▀▀[48;2;139;139;148m▀▀▀[48;2;82;82;90m▀▀[38;2;16;16;16;48;2;16;16;16m▀[0m
[0m             [38;2;16;16;16m▀▀▀▀[0m                           [38;2;16;16;16;48;2;16;16;16m▀[38;2;197;197;189;48;2;197;197;189m▀[48;2;139;139;148m▀[38;2;139;139;148;48;2;255;255;255m▀▀[38;2;82;82;90m▀[38;2;197;197;189;48;2;82;82;90m▀[48;2;197;197;189m▀[48;2;139;139;148m▀[38;2;139;139;148;48;2;82;82;90m▀[38;2;82;82;90;48;2;255;255;255m▀[38;2;255;255;255m▀[38;2;197;197;189m▀[38;2;82;82;90;48;2;197;197;189m▀[38;2;16;16;16;48;2;82;82;90m▀[0m
[0m                                             [38;2;16;16;16m▀▀[38;2;197;197;189;48;2;16;16;16m▀[38;2;255;255;255m▀[48;2;197;197;189m▀▀[38;2;82;82;90;48;2;16;16;16m▀[38;2;16;16;16;49m▀▀▀[38;2;197;197;189;48;2;16;16;16m▀[38;2;255;255;255m▀▀[38;2;197;197;189m▀[38;2;16;16;16m▀[0m
[0m                                                 [38;2;16;16;16m▀▀▀[0m
