[0m                   [38;2;255;172;172m▄▄[48;2;255;230;230m▀▀▀▀[38;2;230;115;123m▀[48;2;255;213;213m▀▀▀[49m▄▄[0m
[0m                [38;2;230;115;123m▄[38;2;255;172;172;48;2;255;213;213m▀[48;2;255;230;230m▀[38;2;255;230;230m▀▀▀▀▀▀▀▀[38;2;255;213;213;48;2;255;213;213m▀▀▀▀[38;2;230;115;123m▀▀[38;2;139;65;65;49m▄[0m
[0m              [38;2;230;115;123m▄[48;2;255;213;213m▀[38;2;255;213;213m▀[38;2;255;230;230;48;2;255;230;230m▀▀▀▀▀▀▀▀▀▀[38;2;255;213;213;48;2;255;213;213m▀▀▀▀▀[48;2;255;172;172m▀[38;2;255;172;172m▀[38;2;16;16;16m▀[49m▄[0m
[0m            [38;2;230;115;123m▄[48;2;255;213;213m▀[38;2;255;213;213m▀▀▀▀[38;2;255;230;230m▀[48;2;255;230;230m▀▀▀▀▀[48;2;255;213;213m▀▀[38;2;255;213;213m▀▀▀▀▀▀[38;2;255;172;172;48;2;255;172;172m▀▀▀▀[38;2;16;16;16m▀[49m▄[0m
[0m          [38;2;139;65;65m▄[48;2;230;115;123m▀[38;2;230;115;123;48;2;255;213;213m▀[38;2;255;213;213m▀▀▀▀▀[38;2;255;255;255;48;2;16;16;16m▀[38;2;255;213;213;48;2;255;213;213m▀▀▀▀▀[38;2;255;255;255;48;2;16;16;16m▀[38;2;255;213;213;48;2;255;213;213m▀▀▀▀▀▀▀▀[38;2;255;172;172;48;2;255;172;172m▀▀▀▀▀[38;2;16;16;16m▀[38;2;139;65;65;49m▄[0m
[0m       [38;2;139;65;65m▄▄[48;2;255;213;213m▀[38;2;255;213;213;48;2;255;172;172m▀[38;2;255;172;172;48;2;255;213;213m▀[38;2;255;213;213m▀▀▀▀▀▀[38;2;16;16;16m▀[38;2;255;213;213m▀▀▀▀▀[38;2;16;16;16m▀[38;2;255;213;213m▀▀▀▀▀▀▀▀▀[38;2;255;172;172m▀[48;2;255;172;172m▀▀▀[48;2;230;115;123m▀[38;2;255;213;213;48;2;255;213;213m▀[38;2;139;65;65m▀▀[49m▄▄▄▄▄[0m
[0m   [38;2;139;65;65m▄▄[48;2;255;213;213m▀▀[38;2;255;213;213;48;2;230;115;123m▀[38;2;230;115;123;48;2;255;213;213m▀[38;2;255;213;213;48;2;255;172;172m▀[48;2;255;213;213m▀▀▀▀▀▀▀▀▀[38;2;16;16;16;48;2;255;172;172m▀[48;2;139;65;65m▀[48;2;238;90;49m▀▀[48;2;139;65;65m▀[38;2;255;213;213;48;2;255;213;213m▀▀▀▀▀▀▀▀▀▀▀[38;2;230;115;123m▀[38;2;255;172;172;48;2;139;65;65m▀[48;2;255;172;172m▀[48;2;255;213;213m▀[38;2;230;115;123m▀▀[38;2;255;213;213;48;2;139;65;65m▀▀[48;2;255;172;172m▀[38;2;255;131;90;48;2;255;131;90m▀▀[38;2;238;90;49;48;2;238;90;49m▀[38;2;139;65;65m▀▀[49m▄[0m
[0m [38;2;139;65;65m▄[48;2;238;90;49m▀[38;2;255;131;90;48;2;139;65;65m▀▀[38;2;139;65;65;48;2;255;131;90m▀[48;2;255;213;213m▀[38;2;255;213;213;48;2;139;65;65m▀[38;2;230;115;123;48;2;255;213;213m▀[38;2;255;213;213m▀▀▀▀▀▀▀▀▀▀▀[38;2;255;172;172m▀[38;2;139;65;65m▀▀[38;2;255;172;172m▀[38;2;255;213;213m▀▀▀▀▀▀▀▀▀[38;2;255;172;172m▀[38;2;255;213;213;48;2;255;172;172m▀[48;2;255;213;213m▀▀[38;2;139;65;65m▀[38;2;255;213;213;48;2;139;65;65m▀▀[48;2;255;213;213m▀▀▀[38;2;16;16;16;48;2;255;172;172m▀[48;2;255;131;90m▀▀[38;2;238;90;49;48;2;16;16;16m▀▀▀[38;2;139;65;65;49m▀[0m
[38;2;139;65;65;49m▄[48;2;238;90;49m▀▀[38;2;238;90;49m▀▀[38;2;255;131;90;48;2;16;16;16m▀[38;2;139;65;65;48;2;255;131;90m▀[38;2;255;213;213m▀[48;2;255;213;213m▀▀[48;2;230;115;123m▀[38;2;255;172;172;48;2;255;213;213m▀[38;2;255;213;213m▀▀▀▀▀▀▀▀▀[38;2;255;172;172m▀▀[38;2;255;213;213m▀▀▀▀▀▀▀▀▀▀▀▀[38;2;230;115;123m▀[38;2;255;213;213;48;2;230;115;123m▀[48;2;255;213;213m▀▀▀[38;2;16;16;16;48;2;255;172;172m▀[48;2;255;131;90m▀[38;2;255;172;172;48;2;16;16;16m▀[38;2;255;131;90m▀[48;2;255;131;90m▀▀[38;2;238;90;49;48;2;238;90;49m▀▀▀[38;2;139;65;65m▀[49m▄[0m
[38;2;139;65;65;49m▀[38;2;238;90;49;48;2;139;65;65m▀[48;2;16;16;16m▀[38;2;16;16;16;48;2;238;90;49m▀▀[38;2;255;131;90m▀[48;2;255;131;90m▀▀[48;2;16;16;16m▀[38;2;139;65;65;48;2;255;213;213m▀[38;2;255;213;213m▀▀▀▀[48;2;255;172;172m▀[48;2;255;213;213m▀▀▀▀▀▀▀▀▀▀▀▀▀▀▀▀▀▀▀▀▀▀[38;2;139;65;65m▀[38;2;255;172;172;48;2;16;16;16m▀[48;2;255;131;90m▀[38;2;255;131;90m▀▀▀▀[38;2;16;16;16;48;2;238;90;49m▀▀[38;2;139;65;65;48;2;16;16;16m▀[38;2;238;90;49;48;2;139;65;65m▀▀▀[38;2;139;65;65;49m▀[0m
[0m [38;2;16;16;16;48;2;16;16;16m▀[38;2;238;90;49;48;2;238;90;49m▀▀▀[48;2;16;16;16m▀▀[38;2;16;16;16;48;2;255;213;213m▀[38;2;255;213;213m▀▀▀▀▀[38;2;255;172;172m▀▀[38;2;255;213;213;48;2;230;115;123m▀[48;2;255;213;213m▀▀▀[48;2;115;106;74m▀▀[38;2;115;106;74;48;2;230;222;189m▀▀[48;2;172;164;115m▀[38;2;255;213;213;48;2;115;106;74m▀▀[48;2;255;213;213m▀▀▀[48;2;230;115;123m▀[38;2;255;172;172;48;2;255;172;172m▀[38;2;255;213;213m▀[48;2;255;213;213m▀▀▀▀▀[38;2;255;172;172;48;2;255;172;172m▀▀[38;2;16;16;16m▀▀[38;2;255;131;90;48;2;16;16;16m▀▀[48;2;238;90;49m▀[38;2;238;90;49m▀▀▀[38;2;16;16;16;48;2;16;16;16m▀[0m
[0m  [38;2;16;16;16m▀▀▀[0m [38;2;230;115;123;48;2;230;115;123m▀[38;2;255;213;213;48;2;255;213;213m▀▀▀▀▀▀▀[38;2;255;230;230;48;2;255;230;230m▀▀[38;2;230;115;123m▀[38;2;255;213;213;48;2;230;115;123m▀[38;2;115;106;74;48;2;255;255;255m▀[38;2;255;255;255m▀▀▀▀[38;2;230;222;189m▀[48;2;230;222;189m▀[38;2;172;164;115m▀[38;2;115;106;74;48;2;172;164;115m▀[38;2;255;213;213;48;2;230;115;123m▀[38;2;230;115;123;48;2;255;230;230m▀[38;2;255;213;213m▀[48;2;255;213;213m▀▀▀▀▀▀▀[38;2;255;172;172;48;2;255;172;172m▀▀▀▀▀▀[38;2;16;16;16m▀[48;2;16;16;16m▀[49m▀▀[0m
[0m      [38;2;230;115;123;48;2;230;115;123m▀[38;2;255;213;213;48;2;255;172;172m▀[48;2;255;213;213m▀▀▀[38;2;230;115;123m▀▀[38;2;139;65;65m▀[38;2;255;213;213;48;2;139;65;65m▀[38;2;255;230;230m▀▀[38;2;230;115;123;48;2;255;255;255m▀[38;2;255;255;255m▀▀▀▀▀▀[38;2;230;222;189m▀[48;2;230;222;189m▀[38;2;230;115;123;48;2;230;115;123m▀[38;2;255;230;230;48;2;255;230;230m▀▀[48;2;255;213;213m▀[38;2;255;213;213m▀[48;2;139;65;65m▀[48;2;230;115;123m▀▀[48;2;255;213;213m▀▀[38;2;255;172;172;48;2;255;172;172m▀▀▀▀▀▀▀▀[38;2;16;16;16;48;2;16;16;16m▀[0m
[0m      [38;2;230;115;123m▀[38;2;255;172;172;48;2;139;65;65m▀[38;2;255;213;213;48;2;255;172;172m▀[48;2;255;213;213m▀▀▀▀▀▀▀[38;2;115;106;74;48;2;139;65;65m▀[38;2;255;255;255;48;2;255;255;255m▀▀▀▀▀▀▀▀[38;2;230;222;189;48;2;230;222;189m▀▀[38;2;139;65;65m▀[48;2;16;16;16m▀[48;2;255;213;213m▀▀[38;2;255;213;213m▀▀▀▀[38;2;255;172;172;48;2;255;172;172m▀▀▀▀▀▀▀▀▀[38;2;16;16;16;48;2;16;16;16m▀[0m
[0m       [38;2;139;65;65;48;2;139;65;65m▀[38;2;255;172;172;48;2;255;172;172m▀▀[38;2;255;213;213;48;2;255;213;213m▀▀▀▀▀[38;2;139;65;65;48;2;139;65;65m▀[38;2;255;131;90;48;2;255;172;172m▀[38;2;139;65;65m▀[48;2;255;131;90m▀[38;2;255;255;255;48;2;139;65;65m▀▀▀▀▀▀[38;2;230;222;189m▀[38;2;139;65;65;48;2;255;131;90m▀▀[38;2;255;131;90m▀[38;2;16;16;16;48;2;16;16;16m▀[38;2;255;213;213;48;2;255;213;213m▀▀▀▀[38;2;255;172;172;48;2;255;172;172m▀▀▀▀▀▀▀▀▀[38;2;16;16;16;48;2;16;16;16m▀[0m
[0m        [38;2;139;65;65;48;2;139;65;65m▀[38;2;255;172;172;48;2;255;172;172m▀▀[38;2;255;213;213m▀▀[48;2;255;213;213m▀▀[38;2;139;65;65;48;2;139;65;65m▀[38;2;255;172;172;48;2;255;131;90m▀[48;2;255;172;172m▀▀▀▀▀▀▀▀[38;2;255;131;90;48;2;255;131;90m▀▀▀[48;2;238;90;49m▀[38;2;16;16;16;48;2;16;16;16m▀[38;2;255;213;213;48;2;255;213;213m▀[48;2;255;172;172m▀▀[38;2;255;172;172m▀▀▀▀▀▀▀▀▀[48;2;16;16;16m▀[38;2;16;16;16;48;2;255;172;172m▀[38;2;139;65;65m▀▀▀[49m▄[0m
[0m         [38;2;139;65;65;48;2;139;65;65m▀[38;2;255;172;172;48;2;255;172;172m▀▀▀▀▀▀[38;2;139;65;65;48;2;139;65;65m▀[38;2;255;172;172;48;2;255;131;90m▀[48;2;255;172;172m▀▀▀▀[48;2;255;131;90m▀▀[38;2;255;131;90m▀▀▀[48;2;238;90;49m▀[38;2;16;16;16;48;2;16;16;16m▀[38;2;255;172;172;48;2;255;172;172m▀▀▀▀▀▀▀▀▀▀▀▀[48;2;16;16;16m▀[38;2;16;16;16;48;2;255;172;172m▀[38;2;255;172;172m▀▀[48;2;16;16;16m▀[38;2;16;16;16;49m▀[0m
[0m          [38;2;139;65;65m▀[38;2;255;172;172;48;2;139;65;65m▀[48;2;255;172;172m▀▀▀▀▀[38;2;139;65;65m▀[38;2;238;90;49;48;2;139;65;65m▀[38;2;255;131;90m▀[48;2;238;90;49m▀[48;2;255;131;90m▀▀▀[48;2;238;90;49m▀[48;2;16;16;16m▀[38;2;238;90;49m▀[38;2;16;16;16;48;2;255;172;172m▀[38;2;255;172;172m▀▀▀▀▀▀▀▀▀▀▀[48;2;16;16;16m▀[38;2;16;16;16;48;2;255;172;172m▀[38;2;255;172;172;48;2;139;65;65m▀▀[38;2;16;16;16;49m▀▀[0m
[0m            [38;2;139;65;65m▀[38;2;255;172;172;48;2;139;65;65m▀[48;2;255;172;172m▀▀▀▀▀▀[38;2;139;65;65m▀[38;2;16;16;16m▀▀▀▀[38;2;255;172;172m▀▀▀▀▀▀▀▀▀▀▀▀[48;2;16;16;16m▀[38;2;16;16;16;49m▀[38;2;139;65;65m▀▀[0m
[0m          [38;2;16;16;16m▄▄[48;2;139;65;65m▀▀▀▀[38;2;255;172;172;48;2;16;16;16m▀▀[48;2;255;172;172m▀▀▀▀▀▀▀▀▀▀▀▀▀▀▀[48;2;16;16;16m▀▀[38;2;16;16;16;48;2;139;65;65m▀▀[49m▄▄[0m
[0m         [38;2;16;16;16;48;2;16;16;16m▀[38;2;139;65;65;48;2;139;65;65m▀▀▀▀▀[48;2;16;16;16m▀▀[38;2;16;16;16;49m▀▀▀▀▀[38;2;255;172;172;48;2;16;16;16m▀▀▀▀▀▀[38;2;16;16;16;49m▀▀▀▀[48;2;16;16;16m▀[38;2;139;65;65;48;2;139;65;65m▀▀▀[48;2;238;90;49m▀[38;2;238;90;49m▀[48;2;255;172;172m▀[38;2;16;16;16;48;2;238;90;49m▀[49m▄[0m
[0m          [38;2;16;16;16m▀▀▀▀▀[0m                  [38;2;16;16;16m▀▀[38;2;139;65;65;48;2;16;16;16m▀[38;2;238;90;49m▀▀▀▀[38;2;16;16;16;49m▀[0m
