[0m             [38;2;32;65;82m▄▄▄▄[0m  [38;2;32;65;82m▄[48;2;65;123;148m▀▀[48;2;32;65;82m▀[49m▄▄[48;2;90;164;205m▀▀▀▀[49m▄▄▄[0m
[0m          [38;2;90;164;205m▄[48;2;148;213;246m▀▀[38;2;148;213;246m▀▀▀[48;2;90;164;205m▀[38;2;32;65;82m▀▀[38;2;65;123;148;48;2;32;65;82m▀[38;2;32;65;82;48;2;148;213;246m▀▀[38;2;148;213;246m▀▀[38;2;90;164;205m▀[48;2;32;65;82m▀[48;2;16;16;16m▀▀▀[48;2;32;65;82m▀[48;2;90;164;205m▀▀[38;2;32;65;82m▀▀▀[49m▄[0m
[0m    [38;2;16;16;16m▄[38;2;32;65;82;48;2;148;213;246m▀[49m▄▄[0m [38;2;90;164;205;48;2;90;164;205m▀[38;2;148;213;246;48;2;32;65;82m▀▀[38;2;32;65;82;48;2;90;164;205m▀▀▀▀[38;2;90;164;205;48;2;32;65;82m▀▀[38;2;32;65;82;48;2;148;213;246m▀[38;2;148;213;246m▀▀▀[48;2;32;65;82m▀[38;2;32;65;82;48;2;90;164;205m▀[38;2;16;16;16m▀[38;2;90;164;205m▀▀▀[48;2;148;213;246m▀[38;2;148;213;246m▀[38;2;32;65;82m▀▀[38;2;90;164;205;48;2;32;65;82m▀[48;2;16;16;16m▀▀▀[38;2;32;65;82;48;2;32;65;82m▀[0m
[0m    [38;2;16;16;16m▀[38;2;148;213;246;48;2;16;16;16m▀[48;2;148;213;246m▀▀[38;2;32;65;82;48;2;90;164;205m▀▀[38;2;90;164;205m▀▀▀▀[48;2;65;123;148m▀▀[38;2;65;123;148m▀▀[38;2;32;65;82m▀[38;2;148;213;246;48;2;32;65;82m▀▀[38;2;32;65;82;48;2;16;16;16m▀[38;2;90;164;205m▀[38;2;16;16;16;48;2;90;164;205m▀[48;2;65;123;148m▀▀▀[38;2;90;164;205;48;2;16;16;16m▀[38;2;148;213;246m▀[48;2;32;65;82m▀[48;2;148;213;246m▀▀▀[38;2;32;65;82m▀[38;2;65;123;148;48;2;32;65;82m▀[48;2;65;123;148m▀[38;2;32;65;82m▀▀[49m▄[0m
[0m      [38;2;16;16;16;48;2;32;65;82m▀[48;2;65;123;148m▀[38;2;90;164;205;48;2;16;16;16m▀▀[38;2;65;123;148;48;2;32;65;82m▀[38;2;32;65;82;48;2;65;123;148m▀[38;2;16;16;16m▀▀▀[38;2;32;65;82;48;2;16;16;16m▀[38;2;65;123;148m▀[48;2;65;123;148m▀▀▀[38;2;32;65;82;48;2;32;65;82m▀[38;2;90;164;205;48;2;90;164;205m▀▀▀▀[38;2;65;123;148;48;2;65;123;148m▀▀▀▀▀[38;2;32;65;82m▀[38;2;148;213;246;48;2;32;65;82m▀[48;2;148;213;246m▀▀[38;2;65;123;148;48;2;65;123;148m▀[38;2;16;16;16;48;2;16;16;16m▀[38;2;65;123;148;48;2;32;65;82m▀▀[48;2;65;123;148m▀[38;2;32;65;82;48;2;32;65;82m▀[0m
[0m     [38;2;32;65;82;48;2;32;65;82m▀[38;2;65;123;148m▀[38;2;32;65;82;48;2;90;164;205m▀▀[38;2;90;164;205m▀▀[38;2;65;123;148;48;2;65;123;148m▀[48;2;16;16;16m▀▀▀[38;2;16;16;16;48;2;32;65;82m▀[38;2;32;65;82m▀[38;2;16;16;16;48;2;16;16;16m▀[38;2;65;123;148;48;2;65;123;148m▀[38;2;32;65;82;48;2;32;65;82m▀[38;2;65;123;148;48;2;65;123;148m▀[38;2;90;164;205m▀▀[38;2;65;123;148;48;2;32;65;82m▀[38;2;32;65;82;48;2;65;123;148m▀▀▀▀▀[38;2;65;123;148;48;2;32;65;82m▀▀[38;2;32;65;82m▀[38;2;65;123;148;48;2;65;123;148m▀▀▀[38;2;16;16;16;48;2;16;16;16m▀[38;2;65;123;148;48;2;65;123;148m▀▀[38;2;32;65;82m▀▀[49m▄[38;2;16;16;16m▄[0m
[0m  [38;2;90;164;205m▄[48;2;148;213;246m▀▀[38;2;148;213;246m▀[48;2;16;16;16m▀[38;2;90;164;205m▀[38;2;16;16;16;48;2;90;164;205m▀▀▀▀[38;2;65;123;148;48;2;65;123;148m▀▀▀[38;2;32;65;82m▀[48;2;16;16;16m▀▀[38;2;65;123;148m▀[38;2;32;65;82m▀[38;2;65;123;148;48;2;32;65;82m▀[48;2;65;123;148m▀▀[38;2;32;65;82m▀[38;2;65;123;148;48;2;32;65;82m▀[48;2;16;16;16m▀▀▀▀[48;2;65;123;148m▀▀▀[38;2;32;65;82m▀▀[38;2;65;123;148;48;2;32;65;82m▀[38;2;32;65;82m▀[48;2;65;123;148m▀[38;2;65;123;148;48;2;32;65;82m▀▀[38;2;90;164;205;48;2;90;164;205m▀▀[38;2;32;65;82m▀[38;2;16;16;16;48;2;16;16;16m▀[0m
[0m  [38;2;90;164;205m▀[38;2;148;213;246;48;2;65;123;148m▀[48;2;16;16;16m▀[38;2;16;16;16;48;2;65;123;148m▀[38;2;65;123;148m▀▀[48;2;32;65;82m▀▀▀▀[48;2;16;16;16m▀▀[38;2;16;16;16m▀▀▀▀▀▀▀[38;2;32;65;82m▀[38;2;65;123;148;48;2;32;65;82m▀▀[48;2;65;123;148m▀▀▀▀▀[38;2;16;16;16;48;2;90;164;205m▀▀▀[38;2;32;65;82m▀[38;2;65;123;148;48;2;32;65;82m▀[48;2;65;123;148m▀▀[38;2;32;65;82m▀[38;2;65;123;148;48;2;32;65;82m▀[48;2;65;123;148m▀[38;2;16;16;16;48;2;16;16;16m▀[38;2;90;164;205;48;2;32;65;82m▀[38;2;32;65;82;48;2;65;123;148m▀[38;2;16;16;16;49m▄[0m
[0m   [38;2;32;65;82m▄[48;2;65;123;148m▀[38;2;65;123;148m▀[48;2;32;65;82m▀[38;2;32;65;82;48;2;90;164;205m▀[38;2;90;164;205m▀▀[48;2;32;65;82m▀[38;2;16;16;16;48;2;16;16;16m▀[48;2;180;180;180m▀[38;2;180;180;180;48;2;255;255;255m▀[38;2;255;255;255m▀[38;2;180;180;180m▀[38;2;16;16;16;48;2;180;180;180m▀[48;2;16;16;16m▀▀▀▀[48;2;180;180;180m▀[38;2;180;180;180;48;2;255;255;255m▀[38;2;255;255;255m▀[38;2;32;65;82m▀▀[48;2;180;180;180m▀[48;2;16;16;16m▀▀[38;2;90;164;205m▀▀▀[48;2;90;164;205m▀▀[38;2;32;65;82m▀[38;2;65;123;148;48;2;32;65;82m▀[48;2;65;123;148m▀▀[38;2;32;65;82m▀[38;2;16;16;16;48;2;32;65;82m▀[38;2;65;123;148;48;2;65;123;148m▀[48;2;16;16;16m▀[38;2;16;16;16;49m▀[0m
[38;2;16;16;16;49m▄[38;2;32;65;82;48;2;65;123;148m▀▀[38;2;65;123;148m▀▀[38;2;32;65;82;48;2;32;65;82m▀[38;2;90;164;205;48;2;90;164;205m▀▀[48;2;32;65;82m▀[38;2;32;65;82;48;2;65;123;148m▀[38;2;16;16;16;48;2;32;65;82m▀[48;2;16;16;16m▀[38;2;255;255;255;48;2;255;255;255m▀▀[48;2;16;16;16m▀[48;2;255;255;255m▀▀[38;2;16;16;16;48;2;16;16;16m▀▀▀▀[38;2;255;255;255;48;2;255;255;255m▀▀[48;2;16;16;16m▀[48;2;255;255;255m▀▀▀[38;2;16;16;16;48;2;16;16;16m▀▀[38;2;32;65;82;48;2;32;65;82m▀[38;2;65;123;148;48;2;65;123;148m▀▀[38;2;16;16;16;48;2;32;65;82m▀▀[38;2;90;164;205;48;2;16;16;16m▀[48;2;90;164;205m▀[38;2;32;65;82;48;2;32;65;82m▀[38;2;65;123;148;48;2;16;16;16m▀▀[48;2;65;123;148m▀[38;2;16;16;16m▀[48;2;16;16;16m▀[0m  [38;2;32;65;82m▄▄[0m
[0m [38;2;16;16;16m▀▀▀[38;2;90;164;205;48;2;90;164;205m▀[38;2;148;213;246;48;2;148;213;246m▀[38;2;90;164;205m▀[38;2;32;65;82;48;2;32;65;82m▀[38;2;65;123;148;48;2;65;123;148m▀▀[38;2;32;65;82;48;2;32;65;82m▀[38;2;16;16;16;48;2;16;16;16m▀[38;2;180;180;180m▀[38;2;255;255;255;48;2;180;180;180m▀[48;2;255;255;255m▀[48;2;180;180;180m▀[38;2;180;180;180;48;2;16;16;16m▀[38;2;16;16;16m▀▀▀▀[38;2;180;180;180m▀[38;2;255;255;255;48;2;180;180;180m▀[48;2;255;255;255m▀▀[48;2;180;180;180m▀[38;2;180;180;180;48;2;16;16;16m▀[38;2;16;16;16m▀▀[48;2;32;65;82m▀[38;2;32;65;82;48;2;65;123;148m▀▀[38;2;65;123;148m▀▀▀[38;2;16;16;16m▀[38;2;65;123;148m▀▀▀[38;2;16;16;16;48;2;16;16;16m▀[38;2;65;123;148;48;2;65;123;148m▀▀[38;2;32;65;82m▀▀[38;2;65;123;148m▀[48;2;16;16;16m▀[38;2;16;16;16;49m▀[0m
[0m    [38;2;90;164;205;48;2;90;164;205m▀[38;2;148;213;246;48;2;148;213;246m▀▀[38;2;32;65;82;48;2;32;65;82m▀[38;2;65;123;148m▀[38;2;32;65;82;48;2;65;123;148m▀▀▀[38;2;16;16;16;48;2;32;65;82m▀[48;2;16;16;16m▀[48;2;32;65;82m▀▀▀▀▀▀[48;2;16;16;16m▀▀▀▀▀▀▀[48;2;65;123;148m▀[38;2;32;65;82;48;2;32;65;82m▀[38;2;65;123;148;48;2;90;164;205m▀▀[48;2;65;123;148m▀[48;2;16;16;16m▀[38;2;16;16;16;48;2;65;123;148m▀▀[38;2;65;123;148;48;2;16;16;16m▀▀▀[38;2;16;16;16;48;2;65;123;148m▀[38;2;32;65;82m▀[38;2;16;16;16;48;2;16;16;16m▀[38;2;65;123;148m▀▀▀[38;2;16;16;16;49m▀[0m
[0m     [38;2;90;164;205;48;2;90;164;205m▀[38;2;148;213;246;48;2;148;213;246m▀▀[38;2;32;65;82m▀[38;2;65;123;148;48;2;32;65;82m▀▀▀▀[38;2;32;65;82;48;2;90;164;205m▀[38;2;90;164;205m▀▀▀[38;2;65;123;148m▀[48;2;65;123;148m▀▀[38;2;32;65;82m▀[38;2;16;16;16m▀[48;2;16;16;16m▀[48;2;65;123;148m▀▀[38;2;65;123;148;48;2;16;16;16m▀▀[48;2;65;123;148m▀[38;2;32;65;82;48;2;32;65;82m▀[38;2;90;164;205;48;2;90;164;205m▀▀▀[38;2;16;16;16m▀[38;2;65;123;148;48;2;32;65;82m▀[48;2;65;123;148m▀▀▀[48;2;16;16;16m▀▀[38;2;16;16;16m▀[0m
[0m      [38;2;90;164;205m▀[38;2;148;213;246;48;2;16;16;16m▀▀[38;2;90;164;205;48;2;90;164;205m▀▀▀▀▀[48;2;32;65;82m▀[38;2;32;65;82m▀[38;2;16;16;16m▀[48;2;65;123;148m▀[38;2;32;65;82m▀[38;2;65;123;148;48;2;16;16;16m▀[48;2;65;123;148m▀▀▀[38;2;32;65;82;48;2;32;65;82m▀[38;2;65;123;148;48;2;65;123;148m▀▀▀[38;2;32;65;82;48;2;16;16;16m▀[38;2;65;123;148;48;2;65;123;148m▀[38;2;32;65;82m▀[38;2;90;164;205;48;2;32;65;82m▀[48;2;90;164;205m▀▀▀[38;2;16;16;16m▀▀▀[38;2;90;164;205m▀▀▀[38;2;16;16;16m▀[49m▄[0m
[0m      [38;2;32;65;82m▄[48;2;65;123;148m▀[38;2;65;123;148m▀[38;2;16;16;16m▀[48;2;16;16;16m▀[48;2;32;65;82m▀[48;2;16;16;16m▀[48;2;65;123;148m▀[38;2;65;123;148m▀[38;2;32;65;82m▀[38;2;65;123;148;48;2;32;65;82m▀[48;2;65;123;148m▀[48;2;16;16;16m▀[38;2;16;16;16;48;2;65;123;148m▀[38;2;65;123;148m▀▀▀[38;2;16;16;16;48;2;16;16;16m▀[38;2;65;123;148;48;2;148;213;246m▀[38;2;148;213;246m▀[38;2;65;123;148m▀[38;2;16;16;16;48;2;16;16;16m▀[38;2;65;123;148;48;2;65;123;148m▀▀[48;2;32;65;82m▀[38;2;32;65;82;48;2;90;164;205m▀▀[38;2;90;164;205;48;2;32;65;82m▀▀▀▀[38;2;32;65;82;48;2;65;123;148m▀[48;2;16;16;16m▀[49m▀[38;2;90;164;205;48;2;32;65;82m▀[38;2;16;16;16;49m▀[0m
[0m      [38;2;32;65;82m▀[38;2;65;123;148;48;2;32;65;82m▀[48;2;65;123;148m▀[38;2;16;16;16;48;2;16;16;16m▀[49m▀[38;2;32;65;82;48;2;16;16;16m▀[38;2;16;16;16m▀[38;2;65;123;148m▀[48;2;65;123;148m▀▀▀[38;2;32;65;82m▀[48;2;90;164;205m▀[38;2;65;123;148;48;2;32;65;82m▀▀[48;2;16;16;16m▀[38;2;16;16;16;48;2;32;65;82m▀[38;2;32;65;82;48;2;148;213;246m▀[38;2;148;213;246m▀▀[48;2;32;65;82m▀[38;2;16;16;16;48;2;65;123;148m▀[38;2;65;123;148m▀[48;2;32;65;82m▀[38;2;32;65;82;48;2;90;164;205m▀[38;2;90;164;205m▀▀▀[38;2;32;65;82;48;2;32;65;82m▀[38;2;65;123;148;48;2;65;123;148m▀[48;2;16;16;16m▀[38;2;16;16;16;49m▀[0m
[0m       [38;2;32;65;82m▀[38;2;65;123;148;48;2;32;65;82m▀▀[38;2;16;16;16m▀[0m [38;2;16;16;16m▄[48;2;16;16;16m▀[38;2;65;123;148m▀▀[48;2;90;164;205m▀[38;2;90;164;205m▀▀▀▀▀[48;2;148;213;246m▀[38;2;148;213;246m▀▀[48;2;32;65;82m▀[38;2;32;65;82;48;2;65;123;148m▀[48;2;90;164;205m▀▀[38;2;90;164;205m▀▀[48;2;16;16;16m▀▀[38;2;32;65;82;49m▀[38;2;16;16;16m▀▀[0m
[0m        [38;2;115;41;41m▄[38;2;16;16;16;48;2;172;41;65m▀▀▀[38;2;115;41;41;48;2;115;41;41m▀▀▀▀[38;2;16;16;16m▀▀[38;2;90;164;205;48;2;16;16;16m▀▀▀▀▀[38;2;32;65;82;49m▀▀[38;2;16;16;16m▀▀[48;2;115;41;41m▀[48;2;172;41;65m▀▀▀[38;2;115;41;41m▀[38;2;16;16;16m▀[49m▄[0m
[0m       [38;2;115;41;41;48;2;115;41;41m▀[38;2;172;41;65;48;2;172;41;65m▀[38;2;222;74;106;48;2;222;74;106m▀▀[38;2;172;41;65;48;2;172;41;65m▀▀▀[38;2;115;41;41m▀[48;2;115;41;41m▀▀▀[38;2;16;16;16;48;2;16;16;16m▀[0m       [38;2;115;41;41;48;2;115;41;41m▀[38;2;172;41;65;48;2;172;41;65m▀▀[48;2;255;131;131m▀▀[48;2;222;74;106m▀▀[48;2;172;41;65m▀[38;2;16;16;16m▀[49m▄[0m
[0m        [38;2;115;41;41m▀[38;2;172;41;65;48;2;16;16;16m▀▀▀▀▀▀[38;2;16;16;16;49m▀▀▀[0m        [38;2;115;41;41;48;2;16;16;16m▀[38;2;222;74;106;48;2;222;74;106m▀▀[38;2;255;131;131m▀▀[38;2;222;74;106m▀▀▀▀[38;2;16;16;16;48;2;16;16;16m▀[0m
[0m                           [38;2;16;16;16m▀[38;2;222;74;106;48;2;16;16;16m▀▀▀▀▀▀[38;2;16;16;16;49m▀[0m
