[0m           [38;2;156;123;115m▄[48;2;221;203;146m▀▀[38;2;82;65;16m▀[38;2;156;123;115;49m▄[38;2;82;65;16m▄[0m  [38;2;106;106;82m▄▄[48;2;164;172;123m▀▀[38;2;82;65;16;48;2;139;148;98m▀▀▀[38;2;16;16;16m▀[48;2;106;106;82m▀▀[38;2;82;65;16;49m▄[38;2;16;16;16m▄▄[0m  [38;2;82;65;16m▄[38;2;156;123;115m▄[48;2;255;255;148m▀▀▀▀▀▀[48;2;221;203;146m▀▀[38;2;82;65;16;49m▄[0m
[0m           [38;2;82;65;16m▀[38;2;221;203;146;48;2;82;65;16m▀[48;2;221;203;146m▀▀▀▀[38;2;106;106;82;48;2;106;106;82m▀[48;2;164;172;123m▀[38;2;164;172;123m▀▀▀▀▀[38;2;139;148;98;48;2;139;148;98m▀▀▀▀[38;2;106;106;82;48;2;106;106;82m▀▀▀▀[38;2;16;16;16;48;2;16;16;16m▀[38;2;82;65;16;48;2;197;164;123m▀[38;2;255;255;148;48;2;255;255;148m▀▀▀▀▀[48;2;221;203;146m▀[38;2;221;203;146;48;2;82;65;16m▀[48;2;156;123;115m▀[48;2;221;203;146m▀[48;2;82;65;16m▀[38;2;82;65;16;49m▀[0m
[0m             [38;2;82;65;16m▀[38;2;221;203;146;48;2;106;106;82m▀[48;2;221;203;146m▀[38;2;106;106;82;48;2;106;106;82m▀[38;2;164;172;123;48;2;164;172;123m▀▀▀▀▀▀[48;2;139;148;98m▀[38;2;139;148;98m▀▀▀▀[38;2;106;106;82;48;2;106;106;82m▀▀▀[48;2;82;65;16m▀[38;2;156;123;115;48;2;221;203;146m▀[38;2;221;203;146m▀[38;2;255;255;148m▀▀▀[48;2;82;65;16m▀[38;2;82;65;16;48;2;156;123;115m▀[38;2;156;123;115;48;2;221;203;146m▀[38;2;221;203;146m▀▀[48;2;16;16;16m▀[38;2;16;16;16;49m▀[0m
[0m              [38;2;106;106;82m▀[48;2;106;106;82m▀[38;2;164;172;123;48;2;164;172;123m▀▀▀▀▀▀[48;2;139;148;98m▀[38;2;139;148;98m▀▀▀▀[38;2;106;106;82;48;2;106;106;82m▀▀▀▀[38;2;82;65;16;48;2;16;16;16m▀[38;2;221;203;146;48;2;82;65;16m▀[48;2;221;203;146m▀▀[48;2;82;65;16m▀[38;2;82;65;16;48;2;156;123;115m▀[38;2;221;203;146;48;2;82;65;16m▀[48;2;156;123;115m▀[48;2;221;203;146m▀[48;2;16;16;16m▀[38;2;16;16;16;48;2;82;65;16m▀[38;2;82;65;16;49m▄▄[0m
[0m              [38;2;82;65;16m▄[38;2;106;106;82;48;2;139;148;98m▀[38;2;139;148;98m▀[38;2;164;172;123m▀▀▀[38;2;139;148;98m▀▀▀▀▀[48;2;106;106;82m▀[38;2;106;106;82;48;2;16;16;16m▀[48;2;82;65;16m▀[38;2;16;16;16;48;2;255;255;255m▀[48;2;82;65;16m▀[48;2;156;123;115m▀[38;2;156;123;115m▀▀[38;2;82;65;16m▀[38;2;16;16;16m▀[38;2;156;123;115m▀▀▀▀[38;2;16;16;16m▀[38;2;156;123;115;48;2;82;65;16m▀[38;2;197;164;123;48;2;16;16;16m▀[48;2;156;123;115m▀[38;2;156;123;115;48;2;197;164;123m▀[38;2;82;65;16m▀▀[38;2;16;16;16;49m▄[0m
[0m              [38;2;82;65;16;48;2;82;65;16m▀[38;2;139;148;98;48;2;139;148;98m▀▀▀▀▀▀▀[48;2;106;106;82m▀▀[38;2;106;106;82;48;2;16;16;16m▀[38;2;82;65;16;48;2;189;24;24m▀[38;2;189;24;24;48;2;16;16;16m▀[38;2;255;255;255;48;2;255;255;255m▀▀[38;2;156;123;115;48;2;156;123;115m▀[48;2;197;164;123m▀[48;2;156;123;115m▀▀▀▀▀▀▀▀[48;2;82;65;16m▀▀[38;2;82;65;16;48;2;156;123;115m▀[38;2;16;16;16m▀▀[38;2;82;65;16;48;2;197;164;123m▀[38;2;156;123;115;48;2;82;65;16m▀[38;2;16;16;16m▀[0m
[0m             [38;2;82;65;16;48;2;82;65;16m▀[38;2;139;148;98;48;2;139;148;98m▀[48;2;106;106;82m▀[48;2;82;65;16m▀▀[48;2;106;106;82m▀▀[38;2;106;106;82m▀[48;2;16;16;16m▀▀[38;2;16;16;16;48;2;156;123;115m▀[38;2;82;65;16;48;2;197;164;123m▀[38;2;189;24;24m▀[38;2;16;16;16m▀[38;2;156;123;115m▀[38;2;197;164;123m▀▀▀[38;2;156;123;115;48;2;156;123;115m▀▀▀[48;2;82;65;16m▀[48;2;156;123;115m▀▀[48;2;82;65;16m▀[38;2;82;65;16;48;2;156;123;115m▀[38;2;156;123;115m▀▀▀[48;2;221;203;146m▀[38;2;197;164;123m▀[38;2;221;203;146m▀[48;2;197;164;123m▀[48;2;221;203;146m▀[38;2;156;123;115m▀[38;2;82;65;16m▀[38;2;156;123;115;49m▄[38;2;82;65;16m▄[0m
[0m             [38;2;82;65;16;48;2;82;65;16m▀[38;2;156;123;115;48;2;197;164;123m▀[38;2;197;164;123m▀▀▀[38;2;156;123;115m▀[38;2;82;65;16m▀[38;2;16;16;16m▀[38;2;156;123;115m▀[38;2;197;164;123m▀▀▀▀▀▀[48;2;82;65;16m▀▀[38;2;156;123;115m▀[48;2;156;123;115m▀▀▀[38;2;82;65;16;48;2;82;65;16m▀[38;2;156;123;115;48;2;156;123;115m▀[48;2;82;65;16m▀[38;2;82;65;16;48;2;156;123;115m▀[38;2;156;123;115m▀[48;2;197;164;123m▀[38;2;197;164;123;48;2;221;203;146m▀[38;2;221;203;146m▀[38;2;197;164;123m▀[38;2;221;203;146;48;2;197;164;123m▀[38;2;197;164;123;48;2;156;123;115m▀[38;2;221;203;146m▀▀[38;2;197;164;123;48;2;197;164;123m▀[38;2;221;203;146m▀▀[38;2;197;164;123m▀[38;2;82;65;16;48;2;16;16;16m▀[0m
[0m              [38;2;82;65;16;48;2;16;16;16m▀[38;2;197;164;123;48;2;156;123;115m▀[48;2;197;164;123m▀▀▀[48;2;82;65;16m▀[38;2;156;123;115;48;2;197;164;123m▀[38;2;197;164;123m▀▀[48;2;82;65;16m▀[48;2;16;16;16m▀▀[38;2;16;16;16;48;2;106;106;82m▀[48;2;255;255;255m▀[38;2;255;255;255m▀[38;2;16;16;16;48;2;16;16;16m▀[38;2;156;123;115;48;2;156;123;115m▀▀▀[38;2;82;65;16;48;2;82;65;16m▀[38;2;156;123;115;48;2;156;123;115m▀▀[38;2;82;65;16;48;2;82;65;16m▀[38;2;156;123;115;48;2;156;123;115m▀▀[38;2;197;164;123m▀[38;2;221;203;146;48;2;221;203;146m▀[38;2;197;164;123m▀[38;2;221;203;146m▀[38;2;156;123;115;48;2;156;123;115m▀[48;2;82;65;16m▀[38;2;16;16;16;48;2;156;123;115m▀▀[38;2;156;123;115;48;2;16;16;16m▀▀[38;2;16;16;16;48;2;156;123;115m▀▀[49m▄[0m
[0m           [38;2;82;65;16m▄▄[48;2;221;203;146m▀▀[38;2;16;16;16m▀[38;2;197;164;123;48;2;16;16;16m▀▀▀▀▀[38;2;82;65;16;48;2;189;24;24m▀[38;2;16;16;16m▀[38;2;189;24;24m▀▀▀▀[38;2;16;16;16;48;2;82;65;16m▀[38;2;255;255;255;48;2;16;16;16m▀[38;2;16;16;16;48;2;156;123;115m▀[38;2;156;123;115m▀[48;2;16;16;16m▀[38;2;82;65;16;48;2;156;123;115m▀[38;2;156;123;115m▀▀▀[38;2;82;65;16m▀[38;2;156;123;115;48;2;82;65;16m▀[48;2;156;123;115m▀▀▀[38;2;197;164;123m▀▀[38;2;156;123;115m▀[38;2;82;65;16m▀[38;2;156;123;115;48;2;82;65;16m▀[48;2;156;123;115m▀▀▀▀▀▀[38;2;16;16;16m▀[38;2;82;65;16;49m▄[0m
[0m          [38;2;82;65;16;48;2;16;16;16m▀[38;2;221;203;146;48;2;156;123;115m▀▀[38;2;197;164;123;48;2;82;65;16m▀[38;2;156;123;115;48;2;16;16;16m▀[48;2;82;65;16m▀[48;2;156;123;115m▀[38;2;16;16;16m▀[38;2;156;123;115;48;2;16;16;16m▀[38;2;16;16;16;48;2;156;123;115m▀[38;2;189;24;24;48;2;16;16;16m▀[48;2;189;24;24m▀▀▀[48;2;82;65;16m▀▀[38;2;82;65;16;48;2;197;164;123m▀[38;2;197;164;123m▀[48;2;156;123;115m▀[38;2;156;123;115;48;2;16;16;16m▀[48;2;82;65;16m▀[48;2;221;203;146m▀[48;2;156;123;115m▀▀▀▀▀[38;2;16;16;16m▀[38;2;156;123;115;48;2;16;16;16m▀[48;2;156;123;115m▀▀▀[48;2;82;65;16m▀[48;2;16;16;16m▀[38;2;82;65;16;48;2;156;123;115m▀[38;2;16;16;16m▀[38;2;156;123;115m▀▀▀▀▀▀▀▀[38;2;82;65;16m▀[49m▄[0m
[0m        [38;2;82;65;16m▄[48;2;156;123;115m▀[38;2;16;16;16;48;2;197;164;123m▀[48;2;221;203;146m▀[38;2;82;65;16;48;2;156;123;115m▀[38;2;156;123;115m▀[48;2;16;16;16m▀[38;2;16;16;16;48;2;156;123;115m▀[38;2;156;123;115m▀▀[38;2;16;16;16m▀[38;2;156;123;115;48;2;16;16;16m▀[38;2;82;65;16;48;2;156;123;115m▀[38;2;16;16;16;48;2;197;164;123m▀▀[38;2;82;65;16m▀[38;2;197;164;123m▀[48;2;16;16;16m▀▀[38;2;156;123;115m▀[38;2;16;16;16;48;2;221;203;146m▀[38;2;221;203;146m▀▀▀▀▀[38;2;156;123;115;48;2;255;255;148m▀[48;2;221;203;146m▀[48;2;156;123;115m▀▀▀[38;2;16;16;16m▀▀▀[38;2;156;123;115m▀▀▀▀▀▀[48;2;82;65;16m▀▀▀▀[48;2;156;123;115m▀▀▀[38;2;82;65;16m▀[49m▄[0m       [38;2;82;65;16m▄[48;2;197;164;123m▀[38;2;16;16;16;48;2;156;123;115m▀[49m▄[0m
[0m       [38;2;16;16;16;48;2;82;65;16m▀[38;2;156;123;115;48;2;221;203;146m▀[38;2;221;203;146m▀[48;2;197;164;123m▀[38;2;156;123;115;48;2;82;65;16m▀[48;2;197;164;123m▀[38;2;197;164;123m▀[38;2;16;16;16;48;2;156;123;115m▀[38;2;156;123;115;48;2;16;16;16m▀[48;2;156;123;115m▀▀[48;2;82;65;16m▀[48;2;16;16;16m▀[38;2;16;16;16;48;2;82;65;16m▀[48;2;221;203;146m▀▀▀▀[38;2;221;203;146m▀▀▀▀▀▀▀[48;2;255;255;148m▀[38;2;255;255;148m▀▀▀▀[38;2;156;123;115m▀[48;2;156;123;115m▀▀▀▀▀[48;2;82;65;16m▀▀[38;2;82;65;16;48;2;197;164;123m▀▀▀[38;2;197;164;123m▀▀▀▀[38;2;156;123;115m▀[48;2;156;123;115m▀▀▀▀[38;2;82;65;16;48;2;82;65;16m▀[0m     [38;2;82;65;16m▄[48;2;197;164;123m▀[38;2;197;164;123m▀▀[38;2;82;65;16;48;2;156;123;115m▀[38;2;16;16;16;49m▄[0m
[0m      [38;2;82;65;16;48;2;16;16;16m▀[38;2;197;164;123;48;2;82;65;16m▀[48;2;156;123;115m▀[38;2;82;65;16m▀[48;2;197;164;123m▀[38;2;156;123;115m▀[38;2;197;164;123m▀[48;2;156;123;115m▀[38;2;156;123;115m▀▀[38;2;16;16;16m▀▀[38;2;156;123;115;48;2;16;16;16m▀[38;2;16;16;16;48;2;82;65;16m▀[38;2;82;65;16;48;2;221;203;146m▀[48;2;16;16;16m▀[48;2;255;255;148m▀[38;2;156;123;115;48;2;221;203;146m▀[38;2;221;203;146;48;2;82;65;16m▀[38;2;156;123;115;48;2;139;148;98m▀[38;2;16;16;16m▀▀▀[38;2;82;65;16;48;2;255;255;148m▀[48;2;221;203;146m▀[48;2;16;16;16m▀[38;2;255;255;148;48;2;255;255;148m▀▀▀▀▀▀▀[38;2;106;106;82;48;2;82;65;16m▀[38;2;82;65;16;48;2;197;164;123m▀▀▀[38;2;197;164;123m▀▀▀▀▀▀▀▀▀[48;2;156;123;115m▀[38;2;156;123;115m▀▀[48;2;82;65;16m▀[48;2;156;123;115m▀[38;2;16;16;16;48;2;16;16;16m▀[0m     [38;2;82;65;16;48;2;82;65;16m▀[38;2;197;164;123;48;2;197;164;123m▀▀▀▀[38;2;16;16;16;48;2;16;16;16m▀[0m
[0m    [38;2;82;65;16m▄[48;2;156;123;115m▀[38;2;156;123;115;48;2;197;164;123m▀[38;2;197;164;123m▀▀▀▀▀[48;2;156;123;115m▀[38;2;156;123;115m▀▀[48;2;82;65;16m▀[38;2;82;65;16;48;2;16;16;16m▀[38;2;16;16;16;49m▀[38;2;82;65;16m▄[48;2;221;203;146m▀[38;2;221;203;146m▀[48;2;82;65;16m▀[38;2;16;16;16;48;2;139;148;98m▀[38;2;139;148;98m▀▀▀▀▀▀[38;2;221;203;146;48;2;148;106;139m▀[38;2;16;16;16;48;2;82;65;16m▀[38;2;255;255;148;48;2;255;255;148m▀▀▀▀▀▀▀[38;2;82;65;16;48;2;106;106;82m▀[38;2;106;106;82;48;2;255;255;255m▀[38;2;197;164;123;48;2;16;16;16m▀[48;2;197;164;123m▀[48;2;106;106;82m▀[48;2;16;16;16m▀[48;2;197;164;123m▀▀▀▀[48;2;156;123;115m▀▀[38;2;156;123;115m▀▀▀▀▀[38;2;82;65;16;48;2;82;65;16m▀[38;2;156;123;115;48;2;16;16;16m▀[38;2;16;16;16;49m▀[0m  [38;2;82;65;16m▄[0m [38;2;82;65;16;48;2;82;65;16m▀[38;2;197;164;123;48;2;197;164;123m▀▀▀▀[48;2;82;65;16m▀[38;2;16;16;16m▀[49m▄[0m
[0m   [38;2;16;16;16m▄[38;2;82;65;16;48;2;156;123;115m▀[38;2;156;123;115m▀[38;2;197;164;123m▀[48;2;197;164;123m▀▀▀[48;2;156;123;115m▀[38;2;156;123;115m▀▀▀[48;2;16;16;16m▀[38;2;16;16;16;49m▀[0m  [38;2;82;65;16;48;2;156;123;115m▀[38;2;221;203;146;48;2;255;255;148m▀[48;2;82;65;16m▀[38;2;82;65;16;48;2;222;180;213m▀[38;2;139;148;98;48;2;139;148;98m▀▀▀[48;2;82;65;16m▀[38;2;82;65;16;48;2;16;16;16m▀[38;2;16;16;16;48;2;255;255;255m▀[48;2;16;16;16m▀[38;2;148;106;139;48;2;148;106;139m▀[38;2;82;65;16m▀[38;2;255;255;148;48;2;82;65;16m▀[48;2;255;255;148m▀▀▀▀▀[38;2;106;106;82;48;2;106;106;82m▀[38;2;255;255;255;48;2;255;255;255m▀[48;2;16;16;16m▀[38;2;156;123;115;48;2;106;106;82m▀[38;2;106;106;82;48;2;255;255;255m▀[38;2;255;255;255m▀▀[38;2;16;16;16;48;2;205;205;205m▀[38;2;156;123;115;48;2;82;65;16m▀[48;2;156;123;115m▀▀▀▀▀▀▀▀[38;2;82;65;16;48;2;82;65;16m▀[38;2;16;16;16;49m▀[0m   [38;2;82;65;16;48;2;82;65;16m▀[38;2;197;164;123;48;2;197;164;123m▀[38;2;82;65;16;48;2;156;123;115m▀[38;2;197;164;123m▀[48;2;197;164;123m▀▀[48;2;82;65;16m▀[38;2;82;65;16;48;2;197;164;123m▀[38;2;197;164;123m▀[48;2;156;123;115m▀[38;2;82;65;16m▀[38;2;16;16;16;49m▄[0m
[0m  [38;2;16;16;16;48;2;16;16;16m▀[38;2;82;65;16;48;2;156;123;115m▀[38;2;156;123;115m▀▀▀▀▀▀▀▀▀[48;2;16;16;16m▀[38;2;16;16;16;49m▀[0m  [38;2;82;65;16m▄[38;2;156;123;115;48;2;156;123;115m▀[38;2;255;255;148;48;2;255;255;148m▀[38;2;82;65;16;48;2;16;16;16m▀[38;2;222;180;213;48;2;148;106;139m▀[48;2;222;180;213m▀▀[48;2;148;106;139m▀[38;2;148;106;139m▀[38;2;16;16;16m▀▀[38;2;148;106;139m▀▀▀▀[38;2;82;65;16m▀[38;2;255;255;148;48;2;82;65;16m▀[48;2;255;255;148m▀▀▀[38;2;16;16;16m▀[38;2;205;205;205;48;2;16;16;16m▀[38;2;16;16;16;48;2;156;123;115m▀[38;2;106;106;82;48;2;106;106;82m▀[38;2;255;255;255;48;2;255;255;255m▀▀[48;2;16;16;16m▀[38;2;205;205;205m▀[38;2;16;16;16;48;2;156;123;115m▀[38;2;156;123;115;48;2;106;106;82m▀[38;2;16;16;16;48;2;255;255;255m▀[38;2;106;106;82m▀[38;2;156;123;115;48;2;106;106;82m▀[48;2;156;123;115m▀▀[48;2;82;65;16m▀[38;2;82;65;16;48;2;16;16;16m▀[38;2;16;16;16;48;2;82;65;16m▀[38;2;82;65;16;49m▄▄▄[48;2;197;164;123m▀[48;2;82;65;16m▀[38;2;197;164;123;48;2;197;164;123m▀[38;2;156;123;115;48;2;156;123;115m▀[48;2;197;164;123m▀[38;2;197;164;123m▀▀[38;2;82;65;16;48;2;156;123;115m▀[38;2;197;164;123;48;2;16;16;16m▀[38;2;156;123;115;48;2;156;123;115m▀▀▀[38;2;16;16;16;48;2;16;16;16m▀[0m
[0m [38;2;16;16;16m▄[38;2;82;65;16;48;2;156;123;115m▀[38;2;156;123;115m▀▀▀▀▀▀▀▀▀▀[38;2;16;16;16;48;2;16;16;16m▀[0m   [38;2;82;65;16;48;2;82;65;16m▀[38;2;255;255;148;48;2;255;255;148m▀[38;2;156;123;115m▀[38;2;255;255;148;48;2;82;65;16m▀[38;2;16;16;16;48;2;222;180;213m▀[38;2;148;106;139;48;2;16;16;16m▀▀▀▀[38;2;82;65;16;48;2;222;180;213m▀[38;2;148;106;139m▀[48;2;148;106;139m▀▀[38;2;82;65;16;48;2;82;65;16m▀[38;2;148;106;139;48;2;148;106;139m▀▀[38;2;82;65;16;48;2;222;180;213m▀[38;2;255;255;148;48;2;82;65;16m▀[48;2;255;255;148m▀▀▀[48;2;82;65;16m▀[38;2;16;16;16m▀[38;2;106;106;82;48;2;156;123;115m▀[38;2;255;255;255;48;2;16;16;16m▀[38;2;16;16;16m▀[38;2;156;123;115m▀▀[38;2;106;106;82m▀[38;2;255;255;255;48;2;255;255;255m▀[48;2;205;205;205m▀[38;2;205;205;205;48;2;16;16;16m▀[38;2;16;16;16m▀[38;2;156;123;115m▀[38;2;16;16;16;48;2;156;123;115m▀▀[38;2;82;65;16;48;2;16;16;16m▀[38;2;156;123;115;48;2;156;123;115m▀▀▀▀▀[38;2;197;164;123m▀▀[48;2;197;164;123m▀▀▀[48;2;156;123;115m▀[38;2;156;123;115m▀▀[38;2;16;16;16m▀[38;2;156;123;115;48;2;82;65;16m▀[38;2;82;65;16;48;2;16;16;16m▀[0m
[0m [38;2;16;16;16;48;2;16;16;16m▀[38;2;156;123;115;48;2;156;123;115m▀▀▀▀▀▀▀▀▀▀[48;2;82;65;16m▀[38;2;16;16;16;49m▀[0m   [38;2;82;65;16;48;2;82;65;16m▀[38;2;255;255;148;48;2;255;255;148m▀▀[38;2;82;65;16m▀[38;2;255;255;255;48;2;82;65;16m▀[38;2;222;180;213m▀[38;2;82;65;16;48;2;221;203;146m▀▀▀▀▀▀▀▀[38;2;255;255;255;48;2;82;65;16m▀[38;2;222;180;213m▀[38;2;255;255;255;48;2;156;123;115m▀[38;2;82;65;16;48;2;255;255;148m▀[48;2;221;203;146m▀▀[38;2;156;123;115m▀[38;2;221;203;146m▀▀▀▀▀▀[38;2;82;65;16;48;2;16;16;16m▀[38;2;16;16;16;48;2;156;123;115m▀[38;2;255;255;255;48;2;16;16;16m▀[38;2;16;16;16;48;2;156;123;115m▀[38;2;156;123;115m▀▀▀▀▀[38;2;16;16;16m▀[38;2;156;123;115;48;2;16;16;16m▀[48;2;156;123;115m▀▀▀▀▀▀▀▀▀▀▀▀▀[38;2;16;16;16;48;2;16;16;16m▀[0m
[0m [38;2;16;16;16;48;2;106;106;82m▀[38;2;82;65;16;48;2;255;255;255m▀[38;2;156;123;115;48;2;82;65;16m▀[48;2;156;123;115m▀▀▀▀▀▀▀[48;2;82;65;16m▀[38;2;16;16;16;48;2;16;16;16m▀[0m   [38;2;16;16;16m▄[38;2;82;65;16;48;2;82;65;16m▀[38;2;255;255;148;48;2;255;255;148m▀▀▀▀▀▀[38;2;221;203;146m▀▀▀▀▀▀[38;2;255;255;148m▀▀▀▀▀▀[38;2;221;203;146;48;2;221;203;146m▀▀▀▀▀▀▀▀[38;2;16;16;16;48;2;16;16;16m▀[38;2;156;123;115;48;2;82;65;16m▀▀[38;2;82;65;16;48;2;197;164;123m▀▀▀[38;2;156;123;115m▀▀▀[38;2;82;65;16;48;2;156;123;115m▀[38;2;16;16;16;48;2;82;65;16m▀[38;2;156;123;115;48;2;156;123;115m▀▀▀▀▀▀▀▀▀▀▀▀[48;2;82;65;16m▀[38;2;16;16;16;49m▀[0m
[38;2;16;16;16;48;2;16;16;16m▀[38;2;255;255;255;48;2;255;255;255m▀[48;2;205;205;205m▀[38;2;205;205;205;48;2;106;106;82m▀[38;2;82;65;16;48;2;255;255;255m▀[48;2;205;205;205m▀[38;2;156;123;115;48;2;82;65;16m▀[48;2;156;123;115m▀▀[48;2;16;16;16m▀[38;2;82;65;16;48;2;205;205;205m▀[38;2;205;205;205;48;2;255;255;255m▀[38;2;16;16;16;48;2;16;16;16m▀[0m [38;2;16;16;16m▄[48;2;197;164;123m▀[38;2;197;164;123m▀[38;2;82;65;16m▀[38;2;255;255;148;48;2;156;123;115m▀[48;2;255;255;148m▀▀▀▀▀▀▀▀▀▀▀▀▀▀▀▀[48;2;221;203;146m▀[38;2;221;203;146m▀▀▀▀▀▀▀[48;2;82;65;16m▀[38;2;82;65;16;48;2;156;123;115m▀[38;2;156;123;115;48;2;197;164;123m▀[38;2;197;164;123m▀▀▀▀▀▀▀▀[38;2;156;123;115m▀[38;2;16;16;16;48;2;156;123;115m▀[38;2;156;123;115;48;2;16;16;16m▀[48;2;156;123;115m▀▀▀▀▀▀▀▀▀▀[38;2;16;16;16;48;2;16;16;16m▀[0m
[38;2;106;106;82;49m▀[38;2;255;255;255;48;2;16;16;16m▀[38;2;16;16;16m▀[49m▀[38;2;255;255;255;48;2;106;106;82m▀[38;2;205;205;205;48;2;205;205;205m▀▀[38;2;16;16;16;48;2;16;16;16m▀[49m▀▀▀[38;2;255;255;255;48;2;16;16;16m▀[38;2;16;16;16;48;2;82;65;16m▀[38;2;82;65;16;48;2;156;123;115m▀[38;2;197;164;123;48;2;197;164;123m▀▀▀▀[38;2;82;65;16;48;2;82;65;16m▀[38;2;255;255;148;48;2;221;203;146m▀[48;2;255;255;148m▀▀▀▀▀▀▀▀▀▀▀▀▀▀[48;2;221;203;146m▀[38;2;221;203;146m▀▀▀▀▀▀▀[48;2;156;123;115m▀[38;2;82;65;16m▀[38;2;156;123;115;48;2;197;164;123m▀[38;2;197;164;123m▀▀▀▀▀▀▀▀▀▀[38;2;156;123;115;48;2;156;123;115m▀[48;2;82;65;16m▀[38;2;16;16;16;48;2;16;16;16m▀[38;2;156;123;115;48;2;156;123;115m▀▀▀▀▀▀▀▀[38;2;82;65;16;48;2;16;16;16m▀[0m
[0m    [38;2;16;16;16m▀[38;2;205;205;205;48;2;16;16;16m▀[38;2;16;16;16m▀[0m    [38;2;16;16;16m▄[38;2;82;65;16;48;2;156;123;115m▀[38;2;197;164;123;48;2;197;164;123m▀▀▀▀▀▀[38;2;82;65;16;48;2;16;16;16m▀[38;2;221;203;146;48;2;221;203;146m▀[38;2;255;255;148m▀[48;2;255;255;148m▀▀▀▀▀▀▀▀▀▀[48;2;221;203;146m▀[38;2;221;203;146m▀▀▀▀▀▀▀▀▀[38;2;82;65;16;48;2;82;65;16m▀[38;2;156;123;115;48;2;156;123;115m▀[38;2;197;164;123;48;2;197;164;123m▀▀▀▀▀▀▀▀▀▀[48;2;82;65;16m▀[38;2;156;123;115;48;2;197;164;123m▀[38;2;197;164;123m▀[48;2;156;123;115m▀[38;2;16;16;16;48;2;82;65;16m▀[38;2;156;123;115;48;2;156;123;115m▀▀▀▀▀▀[38;2;16;16;16;48;2;16;16;16m▀[0m
[0m          [38;2;82;65;16;48;2;82;65;16m▀[48;2;197;164;123m▀[38;2;156;123;115;48;2;82;65;16m▀[38;2;197;164;123;48;2;156;123;115m▀[48;2;197;164;123m▀▀▀[48;2;156;123;115m▀▀[38;2;156;123;115m▀[38;2;16;16;16;48;2;82;65;16m▀[38;2;221;203;146;48;2;16;16;16m▀[48;2;221;203;146m▀▀▀[38;2;255;255;148m▀▀▀▀[38;2;221;203;146m▀▀▀▀▀▀▀▀▀▀▀[48;2;82;65;16m▀[38;2;82;65;16;48;2;221;203;146m▀[38;2;16;16;16;48;2;16;16;16m▀[38;2;156;123;115;48;2;82;65;16m▀▀[38;2;197;164;123;48;2;197;164;123m▀▀▀▀▀▀▀▀▀[38;2;82;65;16;48;2;82;65;16m▀[38;2;197;164;123;48;2;197;164;123m▀[38;2;156;123;115;48;2;156;123;115m▀▀▀[38;2;16;16;16;48;2;16;16;16m▀[38;2;156;123;115;48;2;156;123;115m▀▀▀[48;2;16;16;16m▀[38;2;16;16;16;49m▀[0m
[0m          [38;2;82;65;16;48;2;16;16;16m▀[38;2;156;123;115;48;2;156;123;115m▀[38;2;82;65;16;48;2;82;65;16m▀[38;2;156;123;115;48;2;156;123;115m▀▀▀▀▀▀▀▀[38;2;82;65;16;48;2;82;65;16m▀[38;2;16;16;16;48;2;197;164;123m▀[38;2;82;65;16;48;2;156;123;115m▀[38;2;221;203;146;48;2;82;65;16m▀▀[48;2;156;123;115m▀[48;2;221;203;146m▀▀▀▀▀▀▀[48;2;82;65;16m▀▀▀▀[38;2;82;65;16;48;2;221;203;146m▀▀[38;2;221;203;146m▀▀[38;2;16;16;16;48;2;16;16;16m▀[38;2;197;164;123;48;2;197;164;123m▀[38;2;156;123;115m▀[38;2;82;65;16m▀[48;2;156;123;115m▀[38;2;197;164;123;48;2;82;65;16m▀[48;2;156;123;115m▀[48;2;197;164;123m▀▀▀[48;2;156;123;115m▀[38;2;156;123;115m▀▀[38;2;82;65;16;48;2;82;65;16m▀[38;2;156;123;115;48;2;156;123;115m▀▀▀[38;2;16;16;16;48;2;16;16;16m▀[38;2;156;123;115;48;2;156;123;115m▀[48;2;16;16;16m▀[38;2;16;16;16;49m▀[0m
[0m          [38;2;16;16;16m▀[38;2;156;123;115;48;2;16;16;16m▀[38;2;82;65;16;48;2;82;65;16m▀[38;2;156;123;115;48;2;156;123;115m▀▀▀▀▀▀▀[38;2;82;65;16;48;2;82;65;16m▀[38;2;156;123;115;48;2;156;123;115m▀▀▀▀[38;2;16;16;16;48;2;82;65;16m▀[48;2;16;16;16m▀[38;2;82;65;16m▀[48;2;82;65;16m▀[48;2;221;203;146m▀▀▀▀▀[38;2;221;203;146m▀▀▀▀▀▀▀▀[38;2;16;16;16;48;2;16;16;16m▀[38;2;156;123;115;48;2;156;123;115m▀[38;2;197;164;123m▀▀▀[38;2;82;65;16;48;2;82;65;16m▀[38;2;156;123;115;48;2;156;123;115m▀▀▀▀▀▀▀[38;2;82;65;16m▀[38;2;156;123;115;48;2;82;65;16m▀[48;2;16;16;16m▀[38;2;82;65;16m▀[38;2;156;123;115m▀[38;2;16;16;16;49m▀[0m
[0m           [38;2;16;16;16m▀[38;2;156;123;115;48;2;16;16;16m▀[38;2;82;65;16m▀[38;2;156;123;115;48;2;156;123;115m▀▀▀▀▀▀[38;2;82;65;16m▀[38;2;156;123;115;48;2;82;65;16m▀[48;2;156;123;115m▀▀[48;2;16;16;16m▀[38;2;16;16;16;49m▀[0m   [38;2;16;16;16m▀[38;2;82;65;16m▀[38;2;221;203;146;48;2;16;16;16m▀▀▀[48;2;82;65;16m▀[48;2;221;203;146m▀▀▀▀▀▀▀▀[38;2;16;16;16;48;2;16;16;16m▀[38;2;156;123;115;48;2;156;123;115m▀▀▀[38;2;82;65;16;48;2;82;65;16m▀[38;2;156;123;115;48;2;156;123;115m▀▀▀▀▀▀▀▀▀[48;2;16;16;16m▀[38;2;16;16;16;49m▀[0m
[0m            [38;2;106;106;82m▄[38;2;82;65;16;48;2;106;106;82m▀[38;2;156;123;115;48;2;255;255;255m▀▀[48;2;82;65;16m▀[48;2;156;123;115m▀▀▀▀[48;2;106;106;82m▀[38;2;16;16;16m▀[48;2;16;16;16m▀[0m           [38;2;16;16;16m▀▀▀▀▀▀▀▀▀▀▀[38;2;82;65;16;48;2;16;16;16m▀[38;2;156;123;115;48;2;156;123;115m▀▀▀▀▀[48;2;106;106;82m▀▀[48;2;156;123;115m▀▀▀[48;2;82;65;16m▀[38;2;82;65;16;48;2;205;205;205m▀[49m▄[38;2;16;16;16m▄[0m
[0m          [38;2;106;106;82m▄[48;2;255;255;255m▀[38;2;255;255;255m▀[48;2;205;205;205m▀▀[38;2;205;205;205;48;2;106;106;82m▀[48;2;16;16;16m▀[38;2;82;65;16m▀[38;2;156;123;115m▀▀[38;2;82;65;16m▀[38;2;205;205;205;48;2;205;205;205m▀▀[38;2;16;16;16m▀[49m▄[0m                    [38;2;106;106;82m▄[38;2;16;16;16;48;2;255;255;255m▀[38;2;82;65;16;48;2;205;205;205m▀[38;2;156;123;115m▀[48;2;156;123;115m▀[38;2;82;65;16;48;2;82;65;16m▀[38;2;106;106;82;48;2;255;255;255m▀[38;2;255;255;255m▀[38;2;205;205;205m▀[38;2;106;106;82;48;2;205;205;205m▀[38;2;82;65;16m▀[38;2;156;123;115;48;2;82;65;16m▀[38;2;82;65;16;48;2;16;16;16m▀[38;2;205;205;205;48;2;205;205;205m▀▀▀[38;2;16;16;16m▀[49m▄[0m
[0m           [38;2;16;16;16m▀▀▀▀▀[0m     [38;2;16;16;16m▀▀▀▀[0m                   [38;2;106;106;82m▀[38;2;255;255;255;48;2;16;16;16m▀▀[38;2;205;205;205m▀[38;2;16;16;16;49m▀▀[38;2;255;255;255;48;2;16;16;16m▀▀[48;2;205;205;205m▀▀[38;2;205;205;205m▀[48;2;16;16;16m▀[38;2;16;16;16;49m▀▀▀▀▀▀[0m
[0m                                                    [38;2;16;16;16m▀▀▀[0m
