[0m            [38;2;57;82;98;48;2;57;82;98m▀[48;2;189;222;255m▀[49m▄[0m
[0m       [38;2;57;82;98m▄[38;2;106;148;180m▄[0m   [38;2;57;82;98;48;2;57;82;98m▀[38;2;164;197;238;48;2;106;148;180m▀[38;2;57;82;98m▀[38;2;106;148;180;49m▄[38;2;57;82;98m▄▄[0m
[0m       [38;2;57;82;98m▀[38;2;164;197;238;48;2;57;82;98m▀[38;2;57;82;98m▀[49m▄[48;2;164;197;238m▀[48;2;189;222;255m▀[38;2;189;222;255m▀▀▀[38;2;164;197;238m▀[48;2;164;197;238m▀[38;2;57;82;98m▀▀[49m▄[0m
[0m        [38;2;57;82;98;48;2;57;82;98m▀[48;2;255;255;255m▀[38;2;164;197;238;48;2;164;197;238m▀▀▀[38;2;189;222;255m▀▀▀[38;2;164;197;238m▀▀▀▀▀[38;2;57;82;98;48;2;106;148;180m▀[49m▄▄▄[48;2;189;222;255m▀▀▀[48;2;16;16;16m▀[0m
[0m       [38;2;57;82;98;48;2;57;82;98m▀[38;2;255;115;115;48;2;255;115;115m▀[48;2;16;16;16m▀[38;2;164;197;238;48;2;164;197;238m▀▀▀▀[48;2;106;148;180m▀[38;2;106;148;180m▀[38;2;57;82;98;48;2;255;255;255m▀▀[38;2;106;148;180;48;2;106;148;180m▀[38;2;164;197;238m▀[48;2;164;197;238m▀▀▀▀[38;2;189;222;255;48;2;16;16;16m▀▀[38;2;16;16;16;49m▀▀[0m
[0m    [38;2;57;82;98m▄▄[48;2;57;82;98m▀▀[38;2;255;115;115m▀[38;2;16;16;16;48;2;106;148;180m▀[38;2;106;148;180;48;2;164;197;238m▀[38;2;164;197;238m▀▀▀[38;2;57;82;98;48;2;57;82;98m▀[38;2;255;115;115;48;2;16;16;16m▀[48;2;255;115;115m▀[38;2;255;255;255;48;2;255;255;255m▀▀[38;2;57;82;98;48;2;57;82;98m▀[38;2;164;197;238;48;2;106;148;180m▀[38;2;106;148;180m▀[48;2;57;82;98m▀[38;2;16;16;16m▀[0m
[0m   [38;2;57;82;98;48;2;16;16;16m▀[48;2;164;197;238m▀[38;2;164;197;238;48;2;189;222;255m▀[48;2;164;197;238m▀▀▀▀▀▀▀▀[38;2;57;82;98;48;2;57;82;98m▀[38;2;16;16;16;48;2;255;115;115m▀[38;2;255;115;115m▀[38;2;255;255;255;48;2;213;213;213m▀[38;2;213;213;213m▀[38;2;57;82;98;48;2;57;82;98m▀[38;2;106;148;180;48;2;106;148;180m▀▀▀[48;2;164;197;238m▀[38;2;57;82;98m▀▀[49m▄▄[0m
[0m   [38;2;16;16;16;48;2;16;16;16m▀[38;2;106;148;180;48;2;106;148;180m▀[38;2;16;16;16;48;2;57;82;98m▀[38;2;164;197;238;48;2;164;197;238m▀▀▀[48;2;106;148;180m▀▀▀▀▀[38;2;106;148;180m▀[38;2;57;82;98m▀[38;2;213;213;213;48;2;57;82;98m▀▀[38;2;57;82;98;48;2;106;148;180m▀[38;2;106;148;180m▀▀▀[48;2;57;82;98m▀▀[38;2;164;197;238;48;2;16;16;16m▀▀[38;2;189;222;255m▀▀[38;2;16;16;16;48;2;57;82;98m▀[0m
[0m   [38;2;57;82;98m▀[48;2;57;82;98m▀[38;2;164;197;238;48;2;16;16;16m▀▀[38;2;106;148;180;48;2;57;82;98m▀[38;2;57;82;98;49m▀[38;2;16;16;16;48;2;57;82;98m▀▀[38;2;57;82;98;48;2;106;148;180m▀[38;2;106;148;180m▀▀▀▀▀▀▀[48;2;16;16;16m▀[48;2;106;148;180m▀▀[38;2;57;82;98;48;2;164;197;238m▀[49m▄[0m
[0m           [38;2;16;16;16;48;2;57;82;98m▀[38;2;57;82;98;48;2;222;197;74m▀[38;2;106;148;180m▀[48;2;106;148;180m▀▀[38;2;57;82;98;48;2;57;82;98m▀[38;2;16;16;16;49m▀▀[0m [38;2;16;16;16m▀[38;2;57;82;98;48;2;57;82;98m▀[38;2;189;222;255;48;2;16;16;16m▀[48;2;189;222;255m▀[38;2;106;148;180;48;2;57;82;98m▀[0m
[0m        [38;2;156;131;74m▄[48;2;255;255;172m▀[38;2;57;82;98m▀[38;2;222;197;74m▀[48;2;156;131;74m▀▀[48;2;222;197;74m▀[38;2;106;148;180;48;2;106;148;180m▀▀[38;2;57;82;98;48;2;16;16;16m▀[0m    [38;2;156;131;74m▄[38;2;16;16;16;48;2;156;131;74m▀▀[38;2;156;131;74;49m▄▄▄[0m
[0m       [38;2;156;131;74;48;2;156;131;74m▀[38;2;255;255;172;48;2;222;197;74m▀▀[48;2;255;255;172m▀▀▀▀[38;2;156;131;74;48;2;222;197;74m▀[38;2;106;148;180;48;2;106;148;180m▀▀[38;2;16;16;16m▀[49m▄▄[38;2;156;131;74;48;2;222;197;74m▀▀[38;2;222;197;74;48;2;156;131;74m▀▀[38;2;255;255;172m▀▀[48;2;222;197;74m▀▀[38;2;156;131;74m▀[49m▄[0m
[0m    [38;2;16;16;16m▄▄[38;2;156;131;74;48;2;16;16;16m▀[38;2;255;255;172;48;2;255;255;172m▀▀▀[38;2;222;197;74m▀[38;2;156;131;74m▀[38;2;255;255;172;48;2;156;131;74m▀[48;2;222;197;74m▀[38;2;222;197;74;48;2;106;148;180m▀[38;2;106;148;180m▀▀▀[38;2;16;16;16;48;2;16;16;16m▀[38;2;222;197;74;48;2;156;131;74m▀[38;2;156;131;74;48;2;222;197;74m▀▀[38;2;222;197;74m▀[38;2;255;255;172m▀▀▀[48;2;255;255;172m▀▀[48;2;156;131;74m▀[38;2;16;16;16;49m▀[0m
[0m [38;2;16;16;16m▄[48;2;164;197;238m▀▀[38;2;164;197;238m▀▀▀[38;2;16;16;16m▀[38;2;156;131;74;48;2;16;16;16m▀[38;2;255;255;172;48;2;156;131;74m▀[48;2;222;197;74m▀▀[38;2;222;197;74;48;2;106;148;180m▀[38;2;156;131;74m▀[38;2;106;148;180m▀▀▀[48;2;16;16;16m▀[38;2;16;16;16;48;2;57;82;98m▀[38;2;222;197;74;48;2;16;16;16m▀▀[48;2;222;197;74m▀▀[38;2;255;255;172m▀▀[48;2;16;16;16m▀[38;2;222;197;74m▀[38;2;16;16;16;49m▀[0m
[38;2;16;16;16;49m▄[48;2;164;197;238m▀[38;2;164;197;238m▀[48;2;57;82;98m▀[38;2;57;82;98;48;2;164;197;238m▀[38;2;106;148;180m▀[38;2;164;197;238m▀▀[38;2;16;16;16;48;2;16;16;16m▀[38;2;222;197;74;48;2;164;197;238m▀[38;2;156;131;74;48;2;106;148;180m▀[38;2;106;148;180m▀▀▀▀▀[48;2;16;16;16m▀[38;2;16;16;16;49m▀[0m   [38;2;16;16;16m▀▀▀[38;2;156;131;74m▀[0m
[38;2;16;16;16;48;2;16;16;16m▀[38;2;164;197;238;48;2;106;148;180m▀[48;2;164;197;238m▀[38;2;16;16;16m▀[38;2;164;197;238;48;2;106;148;180m▀[48;2;16;16;16m▀[48;2;57;82;98m▀[38;2;57;82;98;48;2;106;148;180m▀[38;2;164;197;238m▀[38;2;106;148;180m▀▀▀▀▀[48;2;57;82;98m▀[38;2;16;16;16;49m▀[0m
[0m [38;2;16;16;16m▀[38;2;106;148;180;48;2;16;16;16m▀▀[48;2;106;148;180m▀▀▀▀[48;2;57;82;98m▀[48;2;16;16;16m▀▀▀[38;2;16;16;16;49m▀[38;2;57;82;98m▀[0m
[0m    [38;2;16;16;16m▀▀▀▀[38;2;57;82;98m▀[0m
