[0m           [38;2;106;131;156m▄[48;2;164;205;230m▀[38;2;32;65;90;48;2;32;65;90m▀[0m        [38;2;123;98;32m▄[38;2;16;16;16m▄[0m              [38;2;123;98;32m▄[48;2;222;197;82m▀[48;2;16;16;16m▀[0m
[0m         [38;2;106;131;156m▄[48;2;164;205;230m▀[38;2;164;205;230m▀[38;2;131;172;205;48;2;32;65;90m▀[38;2;16;16;16;49m▀[0m  [38;2;74;106;131m▄▄[38;2;32;65;90m▄[0m  [38;2;123;98;32;48;2;123;98;32m▀[38;2;222;197;82;48;2;222;197;82m▀[38;2;123;98;32;48;2;123;98;32m▀[0m            [38;2;123;98;32m▄[48;2;222;197;82m▀[38;2;222;197;82;48;2;255;255;172m▀[38;2;255;255;172m▀[38;2;16;16;16;48;2;16;16;16m▀[0m
[0m        [38;2;106;131;156;48;2;106;131;156m▀[38;2;164;205;230;48;2;164;205;230m▀▀[38;2;131;172;205;48;2;131;172;205m▀[38;2;16;16;16;48;2;16;16;16m▀[38;2;74;106;131;49m▄[48;2;164;205;230m▀[38;2;106;131;156m▀[38;2;164;205;230m▀[38;2;131;172;205;48;2;32;65;90m▀[38;2;16;16;16;49m▀[0m [38;2;123;98;32;48;2;123;98;32m▀[38;2;222;197;82;48;2;222;197;82m▀▀▀[38;2;16;16;16;48;2;16;16;16m▀[38;2;74;106;131;49m▄▄[38;2;16;16;16m▄[0m       [38;2;123;98;32m▄[48;2;255;255;172m▀[38;2;255;255;172m▀▀[38;2;123;98;32;48;2;16;16;16m▀[0m
[0m       [38;2;74;106;131;48;2;106;131;156m▀[38;2;164;205;230;48;2;164;205;230m▀▀[38;2;131;172;205;48;2;131;172;205m▀[48;2;32;65;90m▀[38;2;32;65;90;48;2;164;205;230m▀[38;2;164;205;230m▀▀▀[38;2;131;172;205;48;2;131;172;205m▀[38;2;16;16;16m▀[38;2;32;65;90;49m▄[38;2;123;98;32;48;2;74;106;131m▀[38;2;32;65;90;48;2;131;172;205m▀[48;2;16;16;16m▀[38;2;222;197;82;48;2;74;106;131m▀[38;2;74;106;131;48;2;164;205;230m▀▀[38;2;164;205;230m▀[48;2;16;16;16m▀[38;2;16;16;16;49m▀[0m     [38;2;123;98;32m▄[48;2;255;255;172m▀[38;2;255;255;172m▀▀▀▀[38;2;16;16;16;48;2;16;16;16m▀[0m
[0m      [38;2;74;106;131;48;2;106;131;156m▀[38;2;164;205;230;48;2;164;205;230m▀▀▀[38;2;131;172;205;48;2;32;65;90m▀[38;2;106;131;156;48;2;164;205;230m▀[38;2;164;205;230m▀▀▀[38;2;131;172;205;48;2;131;172;205m▀▀▀▀▀[48;2;74;106;131m▀[38;2;74;106;131;48;2;131;172;205m▀[38;2;131;172;205m▀[38;2;164;205;230m▀[48;2;164;205;230m▀[38;2;74;106;131;48;2;16;16;16m▀[0m     [38;2;74;106;131m▄[38;2;32;65;90;48;2;106;131;156m▀[38;2;106;131;156;48;2;255;255;172m▀[38;2;255;255;172m▀▀▀▀[38;2;123;98;32;48;2;16;16;16m▀[0m    [38;2;123;98;32m▄▄▄▄▄▄▄[0m
[0m     [38;2;74;106;131;48;2;74;106;131m▀[38;2;164;205;230;48;2;164;205;230m▀▀▀[48;2;106;131;156m▀[38;2;106;131;156;48;2;164;205;230m▀[38;2;164;205;230m▀[48;2;106;131;156m▀[48;2;164;205;230m▀▀▀[38;2;106;131;156;48;2;74;106;131m▀[38;2;131;172;205;48;2;106;131;156m▀▀[38;2;74;106;131m▀[38;2;106;131;156;48;2;131;172;205m▀[38;2;131;172;205m▀▀▀[38;2;16;16;16;48;2;106;131;156m▀[38;2;32;65;90m▀[49m▄▄[0m  [38;2;74;106;131m▄[38;2;106;131;156;48;2;131;172;205m▀[38;2;131;172;205;48;2;222;197;82m▀[38;2;255;255;172m▀[38;2;222;197;82;48;2;131;172;205m▀[38;2;255;255;172;48;2;255;255;172m▀▀▀[38;2;16;16;16m▀[38;2;123;98;32m▀[48;2;222;197;82m▀▀▀[38;2;222;197;82m▀▀[48;2;123;98;32m▀[48;2;222;197;82m▀▀[48;2;16;16;16m▀[38;2;16;16;16;49m▀[0m
[0m    [38;2;74;106;131m▄[48;2;106;131;156m▀[38;2;164;205;230;48;2;164;205;230m▀▀[48;2;106;131;156m▀[38;2;106;131;156;48;2;164;205;230m▀[38;2;164;205;230;48;2;106;131;156m▀[38;2;106;131;156;48;2;131;172;205m▀[38;2;164;205;230;48;2;164;205;230m▀▀[48;2;131;172;205m▀[38;2;32;65;90;48;2;32;65;90m▀[38;2;74;106;131;48;2;255;255;255m▀[38;2;106;131;156;48;2;106;131;156m▀▀[38;2;131;172;205m▀▀[38;2;106;131;156m▀[48;2;131;172;205m▀[38;2;131;172;205m▀▀[48;2;32;65;90m▀[48;2;16;16;16m▀[38;2;16;16;16;49m▀[38;2;32;65;90m▄[38;2;74;106;131;48;2;131;172;205m▀[38;2;131;172;205m▀▀▀[48;2;255;255;172m▀[38;2;255;255;172m▀▀▀▀▀[48;2;222;197;82m▀[38;2;222;197;82;48;2;123;98;32m▀▀[48;2;222;197;82m▀[38;2;123;98;32m▀[38;2;222;197;82m▀▀[48;2;16;16;16m▀[38;2;16;16;16;49m▀[0m
[0m    [38;2;32;65;90;48;2;16;16;16m▀[38;2;131;172;205;48;2;131;172;205m▀[48;2;106;131;156m▀[38;2;164;205;230;48;2;164;205;230m▀[38;2;106;131;156;48;2;106;131;156m▀[38;2;164;205;230;48;2;164;205;230m▀[38;2;32;65;90;48;2;32;65;90m▀[38;2;164;205;230;48;2;164;205;230m▀[48;2;16;16;16m▀[38;2;106;131;156;48;2;255;255;255m▀[38;2;16;16;16;48;2;32;65;90m▀[38;2;255;255;255;48;2;255;255;255m▀▀[38;2;106;131;156;48;2;106;131;156m▀▀▀▀▀[48;2;131;172;205m▀▀[38;2;16;16;16;48;2;106;131;156m▀[49m▄[0m [38;2;32;65;90;48;2;74;106;131m▀[38;2;106;131;156;48;2;131;172;205m▀[38;2;131;172;205m▀▀▀[38;2;222;197;82m▀▀▀[38;2;255;255;172m▀[48;2;123;98;32m▀[38;2;222;197;82m▀[38;2;123;98;32;48;2;222;197;82m▀▀[38;2;222;197;82m▀▀▀▀[48;2;16;16;16m▀[38;2;16;16;16;49m▀[0m
[0m     [38;2;32;65;90m▀[38;2;74;106;131;48;2;16;16;16m▀[38;2;164;205;230;48;2;106;131;156m▀[48;2;164;205;230m▀▀[38;2;106;131;156m▀[38;2;32;65;90m▀[38;2;16;16;16;48;2;156;156;156m▀[48;2;16;16;16m▀[38;2;32;65;90m▀[38;2;255;255;255;48;2;106;131;156m▀[38;2;106;131;156m▀▀▀▀▀[38;2;32;65;90m▀▀[38;2;131;172;205;48;2;16;16;16m▀[48;2;32;65;90m▀[38;2;32;65;90;48;2;131;172;205m▀[48;2;32;65;90m▀[38;2;131;172;205;48;2;131;172;205m▀▀▀▀▀[48;2;74;106;131m▀▀[38;2;74;106;131;48;2;106;131;156m▀▀[38;2;106;131;156m▀[48;2;222;197;82m▀▀[38;2;222;197;82m▀▀▀[48;2;16;16;16m▀[38;2;16;16;16;49m▀[0m
[0m    [38;2;74;106;131m▄▄[38;2;16;16;16;48;2;164;205;230m▀[38;2;164;205;230m▀▀▀▀▀[48;2;131;172;205m▀[38;2;131;172;205;48;2;106;131;156m▀[38;2;106;131;156m▀▀▀▀▀▀▀▀[38;2;74;106;131;48;2;32;65;90m▀[38;2;32;65;90;48;2;106;131;156m▀[38;2;106;131;156m▀[38;2;16;16;16m▀▀[38;2;106;131;156m▀[38;2;131;172;205;48;2;74;106;131m▀▀[38;2;74;106;131;48;2;106;131;156m▀▀[38;2;106;131;156m▀▀[48;2;222;197;82m▀[38;2;222;197;82m▀▀▀▀▀[48;2;16;16;16m▀[38;2;16;16;16;49m▀[0m
[38;2;74;106;131;49m▄[48;2;131;172;205m▀[48;2;164;205;230m▀▀[38;2;164;205;230m▀▀▀▀[48;2;131;172;205m▀[48;2;106;131;156m▀[38;2;131;172;205m▀[38;2;106;131;156m▀▀[48;2;32;65;90m▀▀[48;2;74;106;131m▀[48;2;106;131;156m▀▀▀▀[48;2;32;65;90m▀[38;2;74;106;131;48;2;106;131;156m▀[38;2;106;131;156;48;2;32;65;90m▀[48;2;106;131;156m▀▀▀[38;2;74;106;131m▀▀[38;2;106;131;156m▀▀▀▀▀▀▀▀▀[48;2;222;197;82m▀[38;2;222;197;82m▀▀[38;2;123;98;32m▀[38;2;16;16;16m▀[38;2;123;98;32;49m▄▄[0m
[38;2;74;106;131;48;2;32;65;90m▀[38;2;164;205;230;48;2;131;172;205m▀[48;2;16;16;16m▀▀[48;2;74;106;131m▀[48;2;131;172;205m▀[38;2;131;172;205;48;2;106;131;156m▀[38;2;106;131;156m▀▀▀[48;2;74;106;131m▀[38;2;74;106;131;48;2;16;16;16m▀[38;2;16;16;16;49m▀[38;2;106;131;156;48;2;16;16;16m▀▀▀▀[48;2;123;98;32m▀[38;2;32;65;90;48;2;222;197;82m▀[38;2;16;16;16;48;2;123;98;32m▀[38;2;222;197;82;48;2;222;197;82m▀[38;2;106;131;156m▀[48;2;106;131;156m▀[38;2;32;65;90;48;2;16;16;16m▀[38;2;106;131;156;48;2;106;131;156m▀▀[48;2;32;65;90m▀▀▀[48;2;16;16;16m▀▀[48;2;32;65;90m▀[48;2;106;131;156m▀▀▀▀[38;2;222;197;82m▀▀▀[48;2;222;197;82m▀▀▀▀▀[38;2;123;98;32m▀[49m▄[38;2;16;16;16m▄[0m
[38;2;32;65;90;48;2;32;65;90m▀[38;2;131;172;205;48;2;131;172;205m▀[38;2;16;16;16;48;2;16;16;16m▀▀▀[38;2;74;106;131m▀[38;2;106;131;156;48;2;106;131;156m▀▀[48;2;16;16;16m▀[38;2;32;65;90;49m▀[38;2;16;16;16m▀[0m  [38;2;123;98;32m▄[48;2;255;255;172m▀[38;2;222;197;82;48;2;123;98;32m▀[48;2;255;255;172m▀[48;2;222;197;82m▀▀▀[38;2;123;98;32;48;2;16;16;16m▀[38;2;16;16;16;48;2;222;197;82m▀[48;2;255;255;172m▀[38;2;106;131;156;48;2;131;172;205m▀[38;2;32;65;90;48;2;106;131;156m▀[38;2;106;131;156;48;2;32;65;90m▀[38;2;74;106;131;48;2;106;131;156m▀[38;2;106;131;156m▀[38;2;32;65;90m▀[38;2;16;16;16;48;2;74;106;131m▀[49m▄[0m [38;2;16;16;16m▀▀▀▀▀▀▀[38;2;123;98;32m▀[38;2;222;197;82;48;2;16;16;16m▀▀▀▀▀▀▀[38;2;16;16;16m▀[0m
[0m [38;2;74;106;131;48;2;32;65;90m▀[38;2;106;131;156;48;2;131;172;205m▀[38;2;16;16;16;48;2;106;131;156m▀[38;2;32;65;90m▀[38;2;106;131;156;48;2;16;16;16m▀▀[38;2;16;16;16;49m▀[0m     [38;2;123;98;32m▀[38;2;255;255;172;48;2;123;98;32m▀[38;2;123;98;32;48;2;16;16;16m▀[38;2;255;255;172m▀[48;2;123;98;32m▀[38;2;123;98;32;48;2;222;197;82m▀[38;2;16;16;16m▀[38;2;255;255;172;48;2;255;255;172m▀[48;2;123;98;32m▀[48;2;255;255;172m▀[48;2;222;197;82m▀[38;2;131;172;205;48;2;16;16;16m▀[38;2;16;16;16;48;2;32;65;90m▀[38;2;106;131;156;48;2;106;131;156m▀▀[48;2;74;106;131m▀[48;2;106;131;156m▀▀[38;2;16;16;16;48;2;16;16;16m▀[0m
[0m  [38;2;16;16;16m▀▀▀[0m         [38;2;123;98;32m▄[48;2;255;255;172m▀[38;2;255;255;172m▀▀▀▀[38;2;222;197;82m▀[38;2;123;98;32;48;2;16;16;16m▀[38;2;16;16;16;48;2;222;197;82m▀▀[38;2;222;197;82;48;2;255;255;172m▀[38;2;131;172;205;48;2;131;172;205m▀[38;2;106;131;156;48;2;32;65;90m▀[48;2;106;131;156m▀▀[38;2;32;65;90;48;2;16;16;16m▀[38;2;16;16;16;48;2;106;131;156m▀[49m▄▄[0m
[0m              [38;2;123;98;32;48;2;16;16;16m▀[38;2;255;255;172m▀[38;2;123;98;32m▀[38;2;255;255;172m▀[48;2;123;98;32m▀[38;2;123;98;32;48;2;222;197;82m▀[38;2;16;16;16m▀[38;2;222;197;82m▀▀[48;2;123;98;32m▀[38;2;255;255;172;48;2;222;197;82m▀[48;2;255;255;172m▀[38;2;131;172;205;48;2;16;16;16m▀[38;2;32;65;90m▀[38;2;16;16;16;48;2;106;131;156m▀[38;2;106;131;156m▀▀▀▀[38;2;16;16;16m▀[49m▄[0m
[0m                [38;2;123;98;32;48;2;123;98;32m▀[38;2;255;255;172;48;2;255;255;172m▀[48;2;123;98;32m▀[48;2;255;255;172m▀▀[38;2;222;197;82;48;2;32;65;90m▀[48;2;74;106;131m▀[38;2;16;16;16;48;2;131;172;205m▀[38;2;32;65;90m▀[38;2;16;16;16m▀▀[38;2;123;98;32;48;2;32;65;90m▀[48;2;16;16;16m▀[38;2;106;131;156;48;2;123;98;32m▀[48;2;106;131;156m▀▀▀▀▀[38;2;16;16;16;48;2;16;16;16m▀[0m
[0m                [38;2;16;16;16m▀▀▀[38;2;123;98;32;48;2;32;65;90m▀[38;2;32;65;90;48;2;164;205;230m▀[38;2;164;205;230m▀▀[48;2;131;172;205m▀[38;2;131;172;205m▀▀▀▀▀[38;2;16;16;16m▀[38;2;123;98;32;48;2;16;16;16m▀[38;2;106;131;156;48;2;106;131;156m▀▀▀▀▀[38;2;16;16;16;48;2;16;16;16m▀[0m
[0m                  [38;2;74;106;131m▄[48;2;164;205;230m▀[38;2;164;205;230m▀▀[48;2;131;172;205m▀[38;2;131;172;205;48;2;74;106;131m▀[38;2;74;106;131;48;2;164;205;230m▀▀[38;2;106;131;156;48;2;32;65;90m▀[38;2;131;172;205;48;2;106;131;156m▀[48;2;131;172;205m▀▀[38;2;32;65;90m▀[38;2;106;131;156;48;2;16;16;16m▀[48;2;106;131;156m▀▀▀▀[38;2;16;16;16;48;2;16;16;16m▀[0m
[0m                  [38;2;74;106;131;48;2;32;65;90m▀[38;2;164;205;230;48;2;164;205;230m▀▀▀[38;2;74;106;131;48;2;32;65;90m▀[38;2;164;205;230;48;2;164;205;230m▀▀[48;2;131;172;205m▀[38;2;131;172;205;48;2;106;131;156m▀[38;2;32;65;90;48;2;32;65;90m▀[38;2;131;172;205;48;2;131;172;205m▀▀▀[38;2;16;16;16;48;2;16;16;16m▀[38;2;106;131;156;48;2;106;131;156m▀▀▀▀[38;2;16;16;16;48;2;16;16;16m▀[0m
[0m                  [38;2;32;65;90m▀[38;2;164;205;230;48;2;74;106;131m▀[48;2;131;172;205m▀[38;2;131;172;205m▀[38;2;32;65;90m▀[38;2;131;172;205;48;2;32;65;90m▀[48;2;131;172;205m▀▀[38;2;74;106;131m▀[38;2;106;131;156m▀[38;2;131;172;205m▀[48;2;74;106;131m▀[38;2;32;65;90;48;2;16;16;16m▀[38;2;106;131;156;48;2;106;131;156m▀▀▀▀[38;2;74;106;131;48;2;32;65;90m▀[38;2;16;16;16;49m▀[0m
[0m                   [38;2;32;65;90m▀[38;2;106;131;156;48;2;32;65;90m▀[38;2;131;172;205;48;2;106;131;156m▀▀[38;2;106;131;156m▀[38;2;32;65;90m▀[38;2;131;172;205;48;2;32;65;90m▀[48;2;16;16;16m▀▀[38;2;32;65;90;48;2;106;131;156m▀[38;2;16;16;16m▀[38;2;106;131;156m▀▀▀[48;2;74;106;131m▀[38;2;74;106;131;48;2;16;16;16m▀[38;2;16;16;16;49m▀[0m
[0m                     [38;2;32;65;90m▀[38;2;106;131;156;48;2;16;16;16m▀[48;2;32;65;90m▀[48;2;106;131;156m▀▀▀▀▀▀[48;2;32;65;90m▀[48;2;16;16;16m▀[38;2;32;65;90;49m▀[38;2;16;16;16m▀[0m
[0m                        [38;2;16;16;16m▀▀▀▀▀▀[0m
