[0m                                    [38;2;82;82;90m▄[48;2;255;255;255m▀▀▀[49m▄[0m
[0m                                   [38;2;82;82;90;48;2;82;82;90m▀[38;2;255;255;255;48;2;255;255;255m▀▀▀▀▀[38;2;82;82;90;48;2;82;82;90m▀[0m
[0m                               [38;2;139;139;148m▄[48;2;255;255;255m▀▀▀[38;2;255;255;255m▀▀▀▀▀▀[48;2;238;238;238m▀[38;2;82;82;90;48;2;213;213;222m▀[48;2;238;238;238m▀[48;2;255;255;255m▀[49m▄[0m
[0m                     [38;2;139;139;148m▄▄▄[0m       [38;2;139;139;148;48;2;139;139;148m▀[38;2;255;255;255;48;2;255;255;255m▀▀▀▀[48;2;255;197;123m▀▀[48;2;255;255;255m▀▀▀[38;2;213;213;222;48;2;238;238;238m▀[38;2;238;238;238;48;2;255;255;255m▀[38;2;255;255;255m▀▀[48;2;238;238;238m▀[38;2;82;82;90;48;2;213;213;222m▀[49m▄[0m
[0m        [38;2;16;16;16;48;2;82;82;90m▀[48;2;255;255;255m▀[49m▄[0m       [38;2;139;139;148m▄[48;2;213;213;222m▀▀[38;2;213;213;222m▀▀▀[38;2;139;139;148m▀[49m▄[0m    [38;2;139;139;148m▄[48;2;213;213;222m▀[38;2;255;255;255;48;2;238;238;238m▀[48;2;255;255;255m▀▀[48;2;255;197;123m▀[38;2;238;123;65;48;2;238;123;65m▀▀[38;2;255;197;123;48;2;255;197;123m▀[38;2;255;255;255;48;2;255;255;255m▀▀▀▀▀[38;2;238;238;238;48;2;238;238;238m▀[38;2;213;213;222;48;2;213;213;222m▀▀[38;2;82;82;90;48;2;82;82;90m▀[0m
[0m        [38;2;82;82;90m▀[38;2;255;255;255;48;2;82;82;90m▀[48;2;255;255;255m▀[38;2;16;16;16;48;2;205;180;123m▀[49m▄[0m    [38;2;139;139;148;48;2;139;139;148m▀[38;2;213;213;222;48;2;213;213;222m▀▀▀[48;2;82;82;90m▀▀[48;2;205;180;123m▀▀[48;2;82;82;90m▀[38;2;139;139;148;48;2;16;16;16m▀▀[38;2;16;16;16;49m▄[38;2;139;139;148m▄[48;2;213;213;222m▀[38;2;213;213;222m▀▀[38;2;238;238;238m▀[38;2;255;197;123;48;2;255;197;123m▀[38;2;238;123;65;48;2;238;123;65m▀[48;2;213;65;16m▀[48;2;238;123;65m▀▀[38;2;255;197;123m▀[38;2;255;255;255;48;2;255;197;123m▀[48;2;255;255;255m▀▀[48;2;238;238;238m▀[48;2;213;213;222m▀[38;2;213;213;222;48;2;82;82;90m▀[38;2;82;82;90;49m▀[0m
[0m         [38;2;82;82;90;48;2;82;82;90m▀[38;2;205;180;123;48;2;205;180;123m▀▀▀[38;2;16;16;16m▀[49m▄[0m [38;2;139;139;148m▄[48;2;213;213;222m▀[38;2;213;213;222m▀[48;2;139;139;148m▀[38;2;139;139;148;48;2;255;255;255m▀[38;2;255;255;255m▀▀[38;2;82;82;90m▀▀[38;2;255;255;255m▀▀▀▀[38;2;16;16;16;48;2;16;16;16m▀[38;2;213;213;222;48;2;213;213;222m▀▀▀[38;2;205;180;123;48;2;205;180;123m▀[38;2;213;65;16;48;2;213;65;16m▀[38;2;238;123;65m▀[38;2;213;65;16;48;2;172;16;0m▀[38;2;238;123;65;48;2;213;65;16m▀▀[48;2;205;180;123m▀[38;2;255;197;123;48;2;213;213;222m▀[38;2;238;238;238m▀[38;2;213;213;222m▀▀▀[38;2;82;82;90;48;2;82;82;90m▀[0m   [38;2;139;139;148m▄▄[38;2;82;82;90;48;2;255;255;255m▀▀[49m▄▄[0m
[0m          [38;2;82;82;90;48;2;82;82;90m▀[38;2;205;180;123;48;2;205;180;123m▀▀▀▀[38;2;16;16;16m▀[38;2;213;213;222;48;2;16;16;16m▀[38;2;82;82;90;48;2;238;123;65m▀[48;2;255;197;123m▀[48;2;255;255;255m▀[48;2;255;197;123m▀[48;2;238;123;65m▀▀▀[38;2;255;255;255;48;2;82;82;90m▀▀▀[48;2;255;255;255m▀▀▀[38;2;16;16;16;48;2;16;16;16m▀[38;2;213;213;222;48;2;213;213;222m▀[38;2;205;180;123;48;2;205;180;123m▀[38;2;213;65;16;48;2;213;65;16m▀▀[48;2;172;16;0m▀[38;2;172;16;0;48;2;213;65;16m▀[38;2;213;65;16m▀▀[38;2;205;180;123;48;2;205;180;123m▀[38;2;213;213;222;48;2;213;213;222m▀▀▀[48;2;139;139;148m▀[38;2;139;139;148;48;2;213;213;222m▀▀▀[49m▄[48;2;255;255;255m▀[38;2;255;255;255m▀▀▀[48;2;238;238;238m▀▀[38;2;238;238;238;48;2;213;213;222m▀[38;2;82;82;90;48;2;82;82;90m▀[0m
[0m           [38;2;82;82;90;48;2;82;82;90m▀[38;2;205;180;123;48;2;205;180;123m▀▀▀[48;2;238;123;65m▀[38;2;238;123;65m▀[48;2;255;197;123m▀[38;2;255;197;123;48;2;255;255;255m▀[38;2;255;255;255m▀[38;2;255;197;123m▀[38;2;238;123;65;48;2;255;197;123m▀[48;2;238;123;65m▀▀▀▀▀[38;2;82;82;90m▀▀[38;2;255;255;255;48;2;82;82;90m▀[48;2;238;238;238m▀[38;2;16;16;16;48;2;213;213;222m▀▀[38;2;213;65;16;48;2;16;16;16m▀[48;2;213;65;16m▀[38;2;172;16;0;48;2;172;16;0m▀[38;2;213;65;16;48;2;213;65;16m▀▀[38;2;205;180;123;48;2;205;180;123m▀[38;2;213;213;222;48;2;213;213;222m▀▀▀[38;2;139;139;148;48;2;139;139;148m▀[38;2;213;213;222;48;2;213;213;222m▀▀▀[48;2;255;255;255m▀[38;2;255;255;255m▀▀▀[48;2;255;197;123m▀▀[38;2;213;213;222;48;2;255;255;255m▀[48;2;238;238;238m▀[48;2;213;213;222m▀[38;2;82;82;90m▀[49m▄▄[0m
[0m          [38;2;139;139;148m▄[48;2;238;123;65m▀[38;2;238;123;65m▀[48;2;255;197;123m▀▀[38;2;255;197;123;48;2;255;255;255m▀▀[38;2;255;255;255m▀[48;2;213;65;16m▀▀[48;2;172;16;0m▀[48;2;255;255;255m▀[38;2;255;197;123m▀▀[38;2;238;123;65;48;2;255;197;123m▀▀[48;2;238;123;65m▀▀▀[38;2;255;197;123;48;2;255;197;123m▀[38;2;82;82;90;48;2;82;82;90m▀[38;2;213;213;222;48;2;213;213;222m▀▀[38;2;16;16;16m▀[38;2;213;65;16;48;2;16;16;16m▀[38;2;172;16;0;48;2;172;16;0m▀[38;2;213;65;16;48;2;213;65;16m▀▀▀[38;2;205;180;123m▀▀[38;2;213;213;222m▀[48;2;205;180;123m▀[48;2;213;213;222m▀▀[48;2;205;180;123m▀[38;2;255;255;255;48;2;255;197;123m▀▀▀[38;2;255;197;123m▀[38;2;238;123;65;48;2;238;123;65m▀▀[38;2;255;197;123;48;2;255;197;123m▀[38;2;255;255;255;48;2;255;255;255m▀[38;2;238;238;238m▀▀▀[38;2;255;255;255m▀[38;2;82;82;90m▀[49m▄[0m
[0m       [38;2;172;16;0m▄[48;2;82;82;90m▀[38;2;82;82;90;48;2;255;255;255m▀[38;2;255;255;255m▀[38;2;255;197;123m▀▀[38;2;255;255;255m▀▀▀[48;2;213;65;16m▀[38;2;213;65;16;48;2;255;197;123m▀[38;2;255;197;123m▀[48;2;238;123;65m▀[38;2;238;123;65m▀[38;2;172;16;0m▀[38;2;255;255;255;48;2;172;16;0m▀[48;2;255;255;255m▀▀▀[38;2;255;197;123m▀▀▀[38;2;255;255;255m▀▀[38;2;82;82;90;48;2;82;82;90m▀[38;2;213;213;222;48;2;213;213;222m▀[48;2;16;16;16m▀[38;2;16;16;16;48;2;172;16;0m▀[38;2;213;65;16;48;2;213;65;16m▀▀▀▀▀▀▀[48;2;172;16;0m▀[38;2;205;180;123m▀▀[38;2;213;65;16;48;2;213;65;16m▀[38;2;238;123;65m▀[48;2;238;123;65m▀▀▀[38;2;255;197;123m▀[48;2;255;197;123m▀[38;2;255;255;255;48;2;255;255;255m▀▀▀[48;2;238;238;238m▀[48;2;213;213;222m▀[38;2;238;238;238m▀[38;2;213;213;222m▀[38;2;82;82;90;48;2;238;238;238m▀[49m▄▄[0m
[0m      [38;2;172;16;0;48;2;16;16;16m▀[38;2;255;197;123;48;2;213;213;222m▀[38;2;139;139;148;48;2;255;255;255m▀[38;2;255;255;255m▀▀▀▀▀▀▀[38;2;213;65;16;48;2;172;16;0m▀[38;2;172;16;0;48;2;65;172;164m▀[48;2;16;16;16m▀[38;2;0;106;98m▀[38;2;213;213;222;48;2;0;106;98m▀[48;2;255;255;255m▀[38;2;172;16;0;48;2;139;139;148m▀[38;2;255;255;255;48;2;255;255;255m▀▀▀▀▀▀▀▀▀[38;2;82;82;90;48;2;82;82;90m▀[38;2;172;16;0;48;2;213;65;16m▀[38;2;213;65;16m▀▀▀▀[48;2;172;16;0m▀▀[38;2;172;16;0;48;2;213;65;16m▀▀[38;2;213;65;16m▀▀▀▀▀▀[38;2;238;123;65m▀▀[48;2;205;180;123m▀[38;2;255;197;123;48;2;213;213;222m▀[38;2;238;238;238m▀[38;2;213;213;222m▀▀▀▀▀[48;2;238;238;238m▀[38;2;255;255;255;48;2;255;255;255m▀▀▀[38;2;82;82;90m▀[49m▄[0m
[0m      [38;2;16;16;16;48;2;16;16;16m▀[38;2;213;213;222;48;2;213;213;222m▀[38;2;255;255;255;48;2;172;82;115m▀▀▀▀▀[48;2;255;255;255m▀▀▀▀[38;2;65;172;164;48;2;139;139;148m▀[38;2;255;255;255;48;2;0;106;98m▀[38;2;16;16;16m▀[38;2;0;106;98;48;2;255;255;255m▀[38;2;255;255;255;48;2;139;139;148m▀[38;2;139;139;148;48;2;213;213;222m▀[38;2;255;255;255;48;2;255;255;255m▀▀[38;2;255;197;123;48;2;255;197;123m▀[48;2;238;123;65m▀▀[38;2;82;82;90m▀[38;2;16;16;16m▀[38;2;213;213;222;48;2;16;16;16m▀▀[38;2;16;16;16m▀[38;2;213;65;16m▀[48;2;213;65;16m▀▀[48;2;172;16;0m▀[38;2;172;16;0;48;2;213;65;16m▀[38;2;213;65;16m▀▀▀[48;2;16;16;16m▀▀▀[48;2;205;180;123m▀▀[38;2;205;180;123;48;2;213;213;222m▀▀▀[38;2;213;213;222m▀▀▀▀▀[48;2;16;16;16m▀▀[48;2;213;213;222m▀[48;2;238;238;238m▀[38;2;255;255;255;48;2;255;255;255m▀[48;2;16;16;16m▀▀[38;2;16;16;16;49m▀▀[0m
[0m     [38;2;82;82;90m▄▄[38;2;16;16;16;48;2;16;16;16m▀[38;2;246;131;139;48;2;246;131;139m▀[48;2;172;16;0m▀▀▀[48;2;246;131;139m▀[38;2;172;82;115m▀[38;2;255;255;255;48;2;172;82;115m▀[48;2;255;255;255m▀▀▀[38;2;139;139;148m▀▀▀[38;2;213;213;222m▀[38;2;255;255;255m▀▀▀[48;2;238;238;238m▀[38;2;238;123;65;48;2;82;82;90m▀[48;2;238;123;65m▀▀▀[48;2;213;65;16m▀[38;2;213;65;16;48;2;238;123;65m▀[48;2;205;180;123m▀[38;2;205;180;123;48;2;238;238;238m▀[38;2;16;16;16;48;2;213;213;222m▀▀[38;2;213;65;16;48;2;16;16;16m▀▀▀[38;2;16;16;16;49m▀▀[0m   [38;2;16;16;16m▀[38;2;213;213;222;48;2;16;16;16m▀▀[48;2;213;213;222m▀▀▀▀▀[48;2;16;16;16m▀[38;2;16;16;16;49m▀[0m  [38;2;16;16;16m▀▀▀[0m
[0m  [38;2;82;82;90m▄[48;2;213;213;222m▀▀[38;2;213;213;222m▀▀[48;2;139;139;148m▀[38;2;16;16;16;48;2;16;16;16m▀[38;2;246;131;139;48;2;246;131;139m▀[38;2;16;16;16m▀[38;2;172;82;115m▀[38;2;172;16;0m▀[38;2;246;131;139;48;2;172;82;115m▀[38;2;172;82;115;48;2;255;255;255m▀[38;2;255;255;255m▀▀▀▀▀▀[48;2;238;238;238m▀▀[48;2;213;213;222m▀[38;2;238;238;238m▀[38;2;213;213;222m▀▀[38;2;82;82;90m▀[38;2;255;197;123;48;2;82;82;90m▀[48;2;255;255;255m▀▀[38;2;213;65;16m▀[38;2;255;255;255;48;2;139;139;148m▀[48;2;213;213;222m▀[38;2;238;238;238;48;2;255;255;255m▀[38;2;213;213;222m▀▀[48;2;238;238;238m▀[38;2;16;16;16;48;2;213;213;222m▀▀[49m▄[0m      [38;2;16;16;16m▀▀▀▀▀[0m
[38;2;139;139;148;49m▄[48;2;255;255;255m▀[38;2;238;238;238m▀▀▀▀[38;2;139;139;148;48;2;139;139;148m▀[38;2;213;213;222;48;2;213;213;222m▀▀[38;2;172;82;115m▀▀[48;2;16;16;16m▀[48;2;213;213;222m▀[38;2;213;213;222m▀▀▀▀▀▀▀▀▀▀▀▀▀▀▀[38;2;82;82;90m▀[38;2;255;255;255;48;2;82;82;90m▀[48;2;255;255;255m▀▀▀[38;2;139;139;148m▀[38;2;213;213;222;48;2;238;238;238m▀[38;2;238;238;238;48;2;213;213;222m▀[38;2;255;255;255;48;2;238;238;238m▀[48;2;255;255;255m▀[38;2;238;238;238m▀[38;2;213;213;222;48;2;238;238;238m▀[48;2;213;213;222m▀[38;2;16;16;16m▀[49m▄[0m
[38;2;139;139;148;48;2;82;82;90m▀[38;2;255;255;255;48;2;255;255;255m▀▀[48;2;82;82;90m▀▀[48;2;255;255;255m▀[38;2;139;139;148m▀[38;2;238;238;238m▀[38;2;213;213;222;48;2;213;213;222m▀▀[38;2;82;82;90;48;2;82;82;90m▀[0m [38;2;16;16;16m▀[38;2;213;213;222;48;2;16;16;16m▀[48;2;213;213;222m▀▀▀▀▀▀▀▀▀▀▀▀▀▀[48;2;16;16;16m▀[38;2;82;82;90;49m▀[38;2;255;255;255;48;2;82;82;90m▀[48;2;255;255;255m▀▀▀[38;2;238;238;238m▀[38;2;213;213;222;48;2;238;238;238m▀[48;2;213;213;222m▀[38;2;238;238;238m▀▀[38;2;213;213;222m▀▀[48;2;16;16;16m▀[38;2;16;16;16;49m▀[0m
[0m [38;2;82;82;90m▀▀[0m  [38;2;82;82;90m▀[38;2;255;255;255;48;2;82;82;90m▀▀[38;2;82;82;90;49m▀▀[0m    [38;2;16;16;16m▀▀[38;2;213;213;222;48;2;16;16;16m▀▀[48;2;213;213;222m▀▀▀▀▀▀[48;2;16;16;16m▀▀[38;2;16;16;16;49m▀▀[0m  [38;2;82;82;90m▀[38;2;255;255;255;48;2;82;82;90m▀[48;2;255;255;255m▀▀▀[38;2;238;238;238m▀[38;2;213;213;222;48;2;238;238;238m▀[48;2;213;213;222m▀▀▀▀[38;2;16;16;16;48;2;16;16;16m▀[0m
[0m                  [38;2;16;16;16m▀▀▀▀▀▀[0m       [38;2;82;82;90;48;2;82;82;90m▀[38;2;255;255;255;48;2;255;255;255m▀[48;2;16;16;16m▀▀[38;2;16;16;16;49m▀▀[38;2;213;213;222;48;2;16;16;16m▀▀▀[38;2;16;16;16;49m▀[0m
[0m                                [38;2;16;16;16m▀[0m
