[0m                               [38;2;139;123;131m▄▄▄[0m              [38;2;139;123;131m▄▄[48;2;246;246;255m▀▀▀▀[49m▄▄[0m
[0m                            [38;2;139;123;131m▄[48;2;222;222;230m▀▀[38;2;222;222;230m▀▀▀[38;2;139;123;131m▀▀[38;2;90;90;98;49m▄[0m        [38;2;139;123;131m▄[48;2;246;246;255m▀▀[38;2;246;246;255m▀▀▀▀▀▀▀▀[38;2;90;90;98m▀[49m▄[0m
[0m                [38;2;139;123;131m▄▄▄▄▄▄▄▄▄[0m  [38;2;139;123;131m▄[48;2;222;222;230m▀[38;2;222;222;230m▀▀[48;2;139;123;131m▀[48;2;222;222;230m▀▀▀▀[38;2;90;90;98m▀[49m▄[0m      [38;2;139;123;131;48;2;139;123;131m▀[38;2;222;222;230m▀[38;2;139;123;131;48;2;82;82;90m▀[38;2;222;222;230;48;2;139;123;131m▀[38;2;246;246;255;48;2;246;246;255m▀▀[38;2;82;82;90;48;2;82;82;90m▀▀[38;2;205;197;197m▀[38;2;246;246;255m▀[48;2;246;246;255m▀▀▀[38;2;90;90;98m▀[49m▄[0m
[0m            [38;2;139;123;131m▄▄[48;2;246;246;255m▀▀[38;2;246;246;255m▀▀▀▀▀▀▀[38;2;222;222;230;48;2;222;222;230m▀▀[38;2;139;123;131m▀▀[38;2;90;90;98m▀▀[38;2;222;222;230;48;2;90;90;98m▀▀[38;2;139;123;131;48;2;139;123;131m▀[38;2;222;222;230;48;2;222;222;230m▀▀▀[38;2;139;123;131;48;2;139;123;131m▀[38;2;222;222;230;48;2;222;222;230m▀[38;2;90;90;98;48;2;90;90;98m▀[0m    [38;2;90;90;98m▄[38;2;139;123;131;48;2;246;246;255m▀[38;2;246;246;255m▀[38;2;222;222;230m▀[38;2;139;123;131m▀[38;2;222;222;230m▀[38;2;246;246;255m▀[38;2;82;82;90;48;2;82;82;90m▀▀[48;2;139;123;131m▀[48;2;246;246;255m▀▀[38;2;246;246;255m▀▀▀▀[38;2;90;90;98;48;2;90;90;98m▀[0m
[0m           [38;2;139;123;131m▀[38;2;246;246;255;48;2;139;123;131m▀[48;2;246;246;255m▀▀▀[38;2;222;222;230m▀[38;2;246;246;255;48;2;139;123;131m▀[48;2;246;246;255m▀▀▀[38;2;139;123;131;48;2;139;123;131m▀[38;2;246;246;255;48;2;246;246;255m▀▀[38;2;222;222;230;48;2;222;222;230m▀▀▀[48;2;139;123;131m▀[48;2;222;222;230m▀▀[48;2;139;123;131m▀[38;2;16;16;16;48;2;222;222;230m▀▀[38;2;222;222;230;48;2;16;16;16m▀[38;2;139;123;131;48;2;139;123;131m▀[38;2;222;222;230;48;2;222;222;230m▀▀[38;2;90;90;98m▀[49m▄[0m  [38;2;90;90;98m▄[48;2;246;246;255m▀[38;2;246;246;255m▀▀[48;2;222;222;230m▀[38;2;222;222;230;48;2;246;246;255m▀[38;2;246;246;255m▀▀▀▀▀▀▀▀▀▀[48;2;90;90;98m▀[38;2;90;90;98;49m▀[0m
[0m             [38;2;139;123;131m▀[38;2;246;246;255;48;2;139;123;131m▀[48;2;246;246;255m▀▀▀[38;2;139;123;131;48;2;139;123;131m▀[38;2;246;246;255;48;2;246;246;255m▀▀▀[38;2;139;123;131;48;2;139;123;131m▀[38;2;246;246;255;48;2;246;246;255m▀[38;2;222;222;230;48;2;222;222;230m▀▀▀[38;2;139;123;131;48;2;139;123;131m▀[38;2;222;222;230;48;2;222;222;230m▀[48;2;139;123;131m▀[38;2;139;123;131;48;2;222;222;230m▀[38;2;222;222;230m▀▀[48;2;139;123;131m▀[38;2;16;16;16;48;2;222;222;230m▀[38;2;222;222;230;48;2;90;90;98m▀[48;2;222;222;230m▀▀[38;2;90;90;98;48;2;90;90;98m▀[0m  [38;2;90;90;98;48;2;90;90;98m▀[38;2;246;246;255;48;2;246;246;255m▀▀[48;2;139;123;131m▀[38;2;222;222;230;48;2;246;246;255m▀[38;2;246;246;255m▀[38;2;139;123;131;48;2;139;123;131m▀[38;2;82;82;90;48;2;82;82;90m▀▀[38;2;139;123;131;48;2;139;123;131m▀[38;2;246;246;255;48;2;246;246;255m▀▀▀▀▀[48;2;90;90;98m▀[38;2;90;90;98;49m▀[0m
[0m              [38;2;139;123;131m▀[38;2;246;246;255;48;2;90;90;98m▀[48;2;246;246;255m▀▀▀[38;2;139;123;131;48;2;139;123;131m▀[38;2;246;246;255;48;2;246;246;255m▀[48;2;16;16;16m▀▀[38;2;139;123;131;48;2;82;82;90m▀[38;2;16;16;16m▀▀[48;2;16;16;16m▀▀▀[38;2;139;123;131m▀[38;2;222;222;230m▀▀[48;2;139;123;131m▀[38;2;139;123;131;48;2;222;222;230m▀[38;2;222;222;230m▀▀[38;2;90;90;98;48;2;90;90;98m▀[38;2;222;222;230;48;2;222;222;230m▀[38;2;90;90;98m▀[49m▄[38;2;16;16;16;48;2;16;16;16m▀[38;2;246;246;255;48;2;246;246;255m▀▀[48;2;139;123;131m▀[38;2;139;123;131;48;2;246;246;255m▀[38;2;246;246;255m▀▀▀[38;2;139;123;131m▀▀[38;2;246;246;255m▀▀▀▀▀[48;2;90;90;98m▀[38;2;90;90;98;49m▀[0m
[0m              [38;2;152;50;33m▄[38;2;90;90;98;48;2;90;90;98m▀[38;2;246;246;255;48;2;246;246;255m▀▀▀[48;2;16;16;16m▀[38;2;16;16;16;48;2;82;82;90m▀[38;2;82;82;90m▀▀▀▀▀▀[38;2;16;16;16m▀[48;2;16;16;16m▀▀▀▀▀▀[38;2;222;222;230m▀▀[38;2;90;90;98;48;2;90;90;98m▀[38;2;222;222;230;48;2;222;222;230m▀▀[38;2;90;90;98;48;2;90;90;98m▀[38;2;16;16;16;48;2;16;16;16m▀[38;2;246;246;255;48;2;246;246;255m▀▀[38;2;139;123;131;48;2;139;123;131m▀[38;2;246;246;255;48;2;246;246;255m▀▀▀[48;2;139;123;131m▀[48;2;222;222;230m▀[48;2;246;246;255m▀▀▀[48;2;222;222;230m▀[38;2;222;222;230;48;2;16;16;16m▀[38;2;90;90;98;49m▀[0m
[0m            [38;2;152;50;33m▄[48;2;246;145;97m▀[38;2;230;115;65m▀[38;2;246;145;97m▀[38;2;90;90;98;48;2;90;90;98m▀[38;2;246;246;255;48;2;152;50;33m▀[38;2;16;16;16;48;2;246;145;97m▀[38;2;82;82;90m▀▀▀[48;2;82;82;90m▀▀▀▀▀▀[38;2;16;16;16;48;2;16;16;16m▀▀▀▀▀▀[48;2;230;115;65m▀▀[48;2;197;65;41m▀[38;2;222;222;230;48;2;16;16;16m▀[48;2;222;222;230m▀[38;2;16;16;16;48;2;16;16;16m▀[38;2;205;197;197;48;2;205;197;197m▀▀[38;2;139;123;131;48;2;139;123;131m▀[38;2;246;246;255;48;2;246;246;255m▀▀[48;2;139;123;131m▀[38;2;139;123;131;48;2;246;246;255m▀[38;2;246;246;255m▀▀▀[48;2;222;222;230m▀[38;2;222;222;230m▀[48;2;90;90;98m▀[38;2;16;16;16;49m▀[0m
[38;2;139;123;131;49m▄▄▄[0m       [38;2;152;50;33m▄[48;2;246;145;97m▀[38;2;246;145;97m▀▀▀▀▀▀▀▀▀▀▀[38;2;82;82;90m▀▀[48;2;82;82;90m▀▀[48;2;16;16;16m▀[38;2;16;16;16m▀[38;2;230;115;65m▀[38;2;16;16;16;48;2;230;115;65m▀▀[48;2;16;16;16m▀▀▀[38;2;230;115;65;48;2;230;115;65m▀[38;2;197;65;41m▀[48;2;197;65;41m▀[38;2;152;50;33m▀[38;2;16;16;16;48;2;152;50;33m▀[38;2;205;197;197;48;2;205;197;197m▀▀[38;2;139;123;131m▀[38;2;246;246;255m▀[48;2;90;90;98m▀[38;2;139;123;131;48;2;222;222;230m▀[38;2;246;246;255m▀▀[38;2;222;222;230m▀▀▀▀[38;2;16;16;16;48;2;16;16;16m▀[0m
[38;2;139;123;131;49m▀[38;2;246;246;255;48;2;139;123;131m▀[48;2;246;246;255m▀[38;2;139;123;131m▀▀▀[49m▄▄▄[38;2;152;50;33;48;2;152;50;33m▀[38;2;230;115;65;48;2;246;145;97m▀[38;2;246;145;97m▀▀▀▀▀▀▀▀▀▀▀▀▀▀▀[38;2;82;82;90m▀[38;2;16;16;16;48;2;16;16;16m▀▀▀▀[38;2;230;115;65;48;2;230;115;65m▀▀▀[48;2;82;82;90m▀[48;2;16;16;16m▀[48;2;230;115;65m▀[38;2;197;65;41;48;2;197;65;41m▀[48;2;16;16;16m▀▀[38;2;152;50;33;48;2;197;65;41m▀[38;2;205;197;197;48;2;16;16;16m▀[48;2;205;197;197m▀[38;2;90;90;98;48;2;90;90;98m▀[38;2;222;222;230;48;2;222;222;230m▀▀▀[48;2;139;123;131m▀▀[48;2;222;222;230m▀▀▀[38;2;16;16;16;48;2;90;90;98m▀[0m
[0m  [38;2;139;123;131m▀[38;2;246;246;255;48;2;139;123;131m▀[48;2;246;246;255m▀▀[48;2;255;220;191m▀[38;2;255;220;191;48;2;246;246;255m▀[48;2;255;220;191m▀[38;2;139;123;131m▀▀▀[38;2;246;145;97;48;2;16;16;16m▀[48;2;246;145;97m▀▀▀▀▀▀▀▀▀▀▀▀[48;2;230;115;65m▀[38;2;230;115;65m▀▀[38;2;16;16;16;48;2;16;16;16m▀▀▀▀[38;2;230;115;65;48;2;230;115;65m▀▀[38;2;82;82;90m▀[38;2;16;16;16;48;2;16;16;16m▀▀[38;2;197;65;41;48;2;197;65;41m▀[38;2;82;82;90m▀▀[38;2;197;65;41m▀[38;2;16;16;16m▀[38;2;205;197;197;48;2;16;16;16m▀[38;2;90;90;98;48;2;222;222;230m▀[38;2;222;222;230m▀▀▀[38;2;82;82;90m▀▀[38;2;222;222;230m▀▀▀▀[38;2;90;90;98;48;2;90;90;98m▀[0m
[0m    [38;2;139;123;131m▀[38;2;246;246;255;48;2;90;90;98m▀[48;2;255;220;191m▀[38;2;255;220;191m▀[38;2;246;246;255m▀[38;2;255;220;191m▀▀▀▀[38;2;16;16;16;48;2;16;16;16m▀[38;2;246;145;97;48;2;230;115;65m▀[48;2;246;145;97m▀▀▀[48;2;197;65;41m▀[38;2;230;115;65;48;2;246;246;255m▀[38;2;197;65;41m▀▀▀[38;2;230;115;65;48;2;197;65;41m▀[48;2;230;115;65m▀▀▀▀▀[38;2;16;16;16;48;2;16;16;16m▀▀▀▀[38;2;230;115;65;48;2;230;115;65m▀▀[38;2;82;82;90m▀▀[38;2;197;65;41;48;2;197;65;41m▀[48;2;16;16;16m▀▀[48;2;197;65;41m▀▀[38;2;16;16;16m▀[38;2;222;222;230;48;2;152;50;33m▀[48;2;222;222;230m▀▀▀▀▀[38;2;139;123;131;48;2;82;82;90m▀[38;2;82;82;90m▀[48;2;139;123;131m▀[38;2;222;222;230;48;2;222;222;230m▀▀[38;2;90;90;98m▀[49m▄[0m
[0m      [38;2;90;90;98;48;2;152;50;33m▀[38;2;255;220;191;48;2;16;16;16m▀[48;2;255;220;191m▀▀▀▀▀[38;2;16;16;16;48;2;16;16;16m▀[38;2;230;115;65;48;2;230;115;65m▀▀▀[38;2;197;65;41;48;2;246;246;255m▀[38;2;246;246;255;48;2;82;82;90m▀[38;2;82;82;90;48;2;246;246;255m▀[38;2;16;16;16m▀[48;2;16;16;16m▀[38;2;82;82;90m▀[38;2;246;246;255;48;2;82;82;90m▀[38;2;197;65;41;48;2;246;246;255m▀[38;2;230;115;65;48;2;197;65;41m▀[48;2;230;115;65m▀▀▀[38;2;16;16;16m▀[48;2;16;16;16m▀▀▀[38;2;230;115;65;48;2;230;115;65m▀▀▀▀[38;2;82;82;90;48;2;82;82;90m▀[38;2;16;16;16;48;2;16;16;16m▀▀▀[38;2;197;65;41;48;2;197;65;41m▀▀[38;2;16;16;16;48;2;16;16;16m▀[38;2;139;123;131;48;2;246;246;255m▀▀▀▀[38;2;222;222;230;48;2;139;123;131m▀▀[48;2;222;222;230m▀▀▀▀▀▀[38;2;90;90;98;48;2;90;90;98m▀[0m
[0m      [38;2;16;16;16;48;2;16;16;16m▀[38;2;230;115;65;48;2;230;115;65m▀[38;2;16;16;16m▀[38;2;255;220;191;48;2;16;16;16m▀▀▀[38;2;16;16;16;48;2;230;115;65m▀[38;2;230;115;65m▀▀▀[38;2;197;65;41;48;2;197;65;41m▀[38;2;246;246;255;48;2;246;246;255m▀[38;2;16;16;16;48;2;16;16;16m▀[38;2;246;246;255m▀▀[38;2;16;16;16;48;2;82;82;90m▀▀[48;2;16;16;16m▀[38;2;246;246;255;48;2;246;246;255m▀[38;2;152;50;33;48;2;152;50;33m▀[38;2;230;115;65;48;2;230;115;65m▀▀▀▀[38;2;16;16;16;48;2;16;16;16m▀▀▀[38;2;230;115;65;48;2;230;115;65m▀▀▀[38;2;197;65;41;48;2;197;65;41m▀▀[38;2;82;82;90m▀[38;2;16;16;16;48;2;82;82;90m▀▀[38;2;197;65;41;48;2;197;65;41m▀▀[38;2;16;16;16;48;2;152;50;33m▀[38;2;246;246;255;48;2;246;246;255m▀▀▀▀▀▀[48;2;82;82;90m▀▀[38;2;222;222;230;48;2;246;246;255m▀[48;2;222;222;230m▀▀▀▀[38;2;90;90;98;48;2;16;16;16m▀[0m
[0m      [38;2;16;16;16;48;2;16;16;16m▀[38;2;230;115;65;48;2;230;115;65m▀▀▀▀▀▀▀▀▀[38;2;197;65;41m▀[38;2;246;246;255;48;2;152;50;33m▀[38;2;82;82;90;48;2;246;246;255m▀[38;2;16;16;16;48;2;82;82;90m▀[48;2;16;16;16m▀[38;2;82;82;90m▀[38;2;16;16;16;48;2;82;82;90m▀[38;2;82;82;90;48;2;246;246;255m▀[38;2;246;246;255;48;2;152;50;33m▀[38;2;152;50;33;48;2;230;115;65m▀[38;2;230;115;65m▀[38;2;82;82;90;48;2;16;16;16m▀[38;2;230;115;65;48;2;230;115;65m▀▀[38;2;16;16;16;48;2;16;16;16m▀▀▀[38;2;230;115;65;48;2;230;115;65m▀▀[48;2;197;65;41m▀[38;2;197;65;41m▀▀▀▀▀▀[38;2;16;16;16;48;2;16;16;16m▀[38;2;246;246;255;48;2;222;222;230m▀[48;2;246;246;255m▀▀▀▀▀▀[38;2;139;123;131m▀[38;2;82;82;90m▀▀[38;2;246;246;255m▀[38;2;222;222;230m▀[48;2;222;222;230m▀[48;2;90;90;98m▀[38;2;90;90;98;49m▀[0m
[0m     [38;2;152;50;33m▄[38;2;197;65;41;48;2;246;145;97m▀[48;2;255;220;191m▀▀▀[48;2;246;145;97m▀▀[38;2;230;115;65;48;2;197;65;41m▀[48;2;230;115;65m▀▀▀▀▀[38;2;152;50;33m▀[38;2;246;246;255;48;2;152;50;33m▀▀▀▀[38;2;152;50;33;48;2;230;115;65m▀[38;2;230;115;65m▀[48;2;82;82;90m▀[38;2;16;16;16;48;2;16;16;16m▀[48;2;82;82;90m▀[38;2;230;115;65;48;2;230;115;65m▀▀[38;2;16;16;16;48;2;16;16;16m▀▀[48;2;230;115;65m▀[38;2;230;115;65m▀[48;2;197;65;41m▀[38;2;197;65;41m▀▀▀▀▀▀[48;2;16;16;16m▀[38;2;16;16;16;48;2;222;222;230m▀[38;2;222;222;230m▀▀[38;2;246;246;255;48;2;246;246;255m▀[48;2;90;90;98m▀[38;2;16;16;16;49m▀▀▀[38;2;246;246;255;48;2;16;16;16m▀▀[48;2;246;246;255m▀▀[48;2;16;16;16m▀[38;2;222;222;230m▀[38;2;16;16;16;49m▀[0m
[0m     [38;2;16;16;16;48;2;16;16;16m▀[38;2;246;145;97;48;2;152;50;33m▀[38;2;152;50;33;48;2;246;246;255m▀[48;2;246;145;97m▀▀[48;2;246;246;255m▀[38;2;246;145;97;48;2;152;50;33m▀▀[38;2;16;16;16;48;2;16;16;16m▀[38;2;230;115;65;48;2;246;246;255m▀[48;2;230;115;65m▀▀▀▀▀▀▀[48;2;82;82;90m▀[48;2;16;16;16m▀[38;2;16;16;16m▀[48;2;82;82;90m▀[48;2;230;115;65m▀[38;2;230;115;65;48;2;16;16;16m▀[48;2;230;115;65m▀[38;2;16;16;16;48;2;16;16;16m▀▀[48;2;197;65;41m▀[38;2;230;115;65m▀[38;2;197;65;41;48;2;222;222;230m▀▀[48;2;90;90;98m▀▀[48;2;197;65;41m▀▀▀[48;2;16;16;16m▀[38;2;16;16;16;48;2;222;222;230m▀[38;2;222;222;230m▀[48;2;82;82;90m▀▀[48;2;222;222;230m▀[38;2;16;16;16;48;2;16;16;16m▀[0m     [38;2;16;16;16m▀▀[0m
[0m      [38;2;16;16;16m▀[38;2;246;145;97;48;2;16;16;16m▀▀▀▀▀[38;2;16;16;16;48;2;246;246;255m▀[38;2;246;246;255m▀▀▀▀[38;2;230;115;65m▀[48;2;230;115;65m▀▀▀▀▀[48;2;197;65;41m▀[48;2;82;82;90m▀[48;2;16;16;16m▀[38;2;16;16;16m▀[48;2;197;65;41m▀[38;2;197;65;41m▀[38;2;16;16;16;48;2;16;16;16m▀[48;2;197;65;41m▀[38;2;197;65;41m▀[38;2;222;222;230;48;2;222;222;230m▀[38;2;246;246;255;48;2;246;246;255m▀[48;2;222;222;230m▀[48;2;139;123;131m▀[48;2;246;246;255m▀[38;2;16;16;16m▀▀[38;2;197;65;41;48;2;16;16;16m▀[38;2;16;16;16m▀[38;2;222;222;230;48;2;222;222;230m▀▀[38;2;82;82;90m▀[48;2;82;82;90m▀▀[38;2;222;222;230;48;2;222;222;230m▀[38;2;16;16;16m▀[38;2;90;90;98;49m▄[0m
[0m        [38;2;16;16;16m▀[38;2;246;246;255;48;2;16;16;16m▀[48;2;222;222;230m▀▀▀▀▀▀▀▀[38;2;230;115;65m▀[38;2;197;65;41;48;2;230;115;65m▀[48;2;197;65;41m▀▀▀▀▀▀▀▀▀▀▀▀[38;2;90;90;98;48;2;16;16;16m▀[38;2;246;246;255;48;2;246;246;255m▀▀[38;2;222;222;230m▀[38;2;139;123;131;48;2;139;123;131m▀[38;2;246;246;255;48;2;222;222;230m▀[48;2;246;246;255m▀[48;2;139;123;131m▀▀[38;2;16;16;16;48;2;246;246;255m▀▀[38;2;222;222;230;48;2;16;16;16m▀[48;2;222;222;230m▀[38;2;139;123;131m▀[38;2;222;222;230;48;2;82;82;90m▀▀▀[38;2;90;90;98;48;2;222;222;230m▀[49m▄[0m
[0m      [38;2;139;123;131m▄▄[48;2;222;222;230m▀[38;2;222;222;230m▀[38;2;16;16;16;48;2;139;123;131m▀[38;2;222;222;230;48;2;16;16;16m▀▀[48;2;222;222;230m▀▀▀▀▀▀▀[38;2;230;115;65m▀[38;2;197;65;41;48;2;230;115;65m▀[48;2;197;65;41m▀▀▀▀▀▀▀▀▀▀[38;2;16;16;16;48;2;16;16;16m▀[38;2;246;246;255;48;2;246;246;255m▀▀▀[38;2;222;222;230;48;2;222;222;230m▀[38;2;139;123;131;48;2;139;123;131m▀[38;2;246;246;255;48;2;246;246;255m▀[38;2;82;82;90;48;2;222;222;230m▀[48;2;246;246;255m▀[38;2;246;246;255m▀▀▀[38;2;16;16;16;48;2;16;16;16m▀[38;2;222;222;230;48;2;222;222;230m▀[38;2;139;123;131m▀[38;2;82;82;90m▀[38;2;139;123;131m▀[38;2;222;222;230m▀[38;2;90;90;98;48;2;90;90;98m▀[0m
[0m    [38;2;139;123;131m▄[48;2;222;222;230m▀[38;2;222;222;230m▀▀[48;2;139;123;131m▀[38;2;139;123;131;48;2;222;222;230m▀[38;2;222;222;230m▀▀[38;2;139;123;131;48;2;139;123;131m▀[38;2;16;16;16;48;2;246;246;255m▀[48;2;222;222;230m▀[38;2;222;222;230;48;2;16;16;16m▀▀▀[48;2;222;222;230m▀▀[48;2;230;115;65m▀[38;2;230;115;65;48;2;197;65;41m▀[38;2;197;65;41m▀▀▀▀▀[48;2;16;16;16m▀▀▀[38;2;16;16;16;49m▀[48;2;16;16;16m▀[48;2;222;222;230m▀[38;2;246;246;255;48;2;246;246;255m▀▀[48;2;222;222;230m▀[38;2;222;222;230m▀▀▀[38;2;246;246;255m▀[38;2;222;222;230;48;2;246;246;255m▀[38;2;246;246;255;48;2;16;16;16m▀[38;2;16;16;16;48;2;222;222;230m▀[48;2;139;123;131m▀[38;2;222;222;230;48;2;222;222;230m▀▀[38;2;139;123;131m▀[38;2;222;222;230;48;2;139;123;131m▀[48;2;222;222;230m▀[38;2;90;90;98;48;2;90;90;98m▀[0m
[0m    [38;2;139;123;131;48;2;139;123;131m▀[38;2;222;222;230;48;2;222;222;230m▀▀▀[38;2;139;123;131m▀[38;2;222;222;230m▀[48;2;16;16;16m▀▀[38;2;246;246;255;48;2;222;222;230m▀[38;2;222;222;230;48;2;246;246;255m▀[38;2;246;246;255;48;2;16;16;16m▀[38;2;90;90;98;49m▀[0m  [38;2;16;16;16m▀▀▀▀▀▀▀▀▀[0m   [38;2;90;90;98m▄[48;2;222;222;230m▀[38;2;246;246;255;48;2;246;246;255m▀▀▀[38;2;222;222;230;48;2;222;222;230m▀[38;2;82;82;90;48;2;139;123;131m▀[48;2;82;82;90m▀[38;2;222;222;230;48;2;222;222;230m▀▀[38;2;16;16;16;48;2;16;16;16m▀[38;2;222;222;230m▀▀[48;2;222;222;230m▀[38;2;139;123;131;48;2;139;123;131m▀[38;2;222;222;230;48;2;222;222;230m▀[48;2;16;16;16m▀▀[38;2;16;16;16;49m▀[0m
[0m     [38;2;90;90;98m▀▀[38;2;222;222;230;48;2;90;90;98m▀▀[38;2;90;90;98;49m▀[0m  [38;2;16;16;16m▀▀[0m               [38;2;90;90;98m▄[48;2;222;222;230m▀[38;2;222;222;230m▀[38;2;246;246;255m▀▀[48;2;16;16;16m▀[38;2;222;222;230m▀[48;2;222;222;230m▀▀▀[48;2;16;16;16m▀[38;2;16;16;16;49m▀[0m  [38;2;16;16;16m▀▀▀[0m
[0m                              [38;2;16;16;16m▀[38;2;222;222;230;48;2;16;16;16m▀▀[38;2;16;16;16;49m▀[0m  [38;2;16;16;16m▀▀▀[0m
