[0m                      [38;2;94;57;49m▄[48;2;222;180;98m▀[48;2;156;106;57m▀[38;2;0;0;0;49m▄[0m
[0m                    [38;2;123;82;57m▄[48;2;222;180;98m▀[38;2;222;180;98m▀[38;2;123;82;57;48;2;123;82;57m▀[38;2;156;106;57;48;2;156;106;57m▀[38;2;0;0;0;48;2;0;0;0m▀[0m
[0m                  [38;2;123;82;57m▄[48;2;156;106;57m▀[38;2;156;106;57;48;2;222;180;98m▀[38;2;222;180;98m▀[38;2;123;82;57;48;2;123;82;57m▀[38;2;156;106;57;48;2;156;106;57m▀▀[38;2;94;57;49;48;2;94;57;49m▀[0m
[0m                 [38;2;94;57;49m▄[38;2;156;106;57;48;2;222;180;98m▀[38;2;222;180;98;48;2;213;156;82m▀▀[38;2;213;156;82;48;2;123;82;57m▀[38;2;123;82;57;48;2;156;106;57m▀[38;2;156;106;57m▀▀▀[38;2;0;0;0;48;2;0;0;0m▀[0m
[0m  [38;2;123;82;57m▄[38;2;156;106;57;48;2;213;156;82m▀[48;2;222;180;98m▀▀▀[49m▄[38;2;123;82;57m▄▄[0m    [38;2;131;106;65m▄[38;2;0;0;0m▄[38;2;94;57;49;48;2;156;106;57m▀[38;2;213;156;82;48;2;213;156;82m▀▀▀[48;2;123;82;57m▀[38;2;123;82;57;48;2;156;106;57m▀[38;2;156;106;57m▀▀▀▀[38;2;0;0;0;48;2;94;57;49m▀[0m
[0m  [38;2;94;57;49m▀[38;2;213;156;82;48;2;123;82;57m▀[38;2;156;106;57;48;2;213;156;82m▀[38;2;222;180;98;48;2;156;106;57m▀[48;2;123;82;57m▀[48;2;222;180;98m▀▀▀[38;2;156;106;57m▀[38;2;123;82;57m▀[38;2;94;57;49;48;2;156;106;57m▀[38;2;131;106;65;48;2;131;106;65m▀[38;2;238;222;49;48;2;205;148;41m▀[38;2;255;246;164;48;2;255;246;164m▀[38;2;0;0;0;48;2;205;148;41m▀[38;2;213;156;82;48;2;0;0;0m▀▀▀[38;2;123;82;57;48;2;94;57;49m▀[38;2;156;106;57;48;2;156;106;57m▀▀▀▀[48;2;94;57;49m▀▀[38;2;0;0;0;48;2;0;0;0m▀[0m
[0m   [38;2;0;0;0m▀[38;2;213;156;82;48;2;94;57;49m▀[48;2;213;156;82m▀▀[38;2;123;82;57m▀[38;2;222;180;98;48;2;156;106;57m▀[48;2;123;82;57m▀[48;2;222;180;98m▀[48;2;94;57;49m▀[38;2;94;57;49;48;2;238;222;49m▀[38;2;131;106;65;48;2;131;106;65m▀[38;2;205;148;41;48;2;205;148;41m▀[38;2;238;222;49m▀[38;2;255;246;164;48;2;255;246;164m▀[38;2;131;106;65m▀[38;2;205;148;41;48;2;205;148;41m▀[48;2;238;222;49m▀▀[38;2;94;57;49m▀[38;2;0;0;0;48;2;94;57;49m▀[38;2;94;57;49;48;2;255;246;164m▀[38;2;131;106;65m▀[38;2;238;222;49;48;2;238;222;49m▀[48;2;205;148;41m▀[38;2;0;0;0;48;2;0;0;0m▀[49m▄[38;2;94;57;49m▄[0m
[0m    [38;2;0;0;0m▀[38;2;156;106;57;48;2;0;0;0m▀[38;2;213;156;82;48;2;213;156;82m▀▀▀[48;2;131;106;65m▀[38;2;156;106;57;48;2;94;57;49m▀[38;2;238;222;49;48;2;238;222;49m▀▀[48;2;131;106;65m▀[38;2;94;57;49;48;2;255;246;164m▀[38;2;205;148;41m▀[38;2;255;246;164;48;2;205;148;41m▀[48;2;131;106;65m▀▀[38;2;238;222;49m▀[48;2;238;222;49m▀[38;2;255;246;164m▀[48;2;205;148;41m▀[38;2;238;222;49m▀[38;2;205;148;41m▀▀[38;2;0;0;0;48;2;238;222;49m▀[38;2;156;106;57;48;2;0;0;0m▀[48;2;156;106;57m▀[38;2;213;156;82;48;2;213;156;82m▀[38;2;156;106;57m▀[38;2;123;82;57m▀▀▀▀[38;2;156;106;57;49m▄[38;2;123;82;57m▄▄▄[0m
[0m      [38;2;94;57;49;48;2;0;0;0m▀[38;2;213;156;82;48;2;213;156;82m▀[38;2;94;57;49;48;2;0;0;0m▀[38;2;205;148;41;48;2;238;222;49m▀▀[38;2;131;106;65m▀[48;2;255;246;164m▀[38;2;255;246;164m▀[38;2;238;222;49;48;2;172;32;16m▀[38;2;172;32;16;48;2;246;197;189m▀[38;2;246;197;189;48;2;255;255;255m▀▀[38;2;172;32;16;48;2;246;197;189m▀[48;2;172;32;16m▀[38;2;123;82;57m▀[38;2;238;222;49;48;2;94;57;49m▀[48;2;238;222;49m▀[38;2;131;106;65;48;2;131;106;65m▀[38;2;205;148;41;48;2;238;222;49m▀[38;2;238;222;49m▀▀[38;2;94;57;49m▀[38;2;156;106;57;48;2;0;0;0m▀[48;2;156;106;57m▀[38;2;213;156;82;48;2;213;156;82m▀▀[48;2;156;106;57m▀[48;2;123;82;57m▀[48;2;94;57;49m▀▀▀▀[48;2;123;82;57m▀[38;2;94;57;49;48;2;0;0;0m▀[0m
[0m       [38;2;0;0;0;48;2;0;0;0m▀[38;2;94;57;49;48;2;213;156;82m▀[38;2;238;222;49;48;2;94;57;49m▀[48;2;205;148;41m▀[38;2;131;106;65;48;2;131;106;65m▀[38;2;255;246;164;48;2;255;246;164m▀[38;2;131;106;65;48;2;172;32;16m▀[38;2;172;32;16m▀[38;2;246;197;189;48;2;246;65;65m▀[38;2;255;255;255;48;2;246;197;189m▀▀[38;2;246;197;189;48;2;246;65;65m▀[38;2;172;32;16;48;2;172;32;16m▀▀▀[38;2;131;106;65;48;2;131;106;65m▀[38;2;238;222;49;48;2;238;222;49m▀[38;2;94;57;49;48;2;131;106;65m▀[38;2;238;222;49m▀[48;2;238;222;49m▀▀[38;2;94;57;49;48;2;0;0;0m▀[38;2;123;82;57;48;2;94;57;49m▀[38;2;94;57;49;48;2;156;106;57m▀▀▀[38;2;156;106;57m▀▀▀[48;2;94;57;49m▀[38;2;123;82;57;48;2;0;0;0m▀[38;2;0;0;0;49m▀[0m
[0m       [38;2;123;82;57m▄[38;2;0;0;0;48;2;0;0;0m▀[38;2;94;57;49;48;2;205;148;41m▀[38;2;205;148;41;48;2;238;222;49m▀[38;2;131;106;65;48;2;205;148;41m▀[38;2;255;246;164;48;2;238;222;49m▀[38;2;94;57;49;48;2;94;57;49m▀[38;2;172;32;16;48;2;172;32;16m▀▀[38;2;246;65;65;48;2;246;65;65m▀[48;2;246;197;189m▀[48;2;246;65;65m▀▀[38;2;172;32;16;48;2;172;32;16m▀[48;2;94;57;49m▀[38;2;131;106;65;48;2;205;148;41m▀[38;2;238;222;49m▀[48;2;238;222;49m▀▀[38;2;131;106;65m▀[38;2;94;57;49;48;2;205;148;41m▀[48;2;131;106;65m▀[38;2;156;106;57;48;2;94;57;49m▀[48;2;156;106;57m▀▀▀[48;2;123;82;57m▀[38;2;123;82;57;48;2;0;0;0m▀[38;2;0;0;0;49m▀[0m
[0m      [38;2;123;82;57m▄[48;2;222;180;98m▀[38;2;0;0;0;48;2;0;0;0m▀[38;2;238;222;49;48;2;205;148;41m▀[48;2;238;222;49m▀[48;2;131;106;65m▀[38;2;205;148;41;48;2;238;222;49m▀[38;2;238;222;49m▀[38;2;94;57;49;48;2;205;148;41m▀[38;2;172;32;16;48;2;94;57;49m▀[48;2;172;32;16m▀[38;2;246;65;65m▀▀[38;2;172;32;16;48;2;94;57;49m▀[48;2;131;106;65m▀[38;2;131;106;65;48;2;205;148;41m▀[38;2;205;148;41;48;2;131;106;65m▀[38;2;131;106;65;48;2;205;148;41m▀▀[48;2;131;106;65m▀[38;2;205;148;41m▀[48;2;0;0;0m▀[48;2;205;148;41m▀[38;2;0;0;0;48;2;0;0;0m▀[38;2;156;106;57;48;2;156;106;57m▀[48;2;0;0;0m▀[38;2;94;57;49;49m▀[38;2;0;0;0m▀[0m
[0m     [38;2;123;82;57m▄[48;2;222;180;98m▀[38;2;222;180;98m▀▀[38;2;0;0;0;48;2;94;57;49m▀[38;2;131;106;65;48;2;255;246;164m▀[38;2;255;246;164;48;2;238;222;49m▀[38;2;238;222;49;48;2;205;148;41m▀[38;2;205;148;41m▀[48;2;131;106;65m▀▀[38;2;131;106;65;48;2;205;148;41m▀▀▀[38;2;205;148;41m▀▀[38;2;0;0;0;48;2;94;57;49m▀[38;2;205;148;41;48;2;205;148;41m▀▀▀[48;2;131;106;65m▀[48;2;205;148;41m▀[38;2;131;106;65m▀[38;2;0;0;0m▀[38;2;123;82;57;48;2;94;57;49m▀[38;2;0;0;0;48;2;0;0;0m▀[0m
[0m    [38;2;123;82;57;48;2;156;106;57m▀[38;2;213;156;82;48;2;213;156;82m▀[38;2;222;180;98;48;2;222;180;98m▀▀[38;2;94;57;49;48;2;0;0;0m▀[38;2;238;222;49;48;2;205;148;41m▀[48;2;238;222;49m▀[48;2;205;148;41m▀[38;2;205;148;41;48;2;131;106;65m▀[38;2;131;106;65m▀▀[38;2;205;148;41;48;2;205;148;41m▀[38;2;131;106;65m▀[38;2;94;57;49m▀[48;2;131;106;65m▀[38;2;205;148;41;48;2;94;57;49m▀[38;2;238;222;49;48;2;238;222;49m▀[38;2;205;148;41m▀[38;2;0;0;0;48;2;94;57;49m▀[38;2;205;148;41m▀[38;2;0;0;0;48;2;156;106;57m▀[38;2;94;57;49;48;2;123;82;57m▀[38;2;131;106;65;48;2;0;0;0m▀[38;2;205;148;41;48;2;94;57;49m▀[48;2;205;148;41m▀[48;2;94;57;49m▀[38;2;0;0;0;49m▀[0m
[0m  [38;2;123;82;57m▄[48;2;213;156;82m▀[38;2;213;156;82m▀▀[48;2;123;82;57m▀[38;2;123;82;57;48;2;156;106;57m▀▀[38;2;0;0;0m▀[38;2;205;148;41;48;2;0;0;0m▀[38;2;0;0;0;48;2;94;57;49m▀[48;2;123;82;57m▀[38;2;131;106;65;48;2;0;0;0m▀[38;2;205;148;41;48;2;205;148;41m▀▀▀[48;2;131;106;65m▀[48;2;94;57;49m▀[38;2;131;106;65;48;2;0;0;0m▀[38;2;205;148;41;48;2;131;106;65m▀[38;2;238;222;49;48;2;205;148;41m▀[38;2;205;148;41m▀[38;2;0;0;0;48;2;0;0;0m▀[38;2;131;106;65;48;2;156;106;57m▀[38;2;156;106;57m▀[38;2;123;82;57m▀[38;2;0;0;0;48;2;123;82;57m▀[38;2;131;106;65;48;2;0;0;0m▀[38;2;0;0;0;49m▀[0m
[0m [38;2;123;82;57m▄[38;2;156;106;57;48;2;213;156;82m▀[38;2;213;156;82m▀[48;2;123;82;57m▀[38;2;123;82;57;48;2;156;106;57m▀[38;2;156;106;57m▀▀▀▀▀[38;2;123;82;57m▀[48;2;123;82;57m▀[38;2;0;0;0;48;2;0;0;0m▀[38;2;205;148;41;48;2;205;148;41m▀▀▀[38;2;94;57;49;48;2;0;0;0m▀[38;2;123;82;57;48;2;156;106;57m▀[38;2;156;106;57m▀[38;2;0;0;0m▀[38;2;131;106;65;48;2;0;0;0m▀▀[38;2;0;0;0;48;2;123;82;57m▀[38;2;156;106;57;48;2;156;106;57m▀▀▀[38;2;123;82;57;48;2;123;82;57m▀[38;2;0;0;0;48;2;0;0;0m▀[0m
[38;2;94;57;49;48;2;94;57;49m▀[38;2;156;106;57;48;2;213;156;82m▀[38;2;213;156;82;48;2;156;106;57m▀[38;2;123;82;57m▀[38;2;156;106;57m▀[48;2;0;0;0m▀▀▀▀[38;2;0;0;0;49m▀▀▀▀[48;2;0;0;0m▀[38;2;131;106;65m▀[38;2;205;148;41;48;2;131;106;65m▀▀[38;2;0;0;0;48;2;0;0;0m▀[38;2;156;106;57;48;2;156;106;57m▀▀[48;2;213;156;82m▀[38;2;213;156;82m▀▀[38;2;123;82;57m▀[38;2;156;106;57;48;2;123;82;57m▀[48;2;156;106;57m▀▀[38;2;123;82;57;48;2;94;57;49m▀[38;2;0;0;0;49m▀[0m
[0m [38;2;0;0;0m▀▀▀▀[0m          [38;2;0;0;0m▀▀▀[38;2;156;106;57;48;2;0;0;0m▀[38;2;213;156;82;48;2;213;156;82m▀▀▀▀▀[38;2;123;82;57;48;2;123;82;57m▀[38;2;156;106;57;48;2;156;106;57m▀▀[38;2;0;0;0;48;2;0;0;0m▀[0m
[0m                   [38;2;0;0;0m▀[38;2;213;156;82;48;2;94;57;49m▀[48;2;213;156;82m▀▀▀[38;2;156;106;57m▀[48;2;123;82;57m▀[48;2;156;106;57m▀[38;2;0;0;0;48;2;0;0;0m▀[0m
[0m                     [38;2;94;57;49;48;2;0;0;0m▀[38;2;213;156;82;48;2;123;82;57m▀[48;2;213;156;82m▀▀[38;2;123;82;57;48;2;156;106;57m▀[38;2;156;106;57m▀[38;2;0;0;0;48;2;0;0;0m▀[0m
[0m                      [38;2;0;0;0m▀[38;2;156;106;57;48;2;0;0;0m▀[38;2;213;156;82;48;2;156;106;57m▀[48;2;213;156;82m▀[38;2;156;106;57;48;2;156;106;57m▀[38;2;0;0;0;48;2;0;0;0m▀[0m
[0m                        [38;2;0;0;0m▀[38;2;156;106;57;48;2;0;0;0m▀▀[38;2;0;0;0;49m▀[0m
