[0m              [38;2;16;49;74m▄▄[48;2;98;139;189m▀▀[38;2;16;74;115m▀▀[49m▄[0m
[0m            [38;2;16;49;74m▄[48;2;16;74;115m▀[38;2;16;74;115;48;2;16;49;74m▀[48;2;16;74;115m▀▀▀[38;2;98;139;189m▀[48;2;98;139;189m▀[38;2;16;49;74m▀[49m▄[0m                [38;2;16;49;74m▄▄▄▄[0m
[0m            [38;2;16;49;74m▀▀[0m [38;2;16;49;74;48;2;16;16;16m▀[38;2;16;74;115;48;2;16;74;115m▀[48;2;16;16;16m▀[48;2;16;74;115m▀▀[38;2;98;139;189m▀[38;2;16;74;115;48;2;98;139;189m▀[38;2;16;16;16;48;2;16;74;115m▀[49m▄[0m [38;2;106;57;49m▄▄▄▄▄▄▄[0m   [38;2;16;49;74m▄▄[48;2;98;139;189m▀[38;2;98;139;189m▀▀▀▀[38;2;16;49;74m▀[49m▄[0m
[0m                [38;2;16;16;16m▀[48;2;16;16;16m▀[38;2;16;74;115;48;2;16;74;115m▀▀▀▀[48;2;106;57;49m▀[38;2;106;57;49;48;2;255;254;254m▀▀[38;2;255;254;254m▀▀[38;2;255;205;205m▀[48;2;255;205;205m▀▀▀▀[38;2;16;49;74;48;2;16;74;115m▀[48;2;98;139;189m▀▀[38;2;98;139;189m▀▀[48;2;16;74;115m▀▀[38;2;16;74;115m▀▀[38;2;98;139;189m▀[48;2;98;139;189m▀▀[38;2;16;16;16m▀▀[49m▄[0m
[0m                 [38;2;16;49;74m▀[38;2;16;74;115;48;2;16;16;16m▀[48;2;16;74;115m▀[48;2;106;57;49m▀[38;2;106;57;49;48;2;255;205;205m▀[38;2;255;205;205m▀[38;2;255;254;254m▀[48;2;255;254;254m▀[38;2;255;205;205m▀[38;2;255;254;254m▀[48;2;255;205;205m▀[38;2;255;205;205m▀▀▀[38;2;16;49;74;48;2;16;16;16m▀[38;2;16;74;115;48;2;16;74;115m▀▀▀▀▀▀▀▀▀▀[48;2;16;16;16m▀[48;2;16;49;74m▀[48;2;16;16;16m▀▀[38;2;16;16;16m▀[0m
[0m                   [38;2;106;57;49;48;2;16;16;16m▀[38;2;255;205;205;48;2;255;205;205m▀[48;2;255;254;254m▀[38;2;106;57;49m▀[38;2;222;164;164;48;2;106;57;49m▀[38;2;255;205;205;48;2;255;205;205m▀▀▀▀[48;2;106;57;49m▀[48;2;222;164;164m▀[48;2;255;205;205m▀[38;2;16;16;16m▀[38;2;16;74;115;48;2;16;49;74m▀[48;2;16;74;115m▀▀▀[48;2;16;16;16m▀▀[48;2;16;74;115m▀[38;2;16;16;16;48;2;16;16;16m▀[49m▀[38;2;16;74;115;48;2;16;49;74m▀[38;2;16;16;16;48;2;16;16;16m▀[0m
[0m                  [38;2;106;57;49;48;2;16;16;16m▀[38;2;255;205;205;48;2;255;205;205m▀▀[38;2;16;16;16;48;2;16;16;16m▀[38;2;255;254;254;48;2;255;254;254m▀[38;2;106;57;49;48;2;106;57;49m▀[38;2;255;205;205;48;2;255;205;205m▀▀▀[38;2;255;254;254;48;2;16;16;16m▀[48;2;255;254;254m▀[38;2;106;57;49;48;2;106;57;49m▀[38;2;255;205;205;48;2;255;205;205m▀▀[38;2;16;16;16;48;2;222;164;164m▀[38;2;16;74;115;48;2;16;49;74m▀[48;2;16;74;115m▀▀[48;2;16;16;16m▀[38;2;16;16;16;49m▀▀▀[0m  [38;2;16;16;16m▄[38;2;16;74;115m▄▄[0m [38;2;16;74;115m▄[38;2;98;139;189m▄▄[0m
[0m                 [38;2;106;57;49m▄[38;2;16;16;16;48;2;255;90;106m▀[38;2;222;164;164m▀[38;2;255;205;205;48;2;255;205;205m▀[38;2;255;254;254m▀[38;2;106;57;49m▀[38;2;222;164;164m▀[38;2;255;205;205m▀▀▀[38;2;16;16;16;48;2;255;254;254m▀[38;2;255;254;254;48;2;106;57;49m▀[38;2;106;57;49;48;2;222;164;164m▀[38;2;255;205;205;48;2;255;205;205m▀[48;2;222;164;164m▀[38;2;222;164;164m▀▀[38;2;16;49;74m▀▀[38;2;222;164;164m▀[38;2;16;16;16;48;2;16;16;16m▀[0m   [38;2;16;16;16;48;2;16;16;16m▀[38;2;205;205;213;48;2;255;254;254m▀[38;2;255;254;254;48;2;255;90;106m▀[38;2;205;205;213;48;2;255;254;254m▀[38;2;16;74;115;48;2;16;74;115m▀[38;2;255;254;254;48;2;255;254;254m▀[48;2;255;90;106m▀[38;2;205;205;213;48;2;255;254;254m▀[38;2;98;139;189;48;2;16;74;115m▀[38;2;16;74;115;49m▄[38;2;98;139;189m▄▄[0m
[0m                 [38;2;16;16;16;48;2;16;16;16m▀[38;2;255;90;106;48;2;255;90;106m▀[48;2;222;164;164m▀[38;2;255;205;205;48;2;255;205;205m▀[48;2;106;57;49m▀[48;2;255;205;205m▀▀▀▀[48;2;106;57;49m▀[38;2;222;164;164;48;2;255;205;205m▀[38;2;255;205;205m▀[48;2;255;90;106m▀[38;2;255;90;106m▀▀[38;2;222;164;164m▀[48;2;222;164;164m▀▀▀[48;2;106;57;49m▀[38;2;16;16;16;49m▀[0m    [38;2;16;16;16;48;2;16;16;16m▀[38;2;205;205;213;48;2;16;74;115m▀[38;2;255;254;254;48;2;205;205;213m▀[38;2;98;139;189m▀[38;2;205;205;213;48;2;16;74;115m▀[38;2;255;254;254;48;2;205;205;213m▀[38;2;205;205;213;48;2;16;74;115m▀[38;2;16;16;16;48;2;16;16;16m▀[38;2;255;254;254;48;2;255;254;254m▀[48;2;255;90;106m▀[38;2;205;205;213;48;2;255;254;254m▀[38;2;98;139;189;48;2;16;16;16m▀[0m
[0m              [38;2;115;49;57m▄[48;2;255;90;106m▀▀▀[38;2;16;16;16m▀[38;2;222;164;164;48;2;16;16;16m▀[38;2;255;205;205;48;2;222;164;164m▀[48;2;255;205;205m▀[38;2;106;57;49m▀[38;2;16;16;16m▀▀[48;2;222;164;164m▀[38;2;106;57;49m▀[38;2;255;205;205;48;2;106;57;49m▀[48;2;222;164;164m▀[38;2;255;90;106m▀[48;2;255;90;106m▀▀[48;2;222;164;164m▀[38;2;222;164;164m▀[48;2;115;49;57m▀▀[38;2;16;16;16m▀[38;2;115;49;57;49m▄[0m   [38;2;16;74;115m▄▄[0m [38;2;16;16;16;48;2;16;16;16m▀[38;2;255;254;254;48;2;255;254;254m▀[38;2;98;139;189m▀[38;2;255;254;254m▀[38;2;16;16;16;48;2;98;139;189m▀[38;2;205;205;213;48;2;205;205;213m▀[48;2;98;139;189m▀[48;2;16;74;115m▀[38;2;16;16;16;48;2;255;254;254m▀[38;2;16;74;115;48;2;205;205;213m▀[38;2;98;139;189;49m▄[0m
[0m             [38;2;115;49;57;48;2;115;49;57m▀[38;2;255;90;106;48;2;255;90;106m▀▀▀▀▀[38;2;189;74;115m▀[38;2;16;16;16;48;2;189;74;115m▀[48;2;115;49;57m▀[38;2;106;57;49;48;2;205;205;213m▀[38;2;222;164;164;48;2;106;57;49m▀[48;2;16;16;16m▀▀▀▀▀▀▀[48;2;115;49;57m▀▀[38;2;115;49;57;48;2;255;90;106m▀[38;2;255;90;106m▀▀▀[38;2;189;74;115;48;2;189;74;115m▀[38;2;115;49;57m▀[49m▄[38;2;16;74;115;48;2;16;16;16m▀[38;2;205;205;213;48;2;255;254;254m▀[38;2;255;254;254;48;2;255;90;106m▀[38;2;16;74;115;48;2;255;254;254m▀[38;2;205;205;213m▀[38;2;255;254;254m▀▀[48;2;205;205;213m▀[38;2;205;205;213m▀[38;2;98;139;189m▀[38;2;16;74;115m▀[38;2;255;254;254m▀[38;2;255;90;106;48;2;255;254;254m▀[38;2;255;254;254m▀[38;2;16;74;115;48;2;16;16;16m▀[0m
[0m    [38;2;16;74;115m▄[48;2;255;254;254m▀▀[38;2;98;139;189;49m▄[0m [38;2;16;74;115m▄[38;2;98;139;189m▄[0m  [38;2;115;49;57;48;2;115;49;57m▀[38;2;255;90;106;48;2;189;74;115m▀▀▀▀▀[38;2;189;74;115m▀▀[38;2;16;16;16;48;2;16;16;16m▀[38;2;255;254;254;48;2;255;254;254m▀[38;2;205;205;213m▀▀▀[48;2;205;205;213m▀▀▀▀▀[38;2;98;139;189m▀[38;2;16;16;16;48;2;98;139;189m▀[38;2;255;90;106;48;2;16;16;16m▀[48;2;255;90;106m▀▀[48;2;189;74;115m▀[38;2;189;74;115m▀[48;2;115;49;57m▀[48;2;222;164;164m▀[38;2;16;16;16;48;2;115;49;57m▀[38;2;205;205;213;48;2;16;16;16m▀▀▀[38;2;16;74;115;49m▀[38;2;205;205;213;48;2;16;74;115m▀[48;2;98;139;189m▀[48;2;205;205;213m▀▀▀[38;2;98;139;189;48;2;16;74;115m▀[38;2;16;74;115;49m▀[38;2;16;16;16m▀▀[0m
[0m [38;2;16;74;115m▄[48;2;255;254;254m▀▀[38;2;16;16;16;48;2;16;16;16m▀[38;2;255;90;106;48;2;205;205;213m▀[38;2;255;254;254;48;2;255;254;254m▀[38;2;16;16;16;48;2;16;16;16m▀[38;2;16;74;115;48;2;205;205;213m▀[38;2;255;254;254;48;2;255;90;106m▀[48;2;255;254;254m▀[38;2;98;139;189;48;2;16;74;115m▀[0m [38;2;115;49;57m▄[48;2;222;164;164m▀▀[38;2;189;74;115;48;2;115;49;57m▀[48;2;189;74;115m▀▀▀[38;2;115;49;57;48;2;16;16;16m▀[48;2;255;254;254m▀[38;2;255;254;254m▀▀▀▀▀[48;2;255;90;106m▀▀▀[48;2;189;74;115m▀[38;2;205;205;213;48;2;205;205;213m▀▀[38;2;16;49;74m▀[38;2;189;74;115;48;2;16;49;74m▀[48;2;189;74;115m▀▀▀[38;2;222;164;164;48;2;222;164;164m▀▀[38;2;255;205;205m▀[38;2;115;49;57;48;2;255;205;205m▀▀▀▀[38;2;222;164;164;48;2;222;164;164m▀▀[38;2;16;16;16m▀[48;2;16;16;16m▀[38;2;16;74;115;49m▀[0m
[0m [38;2;16;16;16;48;2;16;16;16m▀[38;2;255;90;106;48;2;16;74;115m▀[38;2;255;254;254;48;2;205;205;213m▀[38;2;98;139;189m▀[38;2;16;16;16;48;2;16;74;115m▀[38;2;205;205;213;48;2;205;205;213m▀[38;2;16;74;115;48;2;98;139;189m▀[38;2;205;205;213;48;2;205;205;213m▀▀[48;2;16;16;16m▀[38;2;16;16;16;48;2;115;49;57m▀[38;2;115;49;57;48;2;255;205;205m▀[38;2;255;205;205m▀[38;2;222;164;164;48;2;222;164;164m▀▀[38;2;115;49;57;48;2;16;16;16m▀[38;2;189;74;115m▀[38;2;115;49;57;48;2;115;49;57m▀[38;2;16;16;16;48;2;98;139;189m▀[38;2;255;254;254;48;2;255;254;254m▀▀▀▀▀[48;2;255;90;106m▀[38;2;255;90;106;48;2;255;172;180m▀▀[48;2;255;90;106m▀▀▀[38;2;189;74;115m▀[38;2;205;205;213;48;2;189;74;115m▀[48;2;205;205;213m▀[38;2;16;16;16m▀[38;2;16;49;74;48;2;16;16;16m▀[38;2;189;74;115;48;2;115;49;57m▀▀▀[38;2;16;16;16;49m▀[38;2;222;164;164;48;2;115;49;57m▀[48;2;16;16;16m▀▀▀▀[48;2;115;49;57m▀[38;2;115;49;57;49m▀[38;2;16;16;16m▀[0m
[38;2;98;139;189;48;2;16;74;115m▀[38;2;255;254;254;48;2;255;90;106m▀[38;2;16;16;16;48;2;205;205;213m▀[38;2;98;139;189;48;2;16;74;115m▀[38;2;205;205;213;48;2;205;205;213m▀[38;2;98;139;189;48;2;98;139;189m▀[48;2;205;205;213m▀[38;2;205;205;213m▀[38;2;255;254;254;48;2;255;254;254m▀[38;2;16;74;115;48;2;16;16;16m▀[38;2;255;205;205m▀[48;2;16;74;115m▀▀[38;2;222;164;164;48;2;222;164;164m▀[48;2;16;16;16m▀[38;2;16;16;16;49m▀[0m [38;2;16;16;16;48;2;16;16;16m▀[38;2;205;205;213;48;2;205;205;213m▀[38;2;98;139;189;48;2;98;139;189m▀[38;2;255;254;254;48;2;255;254;254m▀▀▀▀▀[38;2;255;90;106;48;2;255;90;106m▀[38;2;255;172;180m▀▀[38;2;255;90;106m▀▀▀▀[38;2;189;74;115;48;2;189;74;115m▀[38;2;205;205;213;48;2;205;205;213m▀▀[38;2;16;16;16;48;2;16;16;16m▀[0m
[38;2;16;16;16;49m▀[38;2;205;205;213;48;2;16;16;16m▀▀[48;2;98;139;189m▀[38;2;98;139;189;48;2;205;205;213m▀[38;2;205;205;213m▀▀▀▀[38;2;16;74;115m▀[38;2;98;139;189m▀[38;2;255;254;254;48;2;255;90;106m▀[38;2;205;205;213;48;2;255;254;254m▀[38;2;16;74;115;48;2;16;16;16m▀[0m   [38;2;115;49;57m▄[48;2;189;74;115m▀[38;2;16;49;74m▀[38;2;255;254;254m▀[48;2;255;254;254m▀▀▀▀[38;2;255;90;106;48;2;205;205;213m▀[48;2;189;74;115m▀[48;2;255;90;106m▀▀▀[48;2;189;74;115m▀[38;2;189;74;115m▀[48;2;205;205;213m▀[38;2;205;205;213m▀[48;2;16;49;74m▀[38;2;16;16;16;48;2;189;74;115m▀[38;2;115;49;57;49m▄[0m
[0m   [38;2;16;16;16m▀[38;2;205;205;213;48;2;16;16;16m▀[48;2;205;205;213m▀▀▀[48;2;16;16;16m▀[38;2;16;74;115;49m▀[38;2;205;205;213;48;2;16;16;16m▀▀▀[38;2;16;16;16;49m▀[0m [38;2;189;74;115m▄[48;2;255;90;106m▀[38;2;255;90;106m▀▀▀[38;2;189;74;115m▀[48;2;189;74;115m▀[38;2;205;205;213;48;2;115;49;57m▀[48;2;205;205;213m▀▀▀▀[38;2;189;74;115m▀▀▀▀[38;2;205;205;213m▀▀[48;2;16;16;16m▀[38;2;16;16;16;48;2;189;74;115m▀[38;2;189;74;115m▀▀[38;2;115;49;57;48;2;16;16;16m▀[0m
[0m     [38;2;16;16;16m▀▀[38;2;16;74;115m▀[0m      [38;2;115;49;57m▄[48;2;189;74;115m▀[38;2;255;90;106m▀[48;2;255;90;106m▀▀▀[48;2;189;74;115m▀[38;2;189;74;115m▀▀[38;2;115;49;57;48;2;115;49;57m▀[38;2;205;205;213;48;2;16;49;74m▀[48;2;16;16;16m▀▀▀▀▀[48;2;16;49;74m▀[38;2;16;16;16;48;2;189;74;115m▀▀[38;2;189;74;115m▀▀[48;2;106;57;49m▀[38;2;115;49;57;48;2;255;205;205m▀[38;2;16;16;16m▀[49m▄[0m
[0m              [38;2;115;49;57m▀[48;2;106;57;49m▀[48;2;222;164;164m▀[48;2;255;205;205m▀[38;2;189;74;115;48;2;222;164;164m▀[48;2;115;49;57m▀[48;2;189;74;115m▀▀[48;2;115;49;57m▀[38;2;115;49;57;48;2;16;16;16m▀[38;2;16;16;16;49m▀[0m     [38;2;16;16;16m▀[38;2;189;74;115;48;2;115;49;57m▀[48;2;16;16;16m▀▀[38;2;115;49;57m▀[38;2;222;164;164;48;2;222;164;164m▀[38;2;255;205;205m▀[48;2;255;205;205m▀[38;2;16;16;16m▀[49m▄[0m
[0m             [38;2;16;74;115m▄▄[38;2;16;16;16;48;2;255;205;205m▀[38;2;255;205;205m▀▀[48;2;115;49;57m▀[38;2;115;49;57;49m▀▀[38;2;16;16;16m▀▀[0m            [38;2;106;57;49;48;2;16;16;16m▀[38;2;222;164;164;48;2;222;164;164m▀[38;2;255;205;205m▀[48;2;16;74;115m▀[38;2;16;74;115;48;2;255;254;254m▀▀[38;2;16;16;16;49m▄[0m
[0m            [38;2;16;74;115;48;2;16;16;16m▀[38;2;255;254;254;48;2;255;254;254m▀[48;2;205;205;213m▀[38;2;16;74;115m▀[38;2;255;205;205;48;2;16;74;115m▀[38;2;222;164;164;48;2;106;57;49m▀[38;2;106;57;49;48;2;16;16;16m▀[0m                 [38;2;16;16;16;48;2;16;74;115m▀[38;2;16;74;115;48;2;98;139;189m▀[38;2;205;205;213;48;2;16;74;115m▀[48;2;16;16;16m▀[38;2;255;254;254;48;2;205;205;213m▀[38;2;16;16;16;48;2;16;16;16m▀[0m
[0m            [38;2;16;16;16m▀[38;2;205;205;213;48;2;16;16;16m▀▀[38;2;16;74;115;48;2;106;57;49m▀[48;2;222;164;164m▀[38;2;16;16;16m▀[48;2;106;57;49m▀[0m                 [38;2;106;57;49;48;2;106;57;49m▀[38;2;16;74;115;48;2;222;164;164m▀[38;2;222;164;164m▀▀[38;2;16;16;16;48;2;106;57;49m▀[0m
[0m               [38;2;106;57;49;48;2;106;57;49m▀[38;2;222;164;164;48;2;222;164;164m▀▀▀[38;2;106;57;49;48;2;16;16;16m▀[0m               [38;2;106;57;49;48;2;16;49;74m▀[38;2;222;164;164;48;2;222;164;164m▀▀▀[38;2;106;57;49;48;2;106;57;49m▀[38;2;16;16;16;49m▄[38;2;16;49;74m▄[38;2;16;16;16m▄▄[0m
[0m          [38;2;16;49;74m▄[48;2;98;139;189m▀▀▀[38;2;16;16;16;49m▄[48;2;16;74;115m▀[38;2;222;164;164;48;2;106;57;49m▀[48;2;222;164;164m▀[48;2;106;57;49m▀[38;2;106;57;49;48;2;16;49;74m▀[38;2;16;16;16;48;2;16;74;115m▀[49m▄[0m            [38;2;16;16;16;48;2;16;16;16m▀[38;2;16;74;115;48;2;16;74;115m▀[38;2;16;49;74m▀[38;2;222;164;164m▀▀[38;2;16;74;115;48;2;16;49;74m▀[38;2;16;16;16;48;2;98;139;189m▀[38;2;98;139;189;48;2;16;16;16m▀[48;2;98;139;189m▀[48;2;16;74;115m▀[38;2;16;16;16m▀[49m▄[0m
[0m         [38;2;16;16;16;48;2;16;16;16m▀[38;2;16;74;115;48;2;16;74;115m▀▀[38;2;16;49;74m▀[38;2;16;16;16m▀[38;2;16;74;115;48;2;16;16;16m▀[38;2;16;16;16m▀[38;2;16;74;115;48;2;98;139;189m▀[38;2;16;49;74m▀▀[38;2;16;74;115;48;2;16;74;115m▀[48;2;16;16;16m▀[38;2;16;16;16;49m▀[0m            [38;2;16;16;16m▀[38;2;16;74;115;48;2;16;16;16m▀▀[38;2;98;139;189m▀[48;2;16;74;115m▀▀▀[38;2;16;49;74m▀[38;2;16;74;115m▀▀▀[38;2;16;16;16;48;2;16;49;74m▀[0m
[0m          [38;2;16;16;16;48;2;16;16;16m▀[38;2;16;74;115;48;2;16;74;115m▀▀▀[38;2;98;139;189m▀[48;2;98;139;189m▀[48;2;16;49;74m▀[48;2;16;16;16m▀[38;2;16;16;16;49m▀▀[0m                  [38;2;16;16;16m▀▀▀[38;2;16;74;115;48;2;16;16;16m▀▀▀[38;2;16;16;16;49m▀[0m
[0m           [38;2;16;16;16m▀▀[38;2;16;49;74m▀[38;2;16;16;16m▀▀[0m
