[0m                       [38;2;65;90;32m▄[48;2;189;230;115m▀[38;2;16;16;16;49m▄[0m
[0m                     [38;2;65;90;32m▄[48;2;189;230;115m▀[38;2;189;230;115;48;2;156;139;49m▀[38;2;65;90;32;48;2;255;246;213m▀[38;2;16;16;16;48;2;16;16;16m▀[0m
[0m                    [38;2;65;90;32m▄[48;2;189;230;115m▀[38;2;189;230;115;48;2;156;139;49m▀[38;2;156;139;49;48;2;255;246;213m▀[38;2;255;246;213m▀[38;2;16;16;16;48;2;16;16;16m▀[0m                 [38;2;65;90;32m▄▄[0m
[0m                   [38;2;65;90;32m▄[48;2;139;205;115m▀[38;2;189;230;115;48;2;156;139;49m▀[38;2;156;139;49;48;2;255;246;213m▀[38;2;255;246;213m▀▀[38;2;16;16;16m▀[49m▄[0m           [38;2;65;90;32m▄▄[48;2;189;230;115m▀▀[48;2;139;205;115m▀[38;2;189;230;115;48;2;156;139;49m▀[38;2;139;205;115m▀[38;2;65;90;32m▀[0m
[0m                  [38;2;65;90;32m▄[48;2;139;205;115m▀[38;2;139;205;115m▀[38;2;156;139;49;48;2;156;139;49m▀[38;2;255;246;213;48;2;255;246;213m▀▀▀▀[38;2;16;16;16;48;2;16;16;16m▀[38;2;156;139;49;49m▄[48;2;230;213;172m▀[49m▄[0m     [38;2;65;90;32m▄[48;2;189;230;115m▀▀[38;2;189;230;115m▀[48;2;156;139;49m▀[38;2;139;205;115m▀[38;2;156;139;49;48;2;255;246;213m▀▀[38;2;255;246;213;48;2;156;139;49m▀[38;2;156;139;49;49m▀[0m
[0m                  [38;2;65;90;32;48;2;65;90;32m▀[38;2;139;205;115;48;2;139;205;115m▀[38;2;156;139;49;48;2;156;139;49m▀[38;2;255;246;213;48;2;255;246;213m▀▀▀▀[48;2;230;213;172m▀[38;2;16;16;16;48;2;16;16;16m▀[38;2;230;213;172;48;2;230;213;172m▀▀[38;2;156;139;49;48;2;156;139;49m▀[0m   [38;2;65;90;32m▄[48;2;189;230;115m▀[38;2;189;230;115m▀[48;2;156;139;49m▀[38;2;156;139;49;48;2;255;246;213m▀▀[38;2;255;246;213m▀▀▀[48;2;156;139;49m▀[38;2;156;139;49;49m▀[0m
[0m                 [38;2;65;90;32;48;2;65;90;32m▀[38;2;139;205;115;48;2;139;205;115m▀[48;2;156;139;49m▀[38;2;156;139;49;48;2;255;246;213m▀[38;2;255;246;213;48;2;230;213;172m▀[38;2;230;213;172;48;2;255;246;213m▀[38;2;255;246;213;48;2;230;213;172m▀[38;2;230;213;172m▀▀[38;2;16;16;16;48;2;16;16;16m▀[38;2;230;213;172;48;2;230;213;172m▀▀[38;2;156;139;49;48;2;156;139;49m▀[0m [38;2;16;16;16m▄[38;2;65;90;32;48;2;139;205;115m▀[38;2;139;205;115m▀[48;2;156;139;49m▀[38;2;189;230;115;48;2;230;213;172m▀[38;2;230;213;172;48;2;255;246;213m▀[38;2;255;246;213;48;2;230;213;172m▀[48;2;255;246;213m▀[48;2;230;213;172m▀[48;2;255;246;213m▀[48;2;156;139;49m▀[38;2;156;139;49;49m▀[0m
[0m                 [38;2;65;90;32;48;2;65;90;32m▀[38;2;139;205;115;48;2;139;205;115m▀[38;2;156;139;49;48;2;156;139;49m▀[38;2;230;213;172;48;2;230;213;172m▀▀▀▀▀[38;2;16;16;16;48;2;16;16;16m▀[38;2;230;213;172;48;2;230;213;172m▀▀▀[38;2;156;139;49;48;2;16;16;16m▀[38;2;16;16;16;48;2;139;205;115m▀[38;2;139;205;115m▀[48;2;156;139;49m▀[38;2;156;139;49;48;2;230;213;172m▀[38;2;230;213;172m▀▀▀[38;2;255;246;213m▀[38;2;230;213;172;48;2;16;16;16m▀[38;2;255;246;213m▀[38;2;156;139;49m▀[38;2;16;16;16;48;2;230;213;172m▀▀[48;2;16;16;16m▀[0m
[0m                 [38;2;65;90;32;48;2;65;90;32m▀[38;2;139;205;115;48;2;139;205;115m▀[38;2;156;139;49;48;2;156;139;49m▀[38;2;230;213;172;48;2;230;213;172m▀▀▀▀▀[38;2;16;16;16;48;2;16;16;16m▀[38;2;230;213;172;48;2;230;213;172m▀▀[38;2;16;16;16;48;2;16;16;16m▀[38;2;139;205;115;48;2;139;205;115m▀▀[38;2;156;139;49;48;2;156;139;49m▀[38;2;230;213;172;48;2;230;213;172m▀▀[48;2;156;139;49m▀[48;2;16;16;16m▀[38;2;16;16;16;48;2;230;213;172m▀▀[38;2;230;213;172m▀▀▀▀[38;2;16;16;16;48;2;16;16;16m▀[0m
[0m           [38;2;65;90;32m▄[0m    [38;2;16;16;16m▄[48;2;189;230;115m▀[48;2;16;16;16m▀[38;2;156;139;49;48;2;156;139;49m▀[38;2;230;213;172;48;2;230;213;172m▀▀▀▀[38;2;16;16;16;48;2;16;16;16m▀[38;2;230;213;172;48;2;230;213;172m▀▀[38;2;16;16;16;48;2;16;16;16m▀[38;2;139;205;115;48;2;139;205;115m▀▀[38;2;156;139;49;48;2;156;139;49m▀[38;2;230;213;172;48;2;230;213;172m▀[48;2;156;139;49m▀[38;2;156;139;49;48;2;230;213;172m▀[38;2;230;213;172m▀▀▀▀▀▀[48;2;16;16;16m▀[38;2;16;16;16;49m▀[0m
[0m          [38;2;65;90;32;48;2;65;90;32m▀[38;2;189;230;115;48;2;189;230;115m▀[38;2;65;90;32;48;2;139;205;115m▀[49m▄▄[48;2;189;230;115m▀[38;2;189;230;115m▀[48;2;139;205;115m▀[38;2;16;16;16;48;2;16;16;16m▀[38;2;156;139;49;48;2;156;139;49m▀[38;2;230;213;172;48;2;230;213;172m▀▀▀[48;2;16;16;16m▀[38;2;16;16;16;48;2;230;213;172m▀[38;2;230;213;172m▀[38;2;16;16;16;48;2;16;16;16m▀[38;2;139;205;115;48;2;139;205;115m▀▀[38;2;156;139;49;48;2;156;139;49m▀[38;2;230;213;172;48;2;230;213;172m▀[38;2;156;139;49;48;2;156;139;49m▀[38;2;230;213;172;48;2;230;213;172m▀▀▀▀▀▀▀[48;2;16;16;16m▀[38;2;16;16;16;49m▀[0m
[0m          [38;2;65;90;32;48;2;65;90;32m▀[38;2;189;230;115;48;2;189;230;115m▀[38;2;139;205;115;48;2;65;90;32m▀[38;2;65;90;32;48;2;189;230;115m▀[38;2;189;230;115;48;2;139;205;115m▀▀[38;2;139;205;115m▀▀▀[38;2;16;16;16m▀[38;2;230;213;172;48;2;16;16;16m▀[48;2;230;213;172m▀[48;2;16;16;16m▀[38;2;16;16;16;48;2;90;156;74m▀[38;2;230;213;172m▀[38;2;16;16;16;48;2;65;90;32m▀[38;2;139;205;115;48;2;139;205;115m▀▀[38;2;65;90;32;48;2;65;90;32m▀[38;2;230;213;172;48;2;230;213;172m▀[38;2;156;139;49;48;2;156;139;49m▀[38;2;230;213;172;48;2;230;213;172m▀▀▀▀▀▀[48;2;16;16;16m▀[38;2;16;16;16;49m▀[0m
[0m         [38;2;65;90;32m▄[48;2;189;230;115m▀[38;2;189;230;115m▀▀▀▀[38;2;139;205;115;48;2;139;205;115m▀▀▀▀▀▀[38;2;16;16;16m▀▀▀▀[48;2;16;16;16m▀[38;2;139;205;115;48;2;139;205;115m▀[38;2;65;90;32;48;2;65;90;32m▀[38;2;230;213;172;48;2;230;213;172m▀[38;2;156;139;49;48;2;16;16;16m▀[38;2;230;213;172;48;2;230;213;172m▀▀[48;2;16;16;16m▀▀▀[38;2;16;16;16;48;2;139;205;115m▀[48;2;65;90;32m▀[49m▄▄[0m
[0m     [38;2;65;90;32m▄▄[48;2;139;205;115m▀▀[48;2;65;90;32m▀[38;2;189;230;115;48;2;139;205;115m▀[48;2;189;230;115m▀▀[48;2;139;205;115m▀[38;2;139;205;115m▀▀[48;2;90;156;74m▀[48;2;139;205;115m▀▀▀[48;2;90;156;74m▀▀[38;2;90;156;74;48;2;139;205;115m▀[48;2;16;16;16m▀[38;2;16;16;16;48;2;90;156;74m▀[38;2;90;156;74m▀[38;2;65;90;32m▀[38;2;139;205;115m▀[38;2;16;16;16;48;2;139;205;115m▀▀▀[48;2;16;16;16m▀[38;2;90;156;74;48;2;90;156;74m▀[38;2;65;90;32m▀[38;2;90;156;74;48;2;65;90;32m▀[38;2;139;205;115;48;2;90;156;74m▀[48;2;139;205;115m▀[38;2;65;90;32;48;2;65;90;32m▀[38;2;139;205;115;48;2;139;205;115m▀[38;2;16;16;16m▀[49m▄[0m  [38;2;65;90;32m▄▄[0m
[0m    [38;2;65;90;32;48;2;65;90;32m▀[38;2;139;205;115;48;2;189;230;115m▀[48;2;139;205;115m▀[48;2;222;222;222m▀▀[38;2;65;90;32;48;2;65;90;32m▀[38;2;90;156;74;48;2;90;156;74m▀[38;2;139;205;115;48;2;139;205;115m▀▀▀▀[38;2;90;156;74;48;2;90;156;74m▀[38;2;139;205;115;48;2;139;205;115m▀[48;2;65;90;32m▀[38;2;65;90;32;48;2;255;255;255m▀[38;2;90;156;74;48;2;139;205;115m▀[38;2;139;205;115m▀▀[38;2;16;16;16m▀[38;2;90;156;74;48;2;16;16;16m▀[48;2;90;156;74m▀[48;2;16;16;16m▀[38;2;65;90;32;48;2;90;156;74m▀[48;2;139;205;115m▀▀[48;2;90;156;74m▀[38;2;139;205;115;48;2;65;90;32m▀[48;2;139;205;115m▀[38;2;16;16;16;48;2;16;16;16m▀[38;2;90;156;74;48;2;90;156;74m▀[38;2;65;90;32m▀[38;2;90;156;74;48;2;65;90;32m▀[48;2;90;156;74m▀▀[38;2;65;90;32;48;2;65;90;32m▀[38;2;90;156;74;48;2;90;156;74m▀▀[38;2;16;16;16;48;2;65;90;32m▀[38;2;65;90;32;48;2;189;230;115m▀[38;2;189;230;115m▀[38;2;16;16;16;48;2;16;16;16m▀[0m
[0m   [38;2;65;90;32;48;2;65;90;32m▀[38;2;189;230;115;48;2;189;230;115m▀[38;2;139;205;115;48;2;139;205;115m▀[38;2;222;222;222;48;2;222;222;222m▀▀[48;2;189;189;189m▀[38;2;65;90;32;48;2;222;222;222m▀[38;2;90;156;74;48;2;65;90;32m▀[38;2;139;205;115;48;2;139;205;115m▀▀▀▀[38;2;90;156;74;48;2;65;90;32m▀[38;2;65;90;32;48;2;16;16;16m▀[38;2;255;255;255;48;2;255;255;255m▀[48;2;139;205;115m▀[38;2;139;205;115m▀▀▀[48;2;16;16;16m▀[38;2;16;16;16m▀[48;2;90;156;74m▀[38;2;139;205;115;48;2;189;230;115m▀[38;2;189;230;115m▀▀[38;2;139;205;115m▀[48;2;139;205;115m▀▀[38;2;16;16;16;48;2;90;156;74m▀[48;2;16;16;16m▀[38;2;90;156;74;48;2;90;156;74m▀▀[38;2;65;90;32;48;2;65;90;32m▀[38;2;16;16;16;48;2;230;213;172m▀▀[48;2;16;16;16m▀[38;2;90;156;74m▀[38;2;65;90;32;48;2;189;230;115m▀[38;2;189;230;115m▀[48;2;139;205;115m▀[38;2;16;16;16;48;2;16;16;16m▀[0m
[0m  [38;2;65;90;32;48;2;65;90;32m▀[38;2;189;230;115;48;2;189;230;115m▀[38;2;139;205;115;48;2;139;205;115m▀[38;2;255;255;255;48;2;255;255;255m▀[38;2;222;222;222;48;2;189;189;189m▀[38;2;189;189;189;48;2;222;222;222m▀[38;2;222;222;222m▀[48;2;65;90;32m▀[38;2;65;90;32;48;2;139;205;115m▀[38;2;139;205;115m▀▀▀[38;2;90;156;74m▀[38;2;139;205;115m▀▀[48;2;65;90;32m▀[38;2;65;90;32;48;2;90;156;74m▀[38;2;90;156;74m▀[48;2;16;16;16m▀[38;2;16;16;16m▀[38;2;90;156;74;48;2;90;156;74m▀[38;2;16;16;16;48;2;16;16;16m▀[38;2;139;205;115;48;2;139;205;115m▀[38;2;189;230;115m▀[48;2;189;230;115m▀▀[48;2;139;205;115m▀[38;2;139;205;115m▀▀▀[38;2;16;16;16;48;2;16;16;16m▀[38;2;90;156;74m▀[38;2;65;90;32;48;2;230;213;172m▀[38;2;230;213;172m▀▀[38;2;16;16;16;48;2;16;16;16m▀[38;2;189;230;115;48;2;189;230;115m▀[38;2;16;16;16;48;2;90;156;74m▀[38;2;189;230;115;48;2;189;230;115m▀[48;2;139;205;115m▀[38;2;139;205;115;48;2;16;16;16m▀[38;2;16;16;16;49m▀[0m
[0m [38;2;65;90;32m▄[48;2;189;230;115m▀[38;2;189;230;115;48;2;139;205;115m▀[38;2;139;205;115;48;2;255;255;255m▀[38;2;255;255;255;48;2;189;189;189m▀[38;2;189;189;189;48;2;255;255;255m▀[38;2;222;222;222;48;2;222;222;222m▀[48;2;115;115;115m▀[38;2;65;90;32;48;2;65;90;32m▀[38;2;139;205;115;48;2;139;205;115m▀▀▀[48;2;65;90;32m▀[48;2;139;205;115m▀▀[48;2;65;90;32m▀[38;2;90;156;74;48;2;90;156;74m▀[48;2;16;16;16m▀[38;2;16;16;16;49m▀[38;2;65;90;32m▄[48;2;90;156;74m▀[38;2;16;16;16m▀[48;2;65;90;32m▀[38;2;90;156;74;48;2;16;16;16m▀[38;2;139;205;115;48;2;139;205;115m▀▀▀▀▀▀[38;2;90;156;74;48;2;16;16;16m▀[38;2;65;90;32m▀[38;2;16;16;16m▀[38;2;230;213;172;48;2;65;90;32m▀[48;2;230;213;172m▀[38;2;16;16;16;48;2;16;16;16m▀[38;2;189;230;115;48;2;189;230;115m▀▀[38;2;90;156;74m▀[38;2;189;230;115;48;2;139;205;115m▀[38;2;139;205;115m▀[38;2;16;16;16;48;2;16;16;16m▀[0m
[38;2;65;90;32;49m▄[48;2;189;230;115m▀[38;2;189;230;115;48;2;139;205;115m▀[38;2;139;205;115;48;2;255;255;255m▀[38;2;255;255;255m▀[38;2;189;189;189;48;2;189;189;189m▀[38;2;255;255;255;48;2;255;255;255m▀[38;2;115;115;115;48;2;115;115;115m▀[0m  [38;2;16;16;16m▀[38;2;139;205;115;48;2;16;16;16m▀[38;2;90;156;74m▀[38;2;139;205;115m▀▀[38;2;16;16;16;49m▀▀▀[0m [38;2;65;90;32m▄[48;2;90;156;74m▀[38;2;90;156;74m▀▀▀[48;2;65;90;32m▀[38;2;16;16;16;49m▀[38;2;90;156;74;48;2;16;16;16m▀[38;2;139;205;115m▀▀[38;2;90;156;74m▀[38;2;16;16;16;49m▀[0m  [38;2;16;16;16;48;2;16;16;16m▀[38;2;139;205;115;48;2;139;205;115m▀[38;2;65;90;32m▀[38;2;139;205;115m▀[38;2;189;230;115m▀▀[38;2;139;205;115m▀▀[48;2;16;16;16m▀[38;2;16;16;16;49m▀[0m
[38;2;65;90;32;48;2;65;90;32m▀[38;2;189;230;115;48;2;189;230;115m▀[38;2;139;205;115;48;2;139;205;115m▀[38;2;255;255;255;48;2;255;255;255m▀[38;2;189;189;189;48;2;189;189;189m▀[38;2;255;255;255;48;2;115;115;115m▀[38;2;115;115;115;49m▀[0m           [38;2;65;90;32m▄[48;2;90;156;74m▀[38;2;90;156;74m▀▀▀▀[38;2;65;90;32;48;2;16;16;16m▀[38;2;16;16;16;49m▄[38;2;65;90;32;48;2;16;16;16m▀[38;2;90;156;74;48;2;90;156;74m▀▀[38;2;16;16;16;48;2;16;16;16m▀[0m    [38;2;16;16;16m▀[38;2;139;205;115;48;2;16;16;16m▀▀[48;2;139;205;115m▀▀▀[48;2;16;16;16m▀[38;2;16;16;16;48;2;230;213;172m▀[49m▄[0m
[38;2;65;90;32;48;2;65;90;32m▀[38;2;189;230;115;48;2;189;230;115m▀[38;2;139;205;115;48;2;139;205;115m▀[38;2;255;255;255;48;2;255;255;255m▀[38;2;189;189;189;48;2;115;115;115m▀[38;2;115;115;115;49m▀[0m          [38;2;65;90;32m▄[48;2;90;156;74m▀[38;2;90;156;74m▀▀▀[48;2;16;16;16m▀[38;2;16;16;16;48;2;139;205;115m▀▀[38;2;139;205;115m▀[48;2;115;115;115m▀▀[38;2;16;16;16;48;2;139;205;115m▀[48;2;16;16;16m▀[0m        [38;2;16;16;16m▀▀[48;2;65;90;32m▀[38;2;230;213;172;48;2;16;16;16m▀[48;2;65;90;32m▀[38;2;65;90;32;48;2;139;205;115m▀[38;2;16;16;16m▀[49m▄[0m
[38;2;65;90;32;49m▀[38;2;189;230;115;48;2;65;90;32m▀[38;2;139;205;115;48;2;189;230;115m▀[38;2;255;255;255;48;2;255;255;255m▀[38;2;115;115;115;48;2;115;115;115m▀[0m         [38;2;65;90;32m▄[48;2;222;222;222m▀[38;2;222;222;222m▀[38;2;65;90;32;48;2;65;90;32m▀[38;2;90;156;74;48;2;90;156;74m▀[48;2;16;16;16m▀[38;2;16;16;16;48;2;189;230;115m▀[38;2;139;205;115;48;2;139;205;115m▀[48;2;115;115;115m▀[38;2;115;115;115;48;2;255;255;255m▀▀[38;2;255;255;255;48;2;189;189;189m▀▀[38;2;65;90;32;48;2;255;255;255m▀[38;2;16;16;16;48;2;16;16;16m▀[0m          [38;2;65;90;32;48;2;65;90;32m▀[38;2;139;205;115;48;2;139;205;115m▀▀▀▀[38;2;16;16;16m▀[49m▄[0m
[0m [38;2;65;90;32m▀[38;2;189;230;115;48;2;65;90;32m▀[38;2;255;255;255;48;2;189;230;115m▀[38;2;115;115;115;48;2;115;115;115m▀[0m        [38;2;65;90;32m▀[38;2;222;222;222;48;2;65;90;32m▀[48;2;16;16;16m▀[38;2;65;90;32m▀[38;2;16;16;16;48;2;189;230;115m▀▀[38;2;189;230;115m▀[48;2;115;115;115m▀[38;2;115;115;115;48;2;255;255;255m▀[38;2;255;255;255m▀[48;2;189;189;189m▀[38;2;189;189;189;48;2;255;255;255m▀[38;2;255;255;255m▀▀[48;2;115;115;115m▀[38;2;16;16;16;49m▀[0m           [38;2;65;90;32;48;2;65;90;32m▀[38;2;139;205;115;48;2;139;205;115m▀▀▀▀[38;2;16;16;16m▀[49m▄[0m
[0m  [38;2;65;90;32m▀[38;2;189;230;115;48;2;65;90;32m▀[38;2;115;115;115;49m▀[0m      [38;2;16;16;16m▄▄[48;2;189;230;115m▀▀[38;2;189;230;115;48;2;139;205;115m▀[48;2;115;115;115m▀▀[38;2;139;205;115m▀[38;2;115;115;115;48;2;255;255;255m▀[38;2;255;255;255m▀▀[48;2;189;189;189m▀[38;2;189;189;189;48;2;255;255;255m▀[38;2;255;255;255m▀▀[38;2;115;115;115;48;2;115;115;115m▀[0m             [38;2;65;90;32;48;2;65;90;32m▀[38;2;139;205;115;48;2;189;230;115m▀[38;2;189;230;115m▀▀[38;2;139;205;115m▀[48;2;139;205;115m▀[38;2;16;16;16m▀[49m▄[0m
[0m         [38;2;65;90;32m▄[48;2;189;230;115m▀[38;2;189;230;115m▀[48;2;139;205;115m▀[38;2;139;205;115;48;2;115;115;115m▀[38;2;115;115;115;48;2;255;255;255m▀▀[38;2;255;255;255m▀▀▀[48;2;189;189;189m▀▀[38;2;189;189;189;48;2;255;255;255m▀[38;2;255;255;255m▀▀▀[38;2;115;115;115;48;2;115;115;115m▀[0m              [38;2;65;90;32;48;2;65;90;32m▀[38;2;189;230;115;48;2;139;205;115m▀[48;2;189;230;115m▀▀▀[48;2;139;205;115m▀[38;2;139;205;115m▀[38;2;16;16;16m▀[49m▄[0m
[0m        [38;2;65;90;32m▄[48;2;189;230;115m▀[38;2;139;205;115;48;2;139;205;115m▀[48;2;115;115;115m▀[38;2;115;115;115;48;2;255;255;255m▀[38;2;255;255;255m▀[48;2;189;189;189m▀▀[38;2;189;189;189;48;2;255;255;255m▀▀▀[38;2;255;255;255m▀[48;2;115;115;115m▀▀▀[38;2;115;115;115;49m▀▀▀[0m             [38;2;65;90;32m▄[48;2;222;222;222m▀[38;2;90;156;74;48;2;255;255;255m▀[38;2;139;205;115;48;2;90;156;74m▀▀[48;2;255;255;255m▀[48;2;90;156;74m▀▀[38;2;90;156;74;48;2;255;255;255m▀[38;2;16;16;16;48;2;222;222;222m▀[49m▄[0m
[0m       [38;2;65;90;32m▄[48;2;189;230;115m▀[38;2;139;205;115;48;2;139;205;115m▀[38;2;115;115;115;48;2;115;115;115m▀[38;2;255;255;255;48;2;255;255;255m▀[48;2;189;189;189m▀[38;2;189;189;189;48;2;255;255;255m▀[38;2;255;255;255m▀[48;2;115;115;115m▀▀▀[38;2;115;115;115;49m▀▀[0m                   [38;2;65;90;32;48;2;65;90;32m▀[38;2;255;255;255;48;2;255;255;255m▀[48;2;16;16;16m▀[38;2;65;90;32;48;2;65;90;32m▀[38;2;222;222;222;48;2;222;222;222m▀[38;2;255;255;255;48;2;255;255;255m▀[38;2;222;222;222;48;2;222;222;222m▀[38;2;65;90;32;48;2;16;16;16m▀[38;2;255;255;255;48;2;65;90;32m▀[48;2;255;255;255m▀[38;2;16;16;16;48;2;16;16;16m▀[0m
[0m       [38;2;65;90;32;48;2;65;90;32m▀[38;2;189;230;115;48;2;189;230;115m▀[38;2;115;115;115;48;2;115;115;115m▀[38;2;255;255;255;48;2;189;189;189m▀[38;2;189;189;189;48;2;255;255;255m▀[38;2;255;255;255;48;2;115;115;115m▀[38;2;115;115;115;49m▀▀[0m                        [38;2;16;16;16m▀▀[0m  [38;2;65;90;32m▀[38;2;222;222;222;48;2;16;16;16m▀[38;2;16;16;16;49m▀[0m  [38;2;16;16;16m▀▀[0m
[0m       [38;2;65;90;32;48;2;65;90;32m▀[38;2;139;205;115;48;2;139;205;115m▀[38;2;115;115;115;48;2;115;115;115m▀[38;2;189;189;189;48;2;189;189;189m▀[38;2;115;115;115;48;2;115;115;115m▀[0m
[0m        [38;2;65;90;32;48;2;65;90;32m▀[38;2;189;189;189;48;2;189;189;189m▀[38;2;115;115;115;48;2;115;115;115m▀[0m
[0m        [38;2;65;90;32m▀[38;2;115;115;115m▀[0m
