[0m                                [38;2;131;115;98m▄▄[48;2;238;230;205m▀▀[49m▄[0m      [38;2;180;164;148m▄[48;2;238;230;205m▀▀[49m▄[38;2;131;115;98m▄▄[0m  [38;2;131;115;98m▄[0m
[0m                             [38;2;180;164;148m▄[48;2;180;164;148m▀[38;2;131;115;98;48;2;238;230;205m▀[38;2;238;230;205m▀▀[48;2;180;164;148m▀[38;2;180;164;148;48;2;0;0;0m▀[38;2;0;0;0;49m▀[0m      [38;2;131;115;98m▀[38;2;238;230;205;48;2;131;115;98m▀[48;2;238;230;205m▀▀▀[38;2;180;164;148m▀[38;2;131;115;98m▀[48;2;180;164;148m▀[38;2;238;230;205;48;2;238;230;205m▀[38;2;74;65;57;48;2;74;65;57m▀[0m
[0m                        [38;2;131;115;98m▄[38;2;180;164;148m▄[38;2;131;115;98m▄▄[48;2;238;230;205m▀[38;2;238;230;205m▀▀[48;2;131;115;98m▀▀[38;2;180;164;148;48;2;180;164;148m▀[38;2;0;0;0;48;2;0;0;0m▀[0m         [38;2;131;115;98m▄[48;2;238;230;205m▀[38;2;238;230;205m▀▀▀▀▀▀[38;2;74;65;57m▀[49m▄[0m
[0m                        [38;2;0;0;0m▀[38;2;238;230;205;48;2;0;0;0m▀[38;2;213;197;180;48;2;238;230;205m▀[38;2;238;230;205m▀▀▀▀[38;2;131;115;98;48;2;180;164;148m▀[38;2;238;230;205m▀[38;2;74;65;57;48;2;74;65;57m▀[0m           [38;2;74;65;57m▀[38;2;213;197;180;48;2;74;65;57m▀[38;2;180;164;148;48;2;238;230;205m▀[38;2;238;230;205m▀▀▀▀▀[38;2;180;164;148m▀[38;2;74;65;57m▀[38;2;0;0;0;49m▄[0m
[0m                        [38;2;131;115;98;48;2;131;115;98m▀[38;2;213;197;180;48;2;238;230;205m▀[38;2;238;230;205m▀▀▀▀[38;2;180;164;148;48;2;180;164;148m▀▀[38;2;74;65;57;48;2;0;0;0m▀[0m             [38;2;131;115;98m▀[38;2;238;230;205;48;2;131;115;98m▀[48;2;238;230;205m▀▀▀[48;2;131;115;98m▀[48;2;238;230;205m▀▀▀[38;2;0;0;0m▀[49m▄[0m
[0m                       [38;2;131;115;98;48;2;131;115;98m▀[38;2;213;197;180;48;2;238;230;205m▀[38;2;238;230;205m▀▀[48;2;131;115;98m▀[48;2;238;230;205m▀[38;2;180;164;148;48;2;180;164;148m▀▀▀[38;2;0;0;0;48;2;131;115;98m▀[38;2;74;65;57;48;2;238;230;205m▀[49m▄[0m            [38;2;131;115;98;48;2;131;115;98m▀[38;2;238;230;205;48;2;238;230;205m▀▀[38;2;131;115;98m▀[38;2;238;230;205;48;2;213;197;180m▀[38;2;74;65;57;48;2;74;65;57m▀[38;2;238;230;205;48;2;238;230;205m▀[48;2;213;197;180m▀[48;2;238;230;205m▀[38;2;0;0;0;48;2;74;65;57m▀[38;2;74;65;57;49m▄[0m
[0m                      [38;2;131;115;98;48;2;0;0;0m▀[38;2;213;197;180;48;2;238;230;205m▀[38;2;238;230;205m▀▀[38;2;131;115;98;48;2;131;115;98m▀[38;2;238;230;205;48;2;238;230;205m▀[38;2;74;65;57m▀[38;2;180;164;148;48;2;180;164;148m▀▀[38;2;131;115;98;48;2;0;0;0m▀[38;2;0;0;0;49m▀▀[0m           [38;2;131;115;98m▄▄[48;2;131;115;98m▀[38;2;238;230;205;48;2;238;230;205m▀▀▀[38;2;74;65;57m▀[38;2;238;230;205m▀▀[38;2;180;164;148;48;2;180;164;148m▀[38;2;213;197;180m▀[38;2;131;115;98m▀[38;2;213;197;180;48;2;0;0;0m▀[38;2;0;0;0;49m▀[0m
[0m                      [38;2;0;0;0;48;2;0;0;0m▀[38;2;238;230;205;48;2;238;230;205m▀▀▀▀[38;2;131;115;98m▀[38;2;180;164;148;48;2;180;164;148m▀▀▀[38;2;0;0;0;48;2;0;0;0m▀[0m             [38;2;74;65;57m▀[38;2;238;230;205;48;2;74;65;57m▀[38;2;213;197;180;48;2;238;230;205m▀[48;2;180;164;148m▀[38;2;238;230;205;48;2;238;230;205m▀▀▀▀▀[38;2;180;164;148;48;2;74;65;57m▀[38;2;74;65;57;48;2;180;164;148m▀[38;2;180;164;148;48;2;74;65;57m▀[38;2;0;0;0;48;2;0;0;0m▀[0m
[0m                     [38;2;131;115;98m▄[38;2;0;0;0;48;2;131;115;98m▀[38;2;238;230;205m▀[48;2;238;230;205m▀▀▀▀[38;2;180;164;148;48;2;213;197;180m▀[48;2;180;164;148m▀▀▀[38;2;74;65;57;48;2;74;65;57m▀[0m   [38;2;131;106;82m▄▄▄[38;2;90;65;49m▄▄▄▄[0m [38;2;131;115;98m▄[48;2;213;197;180m▀[38;2;213;197;180m▀[38;2;74;65;57m▀[38;2;131;115;98m▀[38;2;238;230;205;48;2;238;230;205m▀▀▀▀[38;2;213;197;180;48;2;180;164;148m▀[38;2;180;164;148m▀[48;2;131;115;98m▀[38;2;131;115;98;48;2;74;65;57m▀[38;2;74;65;57;49m▀[0m
[0m                     [38;2;131;115;98m▀[38;2;238;230;205;48;2;74;65;57m▀[48;2;180;164;148m▀[38;2;213;197;180m▀[38;2;238;230;205;48;2;213;197;180m▀▀[38;2;213;197;180m▀▀[38;2;180;164;148;48;2;180;164;148m▀▀[48;2;0;0;0m▀[48;2;90;65;49m▀[38;2;131;106;82;48;2;197;172;139m▀[48;2;230;213;180m▀▀[38;2;197;172;139m▀[38;2;230;213;180m▀▀▀[38;2;197;172;139m▀[48;2;197;172;139m▀▀[38;2;90;65;49;48;2;0;0;0m▀[48;2;164;139;106m▀[38;2;197;172;139;48;2;197;172;139m▀[38;2;213;197;180;48;2;90;65;49m▀[48;2;213;197;180m▀▀▀[38;2;238;230;205m▀▀[38;2;213;197;180;48;2;180;164;148m▀[38;2;180;164;148m▀▀▀[38;2;0;0;0;48;2;0;0;0m▀[0m
[0m                       [38;2;74;65;57;48;2;74;65;57m▀[38;2;213;197;180;48;2;213;197;180m▀▀▀▀▀[48;2;131;106;82m▀[38;2;90;65;49m▀[38;2;213;197;180;48;2;255;255;255m▀[38;2;0;0;0;48;2;164;139;106m▀[38;2;131;106;82;48;2;90;65;49m▀[38;2;230;213;180;48;2;197;172;139m▀▀▀▀▀[38;2;197;172;139m▀[48;2;0;0;0m▀[38;2;131;106;82;48;2;164;139;106m▀[38;2;0;0;0;48;2;255;255;255m▀[38;2;213;197;180m▀[38;2;131;106;82;48;2;131;106;82m▀[38;2;197;172;139;48;2;197;172;139m▀[38;2;164;139;106m▀[38;2;213;197;180;48;2;90;65;49m▀[48;2;213;197;180m▀▀[48;2;180;164;148m▀[38;2;180;164;148m▀▀▀▀[38;2;0;0;0;48;2;0;0;0m▀[0m
[0m                        [38;2;74;65;57m▀[38;2;213;197;180;48;2;74;65;57m▀[48;2;213;197;180m▀[48;2;131;106;82m▀[38;2;131;106;82;48;2;197;172;139m▀[38;2;197;172;139m▀[38;2;164;139;106m▀[38;2;255;255;255m▀[38;2;0;0;0m▀[38;2;255;255;255m▀[38;2;90;65;49;48;2;131;106;82m▀[38;2;197;172;139;48;2;90;65;49m▀▀[48;2;131;106;82m▀[48;2;197;172;139m▀[38;2;0;0;0m▀[38;2;255;255;255m▀[38;2;0;0;0m▀[38;2;255;255;255m▀▀[38;2;213;197;180m▀[38;2;197;172;139m▀▀▀[38;2;90;65;49m▀[38;2;180;164;148;48;2;131;106;82m▀[48;2;180;164;148m▀▀▀[48;2;0;0;0m▀[38;2;0;0;0;49m▀[0m
[0m                          [38;2;74;65;57;48;2;0;0;0m▀[38;2;131;106;82;48;2;197;172;139m▀[38;2;197;172;139m▀▀▀▀▀[38;2;131;106;82;48;2;90;65;49m▀[38;2;213;197;180;48;2;180;164;148m▀[38;2;255;255;255;48;2;0;0;0m▀[38;2;238;230;205m▀[38;2;255;255;255;48;2;180;164;148m▀[38;2;90;65;49;48;2;0;0;0m▀[38;2;197;172;139;48;2;90;65;49m▀[48;2;197;172;139m▀▀▀▀▀▀▀▀▀▀[38;2;131;106;82;48;2;131;106;82m▀[38;2;0;0;0;48;2;0;0;0m▀[49m▀[0m
[0m                      [38;2;131;106;82m▄▄[48;2;230;213;180m▀[48;2;0;0;0m▀[38;2;0;0;0;48;2;197;172;139m▀[38;2;197;172;139m▀▀▀▀▀[38;2;131;106;82;48;2;90;65;49m▀[38;2;255;255;255;48;2;180;164;148m▀[38;2;238;230;205;48;2;0;0;0m▀[38;2;0;0;0m▀[38;2;238;230;205m▀[38;2;255;255;255m▀[48;2;180;164;148m▀[38;2;0;0;0m▀[38;2;131;106;82;48;2;90;65;49m▀[38;2;197;172;139;48;2;197;172;139m▀▀▀▀▀▀▀▀[38;2;164;139;106;48;2;131;106;82m▀[38;2;131;106;82m▀[38;2;0;0;0;48;2;90;65;49m▀[38;2;90;65;49;49m▄[48;2;197;172;139m▀▀▀[48;2;164;139;106m▀[38;2;0;0;0;49m▄▄[0m
[0m                     [38;2;131;106;82;48;2;90;65;49m▀[38;2;230;213;180;48;2;197;172;139m▀[48;2;230;213;180m▀▀[38;2;0;0;0;48;2;0;0;0m▀[38;2;197;172;139;48;2;197;172;139m▀▀[48;2;90;65;49m▀▀▀[38;2;90;65;49m▀[38;2;255;255;255;48;2;180;164;148m▀[48;2;0;0;0m▀[38;2;238;230;205m▀[38;2;0;0;0m▀[38;2;238;230;205m▀[38;2;255;255;255m▀[48;2;180;164;148m▀[38;2;0;0;0m▀[48;2;0;0;0m▀[38;2;197;172;139;48;2;131;106;82m▀[48;2;90;65;49m▀▀[48;2;131;106;82m▀[48;2;197;172;139m▀▀▀▀[38;2;131;106;82;48;2;131;106;82m▀[38;2;90;65;49;48;2;90;65;49m▀[38;2;197;172;139;48;2;230;213;180m▀[38;2;230;213;180m▀▀[38;2;197;172;139m▀[48;2;197;172;139m▀▀[38;2;131;106;82m▀[48;2;131;106;82m▀[38;2;0;0;0;48;2;0;0;0m▀[0m
[0m                    [38;2;90;65;49;48;2;90;65;49m▀[38;2;197;172;139;48;2;164;139;106m▀[48;2;197;172;139m▀▀▀[38;2;0;0;0;48;2;0;0;0m▀[38;2;90;65;49;48;2;197;172;139m▀▀[38;2;197;172;139m▀▀▀[38;2;90;65;49;48;2;90;65;49m▀[38;2;255;255;255;48;2;180;164;148m▀[48;2;0;0;0m▀[38;2;238;230;205m▀[38;2;0;0;0m▀[38;2;238;230;205m▀[38;2;255;255;255m▀[48;2;180;164;148m▀[38;2;0;0;0m▀[48;2;90;65;49m▀[38;2;197;172;139;48;2;197;172;139m▀▀▀▀[38;2;131;106;82m▀[38;2;90;65;49m▀▀▀[38;2;0;0;0;48;2;0;0;0m▀[38;2;197;172;139;48;2;197;172;139m▀▀[38;2;230;213;180m▀▀[38;2;197;172;139m▀▀▀[48;2;164;139;106m▀[38;2;131;106;82;48;2;131;106;82m▀▀[38;2;0;0;0;48;2;0;0;0m▀[0m
[0m                   [38;2;0;0;0m▄[38;2;90;65;49;48;2;131;106;82m▀[38;2;131;106;82m▀[38;2;164;139;106m▀▀[38;2;90;65;49;48;2;90;65;49m▀[38;2;164;139;106;48;2;197;172;139m▀[38;2;197;172;139m▀▀▀▀▀[38;2;90;65;49m▀[38;2;255;255;255;48;2;131;106;82m▀[48;2;180;164;148m▀[38;2;0;0;0;48;2;0;0;0m▀▀[38;2;238;230;205m▀[38;2;255;255;255;48;2;180;164;148m▀[38;2;0;0;0m▀[48;2;90;65;49m▀[38;2;131;106;82;48;2;197;172;139m▀[38;2;197;172;139m▀▀▀▀▀▀▀▀[38;2;0;0;0;48;2;164;139;106m▀[38;2;131;106;82;48;2;0;0;0m▀[38;2;197;172;139;48;2;131;106;82m▀[48;2;164;139;106m▀▀▀[48;2;131;106;82m▀[38;2;164;139;106m▀[38;2;131;106;82m▀▀▀[38;2;0;0;0;48;2;0;0;0m▀[0m
[0m    [38;2;131;115;98m▄▄[0m            [38;2;90;65;49m▄[38;2;0;0;0;48;2;164;139;106m▀[38;2;90;65;49m▀[38;2;131;106;82;48;2;0;0;0m▀[48;2;131;106;82m▀▀[38;2;0;0;0;48;2;0;0;0m▀[38;2;197;172;139;48;2;197;172;139m▀▀▀▀▀▀▀▀[38;2;90;65;49m▀[38;2;0;0;0m▀▀▀▀[38;2;90;65;49m▀[38;2;197;172;139m▀▀▀▀▀▀▀▀▀[48;2;164;139;106m▀[38;2;164;139;106;48;2;131;106;82m▀[38;2;0;0;0m▀[38;2;131;106;82;48;2;0;0;0m▀▀[48;2;131;106;82m▀▀[48;2;164;139;106m▀▀[48;2;90;65;49m▀[48;2;131;106;82m▀[38;2;0;0;0;48;2;0;0;0m▀[0m
[0m   [38;2;131;115;98;48;2;0;0;0m▀[38;2;255;255;255;48;2;255;255;255m▀[48;2;213;197;180m▀[38;2;90;65;49;48;2;0;0;0m▀[48;2;197;172;139m▀[49m▄▄▄▄▄▄[48;2;164;139;106m▀▀▀▀[38;2;164;139;106;48;2;90;65;49m▀[48;2;164;139;106m▀[48;2;0;0;0m▀[38;2;0;0;0;49m▀▀▀[48;2;0;0;0m▀[38;2;164;139;106;48;2;164;139;106m▀[38;2;197;172;139m▀[48;2;90;65;49m▀[38;2;164;139;106;48;2;197;172;139m▀[38;2;90;65;49m▀▀[38;2;197;172;139;48;2;90;65;49m▀▀▀▀▀▀▀▀▀[38;2;131;106;82;48;2;131;106;82m▀[38;2;90;65;49;48;2;197;172;139m▀▀▀▀[38;2;197;172;139;48;2;90;65;49m▀▀[48;2;197;172;139m▀[38;2;164;139;106;48;2;131;106;82m▀[38;2;0;0;0m▀▀[38;2;131;106;82;48;2;0;0;0m▀[38;2;0;0;0m▀[49m▀[38;2;90;65;49;48;2;0;0;0m▀[38;2;164;139;106;48;2;131;106;82m▀[48;2;90;65;49m▀[48;2;0;0;0m▀[38;2;0;0;0;48;2;131;115;98m▀[38;2;131;115;98;48;2;255;255;255m▀▀[38;2;0;0;0;49m▄[0m
[0m [38;2;131;115;98m▄[48;2;164;139;106m▀[38;2;0;0;0;48;2;197;172;139m▀[38;2;255;255;255;48;2;0;0;0m▀[38;2;0;0;0;48;2;164;139;106m▀[38;2;164;139;106m▀[38;2;197;172;139;48;2;131;115;98m▀[38;2;131;115;98;48;2;255;255;255m▀▀[38;2;197;172;139;48;2;90;65;49m▀[48;2;197;172;139m▀▀▀▀[38;2;164;139;106;48;2;164;139;106m▀▀[48;2;131;106;82m▀[38;2;90;65;49;48;2;0;0;0m▀[38;2;0;0;0;49m▀[0m    [38;2;0;0;0m▀[38;2;164;139;106;48;2;0;0;0m▀[38;2;90;65;49;48;2;164;139;106m▀[38;2;197;172;139;48;2;197;172;139m▀▀▀▀▀▀▀▀▀▀▀▀▀▀▀▀▀▀▀[48;2;164;139;106m▀[38;2;90;65;49;48;2;131;106;82m▀[38;2;131;106;82;48;2;90;65;49m▀[48;2;131;106;82m▀▀▀[38;2;0;0;0;48;2;0;0;0m▀[0m [38;2;90;65;49;48;2;0;0;0m▀[38;2;164;139;106;48;2;164;139;106m▀▀[48;2;90;65;49m▀[38;2;131;115;98;48;2;197;172;139m▀[38;2;255;255;255;48;2;131;115;98m▀[48;2;255;255;255m▀[38;2;0;0;0;48;2;0;0;0m▀[38;2;90;65;49;48;2;197;172;139m▀[38;2;131;115;98;48;2;90;65;49m▀[49m▄[0m
[38;2;131;115;98;48;2;131;115;98m▀[38;2;255;255;255;48;2;255;255;255m▀▀[38;2;164;139;106;48;2;164;139;106m▀▀▀[38;2;90;65;49m▀[38;2;255;255;255;48;2;90;65;49m▀[48;2;213;197;180m▀[48;2;0;0;0m▀[38;2;90;65;49;48;2;90;65;49m▀[38;2;164;139;106;48;2;0;0;0m▀▀▀[38;2;90;65;49;49m▀[38;2;0;0;0m▀▀▀[0m       [38;2;0;0;0;48;2;90;65;49m▀[38;2;164;139;106;48;2;164;139;106m▀[38;2;197;172;139m▀[48;2;197;172;139m▀▀▀▀▀▀▀▀▀▀▀▀▀▀▀▀[48;2;164;139;106m▀[38;2;164;139;106;48;2;131;106;82m▀[38;2;131;106;82m▀▀▀[38;2;90;65;49m▀[38;2;131;106;82;48;2;90;65;49m▀[38;2;0;0;0;48;2;0;0;0m▀[0m   [38;2;0;0;0m▀[38;2;164;139;106;48;2;0;0;0m▀[38;2;90;65;49;48;2;164;139;106m▀[38;2;197;172;139m▀[38;2;164;139;106m▀[38;2;0;0;0m▀▀[38;2;164;139;106m▀[38;2;255;255;255;48;2;255;255;255m▀▀[38;2;131;115;98;48;2;0;0;0m▀[0m
[38;2;131;115;98;48;2;0;0;0m▀[38;2;255;255;255m▀[38;2;0;0;0;49m▀[38;2;131;115;98m▀[38;2;164;139;106;48;2;0;0;0m▀▀▀[38;2;0;0;0;49m▀▀[0m                [38;2;90;65;49m▄[38;2;0;0;0;48;2;0;0;0m▀[38;2;164;139;106;48;2;164;139;106m▀[48;2;90;65;49m▀[38;2;90;65;49;48;2;164;139;106m▀[48;2;197;172;139m▀▀[38;2;131;106;82m▀▀▀▀▀▀▀[38;2;90;65;49m▀▀[48;2;164;139;106m▀[48;2;131;106;82m▀▀[38;2;131;106;82;48;2;90;65;49m▀▀▀[48;2;131;106;82m▀▀▀[48;2;0;0;0m▀[38;2;0;0;0;49m▀[0m    [38;2;0;0;0;48;2;0;0;0m▀[38;2;90;65;49;48;2;213;197;180m▀[48;2;255;255;255m▀[48;2;90;65;49m▀[38;2;164;139;106;48;2;164;139;106m▀▀[48;2;0;0;0m▀[38;2;0;0;0;49m▀[38;2;255;255;255;48;2;0;0;0m▀[38;2;0;0;0m▀[0m
[0m                      [38;2;90;65;49m▄[48;2;230;213;180m▀▀[38;2;164;139;106;48;2;197;172;139m▀[48;2;164;139;106m▀[38;2;90;65;49;48;2;0;0;0m▀[38;2;131;106;82;48;2;131;106;82m▀▀▀▀[38;2;164;139;106m▀▀▀▀▀▀▀[38;2;131;106;82m▀▀▀▀[48;2;0;0;0m▀▀[38;2;0;0;0;48;2;164;139;106m▀[48;2;197;172;139m▀▀[48;2;164;139;106m▀[38;2;131;106;82;48;2;0;0;0m▀[38;2;0;0;0;49m▀[0m      [38;2;0;0;0;48;2;0;0;0m▀[38;2;255;255;255m▀[48;2;255;255;255m▀[38;2;0;0;0;48;2;0;0;0m▀[49m▀[0m
[0m                     [38;2;90;65;49;48;2;0;0;0m▀[38;2;230;213;180;48;2;230;213;180m▀▀[48;2;197;172;139m▀[38;2;197;172;139m▀▀[38;2;164;139;106;48;2;164;139;106m▀[38;2;0;0;0;48;2;0;0;0m▀[38;2;131;106;82m▀[48;2;131;106;82m▀[48;2;90;65;49m▀[38;2;90;65;49;48;2;131;106;82m▀▀▀▀▀▀▀[38;2;131;106;82;48;2;90;65;49m▀▀[48;2;131;106;82m▀[38;2;0;0;0;48;2;0;0;0m▀[38;2;164;139;106;48;2;197;172;139m▀[38;2;197;172;139;48;2;230;213;180m▀▀[48;2;197;172;139m▀▀▀▀[38;2;90;65;49m▀[49m▄[0m      [38;2;0;0;0m▀▀▀[0m
[0m                    [38;2;0;0;0;48;2;0;0;0m▀[48;2;131;106;82m▀[38;2;131;106;82;48;2;197;172;139m▀▀▀[38;2;197;172;139;48;2;90;65;49m▀▀[38;2;131;106;82;48;2;131;106;82m▀[38;2;90;65;49m▀[38;2;0;0;0;48;2;0;0;0m▀▀[38;2;131;106;82m▀[48;2;131;106;82m▀▀▀▀▀▀▀▀▀[38;2;0;0;0;48;2;0;0;0m▀[38;2;131;106;82;48;2;131;106;82m▀[38;2;197;172;139;48;2;164;139;106m▀[38;2;230;213;180;48;2;197;172;139m▀[48;2;230;213;180m▀[48;2;197;172;139m▀[38;2;197;172;139;48;2;131;106;82m▀▀[48;2;90;65;49m▀▀[38;2;0;0;0;48;2;164;139;106m▀[49m▄[0m
[0m                    [38;2;0;0;0;48;2;0;0;0m▀[38;2;197;172;139;48;2;164;139;106m▀[48;2;197;172;139m▀▀[48;2;164;139;106m▀[48;2;131;106;82m▀[38;2;164;139;106m▀[38;2;90;65;49m▀[38;2;131;106;82;48;2;0;0;0m▀[48;2;131;106;82m▀▀[38;2;90;65;49;48;2;0;0;0m▀[38;2;0;0;0;49m▀[38;2;90;65;49m▀[38;2;131;106;82;48;2;0;0;0m▀[48;2;90;65;49m▀[48;2;164;139;106m▀▀▀[38;2;164;139;106m▀[48;2;0;0;0m▀[38;2;0;0;0m▀[38;2;131;106;82;48;2;131;106;82m▀▀[38;2;197;172;139;48;2;90;65;49m▀[38;2;90;65;49;48;2;197;172;139m▀[38;2;131;106;82m▀[38;2;197;172;139m▀▀▀[48;2;164;139;106m▀[38;2;90;65;49;48;2;131;106;82m▀[38;2;0;0;0m▀[49m▄[0m
[0m                    [38;2;0;0;0m▀[38;2;131;106;82;48;2;90;65;49m▀[48;2;131;106;82m▀▀▀▀▀▀▀[38;2;0;0;0m▀[38;2;90;65;49m▀[38;2;0;0;0m▀[49m▄[0m   [38;2;0;0;0m▀▀▀▀[0m [38;2;90;65;49;48;2;90;65;49m▀[48;2;131;106;82m▀▀[38;2;131;106;82m▀▀[38;2;164;139;106m▀[38;2;197;172;139m▀▀[38;2;164;139;106m▀[38;2;131;106;82m▀▀▀[38;2;0;0;0;48;2;0;0;0m▀[0m
[0m                   [38;2;131;115;98m▄[48;2;255;255;255m▀[38;2;90;65;49m▀[38;2;131;106;82;48;2;90;65;49m▀[48;2;131;106;82m▀▀[48;2;131;115;98m▀[38;2;0;0;0;48;2;255;255;255m▀▀[38;2;131;106;82;48;2;0;0;0m▀[48;2;131;106;82m▀▀[48;2;0;0;0m▀[38;2;0;0;0;49m▀[0m        [38;2;0;0;0;48;2;0;0;0m▀[38;2;131;106;82;48;2;131;106;82m▀▀▀▀▀▀▀▀▀▀▀[38;2;0;0;0m▀[48;2;0;0;0m▀[0m
[0m                  [38;2;0;0;0;48;2;131;115;98m▀[38;2;255;255;255;48;2;0;0;0m▀▀[38;2;0;0;0;49m▀▀▀[48;2;0;0;0m▀[38;2;255;255;255;48;2;213;197;180m▀▀[38;2;213;197;180;48;2;0;0;0m▀[38;2;0;0;0;49m▀▀▀[0m          [38;2;0;0;0m▀[38;2;131;106;82;48;2;0;0;0m▀[48;2;131;106;82m▀[48;2;90;65;49m▀[38;2;90;65;49;48;2;255;255;255m▀▀[38;2;131;106;82;48;2;90;65;49m▀[48;2;131;106;82m▀▀[48;2;90;65;49m▀[38;2;90;65;49;48;2;255;255;255m▀▀[38;2;131;106;82;48;2;0;0;0m▀[38;2;0;0;0;49m▀[0m
[0m                         [38;2;0;0;0m▀▀[0m                [38;2;0;0;0m▀[48;2;0;0;0m▀[38;2;255;255;255;48;2;255;255;255m▀▀[48;2;0;0;0m▀[38;2;0;0;0;49m▀▀▀[38;2;255;255;255;48;2;0;0;0m▀[48;2;255;255;255m▀▀[38;2;0;0;0;48;2;0;0;0m▀[0m
[0m                                             [38;2;0;0;0m▀▀▀[0m    [38;2;0;0;0m▀▀[0m
