[0m            [38;2;156;90;180m▄[48;2;255;205;255m▀[38;2;90;24;148m▀[38;2;0;0;0;48;2;197;123;230m▀[48;2;180;106;205m▀[49m▄[0m  [38;2;90;24;148m▄[38;2;0;0;0m▄▄▄[0m
[0m     [38;2;156;90;180m▄▄[38;2;90;24;148m▄▄▄[48;2;90;24;148m▀[48;2;197;123;230m▀[38;2;230;164;246m▀[38;2;255;205;255m▀[38;2;230;164;246m▀[38;2;197;123;230m▀[38;2;156;90;180;48;2;156;90;180m▀▀[38;2;90;24;148;48;2;197;123;230m▀[48;2;230;164;246m▀[38;2;255;205;255;48;2;255;205;255m▀▀[38;2;230;164;246;48;2;230;164;246m▀[38;2;180;106;205;48;2;197;123;230m▀[38;2;0;0;0;48;2;180;106;205m▀[49m▄[0m
[0m   [38;2;156;90;180m▄[48;2;230;164;246m▀[38;2;255;205;255;48;2;255;205;255m▀▀[38;2;230;164;246;48;2;230;164;246m▀[38;2;197;123;230;48;2;197;123;230m▀▀▀▀▀▀▀[38;2;180;106;205m▀▀[38;2;197;123;230m▀▀▀[38;2;230;164;246m▀▀[38;2;197;123;230m▀▀[38;2;180;106;205;48;2;156;90;180m▀[38;2;0;0;0m▀[38;2;90;24;148;49m▄[0m
[0m   [38;2;90;24;148;48;2;0;0;0m▀[38;2;197;123;230;48;2;197;123;230m▀[38;2;230;164;246m▀▀[38;2;197;123;230m▀▀▀▀▀[48;2;0;0;0m▀[48;2;197;123;230m▀▀▀▀▀▀▀▀▀▀▀[38;2;156;90;180m▀[48;2;180;106;205m▀[48;2;197;123;230m▀[38;2;90;24;148m▀[49m▄▄[0m
[0m    [38;2;0;0;0;48;2;0;0;0m▀[38;2;197;123;230;48;2;197;123;230m▀▀▀▀▀▀[48;2;156;90;180m▀[48;2;197;123;230m▀▀▀▀▀▀▀[38;2;0;0;0m▀[38;2;197;123;230m▀▀▀▀▀▀▀▀▀▀[38;2;90;24;148m▀[38;2;0;0;0;49m▄[0m
[0m     [38;2;0;0;0;48;2;0;0;0m▀[38;2;197;123;230;48;2;197;123;230m▀▀▀▀▀▀[38;2;90;24;148m▀[38;2;0;0;0m▀[38;2;156;90;180;48;2;156;90;180m▀[38;2;197;123;230;48;2;90;24;148m▀[48;2;0;0;0m▀▀▀[48;2;90;24;148m▀[48;2;156;90;180m▀[48;2;197;123;230m▀▀▀▀▀▀▀▀▀▀[38;2;0;0;0;48;2;0;0;0m▀[0m
[0m     [38;2;0;0;0;48;2;90;24;148m▀[38;2;197;123;230;48;2;197;123;230m▀▀▀▀▀▀▀▀▀▀▀▀▀▀▀▀▀▀▀▀▀▀▀▀[38;2;156;90;180;48;2;0;0;0m▀[38;2;90;24;148;49m▀[0m
[0m    [38;2;90;24;148;48;2;90;24;148m▀[38;2;197;123;230;48;2;197;123;230m▀▀▀▀▀▀▀▀▀▀▀▀▀▀▀▀▀▀▀▀▀▀▀[38;2;180;106;205;48;2;156;90;180m▀[38;2;156;90;180m▀▀[38;2;90;24;148;48;2;90;24;148m▀[0m
[0m  [38;2;0;0;0m▄[48;2;197;123;230m▀[38;2;197;123;230m▀▀▀▀▀▀▀▀▀▀▀▀▀▀▀▀▀▀▀▀▀▀▀▀[38;2;180;106;205m▀[38;2;156;90;180;48;2;156;90;180m▀▀▀[38;2;0;0;0;48;2;90;24;148m▀[0m
[0m [38;2;90;24;148;48;2;90;24;148m▀[38;2;156;90;180;48;2;156;90;180m▀[38;2;197;123;230m▀[48;2;197;123;230m▀▀▀▀▀▀▀▀▀▀▀▀▀▀▀▀▀▀▀▀▀▀▀▀[38;2;180;106;205;48;2;156;90;180m▀[38;2;156;90;180m▀▀▀▀[38;2;90;24;148m▀[38;2;0;0;0;49m▄[0m
[38;2;90;24;148;48;2;0;0;0m▀[38;2;156;90;180;48;2;156;90;180m▀▀▀▀[38;2;180;106;205m▀[38;2;197;123;230m▀▀▀▀▀[48;2;180;106;205m▀[48;2;197;123;230m▀▀▀▀▀▀▀▀▀▀[48;2;156;90;180m▀[48;2;197;123;230m▀[48;2;156;90;180m▀[48;2;197;123;230m▀[48;2;156;90;180m▀[38;2;156;90;180m▀▀▀▀▀▀▀▀[38;2;0;0;0;48;2;0;0;0m▀[0m
[38;2;0;0;0;49m▀[38;2;156;90;180;48;2;0;0;0m▀[48;2;156;90;180m▀▀▀▀▀▀▀▀▀▀[38;2;197;123;230m▀[48;2;180;106;205m▀[48;2;197;123;230m▀▀▀▀[48;2;180;106;205m▀[38;2;180;106;205;48;2;156;90;180m▀[38;2;197;123;230m▀[38;2;156;90;180;48;2;197;123;230m▀[38;2;197;123;230;48;2;156;90;180m▀[38;2;156;90;180;48;2;197;123;230m▀[38;2;197;123;230;48;2;156;90;180m▀[38;2;156;90;180m▀▀▀▀▀▀▀▀▀▀[38;2;0;0;0;48;2;0;0;0m▀[0m
[0m [38;2;0;0;0m▀[38;2;156;90;180;48;2;0;0;0m▀▀[48;2;156;90;180m▀▀▀[48;2;0;0;0m▀▀[48;2;90;24;148m▀▀[48;2;156;90;180m▀▀▀▀▀▀▀▀▀▀▀▀▀▀[48;2;90;24;148m▀[48;2;0;0;0m▀▀[48;2;90;24;148m▀[48;2;156;90;180m▀▀▀[48;2;0;0;0m▀▀[38;2;90;24;148;49m▀[0m
[0m    [38;2;0;0;0m▀▀▀[0m   [38;2;90;24;148m▀[38;2;156;90;180;48;2;90;24;148m▀[48;2;0;0;0m▀[48;2;156;90;180m▀▀▀▀▀▀▀▀▀[48;2;0;0;0m▀▀[38;2;90;24;148;49m▀[0m   [38;2;90;24;148m▀[38;2;0;0;0m▀▀[38;2;90;24;148m▀[0m
[0m             [38;2;0;0;0m▀▀▀▀▀▀▀▀▀[0m
