[0m         [38;2;115;74;74m▄[38;2;164;98;74;48;2;213;156;74m▀[38;2;115;74;74;49m▄[0m
[0m        [38;2;115;74;74;48;2;115;74;74m▀[38;2;164;98;74;48;2;164;98;74m▀[38;2;213;156;74;48;2;0;0;0m▀[38;2;115;74;74;48;2;213;156;74m▀[49m▄[0m
[0m       [38;2;115;74;74;48;2;115;74;74m▀[38;2;164;98;74;48;2;164;98;74m▀[48;2;0;0;0m▀[38;2;0;0;0m▀[38;2;213;156;74;48;2;213;156;74m▀[38;2;0;0;0;48;2;0;0;0m▀[0m
[0m       [38;2;115;74;74;48;2;82;49;32m▀[38;2;164;98;74;48;2;115;74;74m▀[38;2;0;0;0;48;2;82;49;32m▀[48;2;0;0;0m▀[38;2;213;156;74;48;2;164;98;74m▀[38;2;0;0;0;48;2;0;0;0m▀[0m            [38;2;164;98;74m▄▄▄[48;2;213;156;74m▀[48;2;0;0;0m▀[0m
[0m      [38;2;82;49;32;48;2;82;49;32m▀[38;2;164;98;74;48;2;164;98;74m▀[38;2;0;0;0;48;2;0;0;0m▀[38;2;82;49;32m▀[48;2;164;98;74m▀[38;2;164;98;74;48;2;0;0;0m▀[38;2;0;0;0;49m▀[0m         [38;2;164;98;74m▄[48;2;213;156;74m▀▀[38;2;213;156;74;48;2;164;98;74m▀[48;2;0;0;0m▀▀[48;2;164;98;74m▀[38;2;0;0;0;48;2;0;0;0m▀[0m
[0m      [38;2;82;49;32;48;2;82;49;32m▀[38;2;164;98;74;48;2;164;98;74m▀[38;2;82;49;32;48;2;82;49;32m▀[38;2;0;0;0;48;2;0;0;0m▀[38;2;164;98;74;48;2;164;98;74m▀[38;2;0;0;0;48;2;0;0;0m▀[0m       [38;2;115;74;74m▄[48;2;213;156;74m▀[38;2;164;98;74m▀[38;2;213;156;74;48;2;0;0;0m▀[38;2;164;98;74m▀[38;2;0;0;0;48;2;82;49;32m▀▀[48;2;0;0;0m▀[38;2;164;98;74;48;2;164;98;74m▀[38;2;0;0;0;48;2;0;0;0m▀[0m
[0m       [38;2;82;49;32;48;2;82;49;32m▀[38;2;0;0;0;48;2;0;0;0m▀[38;2;164;98;74;48;2;115;74;74m▀[38;2;0;0;0;48;2;0;0;0m▀[0m [38;2;82;49;32m▄[0m    [38;2;115;74;74m▄[48;2;164;98;74m▀[38;2;213;156;74;48;2;213;156;74m▀[48;2;0;0;0m▀[38;2;0;0;0m▀[48;2;82;49;32m▀[38;2;82;49;32m▀▀[38;2;0;0;0;48;2;0;0;0m▀[38;2;164;98;74;48;2;164;98;74m▀[38;2;0;0;0;48;2;0;0;0m▀[0m
[0m      [38;2;115;74;74m▄[38;2;164;98;74;48;2;164;98;74m▀[38;2;82;49;32;48;2;213;156;74m▀[38;2;213;156;74;48;2;164;98;74m▀[48;2;213;156;74m▀[38;2;82;49;32;48;2;164;98;74m▀[38;2;213;156;74;48;2;213;156;74m▀[38;2;0;0;0m▀[48;2;164;98;74m▀[49m▄[38;2;115;74;74;48;2;115;74;74m▀[38;2;213;156;74;48;2;213;156;74m▀[48;2;0;0;0m▀[38;2;0;0;0m▀▀[38;2;82;49;32;48;2;82;49;32m▀▀▀[48;2;164;98;74m▀[38;2;164;98;74;48;2;0;0;0m▀[38;2;0;0;0;49m▀[0m
[0m    [38;2;115;74;74m▄[48;2;213;156;74m▀[38;2;213;156;74m▀▀▀▀▀▀[38;2;164;98;74m▀[38;2;213;156;74m▀▀[38;2;115;74;74m▀[38;2;213;156;74m▀[38;2;164;98;74m▀[38;2;213;156;74;48;2;82;49;32m▀[38;2;0;0;0m▀[48;2;164;98;74m▀▀[38;2;164;98;74;48;2;0;0;0m▀▀[38;2;0;0;0;49m▀[0m    [38;2;115;74;74m▄▄[38;2;189;156;123m▄[38;2;230;197;148m▄[38;2;115;74;74;48;2;230;197;148m▀[48;2;0;0;0m▀[0m
[0m   [38;2;164;98;74m▄[38;2;115;74;74;48;2;213;156;74m▀[38;2;213;156;74m▀▀▀▀▀▀▀▀▀▀▀▀[38;2;82;49;32;48;2;164;98;74m▀[38;2;164;98;74;48;2;115;74;74m▀[48;2;82;49;32m▀[38;2;82;49;32;49m▀[38;2;0;0;0m▀[0m    [38;2;115;74;74m▄[48;2;230;197;148m▀[38;2;189;156;123m▀[38;2;230;197;148m▀▀[48;2;189;156;123m▀[38;2;189;156;123;48;2;230;197;148m▀[38;2;164;98;74;48;2;0;0;0m▀[38;2;0;0;0;49m▀[0m
[0m   [38;2;164;98;74;48;2;82;49;32m▀[38;2;82;49;32;48;2;255;255;255m▀[38;2;213;156;74;48;2;82;49;32m▀[48;2;213;156;74m▀▀▀▀▀▀▀▀▀▀▀[38;2;164;98;74m▀[48;2;164;98;74m▀[38;2;0;0;0;48;2;0;0;0m▀[0m    [38;2;115;74;74m▄[48;2;189;156;123m▀[38;2;230;197;148;48;2;230;197;148m▀▀▀▀▀[38;2;189;156;123m▀[38;2;230;197;148m▀[38;2;0;0;0m▀[49m▄[0m
[0m   [38;2;0;0;0;48;2;0;0;0m▀[48;2;82;49;32m▀[48;2;0;0;0m▀[38;2;213;156;74;48;2;213;156;74m▀▀▀▀▀▀[38;2;164;98;74;48;2;82;49;32m▀[38;2;82;49;32;48;2;255;255;255m▀[38;2;213;156;74;48;2;0;0;0m▀[48;2;213;156;74m▀▀[48;2;164;98;74m▀[38;2;164;98;74m▀[38;2;0;0;0;48;2;0;0;0m▀[0m   [38;2;115;74;74;48;2;115;74;74m▀[38;2;189;156;123;48;2;189;156;123m▀[38;2;230;197;148;48;2;230;197;148m▀▀[48;2;189;156;123m▀[48;2;230;197;148m▀▀▀▀▀▀[38;2;0;0;0m▀[49m▄[0m
[0m  [38;2;82;49;32;48;2;82;49;32m▀[38;2;213;156;74;48;2;213;156;74m▀[38;2;0;0;0m▀[38;2;115;74;74m▀[38;2;213;156;74;48;2;82;49;32m▀[48;2;213;156;74m▀▀▀▀▀[38;2;0;0;0;48;2;0;0;0m▀[48;2;82;49;32m▀[48;2;0;0;0m▀[38;2;213;156;74;48;2;213;156;74m▀[48;2;164;98;74m▀[38;2;164;98;74m▀[48;2;115;74;74m▀[38;2;0;0;0;48;2;230;197;148m▀[49m▄[0m [38;2;115;74;74;48;2;115;74;74m▀[38;2;164;98;74;48;2;164;98;74m▀▀[38;2;230;197;148;48;2;189;156;123m▀[38;2;189;156;123;48;2;164;98;74m▀[38;2;164;98;74m▀[38;2;189;156;123;48;2;189;156;123m▀[38;2;230;197;148;48;2;164;98;74m▀[38;2;189;156;123m▀[38;2;230;197;148;48;2;230;197;148m▀▀▀▀[38;2;0;0;0m▀[49m▄[0m
[0m   [38;2;164;98;74;48;2;82;49;32m▀[38;2;213;156;74;48;2;213;156;74m▀[38;2;164;98;74m▀[38;2;213;156;74;48;2;115;74;74m▀[48;2;164;98;74m▀[48;2;213;156;74m▀▀[48;2;115;74;74m▀[48;2;213;156;74m▀[38;2;82;49;32m▀[38;2;0;0;0m▀[38;2;164;98;74m▀[38;2;213;156;74;48;2;164;98;74m▀[38;2;164;98;74m▀[48;2;115;74;74m▀[38;2;115;74;74;48;2;230;197;148m▀[38;2;230;197;148m▀▀[38;2;115;74;74m▀[38;2;164;98;74;48;2;0;0;0m▀[48;2;164;98;74m▀▀▀▀▀▀▀▀[38;2;189;156;123m▀[38;2;230;197;148;48;2;230;197;148m▀[48;2;189;156;123m▀[38;2;164;98;74;48;2;164;98;74m▀[38;2;189;156;123m▀[38;2;0;0;0;48;2;0;0;0m▀[0m
[0m [38;2;189;156;123m▄[48;2;255;230;172m▀[48;2;230;197;148m▀[38;2;0;0;0;48;2;189;156;123m▀[38;2;164;98;74;48;2;115;74;74m▀[38;2;213;156;74;48;2;0;0;0m▀[48;2;164;98;74m▀[38;2;115;74;74;48;2;213;156;74m▀▀[38;2;213;156;74m▀[48;2;164;98;74m▀▀[38;2;164;98;74m▀▀[48;2;115;74;74m▀▀[38;2;115;74;74;48;2;230;197;148m▀[38;2;230;197;148m▀▀[48;2;189;156;123m▀[48;2;230;197;148m▀[38;2;0;0;0m▀[38;2;164;98;74;48;2;115;74;74m▀[48;2;164;98;74m▀▀▀▀▀▀▀▀[38;2;189;156;123m▀[38;2;164;98;74m▀▀▀[38;2;0;0;0;48;2;0;0;0m▀[0m
[38;2;189;156;123;48;2;189;156;123m▀[38;2;255;230;172;48;2;255;230;172m▀[38;2;230;197;148;48;2;230;197;148m▀[38;2;255;230;172;48;2;255;230;172m▀[38;2;230;197;148;48;2;189;156;123m▀[38;2;189;156;123;48;2;255;230;172m▀▀[38;2;230;197;148m▀[38;2;115;74;74m▀▀[48;2;230;197;148m▀▀▀▀▀[38;2;189;156;123m▀[38;2;230;197;148;48;2;189;156;123m▀[48;2;230;197;148m▀▀▀▀[38;2;189;156;123m▀[38;2;0;0;0;48;2;0;0;0m▀[38;2;115;74;74;48;2;115;74;74m▀[38;2;164;98;74m▀[48;2;164;98;74m▀▀▀▀▀▀▀▀▀[48;2;115;74;74m▀[38;2;115;74;74m▀[38;2;0;0;0;48;2;0;0;0m▀[0m
[38;2;189;156;123;49m▀[38;2;230;197;148;48;2;115;74;74m▀[38;2;255;230;172;48;2;230;197;148m▀[38;2;230;197;148;48;2;189;156;123m▀[38;2;255;230;172;48;2;255;230;172m▀▀▀▀▀▀▀▀[38;2;230;197;148m▀[38;2;189;156;123;48;2;230;197;148m▀[38;2;230;197;148;48;2;189;156;123m▀[48;2;230;197;148m▀▀[38;2;189;156;123;48;2;189;156;123m▀[38;2;230;197;148;48;2;230;197;148m▀▀[38;2;189;156;123;48;2;189;156;123m▀[38;2;0;0;0;48;2;0;0;0m▀[38;2;115;74;74m▀[48;2;115;74;74m▀▀▀▀[38;2;164;98;74m▀▀▀▀▀[38;2;115;74;74m▀▀▀[38;2;0;0;0;48;2;0;0;0m▀[0m
[0m [38;2;82;49;32m▀[38;2;230;197;148;48;2;82;49;32m▀[38;2;189;156;123m▀[38;2;255;230;172;48;2;255;230;172m▀▀▀▀▀▀▀▀[48;2;230;197;148m▀[38;2;230;197;148m▀[38;2;189;156;123;48;2;189;156;123m▀[38;2;230;197;148;48;2;230;197;148m▀[48;2;189;156;123m▀[38;2;189;156;123;48;2;230;197;148m▀[38;2;230;197;148m▀[48;2;0;0;0m▀[38;2;0;0;0;48;2;164;98;74m▀[38;2;164;98;74m▀[38;2;0;0;0m▀[38;2;115;74;74;48;2;0;0;0m▀[48;2;115;74;74m▀▀▀▀▀▀▀▀[48;2;164;98;74m▀[48;2;115;74;74m▀[38;2;0;0;0;48;2;0;0;0m▀[0m
[0m    [38;2;82;49;32;48;2;82;49;32m▀[38;2;230;197;148;48;2;189;156;123m▀[38;2;255;230;172;48;2;230;197;148m▀▀▀▀[38;2;230;197;148;48;2;189;156;123m▀[48;2;230;197;148m▀▀[38;2;189;156;123;48;2;0;0;0m▀[38;2;230;197;148;48;2;115;74;74m▀[48;2;189;156;123m▀[38;2;189;156;123;48;2;0;0;0m▀[38;2;0;0;0;48;2;164;98;74m▀[38;2;82;49;32m▀[38;2;164;98;74m▀▀▀▀[38;2;0;0;0m▀[38;2;115;74;74;48;2;0;0;0m▀[48;2;115;74;74m▀▀▀[48;2;164;98;74m▀[38;2;164;98;74;48;2;115;74;74m▀[38;2;115;74;74;48;2;164;98;74m▀[38;2;164;98;74;48;2;0;0;0m▀[38;2;115;74;74m▀[38;2;0;0;0;49m▀[0m
[0m     [38;2;82;49;32m▀[38;2;230;197;148;48;2;82;49;32m▀[38;2;189;156;123;48;2;0;0;0m▀[38;2;230;197;148;48;2;230;197;148m▀[48;2;189;156;123m▀[38;2;189;156;123;48;2;230;197;148m▀[38;2;230;197;148;48;2;0;0;0m▀[38;2;0;0;0;48;2;115;74;74m▀[38;2;115;74;74;48;2;82;49;32m▀[38;2;164;98;74;48;2;164;98;74m▀[38;2;0;0;0m▀[38;2;164;98;74m▀▀[38;2;82;49;32;48;2;82;49;32m▀[38;2;164;98;74;48;2;164;98;74m▀▀▀▀▀[38;2;0;0;0;48;2;0;0;0m▀[38;2;115;74;74m▀▀▀[38;2;0;0;0;49m▀▀▀[0m
[0m      [38;2;82;49;32;48;2;82;49;32m▀[38;2;164;98;74;48;2;164;98;74m▀[38;2;0;0;0m▀▀[38;2;189;156;123;48;2;0;0;0m▀[38;2;82;49;32m▀[38;2;115;74;74;48;2;115;74;74m▀[38;2;82;49;32;48;2;0;0;0m▀[38;2;164;98;74;48;2;213;156;74m▀▀[48;2;164;98;74m▀[38;2;0;0;0;48;2;0;0;0m▀[38;2;115;74;74;48;2;82;49;32m▀[48;2;164;98;74m▀[38;2;164;98;74m▀▀▀[48;2;0;0;0m▀[38;2;0;0;0;49m▀[0m
[0m    [38;2;82;49;32m▄[48;2;164;98;74m▀[38;2;164;98;74m▀▀▀[48;2;82;49;32m▀[38;2;82;49;32;49m▀▄[38;2;0;0;0;48;2;0;0;0m▀[38;2;82;49;32;48;2;213;156;74m▀[38;2;213;156;74m▀▀▀[38;2;82;49;32;48;2;0;0;0m▀[38;2;164;98;74;48;2;82;49;32m▀[48;2;164;98;74m▀[48;2;82;49;32m▀[48;2;164;98;74m▀[48;2;0;0;0m▀[38;2;0;0;0;49m▀[0m
[0m    [38;2;82;49;32m▀[38;2;164;98;74;48;2;0;0;0m▀[38;2;82;49;32m▀[38;2;164;98;74m▀[38;2;82;49;32;48;2;82;49;32m▀[38;2;0;0;0;49m▀[0m [38;2;0;0;0;48;2;0;0;0m▀[38;2;213;156;74;48;2;164;98;74m▀[48;2;213;156;74m▀[48;2;164;98;74m▀[48;2;213;156;74m▀[38;2;164;98;74;48;2;0;0;0m▀[38;2;0;0;0;49m▀▀▀▀▀[0m
[0m            [38;2;82;49;32m▀[38;2;0;0;0m▀▀▀[0m
