[0m        [38;2;90;74;16m▄[38;2;0;0;0;48;2;205;172;74m▀[49m▄[0m
[0m      [38;2;90;74;16m▄[48;2;205;172;74m▀[38;2;205;172;74m▀▀[38;2;0;0;0;48;2;0;0;0m▀[0m
[0m     [38;2;90;74;16;48;2;90;74;16m▀[38;2;205;172;74;48;2;205;172;74m▀▀▀[48;2;0;0;0m▀[38;2;0;0;0;49m▀[0m
[0m    [38;2;90;74;16;48;2;90;74;16m▀[38;2;205;172;74;48;2;205;172;74m▀▀▀▀[38;2;0;0;0;48;2;0;0;0m▀[0m          [38;2;172;139;57m▄▄▄[48;2;255;255;139m▀▀▀[38;2;131;106;41m▀[38;2;90;74;16m▀[38;2;0;0;0;48;2;0;0;0m▀[0m
[0m   [38;2;90;74;16;48;2;90;74;16m▀[38;2;205;172;74;48;2;205;172;74m▀▀▀▀[38;2;0;0;0;48;2;131;106;41m▀[38;2;131;106;41;48;2;255;222;82m▀[49m▄[0m     [38;2;131;106;41m▄[38;2;172;139;57m▄[48;2;255;222;82m▀▀[38;2;255;255;139;48;2;90;74;16m▀[48;2;0;0;0m▀▀[38;2;90;74;16m▀[38;2;0;0;0m▀[48;2;255;222;82m▀[38;2;255;222;82;48;2;0;0;0m▀[38;2;0;0;0;49m▀[0m
[0m   [38;2;0;0;0;48;2;0;0;0m▀[38;2;205;172;74;48;2;205;172;74m▀[48;2;90;74;16m▀▀[38;2;131;106;41;48;2;131;106;41m▀[38;2;255;222;82;48;2;255;222;82m▀[48;2;205;172;74m▀[38;2;90;74;16;48;2;131;106;41m▀[49m▄[48;2;255;222;82m▀[38;2;0;0;0;48;2;0;0;0m▀[38;2;90;74;16;49m▄[38;2;131;106;41;48;2;255;222;82m▀[38;2;255;222;82;48;2;90;74;16m▀[48;2;0;0;0m▀[38;2;90;74;16m▀[38;2;0;0;0m▀[48;2;74;8;123m▀▀[38;2;74;8;123;48;2;90;74;16m▀[48;2;205;172;74m▀[38;2;205;172;74;48;2;0;0;0m▀[38;2;0;0;0;49m▀[0m
[0m   [38;2;0;0;0;48;2;0;0;0m▀[38;2;90;74;16;48;2;90;74;16m▀[38;2;255;222;82;48;2;255;222;82m▀[38;2;131;106;41m▀[38;2;255;222;82m▀[48;2;205;172;74m▀[38;2;205;172;74m▀[38;2;90;74;16;48;2;255;222;82m▀[38;2;255;222;82m▀[48;2;90;74;16m▀[38;2;90;74;16;48;2;255;222;82m▀[38;2;255;222;82;48;2;0;0;0m▀[38;2;0;0;0m▀[48;2;74;8;123m▀▀[38;2;74;8;123m▀▀[48;2;90;74;16m▀[38;2;90;74;16;48;2;205;172;74m▀[38;2;205;172;74m▀[38;2;0;0;0m▀[48;2;255;222;82m▀[49m▄[0m       [38;2;0;0;0m▄[48;2;0;0;0m▀[0m
[0m  [38;2;0;0;0m▄[38;2;90;74;16;48;2;255;222;82m▀[38;2;255;222;82;48;2;255;255;139m▀[38;2;255;255;139m▀▀[38;2;255;222;82m▀[48;2;255;222;82m▀▀▀[38;2;172;139;57m▀[38;2;255;222;82m▀[38;2;0;0;0m▀[38;2;172;139;57;48;2;205;172;74m▀[48;2;0;0;0m▀[38;2;74;8;123;48;2;131;106;41m▀[48;2;205;172;74m▀[38;2;90;74;16m▀[38;2;205;172;74;48;2;0;0;0m▀▀[38;2;0;0;0;49m▀▀▀▀[0m    [38;2;0;0;0m▄[48;2;205;172;74m▀[49m▄[48;2;255;222;82m▀[38;2;205;172;74;48;2;205;172;74m▀[38;2;0;0;0;48;2;0;0;0m▀[0m   [38;2;131;106;41m▄▄[48;2;255;222;82m▀[38;2;0;0;0;48;2;0;0;0m▀[0m
[0m [38;2;0;0;0m▄[48;2;255;255;255m▀[38;2;255;222;82;48;2;255;222;82m▀[38;2;255;255;139m▀[48;2;255;255;139m▀▀[48;2;255;222;82m▀[38;2;255;222;82m▀▀▀▀▀▀[38;2;205;172;74;48;2;131;106;41m▀[48;2;90;74;16m▀[48;2;0;0;0m▀[38;2;0;0;0;49m▀▀[38;2;82;82;82m▄▄[0m     [38;2;0;0;0m▄[48;2;205;172;74m▀[49m▄[48;2;205;172;74m▀[38;2;205;172;74;48;2;255;255;139m▀[38;2;255;255;139m▀[38;2;205;172;74;48;2;205;172;74m▀[48;2;0;0;0m▀[38;2;0;0;0;49m▀[38;2;131;106;41m▄▄[48;2;255;222;82m▀[38;2;255;222;82m▀[48;2;205;172;74m▀[38;2;205;172;74;48;2;131;106;41m▀[38;2;0;0;0;48;2;255;222;82m▀[49m▄[0m
[0m [38;2;0;0;0;48;2;90;74;16m▀[48;2;74;8;123m▀[38;2;255;222;82;48;2;255;222;82m▀▀▀▀▀[48;2;90;74;16m▀[38;2;90;74;16;48;2;255;255;255m▀[48;2;0;0;0m▀▀[38;2;255;222;82;48;2;255;222;82m▀▀[38;2;205;172;74;48;2;205;172;74m▀▀[48;2;0;0;0m▀[38;2;0;0;0;48;2;82;82;82m▀[38;2;82;82;82;48;2;197;197;197m▀[38;2;197;197;197m▀[38;2;0;0;0m▀[48;2;82;82;82m▀[49m▄▄[0m [38;2;0;0;0m▄[48;2;205;172;74m▀[38;2;205;172;74m▀[38;2;131;106;41m▀[38;2;255;255;139;48;2;255;222;82m▀[48;2;255;255;139m▀[48;2;205;172;74m▀[38;2;205;172;74m▀[38;2;0;0;0;48;2;131;106;41m▀[38;2;131;106;41;48;2;255;222;82m▀[38;2;205;172;74;48;2;255;255;139m▀[38;2;255;255;139m▀[38;2;255;222;82m▀[48;2;255;222;82m▀[38;2;131;106;41m▀[38;2;255;222;82m▀[38;2;205;172;74;48;2;0;0;0m▀[38;2;0;0;0;49m▀[0m
[38;2;0;0;0;48;2;0;0;0m▀[38;2;255;222;82;48;2;255;222;82m▀[48;2;90;74;16m▀[48;2;205;172;74m▀[48;2;255;222;82m▀▀▀[38;2;90;74;16;48;2;90;74;16m▀[38;2;0;0;0;48;2;74;8;123m▀▀[38;2;74;8;123;48;2;90;74;16m▀[38;2;90;74;16;48;2;255;222;82m▀[38;2;255;222;82m▀[38;2;205;172;74;48;2;205;172;74m▀▀[48;2;90;74;16m▀▀[38;2;0;0;0;48;2;197;197;197m▀[38;2;197;197;197m▀[38;2;82;82;82m▀[48;2;255;255;255m▀[38;2;255;255;255m▀[48;2;0;0;0m▀[38;2;0;0;0;49m▀[0m [38;2;0;0;0;48;2;0;0;0m▀[38;2;205;172;74;48;2;131;106;41m▀[38;2;131;106;41;48;2;255;222;82m▀[38;2;255;222;82m▀▀[48;2;205;172;74m▀[38;2;205;172;74;48;2;255;222;82m▀▀[38;2;255;222;82;48;2;255;255;139m▀[38;2;255;255;139m▀▀▀[48;2;255;222;82m▀[38;2;255;222;82;48;2;205;172;74m▀[38;2;205;172;74m▀[48;2;0;0;0m▀[38;2;0;0;0;49m▀[0m
[38;2;0;0;0;49m▀[38;2;205;172;74;48;2;0;0;0m▀[38;2;255;222;82;48;2;172;139;57m▀[48;2;90;74;16m▀[48;2;131;106;41m▀[48;2;255;222;82m▀▀▀[48;2;172;139;57m▀[48;2;255;222;82m▀▀[48;2;205;172;74m▀[38;2;205;172;74m▀▀▀[48;2;172;139;57m▀[38;2;0;0;0m▀[38;2;197;197;197;48;2;0;0;0m▀[48;2;197;197;197m▀[48;2;255;255;255m▀[38;2;82;82;82m▀[38;2;0;0;0m▀▀[38;2;131;106;41;48;2;0;0;0m▀▀[38;2;255;222;82m▀[48;2;255;222;82m▀▀▀▀▀▀▀▀▀[38;2;255;255;139m▀[38;2;255;222;82;48;2;205;172;74m▀[38;2;205;172;74m▀[48;2;131;106;41m▀▀[38;2;131;106;41;48;2;205;172;74m▀[48;2;255;255;139m▀[48;2;255;222;82m▀▀[48;2;205;172;74m▀[48;2;0;0;0m▀[0m
[0m  [38;2;0;0;0m▀[38;2;205;172;74;48;2;0;0;0m▀[48;2;205;172;74m▀[38;2;90;74;16m▀▀▀[38;2;205;172;74m▀▀▀▀[48;2;172;139;57m▀[38;2;172;139;57;48;2;0;0;0m▀[38;2;0;0;0;48;2;197;197;197m▀▀▀[38;2;197;197;197m▀▀▀▀[38;2;255;255;255m▀[48;2;82;82;82m▀▀[48;2;0;0;0m▀▀[38;2;0;0;0;48;2;255;222;82m▀[38;2;255;222;82m▀▀▀▀▀▀▀▀▀▀▀[38;2;255;255;139m▀[48;2;255;255;139m▀▀[48;2;205;172;74m▀[38;2;255;222;82;48;2;0;0;0m▀[38;2;205;172;74m▀[38;2;0;0;0;49m▀[0m
[0m   [38;2;0;0;0m▄[48;2;197;197;197m▀▀[38;2;205;172;74;48;2;0;0;0m▀▀▀[38;2;172;139;57m▀[38;2;0;0;0;48;2;197;197;197m▀▀▀[38;2;197;197;197m▀▀▀▀[48;2;255;255;255m▀▀[48;2;197;197;197m▀[48;2;82;82;82m▀[48;2;197;197;197m▀▀[38;2;0;0;0m▀[38;2;255;222;82;48;2;0;0;0m▀[48;2;255;222;82m▀▀▀▀▀▀▀▀▀▀[48;2;205;172;74m▀▀[48;2;255;222;82m▀[38;2;131;106;41m▀[38;2;205;172;74;48;2;0;0;0m▀[38;2;0;0;0;49m▀▀[0m
[0m  [38;2;0;0;0m▀[38;2;197;197;197;48;2;0;0;0m▀[48;2;82;82;82m▀[48;2;255;255;255m▀[38;2;255;255;255m▀[38;2;197;197;197;48;2;197;197;197m▀[48;2;255;255;255m▀[48;2;197;197;197m▀▀[48;2;255;255;255m▀[48;2;197;197;197m▀▀▀▀[48;2;255;255;255m▀[48;2;82;82;82m▀[38;2;255;255;255;48;2;197;197;197m▀[48;2;255;255;255m▀[38;2;197;197;197m▀[38;2;82;82;82;48;2;82;82;82m▀[48;2;205;172;74m▀[38;2;197;197;197;48;2;0;0;0m▀▀[38;2;0;0;0;48;2;82;82;82m▀[38;2;255;222;82;48;2;205;172;74m▀▀[48;2;255;222;82m▀▀▀▀▀▀▀▀[38;2;0;0;0m▀[38;2;205;172;74;48;2;0;0;0m▀▀[38;2;255;222;82;48;2;131;106;41m▀[38;2;0;0;0;48;2;205;172;74m▀[49m▄[0m
[0m  [38;2;82;82;82m▄[48;2;255;255;255m▀[38;2;255;255;255m▀[48;2;197;197;197m▀[48;2;82;82;82m▀[48;2;255;255;255m▀▀[38;2;197;197;197m▀[38;2;255;255;255m▀▀▀▀[38;2;197;197;197m▀[38;2;255;255;255m▀▀▀[38;2;82;82;82;48;2;0;0;0m▀[38;2;0;0;0;48;2;205;172;74m▀[38;2;255;255;255;48;2;0;0;0m▀▀[38;2;82;82;82;48;2;82;82;82m▀[38;2;205;172;74;48;2;205;172;74m▀▀▀▀[48;2;0;0;0m▀▀[38;2;255;222;82;48;2;205;172;74m▀[48;2;255;222;82m▀▀▀[38;2;205;172;74m▀[38;2;255;222;82;48;2;131;106;41m▀▀[48;2;255;222;82m▀[38;2;0;0;0m▀[49m▄▀▀▀[0m
[0m  [38;2;0;0;0m▀▀▀[38;2;82;82;82;48;2;0;0;0m▀[38;2;197;197;197;48;2;255;255;255m▀[38;2;255;255;255m▀[48;2;197;197;197m▀[38;2;197;197;197;48;2;82;82;82m▀[38;2;255;255;255;48;2;255;255;255m▀▀▀[38;2;197;197;197;48;2;82;82;82m▀[38;2;255;255;255;48;2;255;255;255m▀▀[48;2;197;197;197m▀[48;2;255;255;255m▀[38;2;0;0;0;48;2;197;197;197m▀[38;2;205;172;74;48;2;0;0;0m▀[48;2;205;172;74m▀[48;2;131;106;41m▀[48;2;0;0;0m▀▀[38;2;0;0;0m▀[48;2;131;106;41m▀▀[38;2;131;106;41m▀▀[38;2;0;0;0;48;2;0;0;0m▀[38;2;255;222;82;48;2;255;222;82m▀▀▀▀▀▀[38;2;0;0;0m▀[48;2;0;0;0m▀[38;2;255;222;82m▀[38;2;0;0;0m▀[0m
[0m    [38;2;0;0;0m▄[48;2;197;197;197m▀[38;2;255;255;255;48;2;255;255;255m▀[48;2;0;0;0m▀[38;2;0;0;0m▀[48;2;205;172;74m▀[38;2;197;197;197;48;2;0;0;0m▀[38;2;255;255;255;48;2;255;255;255m▀[38;2;197;197;197;48;2;0;0;0m▀[38;2;0;0;0;48;2;205;172;74m▀[38;2;197;197;197;48;2;0;0;0m▀[38;2;255;255;255;48;2;255;255;255m▀[38;2;0;0;0;48;2;0;0;0m▀[38;2;255;255;255m▀[48;2;255;255;255m▀[38;2;0;0;0;48;2;0;0;0m▀[38;2;205;172;74;48;2;205;172;74m▀[38;2;0;0;0;48;2;0;0;0m▀[0m   [38;2;0;0;0m▀[38;2;131;106;41;48;2;0;0;0m▀[48;2;131;106;41m▀▀▀[38;2;0;0;0m▀[38;2;255;222;82;48;2;0;0;0m▀[48;2;255;222;82m▀▀▀▀▀[38;2;0;0;0m▀[49m▄[0m
[0m    [38;2;0;0;0;48;2;0;0;0m▀[38;2;255;255;255m▀[38;2;0;0;0;49m▀[38;2;82;82;82m▀[0m [38;2;0;0;0;48;2;0;0;0m▀[38;2;205;172;74;48;2;205;172;74m▀[38;2;0;0;0m▀[38;2;205;172;74m▀▀[38;2;0;0;0;48;2;0;0;0m▀[38;2;255;255;255m▀[38;2;0;0;0m▀[38;2;205;172;74;48;2;205;172;74m▀[38;2;0;0;0m▀[38;2;205;172;74m▀▀[38;2;0;0;0;48;2;0;0;0m▀[0m    [38;2;0;0;0;48;2;0;0;0m▀[38;2;131;106;41;48;2;131;106;41m▀▀▀[38;2;0;0;0;48;2;0;0;0m▀[0m [38;2;0;0;0m▀[38;2;205;172;74;48;2;0;0;0m▀[38;2;255;222;82;48;2;131;106;41m▀[48;2;205;172;74m▀▀[38;2;205;172;74m▀[38;2;0;0;0m▀[49m▄[0m
[0m         [38;2;0;0;0m▀[38;2;205;172;74;48;2;0;0;0m▀[48;2;255;222;82m▀[48;2;205;172;74m▀▀[38;2;0;0;0;48;2;0;0;0m▀[0m [38;2;0;0;0;48;2;0;0;0m▀[38;2;205;172;74;48;2;205;172;74m▀▀▀▀[38;2;0;0;0;48;2;0;0;0m▀[0m   [38;2;0;0;0m▄[48;2;131;106;41m▀[38;2;131;106;41m▀▀[38;2;0;0;0;48;2;0;0;0m▀[0m    [38;2;0;0;0;48;2;0;0;0m▀[38;2;205;172;74;48;2;205;172;74m▀▀▀[48;2;0;0;0m▀[38;2;0;0;0;49m▀[0m
[0m          [38;2;0;0;0;48;2;0;0;0m▀[38;2;255;222;82;48;2;255;222;82m▀▀▀[38;2;0;0;0;48;2;0;0;0m▀[0m [38;2;0;0;0;48;2;0;0;0m▀[38;2;255;222;82;48;2;255;222;82m▀▀[38;2;205;172;74m▀[48;2;0;0;0m▀[38;2;0;0;0;49m▀[0m  [38;2;0;0;0;48;2;0;0;0m▀[38;2;131;106;41;48;2;131;106;41m▀▀▀[38;2;0;0;0;48;2;0;0;0m▀[0m    [38;2;0;0;0m▄[48;2;205;172;74m▀[38;2;205;172;74m▀▀[48;2;0;0;0m▀[38;2;0;0;0;49m▀[0m
[0m         [38;2;0;0;0m▄[38;2;90;74;16;48;2;255;255;139m▀[38;2;255;255;139m▀[48;2;205;172;74m▀[38;2;205;172;74;48;2;0;0;0m▀[38;2;0;0;0;49m▀[0m [38;2;0;0;0;48;2;0;0;0m▀[38;2;255;222;82;48;2;255;222;82m▀▀▀[38;2;0;0;0;48;2;0;0;0m▀[0m    [38;2;0;0;0m▀▀▀[0m    [38;2;0;0;0m▄[48;2;255;222;82m▀[38;2;255;222;82m▀▀[38;2;205;172;74;48;2;0;0;0m▀[38;2;0;0;0;49m▀[0m
[0m         [38;2;0;0;0m▀[38;2;205;172;74;48;2;0;0;0m▀[38;2;131;106;41m▀[38;2;205;172;74m▀[38;2;0;0;0;49m▀[0m  [38;2;0;0;0;48;2;0;0;0m▀[38;2;255;222;82;48;2;255;255;139m▀▀[48;2;255;222;82m▀[38;2;0;0;0;48;2;0;0;0m▀[0m           [38;2;0;0;0m▀[38;2;131;106;41;48;2;0;0;0m▀[38;2;205;172;74m▀[38;2;131;106;41m▀[38;2;0;0;0;49m▀[0m
[0m               [38;2;0;0;0;48;2;0;0;0m▀[38;2;255;255;139;48;2;131;106;41m▀[48;2;205;172;74m▀[48;2;131;106;41m▀[38;2;0;0;0;48;2;0;0;0m▀[0m
[0m                [38;2;0;0;0m▀▀▀[0m
