[0m  [38;2;115;32;24m▄[48;2;213;65;82m▀[38;2;0;0;0;49m▄[0m
[0m  [38;2;115;32;24;48;2;115;32;24m▀[38;2;213;65;82;48;2;213;65;82m▀[38;2;0;0;0;48;2;0;0;0m▀[0m                       [38;2;115;32;24m▄[38;2;0;0;0;48;2;246;115;74m▀[49m▄[0m                 [38;2;197;164;106;48;2;115;90;65m▀[48;2;255;238;164m▀[49m▄[0m
[0m  [38;2;115;32;24;48;2;115;32;24m▀[38;2;213;65;82;48;2;213;65;82m▀[38;2;0;0;0m▀[49m▄[0m                     [38;2;115;32;24m▄[48;2;246;115;74m▀[38;2;246;115;74m▀[38;2;0;0;0m▀[49m▄[0m                 [38;2;115;90;65m▀[38;2;255;238;164;48;2;197;164;106m▀[38;2;115;90;65;48;2;255;238;164m▀[49m▄[0m
[0m [38;2;115;32;24m▄[48;2;213;65;82m▀[38;2;213;65;82m▀▀[38;2;0;0;0m▀[49m▄[0m  [38;2;115;90;65m▄[48;2;197;164;106m▀[48;2;222;189;139m▀[49m▄▄[0m         [38;2;115;32;24m▄▄[48;2;246;115;74m▀▀[38;2;246;115;74;48;2;213;65;82m▀[38;2;213;65;82;48;2;0;0;0m▀[38;2;0;0;0;48;2;213;65;82m▀[38;2;213;65;82;48;2;0;0;0m▀[38;2;0;0;0;49m▀[0m                 [38;2;197;164;106m▄[48;2;222;189;139m▀[38;2;255;238;164;48;2;255;238;164m▀[38;2;197;164;106m▀[38;2;115;90;65;48;2;115;90;65m▀[0m
[0m  [38;2;115;32;24;48;2;115;32;24m▀[38;2;213;65;82;48;2;213;65;82m▀▀▀[38;2;0;0;0m▀[49m▄[0m  [38;2;115;90;65;48;2;115;90;65m▀[38;2;255;238;164;48;2;255;238;164m▀[38;2;222;189;139m▀[38;2;197;164;106;48;2;222;189;139m▀[38;2;115;90;65;48;2;197;164;106m▀[38;2;0;0;0;49m▄[0m   [38;2;115;32;24m▄[48;2;246;115;74m▀[49m▄[48;2;246;115;74m▀[38;2;246;115;74m▀[48;2;213;65;82m▀[48;2;0;0;0m▀[38;2;213;65;82m▀[38;2;0;0;0m▀[48;2;213;65;82m▀[38;2;213;65;82;48;2;0;0;0m▀[38;2;0;0;0;49m▀[0m     [38;2;197;164;106m▄[48;2;255;238;164m▀[38;2;115;90;65;49m▄[0m  [38;2;197;164;106m▄▄[0m      [38;2;197;164;106;48;2;197;164;106m▀[38;2;255;238;164;48;2;255;238;164m▀▀▀[38;2;115;90;65;48;2;197;164;106m▀[38;2;0;0;0;49m▄[0m
[0m  [38;2;115;32;24;48;2;115;32;24m▀[38;2;213;65;82;48;2;213;65;82m▀▀▀▀[38;2;0;0;0;48;2;197;164;106m▀[38;2;197;164;106;49m▄[48;2;255;238;164m▀[38;2;255;238;164m▀▀▀▀[38;2;222;189;139;48;2;222;189;139m▀[38;2;0;0;0;48;2;197;164;106m▀[49m▄[0m  [38;2;115;32;24;48;2;115;32;24m▀[38;2;246;115;74;48;2;246;115;74m▀▀[48;2;0;0;0m▀[38;2;0;0;0m▀▀▀[48;2;32;32;106m▀[48;2;213;65;82m▀[38;2;213;65;82;48;2;0;0;0m▀[38;2;0;0;0;49m▀[0m   [38;2;197;164;106m▄▄[48;2;255;238;164m▀[38;2;255;238;164m▀▀[38;2;115;90;65;48;2;115;90;65m▀[38;2;197;164;106;48;2;255;238;164m▀▀[38;2;255;238;164m▀▀[38;2;197;164;106m▀▀[49m▄▄[48;2;255;238;164m▀▀[38;2;255;238;164m▀▀▀▀▀[38;2;0;0;0;48;2;0;0;0m▀[0m
[0m   [38;2;115;32;24;48;2;115;32;24m▀[38;2;213;65;82;48;2;213;65;82m▀▀[38;2;197;164;106;48;2;197;164;106m▀[38;2;255;238;164;48;2;255;238;164m▀▀▀▀▀[38;2;222;189;139m▀[38;2;255;238;164;48;2;197;164;106m▀[38;2;222;189;139m▀[38;2;197;164;106m▀[38;2;0;0;0;48;2;0;0;0m▀[38;2;115;32;24;49m▄[48;2;246;115;74m▀[38;2;246;115;74m▀[48;2;0;0;0m▀[38;2;213;65;82m▀[38;2;0;0;0m▀[48;2;32;32;106m▀[38;2;32;32;106m▀▀[48;2;213;65;82m▀[38;2;213;65;82;48;2;0;0;0m▀[38;2;0;0;0;49m▀[0m  [38;2;197;164;106m▄[48;2;255;238;164m▀[38;2;255;238;164m▀▀▀▀[38;2;115;90;65m▀[38;2;255;238;164m▀▀▀▀▀▀▀▀▀▀▀▀▀▀▀▀[38;2;0;0;0;48;2;0;0;0m▀[0m
[0m    [38;2;115;32;24;48;2;115;32;24m▀[38;2;197;164;106;48;2;115;90;65m▀[38;2;255;238;164;48;2;255;238;164m▀▀▀▀▀▀▀▀[38;2;115;90;65;48;2;115;90;65m▀[38;2;197;164;106;48;2;197;164;106m▀[38;2;0;0;0;48;2;0;0;0m▀[38;2;246;115;74;48;2;246;115;74m▀[38;2;115;32;24m▀▀[48;2;0;0;0m▀[38;2;0;0;0;48;2;32;32;106m▀[38;2;32;32;106m▀[48;2;0;0;0m▀[48;2;213;65;82m▀[38;2;213;65;82m▀[48;2;0;0;0m▀[38;2;0;0;0;49m▀[0m  [38;2;197;164;106m▄[48;2;222;189;139m▀[38;2;255;238;164;48;2;255;238;164m▀▀▀▀▀▀▀▀▀▀▀▀▀▀▀▀▀▀▀▀[48;2;222;189;139m▀[38;2;0;0;0;48;2;115;90;65m▀[38;2;115;90;65;49m▄[0m
[0m     [38;2;115;90;65;48;2;115;90;65m▀[38;2;255;238;164;48;2;222;189;139m▀[48;2;255;238;164m▀▀▀▀▀▀[48;2;197;164;106m▀[38;2;115;90;65;48;2;115;90;65m▀[38;2;0;0;0;48;2;0;0;0m▀[38;2;246;115;74;48;2;246;115;74m▀▀[48;2;0;0;0m▀[38;2;0;0;0m▀[48;2;213;65;82m▀▀[38;2;213;65;82m▀[48;2;0;0;0m▀▀[38;2;0;0;0;49m▀[0m   [38;2;115;90;65;48;2;115;90;65m▀[38;2;197;164;106;48;2;222;189;139m▀[38;2;255;238;164;48;2;255;238;164m▀▀▀▀▀▀▀▀▀▀▀▀▀▀▀▀▀▀▀[48;2;222;189;139m▀[38;2;222;189;139;48;2;197;164;106m▀[38;2;197;164;106m▀▀[38;2;0;0;0;48;2;0;0;0m▀[0m
[0m   [38;2;115;90;65m▄[48;2;255;238;164m▀[38;2;115;32;24;48;2;115;32;24m▀[38;2;115;90;65;48;2;213;65;82m▀[38;2;222;189;139;48;2;115;90;65m▀[38;2;255;238;164m▀[48;2;197;164;106m▀[38;2;222;189;139m▀[38;2;197;164;106;48;2;0;0;0m▀▀[38;2;115;90;65;48;2;246;115;74m▀[38;2;0;0;0m▀[38;2;246;115;74m▀▀▀[38;2;0;0;0;48;2;213;65;82m▀[38;2;213;65;82m▀[38;2;115;32;24;48;2;0;0;0m▀[38;2;0;0;0;48;2;255;238;164m▀▀[38;2;255;238;164m▀▀[38;2;115;90;65m▀[49m▄[0m [38;2;115;90;65;48;2;115;90;65m▀[38;2;197;164;106;48;2;197;164;106m▀[38;2;222;189;139m▀[38;2;255;238;164;48;2;222;189;139m▀[48;2;255;238;164m▀▀▀▀▀▀▀▀▀▀▀▀▀[48;2;222;189;139m▀▀[38;2;222;189;139;48;2;255;238;164m▀[38;2;255;238;164m▀▀▀[38;2;222;189;139;48;2;222;189;139m▀[38;2;197;164;106;48;2;0;0;0m▀[38;2;0;0;0;49m▀[0m
[0m  [38;2;115;90;65;48;2;115;90;65m▀[38;2;255;238;164;48;2;255;238;164m▀[38;2;115;32;24;48;2;255;255;255m▀[38;2;213;65;82;48;2;213;65;82m▀[38;2;246;115;74;48;2;246;115;74m▀▀▀[38;2;0;0;0m▀▀[38;2;246;115;74m▀[48;2;115;32;24m▀[38;2;213;65;82;48;2;0;0;0m▀▀▀[38;2;246;115;74;48;2;246;115;74m▀▀[38;2;213;65;82;48;2;213;65;82m▀▀[38;2;0;0;0;48;2;0;0;0m▀[38;2;255;238;164;48;2;255;238;164m▀▀▀▀[38;2;0;0;0;48;2;222;189;139m▀[38;2;115;90;65;48;2;0;0;0m▀[38;2;115;32;24;49m▄[38;2;115;90;65;48;2;115;32;24m▀[38;2;197;164;106m▀▀[38;2;222;189;139;48;2;197;164;106m▀[38;2;255;238;164;48;2;222;189;139m▀[48;2;255;238;164m▀▀▀▀▀▀▀▀▀[48;2;222;189;139m▀▀[38;2;222;189;139;48;2;197;164;106m▀[38;2;197;164;106m▀[38;2;222;189;139;48;2;255;238;164m▀[38;2;255;238;164m▀▀[48;2;222;189;139m▀[38;2;222;189;139;48;2;197;164;106m▀[38;2;197;164;106m▀[38;2;0;0;0;48;2;0;0;0m▀[0m
[0m [38;2;115;90;65;48;2;115;90;65m▀[38;2;255;238;164;48;2;255;238;164m▀▀[38;2;0;0;0;48;2;0;0;0m▀[38;2;32;32;106;48;2;32;32;106m▀[38;2;246;115;74;48;2;246;115;74m▀▀▀▀▀[38;2;164;65;82;48;2;115;32;24m▀[38;2;0;0;0;48;2;0;0;0m▀[38;2;255;255;255m▀[38;2;32;32;106;48;2;32;32;106m▀▀[38;2;246;115;74;48;2;246;115;74m▀[38;2;213;65;82;48;2;213;65;82m▀▀▀[38;2;0;0;0;48;2;0;0;0m▀[38;2;255;238;164;48;2;222;189;139m▀[48;2;255;238;164m▀▀[38;2;222;189;139;48;2;197;164;106m▀[38;2;197;164;106;48;2;222;189;139m▀[48;2;197;164;106m▀[38;2;0;0;0;48;2;222;189;139m▀[48;2;255;238;164m▀[38;2;246;115;74;48;2;0;0;0m▀[48;2;246;115;74m▀[38;2;115;32;24m▀▀[38;2;222;189;139;48;2;115;32;24m▀▀[38;2;255;238;164;48;2;222;189;139m▀▀▀▀[48;2;197;164;106m▀[38;2;222;189;139m▀▀[38;2;197;164;106m▀▀[48;2;222;189;139m▀[38;2;222;189;139;48;2;255;238;164m▀[38;2;255;238;164m▀▀[48;2;222;189;139m▀[38;2;222;189;139;48;2;197;164;106m▀[38;2;197;164;106m▀▀[38;2;0;0;0m▀[38;2;115;90;65;49m▄[0m
[38;2;115;90;65;49m▄[48;2;222;189;139m▀[38;2;255;238;164;48;2;255;238;164m▀▀[38;2;115;32;24;48;2;115;32;24m▀[38;2;246;115;74;48;2;246;115;74m▀[48;2;0;0;0m▀[48;2;115;32;24m▀[48;2;246;115;74m▀▀▀[38;2;115;32;24m▀[38;2;0;0;0m▀▀▀[38;2;213;65;82;48;2;213;65;82m▀▀▀▀[38;2;0;0;0;48;2;0;0;0m▀[38;2;197;164;106;48;2;197;164;106m▀[48;2;222;189;139m▀[38;2;222;189;139;48;2;197;164;106m▀[38;2;197;164;106;48;2;222;189;139m▀[38;2;222;189;139;48;2;197;164;106m▀[38;2;197;164;106m▀[38;2;222;189;139;48;2;115;90;65m▀[38;2;255;238;164;48;2;0;0;0m▀[38;2;0;0;0;48;2;246;115;74m▀[38;2;246;115;74m▀▀▀▀▀▀[38;2;115;32;24m▀[38;2;197;164;106;48;2;115;32;24m▀[48;2;197;164;106m▀▀▀▀▀▀[38;2;222;189;139m▀[38;2;255;238;164;48;2;222;189;139m▀[38;2;222;189;139;48;2;197;164;106m▀▀▀[38;2;197;164;106m▀▀▀▀[48;2;0;0;0m▀▀[38;2;115;90;65;49m▀[0m
[38;2;115;90;65;48;2;115;90;65m▀[38;2;255;238;164;48;2;255;238;164m▀▀▀▀[38;2;115;32;24m▀[38;2;246;115;74;48;2;115;32;24m▀[48;2;213;65;82m▀▀▀▀▀▀[38;2;213;65;82m▀▀▀▀[48;2;0;0;0m▀[38;2;0;0;0;48;2;197;164;106m▀[38;2;197;164;106m▀▀▀[38;2;222;189;139m▀[38;2;197;164;106m▀▀[48;2;222;189;139m▀[38;2;222;189;139;48;2;255;238;164m▀[38;2;255;238;164m▀[38;2;0;0;0;48;2;0;0;0m▀[38;2;246;115;74;48;2;246;115;74m▀▀▀▀▀▀▀[38;2;115;32;24m▀[38;2;197;164;106;48;2;115;32;24m▀[48;2;197;164;106m▀▀▀▀▀[38;2;222;189;139m▀[38;2;197;164;106m▀▀▀[48;2;115;90;65m▀▀[38;2;115;90;65;48;2;197;164;106m▀[48;2;0;0;0m▀[38;2;0;0;0;49m▀[0m
[38;2;115;90;65;48;2;115;90;65m▀[38;2;255;238;164;48;2;255;238;164m▀[48;2;222;189;139m▀[38;2;222;189;139;48;2;255;238;164m▀[38;2;255;238;164m▀▀▀[38;2;0;0;0m▀▀[38;2;213;65;82;48;2;0;0;0m▀▀▀▀▀▀[38;2;0;0;0;48;2;197;164;106m▀▀[38;2;197;164;106m▀▀[48;2;222;189;139m▀[48;2;197;164;106m▀▀▀▀▀[38;2;222;189;139;48;2;255;238;164m▀[38;2;255;238;164;48;2;222;189;139m▀[38;2;222;189;139;48;2;115;90;65m▀[38;2;0;0;0;48;2;246;115;74m▀[38;2;246;115;74m▀▀▀▀▀▀▀▀[38;2;115;32;24;48;2;115;32;24m▀[38;2;197;164;106;48;2;197;164;106m▀▀▀▀▀▀▀▀▀▀▀[38;2;115;90;65;48;2;0;0;0m▀[0m
[0m [38;2;115;90;65;48;2;115;90;65m▀[38;2;197;164;106;48;2;255;238;164m▀[38;2;255;238;164m▀▀▀▀▀▀▀▀[38;2;222;189;139m▀▀▀[38;2;197;164;106;48;2;222;189;139m▀▀▀[38;2;222;189;139m▀▀[38;2;197;164;106;48;2;197;164;106m▀▀▀▀▀▀▀▀[48;2;115;90;65m▀[38;2;115;90;65;48;2;246;115;74m▀[38;2;246;115;74m▀▀▀▀▀▀▀[48;2;213;65;82m▀[38;2;115;32;24;48;2;115;32;24m▀[38;2;197;164;106;48;2;197;164;106m▀▀▀▀▀▀▀▀▀▀[38;2;115;90;65;48;2;0;0;0m▀[0m
[0m [38;2;0;0;0;48;2;0;0;0m▀[38;2;255;238;164;48;2;255;238;164m▀[48;2;222;189;139m▀[48;2;255;238;164m▀▀▀▀▀▀▀▀▀▀▀▀[48;2;222;189;139m▀[38;2;222;189;139;48;2;197;164;106m▀[38;2;197;164;106m▀▀▀▀[48;2;115;90;65m▀[48;2;197;164;106m▀▀[38;2;115;90;65;48;2;115;90;65m▀[38;2;0;0;0;48;2;213;65;82m▀▀[38;2;246;115;74;48;2;246;115;74m▀▀▀▀▀▀▀[48;2;213;65;82m▀[38;2;115;32;24;48;2;115;32;24m▀[48;2;0;0;0m▀[38;2;197;164;106m▀▀[48;2;197;164;106m▀▀▀▀▀▀[48;2;0;0;0m▀▀[38;2;0;0;0;49m▀[0m
[0m  [38;2;0;0;0;48;2;0;0;0m▀[38;2;197;164;106;48;2;197;164;106m▀[38;2;255;238;164;48;2;222;189;139m▀[48;2;255;238;164m▀▀▀[48;2;222;189;139m▀[48;2;255;238;164m▀▀▀▀▀[38;2;222;189;139m▀▀▀[38;2;197;164;106;48;2;222;189;139m▀[38;2;222;189;139;48;2;197;164;106m▀[38;2;197;164;106m▀▀▀▀[38;2;0;0;0m▀[48;2;115;90;65m▀[48;2;0;0;0m▀[38;2;213;65;82m▀[48;2;213;65;82m▀▀[38;2;246;115;74m▀▀[48;2;246;115;74m▀▀[48;2;213;65;82m▀▀[38;2;213;65;82m▀[38;2;115;32;24;48;2;115;32;24m▀[0m   [38;2;0;0;0m▀▀▀▀▀[38;2;115;90;65m▀[0m
[0m   [38;2;115;90;65m▀[38;2;222;189;139;48;2;115;90;65m▀[48;2;222;189;139m▀[38;2;255;238;164m▀▀[38;2;222;189;139m▀▀[38;2;255;238;164m▀▀▀▀▀▀[38;2;222;189;139;48;2;197;164;106m▀[38;2;197;164;106m▀▀[48;2;0;0;0m▀▀▀▀▀[38;2;115;90;65m▀[38;2;164;65;82;48;2;164;65;82m▀[38;2;115;32;24;48;2;115;32;24m▀[38;2;0;0;0;49m▀[38;2;213;65;82;48;2;0;0;0m▀▀[48;2;213;65;82m▀▀▀▀▀▀[38;2;115;32;24m▀[38;2;0;0;0;49m▄[0m
[0m     [38;2;115;90;65m▀▀[38;2;0;0;0m▀[38;2;197;164;106;48;2;0;0;0m▀[38;2;222;189;139m▀▀▀▀[38;2;197;164;106;48;2;197;164;106m▀▀▀[48;2;0;0;0m▀[38;2;0;0;0;48;2;115;32;24m▀[48;2;213;65;82m▀[38;2;213;65;82m▀▀▀▀[38;2;0;0;0;48;2;0;0;0m▀[38;2;164;65;82;48;2;164;65;82m▀▀[38;2;115;32;24;48;2;115;32;24m▀[0m   [38;2;0;0;0m▀[48;2;115;32;24m▀[38;2;213;65;82;48;2;213;65;82m▀▀▀▀▀[38;2;0;0;0;48;2;0;0;0m▀[0m
[0m        [38;2;115;32;24;48;2;115;32;24m▀[38;2;213;65;82;48;2;213;65;82m▀▀▀▀[38;2;0;0;0;48;2;0;0;0m▀[49m▀▀[0m [38;2;115;32;24;48;2;115;32;24m▀[38;2;213;65;82;48;2;246;115;74m▀▀[48;2;213;65;82m▀▀▀[38;2;0;0;0;48;2;0;0;0m▀[38;2;164;65;82;48;2;164;65;82m▀[38;2;115;32;24;48;2;115;32;24m▀[0m     [38;2;115;32;24;48;2;115;32;24m▀[38;2;213;65;82;48;2;213;65;82m▀▀▀▀[38;2;0;0;0;48;2;0;0;0m▀[0m
[0m        [38;2;115;32;24;48;2;115;32;24m▀[38;2;213;65;82;48;2;213;65;82m▀▀▀▀[38;2;0;0;0;48;2;0;0;0m▀[0m   [38;2;115;32;24;48;2;115;32;24m▀[38;2;246;115;74;48;2;246;115;74m▀▀▀▀[38;2;0;0;0;48;2;0;0;0m▀[38;2;164;65;82;48;2;115;32;24m▀[38;2;115;32;24;49m▀[0m    [38;2;115;32;24m▄[48;2;213;65;82m▀[38;2;213;65;82m▀▀▀▀[38;2;0;0;0;48;2;0;0;0m▀[0m
[0m       [38;2;115;32;24;48;2;115;32;24m▀[38;2;213;65;82;48;2;164;65;82m▀[48;2;213;65;82m▀[48;2;164;65;82m▀[48;2;213;65;82m▀[48;2;0;0;0m▀[38;2;0;0;0;49m▀[0m  [38;2;115;32;24m▄[48;2;246;115;74m▀[38;2;246;115;74m▀▀▀▀[38;2;0;0;0;48;2;0;0;0m▀[0m      [38;2;0;0;0;48;2;0;0;0m▀[38;2;164;65;82;48;2;115;32;24m▀[38;2;213;65;82;48;2;213;65;82m▀[38;2;164;65;82;48;2;115;32;24m▀[38;2;213;65;82;48;2;213;65;82m▀[38;2;0;0;0;48;2;0;0;0m▀[0m
[0m       [38;2;0;0;0m▀[38;2;115;32;24;48;2;0;0;0m▀[38;2;213;65;82m▀[38;2;115;32;24m▀[38;2;213;65;82m▀[38;2;0;0;0;49m▀[0m   [38;2;115;32;24;48;2;115;32;24m▀[38;2;213;65;82;48;2;213;65;82m▀[38;2;246;115;74;48;2;246;115;74m▀[38;2;164;65;82;48;2;115;32;24m▀[38;2;246;115;74;48;2;246;115;74m▀[48;2;0;0;0m▀[38;2;0;0;0;49m▀[0m       [38;2;0;0;0m▀▀▀▀[0m
[0m                 [38;2;0;0;0m▀▀▀▀[0m
