[0m           [38;2;197;57;90m▄[48;2;246;213;197m▀▀▀▀[49m▄▄▄[0m
[0m         [38;2;197;57;90m▄[48;2;246;213;197m▀[38;2;246;213;197m▀▀▀▀▀▀▀▀[38;2;197;57;90;48;2;238;172;156m▀[38;2;123;41;65;48;2;255;98;98m▀[49m▄[0m           [38;2;8;90;115m▄▄[0m
[0m       [38;2;123;41;65m▄[38;2;197;57;90;48;2;238;172;156m▀[38;2;246;213;197m▀▀[48;2;246;213;197m▀▀▀▀▀▀▀[48;2;238;172;156m▀[38;2;255;98;98;48;2;255;98;98m▀▀▀[38;2;123;41;65m▀[49m▄[0m       [38;2;8;90;115m▄[48;2;90;189;230m▀[38;2;90;189;230m▀[48;2;8;131;164m▀[38;2;0;0;0;48;2;0;0;0m▀[0m
[0m      [38;2;123;41;65;48;2;123;41;65m▀[38;2;255;255;255;48;2;255;255;255m▀[38;2;238;172;156;48;2;238;172;156m▀▀▀▀▀▀[38;2;246;213;197m▀▀▀[48;2;246;213;197m▀[38;2;255;98;98;48;2;255;98;98m▀▀▀▀▀[38;2;123;41;65;48;2;197;57;90m▀[38;2;0;0;0;49m▄[0m     [38;2;8;90;115m▄[48;2;90;189;230m▀[38;2;90;189;230m▀[38;2;8;172;213;48;2;8;131;164m▀[38;2;8;131;164m▀[38;2;0;0;0;48;2;0;0;0m▀[0m
[0m     [38;2;123;41;65;48;2;123;41;65m▀[38;2;255;255;255;48;2;255;255;255m▀[38;2;238;172;156;48;2;238;172;156m▀▀▀▀▀▀▀▀[48;2;255;255;255m▀[38;2;255;255;255m▀▀[38;2;255;98;98m▀[48;2;255;98;98m▀▀[48;2;197;57;90m▀[38;2;197;57;90m▀▀[38;2;0;0;0;48;2;0;0;0m▀[0m    [38;2;8;90;115m▄[48;2;90;189;230m▀[38;2;90;189;230m▀[38;2;8;172;213;48;2;8;131;164m▀[38;2;8;131;164m▀[38;2;8;90;115;48;2;0;0;0m▀[0m
[0m     [38;2;123;41;65;48;2;123;41;65m▀[38;2;246;213;197;48;2;238;172;156m▀[38;2;238;172;156m▀▀▀▀▀▀▀[38;2;255;255;255;48;2;255;255;255m▀▀▀[48;2;0;0;0m▀[48;2;255;255;255m▀[48;2;197;197;197m▀[38;2;197;57;90;48;2;197;57;90m▀▀▀[48;2;0;0;0m▀[38;2;0;0;0;49m▀[0m   [38;2;8;90;115m▄[48;2;90;189;230m▀[38;2;90;189;230m▀[48;2;8;172;213m▀[38;2;8;131;164;48;2;8;131;164m▀▀[38;2;0;0;0;48;2;0;0;0m▀[0m
[0m    [38;2;123;41;65m▄[48;2;246;213;197m▀[38;2;238;172;156;48;2;238;172;156m▀▀▀▀▀▀▀▀[38;2;255;255;255;48;2;255;98;98m▀[48;2;255;255;255m▀▀▀[48;2;197;197;197m▀[38;2;197;197;197m▀[38;2;197;57;90;48;2;197;57;90m▀▀▀[38;2;0;0;0;48;2;0;0;0m▀[0m   [38;2;8;90;115m▄[48;2;90;189;230m▀[38;2;90;189;230m▀▀[38;2;8;131;164;48;2;8;131;164m▀▀[38;2;8;90;115;48;2;0;0;0m▀[0m
[0m    [38;2;123;41;65;48;2;8;131;164m▀[38;2;246;213;197;48;2;8;172;213m▀[38;2;238;172;156;48;2;139;213;238m▀▀[48;2;238;172;156m▀▀▀▀▀[38;2;255;98;98;48;2;255;98;98m▀▀▀[38;2;255;255;255;48;2;197;57;90m▀[38;2;197;197;197m▀▀[38;2;197;57;90m▀▀[48;2;123;41;65m▀[38;2;0;0;0;48;2;238;172;156m▀[38;2;197;57;90;48;2;246;213;197m▀▀[49m▄▄[38;2;8;90;115;48;2;90;189;230m▀[38;2;90;189;230m▀▀[38;2;8;131;164;48;2;8;131;164m▀▀▀[38;2;0;0;0;48;2;0;0;0m▀[0m
[0m   [38;2;8;90;115m▄[38;2;8;131;164;48;2;8;131;164m▀[38;2;8;172;213;48;2;8;172;213m▀[38;2;139;213;238;48;2;139;213;238m▀▀▀▀▀[38;2;238;172;156m▀[38;2;255;98;98;48;2;8;172;213m▀[48;2;255;98;98m▀[48;2;197;57;90m▀[38;2;197;57;90m▀▀▀▀[48;2;0;0;0m▀[38;2;0;0;0;48;2;197;57;90m▀[38;2;197;57;90m▀[38;2;255;98;98;48;2;255;98;98m▀[38;2;238;172;156m▀▀▀▀[38;2;197;57;90m▀[38;2;123;41;65m▀[38;2;8;131;164;48;2;123;41;65m▀[48;2;8;131;164m▀▀[38;2;8;90;115;48;2;0;0;0m▀[0m
[0m [38;2;8;90;115m▄[48;2;139;213;238m▀[38;2;139;213;238m▀[38;2;8;131;164;48;2;8;131;164m▀[38;2;139;213;238;48;2;139;213;238m▀▀▀▀▀▀[38;2;8;172;213;48;2;8;172;213m▀[48;2;8;131;164m▀[38;2;8;131;164m▀[38;2;197;57;90;48;2;197;57;90m▀▀▀[48;2;0;0;0m▀[38;2;0;0;0;48;2;8;131;164m▀[38;2;197;57;90;48;2;197;57;90m▀▀[38;2;255;98;98;48;2;255;98;98m▀▀▀▀▀▀▀▀▀[38;2;123;41;65;48;2;123;41;65m▀[38;2;8;131;164;48;2;8;131;164m▀[38;2;0;0;0;48;2;0;0;0m▀[0m
[38;2;0;0;0;48;2;0;0;0m▀[38;2;8;172;213;48;2;8;172;213m▀[38;2;139;213;238m▀[48;2;139;213;238m▀[38;2;8;90;115;48;2;8;131;164m▀[38;2;139;213;238;48;2;8;90;115m▀[48;2;8;172;213m▀[48;2;139;213;238m▀▀▀[38;2;8;172;213;48;2;8;172;213m▀[48;2;8;131;164m▀[38;2;8;131;164m▀[48;2;0;0;0m▀▀[38;2;0;0;0;48;2;8;131;164m▀▀[38;2;8;131;164m▀▀[38;2;197;57;90;48;2;197;57;90m▀[38;2;255;98;98;48;2;255;98;98m▀▀▀▀▀▀[48;2;197;57;90m▀▀[38;2;197;57;90m▀[48;2;123;41;65m▀[38;2;0;0;0;48;2;0;0;0m▀[49m▀[0m
[0m [38;2;0;0;0m▀[38;2;8;172;213;48;2;0;0;0m▀[48;2;8;172;213m▀[38;2;8;131;164;48;2;8;90;115m▀[38;2;0;0;0;48;2;0;0;0m▀[38;2;8;90;115;48;2;8;131;164m▀▀[38;2;139;213;238;48;2;8;90;115m▀[38;2;8;172;213;48;2;0;0;0m▀▀[38;2;0;0;0;48;2;90;189;230m▀[48;2;8;172;213m▀[38;2;8;131;164m▀▀[38;2;8;90;115;48;2;8;90;115m▀[38;2;8;131;164;48;2;8;172;213m▀▀[48;2;255;98;98m▀[38;2;255;98;98m▀▀▀[48;2;197;57;90m▀▀[38;2;197;57;90m▀▀▀▀[48;2;0;0;0m▀[38;2;0;0;0;49m▀[0m
[0m   [38;2;0;0;0m▀[38;2;8;90;115;48;2;0;0;0m▀[38;2;8;131;164m▀[38;2;0;0;0m▀[38;2;8;90;115m▀[38;2;8;131;164;48;2;8;131;164m▀▀[38;2;8;90;115m▀[38;2;90;189;230;48;2;8;90;115m▀[48;2;90;189;230m▀[38;2;8;172;213;48;2;8;172;213m▀[38;2;8;90;115;48;2;8;90;115m▀[38;2;8;172;213;48;2;8;172;213m▀[48;2;255;98;98m▀[38;2;255;98;98m▀[48;2;197;57;90m▀▀[38;2;197;57;90;48;2;8;90;115m▀[38;2;8;90;115;48;2;139;213;238m▀[48;2;8;172;213m▀▀▀▀▀[38;2;8;131;164m▀[38;2;8;90;115m▀[38;2;0;0;0;48;2;8;131;164m▀[49m▄[0m
[0m        [38;2;8;90;115;48;2;0;0;0m▀[38;2;8;131;164;48;2;8;172;213m▀[48;2;8;131;164m▀▀[38;2;8;90;115m▀[38;2;123;41;65;48;2;123;41;65m▀[38;2;8;131;164;48;2;197;57;90m▀[38;2;255;98;98m▀[38;2;197;57;90m▀▀[48;2;8;90;115m▀[38;2;8;90;115;48;2;139;213;238m▀[38;2;139;213;238m▀▀▀[38;2;8;172;213m▀[48;2;8;172;213m▀▀▀▀▀▀[38;2;8;131;164m▀[38;2;0;0;0;48;2;8;131;164m▀[49m▄[0m
[0m         [38;2;8;90;115m▀[38;2;8;172;213;48;2;8;90;115m▀[48;2;8;172;213m▀[38;2;123;41;65;48;2;123;41;65m▀[38;2;197;57;90;48;2;197;57;90m▀▀▀[48;2;8;90;115m▀[38;2;8;90;115;48;2;139;213;238m▀[38;2;139;213;238m▀▀▀▀▀▀[48;2;8;90;115m▀[38;2;8;172;213m▀▀▀▀[48;2;8;131;164m▀▀▀[38;2;8;131;164m▀[38;2;0;0;0;48;2;0;0;0m▀[0m
[0m           [38;2;8;90;115m▀▀[38;2;197;57;90;48;2;0;0;0m▀[48;2;8;90;115m▀[38;2;8;90;115;48;2;139;213;238m▀[38;2;139;213;238m▀▀▀▀▀▀[48;2;8;90;115m▀[38;2;8;90;115;48;2;8;131;164m▀[38;2;8;131;164m▀▀▀▀▀▀▀▀[48;2;8;90;115m▀[38;2;0;0;0;49m▀[0m
[0m             [38;2;8;90;115;48;2;0;0;0m▀[38;2;139;213;238;48;2;8;172;213m▀[48;2;139;213;238m▀▀▀▀▀[48;2;8;90;115m▀[38;2;8;90;115;48;2;8;131;164m▀[38;2;8;131;164m▀▀▀▀▀▀▀▀[48;2;8;90;115m▀[48;2;0;0;0m▀[38;2;0;0;0;49m▀[0m
[0m             [38;2;0;0;0;48;2;8;90;115m▀[38;2;8;172;213;48;2;8;131;164m▀[48;2;8;172;213m▀[38;2;139;213;238m▀[48;2;139;213;238m▀[48;2;8;90;115m▀[38;2;8;90;115;48;2;8;131;164m▀[38;2;8;131;164m▀▀▀▀▀[48;2;8;90;115m▀[48;2;0;0;0m▀[38;2;8;90;115;48;2;8;90;115m▀[38;2;0;0;0;49m▀▀[0m
[0m              [38;2;0;0;0m▀[38;2;8;172;213;48;2;0;0;0m▀[48;2;8;172;213m▀[48;2;8;90;115m▀[38;2;8;90;115;48;2;8;131;164m▀[38;2;8;131;164m▀▀[48;2;8;90;115m▀[48;2;0;0;0m▀[38;2;8;90;115;49m▀[38;2;0;0;0m▀[0m
[0m                [38;2;0;0;0m▀[38;2;8;90;115;48;2;0;0;0m▀[38;2;8;131;164m▀[38;2;8;90;115;49m▀[38;2;0;0;0m▀[0m
