[0m         [38;2;74;41;0m▄▄▄[38;2;123;82;41;48;2;197;131;41m▀▀[38;2;74;41;0;48;2;74;41;0m▀[38;2;255;255;255;48;2;0;0;0m▀[38;2;0;0;0m▀[38;2;123;82;41;48;2;197;131;41m▀▀[38;2;74;41;0;49m▄▄▄▄[0m
[0m      [38;2;74;41;0m▄[48;2;197;131;41m▀▀[38;2;197;131;41m▀▀▀▀▀▀▀▀▀▀▀▀▀▀[38;2;74;41;0m▀▀[49m▄▄[0m
[0m    [38;2;74;41;0m▄[48;2;197;131;41m▀[38;2;197;131;41m▀▀▀▀▀▀▀▀▀▀▀▀▀▀▀▀▀▀▀▀[38;2;123;82;41m▀[38;2;0;0;0m▀[49m▄[0m
[0m  [38;2;74;41;0m▄[48;2;197;131;41m▀[38;2;197;131;41m▀▀▀▀▀▀▀▀▀[48;2;164;106;41m▀▀[38;2;164;106;41;48;2;0;0;0m▀▀▀[38;2;123;82;41m▀▀[48;2;123;82;41m▀▀[38;2;164;106;41m▀[38;2;197;131;41m▀▀[48;2;164;106;41m▀[48;2;197;131;41m▀▀▀[38;2;0;0;0m▀[49m▄[0m
[0m [38;2;74;41;0m▄[38;2;0;0;0;48;2;197;131;41m▀[38;2;197;131;41m▀▀▀▀▀▀[48;2;164;106;41m▀▀[38;2;164;106;41m▀[48;2;0;0;0m▀[38;2;0;0;0m▀▀▀▀▀▀▀▀▀[38;2;123;82;41m▀▀▀▀[48;2;123;82;41m▀[38;2;164;106;41m▀[38;2;197;131;41m▀[48;2;197;131;41m▀[38;2;0;0;0m▀[49m▄[0m
[0m [38;2;0;0;0;48;2;0;0;0m▀[38;2;197;131;41;48;2;197;131;41m▀▀▀▀[48;2;164;106;41m▀▀[38;2;164;106;41m▀▀▀[48;2;0;0;0m▀[38;2;0;0;0m▀[48;2;255;139;172m▀[38;2;255;139;172;48;2;255;74;131m▀▀▀[38;2;0;0;0;48;2;255;139;172m▀[48;2;0;0;0m▀▀▀▀▀▀▀▀▀[38;2;123;82;41m▀[48;2;123;82;41m▀▀[38;2;197;131;41m▀[38;2;0;0;0;48;2;164;106;41m▀[49m▄[0m
[38;2;74;41;0;48;2;0;0;0m▀[38;2;197;131;41;48;2;197;131;41m▀▀▀[48;2;164;106;41m▀[38;2;164;106;41m▀[48;2;0;0;0m▀▀▀▀[38;2;0;0;0m▀▀▀[38;2;255;139;172;48;2;255;139;172m▀[38;2;255;74;131;48;2;255;74;131m▀▀▀[38;2;255;139;172;48;2;255;139;172m▀[38;2;0;0;0;48;2;0;0;0m▀▀▀▀[48;2;189;164;0m▀[38;2;189;164;0m▀▀[38;2;0;0;0m▀[48;2;0;0;0m▀▀▀[38;2;123;82;41m▀[48;2;123;82;41m▀▀[38;2;0;0;0;48;2;0;0;0m▀[0m
[38;2;0;0;0;48;2;0;0;0m▀[38;2;197;131;41;48;2;197;131;41m▀▀[38;2;164;106;41;48;2;164;106;41m▀[48;2;74;41;0m▀[38;2;0;0;0;48;2;0;0;0m▀[48;2;255;139;172m▀▀▀[48;2;0;0;0m▀▀▀▀▀[38;2;255;139;172m▀▀▀[38;2;0;0;0m▀▀▀▀▀[38;2;189;164;0;48;2;189;164;0m▀▀▀▀[38;2;0;0;0;48;2;0;0;0m▀▀▀▀[38;2;123;82;41m▀[48;2;123;82;41m▀[38;2;0;0;0;48;2;0;0;0m▀[0m
[38;2;0;0;0;48;2;74;41;0m▀[38;2;197;131;41;48;2;197;131;41m▀[38;2;164;106;41;48;2;164;106;41m▀▀[38;2;0;0;0;48;2;0;0;0m▀[38;2;255;139;172;48;2;255;139;172m▀[38;2;255;74;131;48;2;255;74;131m▀▀▀[38;2;255;139;172;48;2;255;139;172m▀[38;2;0;0;0;48;2;0;0;0m▀▀▀▀▀▀▀▀▀▀▀▀[38;2;238;197;0;48;2;238;197;0m▀▀[38;2;189;164;0m▀▀[38;2;0;0;0;48;2;0;0;0m▀[38;2;189;164;0;48;2;189;164;0m▀▀[38;2;0;0;0m▀[48;2;0;0;0m▀[38;2;123;82;41;48;2;123;82;41m▀[38;2;0;0;0;48;2;0;0;0m▀[0m
[0m [38;2;123;82;41;48;2;0;0;0m▀[38;2;164;106;41;48;2;164;106;41m▀▀[38;2;0;0;0;48;2;0;0;0m▀[38;2;255;139;172m▀[38;2;255;74;131;48;2;255;139;172m▀▀▀[38;2;255;139;172;48;2;0;0;0m▀[38;2;0;0;0m▀▀▀▀▀▀▀▀▀▀[48;2;238;197;0m▀[38;2;238;197;0m▀▀▀[48;2;0;0;0m▀[38;2;0;0;0m▀▀[38;2;189;164;0;48;2;238;197;0m▀[48;2;189;164;0m▀▀[38;2;0;0;0;48;2;0;0;0m▀[49m▀[0m
[0m [38;2;0;0;0m▀[38;2;164;106;41;48;2;0;0;0m▀[48;2;164;106;41m▀[38;2;123;82;41;48;2;123;82;41m▀[38;2;0;0;0;48;2;0;0;0m▀▀▀▀▀▀▀▀▀▀▀▀▀▀▀▀▀▀▀▀[48;2;189;164;0m▀[38;2;189;164;0;48;2;238;197;0m▀[38;2;238;197;0;48;2;189;164;0m▀[38;2;189;164;0m▀[38;2;0;0;0;48;2;0;0;0m▀[0m
[0m   [38;2;0;0;0m▀[38;2;123;82;41;48;2;0;0;0m▀[38;2;189;164;0;48;2;189;164;0m▀▀[38;2;0;0;0m▀[48;2;0;0;0m▀▀▀▀[48;2;16;57;106m▀▀▀▀▀[48;2;0;0;0m▀▀▀▀▀▀▀[38;2;189;164;0m▀▀▀▀[38;2;0;0;0;49m▀[0m
[0m    [38;2;0;0;0m▀[38;2;189;164;0;48;2;0;0;0m▀[48;2;189;164;0m▀▀[38;2;238;197;0;48;2;238;197;0m▀▀▀[48;2;0;0;0m▀[38;2;0;0;0m▀[38;2;16;57;106m▀[48;2;16;57;106m▀▀▀▀▀[48;2;0;0;0m▀[38;2;0;0;0m▀▀[49m▀▀[0m
[0m      [38;2;0;0;0m▀▀▀[48;2;0;0;0m▀[48;2;189;164;0m▀[38;2;189;164;0m▀▀[38;2;0;0;0m▀▀▀[48;2;0;0;0m▀[49m▀▀[0m
[0m          [38;2;0;0;0m▀[38;2;189;164;0;48;2;0;0;0m▀▀▀[38;2;0;0;0;49m▀▀[0m
