[0m           [38;2;74;74;98m▄▄▄[48;2;255;255;255m▀▀▀[49m▄[0m
[0m        [38;2;74;74;98m▄[48;2;180;172;156m▀[48;2;255;255;255m▀[38;2;180;172;156m▀[38;2;255;255;255;48;2;74;74;98m▀▀▀[48;2;180;172;156m▀[38;2;180;172;156m▀▀[38;2;74;74;98;48;2;74;74;98m▀[0m
[0m      [38;2;74;74;98m▄[48;2;255;255;255m▀[38;2;255;255;255m▀[48;2;74;74;98m▀[38;2;74;74;98;48;2;180;172;156m▀▀[38;2;180;172;156m▀▀▀[38;2;74;74;98m▀[38;2;180;172;156m▀▀[38;2;0;0;0;48;2;0;0;0m▀[0m     [38;2;82;49;24m▄[48;2;205;164;115m▀[48;2;82;49;24m▀[0m
[0m    [38;2;74;74;98m▄[48;2;255;255;255m▀[38;2;255;255;255m▀[48;2;74;74;98m▀[38;2;74;74;98;48;2;180;172;156m▀[38;2;180;172;156m▀▀▀▀▀[48;2;0;0;0m▀[48;2;74;74;98m▀[48;2;180;172;156m▀[38;2;74;74;98;48;2;74;74;98m▀[0m    [38;2;0;0;0m▄[38;2;82;49;24;48;2;205;164;115m▀[38;2;205;164;115m▀[48;2;123;82;41m▀[38;2;82;49;24;48;2;82;49;24m▀[49m▄[0m
[0m   [38;2;74;74;98;48;2;74;74;98m▀[38;2;230;230;213;48;2;230;230;213m▀[48;2;74;74;98m▀[38;2;74;74;98;48;2;180;172;156m▀[38;2;180;172;156;48;2;230;230;213m▀▀▀[48;2;180;172;156m▀▀▀[38;2;0;0;0;48;2;0;0;0m▀[0m [38;2;0;0;0;48;2;0;0;0m▀[38;2;180;172;156;48;2;180;172;156m▀[38;2;0;0;0;48;2;0;0;0m▀[0m  [38;2;0;0;0m▄[48;2;189;139;65m▀[38;2;205;164;115m▀[38;2;189;139;65;48;2;123;82;41m▀[38;2;123;82;41;48;2;189;139;65m▀[38;2;189;139;65m▀▀▀[38;2;82;49;24m▀▀▀▀[49m▄▄▄▄▄[38;2;0;0;0m▄▄▄[0m   [38;2;82;49;24m▄▄▄[48;2;205;164;115m▀▀[38;2;0;0;0;48;2;0;0;0m▀[0m
[0m  [38;2;74;74;98;48;2;74;74;98m▀[38;2;180;172;156;48;2;230;230;213m▀[38;2;230;230;213;48;2;74;74;98m▀[38;2;74;74;98;48;2;180;172;156m▀[38;2;230;230;213;48;2;230;230;213m▀▀▀[48;2;0;0;0m▀[38;2;180;172;156m▀[38;2;0;0;0;49m▀▀▀[0m [38;2;0;0;0;48;2;0;0;0m▀[38;2;180;172;156;48;2;180;172;156m▀[38;2;0;0;0;48;2;74;74;98m▀[0m [38;2;0;0;0m▄[48;2;189;139;65m▀[38;2;189;139;65m▀[38;2;148;106;49;48;2;148;106;49m▀[38;2;189;139;65;48;2;189;139;65m▀▀▀▀▀▀▀▀▀▀▀▀▀▀▀[48;2;148;106;49m▀[38;2;148;106;49m▀[38;2;0;0;0;48;2;82;49;24m▀[48;2;123;82;41m▀[38;2;82;49;24;48;2;205;164;115m▀[38;2;205;164;115m▀▀▀▀[48;2;0;0;0m▀[38;2;0;0;0;49m▀[0m
[0m [38;2;74;74;98;48;2;74;74;98m▀[38;2;230;230;213;48;2;230;230;213m▀[48;2;74;74;98m▀[38;2;74;74;98;48;2;180;172;156m▀[38;2;230;230;213;48;2;230;230;213m▀▀[48;2;0;0;0m▀[38;2;0;0;0;49m▀[0m     [38;2;0;0;0m▄[48;2;180;172;156m▀[38;2;180;172;156m▀[38;2;74;74;98;48;2;74;74;98m▀[0m [38;2;0;0;0;48;2;0;0;0m▀[38;2;189;139;65;48;2;148;106;49m▀[38;2;148;106;49m▀[38;2;189;139;65;48;2;189;139;65m▀▀▀▀▀▀▀▀▀▀▀▀▀▀[48;2;148;106;49m▀[38;2;148;106;49m▀[48;2;82;49;24m▀[38;2;82;49;24;48;2;189;139;65m▀[38;2;189;139;65m▀▀[38;2;205;164;115m▀▀[38;2;189;139;65m▀[38;2;205;164;115;48;2;205;164;115m▀[48;2;0;0;0m▀[38;2;0;0;0;49m▀[0m
[38;2;74;74;98;49m▄[48;2;180;172;156m▀[38;2;230;230;213;48;2;230;230;213m▀[38;2;74;74;98;48;2;74;74;98m▀[38;2;230;230;213;48;2;230;230;213m▀▀[48;2;0;0;0m▀[38;2;0;0;0;49m▀[0m      [38;2;0;0;0;48;2;0;0;0m▀[38;2;180;172;156;48;2;180;172;156m▀▀[38;2;74;74;98;48;2;74;74;98m▀[38;2;0;0;0;48;2;0;0;0m▀[38;2;148;106;49;48;2;148;106;49m▀[48;2;123;82;41m▀[38;2;123;82;41;48;2;189;139;65m▀[38;2;205;164;115;48;2;205;164;115m▀[38;2;189;139;65m▀▀[48;2;189;139;65m▀▀▀▀▀▀▀▀▀▀[38;2;148;106;49;48;2;148;106;49m▀[48;2;82;49;24m▀[38;2;82;49;24;48;2;189;139;65m▀[38;2;189;139;65m▀▀▀▀▀▀▀[48;2;0;0;0m▀[38;2;0;0;0;49m▀[0m      [38;2;74;74;98m▄[48;2;255;255;255m▀▀▀[49m▄[0m
[38;2;74;74;98;48;2;74;74;98m▀[38;2;230;230;213;48;2;230;230;213m▀[38;2;74;74;98;48;2;74;74;98m▀[38;2;180;172;156;48;2;230;230;213m▀[38;2;230;230;213m▀[48;2;0;0;0m▀[38;2;0;0;0;49m▀[0m       [38;2;0;0;0;48;2;0;0;0m▀[38;2;180;172;156;48;2;180;172;156m▀▀[38;2;82;49;24m▀[38;2;0;0;0;48;2;0;0;0m▀[38;2;148;106;49;48;2;148;106;49m▀[38;2;82;49;24;48;2;82;49;24m▀[38;2;205;164;115;48;2;205;164;115m▀▀▀▀▀▀▀[38;2;189;139;65m▀[38;2;205;164;115;48;2;189;139;65m▀[38;2;189;139;65;48;2;205;164;115m▀[38;2;205;164;115;48;2;189;139;65m▀[38;2;189;139;65;48;2;205;164;115m▀[48;2;148;106;49m▀[38;2;148;106;49;48;2;82;49;24m▀[38;2;82;49;24;48;2;123;82;41m▀[38;2;123;82;41;48;2;189;139;65m▀[38;2;189;139;65m▀▀▀▀▀▀▀[48;2;0;0;0m▀[38;2;0;0;0m▀[0m      [38;2;74;74;98m▄[48;2;255;255;255m▀[38;2;255;255;255m▀[48;2;180;172;156m▀▀▀[38;2;74;74;98;48;2;74;74;98m▀[0m
[38;2;74;74;98;48;2;74;74;98m▀[38;2;230;230;213;48;2;230;230;213m▀[38;2;74;74;98;48;2;74;74;98m▀[38;2;230;230;213;48;2;230;230;213m▀▀[38;2;0;0;0;48;2;0;0;0m▀[0m         [38;2;0;0;0m▀[38;2;180;172;156;48;2;0;0;0m▀[38;2;148;106;49m▀[38;2;0;0;0m▀[38;2;148;106;49;48;2;148;106;49m▀[38;2;82;49;24;48;2;82;49;24m▀[38;2;205;164;115;48;2;205;164;115m▀▀▀▀▀▀▀▀▀[48;2;189;139;65m▀[48;2;148;106;49m▀[38;2;148;106;49;48;2;0;0;0m▀[38;2;0;0;0m▀[38;2;123;82;41;48;2;148;106;49m▀[38;2;189;139;65;48;2;189;139;65m▀▀▀▀▀▀▀▀[48;2;0;0;0m▀[38;2;0;0;0;48;2;123;82;41m▀[38;2;123;82;41m▀[38;2;0;0;0m▀[38;2;82;49;24;49m▄[0m   [38;2;0;0;0m▄[38;2;74;74;98;48;2;255;255;255m▀[38;2;255;255;255m▀[38;2;180;172;156;48;2;74;74;98m▀[38;2;74;74;98;48;2;180;172;156m▀▀[38;2;180;172;156;48;2;74;74;98m▀[48;2;180;172;156m▀[38;2;74;74;98;48;2;0;0;0m▀[0m
[38;2;0;0;0;48;2;0;0;0m▀[38;2;230;230;213;48;2;230;230;213m▀[38;2;74;74;98;48;2;180;172;156m▀[38;2;230;230;213;48;2;230;230;213m▀[48;2;0;0;0m▀[38;2;0;0;0;49m▀[0m            [38;2;0;0;0;48;2;0;0;0m▀[38;2;148;106;49;48;2;148;106;49m▀[38;2;82;49;24;48;2;82;49;24m▀[38;2;205;164;115;48;2;189;139;65m▀[48;2;205;164;115m▀▀▀▀▀▀[48;2;189;139;65m▀[38;2;189;139;65;48;2;148;106;49m▀[38;2;148;106;49;48;2;0;0;0m▀[38;2;0;0;0;48;2;74;74;98m▀[38;2;230;230;213;48;2;255;255;255m▀[38;2;0;0;0;48;2;82;49;24m▀[38;2;148;106;49;48;2;148;106;49m▀▀[38;2;189;139;65m▀[48;2;189;139;65m▀▀▀[48;2;148;106;49m▀[48;2;0;0;0m▀[38;2;0;0;0;49m▀[38;2;82;49;24m▀▀▀▀▀[0m  [38;2;0;0;0;48;2;0;0;0m▀[38;2;255;255;255;48;2;255;255;255m▀[48;2;180;172;156m▀[38;2;180;172;156;48;2;0;0;0m▀[48;2;180;172;156m▀▀▀[38;2;74;74;98m▀[38;2;180;172;156;48;2;74;74;98m▀[48;2;180;172;156m▀[38;2;0;0;0;48;2;0;0;0m▀[0m
[0m [38;2;0;0;0;48;2;0;0;0m▀[38;2;180;172;156;48;2;180;172;156m▀▀[38;2;0;0;0;48;2;0;0;0m▀[0m              [38;2;0;0;0;48;2;0;0;0m▀[38;2;123;82;41;48;2;148;106;49m▀[38;2;189;139;65;48;2;123;82;41m▀[48;2;189;139;65m▀▀▀▀[48;2;148;106;49m▀▀[38;2;148;106;49;48;2;82;49;24m▀[38;2;82;49;24;48;2;123;82;41m▀[38;2;230;230;213m▀▀[38;2;123;82;41;48;2;148;106;49m▀[38;2;148;106;49m▀▀▀▀▀[48;2;0;0;0m▀[38;2;0;0;0;48;2;123;82;41m▀▀[38;2;123;82;41m▀[38;2;0;0;0;48;2;0;0;0m▀[0m     [38;2;74;74;98m▄[38;2;0;0;0;48;2;180;172;156m▀[38;2;180;172;156m▀[48;2;0;0;0m▀[38;2;0;0;0;49m▀[48;2;0;0;0m▀[38;2;180;172;156;48;2;180;172;156m▀▀[48;2;230;230;213m▀[48;2;180;172;156m▀[38;2;74;74;98m▀[38;2;180;172;156;48;2;74;74;98m▀[48;2;180;172;156m▀[38;2;0;0;0;48;2;0;0;0m▀[0m
[0m [38;2;0;0;0m▀[38;2;180;172;156;48;2;0;0;0m▀[48;2;180;172;156m▀[38;2;0;0;0;48;2;0;0;0m▀[0m               [38;2;0;0;0m▀[38;2;82;49;24;48;2;0;0;0m▀[38;2;148;106;49;48;2;148;106;49m▀▀▀▀[48;2;82;49;24m▀[38;2;82;49;24;48;2;123;82;41m▀[38;2;123;82;41;48;2;148;106;49m▀[38;2;148;106;49m▀▀▀▀[48;2;0;0;0m▀▀[48;2;82;49;24m▀[38;2;0;0;0;48;2;180;172;156m▀[48;2;0;0;0m▀[38;2;90;74;74m▀[38;2;123;82;41;48;2;123;82;41m▀▀▀[48;2;189;139;65m▀[38;2;0;0;0m▀[49m▄[0m [38;2;74;74;98m▄[48;2;180;172;156m▀[38;2;180;172;156m▀▀[38;2;0;0;0;48;2;74;74;98m▀[0m  [38;2;0;0;0;48;2;0;0;0m▀[38;2;180;172;156m▀[38;2;230;230;213;48;2;230;230;213m▀▀[38;2;180;172;156m▀[48;2;180;172;156m▀[38;2;74;74;98;48;2;74;74;98m▀[38;2;180;172;156;48;2;180;172;156m▀[38;2;0;0;0m▀[49m▄[0m
[0m  [38;2;0;0;0m▀[38;2;180;172;156;48;2;0;0;0m▀[38;2;0;0;0;49m▀[0m                 [38;2;0;0;0m▀[38;2;148;106;49;48;2;0;0;0m▀▀▀[38;2;82;49;24m▀[38;2;0;0;0;49m▀[48;2;0;0;0m▀[48;2;180;172;156m▀▀[48;2;82;49;24m▀[38;2;82;49;24;48;2;180;172;156m▀[38;2;180;172;156m▀▀▀▀[38;2;90;74;74m▀[38;2;0;0;0;48;2;0;0;0m▀[48;2;90;74;74m▀[48;2;123;82;41m▀[38;2;123;82;41;48;2;0;0;0m▀[38;2;189;139;65m▀[48;2;189;139;65m▀▀[38;2;0;0;0;48;2;123;82;41m▀[38;2;180;172;156;48;2;180;172;156m▀▀[48;2;0;0;0m▀[38;2;74;74;98;49m▀[0m     [38;2;0;0;0;48;2;0;0;0m▀[38;2;230;230;213;48;2;230;230;213m▀▀[38;2;180;172;156m▀[48;2;180;172;156m▀[38;2;74;74;98;48;2;74;74;98m▀[38;2;180;172;156;48;2;230;230;213m▀[38;2;0;0;0;48;2;0;0;0m▀[0m
[0m                            [38;2;0;0;0m▀[38;2;180;172;156;48;2;0;0;0m▀[48;2;180;172;156m▀▀[38;2;82;49;24;48;2;90;74;74m▀[38;2;180;172;156m▀[48;2;180;172;156m▀▀▀▀[48;2;0;0;0m▀[38;2;90;74;74;48;2;90;74;74m▀[38;2;123;82;41;48;2;123;82;41m▀[38;2;0;0;0;48;2;0;0;0m▀[38;2;123;82;41;48;2;123;82;41m▀[38;2;0;0;0m▀[38;2;123;82;41;48;2;0;0;0m▀▀[38;2;0;0;0;48;2;123;82;41m▀[48;2;148;106;49m▀[38;2;82;49;24;49m▄[0m       [38;2;0;0;0;48;2;0;0;0m▀[38;2;230;230;213;48;2;230;230;213m▀▀[38;2;180;172;156;48;2;180;172;156m▀[38;2;74;74;98;48;2;74;74;98m▀[38;2;230;230;213;48;2;230;230;213m▀[38;2;0;0;0;48;2;180;172;156m▀[49m▄[0m
[0m                              [38;2;0;0;0m▀[48;2;0;0;0m▀[38;2;255;255;255;48;2;255;255;255m▀[38;2;0;0;0;48;2;0;0;0m▀[38;2;82;49;24;48;2;255;255;255m▀[38;2;90;74;74m▀▀[38;2;0;0;0;48;2;180;172;156m▀[38;2;180;172;156m▀[38;2;0;0;0m▀[38;2;123;82;41;48;2;0;0;0m▀▀[38;2;0;0;0m▀[38;2;123;82;41m▀▀▀[38;2;189;139;65m▀▀▀[38;2;82;49;24m▀[0m      [38;2;0;0;0m▀[38;2;230;230;213;48;2;0;0;0m▀[48;2;230;230;213m▀▀[38;2;180;172;156;48;2;180;172;156m▀[38;2;74;74;98;48;2;74;74;98m▀[38;2;230;230;213;48;2;230;230;213m▀[38;2;0;0;0;48;2;0;0;0m▀[0m
[0m                              [38;2;82;49;24m▄▄[38;2;0;0;0;48;2;82;49;24m▀[38;2;255;255;255;48;2;0;0;0m▀[38;2;0;0;0m▀[38;2;255;255;255m▀[48;2;255;255;255m▀▀[38;2;180;172;156;48;2;180;172;156m▀[48;2;0;0;0m▀[38;2;0;0;0;48;2;205;164;115m▀[38;2;148;106;49;48;2;148;106;49m▀▀▀[38;2;0;0;0;48;2;0;0;0m▀[38;2;123;82;41;48;2;123;82;41m▀▀[48;2;148;106;49m▀[38;2;82;49;24;48;2;189;139;65m▀[49m▄[0m       [38;2;0;0;0;48;2;0;0;0m▀[38;2;230;230;213;48;2;230;230;213m▀▀▀[38;2;74;74;98;48;2;74;74;98m▀[38;2;230;230;213;48;2;230;230;213m▀[38;2;0;0;0;48;2;0;0;0m▀[0m
[0m                           [38;2;82;49;24m▄[48;2;148;106;49m▀▀[38;2;148;106;49;48;2;205;164;115m▀▀[48;2;148;106;49m▀[38;2;90;74;74;48;2;0;0;0m▀[38;2;255;255;255m▀[48;2;255;255;255m▀[38;2;0;0;0m▀[48;2;180;172;156m▀[48;2;0;0;0m▀[38;2;189;139;65;48;2;189;139;65m▀▀[38;2;205;164;115;48;2;205;164;115m▀[38;2;148;106;49;48;2;148;106;49m▀▀▀[38;2;0;0;0;48;2;0;0;0m▀[48;2;123;82;41m▀▀[48;2;82;49;24m▀[49m▀[0m       [38;2;0;0;0m▀[38;2;230;230;213;48;2;0;0;0m▀[48;2;230;230;213m▀▀[38;2;74;74;98;48;2;74;74;98m▀[38;2;230;230;213;48;2;180;172;156m▀[38;2;0;0;0;48;2;0;0;0m▀[0m
[0m                        [38;2;82;49;24m▄[48;2;205;164;115m▀▀[38;2;205;164;115m▀[48;2;148;106;49m▀▀[38;2;148;106;49m▀[48;2;123;82;41m▀[38;2;123;82;41m▀[38;2;90;74;74;48;2;90;74;74m▀[38;2;82;49;24;48;2;82;49;24m▀[38;2;0;0;0m▀[38;2;180;172;156;48;2;0;0;0m▀[48;2;180;172;156m▀[38;2;90;74;74m▀[38;2;123;82;41;48;2;0;0;0m▀[38;2;189;139;65;48;2;189;139;65m▀▀[38;2;205;164;115;48;2;205;164;115m▀[38;2;148;106;49;48;2;148;106;49m▀▀[38;2;0;0;0;48;2;0;0;0m▀[48;2;123;82;41m▀[38;2;148;106;49;48;2;0;0;0m▀▀[38;2;82;49;24m▀[0m        [38;2;0;0;0;48;2;0;0;0m▀[38;2;230;230;213;48;2;230;230;213m▀[38;2;74;74;98;48;2;74;74;98m▀[38;2;180;172;156;48;2;180;172;156m▀[48;2;0;0;0m▀[38;2;0;0;0;49m▀[0m
[0m                      [38;2;0;0;0m▄[48;2;205;164;115m▀[48;2;82;49;24m▀[38;2;148;106;49;48;2;123;82;41m▀[38;2;205;164;115m▀[38;2;148;106;49m▀[38;2;123;82;41m▀▀▀▀[48;2;90;74;74m▀[48;2;0;0;0m▀[38;2;0;0;0;48;2;90;74;74m▀[49m▀[38;2;90;74;74m▀[38;2;180;172;156;48;2;0;0;0m▀[38;2;0;0;0;49m▀[48;2;0;0;0m▀[38;2;189;139;65;48;2;189;139;65m▀▀[38;2;205;164;115;48;2;205;164;115m▀[38;2;148;106;49;48;2;148;106;49m▀▀[38;2;0;0;0;48;2;0;0;0m▀[38;2;123;82;41;48;2;123;82;41m▀▀[38;2;0;0;0m▀[49m▄[0m        [38;2;0;0;0;48;2;0;0;0m▀[38;2;230;230;213;48;2;230;230;213m▀[38;2;74;74;98;48;2;180;172;156m▀[38;2;180;172;156;48;2;0;0;0m▀[38;2;0;0;0;49m▀[0m
[0m                      [38;2;0;0;0;48;2;0;0;0m▀[38;2;205;164;115;48;2;148;106;49m▀▀[38;2;82;49;24;48;2;82;49;24m▀[38;2;123;82;41;48;2;0;0;0m▀▀▀[38;2;0;0;0;49m▀▀▀[0m      [38;2;0;0;0m▄[48;2;189;139;65m▀[38;2;189;139;65m▀[38;2;205;164;115;48;2;205;164;115m▀[38;2;148;106;49;48;2;148;106;49m▀▀[38;2;0;0;0;48;2;0;0;0m▀[38;2;123;82;41;48;2;82;49;24m▀▀[48;2;123;82;41m▀▀▀[38;2;0;0;0;48;2;0;0;0m▀[0m       [38;2;0;0;0;48;2;0;0;0m▀[38;2;230;230;213;48;2;180;172;156m▀[38;2;180;172;156;48;2;0;0;0m▀[38;2;0;0;0;49m▀[0m
[0m                      [38;2;0;0;0;48;2;0;0;0m▀[48;2;123;82;41m▀▀[38;2;123;82;41m▀▀[38;2;0;0;0m▀[49m▄[0m         [38;2;0;0;0;48;2;0;0;0m▀[38;2;189;139;65;48;2;123;82;41m▀[48;2;82;49;24m▀[38;2;82;49;24;48;2;189;139;65m▀▀[38;2;123;82;41;48;2;0;0;0m▀[38;2;0;0;0;49m▀[0m  [38;2;82;49;24m▀[38;2;123;82;41;48;2;82;49;24m▀[48;2;123;82;41m▀▀[38;2;0;0;0m▀[49m▄[0m    [38;2;0;0;0;48;2;0;0;0m▀[38;2;180;172;156;48;2;180;172;156m▀[48;2;0;0;0m▀[38;2;0;0;0;49m▀[0m
[0m                       [38;2;0;0;0m▀▀[38;2;123;82;41;48;2;0;0;0m▀[48;2;123;82;41m▀▀[38;2;0;0;0m▀[49m▄[0m         [38;2;0;0;0m▀[38;2;82;49;24;48;2;0;0;0m▀[38;2;189;139;65m▀[38;2;148;106;49m▀[38;2;0;0;0;48;2;123;82;41m▀[49m▄[0m    [38;2;82;49;24m▀[38;2;123;82;41;48;2;82;49;24m▀[48;2;123;82;41m▀▀[38;2;0;0;0;48;2;0;0;0m▀[0m   [38;2;0;0;0m▀▀[0m
[0m                          [38;2;0;0;0m▀[38;2;123;82;41;48;2;0;0;0m▀[48;2;123;82;41m▀▀[38;2;0;0;0m▀[49m▄[0m        [38;2;0;0;0m▀[38;2;148;106;49;48;2;0;0;0m▀▀[48;2;148;106;49m▀▀[38;2;0;0;0m▀▀[49m▄[0m   [38;2;82;49;24m▀[38;2;123;82;41;48;2;82;49;24m▀[48;2;123;82;41m▀[38;2;0;0;0;48;2;0;0;0m▀[0m
[0m                           [38;2;0;0;0;48;2;0;0;0m▀[38;2;123;82;41;48;2;82;49;24m▀▀[48;2;0;0;0m▀[38;2;0;0;0;49m▀[0m           [38;2;0;0;0m▀[38;2;148;106;49;48;2;0;0;0m▀[48;2;148;106;49m▀▀▀[38;2;0;0;0;48;2;0;0;0m▀[0m    [38;2;82;49;24m▀[38;2;123;82;41;48;2;82;49;24m▀[38;2;0;0;0;48;2;0;0;0m▀[0m
[0m                      [38;2;74;74;98m▄▄[38;2;0;0;0;48;2;189;139;65m▀▀▀[38;2;189;139;65;48;2;82;49;24m▀[48;2;123;82;41m▀[38;2;123;82;41m▀▀[38;2;0;0;0;48;2;0;0;0m▀[0m            [38;2;0;0;0m▀[38;2;148;106;49;48;2;0;0;0m▀[48;2;148;106;49m▀▀▀[38;2;0;0;0;48;2;0;0;0m▀[0m
[0m                    [38;2;74;74;98m▄[48;2;230;230;213m▀[38;2;230;230;213m▀[48;2;74;74;98m▀[38;2;74;74;98;48;2;255;255;255m▀[38;2;123;82;41m▀[48;2;123;82;41m▀[48;2;0;0;0m▀[38;2;82;49;24m▀[38;2;0;0;0;49m▀▀[0m              [38;2;0;0;0m▀[38;2;148;106;49;48;2;0;0;0m▀[38;2;0;0;0;48;2;148;106;49m▀[48;2;189;139;65m▀[49m▄[0m
[0m                    [38;2;0;0;0m▀▀[38;2;74;74;98;48;2;0;0;0m▀[38;2;255;255;255;48;2;255;255;255m▀[48;2;0;0;0m▀[38;2;0;0;0;49m▀▀[0m                  [38;2;82;49;24m▄[48;2;148;106;49m▀▀▀[48;2;123;82;41m▀[49m▄[0m
[0m                      [38;2;0;0;0m▀▀[0m                   [38;2;74;74;98m▄[48;2;255;255;255m▀[38;2;255;255;255;48;2;230;230;213m▀[38;2;230;230;213m▀[38;2;148;106;49;48;2;82;49;24m▀[48;2;123;82;41m▀[38;2;255;255;255;48;2;230;230;213m▀[48;2;255;255;255m▀[38;2;74;74;98;48;2;74;74;98m▀[0m
[0m                                          [38;2;74;74;98;48;2;74;74;98m▀[38;2;255;255;255;48;2;230;230;213m▀[38;2;230;230;213;48;2;0;0;0m▀[38;2;0;0;0;49m▀▀▀▀▀[38;2;255;255;255;48;2;0;0;0m▀[48;2;255;255;255m▀[38;2;74;74;98;48;2;74;74;98m▀[0m
[0m                                          [38;2;74;74;98m▀[38;2;0;0;0m▀[0m       [38;2;0;0;0m▀[38;2;74;74;98m▀[0m
