[0m                                    [38;2;16;57;65m▄[38;2;0;0;0;48;2;84;140;173m▀[48;2;49;90;123m▀▀[49m▄[0m
[0m                    [38;2;16;57;65m▄[38;2;0;0;0;48;2;84;140;173m▀[48;2;49;90;123m▀[49m▄▄[0m         [38;2;16;57;65m▄[48;2;84;140;173m▀[38;2;84;140;173m▀▀▀[38;2;49;90;123;48;2;49;90;123m▀[38;2;0;0;0m▀[49m▄[0m
[0m                   [38;2;16;57;65m▄[48;2;84;140;173m▀[38;2;84;140;173m▀[38;2;49;90;123m▀[48;2;49;90;123m▀▀[38;2;0;0;0m▀[49m▄▄▄▄▄▄▄[38;2;16;57;65;48;2;84;140;173m▀[38;2;84;140;173m▀▀▀▀[48;2;49;90;123m▀[38;2;49;90;123m▀▀[38;2;0;0;0m▀[49m▄[0m
[0m                   [38;2;16;57;65;48;2;16;57;65m▀[38;2;84;140;173;48;2;84;140;173m▀▀[48;2;49;90;123m▀[38;2;49;90;123m▀[38;2;16;57;65;48;2;84;140;173m▀▀[38;2;49;90;123m▀[38;2;84;140;173m▀▀▀▀▀▀▀▀▀▀[48;2;49;90;123m▀[38;2;49;90;123m▀▀▀▀▀[38;2;0;0;0m▀[49m▄[0m
[0m                   [38;2;16;57;65;48;2;0;0;0m▀[38;2;84;140;173;48;2;49;90;123m▀[38;2;49;90;123;48;2;84;140;173m▀[38;2;84;140;173;48;2;49;90;123m▀▀[48;2;84;140;173m▀▀▀▀▀▀▀[48;2;49;90;123m▀▀[38;2;49;90;123;48;2;246;230;189m▀[48;2;230;197;172m▀[48;2;16;57;65m▀▀[48;2;49;90;123m▀▀▀▀▀▀▀[38;2;0;0;0m▀[49m▄[0m
[0m                  [38;2;0;0;0m▄[48;2;49;90;123m▀[38;2;49;90;123m▀[48;2;246;230;189m▀[38;2;246;230;189m▀[38;2;230;197;172m▀[38;2;49;90;123m▀[38;2;84;140;173;48;2;49;90;123m▀[48;2;84;140;173m▀▀▀[48;2;49;90;123m▀[38;2;49;90;123;48;2;246;230;189m▀[38;2;246;230;189m▀▀▀▀▀[38;2;230;197;172m▀[38;2;16;57;65m▀[38;2;49;90;123;48;2;16;57;65m▀[48;2;49;90;123m▀▀▀▀▀▀[38;2;0;0;0m▀[49m▄[0m
[0m                  [38;2;0;0;0;48;2;0;0;0m▀[38;2;49;90;123;48;2;49;90;123m▀[38;2;230;197;172;48;2;246;230;189m▀[38;2;246;230;189m▀▀▀▀▀[38;2;49;90;123m▀▀[38;2;230;197;172m▀[38;2;246;230;189m▀▀▀▀▀▀▀▀▀▀[38;2;16;57;65;48;2;230;197;172m▀[38;2;49;90;123;48;2;16;57;65m▀[48;2;49;90;123m▀▀▀▀▀[38;2;0;0;0;48;2;0;0;0m▀[0m      [38;2;0;0;0m▄▄[0m [38;2;0;0;0m▄[48;2;255;255;255m▀[48;2;0;0;0m▀[0m
[0m                 [38;2;0;0;0m▄[48;2;49;90;123m▀[38;2;230;197;172;48;2;246;230;189m▀[38;2;246;230;189m▀▀▀▀▀▀▀▀▀▀▀▀[48;2;0;0;0m▀▀▀▀▀[48;2;246;230;189m▀▀▀[38;2;16;57;65;48;2;230;197;172m▀[38;2;49;90;123;48;2;16;57;65m▀[48;2;49;90;123m▀▀▀▀▀[38;2;0;0;0;48;2;0;0;0m▀[0m     [38;2;0;0;0;48;2;0;0;0m▀[38;2;255;255;255;48;2;84;140;173m▀[38;2;0;0;0m▀▀▀[48;2;16;57;65m▀[49m▄[48;2;255;255;255m▀[48;2;0;0;0m▀[0m
[0m                 [38;2;0;0;0;48;2;0;0;0m▀[38;2;49;90;123;48;2;49;90;123m▀[38;2;0;0;0;48;2;246;230;189m▀▀[48;2;115;115;115m▀[38;2;246;230;189;48;2;0;0;0m▀▀[48;2;246;230;189m▀▀▀▀▀▀[38;2;0;0;0m▀▀[38;2;115;115;115m▀[38;2;246;230;189m▀▀▀▀▀▀▀▀[38;2;16;57;65;48;2;16;57;65m▀[38;2;49;90;123;48;2;49;90;123m▀▀▀▀▀[38;2;0;0;0;48;2;0;0;0m▀[0m   [38;2;0;0;0m▄[48;2;84;140;173m▀[38;2;84;140;173m▀▀▀▀▀▀[38;2;16;57;65;48;2;0;0;0m▀[38;2;0;0;0;48;2;255;255;255m▀[48;2;0;0;0m▀[0m
[0m     [38;2;0;0;0m▄▄[0m [38;2;0;0;0;48;2;0;0;0m▀[48;2;255;255;255m▀[49m▄▄▄[0m    [38;2;0;0;0;48;2;0;0;0m▀[38;2;49;90;123;48;2;49;90;123m▀[38;2;246;230;189;48;2;246;230;189m▀▀▀▀▀▀▀▀▀▀▀▀[48;2;115;115;115m▀[48;2;230;197;172m▀[48;2;246;230;189m▀▀▀▀▀▀▀[48;2;230;197;172m▀[38;2;16;57;65;48;2;16;57;65m▀[38;2;49;90;123;48;2;49;90;123m▀▀▀▀[38;2;16;57;65;48;2;16;57;65m▀▀[38;2;0;0;0;48;2;0;0;0m▀[49m▄[48;2;84;140;173m▀[38;2;84;140;173m▀▀▀▀▀▀[48;2;49;90;123m▀[38;2;49;90;123m▀[38;2;16;57;65;48;2;0;0;0m▀[38;2;0;0;0;48;2;16;57;65m▀[48;2;0;0;0m▀[0m
[0m     [38;2;0;0;0;48;2;0;0;0m▀[38;2;255;255;255;48;2;16;57;65m▀[38;2;0;0;0;48;2;84;140;173m▀[38;2;84;140;173m▀▀[38;2;0;0;0m▀[38;2;255;255;255;48;2;0;0;0m▀[38;2;0;0;0m▀[0m     [38;2;0;0;0;48;2;0;0;0m▀[38;2;230;197;172;48;2;49;90;123m▀[38;2;246;230;189;48;2;246;230;189m▀▀▀[48;2;115;115;115m▀[38;2;115;115;115;48;2;255;255;255m▀[38;2;246;230;189;48;2;115;115;115m▀[48;2;246;230;189m▀[48;2;230;197;172m▀[48;2;0;0;0m▀▀[38;2;115;115;115m▀[38;2;255;255;255;48;2;115;115;115m▀[38;2;0;0;0;48;2;230;197;172m▀[38;2;246;230;189;48;2;246;230;189m▀▀▀▀▀▀[48;2;230;197;172m▀[38;2;16;57;65;48;2;16;57;65m▀[38;2;49;90;123;48;2;49;90;123m▀▀▀▀[38;2;16;57;65;48;2;16;57;65m▀[48;2;0;0;0m▀[38;2;0;0;0;48;2;49;90;123m▀[38;2;49;90;123m▀[38;2;84;140;173;48;2;84;140;173m▀▀▀▀▀▀[48;2;49;90;123m▀[38;2;49;90;123m▀▀[38;2;0;0;0m▀[38;2;255;255;255;48;2;0;0;0m▀[38;2;0;0;0;48;2;16;57;65m▀[48;2;0;0;0m▀[0m
[0m    [38;2;0;0;0;48;2;0;0;0m▀[48;2;255;255;255m▀[38;2;16;57;65;48;2;16;57;65m▀[38;2;84;140;173;48;2;84;140;173m▀▀▀▀▀▀[38;2;16;57;65m▀[49m▄▄[0m   [38;2;0;0;0;48;2;0;0;0m▀[38;2;230;197;172;48;2;49;90;123m▀[38;2;246;230;189;48;2;246;230;189m▀▀[38;2;115;115;115m▀[38;2;0;0;0m▀▀▀▀[38;2;230;197;172m▀[38;2;246;230;189m▀▀▀▀▀▀▀▀▀[48;2;16;57;65m▀[38;2;16;57;65;48;2;49;90;123m▀[38;2;49;90;123m▀▀▀▀[38;2;16;57;65m▀[38;2;0;0;0m▀[38;2;49;90;123m▀▀▀▀[38;2;84;140;173m▀[48;2;84;140;173m▀[48;2;49;90;123m▀▀[38;2;49;90;123m▀▀▀▀▀▀[38;2;0;0;0;48;2;0;0;0m▀[0m
[0m    [38;2;0;0;0;48;2;0;0;0m▀[38;2;16;57;65;48;2;16;57;65m▀[48;2;255;255;255m▀[38;2;49;90;123;48;2;49;90;123m▀[38;2;84;140;173m▀[48;2;84;140;173m▀▀▀▀▀▀▀[38;2;16;57;65m▀▀[38;2;0;0;0;49m▄▄[48;2;0;0;0m▀[38;2;16;57;65;48;2;16;57;65m▀[38;2;246;230;189m▀[48;2;246;230;189m▀▀▀▀▀▀▀▀▀▀▀▀[48;2;164;115;82m▀[48;2;16;57;65m▀[38;2;16;57;65;48;2;49;90;123m▀[38;2;49;90;123m▀▀▀▀▀▀▀▀▀▀▀▀▀▀▀▀▀▀▀▀▀[38;2;0;0;0;48;2;0;0;0m▀[0m
[0m     [38;2;0;0;0;48;2;0;0;0m▀[38;2;49;90;123;48;2;49;90;123m▀▀▀▀[38;2;84;140;173m▀[48;2;84;140;173m▀▀▀▀▀▀[48;2;49;90;123m▀[38;2;49;90;123m▀▀▀▀[38;2;16;57;65;48;2;0;0;0m▀▀[48;2;246;230;189m▀[38;2;164;115;82;48;2;246;213;189m▀[38;2;246;213;189;48;2;230;197;172m▀[38;2;246;230;189m▀▀▀▀[38;2;246;213;189m▀[38;2;230;197;172m▀[48;2;246;213;189m▀[48;2;246;230;189m▀[38;2;246;230;189m▀▀▀[38;2;16;57;65m▀▀[38;2;49;90;123;48;2;16;57;65m▀▀[48;2;49;90;123m▀▀▀▀▀▀▀▀▀▀▀▀▀▀▀[48;2;0;0;0m▀[38;2;0;0;0;49m▀[0m
[0m      [38;2;0;0;0;48;2;0;0;0m▀[38;2;49;90;123;48;2;49;90;123m▀▀▀▀▀▀[38;2;84;140;173m▀▀[38;2;49;90;123m▀▀▀▀[48;2;0;0;0m▀[38;2;0;0;0;48;2;246;230;189m▀▀[38;2;246;230;189m▀▀▀▀[38;2;246;213;189m▀[38;2;230;197;172m▀▀▀▀[38;2;246;213;189m▀[38;2;246;230;189m▀▀▀▀▀▀▀▀▀▀[38;2;16;57;65;48;2;230;197;172m▀[38;2;49;90;123;48;2;16;57;65m▀[48;2;49;90;123m▀▀▀▀▀▀▀▀▀▀▀▀[48;2;0;0;0m▀[38;2;0;0;0;49m▀[0m
[0m       [38;2;0;0;0m▀[38;2;49;90;123;48;2;0;0;0m▀[48;2;49;90;123m▀▀▀▀▀▀▀▀[48;2;0;0;0m▀[38;2;0;0;0;48;2;246;230;189m▀[38;2;246;230;189m▀▀▀▀▀▀▀▀▀▀▀▀▀▀▀▀▀▀▀▀▀▀▀▀▀[38;2;16;57;65m▀[38;2;49;90;123;48;2;16;57;65m▀[48;2;49;90;123m▀▀▀▀▀▀▀▀[48;2;16;57;65m▀[38;2;0;0;0;48;2;0;0;0m▀[0m
[0m         [38;2;0;0;0m▀[38;2;49;90;123;48;2;0;0;0m▀[48;2;49;90;123m▀▀▀▀[48;2;0;0;0m▀[38;2;0;0;0;48;2;246;230;189m▀[38;2;246;230;189m▀▀▀▀▀▀▀▀▀▀▀▀▀▀▀▀▀▀▀▀▀▀▀▀▀▀▀▀▀[38;2;16;57;65;48;2;16;57;65m▀[38;2;49;90;123;48;2;49;90;123m▀▀▀▀▀▀[38;2;16;57;65m▀[38;2;49;90;123m▀▀[38;2;0;0;0;48;2;16;57;65m▀[49m▄[0m
[0m           [38;2;0;0;0m▀▀[38;2;49;90;123;48;2;0;0;0m▀▀[38;2;0;0;0;48;2;246;230;189m▀[38;2;246;230;189m▀▀▀▀▀▀▀▀▀▀▀▀▀▀▀▀▀▀▀▀▀▀▀▀▀▀▀▀▀▀▀[38;2;16;57;65;48;2;16;57;65m▀[38;2;49;90;123;48;2;49;90;123m▀▀▀▀▀▀[48;2;16;57;65m▀[38;2;16;57;65m▀[38;2;49;90;123;48;2;49;90;123m▀[38;2;0;0;0;48;2;16;57;65m▀[48;2;0;0;0m▀[0m
[0m             [38;2;0;0;0m▄[48;2;246;230;189m▀[38;2;246;230;189m▀▀▀▀▀▀▀▀▀▀▀▀▀▀▀▀▀▀▀▀▀▀▀▀▀▀▀▀▀▀▀▀[38;2;246;213;189m▀[38;2;16;57;65;48;2;16;57;65m▀[38;2;49;90;123;48;2;49;90;123m▀▀▀[48;2;16;57;65m▀[38;2;16;57;65m▀▀▀▀▀▀[38;2;0;0;0;48;2;0;0;0m▀[0m
[0m             [38;2;0;0;0;48;2;0;0;0m▀[38;2;246;230;189;48;2;246;230;189m▀▀▀▀▀▀▀▀▀▀▀▀▀▀▀▀▀▀▀▀▀▀▀▀▀▀▀▀▀▀▀▀▀▀[38;2;16;57;65m▀[38;2;49;90;123;48;2;16;57;65m▀[38;2;16;57;65m▀▀▀▀▀▀▀▀▀[38;2;0;0;0m▀[49m▄[0m
[0m            [38;2;0;0;0;48;2;0;0;0m▀[38;2;246;230;189;48;2;246;230;189m▀▀▀▀▀▀▀▀▀▀▀▀▀▀▀▀▀▀▀▀▀▀▀▀▀▀▀▀▀▀▀▀▀▀[48;2;230;197;172m▀[38;2;230;197;172m▀[38;2;16;57;65m▀[48;2;16;57;65m▀▀▀▀▀▀▀▀▀▀[38;2;0;0;0;48;2;0;0;0m▀[0m
[0m            [38;2;0;0;0;48;2;0;0;0m▀[38;2;246;213;189;48;2;246;213;189m▀[38;2;246;230;189;48;2;246;230;189m▀▀▀▀▀▀▀▀▀▀▀▀▀▀▀▀▀▀▀▀▀▀▀▀▀▀▀▀▀▀[48;2;246;213;189m▀▀[48;2;230;197;172m▀[38;2;230;197;172m▀▀▀[38;2;16;57;65;48;2;16;57;65m▀▀▀▀▀▀▀▀▀▀[38;2;0;0;0m▀[49m▄[0m
[0m   [38;2;0;0;0m▄▄[0m   [38;2;0;0;0m▄[0m  [38;2;0;0;0;48;2;0;0;0m▀[38;2;230;197;172;48;2;230;197;172m▀[38;2;246;213;189m▀[38;2;246;230;189;48;2;246;213;189m▀[48;2;246;230;189m▀▀▀▀▀▀▀▀▀▀▀▀▀▀▀▀▀▀▀▀▀▀▀▀▀▀▀[48;2;246;213;189m▀[38;2;246;213;189m▀[48;2;230;197;172m▀[38;2;230;197;172m▀▀▀▀▀[38;2;16;57;65m▀[48;2;16;57;65m▀▀▀▀▀▀▀▀▀▀[38;2;0;0;0;48;2;0;0;0m▀[0m
[0m   [38;2;0;0;0;48;2;0;0;0m▀[38;2;255;255;255;48;2;255;255;255m▀[38;2;0;0;0m▀[49m▄[48;2;0;0;0m▀[38;2;255;255;255;48;2;255;255;255m▀[38;2;0;0;0;48;2;205;205;205m▀[49m▄[48;2;0;0;0m▀[38;2;230;197;172;48;2;230;197;172m▀▀▀[38;2;246;213;189m▀[38;2;246;230;189;48;2;246;213;189m▀▀[48;2;246;230;189m▀▀▀▀▀▀▀▀▀▀▀▀▀▀▀▀▀▀▀▀[48;2;246;213;189m▀▀[38;2;246;213;189m▀[48;2;230;197;172m▀▀[38;2;230;197;172m▀▀[48;2;0;0;0m▀[38;2;0;0;0;48;2;255;255;255m▀[38;2;230;197;172;48;2;0;0;0m▀[48;2;230;197;172m▀▀▀[38;2;16;57;65;48;2;16;57;65m▀[48;2;0;0;0m▀[38;2;0;0;0;48;2;205;205;205m▀[48;2;0;0;0m▀[38;2;16;57;65;48;2;16;57;65m▀▀▀▀▀▀[38;2;0;0;0;48;2;0;0;0m▀[0m
[38;2;0;0;0;48;2;0;0;0m▀[48;2;255;255;255m▀▀[48;2;205;205;205m▀[38;2;255;255;255;48;2;101;69;32m▀▀[38;2;101;69;32;48;2;246;230;189m▀[38;2;0;0;0;48;2;0;0;0m▀[38;2;255;255;255;48;2;205;205;205m▀[38;2;205;205;205m▀[48;2;101;69;32m▀[38;2;0;0;0;48;2;0;0;0m▀[38;2;230;197;172m▀[48;2;230;197;172m▀▀▀▀[38;2;246;213;189m▀[48;2;246;213;189m▀▀[38;2;246;230;189m▀▀[48;2;246;230;189m▀▀▀▀▀▀▀▀▀▀[48;2;246;213;189m▀▀▀[38;2;246;213;189m▀▀▀[48;2;230;197;172m▀▀[38;2;230;197;172m▀▀▀▀[48;2;0;0;0m▀[38;2;0;0;0;48;2;255;255;255m▀[38;2;255;255;255m▀[38;2;0;0;0m▀[38;2;230;197;172;48;2;0;0;0m▀▀▀[38;2;0;0;0;48;2;255;255;255m▀[38;2;255;255;255m▀[38;2;205;205;205;48;2;205;205;205m▀[38;2;0;0;0;48;2;0;0;0m▀[38;2;16;57;65;48;2;16;57;65m▀▀[48;2;0;0;0m▀▀[48;2;16;57;65m▀▀[38;2;0;0;0;48;2;0;0;0m▀[0m
[0m [38;2;0;0;0;48;2;0;0;0m▀[38;2;255;255;255;48;2;205;205;205m▀[38;2;0;0;0;48;2;0;0;0m▀[38;2;246;230;189;48;2;246;230;189m▀▀▀▀[38;2;101;69;32m▀▀[38;2;0;0;0m▀[38;2;246;230;189m▀[38;2;230;197;172m▀[38;2;0;0;0;48;2;230;197;172m▀[38;2;230;197;172;48;2;0;0;0m▀[48;2;230;197;172m▀▀▀▀▀[38;2;246;213;189m▀▀▀[48;2;246;213;189m▀▀▀▀▀▀▀▀▀[48;2;230;197;172m▀▀▀[38;2;230;197;172m▀▀▀▀▀▀▀▀[48;2;0;0;0m▀[38;2;0;0;0;48;2;230;197;172m▀[38;2;205;205;205;48;2;101;69;32m▀[38;2;255;255;255m▀[38;2;205;205;205m▀[38;2;0;0;0;48;2;246;230;189m▀[38;2;230;197;172m▀[38;2;0;0;0;48;2;230;197;172m▀[38;2;205;205;205;48;2;0;0;0m▀▀▀[38;2;0;0;0;48;2;230;197;172m▀[48;2;0;0;0m▀[48;2;255;255;255m▀[38;2;255;255;255m▀[38;2;0;0;0;48;2;0;0;0m▀[38;2;16;57;65;48;2;16;57;65m▀▀[38;2;0;0;0;48;2;0;0;0m▀[0m
[0m  [38;2;0;0;0;48;2;0;0;0m▀[38;2;246;230;189;48;2;246;213;189m▀[38;2;246;213;189m▀[48;2;230;197;172m▀▀▀▀[38;2;246;230;189;48;2;246;213;189m▀[48;2;246;230;189m▀▀▀▀[38;2;230;197;172;48;2;246;213;189m▀[38;2;0;0;0;48;2;0;0;0m▀[38;2;230;197;172;48;2;230;197;172m▀▀▀▀▀▀▀▀▀▀▀▀▀▀▀▀▀▀▀▀▀▀▀▀▀[48;2;0;0;0m▀[38;2;0;0;0;48;2;246;230;189m▀[38;2;246;230;189m▀▀▀▀▀[48;2;246;213;189m▀▀▀[38;2;246;213;189;48;2;230;197;172m▀▀[38;2;230;197;172m▀▀[38;2;0;0;0m▀[38;2;205;205;205;48;2;0;0;0m▀[38;2;255;255;255m▀[38;2;0;0;0m▀[38;2;16;57;65;48;2;16;57;65m▀[48;2;0;0;0m▀[38;2;0;0;0;49m▀[0m
[0m  [38;2;0;0;0;48;2;0;0;0m▀[38;2;246;213;189;48;2;230;197;172m▀[38;2;230;197;172m▀▀▀▀▀▀[38;2;246;213;189m▀[38;2;246;230;189;48;2;246;213;189m▀▀[38;2;246;213;189m▀[48;2;230;197;172m▀[38;2;230;197;172m▀[38;2;0;0;0;48;2;0;0;0m▀[38;2;230;197;172;48;2;230;197;172m▀▀▀▀▀▀▀▀▀▀▀▀▀▀▀▀▀▀▀▀▀▀▀[38;2;0;0;0;48;2;0;0;0m▀[38;2;246;230;189;48;2;246;230;189m▀▀▀▀[48;2;246;213;189m▀[38;2;246;213;189;48;2;230;197;172m▀▀[38;2;230;197;172m▀▀▀▀▀▀▀▀▀▀[38;2;0;0;0;48;2;0;0;0m▀[38;2;16;57;65;48;2;16;57;65m▀[38;2;0;0;0;48;2;0;0;0m▀[0m
[0m   [38;2;0;0;0;48;2;0;0;0m▀[38;2;230;197;172;48;2;101;69;32m▀[38;2;101;69;32;48;2;164;115;82m▀▀▀[38;2;230;197;172;48;2;101;69;32m▀[48;2;230;197;172m▀▀▀▀▀▀▀▀[38;2;0;0;0;48;2;0;0;0m▀[38;2;230;197;172;48;2;230;197;172m▀▀▀▀▀▀▀▀▀▀▀▀▀▀▀▀▀▀▀▀▀[38;2;0;0;0;48;2;0;0;0m▀[38;2;230;197;172;48;2;246;230;189m▀[38;2;246;230;189m▀▀[48;2;246;213;189m▀[38;2;246;213;189;48;2;230;197;172m▀[38;2;230;197;172m▀▀[48;2;101;69;32m▀▀[38;2;101;69;32;48;2;164;115;82m▀▀▀[38;2;230;197;172;48;2;101;69;32m▀[48;2;230;197;172m▀▀▀▀[48;2;0;0;0m▀[38;2;0;0;0;48;2;16;57;65m▀[48;2;0;0;0m▀[0m
[0m    [38;2;0;0;0;48;2;0;0;0m▀[38;2;164;115;82;48;2;164;115;82m▀▀▀▀[38;2;101;69;32;48;2;101;69;32m▀[38;2;230;197;172;48;2;230;197;172m▀▀▀▀▀▀▀[38;2;0;0;0;48;2;0;0;0m▀[38;2;16;57;65;48;2;16;57;65m▀[38;2;230;197;172m▀[48;2;230;197;172m▀▀▀▀▀▀▀▀▀▀▀▀▀▀▀▀▀▀▀[38;2;0;0;0;48;2;0;0;0m▀[38;2;246;230;189;48;2;246;230;189m▀▀▀[38;2;246;213;189;48;2;246;213;189m▀[38;2;230;197;172;48;2;230;197;172m▀▀[38;2;101;69;32;48;2;101;69;32m▀[38;2;164;115;82;48;2;164;115;82m▀▀▀▀▀▀[38;2;101;69;32;48;2;101;69;32m▀[38;2;230;197;172;48;2;230;197;172m▀▀▀[38;2;0;0;0;48;2;0;0;0m▀[49m▀[0m
[0m     [38;2;0;0;0m▀[38;2;164;115;82;48;2;0;0;0m▀[48;2;164;115;82m▀▀▀[38;2;101;69;32;48;2;101;69;32m▀[38;2;230;197;172;48;2;230;197;172m▀▀▀▀▀[48;2;0;0;0m▀[38;2;0;0;0;48;2;16;57;65m▀[38;2;16;57;65m▀[48;2;0;0;0m▀▀[38;2;230;197;172m▀▀[48;2;197;156;90m▀[48;2;230;197;172m▀▀▀▀[48;2;246;230;189m▀[48;2;230;197;172m▀[48;2;246;230;189m▀[48;2;230;197;172m▀[48;2;246;230;189m▀[48;2;230;197;172m▀[48;2;246;230;189m▀[48;2;230;197;172m▀[48;2;246;230;189m▀[48;2;230;197;172m▀▀[38;2;0;0;0m▀[38;2;246;230;189;48;2;0;0;0m▀[48;2;246;230;189m▀[38;2;246;213;189;48;2;246;213;189m▀[38;2;230;197;172;48;2;230;197;172m▀▀[38;2;101;69;32;48;2;101;69;32m▀[38;2;164;115;82;48;2;164;115;82m▀▀▀▀▀▀[48;2;101;69;32m▀[38;2;101;69;32;48;2;230;197;172m▀[38;2;230;197;172m▀▀[38;2;0;0;0;48;2;0;0;0m▀[0m
[0m       [38;2;0;0;0m▀[38;2;164;115;82;48;2;0;0;0m▀▀[38;2;101;69;32;48;2;230;197;172m▀[38;2;230;197;172m▀▀▀[48;2;0;0;0m▀▀[38;2;0;0;0;49m▀▀▀[0m    [38;2;0;0;0m▀▀▀▀▀[38;2;197;156;90;48;2;0;0;0m▀[38;2;246;230;189m▀[38;2;230;197;172m▀[38;2;246;230;189m▀[38;2;230;197;172m▀[38;2;246;230;189m▀[38;2;230;197;172m▀[38;2;246;230;189m▀[38;2;230;197;172m▀[38;2;0;0;0;49m▀▀▀▀[38;2;246;230;189;48;2;0;0;0m▀[38;2;246;213;189;48;2;230;197;172m▀[38;2;230;197;172m▀▀▀[38;2;101;69;32m▀[38;2;164;115;82;48;2;101;69;32m▀▀▀▀[38;2;101;69;32;48;2;230;197;172m▀[38;2;230;197;172m▀▀[48;2;0;0;0m▀[38;2;0;0;0;49m▀[0m
[0m          [38;2;0;0;0m▀▀▀▀[0m                            [38;2;0;0;0m▀[38;2;230;197;172;48;2;0;0;0m▀▀[48;2;230;197;172m▀▀▀▀▀[48;2;0;0;0m▀▀[38;2;0;0;0;49m▀▀[0m
[0m                                             [38;2;0;0;0m▀▀▀▀▀[0m
