[0m   [38;2;0;82;115m▄[48;2;148;197;255m▀▀[38;2;74;131;213;49m▄[0m
[0m   [38;2;0;0;0m▀[38;2;148;197;255;48;2;0;82;115m▀[48;2;148;197;255m▀▀[38;2;74;131;213m▀[38;2;0;82;115m▀[49m▄[0m                                                          [38;2;0;82;115m▄▄▄[0m
[0m  [38;2;0;82;115m▄▄[38;2;0;0;0m▀[38;2;148;197;255;48;2;0;0;0m▀[48;2;148;197;255m▀▀▀▀[38;2;0;82;115m▀[49m▄[0m                                                  [38;2;0;82;115m▄▄▄[48;2;148;197;255m▀▀▀[38;2;148;197;255m▀▀▀[38;2;0;82;115;48;2;0;82;115m▀[0m
[0m [38;2;0;82;115;48;2;0;82;115m▀[38;2;148;197;255;48;2;148;197;255m▀▀[38;2;0;82;115m▀[38;2;0;49;82;49m▄[38;2;0;0;0;48;2;0;49;82m▀[38;2;148;197;255;48;2;0;82;115m▀[38;2;106;172;246;48;2;148;197;255m▀[48;2;106;172;246m▀[38;2;148;197;255;48;2;74;131;213m▀[48;2;148;197;255m▀[38;2;0;82;115m▀[38;2;74;131;213;49m▄[0m                                           [38;2;0;82;115m▄▄▄[48;2;148;197;255m▀▀[38;2;148;197;255;48;2;74;131;213m▀[48;2;106;172;246m▀[48;2;148;197;255m▀▀▀▀▀[48;2;0;0;0m▀▀[38;2;0;0;0;49m▀[0m
[0m [38;2;0;49;82m▀[38;2;148;197;255;48;2;0;0;0m▀[48;2;148;197;255m▀▀▀[38;2;0;82;115;48;2;106;172;246m▀[38;2;0;49;82m▀[38;2;106;172;246;48;2;0;82;115m▀[48;2;106;172;246m▀▀[38;2;74;131;213m▀[38;2;148;197;255;48;2;74;131;213m▀[38;2;0;82;115;48;2;148;197;255m▀[49m▄[0m                                      [38;2;0;82;115m▄▄[48;2;148;197;255m▀▀[38;2;148;197;255;48;2;74;131;213m▀▀▀[38;2;74;131;213;48;2;106;172;246m▀▀[38;2;106;172;246;48;2;148;197;255m▀[38;2;148;197;255m▀▀[48;2;0;49;82m▀▀[38;2;0;0;0;48;2;0;82;115m▀▀[38;2;0;82;115;49m▄▄[0m
[0m   [38;2;0;0;0m▀[38;2;148;197;255;48;2;0;0;0m▀[48;2;106;172;246m▀[48;2;148;197;255m▀[38;2;106;172;246m▀[48;2;106;172;246m▀[38;2;74;131;213m▀[38;2;106;172;246m▀▀[38;2;74;131;213m▀[38;2;148;197;255;48;2;0;82;115m▀[48;2;148;197;255m▀[38;2;0;82;115;48;2;106;172;246m▀[49m▄[0m                                [38;2;0;82;115m▄▄[48;2;148;197;255m▀▀[38;2;148;197;255;48;2;0;82;115m▀▀[38;2;0;82;115;48;2;74;131;213m▀[38;2;74;131;213;48;2;106;172;246m▀[38;2;106;172;246m▀▀▀▀[38;2;148;197;255m▀[48;2;0;82;115m▀[38;2;0;49;82m▀▀[38;2;0;82;115;48;2;148;197;255m▀▀[38;2;148;197;255m▀▀▀▀[38;2;0;82;115;48;2;0;49;82m▀[0m
[38;2;0;82;115;49m▄[48;2;148;197;255m▀▀[49m▄▄[38;2;0;0;0;48;2;0;49;82m▀[38;2;106;172;246m▀[48;2;106;172;246m▀▀▀▀▀▀[38;2;74;131;213m▀[38;2;0;82;115;48;2;0;82;115m▀[38;2;148;197;255;48;2;148;197;255m▀[38;2;0;82;115;48;2;106;172;246m▀[49m▄[0m                             [38;2;0;82;115m▄[48;2;106;172;246m▀[38;2;106;172;246;48;2;148;197;255m▀[38;2;148;197;255;48;2;106;172;246m▀[48;2;0;82;115m▀[38;2;0;82;115;48;2;74;131;213m▀[38;2;74;131;213;48;2;106;172;246m▀[38;2;106;172;246m▀▀▀▀▀[48;2;74;131;213m▀[38;2;0;82;115;48;2;106;172;246m▀▀[38;2;74;131;213m▀[38;2;106;172;246;48;2;148;197;255m▀[38;2;148;197;255m▀▀▀▀[48;2;74;131;213m▀[48;2;0;49;82m▀[38;2;0;49;82;49m▀[0m
[38;2;0;0;0;48;2;0;0;0m▀[38;2;148;197;255;48;2;148;197;255m▀▀▀▀[38;2;0;82;115m▀[48;2;106;172;246m▀▀[38;2;106;172;246;48;2;74;131;213m▀[48;2;106;172;246m▀▀▀▀▀[38;2;0;82;115;48;2;0;82;115m▀[38;2;106;172;246;48;2;106;172;246m▀▀[38;2;0;49;82;48;2;0;49;82m▀[0m                             [38;2;0;49;82;48;2;0;49;82m▀[38;2;148;197;255;48;2;106;172;246m▀[38;2;106;172;246;48;2;0;82;115m▀[38;2;0;82;115;48;2;74;131;213m▀[38;2;74;131;213;48;2;106;172;246m▀[38;2;106;172;246m▀▀▀▀▀▀▀▀▀[48;2;148;197;255m▀[38;2;148;197;255m▀▀▀[48;2;0;82;115m▀[48;2;0;49;82m▀[38;2;0;82;115;49m▀[38;2;0;49;82m▀[0m
[0m [38;2;0;0;0m▀[48;2;0;49;82m▀[38;2;148;197;255;48;2;0;0;0m▀▀[48;2;106;172;246m▀[48;2;148;197;255m▀[38;2;106;172;246m▀[48;2;106;172;246m▀[38;2;74;131;213m▀[38;2;106;172;246m▀▀▀▀[38;2;0;82;115;48;2;0;82;115m▀[38;2;106;172;246;48;2;106;172;246m▀[38;2;0;49;82;48;2;0;0;0m▀[0m                             [38;2;0;49;82;48;2;0;49;82m▀[38;2;106;172;246;48;2;106;172;246m▀▀[38;2;0;49;82;48;2;0;49;82m▀[38;2;74;131;213;48;2;106;172;246m▀[38;2;106;172;246m▀▀▀▀▀▀▀▀▀[38;2;148;197;255m▀▀[38;2;106;172;246;48;2;0;49;82m▀[38;2;0;49;82m▀[38;2;0;0;0;48;2;0;82;115m▀[38;2;0;82;115;49m▄[48;2;148;197;255m▀▀▀▀[49m▄[0m
[0m [38;2;0;49;82;48;2;0;0;0m▀[38;2;148;197;255;48;2;148;197;255m▀▀▀[38;2;0;0;0m▀[48;2;0;82;115m▀[38;2;106;172;246;48;2;0;49;82m▀[48;2;106;172;246m▀▀▀▀▀▀[38;2;0;82;115;48;2;0;82;115m▀[38;2;106;172;246;48;2;106;172;246m▀[38;2;0;0;0;48;2;0;0;0m▀[0m                             [38;2;0;49;82;48;2;0;49;82m▀[38;2;106;172;246;48;2;106;172;246m▀[38;2;0;49;82;48;2;0;49;82m▀[38;2;74;131;213;48;2;106;172;246m▀[38;2;106;172;246m▀▀▀▀▀[48;2;74;131;213m▀[48;2;0;82;115m▀▀▀[38;2;0;82;115;48;2;106;172;246m▀▀[48;2;148;197;255m▀[38;2;148;197;255m▀▀▀▀▀▀[48;2;74;131;213m▀[48;2;0;49;82m▀[38;2;0;49;82;49m▀[0m
[0m [38;2;0;0;0m▀[38;2;148;197;255;48;2;0;0;0m▀▀[48;2;148;197;255m▀▀[38;2;106;172;246m▀[48;2;106;172;246m▀[38;2;0;82;115m▀[38;2;74;131;213m▀[38;2;106;172;246;48;2;74;131;213m▀[48;2;106;172;246m▀▀[38;2;0;82;115;48;2;0;82;115m▀[38;2;106;172;246;48;2;106;172;246m▀[48;2;0;0;0m▀[38;2;0;0;0;49m▀[0m                            [38;2;0;0;0;48;2;0;0;0m▀[38;2;106;172;246;48;2;106;172;246m▀▀[38;2;0;49;82;48;2;0;49;82m▀[38;2;106;172;246;48;2;106;172;246m▀▀▀▀▀▀▀▀▀▀[48;2;148;197;255m▀[38;2;148;197;255m▀▀[48;2;74;131;213m▀[48;2;0;49;82m▀[48;2;0;0;0m▀[38;2;74;131;213m▀[38;2;0;49;82;49m▀[38;2;0;0;0m▀▀[0m
[0m  [38;2;0;49;82m▄[48;2;148;197;255m▀[38;2;0;0;0m▀▀[38;2;148;197;255;48;2;0;0;0m▀[48;2;0;49;82m▀[38;2;106;172;246;48;2;106;172;246m▀▀▀▀▀[38;2;0;82;115;48;2;0;82;115m▀[38;2;106;172;246;48;2;106;172;246m▀[38;2;0;0;0;48;2;0;0;0m▀[0m         [38;2;0;49;82m▄[38;2;0;0;0;48;2;0;123;189m▀[49m▄[0m    [38;2;0;82;115m▄▄▄[48;2;0;123;189m▀▀[48;2;0;0;0m▀[38;2;0;0;0;49m▀[0m      [38;2;0;0;0;48;2;0;0;0m▀[38;2;106;172;246;48;2;106;172;246m▀[38;2;0;49;82;48;2;0;49;82m▀[38;2;74;131;213;48;2;106;172;246m▀[38;2;106;172;246m▀▀▀▀▀▀[48;2;74;131;213m▀[48;2;0;82;115m▀[48;2;0;49;82m▀▀[38;2;74;131;213m▀[38;2;0;49;82m▀[38;2;0;0;0m▀▀[38;2;0;49;82;48;2;148;197;255m▀▀[38;2;0;82;115m▀▀▀▀[49m▄[0m
[0m  [38;2;0;49;82m▀[38;2;148;197;255;48;2;0;0;0m▀▀[48;2;106;172;246m▀[38;2;106;172;246;48;2;148;197;255m▀[48;2;106;172;246m▀[38;2;0;82;115m▀[38;2;74;131;213m▀[38;2;106;172;246m▀▀[48;2;0;82;115m▀[38;2;0;82;115;48;2;106;172;246m▀[38;2;106;172;246m▀[38;2;0;0;0;48;2;0;0;0m▀[0m        [38;2;0;49;82m▄[48;2;0;123;189m▀[38;2;0;123;189;48;2;106;172;246m▀[38;2;0;0;0;48;2;0;49;82m▀[49m▄[38;2;0;49;82m▄[38;2;0;82;115;48;2;106;172;246m▀▀[38;2;106;172;246;48;2;0;123;189m▀▀[38;2;0;123;189m▀[48;2;0;0;0m▀[38;2;0;0;0;49m▀[0m        [38;2;0;49;82;48;2;0;49;82m▀[38;2;106;172;246;48;2;106;172;246m▀[38;2;0;49;82;48;2;0;49;82m▀[38;2;106;172;246;48;2;106;172;246m▀▀▀▀▀▀▀▀[48;2;148;197;255m▀▀▀[38;2;148;197;255m▀▀▀▀▀▀▀▀[48;2;0;49;82m▀[48;2;0;0;0m▀[38;2;0;49;82;49m▀[0m
[0m     [38;2;0;0;0m▀▀▀[38;2;106;172;246;48;2;0;0;0m▀▀[48;2;106;172;246m▀▀[38;2;0;82;115;48;2;0;82;115m▀[38;2;106;172;246;48;2;106;172;246m▀[38;2;0;0;0;48;2;0;0;0m▀[0m         [38;2;0;49;82;48;2;0;49;82m▀[38;2;106;172;246;48;2;0;82;115m▀[38;2;0;82;115;48;2;0;0;0m▀[38;2;0;0;0;48;2;148;197;255m▀[38;2;148;197;255m▀[38;2;106;172;246;48;2;0;82;115m▀▀[38;2;0;123;189m▀[38;2;0;82;115m▀[48;2;0;49;82m▀[38;2;0;0;0;48;2;0;0;0m▀[49m▄▄▄▄▄▄[0m   [38;2;0;0;0;48;2;0;0;0m▀[38;2;106;172;246;48;2;106;172;246m▀[48;2;0;49;82m▀[38;2;0;49;82;48;2;74;131;213m▀[38;2;106;172;246;48;2;106;172;246m▀▀▀▀▀▀▀▀▀[48;2;0;49;82m▀▀[38;2;148;197;255m▀[48;2;0;0;0m▀▀▀[38;2;0;49;82;48;2;148;197;255m▀▀[38;2;0;0;0m▀[48;2;0;49;82m▀[0m
[0m   [38;2;0;49;82m▄[48;2;106;172;246m▀▀▀▀[38;2;106;172;246m▀▀▀▀[38;2;0;82;115;48;2;0;82;115m▀[38;2;106;172;246;48;2;106;172;246m▀[38;2;0;0;0m▀[38;2;0;49;82;49m▄[0m        [38;2;0;0;0;48;2;0;0;0m▀[38;2;0;82;115m▀[38;2;0;0;0;48;2;0;82;115m▀[38;2;0;82;115m▀[48;2;0;49;82m▀▀[38;2;0;49;82;48;2;0;123;189m▀▀[48;2;148;197;255m▀[38;2;0;123;189;48;2;106;172;246m▀[48;2;0;123;189m▀▀▀▀▀[48;2;0;0;0m▀▀[38;2;0;0;0;49m▀[0m  [38;2;0;49;82;48;2;0;49;82m▀[38;2;106;172;246;48;2;106;172;246m▀[38;2;0;49;82;48;2;0;49;82m▀[38;2;106;172;246;48;2;106;172;246m▀▀▀▀▀▀▀▀▀▀▀[48;2;148;197;255m▀[38;2;148;197;255m▀▀▀▀[48;2;0;49;82m▀▀[38;2;0;49;82;49m▀[0m
[0m   [38;2;0;49;82m▀[38;2;106;172;246;48;2;0;49;82m▀▀[48;2;0;0;0m▀▀[48;2;0;49;82m▀[48;2;74;131;213m▀[48;2;106;172;246m▀▀▀[38;2;0;82;115;48;2;0;82;115m▀[38;2;106;172;246;48;2;106;172;246m▀[38;2;0;49;82m▀[49m▄[0m     [38;2;0;0;0m▄[38;2;88;62;36;48;2;180;148;115m▀▀▀[38;2;0;49;82;48;2;0;0;0m▀[48;2;0;49;82m▀[38;2;0;123;189m▀[48;2;0;0;0m▀▀▀[48;2;0;49;82m▀[48;2;0;0;0m▀▀▀[38;2;0;0;0;49m▀▀▀[0m    [38;2;0;0;0m▄[48;2;106;172;246m▀[38;2;106;172;246;48;2;0;49;82m▀[38;2;0;49;82;48;2;74;131;213m▀[38;2;106;172;246;48;2;106;172;246m▀▀▀▀▀▀▀▀[48;2;0;49;82m▀▀▀▀▀[38;2;0;49;82;49m▀▀▀[0m
[0m   [38;2;0;49;82m▄[38;2;0;0;0;48;2;106;172;246m▀▀[38;2;74;131;213m▀[38;2;106;172;246m▀▀[48;2;74;131;213m▀[48;2;0;49;82m▀▀[48;2;74;131;213m▀[38;2;74;131;213;48;2;106;172;246m▀[38;2;0;82;115;48;2;74;131;213m▀[38;2;106;172;246m▀[48;2;106;172;246m▀[38;2;0;49;82m▀[49m▄[0m   [38;2;0;0;0m▀[38;2;88;62;36;48;2;0;0;0m▀[38;2;139;106;82;48;2;88;62;36m▀[38;2;180;148;115;48;2;189;41;57m▀[48;2;180;148;115m▀[38;2;0;0;0;48;2;0;0;0m▀[38;2;0;49;82m▀[38;2;255;255;255;48;2;189;41;57m▀[48;2;255;255;255m▀[38;2;0;0;0;48;2;74;131;213m▀[38;2;74;131;213;48;2;106;172;246m▀[48;2;74;131;213m▀[38;2;0;0;0;48;2;0;0;0m▀[0m      [38;2;0;49;82m▄▄[38;2;0;0;0;48;2;106;172;246m▀[38;2;106;172;246m▀[38;2;0;49;82;48;2;0;49;82m▀[38;2;106;172;246;48;2;106;172;246m▀▀▀▀[48;2;74;131;213m▀[48;2;0;82;115m▀[38;2;0;49;82;48;2;0;0;0m▀[49m▀▀[0m
[0m   [38;2;0;49;82m▀[38;2;106;172;246;48;2;0;0;0m▀▀[38;2;0;0;0;48;2;0;49;82m▀▀[38;2;0;49;82;48;2;74;131;213m▀▀[38;2;74;131;213m▀[48;2;106;172;246m▀[38;2;106;172;246;48;2;74;131;213m▀[38;2;74;131;213;48;2;106;172;246m▀[38;2;106;172;246;48;2;74;131;213m▀[38;2;74;131;213m▀▀[38;2;106;172;246;48;2;106;172;246m▀[38;2;0;49;82m▀[49m▄[0m  [38;2;0;0;0;48;2;0;0;0m▀[38;2;88;62;36;48;2;180;148;115m▀[38;2;189;41;57m▀▀[38;2;139;106;82;48;2;0;0;0m▀[38;2;0;0;0;48;2;106;172;246m▀[38;2;106;172;246m▀[38;2;74;131;213m▀▀[38;2;106;172;246m▀▀[48;2;0;0;0m▀[38;2;0;0;0;49m▀[0m  [38;2;0;82;115m▄▄[38;2;0;49;82;48;2;106;172;246m▀▀[38;2;106;172;246m▀▀[48;2;0;49;82m▀[38;2;0;0;0;48;2;0;82;115m▀[38;2;0;82;115;48;2;106;172;246m▀[38;2;106;172;246m▀▀▀▀▀▀[38;2;0;82;115m▀[38;2;0;49;82m▀▀▀[49m▄▄▄[0m
[0m     [38;2;0;49;82;48;2;0;0;0m▀[38;2;74;131;213;48;2;74;131;213m▀▀[48;2;0;49;82m▀▀[38;2;0;49;82;48;2;74;131;213m▀▀[38;2;74;131;213m▀▀[48;2;0;49;82m▀[48;2;74;131;213m▀▀▀[38;2;106;172;246;48;2;106;172;246m▀[38;2;0;49;82m▀[49m▄[0m [38;2;0;123;189;48;2;0;123;189m▀[38;2;0;0;0;48;2;106;172;246m▀▀▀[38;2;106;172;246m▀▀▀▀▀▀▀[38;2;0;0;0;48;2;0;0;0m▀[0m [38;2;0;82;115m▄[48;2;106;172;246m▀[38;2;106;172;246m▀[48;2;0;49;82m▀[48;2;0;82;115m▀[38;2;0;49;82;48;2;74;131;213m▀▀▀[38;2;74;131;213;48;2;106;172;246m▀[38;2;106;172;246m▀▀▀▀[48;2;74;131;213m▀[48;2;0;0;0m▀[48;2;106;172;246m▀▀▀[38;2;148;197;255m▀▀[48;2;148;197;255m▀▀▀▀[38;2;0;49;82m▀[49m▄[0m
[0m      [38;2;0;0;0m▀[38;2;0;49;82;48;2;0;49;82m▀[38;2;74;131;213;48;2;74;131;213m▀▀[48;2;0;0;0m▀[48;2;0;49;82m▀[38;2;0;49;82;48;2;74;131;213m▀▀[38;2;74;131;213m▀▀▀▀▀[38;2;106;172;246;48;2;106;172;246m▀[38;2;0;49;82;48;2;74;131;213m▀[38;2;74;131;213;48;2;205;230;255m▀[38;2;205;230;255m▀[38;2;106;172;246;48;2;106;172;246m▀[48;2;205;230;255m▀[48;2;106;172;246m▀▀▀▀▀▀▀▀[38;2;0;49;82;48;2;0;82;115m▀[38;2;0;82;115;48;2;106;172;246m▀[38;2;106;172;246m▀[48;2;0;49;82m▀[38;2;0;49;82;48;2;0;82;115m▀[38;2;0;82;115;48;2;74;131;213m▀[38;2;74;131;213;48;2;106;172;246m▀[38;2;106;172;246m▀▀▀▀▀▀▀▀▀▀[38;2;0;49;82m▀[38;2;0;0;0;48;2;0;49;82m▀[49m▀▀▀[38;2;74;131;213;48;2;0;0;0m▀[38;2;148;197;255m▀▀▀[38;2;0;49;82;49m▀[0m
[0m        [38;2;0;0;0m▀[48;2;0;0;0m▀[38;2;0;49;82;48;2;74;131;213m▀[38;2;74;131;213m▀▀[48;2;0;49;82m▀[48;2;74;131;213m▀▀▀▀▀[48;2;205;230;255m▀[38;2;205;230;255m▀▀▀▀▀[38;2;74;131;213;48;2;74;131;213m▀[38;2;106;172;246;48;2;106;172;246m▀▀▀▀▀▀[38;2;0;82;115m▀[38;2;106;172;246m▀[48;2;74;131;213m▀[38;2;0;49;82m▀[38;2;0;82;115m▀[38;2;74;131;213m▀[38;2;106;172;246m▀[48;2;106;172;246m▀▀[48;2;74;131;213m▀[48;2;106;172;246m▀▀[38;2;74;131;213m▀[38;2;106;172;246;48;2;74;131;213m▀[48;2;0;49;82m▀[38;2;148;197;255;48;2;106;172;246m▀[48;2;148;197;255m▀▀▀▀[38;2;0;49;82m▀▀[49m▄[0m
[0m         [38;2;0;0;0m▀[38;2;74;131;213;48;2;0;0;0m▀▀[38;2;0;49;82;48;2;74;131;213m▀[38;2;74;131;213m▀▀[48;2;0;49;82m▀[38;2;0;49;82;48;2;106;172;246m▀[38;2;106;172;246;48;2;205;230;255m▀[38;2;205;230;255m▀▀▀▀▀▀▀[38;2;148;197;255;48;2;148;197;255m▀[38;2;0;49;82;48;2;0;49;82m▀[38;2;106;172;246;48;2;106;172;246m▀▀▀▀[48;2;74;131;213m▀[38;2;74;131;213m▀▀▀▀▀[38;2;106;172;246;48;2;106;172;246m▀[38;2;74;131;213;48;2;74;131;213m▀[38;2;106;172;246m▀[48;2;106;172;246m▀[38;2;0;49;82m▀[38;2;74;131;213;48;2;74;131;213m▀[38;2;106;172;246m▀[48;2;106;172;246m▀▀[38;2;74;131;213;48;2;148;197;255m▀[38;2;0;0;0m▀[48;2;74;131;213m▀[38;2;0;49;82;48;2;0;49;82m▀[38;2;148;197;255;48;2;0;0;0m▀▀[48;2;148;197;255m▀▀[48;2;0;0;0m▀[38;2;0;49;82;49m▀[0m
[0m            [38;2;0;0;0m▀[38;2;0;49;82m▀▀[38;2;74;131;213;48;2;106;172;246m▀[38;2;106;172;246;48;2;205;230;255m▀[38;2;205;230;255m▀▀▀▀▀▀▀[48;2;148;197;255m▀[38;2;148;197;255m▀[38;2;0;49;82m▀[38;2;106;172;246;48;2;0;49;82m▀[48;2;106;172;246m▀▀[48;2;74;131;213m▀[38;2;74;131;213m▀[38;2;0;49;82;48;2;0;49;82m▀[38;2;74;131;213;48;2;106;172;246m▀[48;2;0;49;82m▀[48;2;106;172;246m▀[38;2;0;82;115;48;2;0;82;115m▀[38;2;106;172;246;48;2;106;172;246m▀[48;2;148;197;255m▀[38;2;74;131;213;48;2;74;131;213m▀[38;2;106;172;246m▀[38;2;148;197;255;48;2;106;172;246m▀[38;2;106;172;246;48;2;148;197;255m▀[38;2;74;131;213m▀[38;2;0;0;0;48;2;74;131;213m▀[38;2;106;172;246;48;2;0;0;0m▀[38;2;148;197;255;48;2;0;49;82m▀[48;2;148;197;255m▀▀[48;2;0;49;82m▀[38;2;0;49;82;49m▀[0m [38;2;0;0;0m▀▀[0m
[0m              [38;2;106;172;246m▄[48;2;205;230;255m▀[38;2;205;230;255m▀▀▀▀▀[38;2;148;197;255;48;2;148;197;255m▀[38;2;205;230;255;48;2;205;230;255m▀▀[38;2;148;197;255;48;2;148;197;255m▀▀▀[38;2;0;49;82;48;2;0;49;82m▀[38;2;106;172;246;48;2;106;172;246m▀[48;2;74;131;213m▀[38;2;74;131;213m▀[38;2;0;49;82;48;2;0;49;82m▀[38;2;106;172;246;48;2;106;172;246m▀▀[38;2;0;49;82;48;2;0;49;82m▀[38;2;106;172;246;48;2;106;172;246m▀▀[38;2;0;82;115;48;2;0;82;115m▀[38;2;148;197;255;48;2;148;197;255m▀▀[38;2;0;49;82;48;2;0;49;82m▀[38;2;106;172;246m▀[38;2;148;197;255;48;2;0;0;0m▀[48;2;148;197;255m▀▀[38;2;0;49;82;48;2;0;49;82m▀[0m [38;2;0;0;0m▀▀[0m
[0m              [38;2;106;172;246;48;2;106;172;246m▀[38;2;205;230;255;48;2;148;197;255m▀[48;2;205;230;255m▀▀▀▀[38;2;148;197;255;48;2;148;197;255m▀[38;2;205;230;255;48;2;205;230;255m▀▀[38;2;148;197;255;48;2;148;197;255m▀▀▀▀[38;2;0;49;82;48;2;0;49;82m▀[38;2;74;131;213;48;2;74;131;213m▀▀▀▀[38;2;0;49;82m▀[48;2;0;49;82m▀[49m▀[38;2;106;172;246;48;2;0;0;0m▀▀[38;2;0;0;0;49m▀[38;2;0;49;82m▀▀[0m  [38;2;0;49;82m▀[38;2;0;0;0m▀▀[0m
[0m              [38;2;106;172;246;48;2;106;172;246m▀[38;2;148;197;255;48;2;148;197;255m▀[38;2;205;230;255;48;2;205;230;255m▀[38;2;148;197;255;48;2;148;197;255m▀[38;2;205;230;255;48;2;205;230;255m▀[38;2;148;197;255;48;2;148;197;255m▀[48;2;205;230;255m▀[38;2;205;230;255;48;2;148;197;255m▀[38;2;148;197;255m▀▀[38;2;106;172;246;48;2;106;172;246m▀[38;2;148;197;255;48;2;148;197;255m▀[38;2;0;0;0;48;2;0;0;0m▀[38;2;74;131;213;48;2;74;131;213m▀▀▀▀▀▀[38;2;0;49;82;48;2;0;49;82m▀[0m                [38;2;0;49;82m▄▄▄▄▄[0m
[0m              [38;2;106;172;246;48;2;106;172;246m▀[38;2;148;197;255;48;2;148;197;255m▀▀▀▀▀▀▀[38;2;106;172;246;48;2;106;172;246m▀[38;2;148;197;255;48;2;148;197;255m▀[38;2;106;172;246;48;2;106;172;246m▀[38;2;0;0;0;48;2;0;0;0m▀[38;2;74;131;213;48;2;74;131;213m▀[48;2;0;82;115m▀[38;2;0;82;115;48;2;106;172;246m▀[38;2;106;172;246m▀▀▀[38;2;74;131;213m▀[38;2;0;49;82;48;2;74;131;213m▀[48;2;0;49;82m▀[0m          [38;2;0;49;82m▄▄[48;2;0;123;189m▀[48;2;106;172;246m▀▀[38;2;106;172;246m▀▀▀[48;2;0;123;189m▀▀[38;2;0;49;82m▀[38;2;0;0;0m▀▀[38;2;0;49;82;49m▄[38;2;0;0;0m▄[0m
[0m               [38;2;106;172;246;48;2;106;172;246m▀[38;2;148;197;255;48;2;148;197;255m▀▀▀▀▀[38;2;106;172;246;48;2;106;172;246m▀[38;2;148;197;255;48;2;148;197;255m▀[38;2;106;172;246;48;2;106;172;246m▀[38;2;0;0;0;48;2;0;0;0m▀[38;2;74;131;213;48;2;74;131;213m▀[48;2;0;82;115m▀[38;2;0;82;115;48;2;106;172;246m▀[38;2;106;172;246m▀▀▀▀▀▀[38;2;0;49;82;48;2;74;131;213m▀[38;2;0;0;0;49m▄[0m      [38;2;0;49;82m▄[48;2;106;172;246m▀[48;2;0;82;115m▀[38;2;0;82;115;48;2;106;172;246m▀[38;2;106;172;246m▀▀▀▀[48;2;0;82;115m▀▀[38;2;0;123;189m▀[38;2;0;82;115;48;2;106;172;246m▀▀▀[48;2;0;123;189m▀▀[38;2;0;123;189;48;2;0;82;115m▀▀[38;2;0;0;0;48;2;0;123;189m▀[38;2;0;49;82;49m▄[0m
[0m               [38;2;106;172;246m▀[38;2;148;197;255;48;2;106;172;246m▀[48;2;148;197;255m▀▀▀[38;2;106;172;246;48;2;106;172;246m▀[38;2;148;197;255;48;2;148;197;255m▀[48;2;0;0;0m▀[38;2;0;0;0;48;2;74;131;213m▀[38;2;74;131;213m▀▀[38;2;0;82;115;48;2;0;82;115m▀[38;2;106;172;246;48;2;106;172;246m▀▀▀▀[48;2;74;131;213m▀[48;2;106;172;246m▀[48;2;74;131;213m▀[38;2;74;131;213;48;2;106;172;246m▀[38;2;0;0;0;48;2;0;0;0m▀[0m   [38;2;0;49;82m▄[48;2;106;172;246m▀[48;2;0;123;189m▀[38;2;106;172;246;48;2;0;82;115m▀[38;2;0;82;115;48;2;106;172;246m▀[38;2;106;172;246m▀▀▀[48;2;0;123;189m▀[38;2;0;82;115;48;2;106;172;246m▀[38;2;0;123;189m▀[38;2;106;172;246m▀▀[48;2;0;123;189m▀▀[38;2;0;123;189m▀▀▀▀▀▀[38;2;0;82;115m▀[38;2;0;0;0;48;2;0;82;115m▀[38;2;0;49;82;49m▄[0m
[0m     [38;2;0;82;115m▄▄▄[48;2;0;123;189m▀▀▀▀▀[49m▄▄▄[38;2;0;49;82;48;2;0;49;82m▀[38;2;106;172;246;48;2;106;172;246m▀[38;2;148;197;255;48;2;148;197;255m▀▀[38;2;106;172;246;48;2;106;172;246m▀[38;2;0;0;0;48;2;0;0;0m▀[38;2;74;131;213;48;2;74;131;213m▀▀▀▀[38;2;0;49;82;48;2;0;49;82m▀[38;2;74;131;213;48;2;74;131;213m▀[38;2;106;172;246m▀▀[38;2;74;131;213m▀[38;2;106;172;246m▀[38;2;74;131;213;48;2;106;172;246m▀[38;2;106;172;246;48;2;74;131;213m▀[38;2;74;131;213m▀[38;2;0;0;0;48;2;0;0;0m▀[0m [38;2;0;49;82m▄[48;2;0;49;82m▀[38;2;0;123;189;48;2;0;82;115m▀[38;2;0;82;115;48;2;0;123;189m▀▀[38;2;106;172;246m▀[38;2;0;123;189m▀[38;2;106;172;246m▀[38;2;0;123;189;48;2;0;82;115m▀[38;2;0;82;115;48;2;106;172;246m▀[38;2;106;172;246m▀▀[48;2;0;123;189m▀▀[38;2;0;123;189;48;2;0;0;0m▀▀▀[38;2;0;0;0;48;2;0;82;115m▀[48;2;0;49;82m▀[48;2;0;82;115m▀▀▀[38;2;0;82;115;48;2;0;0;0m▀[38;2;0;123;189;48;2;0;82;115m▀[48;2;0;123;189m▀[38;2;0;0;0m▀[49m▄[0m
[0m  [38;2;0;49;82m▄[38;2;0;82;115;48;2;0;123;189m▀▀[38;2;106;172;246;48;2;106;172;246m▀▀[38;2;0;123;189;48;2;0;49;82m▀[48;2;0;82;115m▀▀▀▀▀▀▀[48;2;0;123;189m▀▀[38;2;0;49;82;48;2;0;0;0m▀[38;2;106;172;246;48;2;74;131;213m▀[38;2;148;197;255;48;2;106;172;246m▀[38;2;0;0;0;48;2;0;0;0m▀[38;2;0;49;82;48;2;74;131;213m▀[38;2;74;131;213;48;2;0;49;82m▀▀[48;2;74;131;213m▀▀[38;2;0;49;82m▀[38;2;74;131;213;48;2;0;0;0m▀[48;2;74;131;213m▀▀▀▀▀▀▀[38;2;0;0;0;48;2;0;0;0m▀[38;2;0;49;82;48;2;0;82;115m▀[38;2;0;82;115m▀[48;2;0;123;189m▀[38;2;0;123;189m▀▀[48;2;0;82;115m▀▀[38;2;0;82;115;48;2;0;123;189m▀▀[38;2;0;123;189m▀[38;2;106;172;246m▀[38;2;0;123;189m▀[48;2;0;0;0m▀[38;2;0;0;0;49m▀▀[0m  [38;2;0;49;82;48;2;0;49;82m▀[38;2;0;82;115;48;2;0;82;115m▀[38;2;0;49;82;48;2;0;49;82m▀[38;2;0;82;115;48;2;0;82;115m▀▀▀[38;2;0;49;82;48;2;0;49;82m▀[38;2;0;0;0;48;2;0;0;0m▀[38;2;0;123;189;48;2;0;123;189m▀▀[38;2;0;0;0;48;2;0;0;0m▀[0m
[0m [38;2;0;49;82;48;2;0;49;82m▀[38;2;0;123;189;48;2;0;123;189m▀▀[38;2;106;172;246;48;2;0;49;82m▀[38;2;0;49;82;48;2;0;82;115m▀[38;2;0;82;115;48;2;0;0;0m▀▀▀[38;2;0;0;0;49m▀▀▀▀[38;2;0;123;189;48;2;0;0;0m▀▀[38;2;0;82;115;48;2;0;123;189m▀▀[38;2;0;123;189;48;2;0;82;115m▀[38;2;0;0;0m▀[38;2;106;172;246;48;2;0;0;0m▀[38;2;0;0;0m▀[38;2;74;131;213;48;2;74;131;213m▀▀▀[38;2;0;0;0m▀[48;2;0;82;115m▀[38;2;74;131;213;48;2;0;0;0m▀[38;2;0;0;0m▀[38;2;74;131;213m▀[48;2;74;131;213m▀▀▀▀▀[38;2;0;49;82;48;2;0;49;82m▀[38;2;0;82;115;48;2;0;82;115m▀▀▀▀[48;2;0;123;189m▀▀[38;2;0;123;189m▀[48;2;0;82;115m▀▀[48;2;0;0;0m▀▀[38;2;0;0;0;49m▀▀[0m    [38;2;0;49;82;48;2;0;49;82m▀[38;2;0;82;115;48;2;0;82;115m▀[48;2;0;49;82m▀[38;2;0;49;82;48;2;0;82;115m▀[38;2;0;82;115m▀▀▀[38;2;0;49;82;48;2;0;49;82m▀[38;2;0;82;115;48;2;0;82;115m▀[38;2;0;49;82;48;2;0;49;82m▀[38;2;0;123;189;48;2;0;123;189m▀[38;2;0;0;0;48;2;0;0;0m▀[0m
[38;2;0;49;82;48;2;0;49;82m▀[38;2;0;123;189;48;2;0;123;189m▀[48;2;0;49;82m▀[38;2;0;49;82;48;2;0;82;115m▀[38;2;0;82;115;48;2;0;0;0m▀[38;2;0;0;0;49m▀[0m         [38;2;0;0;0m▀▀[38;2;0;123;189;48;2;0;0;0m▀[48;2;0;123;189m▀[38;2;0;49;82m▀[38;2;74;131;213;48;2;0;49;82m▀[38;2;0;49;82;48;2;139;106;82m▀[38;2;74;131;213;48;2;0;49;82m▀[38;2;0;49;82;48;2;139;106;82m▀[38;2;74;131;213;48;2;0;0;0m▀[38;2;0;0;0;48;2;0;123;189m▀[38;2;0;49;82;49m▄▄▄[38;2;0;0;0;48;2;0;0;0m▀[38;2;74;131;213;48;2;74;131;213m▀[48;2;0;49;82m▀[48;2;74;131;213m▀[48;2;0;0;0m▀[38;2;0;49;82;49m▀[38;2;0;82;115;48;2;0;82;115m▀[48;2;0;0;0m▀▀▀▀▀[38;2;0;0;0;49m▀▀▀[0m      [38;2;0;49;82m▄[48;2;0;82;115m▀[38;2;0;82;115;48;2;0;123;189m▀[48;2;0;49;82m▀[38;2;0;49;82;48;2;0;82;115m▀[38;2;0;82;115m▀▀▀[38;2;0;49;82;48;2;0;49;82m▀[38;2;0;82;115;48;2;0;82;115m▀▀▀[38;2;0;123;189;48;2;0;0;0m▀[38;2;0;0;0;49m▀[0m
[38;2;0;49;82;49m▀[38;2;0;123;189;48;2;0;49;82m▀[38;2;0;49;82;48;2;0;82;115m▀[38;2;0;82;115;48;2;0;0;0m▀[38;2;0;0;0;49m▀[0m             [38;2;0;0;0m▀[38;2;0;123;189;48;2;0;0;0m▀[48;2;0;123;189m▀[38;2;88;62;36;48;2;88;62;36m▀[38;2;139;106;82;48;2;139;106;82m▀▀[38;2;0;0;0;48;2;0;0;0m▀[38;2;0;123;189;48;2;0;123;189m▀[38;2;0;82;115m▀[38;2;0;123;189;48;2;0;82;115m▀▀[38;2;0;49;82;48;2;0;123;189m▀▀[38;2;88;62;36;48;2;88;62;36m▀[38;2;0;49;82;48;2;139;106;82m▀[38;2;0;0;0m▀[48;2;0;0;0m▀[0m        [38;2;0;49;82m▄▄▄▄[48;2;0;123;189m▀▀▀[38;2;0;123;189m▀▀[38;2;0;82;115;48;2;0;49;82m▀[38;2;0;49;82;48;2;0;82;115m▀[38;2;0;82;115m▀▀▀[48;2;0;49;82m▀[38;2;0;49;82;48;2;0;82;115m▀[38;2;0;82;115m▀▀▀[38;2;0;0;0;48;2;0;0;0m▀[0m
[0m [38;2;0;49;82;48;2;0;49;82m▀[38;2;0;82;115;48;2;0;82;115m▀[38;2;0;0;0;48;2;0;0;0m▀[0m                [38;2;0;0;0m▀[38;2;88;62;36;48;2;88;62;36m▀[38;2;139;106;82;48;2;139;106;82m▀[38;2;88;62;36;48;2;88;62;36m▀[38;2;0;82;115;48;2;0;123;189m▀▀[38;2;0;123;189;48;2;0;82;115m▀[48;2;0;123;189m▀▀[38;2;0;82;115m▀[48;2;88;62;36m▀[38;2;88;62;36;48;2;139;106;82m▀[38;2;139;106;82m▀[48;2;0;0;0m▀[38;2;0;0;0;48;2;0;82;115m▀[38;2;0;49;82;48;2;0;123;189m▀▀▀▀▀▀▀▀[38;2;0;123;189m▀▀▀▀▀▀[48;2;0;82;115m▀▀[38;2;0;82;115;48;2;0;123;189m▀[38;2;0;123;189m▀▀[38;2;0;82;115;48;2;0;82;115m▀▀[48;2;0;49;82m▀[38;2;0;49;82;48;2;0;82;115m▀[38;2;0;82;115m▀▀▀[38;2;0;0;0;48;2;0;0;0m▀[0m
[0m  [38;2;0;49;82m▀▀[38;2;0;0;0;48;2;0;49;82m▀[49m▄[0m            [38;2;88;62;36m▄▄[48;2;180;148;115m▀[38;2;180;148;115m▀[38;2;139;106;82;48;2;139;106;82m▀[38;2;0;0;0;48;2;88;62;36m▀[38;2;0;123;189;48;2;0;0;0m▀▀[48;2;0;123;189m▀[38;2;0;82;115m▀▀[38;2;0;123;189;48;2;88;62;36m▀[38;2;88;62;36;48;2;139;106;82m▀[38;2;139;106;82m▀[48;2;0;0;0m▀[38;2;0;0;0;48;2;0;123;189m▀[38;2;0;123;189m▀[38;2;0;82;115m▀▀▀[38;2;0;123;189;48;2;0;82;115m▀▀▀▀▀▀▀[38;2;0;82;115;48;2;0;123;189m▀▀▀▀[38;2;0;123;189m▀▀▀▀[48;2;0;82;115m▀[38;2;0;49;82;48;2;0;123;189m▀[48;2;0;82;115m▀[38;2;0;82;115m▀▀▀[48;2;0;0;0m▀[38;2;0;0;0;49m▀[0m
[0m             [38;2;88;62;36m▄▄▄[48;2;139;106;82m▀[48;2;180;148;115m▀[38;2;180;148;115m▀▀[48;2;139;106;82m▀[38;2;139;106;82m▀▀[38;2;205;205;205;48;2;0;0;0m▀[38;2;0;0;0m▀[0m [38;2;0;0;0m▀▀[38;2;0;123;189;48;2;0;0;0m▀[38;2;88;62;36;48;2;88;62;36m▀[38;2;139;106;82;48;2;139;106;82m▀▀▀[38;2;0;0;0;48;2;0;0;0m▀[38;2;0;82;115;48;2;0;123;189m▀[38;2;0;123;189;48;2;0;82;115m▀▀▀▀[48;2;0;123;189m▀▀▀▀▀▀▀▀[48;2;0;82;115m▀▀▀▀[38;2;0;82;115;48;2;0;123;189m▀▀[38;2;0;123;189m▀▀[48;2;0;0;0m▀▀[38;2;0;0;0;49m▀▀[0m
[0m            [38;2;88;62;36;48;2;0;0;0m▀[38;2;255;255;255;48;2;88;62;36m▀[38;2;88;62;36;48;2;255;255;255m▀[38;2;180;148;115;48;2;180;148;115m▀[48;2;88;62;36m▀▀[38;2;88;62;36;48;2;180;148;115m▀[38;2;139;106;82;48;2;139;106;82m▀[48;2;0;0;0m▀[38;2;0;0;0;49m▀▀[0m  [38;2;88;62;36m▄▄[48;2;139;106;82m▀[48;2;180;148;115m▀[38;2;180;148;115m▀▀[38;2;139;106;82m▀[48;2;88;62;36m▀[38;2;205;205;205;48;2;0;0;0m▀[38;2;0;0;0m▀[38;2;0;123;189m▀▀[48;2;0;123;189m▀▀[38;2;0;82;115m▀▀▀▀▀▀▀▀[38;2;0;123;189m▀[48;2;0;0;0m▀▀▀▀[38;2;0;0;0;49m▀▀▀[0m
[0m             [38;2;0;0;0m▀▀▀[0m [38;2;0;0;0;48;2;0;0;0m▀[38;2;255;255;255m▀[38;2;0;0;0;49m▀[0m   [38;2;88;62;36m▄[48;2;255;255;255m▀[38;2;180;148;115;48;2;0;0;0m▀[38;2;139;106;82m▀[48;2;88;62;36m▀[38;2;88;62;36;48;2;139;106;82m▀[38;2;180;148;115m▀[38;2;139;106;82;48;2;88;62;36m▀[38;2;180;148;115;48;2;139;106;82m▀[38;2;88;62;36;48;2;0;0;0m▀[0m    [38;2;0;0;0m▀▀▀▀▀▀▀▀▀▀▀[0m
[0m                       [38;2;0;0;0m▀▀[0m [38;2;88;62;36;48;2;88;62;36m▀[38;2;180;148;115;48;2;255;255;255m▀[38;2;139;106;82;48;2;0;0;0m▀[38;2;0;0;0;49m▀[38;2;88;62;36;48;2;88;62;36m▀[38;2;180;148;115;48;2;255;255;255m▀[38;2;0;0;0;48;2;0;0;0m▀[0m
[0m                          [38;2;0;0;0m▀▀[0m   [38;2;88;62;36m▀[38;2;0;0;0m▀[0m
