[0m                                                  [38;2;213;8;8m▀[48;2;213;8;8m▀▀[49m▄▄[0m
[0m         [38;2;213;8;8m▄[48;2;213;8;8m▀▀[0m                                        [38;2;213;8;8;48;2;213;8;8m▀▀▀▀[0m
[0m     [38;2;115;65;16m▄[38;2;213;8;8m▄[48;2;213;8;8m▀▀▀▀[0m                                          [38;2;213;8;8;48;2;213;8;8m▀▀▀▀[0m
[0m   [38;2;0;0;0m▄[38;2;115;65;16;48;2;222;148;16m▀[38;2;213;8;8m▀[48;2;213;8;8m▀▀▀[0m                                          [38;2;213;8;8m▄[48;2;213;8;8m▀▀▀▀[49m▀[0m
[0m  [38;2;0;0;0;48;2;0;0;0m▀[38;2;222;148;16;48;2;222;148;16m▀▀[38;2;115;65;16;48;2;115;65;16m▀[38;2;213;8;8;48;2;213;8;8m▀▀[49m▀[0m [38;2;213;8;8m▄▄[0m                                 [38;2;238;98;57m▄▄[0m  [38;2;238;98;57m▄[38;2;213;8;8m▄[48;2;213;8;8m▀[48;2;238;98;57m▀[38;2;238;98;57m▀[38;2;213;8;8;48;2;213;8;8m▀▀[49m▄[0m
[0m [38;2;0;0;0m▄[38;2;115;65;16;48;2;222;148;16m▀[38;2;222;148;16m▀[48;2;115;65;16m▀[38;2;115;65;16;48;2;213;8;8m▀[38;2;213;8;8m▀▀[49m▄[48;2;213;8;8m▀▀[49m▀[0m                          [38;2;238;98;57m▄[38;2;213;8;8m▄▄[0m  [38;2;238;98;57;48;2;213;8;8m▀[48;2;238;98;57m▀▀▀[49m▄▄[48;2;238;98;57m▀[48;2;255;164;74m▀[38;2;255;164;74m▀[38;2;238;98;57;48;2;238;98;57m▀[38;2;213;8;8;48;2;213;8;8m▀▀▀▀▀▀[0m
[0m [38;2;0;0;0;48;2;115;65;16m▀[38;2;222;148;16;48;2;222;148;16m▀[48;2;255;197;74m▀[38;2;115;65;16;48;2;222;148;16m▀[38;2;213;8;8;48;2;115;65;16m▀[48;2;213;8;8m▀[48;2;238;98;57m▀▀[49m▀[0m                           [38;2;238;98;57;48;2;238;98;57m▀[48;2;255;164;74m▀▀[38;2;213;8;8;48;2;238;98;57m▀[48;2;213;8;8m▀▀[48;2;238;98;57m▀[38;2;238;98;57;48;2;255;164;74m▀[38;2;255;164;74;48;2;255;213;98m▀[38;2;255;213;98m▀▀[38;2;255;164;74m▀[38;2;238;98;57;48;2;255;164;74m▀[38;2;255;164;74;48;2;238;98;57m▀▀[38;2;238;98;57m▀[38;2;213;8;8m▀[48;2;213;8;8m▀▀▀▀▀▀[0m                         [38;2;213;8;8m▄[0m
[38;2;0;0;0;48;2;0;0;0m▀[38;2;222;148;16;48;2;222;148;16m▀[38;2;255;197;74;48;2;255;197;74m▀▀▀[38;2;115;65;16;48;2;115;65;16m▀[38;2;213;8;8;48;2;213;8;8m▀[38;2;238;98;57;49m▀[0m                             [38;2;238;98;57m▀[38;2;255;164;74;48;2;238;98;57m▀▀[38;2;255;213;98;48;2;255;164;74m▀[38;2;238;98;57;48;2;255;213;98m▀[38;2;213;8;8;48;2;238;98;57m▀[38;2;238;98;57;48;2;213;8;8m▀[38;2;255;164;74;48;2;238;98;57m▀[38;2;255;213;98;48;2;255;213;98m▀▀[48;2;238;98;57m▀[38;2;255;164;74m▀[38;2;238;98;57m▀[48;2;213;8;8m▀[38;2;213;8;8m▀[38;2;238;98;57;48;2;238;98;57m▀▀[38;2;213;8;8;48;2;213;8;8m▀▀▀▀[49m▀[0m                        [38;2;213;8;8;48;2;213;8;8m▀[49m▄[48;2;213;8;8m▀▀[0m
[38;2;115;65;16;48;2;115;65;16m▀[38;2;222;148;16;48;2;222;148;16m▀[38;2;255;197;74;48;2;255;197;74m▀▀[38;2;222;148;16;48;2;115;65;16m▀[38;2;213;8;8;48;2;213;8;8m▀▀▀[38;2;238;98;57;49m▄[38;2;213;8;8m▄▀[0m   [38;2;213;8;8m▄[0m                        [38;2;238;98;57;48;2;238;98;57m▀[48;2;255;164;74m▀[38;2;255;213;98;48;2;255;213;98m▀[38;2;238;98;57m▀▀[38;2;255;164;74;48;2;255;164;74m▀[38;2;255;213;98;48;2;255;213;98m▀[38;2;255;164;74;48;2;238;98;57m▀[38;2;238;98;57m▀[48;2;213;8;8m▀[38;2;213;8;8m▀▀▀▀▀▀[49m▄[0m                          [38;2;213;8;8;48;2;213;8;8m▀▀▀▀[0m
[38;2;115;65;16;49m▀[38;2;222;148;16;48;2;115;65;16m▀[38;2;255;197;74;48;2;255;197;74m▀[38;2;222;148;16m▀[38;2;115;65;16;48;2;115;65;16m▀[38;2;213;8;8;48;2;213;8;8m▀[48;2;238;98;57m▀[38;2;238;98;57m▀▀[49m▀[0m   [38;2;213;8;8;48;2;238;98;57m▀[48;2;213;8;8m▀[49m▄[0m                      [38;2;238;98;57m▄[48;2;255;213;98m▀[38;2;255;213;98m▀▀[38;2;255;164;74;48;2;255;164;74m▀[48;2;238;98;57m▀▀▀[38;2;238;98;57m▀▀[38;2;213;8;8;48;2;213;8;8m▀[48;2;238;98;57m▀[38;2;238;98;57;48;2;255;164;74m▀▀[48;2;238;98;57m▀[38;2;213;8;8m▀[48;2;213;8;8m▀▀[0m    [38;2;238;98;57m▄[0m          [38;2;213;8;8m▄▄[48;2;213;8;8m▀[0m     [38;2;213;8;8m▄[0m [38;2;213;8;8;48;2;213;8;8m▀[48;2;238;98;57m▀[48;2;213;8;8m▀▀▀▀[0m
[0m [38;2;115;65;16;48;2;115;65;16m▀[38;2;255;197;74;48;2;255;197;74m▀▀▀[38;2;115;65;16m▀[38;2;238;98;57;48;2;222;148;16m▀[48;2;115;65;16m▀[38;2;213;8;8;48;2;213;8;8m▀[49m▄▄[0m [38;2;213;8;8;48;2;238;98;57m▀[38;2;238;98;57m▀[38;2;213;8;8;48;2;213;8;8m▀[49m▀[0m                      [38;2;238;98;57;48;2;238;98;57m▀[38;2;255;213;98;48;2;255;213;98m▀▀[38;2;255;164;74;48;2;255;164;74m▀[38;2;238;98;57m▀▀[48;2;238;98;57m▀▀▀[48;2;255;164;74m▀[48;2;238;98;57m▀[38;2;255;164;74m▀▀[38;2;238;98;57m▀[48;2;213;8;8m▀[38;2;213;8;8m▀[49m▀[0m     [38;2;238;98;57;48;2;238;98;57m▀▀[0m       [38;2;238;98;57;48;2;238;98;57m▀[38;2;213;8;8m▀[48;2;213;8;8m▀[38;2;238;98;57;48;2;255;164;74m▀[38;2;213;8;8m▀[48;2;213;8;8m▀[0m [38;2;238;98;57m▄[38;2;213;8;8;48;2;238;98;57m▀[38;2;238;98;57;48;2;255;164;74m▀[38;2;213;8;8;48;2;238;98;57m▀[48;2;213;8;8m▀[38;2;238;98;57;48;2;238;98;57m▀▀[38;2;213;8;8m▀[48;2;213;8;8m▀[48;2;255;197;74m▀[48;2;115;65;16m▀[0m
[0m [38;2;115;65;16;48;2;115;65;16m▀[38;2;255;197;74;48;2;255;197;74m▀▀▀▀▀[38;2;222;148;16m▀[38;2;213;8;8;48;2;115;65;16m▀[48;2;213;8;8m▀[48;2;238;98;57m▀▀[38;2;238;98;57;48;2;255;164;74m▀▀[48;2;238;98;57m▀[38;2;213;8;8;48;2;213;8;8m▀[0m                      [38;2;238;98;57m▄[48;2;238;98;57m▀[38;2;255;213;98;48;2;255;164;74m▀[38;2;255;164;74m▀▀[48;2;255;213;98m▀▀[38;2;255;213;98;48;2;255;164;74m▀[48;2;238;98;57m▀[38;2;238;98;57m▀▀▀[38;2;213;8;8;49m▀[0m                [38;2;238;98;57m▄[48;2;238;98;57m▀[38;2;255;164;74;48;2;255;164;74m▀[38;2;238;98;57m▀▀[38;2;255;213;98;48;2;255;213;98m▀▀[38;2;238;98;57;48;2;255;164;74m▀[38;2;213;8;8;48;2;213;8;8m▀[38;2;238;98;57;48;2;238;98;57m▀[38;2;255;164;74;48;2;255;164;74m▀[48;2;115;65;16m▀[48;2;255;164;74m▀[38;2;238;98;57;48;2;238;98;57m▀▀[48;2;213;8;8m▀[38;2;213;8;8;48;2;255;197;74m▀[38;2;255;197;74m▀[48;2;115;65;16m▀[38;2;0;0;0;49m▀[0m
[0m  [38;2;115;65;16;48;2;115;65;16m▀[38;2;255;197;74;48;2;255;197;74m▀▀▀▀[38;2;115;65;16m▀[38;2;238;98;57;48;2;115;65;16m▀▀[48;2;255;164;74m▀▀[38;2;255;164;74m▀[48;2;238;98;57m▀[38;2;238;98;57;49m▀[38;2;213;8;8m▀[0m                  [38;2;238;98;57m▄[48;2;255;164;74m▀[48;2;255;213;98m▀▀[38;2;255;213;98m▀[38;2;255;164;74;48;2;255;164;74m▀▀▀[38;2;255;213;98;48;2;255;213;98m▀▀[38;2;255;164;74m▀[38;2;238;98;57m▀▀[48;2;255;164;74m▀[48;2;238;98;57m▀▀[49m▄▄[0m           [38;2;213;8;8;48;2;213;8;8m▀[38;2;238;98;57;49m▄[0m  [38;2;213;8;8;48;2;213;8;8m▀[38;2;238;98;57m▀[48;2;238;98;57m▀[38;2;255;164;74;48;2;255;164;74m▀▀▀[38;2;255;213;98m▀[38;2;255;164;74;48;2;238;98;57m▀[38;2;213;8;8m▀[38;2;255;164;74;48;2;255;164;74m▀[38;2;222;148;16;48;2;115;65;16m▀[38;2;255;197;74;48;2;255;197;74m▀[38;2;115;65;16m▀[38;2;238;98;57;48;2;115;65;16m▀[38;2;115;65;16;48;2;222;148;16m▀[38;2;222;148;16;48;2;255;197;74m▀[38;2;255;197;74m▀[48;2;222;148;16m▀[38;2;0;0;0;48;2;0;0;0m▀[0m
[0m  [38;2;0;0;0;48;2;0;0;0m▀[38;2;255;197;74;48;2;255;197;74m▀▀▀▀▀▀[48;2;115;65;16m▀[38;2;115;65;16;48;2;238;98;57m▀[38;2;255;164;74;48;2;255;164;74m▀▀[38;2;238;98;57;48;2;238;98;57m▀[0m    [38;2;213;8;8m▄[0m   [38;2;213;8;8m▄[0m           [38;2;238;98;57;48;2;238;98;57m▀[38;2;255;164;74;48;2;255;164;74m▀[38;2;255;213;98;48;2;255;213;98m▀▀▀▀[38;2;255;164;74m▀[38;2;255;213;98m▀▀▀[48;2;238;98;57m▀[38;2;255;164;74m▀[38;2;238;98;57m▀▀▀[48;2;213;8;8m▀[48;2;238;98;57m▀▀[49m▀[0m         [38;2;213;8;8;48;2;213;8;8m▀[48;2;238;98;57m▀[38;2;238;98;57m▀▀[49m▄[38;2;213;8;8m▄[48;2;213;8;8m▀[48;2;238;98;57m▀[38;2;238;98;57m▀[38;2;255;164;74m▀▀[38;2;238;98;57;48;2;115;65;16m▀▀[38;2;115;65;16;48;2;255;197;74m▀[48;2;222;148;16m▀[38;2;255;197;74;48;2;255;197;74m▀[38;2;255;238;98;48;2;255;238;98m▀▀[38;2;255;197;74m▀[38;2;222;148;16;48;2;255;197;74m▀[38;2;255;197;74m▀[48;2;115;65;16m▀[38;2;0;0;0;49m▀[0m
[0m   [38;2;115;65;16;48;2;0;0;0m▀[38;2;255;197;74;48;2;255;197;74m▀▀▀[38;2;222;148;16m▀[38;2;115;65;16m▀▀[38;2;238;98;57;48;2;222;148;16m▀[48;2;115;65;16m▀[38;2;255;164;74;48;2;238;98;57m▀[38;2;213;8;8m▀[38;2;238;98;57;48;2;213;8;8m▀[49m▄[38;2;213;8;8;48;2;238;98;57m▀▀[49m▄[0m  [38;2;213;8;8m▄[48;2;213;8;8m▀[49m▄[0m   [38;2;213;8;8m▄[0m       [38;2;238;98;57m▀[38;2;255;213;98;48;2;238;98;57m▀[48;2;255;213;98m▀▀[48;2;255;164;74m▀[48;2;238;98;57m▀[48;2;255;164;74m▀▀[38;2;255;164;74;48;2;238;98;57m▀[38;2;238;98;57m▀[48;2;255;164;74m▀[38;2;255;164;74m▀[38;2;238;98;57;48;2;238;98;57m▀[38;2;213;8;8m▀▀[48;2;213;8;8m▀[0m          [38;2;213;8;8;48;2;238;98;57m▀[38;2;238;98;57;48;2;255;164;74m▀[38;2;255;164;74;48;2;255;213;98m▀▀[48;2;255;164;74m▀[38;2;238;98;57;48;2;115;65;16m▀[38;2;115;65;16;48;2;255;197;74m▀[38;2;238;98;57;48;2;115;65;16m▀[48;2;238;98;57m▀[48;2;115;65;16m▀[38;2;115;65;16;48;2;222;148;16m▀▀[38;2;255;197;74;48;2;255;238;98m▀[38;2;255;238;98m▀▀[38;2;255;197;74m▀[38;2;255;238;98m▀[48;2;255;197;74m▀▀[38;2;255;197;74m▀▀[38;2;222;148;16;48;2;115;65;16m▀[38;2;115;65;16;49m▀[0m
[0m     [38;2;0;0;0m▀[38;2;222;148;16;48;2;115;65;16m▀[38;2;255;197;74;48;2;255;197;74m▀▀▀▀▀▀▀[38;2;115;65;16;48;2;115;65;16m▀[38;2;238;98;57;48;2;238;98;57m▀▀[38;2;213;8;8;48;2;213;8;8m▀[49m▄[48;2;213;8;8m▀[48;2;238;98;57m▀[38;2;238;98;57m▀▀[38;2;213;8;8m▀[48;2;213;8;8m▀▀▀▀[0m      [38;2;238;98;57m▄[38;2;213;8;8m▄[48;2;213;8;8m▀[38;2;238;98;57;48;2;238;98;57m▀[38;2;255;164;74m▀[38;2;238;98;57m▀▀▀[48;2;213;8;8m▀[38;2;213;8;8m▀[38;2;238;98;57;48;2;238;98;57m▀[38;2;255;164;74m▀[38;2;238;98;57;48;2;213;8;8m▀[48;2;238;98;57m▀▀▀[0m       [38;2;213;8;8m▄[0m  [38;2;238;98;57;48;2;238;98;57m▀▀[38;2;255;164;74;48;2;255;213;98m▀[38;2;255;213;98m▀[48;2;255;164;74m▀[38;2;238;98;57;48;2;115;65;16m▀[38;2;115;65;16;48;2;222;148;16m▀[38;2;255;197;74;48;2;255;238;98m▀[48;2;255;197;74m▀[38;2;115;65;16;48;2;115;65;16m▀[38;2;255;197;74;48;2;255;197;74m▀▀▀[38;2;255;238;98;48;2;255;238;98m▀[48;2;255;197;74m▀▀[38;2;255;197;74m▀▀▀[48;2;115;65;16m▀▀[38;2;115;65;16;49m▀[0m
[0m      [38;2;0;0;0m▀[38;2;222;148;16;48;2;0;0;0m▀[38;2;255;197;74;48;2;222;148;16m▀▀[38;2;222;148;16m▀▀▀[38;2;255;197;74m▀▀[38;2;115;65;16;48;2;255;197;74m▀[38;2;213;8;8;48;2;213;8;8m▀▀[48;2;238;98;57m▀[48;2;255;164;74m▀[38;2;255;164;74;48;2;255;213;98m▀[48;2;213;8;8m▀[38;2;238;98;57m▀[38;2;213;8;8m▀[49m▀▀▀[0m      [38;2;238;98;57;48;2;238;98;57m▀▀▀[38;2;213;8;8m▀[38;2;238;98;57m▀▀[48;2;213;8;8m▀[38;2;213;8;8m▀▀[48;2;238;98;57m▀[38;2;238;98;57m▀▀[38;2;213;8;8;48;2;213;8;8m▀[49m▀[38;2;238;98;57m▀▀[0m [38;2;213;8;8m▄[48;2;213;8;8m▀[38;2;238;98;57;49m▄[0m  [38;2;238;98;57m▄[48;2;255;164;74m▀[38;2;213;8;8;48;2;238;98;57m▀[48;2;213;8;8m▀[48;2;238;98;57m▀[38;2;238;98;57m▀[38;2;255;164;74;48;2;115;65;16m▀[38;2;115;65;16;48;2;255;197;74m▀▀[48;2;115;65;16m▀[38;2;255;197;74;48;2;255;197;74m▀[38;2;222;148;16;48;2;255;238;98m▀[38;2;255;238;98m▀▀[38;2;255;197;74;48;2;255;197;74m▀▀▀▀[48;2;115;65;16m▀[48;2;0;0;0m▀▀[38;2;115;65;16m▀[38;2;0;0;0;49m▀▀[0m
[0m        [38;2;0;0;0m▀[38;2;115;65;16m▀[38;2;222;148;16;48;2;0;0;0m▀[48;2;115;65;16m▀[48;2;222;148;16m▀▀▀▀▀[38;2;238;98;57;48;2;238;98;57m▀[38;2;255;213;98;48;2;255;213;98m▀▀[38;2;255;164;74;48;2;238;98;57m▀[38;2;213;8;8;48;2;213;8;8m▀▀[49m▀[0m         [38;2;238;98;57m▀[48;2;238;98;57m▀▀[38;2;255;164;74;48;2;255;164;74m▀[38;2;238;98;57m▀[48;2;238;98;57m▀[38;2;213;8;8;48;2;213;8;8m▀▀[38;2;238;98;57m▀▀▀[38;2;213;8;8;49m▀▀[0m [38;2;213;8;8m▄▄[38;2;238;98;57m▄[38;2;213;8;8;48;2;238;98;57m▀[38;2;238;98;57m▀[38;2;255;164;74;48;2;255;164;74m▀[38;2;238;98;57m▀[48;2;255;213;98m▀[38;2;255;213;98m▀[48;2;255;164;74m▀[38;2;255;164;74;48;2;115;65;16m▀[38;2;238;98;57m▀▀[38;2;115;65;16;48;2;222;148;16m▀[38;2;255;197;74;48;2;255;197;74m▀▀[48;2;255;238;98m▀[38;2;222;148;16m▀[38;2;255;197;74;48;2;255;197;74m▀[38;2;255;238;98m▀▀[38;2;255;197;74m▀▀[48;2;115;65;16m▀▀[38;2;0;0;0;49m▀▀[0m
[0m           [38;2;0;0;0m▀[38;2;115;65;16m▀[38;2;222;148;16;48;2;115;65;16m▀[48;2;222;148;16m▀▀▀[38;2;213;8;8;48;2;213;8;8m▀[38;2;238;98;57;48;2;238;98;57m▀[38;2;255;213;98;48;2;255;213;98m▀[38;2;255;164;74m▀[38;2;238;98;57;48;2;238;98;57m▀[38;2;213;8;8m▀[48;2;213;8;8m▀[48;2;238;98;57m▀[48;2;213;8;8m▀[49m▄[0m [38;2;213;8;8m▄▄[0m  [38;2;213;8;8m▄[0m  [38;2;238;98;57;48;2;238;98;57m▀▀[38;2;255;164;74m▀[38;2;238;98;57m▀[38;2;213;8;8m▀[38;2;238;98;57m▀[38;2;213;8;8;48;2;213;8;8m▀▀▀[0m [38;2;238;98;57m▄[38;2;213;8;8;48;2;213;8;8m▀▀[38;2;238;98;57;48;2;238;98;57m▀▀[48;2;115;65;16m▀[38;2;255;164;74m▀▀[38;2;255;213;98;48;2;238;98;57m▀[38;2;255;164;74m▀[48;2;115;65;16m▀[38;2;115;65;16;48;2;255;197;74m▀[38;2;255;197;74m▀▀▀[38;2;222;148;16m▀[38;2;255;197;74m▀[38;2;255;238;98m▀▀[38;2;255;197;74m▀[48;2;222;148;16m▀[48;2;115;65;16m▀[38;2;115;65;16;49m▀▀▀[0m
[0m             [38;2;238;98;57m▄[48;2;238;98;57m▀▀[38;2;213;8;8m▀[38;2;238;98;57m▀[38;2;255;213;98;48;2;255;213;98m▀[48;2;255;164;74m▀[48;2;238;98;57m▀[38;2;238;98;57;48;2;213;8;8m▀[38;2;213;8;8;48;2;222;148;16m▀[48;2;115;65;16m▀[38;2;238;98;57m▀[48;2;238;98;57m▀[38;2;213;8;8m▀[48;2;213;8;8m▀▀▀[49m▄[48;2;213;8;8m▀▀[0m  [38;2;213;8;8m▀[38;2;238;98;57;48;2;213;8;8m▀[48;2;238;98;57m▀▀[48;2;213;8;8m▀[38;2;213;8;8m▀▀[48;2;238;98;57m▀▀[38;2;238;98;57m▀[38;2;213;8;8;48;2;115;65;16m▀[38;2;115;65;16;48;2;222;148;16m▀[38;2;213;8;8;48;2;213;8;8m▀[38;2;238;98;57;48;2;115;65;16m▀[38;2;115;65;16;48;2;222;148;16m▀[38;2;222;148;16;48;2;255;197;74m▀[38;2;255;197;74m▀▀[38;2;115;65;16m▀[48;2;222;148;16m▀[38;2;222;148;16;48;2;255;197;74m▀[38;2;255;197;74m▀▀[48;2;222;148;16m▀▀▀▀[48;2;115;65;16m▀[38;2;222;148;16;48;2;0;0;0m▀[38;2;115;65;16;49m▀▀[0m
[0m         [38;2;238;98;57m▄[38;2;255;164;74m▄▄[38;2;238;98;57;48;2;255;164;74m▀[38;2;255;213;98;48;2;255;213;98m▀▀▀[38;2;238;98;57m▀[38;2;255;213;98m▀[48;2;238;98;57m▀[38;2;238;98;57m▀[48;2;213;8;8m▀[38;2;213;8;8;48;2;222;148;16m▀[38;2;222;148;16m▀▀▀[38;2;115;65;16;48;2;115;65;16m▀[38;2;213;8;8;48;2;213;8;8m▀▀[48;2;0;0;0m▀[38;2;238;98;57;48;2;115;65;16m▀[38;2;213;8;8m▀[38;2;115;65;16;48;2;255;197;74m▀▀▀▀▀[38;2;213;8;8;48;2;115;65;16m▀▀[38;2;238;98;57;48;2;0;0;0m▀[48;2;213;8;8m▀[38;2;213;8;8m▀▀▀[38;2;238;98;57m▀[38;2;115;65;16;48;2;115;65;16m▀[38;2;222;148;16;48;2;222;148;16m▀▀[38;2;115;65;16m▀[38;2;222;148;16m▀▀[38;2;255;197;74m▀▀[38;2;222;148;16m▀▀▀[38;2;255;197;74m▀[38;2;222;148;16m▀▀▀[48;2;115;65;16m▀[48;2;0;0;0m▀[38;2;0;0;0;49m▀[0m
[0m       [38;2;238;98;57m▄[48;2;255;213;98m▀[38;2;255;213;98m▀▀[38;2;255;164;74;48;2;255;164;74m▀▀▀[38;2;255;213;98;48;2;238;98;57m▀[38;2;255;164;74m▀[38;2;255;213;98;48;2;255;164;74m▀[38;2;255;164;74;48;2;238;98;57m▀[38;2;238;98;57m▀[48;2;0;0;0m▀[48;2;115;65;16m▀[38;2;222;148;16;48;2;222;148;16m▀▀▀▀[48;2;115;65;16m▀[38;2;0;0;0;48;2;222;148;16m▀[38;2;115;65;16m▀[38;2;222;148;16;48;2;255;238;98m▀[38;2;255;238;98m▀▀▀▀[38;2;255;197;74m▀[48;2;255;197;74m▀▀▀▀[38;2;222;148;16;48;2;115;65;16m▀[38;2;0;0;0m▀[38;2;115;65;16;48;2;222;148;16m▀▀[38;2;213;8;8;48;2;115;65;16m▀[38;2;115;65;16;48;2;222;148;16m▀[38;2;222;148;16m▀▀▀▀▀▀[48;2;115;65;16m▀[48;2;0;0;0m▀▀▀[38;2;115;65;16;49m▀[38;2;0;0;0m▀▀▀▀[0m
[0m       [38;2;238;98;57m▀[38;2;255;213;98;48;2;238;98;57m▀[48;2;255;213;98m▀[38;2;255;164;74m▀▀[48;2;255;164;74m▀[38;2;238;98;57;48;2;238;98;57m▀▀▀▀▀[48;2;0;0;0m▀[0m [38;2;0;0;0m▀[38;2;115;65;16;48;2;0;0;0m▀[38;2;222;148;16;48;2;115;65;16m▀▀[38;2;0;0;0m▀[38;2;222;148;16;48;2;222;148;16m▀[48;2;255;197;74m▀[38;2;255;197;74m▀[38;2;255;238;98m▀[48;2;255;238;98m▀▀▀[48;2;255;197;74m▀▀[38;2;255;197;74m▀▀[48;2;115;65;16m▀[38;2;115;65;16;48;2;222;148;16m▀[38;2;222;148;16m▀▀▀▀▀▀▀[48;2;115;65;16m▀[48;2;0;0;0m▀▀[38;2;115;65;16;49m▀[38;2;0;0;0m▀[0m
[0m        [38;2;238;98;57;48;2;238;98;57m▀[38;2;255;213;98;48;2;255;213;98m▀▀[38;2;255;164;74;48;2;238;98;57m▀[38;2;238;98;57m▀[48;2;255;197;74m▀▀[38;2;255;197;74m▀▀▀▀[38;2;0;0;0m▀▀[38;2;115;65;16m▀[38;2;222;148;16m▀[38;2;255;197;74m▀▀▀▀▀▀▀▀▀▀▀▀[38;2;222;148;16;48;2;222;148;16m▀▀▀▀▀▀[48;2;115;65;16m▀[48;2;0;0;0m▀[38;2;115;65;16;48;2;222;148;16m▀[38;2;0;0;0m▀[48;2;115;65;16m▀[38;2;238;98;57;48;2;213;8;8m▀[38;2;213;8;8;49m▀[0m
[0m       [38;2;238;98;57;48;2;238;98;57m▀[38;2;255;213;98;48;2;255;213;98m▀▀[48;2;238;98;57m▀[38;2;238;98;57m▀[48;2;255;197;74m▀[38;2;255;197;74m▀[48;2;82;57;41m▀[38;2;82;57;41;48;2;205;205;205m▀[38;2;131;98;79;48;2;222;148;16m▀[38;2;255;197;74;48;2;255;197;74m▀▀▀▀▀▀▀▀▀▀▀▀▀▀▀▀[48;2;222;148;16m▀[38;2;222;148;16m▀▀▀[48;2;115;65;16m▀[48;2;0;0;0m▀▀[38;2;115;65;16;48;2;222;148;16m▀[38;2;222;148;16m▀▀▀▀▀[38;2;0;0;0;48;2;0;0;0m▀[0m
[0m       [38;2;238;98;57m▀[38;2;255;213;98;48;2;238;98;57m▀[38;2;238;98;57m▀[48;2;255;197;74m▀▀[38;2;255;197;74;48;2;82;57;41m▀[38;2;82;57;41;48;2;255;255;255m▀[38;2;0;0;0;48;2;0;0;0m▀[38;2;255;255;255;48;2;255;255;255m▀[38;2;255;197;74;48;2;255;197;74m▀▀▀▀▀[48;2;115;65;16m▀[48;2;0;0;0m▀[38;2;222;148;16m▀[38;2;115;65;16;48;2;115;65;16m▀[38;2;0;0;0;48;2;222;148;16m▀▀[38;2;255;197;74;48;2;115;65;16m▀[48;2;222;148;16m▀▀[38;2;222;148;16m▀▀▀▀[38;2;115;65;16m▀▀▀[38;2;222;148;16m▀▀▀▀▀▀▀▀▀[38;2;0;0;0;48;2;0;0;0m▀[0m
[0m        [38;2;0;0;0m▄[38;2;82;57;41;48;2;180;139;98m▀[48;2;131;98;79m▀[38;2;255;197;74;48;2;82;57;41m▀[38;2;82;57;41m▀[38;2;0;0;0;48;2;255;197;74m▀[38;2;255;255;255m▀[38;2;255;197;74m▀▀▀▀[48;2;0;0;0m▀[38;2;0;0;0;49m▀[38;2;115;65;16m▀[0m [38;2;0;0;0m▀[38;2;222;148;16;48;2;115;65;16m▀[38;2;115;65;16;48;2;222;148;16m▀[38;2;222;148;16;48;2;0;0;0m▀[48;2;222;148;16m▀▀▀▀▀▀▀▀▀▀▀▀▀▀▀▀▀▀[38;2;0;0;0;48;2;0;0;0m▀[0m
[0m        [38;2;0;0;0;48;2;82;57;41m▀[38;2;180;139;98;48;2;180;139;98m▀▀▀[38;2;131;98;79;48;2;0;0;0m▀[38;2;82;57;41m▀[38;2;255;197;74m▀▀▀[38;2;0;0;0;49m▀▀[0m   [38;2;82;57;41m▄[38;2;0;0;0;48;2;82;57;41m▀▀[38;2;82;57;41;48;2;131;98;79m▀▀[38;2;0;0;0m▀[38;2;115;65;16m▀[38;2;222;148;16;48;2;0;0;0m▀[48;2;115;65;16m▀[48;2;222;148;16m▀▀▀▀▀[48;2;115;65;16m▀[48;2;222;148;16m▀▀▀▀▀▀▀[38;2;115;65;16;48;2;0;0;0m▀[0m
[0m       [38;2;0;0;0;48;2;82;57;41m▀[38;2;180;139;98;48;2;180;139;98m▀▀[48;2;0;0;0m▀[38;2;0;0;0;48;2;131;98;79m▀[38;2;131;98;79;48;2;0;0;0m▀[38;2;0;0;0;49m▀[0m       [38;2;82;57;41;48;2;82;57;41m▀[38;2;131;98;79;48;2;0;0;0m▀[38;2;0;0;0;48;2;180;139;98m▀[38;2;180;139;98m▀[48;2;82;57;41m▀[38;2;131;98;79;48;2;180;139;98m▀[38;2;180;139;98;48;2;82;57;41m▀[38;2;131;98;79;48;2;0;0;0m▀[38;2;82;57;41;49m▀[38;2;0;0;0m▀▀▀[38;2;115;65;16m▀▀▀[38;2;0;0;0m▀[48;2;0;0;0m▀[38;2;222;148;16m▀▀[48;2;115;65;16m▀[48;2;222;148;16m▀[48;2;82;57;41m▀[38;2;0;0;0m▀[49m▄[0m
[0m      [38;2;82;57;41;48;2;82;57;41m▀[38;2;180;139;98;48;2;180;139;98m▀[48;2;131;98;79m▀[38;2;82;57;41;48;2;0;0;0m▀[38;2;131;98;79;48;2;82;57;41m▀[38;2;0;0;0;49m▀[0m         [38;2;0;0;0;48;2;0;0;0m▀[38;2;131;98;79;48;2;131;98;79m▀[38;2;180;139;98m▀[38;2;82;57;41;48;2;0;0;0m▀[38;2;180;139;98;48;2;180;139;98m▀[48;2;0;0;0m▀[38;2;0;0;0;49m▀[0m            [38;2;0;0;0;48;2;0;0;0m▀[38;2;131;98;79;48;2;180;139;98m▀[48;2;131;98;79m▀▀[38;2;82;57;41;48;2;82;57;41m▀[38;2;0;0;0;48;2;131;98;79m▀[49m▄[0m
[0m     [38;2;0;0;0;48;2;82;57;41m▀[38;2;180;139;98;48;2;131;98;79m▀[38;2;131;98;79;48;2;0;0;0m▀[38;2;0;0;0;49m▀[38;2;82;57;41m▀[0m            [38;2;131;98;79m▀[38;2;255;255;255;48;2;131;98;79m▀[38;2;0;0;0;48;2;0;0;0m▀[38;2;131;98;79;48;2;255;255;255m▀[38;2;0;0;0;48;2;0;0;0m▀[0m             [38;2;0;0;0;48;2;0;0;0m▀[38;2;180;139;98;48;2;180;139;98m▀[38;2;131;98;79;48;2;131;98;79m▀▀[38;2;82;57;41;48;2;82;57;41m▀[38;2;255;255;255;48;2;131;98;79m▀[38;2;0;0;0;49m▀[0m
[0m     [38;2;82;57;41m▀[38;2;0;0;0m▀[0m                  [38;2;131;98;79m▀[0m             [38;2;0;0;0;48;2;0;0;0m▀[38;2;180;139;98;48;2;180;139;98m▀[38;2;82;57;41;48;2;82;57;41m▀[38;2;180;139;98;48;2;180;139;98m▀[38;2;131;98;79;48;2;82;57;41m▀[38;2;180;139;98;48;2;180;139;98m▀[38;2;82;57;41;48;2;82;57;41m▀[0m
[0m                                      [38;2;82;57;41;48;2;0;0;0m▀[38;2;180;139;98;48;2;131;98;79m▀[38;2;82;57;41;48;2;82;57;41m▀[38;2;180;139;98;48;2;180;139;98m▀[38;2;131;98;79;48;2;131;98;79m▀[38;2;82;57;41;48;2;82;57;41m▀[38;2;180;139;98;48;2;131;98;79m▀[38;2;0;0;0;48;2;0;0;0m▀[0m
[0m                                      [38;2;0;0;0m▀[38;2;131;98;79;48;2;0;0;0m▀[38;2;82;57;41;48;2;255;255;255m▀[38;2;180;139;98;48;2;82;57;41m▀[38;2;131;98;79;48;2;180;139;98m▀[38;2;0;0;0;48;2;0;0;0m▀[38;2;82;57;41;49m▀[38;2;255;255;255;48;2;131;98;79m▀[38;2;0;0;0m▀[0m
[0m                                        [38;2;0;0;0m▀[38;2;131;98;79m▀[38;2;0;0;0;48;2;131;98;79m▀[38;2;255;255;255m▀[0m
