[0m                               [38;2;90;57;32m▄[48;2;255;238;189m▀[49m▄[0m
[0m       [38;2;90;57;32m▄[48;2;255;238;189m▀▀[49m▄[0m                    [38;2;90;57;32m▀[38;2;255;238;189;48;2;90;57;32m▀[38;2;90;57;32;48;2;255;238;189m▀[38;2;0;0;0;49m▄[0m
[0m     [38;2;90;57;32m▄[48;2;255;238;189m▀[38;2;255;238;189;48;2;0;0;0m▀[38;2;0;0;0;49m▀[38;2;90;57;32m▀[0m         [38;2;90;57;32m▄[48;2;238;156;57m▀[38;2;0;0;0;49m▄[0m          [38;2;90;57;32;48;2;90;57;32m▀[38;2;255;238;189;48;2;238;189;139m▀[38;2;0;0;0;48;2;0;0;0m▀[0m
[0m     [38;2;90;57;32;48;2;90;57;32m▀[38;2;255;238;189;48;2;255;238;189m▀[38;2;0;0;0;48;2;0;0;0m▀[0m          [38;2;90;57;32;48;2;90;57;32m▀[38;2;238;156;57;48;2;238;156;57m▀▀[48;2;222;115;57m▀[38;2;90;57;32;48;2;0;0;0m▀[38;2;0;0;0;49m▄[0m       [38;2;90;57;32m▄[48;2;238;189;139m▀[38;2;238;189;139;48;2;0;0;0m▀[38;2;0;0;0;49m▀[0m
[0m      [38;2;90;57;32m▀[38;2;238;189;139;48;2;0;0;0m▀[38;2;0;0;0;48;2;238;189;139m▀▀[38;2;90;57;32m▀▀[49m▄▄[0m  [38;2;0;0;0m▄[38;2;90;57;32;48;2;238;156;57m▀[38;2;238;156;57m▀[38;2;156;90;74m▀▀[38;2;238;156;57m▀[48;2;156;90;74m▀▀[38;2;0;0;0;48;2;238;189;139m▀[38;2;90;57;32m▀▀▀▀▀▀[38;2;238;189;139;48;2;0;0;0m▀[38;2;0;0;0;49m▀[0m
[0m        [38;2;0;0;0m▀▀▀▀[38;2;238;189;139;48;2;90;57;32m▀▀[38;2;90;57;32;48;2;0;0;0m▀[38;2;0;0;0;48;2;238;156;57m▀[38;2;238;156;57;48;2;246;189;90m▀[38;2;246;189;90m▀▀[38;2;238;156;57m▀[48;2;156;90;74m▀[38;2;156;90;74;48;2;238;189;139m▀[38;2;238;189;139;48;2;90;57;32m▀▀[38;2;90;57;32;48;2;238;156;57m▀▀[38;2;0;0;0m▀▀[48;2;0;0;0m▀[49m▀▀[0m
[0m             [38;2;0;0;0m▄[48;2;238;156;57m▀[38;2;238;156;57m▀[38;2;246;189;90m▀[48;2;246;189;90m▀▀[48;2;238;156;57m▀[38;2;156;90;74m▀[38;2;90;57;32m▀[38;2;238;156;57m▀▀▀▀▀▀[38;2;0;0;0;48;2;222;115;57m▀[49m▄[0m               [38;2;0;0;0m▄▄▄▄▄▄[0m
[0m       [38;2;0;0;0m▄▄▄▄▄▄[48;2;0;0;0m▀[38;2;238;156;57m▀[48;2;238;156;57m▀▀▀▀▀▀▀▀[48;2;0;0;0m▀▀[48;2;238;156;57m▀▀▀[38;2;222;115;57;48;2;222;115;57m▀[38;2;0;0;0;48;2;0;0;0m▀[0m        [38;2;90;57;32m▄▄▄[48;2;238;156;57m▀▀▀▀[38;2;238;156;57;48;2;222;115;57m▀[48;2;23;103;95m▀[38;2;222;115;57m▀▀▀▀[38;2;90;57;32;48;2;222;115;57m▀[38;2;0;0;0m▀▀[38;2;90;57;32;49m▄[38;2;0;0;0m▄[0m
[0m  [38;2;0;0;0m▄[38;2;90;57;32m▄[38;2;0;0;0;48;2;222;115;57m▀▀[38;2;90;57;32m▀[38;2;222;115;57;48;2;23;103;95m▀▀▀▀[38;2;238;156;57m▀▀[38;2;0;0;0m▀[38;2;205;205;205;48;2;0;0;0m▀[38;2;238;156;57;48;2;238;156;57m▀▀▀▀▀▀▀[38;2;0;0;0;48;2;255;255;255m▀[38;2;205;205;205;48;2;0;0;0m▀[48;2;205;205;205m▀[38;2;0;0;0;48;2;0;0;0m▀[38;2;238;156;57;48;2;238;156;57m▀[38;2;222;115;57;48;2;222;115;57m▀▀[38;2;0;0;0;48;2;0;0;0m▀[0m     [38;2;0;0;0m▄[38;2;90;57;32;48;2;238;156;57m▀▀[38;2;156;90;74m▀[38;2;238;156;57;48;2;222;115;57m▀[48;2;23;103;95m▀[38;2;222;115;57m▀[38;2;23;103;95m▀▀▀▀▀▀▀▀▀▀[48;2;0;0;0m▀▀[38;2;222;115;57m▀▀[38;2;0;0;0;48;2;222;115;57m▀[38;2;90;57;32;49m▄[0m
[38;2;90;57;32;49m▄[38;2;0;0;0;48;2;222;115;57m▀[38;2;222;115;57;48;2;0;0;0m▀▀[38;2;23;103;95m▀▀[48;2;23;103;95m▀▀▀▀▀▀▀▀[38;2;90;57;32;48;2;222;115;57m▀[38;2;238;156;57;48;2;246;189;90m▀▀▀[48;2;238;156;57m▀▀▀▀[38;2;0;0;0;48;2;0;0;0m▀[38;2;90;57;32;48;2;90;57;32m▀[38;2;255;255;255;48;2;205;205;205m▀[38;2;0;0;0;48;2;222;115;57m▀[38;2;222;115;57m▀▀▀[38;2;0;0;0;48;2;0;0;0m▀[0m     [38;2;0;0;0;48;2;0;0;0m▀[38;2;238;156;57;48;2;238;156;57m▀[48;2;222;115;57m▀[38;2;23;103;95;48;2;23;103;95m▀▀[48;2;32;164;123m▀[38;2;32;164;123m▀▀▀[38;2;23;103;95m▀[48;2;23;103;95m▀▀[48;2;0;0;0m▀▀[38;2;0;0;0;49m▀▀▀[0m    [38;2;0;0;0m▀▀[0m
[38;2;0;0;0;49m▀▀[0m    [38;2;0;0;0m▀▀▀[38;2;23;103;95;48;2;0;0;0m▀▀[48;2;23;103;95m▀[48;2;0;0;0m▀[38;2;0;0;0;48;2;246;189;90m▀[38;2;246;189;90m▀▀▀▀▀[38;2;238;156;57;48;2;238;156;57m▀▀▀[38;2;222;115;57m▀▀[48;2;222;115;57m▀▀▀▀▀[38;2;0;0;0m▀[49m▄[0m   [38;2;0;0;0;48;2;0;0;0m▀[38;2;222;115;57;48;2;222;115;57m▀▀[38;2;23;103;95;48;2;23;103;95m▀▀[38;2;32;164;123;48;2;32;164;123m▀▀▀▀▀▀[48;2;0;0;0m▀[38;2;0;0;0;49m▀[0m
[0m           [38;2;0;0;0m▀[48;2;0;0;0m▀[38;2;238;156;57;48;2;238;156;57m▀[38;2;246;189;90m▀▀▀▀[38;2;238;156;57m▀▀▀▀▀▀[38;2;90;57;32;48;2;90;57;32m▀[38;2;222;115;57;48;2;222;115;57m▀[48;2;90;57;32m▀[48;2;222;115;57m▀▀▀[38;2;0;0;0;48;2;0;0;0m▀[0m  [38;2;0;0;0;48;2;0;0;0m▀[38;2;222;115;57;48;2;222;115;57m▀[48;2;23;103;95m▀[38;2;23;103;95m▀▀▀▀[38;2;32;164;123m▀[48;2;32;164;123m▀▀▀[48;2;0;0;0m▀[38;2;0;0;0;49m▀[0m          [38;2;90;57;32m▄▄▄▄▄▄[0m
[0m            [38;2;0;0;0m▀[38;2;238;156;57;48;2;0;0;0m▀[48;2;238;156;57m▀▀▀[48;2;90;57;32m▀[38;2;222;115;57;48;2;238;156;57m▀[38;2;238;156;57m▀▀[48;2;222;115;57m▀[48;2;90;57;32m▀[38;2;90;57;32m▀[38;2;222;115;57m▀[38;2;90;57;32;48;2;222;115;57m▀[38;2;222;115;57m▀▀▀▀[38;2;0;0;0m▀[49m▄[48;2;238;156;57m▀[38;2;238;156;57;48;2;222;115;57m▀[38;2;222;115;57;48;2;23;103;95m▀[38;2;23;103;95m▀▀[48;2;32;164;123m▀▀[48;2;23;103;95m▀[38;2;0;0;0m▀[38;2;32;164;123m▀[48;2;32;164;123m▀[48;2;0;0;0m▀[38;2;0;0;0;49m▀[0m       [38;2;90;57;32m▄▄[48;2;222;115;57m▀[48;2;238;156;57m▀[38;2;222;115;57m▀[38;2;238;156;57m▀▀▀▀[38;2;222;115;57m▀[38;2;90;57;32;48;2;222;115;57m▀[48;2;90;57;32m▀[0m
[0m              [38;2;0;0;0m▀▀[38;2;222;115;57;48;2;0;0;0m▀▀▀▀[38;2;90;57;32;48;2;238;189;139m▀▀[38;2;238;189;139;48;2;156;90;74m▀▀[38;2;156;90;74m▀[38;2;222;115;57;48;2;222;115;57m▀▀▀▀[48;2;238;156;57m▀[38;2;238;156;57m▀[38;2;0;0;0m▀[38;2;222;115;57;48;2;0;0;0m▀[38;2;23;103;95;48;2;23;103;95m▀▀▀[38;2;32;164;123m▀[48;2;32;164;123m▀▀▀[38;2;23;103;95m▀[48;2;23;103;95m▀▀[38;2;0;0;0;48;2;0;0;0m▀[0m      [38;2;90;57;32m▄[48;2;238;156;57m▀[38;2;222;115;57m▀[38;2;238;156;57m▀▀▀▀▀[48;2;90;57;32m▀[38;2;222;115;57m▀[38;2;90;57;32;49m▀▀▀[0m
[0m                 [38;2;90;57;32m▄[38;2;0;0;0;48;2;0;0;0m▀[38;2;156;90;74;48;2;238;189;139m▀▀▀[38;2;238;189;139m▀▀[38;2;156;90;74;48;2;156;90;74m▀[38;2;222;115;57;48;2;222;115;57m▀▀▀[48;2;238;156;57m▀[38;2;238;156;57m▀▀▀[38;2;0;0;0;48;2;0;0;0m▀[38;2;23;103;95;48;2;23;103;95m▀[48;2;0;0;0m▀▀▀[38;2;0;0;0;49m▀▀▀▀▀▀[0m     [38;2;90;57;32m▄[48;2;238;156;57m▀[38;2;238;156;57m▀▀▀▀▀▀[48;2;90;57;32m▀[38;2;90;57;32;49m▀[0m
[0m               [38;2;90;57;32m▄[48;2;238;156;57m▀[38;2;238;156;57;48;2;0;0;0m▀[38;2;0;0;0;48;2;238;189;139m▀[38;2;238;189;139;48;2;156;90;74m▀▀▀[38;2;156;90;74;48;2;238;189;139m▀▀[48;2;156;90;74m▀[38;2;222;115;57;48;2;222;115;57m▀[48;2;238;156;57m▀[38;2;238;156;57m▀▀▀▀▀▀[38;2;0;0;0;48;2;0;0;0m▀[0m             [38;2;90;57;32;48;2;90;57;32m▀[38;2;222;115;57;48;2;238;156;57m▀[38;2;238;156;57m▀▀▀▀▀[48;2;222;115;57m▀[38;2;90;57;32;48;2;90;57;32m▀[0m
[0m             [38;2;90;57;32m▄[48;2;238;156;57m▀[38;2;238;156;57m▀▀[38;2;0;0;0;48;2;0;0;0m▀[38;2;238;189;139;48;2;238;189;139m▀▀▀▀▀[48;2;255;238;189m▀[38;2;156;90;74;48;2;156;90;74m▀[38;2;238;156;57;48;2;238;156;57m▀▀▀▀▀▀▀▀[38;2;222;115;57m▀[38;2;0;0;0;48;2;0;0;0m▀[0m           [38;2;0;0;0;48;2;0;0;0m▀[38;2;222;115;57;48;2;222;115;57m▀[38;2;238;156;57;48;2;238;156;57m▀▀▀▀▀▀[38;2;90;57;32;48;2;90;57;32m▀[0m
[0m         [38;2;90;57;32m▄▄[48;2;238;156;57m▀▀[38;2;238;156;57m▀▀▀[38;2;0;0;0;48;2;0;0;0m▀[38;2;156;90;74;48;2;238;189;139m▀[38;2;238;189;139;48;2;156;90;74m▀▀▀[48;2;172;139;65m▀[38;2;255;238;189m▀[38;2;172;139;65;48;2;255;238;189m▀▀[38;2;222;115;57;48;2;172;139;65m▀[38;2;238;156;57;48;2;238;156;57m▀▀▀▀▀▀▀▀▀[38;2;0;0;0;48;2;222;115;57m▀[49m▄[0m        [38;2;0;0;0;48;2;0;0;0m▀[38;2;222;115;57;48;2;222;115;57m▀▀[38;2;238;156;57m▀[48;2;238;156;57m▀▀▀▀[48;2;222;115;57m▀[38;2;90;57;32;48;2;0;0;0m▀[0m
[0m     [38;2;90;57;32m▄▄[48;2;238;156;57m▀▀[38;2;238;156;57m▀▀▀▀▀▀[38;2;0;0;0;48;2;0;0;0m▀[38;2;238;189;139;48;2;238;189;139m▀▀▀[48;2;255;238;189m▀[38;2;255;238;189m▀▀▀▀▀[38;2;172;139;65;48;2;172;139;65m▀[38;2;238;156;57;48;2;238;156;57m▀▀[38;2;0;0;0;48;2;0;0;0m▀[38;2;238;156;57;48;2;238;156;57m▀▀▀▀▀▀▀[38;2;0;0;0m▀[49m▄[0m       [38;2;0;0;0;48;2;0;0;0m▀[38;2;222;115;57;48;2;222;115;57m▀▀▀▀▀▀▀▀[38;2;0;0;0m▀[49m▄[0m
[0m   [38;2;90;57;32m▄[48;2;222;115;57m▀[38;2;238;156;57;48;2;238;156;57m▀▀▀▀▀▀▀▀[48;2;0;0;0m▀[38;2;0;0;0;48;2;238;189;139m▀[38;2;156;90;74m▀[38;2;238;189;139;48;2;172;139;65m▀[38;2;255;238;189m▀▀▀▀▀▀[38;2;172;139;65;48;2;238;189;139m▀▀[48;2;172;139;65m▀[38;2;238;156;57;48;2;238;156;57m▀▀▀[38;2;0;0;0;48;2;0;0;0m▀[38;2;238;156;57;48;2;238;156;57m▀▀▀▀▀▀▀[38;2;222;115;57;48;2;222;115;57m▀[38;2;0;0;0m▀[49m▄[0m     [38;2;0;0;0;48;2;0;0;0m▀[38;2;222;115;57;48;2;222;115;57m▀▀▀▀▀▀▀▀▀[38;2;0;0;0;48;2;0;0;0m▀[0m
[0m [38;2;0;0;0m▄[38;2;90;57;32;48;2;255;255;255m▀[48;2;0;0;0m▀[38;2;222;115;57;48;2;222;115;57m▀[38;2;238;156;57m▀[48;2;238;156;57m▀▀▀▀[48;2;222;115;57m▀▀[38;2;222;115;57;48;2;0;0;0m▀[38;2;0;0;0;48;2;238;189;139m▀[38;2;255;238;189;48;2;255;238;189m▀▀▀▀▀▀▀▀▀▀▀[38;2;172;139;65;48;2;172;139;65m▀[38;2;238;156;57;48;2;238;156;57m▀▀▀▀[38;2;0;0;0;48;2;0;0;0m▀[38;2;238;156;57;48;2;238;156;57m▀▀▀▀▀▀▀[38;2;222;115;57;48;2;222;115;57m▀▀[38;2;0;0;0;48;2;0;0;0m▀[0m     [38;2;0;0;0;48;2;0;0;0m▀[38;2;222;115;57;48;2;222;115;57m▀▀▀▀▀▀▀▀▀[38;2;0;0;0;48;2;0;0;0m▀[0m
[38;2;0;0;0;48;2;0;0;0m▀[38;2;255;255;255m▀[38;2;205;205;205m▀[38;2;0;0;0;48;2;98;98;98m▀[38;2;222;115;57;48;2;90;57;32m▀[48;2;222;115;57m▀▀▀▀▀▀[48;2;0;0;0m▀[38;2;0;0;0;48;2;238;189;139m▀[38;2;255;238;189;48;2;172;139;65m▀▀▀▀▀▀▀▀▀▀[48;2;255;238;189m▀▀[38;2;172;139;65;48;2;172;139;65m▀[38;2;238;156;57;48;2;238;156;57m▀▀▀▀▀[38;2;0;0;0;48;2;0;0;0m▀[38;2;238;156;57;48;2;222;115;57m▀▀[48;2;238;156;57m▀▀▀[48;2;222;115;57m▀[38;2;222;115;57m▀▀▀[38;2;0;0;0;48;2;0;0;0m▀[0m    [38;2;0;0;0;48;2;0;0;0m▀[38;2;222;115;57;48;2;222;115;57m▀▀▀▀▀▀▀▀▀[38;2;0;0;0m▀[49m▄[0m
[0m  [38;2;0;0;0;48;2;0;0;0m▀[38;2;255;255;255;48;2;205;205;205m▀[48;2;0;0;0m▀[38;2;0;0;0m▀[38;2;90;57;32;48;2;205;205;205m▀▀[48;2;0;0;0m▀[38;2;222;115;57m▀[38;2;90;57;32m▀[38;2;0;0;0;48;2;255;238;189m▀[38;2;172;139;65m▀[38;2;255;238;189m▀▀▀▀▀▀▀▀▀[38;2;238;189;139m▀[38;2;172;139;65m▀▀▀[38;2;238;156;57;48;2;172;139;65m▀[48;2;238;156;57m▀▀▀[38;2;222;115;57;48;2;222;115;57m▀▀[38;2;0;0;0;48;2;0;0;0m▀[38;2;222;115;57;48;2;222;115;57m▀▀▀▀▀▀▀▀▀[38;2;0;0;0;48;2;0;0;0m▀[0m  [38;2;0;0;0;48;2;0;0;0m▀[38;2;222;115;57;48;2;222;115;57m▀▀▀▀▀▀▀▀▀▀▀[38;2;0;0;0;48;2;0;0;0m▀[0m
[0m  [38;2;0;0;0m▀▀[0m [38;2;0;0;0;48;2;0;0;0m▀[38;2;205;205;205m▀[38;2;0;0;0;49m▀[0m [38;2;0;0;0m▄[48;2;255;238;189m▀[38;2;255;238;189m▀▀▀▀▀▀▀▀▀▀▀▀▀▀▀[38;2;172;139;65;48;2;172;139;65m▀[38;2;238;156;57;48;2;238;156;57m▀▀[38;2;222;115;57;48;2;222;115;57m▀▀▀▀[38;2;0;0;0m▀[38;2;222;115;57;48;2;0;0;0m▀[48;2;90;57;32m▀▀[48;2;222;115;57m▀[48;2;90;57;32m▀▀[48;2;222;115;57m▀[38;2;90;57;32;48;2;205;205;205m▀▀[38;2;0;0;0;48;2;0;0;0m▀[48;2;222;115;57m▀[38;2;222;115;57m▀▀▀▀▀▀▀▀▀▀▀▀[38;2;0;0;0;48;2;0;0;0m▀[0m
[0m        [38;2;90;57;32m▄[38;2;0;0;0;48;2;0;0;0m▀[38;2;255;238;189;48;2;172;139;65m▀▀[38;2;172;139;65;48;2;238;189;139m▀[48;2;255;238;189m▀▀▀▀▀▀▀[48;2;238;189;139m▀[38;2;255;238;189;48;2;172;139;65m▀▀▀▀[48;2;255;238;189m▀[38;2;172;139;65;48;2;238;189;139m▀[38;2;238;156;57;48;2;172;139;65m▀[38;2;222;115;57;48;2;222;115;57m▀[48;2;0;0;0m▀[48;2;238;156;57m▀▀▀[48;2;222;115;57m▀[38;2;0;0;0;48;2;0;0;0m▀[38;2;255;255;255;48;2;255;255;255m▀[38;2;205;205;205;48;2;205;205;205m▀[38;2;98;98;98;48;2;0;0;0m▀[38;2;205;205;205;48;2;205;205;205m▀▀[38;2;0;0;0;48;2;0;0;0m▀[38;2;205;205;205m▀[48;2;205;205;205m▀[38;2;0;0;0;48;2;0;0;0m▀[38;2;222;115;57;48;2;222;115;57m▀▀▀▀▀▀▀▀▀▀▀▀▀[38;2;0;0;0;48;2;0;0;0m▀[0m
[0m      [38;2;90;57;32m▄[48;2;238;156;57m▀[38;2;238;156;57;48;2;0;0;0m▀[38;2;0;0;0;48;2;255;238;189m▀[38;2;255;238;189m▀▀▀▀▀▀▀▀▀▀▀▀▀▀[38;2;238;189;139m▀[38;2;172;139;65m▀[48;2;238;189;139m▀[48;2;0;0;0m▀[38;2;0;0;0;48;2;238;156;57m▀[38;2;238;156;57m▀▀▀▀▀[38;2;0;0;0m▀[38;2;205;205;205;48;2;0;0;0m▀[38;2;0;0;0;48;2;222;115;57m▀[38;2;222;115;57m▀[38;2;0;0;0m▀[38;2;205;205;205;48;2;0;0;0m▀[38;2;0;0;0;48;2;222;115;57m▀[38;2;222;115;57m▀[38;2;0;0;0m▀[38;2;222;115;57m▀▀▀▀▀▀▀▀▀▀▀▀▀[38;2;0;0;0;48;2;0;0;0m▀[0m
[0m     [38;2;90;57;32m▄[48;2;246;189;90m▀[38;2;246;189;90m▀[38;2;0;0;0;48;2;0;0;0m▀[38;2;255;238;189;48;2;255;238;189m▀▀▀▀▀▀▀▀▀▀▀▀▀▀▀[48;2;238;189;139m▀[38;2;238;189;139m▀[48;2;0;0;0m▀[38;2;0;0;0;48;2;238;156;57m▀[38;2;246;189;90;48;2;246;189;90m▀▀▀[38;2;238;156;57m▀[48;2;238;156;57m▀▀▀▀[38;2;222;115;57m▀[48;2;222;115;57m▀▀[38;2;0;0;0m▀[38;2;222;115;57;48;2;0;0;0m▀[48;2;222;115;57m▀▀▀▀▀▀▀▀▀▀▀▀▀[48;2;156;90;74m▀[48;2;0;0;0m▀[38;2;0;0;0;49m▀[0m
[0m    [38;2;90;57;32m▄[48;2;246;189;90m▀[38;2;246;189;90m▀▀[38;2;0;0;0;48;2;0;0;0m▀[38;2;238;189;139;48;2;172;139;65m▀[38;2;255;238;189m▀[38;2;172;139;65;48;2;255;238;189m▀▀▀▀▀▀▀▀▀▀[48;2;238;189;139m▀[38;2;238;189;139;48;2;172;139;65m▀▀▀▀[38;2;0;0;0;48;2;0;0;0m▀[38;2;246;189;90;48;2;246;189;90m▀▀▀▀▀[38;2;238;156;57;48;2;238;156;57m▀▀▀▀▀[38;2;222;115;57;48;2;222;115;57m▀▀▀[38;2;0;0;0;48;2;0;0;0m▀[38;2;222;115;57;48;2;222;115;57m▀▀▀▀▀▀▀▀▀▀▀[48;2;156;90;74m▀[38;2;156;90;74;48;2;172;139;65m▀[38;2;172;139;65;48;2;0;0;0m▀[38;2;0;0;0;49m▀[0m
[0m    [38;2;90;57;32;48;2;90;57;32m▀[38;2;246;189;90;48;2;246;189;90m▀▀[48;2;238;156;57m▀[38;2;238;156;57m▀[38;2;0;0;0;48;2;0;0;0m▀[38;2;238;189;139;48;2;238;189;139m▀▀[38;2;255;238;189m▀▀▀▀▀▀▀[38;2;238;189;139m▀▀▀▀▀▀[38;2;0;0;0;48;2;0;0;0m▀[38;2;238;156;57;48;2;238;156;57m▀[38;2;246;189;90m▀[48;2;246;189;90m▀▀▀[48;2;238;156;57m▀[38;2;238;156;57m▀▀▀▀▀[38;2;222;115;57;48;2;222;115;57m▀▀▀▀[38;2;0;0;0;48;2;0;0;0m▀[38;2;222;115;57;48;2;222;115;57m▀▀▀▀▀▀▀▀[48;2;156;90;74m▀[38;2;156;90;74;48;2;172;139;65m▀[48;2;156;90;74m▀[38;2;172;139;65;48;2;0;0;0m▀[38;2;0;0;0;49m▀[0m
[0m    [38;2;90;57;32;48;2;0;0;0m▀[38;2;238;156;57;48;2;238;156;57m▀▀▀▀[38;2;0;0;0;48;2;222;115;57m▀[38;2;238;189;139;48;2;0;0;0m▀[48;2;172;139;65m▀[48;2;238;189;139m▀▀▀▀▀▀▀▀▀▀▀[48;2;172;139;65m▀▀[38;2;0;0;0;48;2;0;0;0m▀[38;2;222;115;57;48;2;222;115;57m▀[38;2;238;156;57m▀[48;2;238;156;57m▀▀▀▀▀▀▀[48;2;222;115;57m▀[38;2;222;115;57m▀▀▀▀▀[38;2;0;0;0;48;2;0;0;0m▀[38;2;222;115;57;48;2;222;115;57m▀▀▀▀▀[48;2;156;90;74m▀▀[38;2;156;90;74;48;2;172;139;65m▀[48;2;156;90;74m▀[38;2;172;139;65;48;2;172;139;65m▀[38;2;156;90;74;48;2;0;0;0m▀[38;2;0;0;0;49m▀[0m
[0m    [38;2;0;0;0m▀[38;2;238;156;57;48;2;0;0;0m▀[48;2;222;115;57m▀▀[38;2;222;115;57m▀▀[38;2;0;0;0m▀[38;2;238;189;139;48;2;0;0;0m▀[38;2;172;139;65;48;2;238;189;139m▀▀▀▀▀▀▀▀▀▀▀[38;2;238;189;139m▀▀[38;2;0;0;0m▀[38;2;222;115;57;48;2;0;0;0m▀[48;2;222;115;57m▀▀▀[38;2;238;156;57m▀▀▀▀[38;2;222;115;57m▀▀▀▀▀▀▀[38;2;0;0;0;48;2;0;0;0m▀[38;2;222;115;57;48;2;156;90;74m▀▀▀[38;2;156;90;74;48;2;172;139;65m▀▀[48;2;156;90;74m▀[38;2;172;139;65;48;2;172;139;65m▀[38;2;156;90;74;48;2;156;90;74m▀[38;2;172;139;65;48;2;0;0;0m▀[38;2;0;0;0;49m▀[0m
[0m     [38;2;0;0;0m▀[38;2;222;115;57;48;2;0;0;0m▀[48;2;222;115;57m▀▀▀▀[38;2;0;0;0m▀[38;2;172;139;65;48;2;0;0;0m▀[38;2;238;189;139;48;2;172;139;65m▀[48;2;238;189;139m▀▀▀▀▀▀▀▀[48;2;172;139;65m▀▀▀[38;2;172;139;65m▀[38;2;0;0;0m▀[38;2;222;115;57;48;2;0;0;0m▀[48;2;222;115;57m▀▀▀▀▀▀▀▀▀▀▀▀[48;2;0;0;0m▀[38;2;0;0;0;48;2;156;90;74m▀[38;2;172;139;65;48;2;172;139;65m▀[48;2;156;90;74m▀[38;2;156;90;74;48;2;172;139;65m▀[38;2;172;139;65m▀[38;2;156;90;74;48;2;156;90;74m▀[38;2;172;139;65;48;2;0;0;0m▀▀[38;2;0;0;0;49m▀[0m
[0m      [38;2;0;0;0m▀[38;2;222;115;57;48;2;0;0;0m▀[48;2;222;115;57m▀▀▀▀▀[38;2;0;0;0m▀[38;2;172;139;65;48;2;0;0;0m▀▀[48;2;156;90;74m▀▀▀▀▀▀▀▀▀[38;2;156;90;74;48;2;172;139;65m▀▀▀[38;2;0;0;0m▀[38;2;222;115;57;48;2;0;0;0m▀[48;2;222;115;57m▀▀▀▀▀▀▀▀▀[48;2;0;0;0m▀[38;2;0;0;0;48;2;172;139;65m▀[38;2;156;90;74m▀[38;2;172;139;65;48;2;156;90;74m▀[38;2;156;90;74;48;2;0;0;0m▀[38;2;172;139;65m▀[38;2;0;0;0;49m▀▀[0m
[0m        [38;2;0;0;0m▀[38;2;222;115;57;48;2;0;0;0m▀[48;2;222;115;57m▀▀▀▀▀▀[38;2;0;0;0m▀▀[38;2;172;139;65;48;2;0;0;0m▀▀▀▀[48;2;172;139;65m▀▀▀▀▀▀▀▀[38;2;0;0;0m▀▀[38;2;222;115;57;48;2;0;0;0m▀[48;2;222;115;57m▀▀▀▀▀▀[38;2;0;0;0;48;2;0;0;0m▀[49m▀▀▀[0m
[0m      [38;2;90;57;32m▄▄[48;2;90;57;32m▀[38;2;222;115;57;48;2;222;115;57m▀[38;2;90;57;32;48;2;156;90;74m▀[38;2;222;115;57;48;2;222;115;57m▀▀▀▀▀▀▀[38;2;0;0;0;48;2;0;0;0m▀[0m   [38;2;0;0;0m▀▀▀▀▀▀▀▀▀▀[0m [38;2;90;57;32;48;2;90;57;32m▀[38;2;222;115;57;48;2;222;115;57m▀▀▀▀▀[38;2;0;0;0;48;2;0;0;0m▀[0m
[0m   [38;2;0;0;0m▄[48;2;255;255;255m▀[48;2;98;98;98m▀[38;2;238;156;57;48;2;222;115;57m▀[48;2;238;156;57m▀▀[38;2;156;90;74;48;2;222;115;57m▀[38;2;222;115;57m▀▀▀▀▀▀[48;2;0;0;0m▀[38;2;0;0;0;49m▀[0m              [38;2;0;0;0;48;2;0;0;0m▀[38;2;222;115;57;48;2;222;115;57m▀[38;2;156;90;74;48;2;156;90;74m▀[38;2;222;115;57;48;2;222;115;57m▀▀▀▀▀[38;2;0;0;0;48;2;0;0;0m▀[0m
[0m  [38;2;0;0;0;48;2;0;0;0m▀[38;2;255;255;255;48;2;98;98;98m▀[38;2;0;0;0;48;2;255;255;255m▀[38;2;205;205;205;48;2;0;0;0m▀[38;2;98;98;98;48;2;255;255;255m▀[38;2;222;115;57;48;2;205;205;205m▀[38;2;238;156;57;48;2;222;115;57m▀▀[38;2;222;115;57m▀▀▀[48;2;0;0;0m▀▀[38;2;0;0;0;49m▀[0m               [38;2;0;0;0;48;2;0;0;0m▀[38;2;222;115;57;48;2;222;115;57m▀[48;2;238;156;57m▀▀[38;2;238;156;57m▀▀▀▀[38;2;222;115;57m▀▀[38;2;0;0;0;48;2;0;0;0m▀[0m
[0m   [38;2;0;0;0m▀[48;2;0;0;0m▀[38;2;255;255;255m▀▀[38;2;205;205;205m▀[38;2;98;98;98m▀[38;2;222;115;57m▀▀[38;2;0;0;0;49m▀▀[0m                  [38;2;0;0;0;48;2;0;0;0m▀[38;2;222;115;57;48;2;222;115;57m▀[38;2;238;156;57m▀[38;2;222;115;57;48;2;255;255;255m▀[38;2;238;156;57;48;2;222;115;57m▀▀[38;2;222;115;57;48;2;255;255;255m▀[38;2;238;156;57;48;2;222;115;57m▀▀[38;2;222;115;57;48;2;255;255;255m▀[48;2;222;115;57m▀[38;2;0;0;0;48;2;0;0;0m▀[0m
[0m                                [38;2;0;0;0;48;2;0;0;0m▀[38;2;255;255;255;48;2;255;255;255m▀▀[38;2;222;115;57;48;2;0;0;0m▀[38;2;255;255;255;48;2;255;255;255m▀▀▀[38;2;222;115;57;48;2;0;0;0m▀[38;2;255;255;255;48;2;255;255;255m▀▀[38;2;0;0;0;48;2;0;0;0m▀[0m
[0m                                 [38;2;0;0;0m▀[38;2;255;255;255;48;2;0;0;0m▀[38;2;0;0;0;49m▀▀[38;2;255;255;255;48;2;0;0;0m▀[38;2;0;0;0;49m▀▀[38;2;255;255;255;48;2;0;0;0m▀[38;2;0;0;0;49m▀[0m
