[0m                                  [38;2;180;98;148m▄▄[48;2;255;180;213m▀▀[38;2;90;41;82m▀[48;2;238;131;180m▀▀[48;2;180;98;148m▀[38;2;0;0;0;49m▄▄[0m
[0m                                [38;2;180;98;148m▄[48;2;255;180;213m▀[38;2;255;180;213m▀[48;2;0;0;0m▀▀[38;2;0;0;0;49m▀▀▀[38;2;90;41;82m▀▀[48;2;90;41;82m▀[38;2;180;98;148m▀[38;2;0;0;0;48;2;180;98;148m▀[49m▄[0m
[0m                              [38;2;90;41;82m▄[48;2;255;180;213m▀[38;2;255;180;213m▀[48;2;0;0;0m▀[38;2;0;0;0;49m▀[0m         [38;2;90;41;82m▀[38;2;180;98;148;48;2;90;41;82m▀[38;2;0;0;0;48;2;180;98;148m▀[49m▄[0m
[0m  [38;2;90;41;82m▄▄[0m        [38;2;180;98;148m▄▄[0m               [38;2;90;41;82m▄[48;2;238;131;180m▀[38;2;238;131;180m▀[38;2;90;41;82;48;2;0;0;0m▀[0m            [38;2;90;41;82m▀[38;2;180;98;148;48;2;90;41;82m▀[38;2;0;0;0;48;2;180;98;148m▀[49m▄[0m
[0m [38;2;180;98;148;48;2;180;98;148m▀[38;2;255;180;213;48;2;255;180;213m▀[38;2;238;131;180;48;2;180;98;148m▀[38;2;180;98;148;48;2;255;180;213m▀▀▀[38;2;90;41;82m▀▀[49m▄[48;2;255;180;213m▀[38;2;180;98;148m▀[38;2;255;180;213m▀[48;2;238;131;180m▀[38;2;90;41;82;48;2;0;0;0m▀[0m              [38;2;90;41;82;48;2;90;41;82m▀[38;2;238;131;180;48;2;238;131;180m▀[38;2;0;0;0;48;2;90;41;82m▀[0m              [38;2;90;41;82;48;2;90;41;82m▀[38;2;180;98;148;48;2;180;98;148m▀[38;2;0;0;0;48;2;0;0;0m▀[0m
[0m [38;2;90;41;82;48;2;90;41;82m▀[38;2;238;131;180;48;2;255;213;238m▀[38;2;255;213;238m▀[38;2;255;180;213m▀▀[48;2;255;180;213m▀▀▀▀▀▀[38;2;238;131;180m▀▀[38;2;0;0;0;48;2;90;41;82m▀[0m              [38;2;90;41;82m▀[38;2;238;131;180;48;2;90;41;82m▀[38;2;90;41;82;48;2;238;131;180m▀[38;2;0;0;0;49m▄[0m              [38;2;90;41;82;48;2;90;41;82m▀[38;2;180;98;148;48;2;180;98;148m▀[38;2;0;0;0;48;2;0;0;0m▀[0m
[38;2;90;41;82;49m▄[48;2;255;180;213m▀[38;2;255;213;238;48;2;255;213;238m▀▀[48;2;255;180;213m▀[38;2;255;180;213;48;2;238;131;180m▀[48;2;255;180;213m▀[48;2;238;131;180m▀[48;2;180;98;148m▀▀[48;2;255;180;213m▀▀▀▀[38;2;238;131;180;48;2;238;131;180m▀[38;2;90;41;82;48;2;90;41;82m▀[0m              [38;2;90;41;82m▀[38;2;238;131;180;48;2;90;41;82m▀[38;2;90;41;82;48;2;238;131;180m▀[38;2;0;0;0;49m▄[0m             [38;2;90;41;82;48;2;90;41;82m▀[38;2;238;131;180;48;2;238;131;180m▀[38;2;0;0;0;48;2;0;0;0m▀[0m
[38;2;90;41;82;48;2;90;41;82m▀[38;2;255;180;213;48;2;255;180;213m▀▀[38;2;255;213;238m▀[38;2;238;131;180;48;2;238;131;180m▀[38;2;255;213;238;48;2;255;213;238m▀[38;2;238;131;180;48;2;90;41;82m▀[38;2;24;57;106;48;2;255;180;213m▀[38;2;255;180;213;48;2;41;98;230m▀[38;2;255;255;255;48;2;255;255;255m▀[38;2;238;131;180m▀[38;2;255;180;213;48;2;255;180;213m▀▀▀▀[38;2;0;0;0;48;2;0;0;0m▀[0m               [38;2;90;41;82;48;2;90;41;82m▀[38;2;238;131;180;48;2;238;131;180m▀[38;2;0;0;0;48;2;0;0;0m▀[0m             [38;2;90;41;82;48;2;90;41;82m▀[38;2;238;131;180;48;2;238;131;180m▀[38;2;0;0;0;48;2;0;0;0m▀[0m
[38;2;0;0;0;48;2;0;0;0m▀[38;2;238;131;180;48;2;238;131;180m▀[38;2;255;180;213m▀[48;2;255;180;213m▀▀[38;2;255;213;238m▀[38;2;24;57;106;48;2;90;41;82m▀[38;2;255;255;255;48;2;41;98;230m▀[38;2;41;98;230m▀[38;2;131;172;246;48;2;238;131;180m▀[38;2;255;255;255m▀[38;2;255;180;213;48;2;255;180;213m▀▀[48;2;90;41;82m▀[38;2;90;41;82;48;2;0;0;0m▀[0m   [38;2;90;41;82m▄▄[48;2;255;213;238m▀[49m▄[0m         [38;2;90;41;82;48;2;90;41;82m▀[38;2;238;131;180;48;2;238;131;180m▀[38;2;0;0;0;48;2;0;0;0m▀[0m            [38;2;90;41;82;48;2;90;41;82m▀[38;2;180;98;148;48;2;238;131;180m▀[38;2;238;131;180;48;2;0;0;0m▀[38;2;0;0;0;49m▀[0m
[0m [38;2;90;41;82;48;2;90;41;82m▀[38;2;238;131;180;48;2;255;180;213m▀[38;2;255;180;213m▀▀▀▀[48;2;180;98;148m▀[48;2;255;180;213m▀▀[48;2;238;131;180m▀[48;2;180;98;148m▀[38;2;238;131;180;48;2;238;131;180m▀▀▀[38;2;180;98;148m▀[38;2;0;0;0;48;2;255;180;213m▀[38;2;90;41;82m▀[38;2;255;180;213m▀[48;2;238;131;180m▀[38;2;238;131;180m▀[38;2;0;0;0;48;2;255;180;213m▀[49m▄[0m       [38;2;90;41;82;48;2;90;41;82m▀[38;2;238;131;180;48;2;238;131;180m▀[38;2;90;41;82;48;2;0;0;0m▀[0m            [38;2;90;41;82m▄[48;2;238;131;180m▀[38;2;238;131;180m▀[38;2;0;0;0;48;2;0;0;0m▀[0m
[0m  [38;2;90;41;82m▀[38;2;255;180;213;48;2;90;41;82m▀[48;2;0;0;0m▀▀[38;2;90;41;82;49m▀[38;2;0;0;0;48;2;90;41;82m▀▀[38;2;90;41;82;48;2;238;131;180m▀[38;2;180;98;148m▀[38;2;238;131;180m▀▀▀[48;2;255;180;213m▀[38;2;255;180;213m▀[48;2;180;98;148m▀[48;2;90;41;82m▀[38;2;238;131;180m▀[38;2;0;0;0;48;2;0;0;0m▀[49m▀[38;2;90;41;82m▀[0m       [38;2;90;41;82;48;2;0;0;0m▀[38;2;238;131;180;48;2;238;131;180m▀[48;2;0;0;0m▀[38;2;0;0;0;49m▀[0m           [38;2;90;41;82m▄[48;2;238;131;180m▀[38;2;238;131;180;48;2;180;98;148m▀[38;2;0;0;0;48;2;0;0;0m▀[0m
[0m    [38;2;90;41;82m▄[48;2;180;98;148m▀[48;2;238;131;180m▀[38;2;238;131;180m▀▀▀[38;2;255;180;213;48;2;180;98;148m▀[48;2;255;180;213m▀▀▀▀▀▀▀▀▀[38;2;0;0;0m▀[49m▄▄[0m   [38;2;90;41;82m▄▄[48;2;180;98;148m▀[38;2;180;98;148m▀[48;2;0;0;0m▀[38;2;0;0;0;49m▀[0m     [38;2;180;98;148m▄[38;2;90;41;82m▄▄[48;2;238;131;180m▀▀▀▀[38;2;238;131;180m▀[48;2;0;0;0m▀[38;2;0;0;0;49m▀[0m
[0m   [38;2;90;41;82m▀[38;2;255;180;213;48;2;0;0;0m▀[38;2;238;131;180;48;2;255;180;213m▀[48;2;0;0;0m▀▀[38;2;0;0;0;49m▀▀[38;2;90;41;82m▀[38;2;238;131;180;48;2;90;41;82m▀[38;2;255;180;213;48;2;255;180;213m▀▀▀▀▀▀▀▀▀▀[38;2;238;131;180m▀[38;2;0;0;0;48;2;238;131;180m▀[38;2;90;41;82;48;2;90;41;82m▀[48;2;180;98;148m▀[38;2;180;98;148m▀▀[48;2;0;0;0m▀[38;2;0;0;0;49m▀[0m   [38;2;180;98;148m▄[48;2;255;180;213m▀[48;2;255;213;238m▀▀[38;2;255;180;213m▀[48;2;255;180;213m▀▀[38;2;238;131;180m▀[48;2;238;131;180m▀▀[48;2;0;0;0m▀[38;2;0;0;0;49m▀[0m
[0m     [38;2;0;0;0m▀[0m     [38;2;90;41;82;48;2;90;41;82m▀[38;2;255;180;213;48;2;255;180;213m▀▀▀▀▀[48;2;180;98;148m▀[38;2;238;131;180;48;2;255;180;213m▀[38;2;255;180;213m▀▀▀▀[38;2;238;131;180;48;2;238;131;180m▀[38;2;90;41;82m▀[38;2;0;0;0;48;2;90;41;82m▀[49m▀▀[0m    [38;2;180;98;148;48;2;90;41;82m▀[38;2;255;180;213;48;2;238;131;180m▀[38;2;255;213;238;48;2;255;213;238m▀▀▀▀[48;2;255;180;213m▀[38;2;255;180;213;48;2;238;131;180m▀[38;2;238;131;180;48;2;90;41;82m▀[38;2;180;98;148;48;2;0;0;0m▀[38;2;90;41;82;49m▀[0m
[0m          [38;2;90;41;82;48;2;90;41;82m▀[38;2;238;131;180;48;2;255;180;213m▀[38;2;90;41;82;48;2;90;41;82m▀[38;2;255;180;213;48;2;238;131;180m▀▀▀[48;2;255;180;213m▀[38;2;180;98;148;48;2;90;41;82m▀[38;2;255;180;213;48;2;238;131;180m▀▀[48;2;255;180;213m▀▀[48;2;238;131;180m▀[38;2;238;131;180m▀▀[38;2;0;0;0;48;2;0;0;0m▀[0m       [38;2;90;41;82m▀▀[38;2;0;0;0m▀▀▀▀[38;2;90;41;82m▀[0m
[0m          [38;2;90;41;82m▀[38;2;255;180;213;48;2;90;41;82m▀[48;2;255;180;213m▀[38;2;90;41;82m▀[38;2;238;131;180;48;2;0;0;0m▀[48;2;180;98;148m▀[48;2;238;131;180m▀▀[38;2;0;0;0m▀[38;2;238;131;180;48;2;0;0;0m▀[48;2;180;98;148m▀[48;2;238;131;180m▀▀▀[48;2;180;98;148m▀[38;2;0;0;0;48;2;90;41;82m▀[49m▄[0m
[0m           [38;2;90;41;82m▀[38;2;238;131;180;48;2;90;41;82m▀[48;2;0;0;0m▀[48;2;238;131;180m▀[38;2;90;41;82m▀[38;2;0;0;0m▀[48;2;180;98;148m▀[48;2;90;41;82m▀[48;2;0;0;0m▀[49m▀▀[38;2;180;98;148;48;2;0;0;0m▀▀[48;2;180;98;148m▀▀▀[38;2;0;0;0;48;2;90;41;82m▀[38;2;90;41;82;49m▄[0m
[0m              [38;2;0;0;0m▀[48;2;0;0;0m▀[38;2;180;98;148;48;2;90;41;82m▀[48;2;180;98;148m▀▀[38;2;90;41;82;48;2;90;41;82m▀[49m▄[0m   [38;2;0;0;0;48;2;90;41;82m▀[38;2;180;98;148;48;2;238;131;180m▀[48;2;255;180;213m▀[38;2;238;131;180m▀▀[38;2;90;41;82;48;2;90;41;82m▀[0m
[0m                [38;2;90;41;82;48;2;90;41;82m▀[38;2;180;98;148;48;2;180;98;148m▀▀▀[38;2;0;0;0;48;2;0;0;0m▀[0m    [38;2;90;41;82m▀[38;2;255;180;213;48;2;90;41;82m▀[48;2;255;180;213m▀▀▀[38;2;90;41;82m▀[49m▄[0m
[0m                 [38;2;0;0;0m▀[38;2;180;98;148;48;2;0;0;0m▀▀[38;2;90;41;82;49m▀[0m     [38;2;90;41;82;48;2;90;41;82m▀[38;2;255;180;213;48;2;180;98;148m▀[48;2;255;180;213m▀[38;2;180;98;148;48;2;180;98;148m▀[38;2;255;180;213m▀[38;2;90;41;82;48;2;0;0;0m▀[0m
[0m                           [38;2;90;41;82m▀[38;2;180;98;148;48;2;90;41;82m▀[38;2;255;180;213;48;2;0;0;0m▀[38;2;90;41;82m▀[38;2;0;0;0;49m▀[0m
