[0m                [38;2;222;0;0;48;2;222;0;0m▀[0m           [38;2;222;0;0m▄[0m    [38;2;222;0;0m▄[48;2;255;222;0m▀[48;2;222;0;0m▀[0m
[0m           [38;2;222;0;0m▄[0m   [38;2;222;0;0;48;2;222;0;0m▀[38;2;255;98;0;48;2;255;98;0m▀[38;2;222;0;0;48;2;222;0;0m▀[0m [38;2;222;0;0m▄[0m  [38;2;222;0;0;48;2;222;0;0m▀[0m   [38;2;222;0;0m▄[48;2;222;0;0m▀▀[0m  [38;2;222;0;0m▄[48;2;255;222;0m▀[38;2;255;222;0m▀[38;2;255;156;0;48;2;222;0;0m▀[38;2;222;0;0;49m▀[0m
[0m           [38;2;222;0;0;48;2;222;0;0m▀[48;2;255;98;0m▀[49m▄[0m [38;2;222;0;0;48;2;222;0;0m▀[38;2;255;98;0;48;2;255;98;0m▀▀[38;2;222;0;0;48;2;222;0;0m▀[48;2;255;98;0m▀[49m▄[48;2;222;0;0m▀[38;2;255;98;0;48;2;255;98;0m▀[38;2;222;0;0;48;2;222;0;0m▀[0m [38;2;222;0;0m▄[48;2;222;0;0m▀▀▀[48;2;255;98;0m▀[48;2;255;222;0m▀[38;2;255;222;0m▀▀[38;2;255;156;0;48;2;222;0;0m▀[38;2;222;0;0;49m▀[0m [38;2;222;0;0m▄[0m
[0m        [38;2;222;0;0;48;2;222;0;0m▀[48;2;255;156;0m▀[49m▄[48;2;222;0;0m▀[38;2;255;156;0;48;2;255;222;0m▀[38;2;255;98;0;48;2;255;98;0m▀[38;2;222;0;0m▀[48;2;222;0;0m▀[38;2;255;98;0;48;2;255;98;0m▀▀▀▀[38;2;222;0;0m▀[38;2;255;98;0;48;2;222;0;0m▀[48;2;255;98;0m▀▀[38;2;222;0;0;48;2;222;0;0m▀▀▀[48;2;255;98;0m▀[38;2;255;98;0;48;2;255;222;0m▀[38;2;255;222;0m▀▀▀[38;2;255;156;0;48;2;222;0;0m▀[38;2;222;0;0;49m▀▄[48;2;255;98;0m▀[48;2;222;0;0m▀[0m
[0m         [38;2;222;0;0;48;2;222;0;0m▀[38;2;255;222;0;48;2;255;222;0m▀[38;2;222;0;0m▀[38;2;255;222;0m▀[38;2;255;156;0m▀[38;2;255;98;0;48;2;255;98;0m▀▀▀▀▀▀▀[38;2;222;0;0m▀[38;2;255;98;0m▀[38;2;255;156;0;48;2;255;222;0m▀[38;2;255;98;0;48;2;255;98;0m▀[38;2;222;0;0m▀[38;2;255;98;0;48;2;255;222;0m▀[38;2;255;222;0m▀▀▀▀[38;2;255;156;0;48;2;222;0;0m▀[38;2;222;0;0m▀[48;2;255;222;0m▀[38;2;255;156;0;48;2;255;156;0m▀[38;2;255;98;0;48;2;255;98;0m▀[38;2;222;0;0;48;2;222;0;0m▀[49m▄▄[48;2;255;98;0m▀▀[48;2;222;0;0m▀[49m▀[0m
[0m       [38;2;222;0;0m▄▄▄[48;2;255;98;0m▀[38;2;255;222;0;48;2;255;222;0m▀▀▀[38;2;255;156;0m▀[38;2;255;98;0;48;2;16;16;16m▀[48;2;8;32;90m▀[48;2;16;16;16m▀▀▀[48;2;255;98;0m▀[48;2;255;156;0m▀[38;2;255;222;0;48;2;255;222;0m▀▀[38;2;255;98;0m▀[38;2;255;222;0m▀▀▀▀▀[38;2;255;156;0;48;2;255;156;0m▀[38;2;222;0;0;48;2;255;222;0m▀[38;2;255;222;0m▀[48;2;255;156;0m▀[38;2;255;98;0;48;2;255;98;0m▀▀[38;2;222;0;0m▀[38;2;255;98;0m▀▀[48;2;222;0;0m▀[38;2;222;0;0;49m▀[0m
[0m     [38;2;8;32;90m▄[0m  [38;2;222;0;0m▀[38;2;255;156;0;48;2;222;0;0m▀[38;2;255;222;0;48;2;16;16;16m▀▀[38;2;16;16;16;48;2;65;90;148m▀▀▀[38;2;65;90;148m▀▀▀▀▀[38;2;8;32;90m▀▀▀[38;2;255;222;0;48;2;8;32;90m▀▀[48;2;255;222;0m▀▀▀▀▀▀▀[48;2;255;156;0m▀[38;2;255;98;0;48;2;255;98;0m▀▀▀▀▀[38;2;222;0;0;48;2;222;0;0m▀[49m▄▄▄▄▄[0m
[0m    [38;2;8;32;90;48;2;8;32;90m▀[38;2;65;90;148;48;2;65;90;148m▀[38;2;8;32;90m▀[38;2;16;16;16;49m▄[48;2;65;90;148m▀▀[38;2;65;90;148m▀▀[48;2;8;32;90m▀▀[38;2;8;32;90;48;2;90;123;189m▀[48;2;16;16;16m▀[38;2;65;90;148;48;2;65;90;148m▀▀▀▀▀▀▀▀▀▀[38;2;164;139;74m▀[38;2;255;222;0m▀[48;2;164;139;74m▀[48;2;255;222;0m▀▀▀▀[38;2;255;156;0m▀[38;2;255;98;0m▀[48;2;255;156;0m▀[48;2;255;98;0m▀▀[48;2;222;0;0m▀▀[38;2;222;0;0;49m▀▀[0m
[0m   [38;2;8;32;90;48;2;8;32;90m▀[38;2;65;90;148;48;2;65;90;148m▀[48;2;16;16;16m▀[38;2;16;16;16;48;2;90;123;189m▀[38;2;90;123;189m▀▀[38;2;65;90;148m▀[48;2;65;90;148m▀[38;2;8;32;90;48;2;8;32;90m▀[38;2;65;90;148;48;2;65;90;148m▀[38;2;90;123;189m▀▀[38;2;16;16;16;48;2;16;16;16m▀[38;2;65;90;148;48;2;65;90;148m▀▀▀▀▀▀▀▀▀▀▀[38;2;164;139;74m▀[38;2;255;222;0m▀[48;2;164;139;74m▀[48;2;255;222;0m▀[48;2;255;156;0m▀[48;2;255;98;0m▀[38;2;255;156;0m▀[38;2;255;98;0m▀▀▀▀[48;2;222;0;0m▀▀[38;2;222;0;0m▀▀▀▀[49m▄▄▄[0m
[0m   [38;2;8;32;90;48;2;16;16;16m▀[38;2;16;16;16;48;2;90;123;189m▀[38;2;90;123;189m▀▀▀▀▀[38;2;8;32;90;48;2;65;90;148m▀[38;2;65;90;148m▀▀▀[38;2;8;32;90m▀[38;2;65;90;148;48;2;213;197;115m▀[48;2;255;238;148m▀▀▀[48;2;213;197;115m▀[48;2;65;90;148m▀▀▀▀▀▀▀[48;2;255;156;0m▀[38;2;255;156;0;48;2;255;222;0m▀[38;2;255;222;0m▀▀[48;2;255;98;0m▀[38;2;255;156;0m▀[38;2;255;98;0;48;2;222;0;0m▀▀▀[38;2;222;0;0m▀▀▀▀▀▀[49m▀▀▀[0m
[0m  [38;2;8;32;90;48;2;8;32;90m▀[38;2;90;123;189;48;2;90;123;189m▀▀▀▀[48;2;65;90;148m▀[48;2;213;197;115m▀[38;2;65;90;148;48;2;255;238;148m▀▀[38;2;213;197;115m▀[38;2;255;238;148m▀▀▀▀▀▀▀▀▀▀[38;2;213;197;115m▀[38;2;65;90;148m▀[48;2;213;197;115m▀[48;2;65;90;148m▀▀[48;2;255;98;0m▀[38;2;255;222;0m▀▀[38;2;222;0;0m▀[48;2;222;0;0m▀▀▀▀▀▀▀[49m▀[0m
[0m [38;2;8;32;90;48;2;8;32;90m▀[38;2;65;90;148;48;2;65;90;148m▀▀[38;2;90;123;189m▀▀[38;2;65;90;148;48;2;213;197;115m▀[38;2;213;197;115;48;2;255;238;148m▀[38;2;255;238;148m▀[48;2;16;16;16m▀[38;2;106;82;41;48;2;255;255;255m▀[48;2;106;82;41m▀[38;2;255;238;148;48;2;255;238;148m▀▀▀▀▀▀▀▀▀▀▀▀▀[48;2;222;0;0m▀[38;2;222;0;0;48;2;255;98;0m▀[38;2;255;98;0m▀▀[48;2;222;0;0m▀[48;2;255;98;0m▀▀[38;2;222;0;0;48;2;222;0;0m▀▀▀▀▀▀▀▀[49m▄▄[0m
[38;2;8;32;90;48;2;8;32;90m▀[38;2;65;90;148;48;2;65;90;148m▀▀▀▀[48;2;255;238;148m▀[38;2;255;238;148m▀[38;2;213;197;115;48;2;164;139;74m▀[38;2;106;82;41;48;2;16;16;16m▀[38;2;222;0;0;48;2;255;98;0m▀[38;2;255;255;255;48;2;255;238;148m▀[38;2;213;197;115m▀[38;2;255;238;148m▀▀▀▀▀▀▀▀▀▀▀[48;2;222;0;0m▀[38;2;222;0;0;48;2;255;98;0m▀[38;2;255;98;0;48;2;222;0;0m▀[38;2;222;0;0m▀[38;2;255;98;0m▀[38;2;222;0;0m▀▀[48;2;65;90;148m▀[38;2;255;98;0;48;2;222;0;0m▀[48;2;255;98;0m▀[38;2;222;0;0;48;2;222;0;0m▀▀[38;2;8;32;90;48;2;8;32;90m▀[0m
[38;2;8;32;90;48;2;8;32;90m▀[38;2;65;90;148;48;2;65;90;148m▀▀[48;2;255;238;148m▀[38;2;255;238;148m▀▀▀▀▀[48;2;164;139;74m▀▀▀[38;2;164;139;74;48;2;255;238;148m▀[38;2;255;238;148m▀▀▀▀▀▀▀▀▀[38;2;222;0;0m▀▀▀[38;2;255;238;148m▀[38;2;222;0;0;48;2;222;0;0m▀▀[48;2;213;197;115m▀[38;2;65;90;148;48;2;65;90;148m▀▀▀[38;2;222;0;0m▀[38;2;255;98;0;48;2;222;0;0m▀[38;2;222;0;0m▀[38;2;65;90;148;48;2;65;90;148m▀[38;2;8;32;90;48;2;8;32;90m▀[0m
[38;2;106;82;41;48;2;106;82;41m▀[38;2;255;238;148;48;2;255;238;148m▀▀[48;2;164;139;74m▀[48;2;255;238;148m▀[48;2;16;16;16m▀[38;2;106;82;41;48;2;106;82;41m▀[38;2;16;16;16m▀[48;2;222;0;0m▀[38;2;222;0;0m▀▀[38;2;106;82;41;48;2;106;82;41m▀[38;2;255;238;148;48;2;255;238;148m▀▀▀[48;2;106;82;41m▀▀[38;2;213;197;115;48;2;213;197;115m▀▀▀[38;2;255;238;148m▀[48;2;255;238;148m▀▀▀▀▀[38;2;222;0;0m▀[38;2;255;238;148m▀▀[38;2;213;197;115m▀[38;2;65;90;148;48;2;65;90;148m▀▀▀▀[38;2;222;0;0m▀[38;2;65;90;148m▀[38;2;8;32;90m▀[49m▄[0m
[0m [38;2;106;82;41m▀[38;2;255;238;148;48;2;16;16;16m▀▀[38;2;106;82;41;48;2;255;255;255m▀[0m  [38;2;106;82;41;48;2;106;82;41m▀[38;2;222;0;0;48;2;255;98;0m▀[38;2;255;98;0m▀[48;2;222;0;0m▀[38;2;106;82;41;48;2;164;139;74m▀[38;2;255;238;148;48;2;213;197;115m▀[38;2;213;197;115;48;2;106;82;41m▀[38;2;106;82;41m▀[38;2;213;197;115;48;2;213;197;115m▀▀▀▀▀[48;2;255;238;148m▀[38;2;255;238;148m▀▀▀▀▀▀▀▀▀[38;2;213;197;115m▀[38;2;65;90;148;48;2;213;197;115m▀[48;2;65;90;148m▀▀▀▀▀[38;2;8;32;90;48;2;8;32;90m▀[0m
[0m      [38;2;16;16;16m▀[38;2;255;255;255;48;2;16;16;16m▀[38;2;222;0;0m▀[48;2;213;197;115m▀[38;2;255;255;255m▀[38;2;213;197;115m▀[48;2;16;16;16m▀[38;2;16;16;16;48;2;213;197;115m▀[38;2;213;197;115;48;2;106;82;41m▀[48;2;213;197;115m▀▀▀▀[48;2;255;238;148m▀[38;2;255;238;148m▀▀▀▀▀▀▀▀▀▀▀▀[38;2;106;82;41m▀[38;2;65;90;148;48;2;106;82;41m▀[48;2;65;90;148m▀▀▀▀[38;2;8;32;90;48;2;8;32;90m▀[0m
[0m         [38;2;16;16;16m▀▀[48;2;106;82;41m▀[38;2;106;82;41;48;2;213;197;115m▀[38;2;213;197;115;48;2;255;238;148m▀[38;2;106;82;41;48;2;213;197;115m▀[38;2;255;238;148;48;2;106;82;41m▀[48;2;255;238;148m▀▀▀▀▀▀▀▀▀[38;2;164;139;74;48;2;106;82;41m▀[38;2;255;238;148;48;2;255;238;148m▀▀▀▀▀▀▀[38;2;106;82;41;48;2;106;82;41m▀[38;2;65;90;148;48;2;65;90;148m▀▀▀▀[38;2;8;32;90;48;2;8;32;90m▀[0m
[0m          [38;2;106;82;41m▄[48;2;255;238;148m▀[38;2;255;238;148m▀▀[38;2;213;197;115;48;2;213;197;115m▀[38;2;106;82;41;48;2;106;82;41m▀[38;2;255;238;148;48;2;255;238;148m▀▀▀▀▀▀▀▀▀▀[38;2;106;82;41;48;2;106;82;41m▀[38;2;255;238;148;48;2;255;238;148m▀▀▀▀▀▀▀[38;2;106;82;41;48;2;106;82;41m▀[38;2;65;90;148;48;2;65;90;148m▀[38;2;32;65;106;48;2;32;65;106m▀[38;2;65;90;148m▀[38;2;32;65;106m▀[38;2;8;32;90;48;2;8;32;90m▀[0m
[0m         [38;2;106;82;41m▄[48;2;255;238;148m▀[38;2;255;238;148m▀▀[38;2;213;197;115;48;2;213;197;115m▀▀[38;2;106;82;41;48;2;106;82;41m▀[38;2;255;238;148;48;2;255;238;148m▀▀▀▀▀▀▀▀▀▀[38;2;106;82;41m▀[38;2;255;238;148;48;2;106;82;41m▀[48;2;255;238;148m▀▀▀▀▀▀[38;2;106;82;41;48;2;106;82;41m▀[38;2;65;90;148;48;2;32;65;106m▀[38;2;32;65;106m▀▀▀[38;2;8;32;90m▀[38;2;16;16;16;49m▄[0m
[0m        [38;2;106;82;41m▄[48;2;255;238;148m▀[38;2;255;238;148m▀▀[38;2;213;197;115;48;2;213;197;115m▀▀[38;2;16;16;16;48;2;16;16;16m▀[38;2;106;82;41;48;2;106;82;41m▀[38;2;255;238;148;48;2;255;238;148m▀▀▀▀▀▀▀▀▀▀▀[38;2;106;82;41;48;2;106;82;41m▀[38;2;255;238;148;48;2;255;238;148m▀▀▀▀▀[38;2;213;197;115;48;2;16;16;16m▀[38;2;106;82;41;48;2;213;197;115m▀[38;2;32;65;106;48;2;164;139;74m▀[48;2;32;65;106m▀▀▀▀[38;2;16;16;16;48;2;16;16;16m▀[0m
[0m        [38;2;106;82;41;48;2;106;82;41m▀[38;2;255;238;148;48;2;255;238;148m▀▀[38;2;213;197;115;48;2;213;197;115m▀▀[38;2;16;16;16;48;2;16;16;16m▀[0m [38;2;106;82;41;48;2;106;82;41m▀[38;2;255;238;148;48;2;255;238;148m▀▀▀▀▀▀▀▀▀▀▀▀[38;2;106;82;41;48;2;106;82;41m▀[38;2;255;238;148;48;2;255;238;148m▀▀▀▀[38;2;16;16;16;48;2;16;16;16m▀[38;2;213;197;115;48;2;213;197;115m▀▀[38;2;32;65;106;48;2;32;65;106m▀▀▀▀▀[38;2;16;16;16;48;2;16;16;16m▀[0m
[0m       [38;2;106;82;41;48;2;106;82;41m▀[38;2;213;197;115;48;2;255;238;148m▀[38;2;255;238;148m▀[38;2;164;139;74;48;2;164;139;74m▀[38;2;213;197;115;48;2;213;197;115m▀[38;2;16;16;16;48;2;16;16;16m▀[0m [38;2;16;16;16;48;2;16;16;16m▀[38;2;255;238;148;48;2;255;238;148m▀▀▀▀▀▀▀▀▀▀▀▀[48;2;106;82;41m▀[38;2;106;82;41;48;2;255;238;148m▀[38;2;255;238;148m▀▀▀[38;2;213;197;115;48;2;16;16;16m▀[38;2;16;16;16;48;2;213;197;115m▀[38;2;213;197;115m▀▀[38;2;164;139;74m▀[38;2;32;65;106;48;2;32;65;106m▀▀▀▀[38;2;16;16;16m▀[49m▄[0m
[0m       [38;2;106;82;41;48;2;106;82;41m▀[38;2;255;238;148;48;2;255;238;148m▀[38;2;164;139;74;48;2;213;197;115m▀[38;2;106;82;41;48;2;16;16;16m▀[38;2;16;16;16m▀[0m [38;2;16;16;16m▄[48;2;164;139;74m▀[38;2;255;238;148;48;2;255;238;148m▀▀▀▀▀▀▀▀▀▀▀▀[38;2;16;16;16;48;2;16;16;16m▀[38;2;164;139;74m▀[38;2;255;238;148;48;2;255;238;148m▀▀[48;2;164;139;74m▀[38;2;16;16;16;48;2;16;16;16m▀[38;2;213;197;115;48;2;213;197;115m▀[48;2;255;238;148m▀▀[48;2;213;197;115m▀[38;2;164;139;74m▀[38;2;32;65;106;48;2;32;65;106m▀▀▀▀[38;2;16;16;16m▀[38;2;8;32;90;49m▄[0m
[0m        [38;2;16;16;16m▀▀[0m  [38;2;16;16;16m▄[48;2;213;197;115m▀[38;2;164;139;74;48;2;164;139;74m▀[38;2;255;238;148;48;2;255;238;148m▀▀▀▀▀▀▀▀▀▀▀▀▀▀[38;2;16;16;16;48;2;16;16;16m▀[38;2;213;197;115m▀[38;2;16;16;16;48;2;255;238;148m▀[38;2;213;197;115m▀[38;2;255;238;148m▀▀▀[38;2;213;197;115m▀[48;2;213;197;115m▀[38;2;164;139;74m▀[38;2;32;65;106;48;2;32;65;106m▀▀▀▀[38;2;8;32;90m▀[49m▄[0m
[0m          [38;2;106;82;41m▄[38;2;16;16;16;48;2;255;238;148m▀[38;2;255;238;148m▀▀[38;2;164;139;74m▀[38;2;255;238;148m▀▀▀▀▀▀▀▀▀▀▀▀▀▀▀▀▀▀▀▀▀▀[38;2;213;197;115m▀[48;2;213;197;115m▀▀[38;2;32;65;106m▀[48;2;164;139;74m▀[48;2;32;65;106m▀▀▀[38;2;16;16;16m▀[49m▄[0m
[0m        [38;2;106;82;41m▄[48;2;255;238;148m▀[38;2;255;238;148m▀▀▀▀▀▀▀▀▀▀▀▀▀▀▀▀▀▀▀▀▀▀▀▀▀▀▀▀[38;2;213;197;115;48;2;213;197;115m▀▀▀▀[48;2;32;65;106m▀[38;2;164;139;74m▀[38;2;32;65;106m▀▀▀[38;2;16;16;16m▀▀[38;2;8;32;90;49m▄▄▄[0m
[0m       [38;2;16;16;16m▄[38;2;106;82;41;48;2;255;238;148m▀[38;2;255;238;148m▀▀▀▀▀▀▀▀▀▀▀▀▀▀▀▀▀▀▀▀▀▀▀▀▀▀▀▀▀[38;2;213;197;115m▀[48;2;213;197;115m▀▀▀▀[38;2;164;139;74m▀[38;2;32;65;106;48;2;164;139;74m▀[48;2;32;65;106m▀▀▀▀▀[48;2;8;32;90m▀[38;2;8;32;90;49m▀[0m
[0m      [38;2;16;16;16m▄[48;2;255;238;148m▀[38;2;255;238;148m▀▀▀▀▀▀▀▀▀▀▀▀▀▀▀▀▀▀▀▀▀▀▀▀▀▀▀▀▀▀▀[38;2;213;197;115m▀[48;2;213;197;115m▀▀▀[48;2;32;65;106m▀▀[38;2;164;139;74m▀[38;2;32;65;106m▀▀▀[48;2;65;90;148m▀[38;2;65;90;148;48;2;32;65;106m▀[38;2;8;32;90;48;2;65;90;148m▀[49m▄[0m
[0m      [38;2;16;16;16;48;2;16;16;16m▀[38;2;255;238;148;48;2;213;197;115m▀[48;2;255;238;148m▀▀▀▀▀▀▀[48;2;213;197;115m▀[48;2;255;238;148m▀[48;2;213;197;115m▀▀▀[38;2;213;197;115m▀▀▀▀▀▀▀[38;2;255;238;148m▀▀[48;2;255;238;148m▀▀▀▀▀▀▀▀▀▀▀▀[38;2;213;197;115m▀[48;2;213;197;115m▀[38;2;164;139;74m▀[38;2;32;65;106;48;2;32;65;106m▀▀▀[48;2;65;90;148m▀[48;2;32;65;106m▀[48;2;65;90;148m▀[38;2;65;90;148;48;2;8;32;90m▀▀▀[38;2;8;32;90m▀[49m▄[0m
[0m       [38;2;16;16;16;48;2;16;16;16m▀[38;2;213;197;115;48;2;213;197;115m▀▀[38;2;255;238;148m▀▀▀[38;2;213;197;115m▀▀[38;2;255;238;148m▀[38;2;213;197;115m▀[38;2;255;238;148m▀[38;2;213;197;115m▀▀▀▀▀[48;2;164;139;74m▀[48;2;106;82;41m▀▀▀▀▀[48;2;213;197;115m▀[38;2;255;238;148m▀[48;2;255;238;148m▀▀▀▀▀▀▀▀▀▀▀▀▀[38;2;164;139;74m▀[38;2;32;65;106;48;2;32;65;106m▀▀[38;2;8;32;90;48;2;8;32;90m▀[38;2;65;90;148;48;2;16;16;16m▀[38;2;32;65;106;48;2;65;90;148m▀[38;2;16;16;16;48;2;16;16;16m▀[0m
[0m        [38;2;106;82;41m▀[38;2;213;197;115;48;2;106;82;41m▀▀[48;2;213;197;115m▀▀▀▀▀▀▀▀[48;2;164;139;74m▀▀[38;2;164;139;74;48;2;106;82;41m▀▀[48;2;16;16;16m▀▀▀▀▀▀[38;2;106;82;41m▀▀[38;2;164;139;74m▀[38;2;213;197;115m▀[38;2;255;238;148;48;2;106;82;41m▀[48;2;255;238;148m▀▀▀▀▀▀▀▀▀▀▀[38;2;213;197;115m▀[38;2;32;65;106;48;2;106;82;41m▀[38;2;8;32;90;48;2;8;32;90m▀[0m [38;2;16;16;16m▀[48;2;16;16;16m▀[0m
[0m      [38;2;106;82;41m▄[48;2;213;197;115m▀[48;2;164;139;74m▀[38;2;213;197;115;48;2;213;197;115m▀[48;2;164;139;74m▀[48;2;213;197;115m▀▀▀[48;2;16;16;16m▀▀▀[38;2;16;16;16;49m▀▀▀▀[0m             [38;2;16;16;16m▀▀[38;2;255;238;148;48;2;16;16;16m▀▀[48;2;255;238;148m▀▀▀▀▀▀▀▀[38;2;106;82;41m▀[38;2;8;32;90;48;2;106;82;41m▀[0m
[0m     [38;2;16;16;16m▀[38;2;213;197;115;48;2;16;16;16m▀[38;2;106;82;41m▀[38;2;213;197;115m▀[38;2;106;82;41m▀[38;2;213;197;115m▀▀[38;2;16;16;16;49m▀▀[0m                        [38;2;16;16;16m▀[48;2;106;82;41m▀[38;2;255;238;148m▀[48;2;255;238;148m▀▀▀[48;2;213;197;115m▀▀▀[38;2;106;82;41m▀[49m▄[0m
[0m                                         [38;2;106;82;41m▀[38;2;255;238;148;48;2;16;16;16m▀▀[48;2;255;238;148m▀[38;2;106;82;41m▀[38;2;213;197;115;48;2;106;82;41m▀[38;2;164;139;74;48;2;255;238;148m▀[38;2;16;16;16;48;2;164;139;74m▀[49m▄[0m
[0m                                            [38;2;16;16;16m▀▀▀▀▀▀[0m
