[0m        [38;2;106;180;230m▄▄[38;2;49;131;197;48;2;148;213;255m▀▀[48;2;49;131;197m▀[49m▄[48;2;106;180;230m▀[38;2;49;90;131m▀▀[38;2;49;131;197;49m▄[38;2;16;16;16m▄[0m
[0m       [38;2;106;180;230;48;2;106;180;230m▀[38;2;148;213;255;48;2;148;213;255m▀▀[48;2;49;90;131m▀[38;2;49;90;131;48;2;106;180;230m▀[38;2;106;180;230m▀▀▀[48;2;49;131;197m▀▀[48;2;106;180;230m▀▀[38;2;16;16;16;48;2;49;90;131m▀[0m
[0m      [38;2;49;131;197;48;2;49;131;197m▀[38;2;148;213;255;48;2;106;180;230m▀[38;2;106;180;230m▀[38;2;49;90;131;48;2;49;90;131m▀[38;2;106;180;230;48;2;106;180;230m▀▀[48;2;49;90;131m▀[38;2;49;90;131m▀[38;2;49;131;197;48;2;255;255;255m▀[38;2;255;255;255m▀▀[38;2;49;131;197;48;2;180;180;180m▀[38;2;106;180;230;48;2;49;90;131m▀[48;2;106;180;230m▀[38;2;16;16;16;48;2;16;16;16m▀[38;2;123;24;0;49m▄▄▄▄▄[0m
[0m  [38;2;106;180;230m▄▄[0m [38;2;49;90;131m▄[38;2;49;131;197;48;2;106;180;230m▀[38;2;106;180;230m▀▀▀[48;2;49;90;131m▀[38;2;49;90;131m▀[48;2;16;16;16m▀[38;2;180;180;180;48;2;255;255;255m▀[38;2;180;74;82;48;2;180;74;82m▀[38;2;255;255;255;48;2;230;123;123m▀[48;2;255;255;255m▀▀[38;2;49;90;131;48;2;49;90;131m▀[38;2;49;131;197m▀[38;2;49;90;131;48;2;106;180;230m▀[38;2;205;65;32;48;2;16;16;16m▀[48;2;205;65;32m▀▀[48;2;123;24;0m▀[38;2;123;24;0;49m▀[0m
[38;2;49;131;197;49m▄[38;2;106;180;230;48;2;148;213;255m▀[38;2;148;213;255m▀[48;2;106;180;230m▀[38;2;49;90;131m▀▀[38;2;49;131;197m▀[38;2;106;180;230m▀▀[38;2;49;90;131;48;2;49;90;131m▀▀▀[38;2;16;16;16;48;2;16;16;16m▀[38;2;230;123;123;48;2;230;123;123m▀[38;2;16;16;16;48;2;16;16;16m▀[38;2;180;74;82;48;2;180;74;82m▀[38;2;255;255;255;48;2;255;255;255m▀[48;2;180;180;180m▀[38;2;49;90;131;48;2;49;90;131m▀[48;2;106;180;230m▀[38;2;106;180;230m▀[38;2;16;16;16;48;2;49;90;131m▀[38;2;205;65;32;48;2;205;65;32m▀[48;2;123;24;0m▀[38;2;123;24;0;49m▀[0m
[38;2;49;90;131;48;2;49;90;131m▀[38;2;148;213;255;48;2;106;180;230m▀[38;2;106;180;230m▀[48;2;49;131;197m▀▀[48;2;106;180;230m▀▀▀▀▀[38;2;16;16;16m▀▀▀[38;2;180;180;180m▀[38;2;16;16;16m▀[38;2;230;123;123m▀[38;2;255;255;255m▀[38;2;49;131;197m▀[38;2;106;180;230;48;2;49;90;131m▀[48;2;106;180;230m▀▀▀[38;2;16;16;16;48;2;16;16;16m▀[38;2;123;24;0;48;2;205;65;32m▀[49m▄▄[0m
[38;2;16;16;16;49m▀[38;2;106;180;230;48;2;16;16;16m▀[48;2;106;180;230m▀[38;2;49;90;131m▀[38;2;106;180;230m▀[48;2;49;90;131m▀[48;2;16;16;16m▀[38;2;49;90;131;49m▀[38;2;16;16;16m▀[38;2;49;90;131m▀[38;2;106;180;230;48;2;49;90;131m▀[48;2;16;16;16m▀▀▀▀▀[38;2;49;90;131m▀[38;2;16;16;16m▀[38;2;106;180;230;48;2;106;180;230m▀▀▀▀[38;2;49;90;131m▀[38;2;205;65;32;48;2;16;16;16m▀[48;2;205;65;32m▀▀[38;2;123;24;0m▀[48;2;16;16;16m▀[38;2;49;90;131;49m▄▄[0m
[0m [38;2;255;255;255;48;2;16;16;16m▀[38;2;16;16;16;49m▀▀▀[38;2;255;255;255;48;2;16;16;16m▀[38;2;16;16;16m▀[0m   [38;2;16;16;16;48;2;16;16;16m▀[38;2;180;180;180;48;2;180;74;82m▀[38;2;123;24;0m▀[38;2;180;74;82m▀▀[48;2;255;255;255m▀[38;2;123;24;0;48;2;16;16;16m▀[38;2;16;16;16;48;2;106;180;230m▀[38;2;106;180;230m▀[48;2;49;131;197m▀[48;2;106;180;230m▀▀▀[38;2;16;16;16;48;2;49;131;197m▀[48;2;106;180;230m▀▀[38;2;49;90;131m▀[38;2;148;213;255;48;2;49;131;197m▀[38;2;49;90;131;48;2;106;180;230m▀[38;2;148;213;255;48;2;49;90;131m▀[38;2;16;16;16;48;2;16;16;16m▀[0m
[0m     [38;2;49;131;197m▄[48;2;148;213;255m▀[49m▄▄[38;2;16;16;16;48;2;16;16;16m▀[38;2;180;180;180;48;2;180;74;82m▀[38;2;180;74;82;48;2;230;123;123m▀[38;2;230;123;123m▀▀[48;2;180;74;82m▀[38;2;180;74;82;48;2;255;255;255m▀[38;2;16;16;16;48;2;16;16;16m▀[38;2;106;180;230;48;2;106;180;230m▀▀[38;2;49;90;131;48;2;49;90;131m▀[38;2;106;180;230;48;2;172;131;41m▀[38;2;172;131;41;48;2;255;197;82m▀[38;2;49;131;197;48;2;49;131;197m▀[38;2;106;180;230;48;2;106;180;230m▀▀▀▀▀▀[38;2;148;213;255;48;2;16;16;16m▀[38;2;16;16;16;49m▀[0m
[0m     [38;2;49;131;197m▀[38;2;148;213;255;48;2;49;131;197m▀[48;2;148;213;255m▀[38;2;106;180;230;48;2;16;16;16m▀[38;2;16;16;16;48;2;255;255;255m▀[38;2;255;255;255;48;2;180;180;180m▀[38;2;230;123;123;48;2;230;123;123m▀▀[48;2;123;24;0m▀[38;2;180;74;82;48;2;255;255;255m▀[38;2;123;24;0;48;2;16;16;16m▀[38;2;49;90;131;48;2;106;180;230m▀[38;2;106;180;230m▀[48;2;49;90;131m▀[38;2;49;90;131;48;2;255;197;82m▀[38;2;255;197;82m▀▀[38;2;49;90;131;48;2;49;90;131m▀[38;2;106;180;230;48;2;106;180;230m▀▀▀▀[38;2;49;131;197;48;2;49;131;197m▀[38;2;148;213;255;48;2;16;16;16m▀[38;2;16;16;16;49m▀[0m
[0m     [38;2;49;90;131m▄[38;2;49;131;197;48;2;106;180;230m▀[38;2;106;180;230m▀[38;2;16;16;16m▀[48;2;16;16;16m▀[48;2;106;180;230m▀[38;2;180;74;82;48;2;16;16;16m▀[38;2;123;24;0m▀[38;2;255;255;255m▀[48;2;49;90;131m▀[38;2;49;90;131;48;2;106;180;230m▀[38;2;106;180;230m▀[48;2;49;90;131m▀[38;2;49;90;131;48;2;172;131;41m▀[38;2;255;197;82;48;2;255;197;82m▀▀▀▀[38;2;49;131;197m▀[38;2;106;180;230;48;2;49;90;131m▀▀[48;2;16;16;16m▀[38;2;16;16;16;48;2;49;131;197m▀[49m▄[0m   [38;2;123;24;0m▄[48;2;205;65;32m▀[38;2;16;16;16;48;2;16;16;16m▀[0m
[0m      [38;2;49;90;131m▀▀▀[38;2;106;180;230m▀[38;2;49;90;131m▀[38;2;106;180;230;48;2;16;16;16m▀▀▀▀▀[38;2;16;16;16;48;2;172;131;41m▀[38;2;172;131;41m▀[38;2;255;197;82;48;2;255;197;82m▀▀[48;2;172;131;41m▀▀[38;2;172;131;41;48;2;106;180;230m▀▀[38;2;106;180;230;48;2;49;131;197m▀▀[38;2;49;131;197;48;2;106;180;230m▀[48;2;49;131;197m▀▀[38;2;16;16;16m▀[49m▄[38;2;123;24;0;48;2;205;65;32m▀[38;2;205;65;32m▀▀[38;2;16;16;16;48;2;16;16;16m▀[0m
[0m          [38;2;49;131;197m▄[38;2;49;90;131;48;2;106;180;230m▀[38;2;16;16;16;48;2;16;16;16m▀[38;2;172;131;41;48;2;49;131;197m▀[48;2;172;131;41m▀[38;2;16;16;16;48;2;16;16;16m▀[38;2;172;131;41;48;2;172;131;41m▀[38;2;255;197;82;48;2;255;197;82m▀[48;2;172;131;41m▀[38;2;172;131;41;48;2;106;180;230m▀[38;2;106;180;230m▀▀[48;2;49;90;131m▀[38;2;49;131;197;48;2;106;180;230m▀[38;2;106;180;230m▀▀▀[38;2;49;90;131m▀[38;2;49;131;197;48;2;49;90;131m▀[48;2;49;131;197m▀▀▀[38;2;16;16;16m▀▀▀[38;2;49;90;131m▀[38;2;16;16;16;49m▄[0m
[0m         [38;2;49;90;131m▄[38;2;49;131;197;48;2;106;180;230m▀[38;2;106;180;230m▀▀[38;2;16;16;16;48;2;16;16;16m▀[38;2;49;131;197;48;2;49;131;197m▀[38;2;172;131;41m▀[38;2;16;16;16m▀[38;2;172;131;41m▀[38;2;106;180;230m▀[48;2;106;180;230m▀▀[48;2;49;90;131m▀[38;2;49;90;131;48;2;106;180;230m▀[38;2;106;180;230m▀▀▀▀▀[38;2;49;90;131m▀[38;2;49;131;197;48;2;49;90;131m▀[48;2;49;131;197m▀▀▀▀▀[48;2;16;16;16m▀[38;2;16;16;16;49m▀[0m
[0m         [38;2;49;90;131;48;2;49;90;131m▀[38;2;106;180;230;48;2;49;131;197m▀[38;2;49;131;197m▀▀▀[38;2;49;90;131m▀[38;2;49;131;197;48;2;16;16;16m▀[48;2;49;90;131m▀[48;2;49;131;197m▀▀▀[38;2;106;180;230m▀[38;2;49;90;131;48;2;16;16;16m▀[38;2;106;180;230;48;2;49;131;197m▀[48;2;106;180;230m▀▀▀▀▀▀[38;2;16;16;16;48;2;16;16;16m▀[38;2;49;131;197m▀▀▀[38;2;49;90;131;49m▀[38;2;16;16;16m▀[0m
[0m        [38;2;16;16;16m▄[38;2;49;131;197m▄[38;2;49;90;131;48;2;16;16;16m▀[48;2;49;131;197m▀[38;2;49;131;197;48;2;49;90;131m▀▀[48;2;49;131;197m▀▀▀[38;2;16;16;16;48;2;16;16;16m▀[38;2;49;90;131;49m▀[38;2;49;131;197;48;2;16;16;16m▀▀[38;2;16;16;16m▀[38;2;49;131;197m▀[48;2;49;131;197m▀▀[38;2;106;180;230m▀▀▀[38;2;49;131;197;48;2;16;16;16m▀[38;2;16;16;16;49m▀[0m
[0m        [38;2;16;16;16m▀[38;2;106;180;230;48;2;16;16;16m▀[38;2;49;131;197;48;2;49;90;131m▀[38;2;106;180;230;48;2;106;180;230m▀[38;2;49;131;197;48;2;49;131;197m▀[48;2;49;90;131m▀[48;2;16;16;16m▀[38;2;49;90;131;49m▀[38;2;16;16;16m▀[0m      [38;2;16;16;16;48;2;16;16;16m▀[38;2;49;90;131;48;2;49;131;197m▀[38;2;49;131;197;48;2;106;180;230m▀[48;2;49;131;197m▀[38;2;49;90;131;48;2;106;180;230m▀[38;2;16;16;16;48;2;49;131;197m▀[48;2;106;180;230m▀[49m▄[0m
[0m           [38;2;16;16;16m▀▀[0m           [38;2;16;16;16m▀[38;2;106;180;230;48;2;49;90;131m▀[38;2;49;90;131;48;2;16;16;16m▀[38;2;106;180;230m▀[38;2;49;90;131m▀[38;2;106;180;230m▀[38;2;16;16;16;49m▀[0m
