[0m                         [38;2;131;0;8m▄[48;2;255;139;131m▀[38;2;16;16;16;49m▄[0m
[0m                        [38;2;131;0;8m▄[38;2;246;82;90;48;2;255;139;131m▀[38;2;255;139;131;48;2;246;82;90m▀[38;2;131;0;8m▀[38;2;16;16;16;49m▄[0m
[0m                        [38;2;131;0;8;48;2;246;82;90m▀[38;2;255;139;131;48;2;255;139;131m▀[38;2;246;82;90;48;2;246;82;90m▀▀[38;2;16;16;16;48;2;131;0;8m▀[0m                      [38;2;131;0;8m▄▄[0m
[0m                    [38;2;131;0;8m▄[0m  [38;2;131;0;8;48;2;131;0;8m▀[38;2;255;139;131;48;2;255;139;131m▀[38;2;246;82;90;48;2;246;82;90m▀▀▀▀[38;2;16;16;16;48;2;16;16;16m▀[0m   [38;2;131;0;8m▄▄[48;2;255;139;131m▀[48;2;16;16;16m▀[0m    [38;2;131;0;8m▄▄[0m      [38;2;131;0;8m▄[48;2;255;139;131m▀[38;2;255;139;131;48;2;246;82;90m▀[38;2;131;0;8;48;2;16;16;16m▀[0m
[0m                   [38;2;131;0;8;48;2;131;0;8m▀[38;2;246;82;90;48;2;246;82;90m▀[38;2;131;0;8;48;2;131;0;8m▀[0m [38;2;131;0;8;48;2;131;0;8m▀[38;2;255;139;131;48;2;246;82;90m▀[38;2;246;82;90m▀▀▀▀[38;2;131;0;8m▀[49m▄▄[48;2;255;139;131m▀▀[38;2;255;139;131;48;2;246;82;90m▀[38;2;246;82;90m▀[38;2;16;16;16;48;2;16;16;16m▀[0m   [38;2;131;0;8m▄[38;2;246;82;90;48;2;255;139;131m▀[48;2;246;82;90m▀[38;2;131;0;8;48;2;131;0;8m▀[0m   [38;2;131;0;8m▄[48;2;255;139;131m▀[38;2;255;139;131;48;2;246;82;90m▀[38;2;246;82;90m▀▀[38;2;16;16;16;48;2;16;16;16m▀[0m
[0m                  [38;2;131;0;8;48;2;131;0;8m▀[38;2;255;139;131;48;2;255;139;131m▀[38;2;246;82;90;48;2;246;82;90m▀▀[38;2;131;0;8m▀[38;2;246;82;90m▀▀▀▀▀▀▀[38;2;131;0;8m▀[38;2;255;139;131m▀[38;2;246;82;90m▀▀▀[38;2;131;0;8;48;2;16;16;16m▀[0m    [38;2;131;0;8;48;2;246;82;90m▀[38;2;255;139;131;48;2;255;139;131m▀[38;2;246;82;90;48;2;246;82;90m▀▀[38;2;131;0;8;48;2;131;0;8m▀[49m▄[48;2;255;139;131m▀[38;2;255;139;131m▀[48;2;246;82;90m▀[38;2;246;82;90m▀▀▀[38;2;16;16;16;48;2;16;16;16m▀[0m
[0m                  [38;2;131;0;8;48;2;131;0;8m▀[38;2;255;139;131;48;2;255;139;131m▀[38;2;246;82;90;48;2;246;82;90m▀▀▀▀▀▀[48;2;16;16;16m▀[48;2;41;74;139m▀[38;2;16;16;16;48;2;90;180;246m▀▀[38;2;246;82;90;48;2;41;74;139m▀[48;2;16;16;16m▀[48;2;246;82;90m▀▀[48;2;131;0;8m▀[38;2;16;16;16;49m▀[0m   [38;2;131;0;8;48;2;131;0;8m▀[38;2;255;139;131;48;2;255;139;131m▀[38;2;246;82;90;48;2;246;82;90m▀▀▀▀[38;2;131;0;8;48;2;131;0;8m▀[38;2;255;139;131;48;2;246;82;90m▀[38;2;246;82;90m▀▀▀▀[38;2;131;0;8;48;2;16;16;16m▀[0m
[0m                  [38;2;131;0;8;48;2;131;0;8m▀[38;2;255;139;131;48;2;255;139;131m▀[38;2;246;82;90;48;2;246;82;90m▀▀▀[48;2;41;74;139m▀[38;2;16;16;16;48;2;90;180;246m▀[38;2;41;74;139m▀[38;2;90;180;246m▀[48;2;41;74;139m▀[48;2;16;16;16m▀[48;2;90;180;246m▀▀▀[38;2;41;74;139m▀[38;2;16;16;16m▀[48;2;16;16;16m▀[0m   [38;2;131;0;8m▄[38;2;246;82;90;48;2;246;82;90m▀[38;2;255;139;131m▀[38;2;246;82;90m▀▀▀▀▀▀▀▀▀▀[38;2;16;16;16;48;2;16;16;16m▀[0m
[0m                 [38;2;57;139;205;48;2;57;139;205m▀[38;2;139;213;255;48;2;139;213;255m▀[38;2;131;0;8;48;2;131;0;8m▀[38;2;246;82;90;48;2;246;82;90m▀[48;2;41;74;139m▀[38;2;41;74;139;48;2;90;180;246m▀[38;2;90;180;246m▀[48;2;41;74;139m▀[38;2;57;139;205;48;2;197;197;197m▀[48;2;255;230;139m▀[38;2;255;255;255;48;2;255;255;255m▀[38;2;57;139;205m▀[38;2;16;16;16;48;2;41;74;139m▀[38;2;90;180;246;48;2;16;16;16m▀[48;2;90;180;246m▀▀▀▀[38;2;16;16;16m▀[49m▄[0m [38;2;131;0;8;48;2;131;0;8m▀[38;2;246;82;90;48;2;246;82;90m▀▀[48;2;41;74;139m▀▀▀▀▀▀[48;2;246;82;90m▀▀▀[38;2;131;0;8;48;2;16;16;16m▀[49m▄[48;2;246;82;90m▀▀[38;2;16;16;16;48;2;16;16;16m▀[0m
[0m            [38;2;41;74;139m▄▄[0m  [38;2;41;74;139;48;2;41;74;139m▀[38;2;90;180;246;48;2;90;180;246m▀[48;2;41;74;139m▀[38;2;41;74;139m▀[48;2;90;180;246m▀[38;2;90;180;246m▀▀[38;2;57;139;205;48;2;16;16;16m▀[38;2;16;16;16m▀[38;2;255;230;139;48;2;255;230;139m▀[38;2;106;82;0;48;2;16;16;16m▀[38;2;255;230;139;48;2;255;230;139m▀[38;2;255;255;255;48;2;57;139;205m▀[38;2;16;16;16;48;2;16;16;16m▀▀[38;2;90;180;246;48;2;90;180;246m▀▀▀▀▀▀[38;2;41;74;139m▀[48;2;41;74;139m▀[48;2;90;180;246m▀▀[38;2;90;180;246m▀▀▀▀▀▀[38;2;16;16;16;48;2;16;16;16m▀[38;2;246;82;90;48;2;246;82;90m▀▀[38;2;16;16;16m▀[38;2;246;82;90m▀▀[48;2;16;16;16m▀[38;2;16;16;16;49m▀[0m
[0m          [38;2;41;74;139m▄[48;2;139;213;255m▀[38;2;139;213;255m▀▀[38;2;41;74;139;48;2;90;180;246m▀▀[38;2;90;180;246;48;2;16;16;16m▀▀[48;2;90;180;246m▀▀▀▀▀▀▀▀[48;2;41;74;139m▀[38;2;41;74;139;48;2;197;197;197m▀[38;2;255;255;255;48;2;255;255;255m▀[38;2;41;74;139;48;2;16;16;16m▀[38;2;90;180;246;48;2;41;74;139m▀▀[48;2;90;180;246m▀▀▀▀▀▀▀[38;2;57;139;205m▀[38;2;90;180;246m▀▀▀▀▀▀▀▀[38;2;16;16;16;48;2;16;16;16m▀[38;2;246;82;90;48;2;246;82;90m▀▀▀[48;2;16;16;16m▀[38;2;16;16;16;49m▀[0m
[0m         [38;2;41;74;139;48;2;16;16;16m▀[38;2;139;213;255;48;2;90;180;246m▀[38;2;90;180;246m▀[48;2;57;139;205m▀[38;2;41;74;139;48;2;90;180;246m▀[38;2;90;180;246m▀▀[38;2;16;16;16;48;2;16;16;16m▀[38;2;255;255;255;48;2;255;255;255m▀[38;2;16;16;16;48;2;197;197;197m▀[38;2;90;180;246;48;2;16;16;16m▀[48;2;41;74;139m▀▀[38;2;41;74;139;48;2;16;16;16m▀[48;2;255;255;255m▀[38;2;90;180;246;48;2;16;16;16m▀[48;2;41;74;139m▀[38;2;41;74;139;48;2;255;230;139m▀[38;2;255;255;255;48;2;106;82;0m▀▀[38;2;16;16;16;48;2;255;230;139m▀[38;2;255;230;139m▀▀[38;2;106;82;0m▀[38;2;90;180;246;48;2;106;82;0m▀[48;2;90;180;246m▀▀▀▀▀▀▀[38;2;41;74;139m▀▀▀[38;2;90;180;246;48;2;41;74;139m▀[48;2;16;16;16m▀▀[38;2;57;139;205m▀[38;2;16;16;16m▀[38;2;246;82;90;48;2;246;82;90m▀▀[48;2;16;16;16m▀[38;2;16;16;16;49m▀[0m
[0m         [38;2;16;16;16m▀[38;2;90;180;246;48;2;16;16;16m▀[48;2;90;180;246m▀▀[48;2;41;74;139m▀[38;2;41;74;139;48;2;255;230;139m▀▀▀[38;2;255;255;255;48;2;106;82;0m▀▀[38;2;41;74;139;48;2;255;230;139m▀[38;2;255;230;139m▀▀[38;2;106;82;0m▀[38;2;255;255;255;48;2;106;82;0m▀[38;2;16;16;16;48;2;255;230;139m▀[38;2;255;230;139m▀▀▀▀▀▀▀▀▀[38;2;106;82;0;48;2;106;82;0m▀[38;2;90;180;246;48;2;90;180;246m▀▀▀▀▀▀▀[48;2;57;139;205m▀[38;2;41;74;139;48;2;139;213;255m▀[38;2;139;213;255m▀▀[48;2;41;74;139m▀▀[38;2;16;16;16;48;2;90;180;246m▀[38;2;246;82;90;48;2;16;16;16m▀▀[38;2;16;16;16m▀[49m▄[0m
[0m           [38;2;16;16;16m▀[38;2;41;74;139m▀[38;2;255;230;139;48;2;16;16;16m▀[48;2;255;230;139m▀▀▀▀▀▀▀▀▀▀▀▀▀▀▀▀▀▀▀[48;2;106;82;0m▀[38;2;106;82;0;48;2;90;180;246m▀[38;2;90;180;246m▀▀▀▀▀▀▀[38;2;41;74;139;48;2;41;74;139m▀[38;2;139;213;255;48;2;139;213;255m▀▀[38;2;41;74;139;48;2;41;74;139m▀[38;2;90;180;246;48;2;90;180;246m▀[48;2;41;74;139m▀[38;2;41;74;139;48;2;139;213;255m▀[38;2;139;213;255m▀▀[48;2;41;74;139m▀▀[38;2;16;16;16;48;2;90;180;246m▀[38;2;41;74;139;49m▄[38;2;16;16;16m▄[0m
[0m              [38;2;16;16;16m▀[38;2;255;230;139;48;2;16;16;16m▀▀[48;2;255;230;139m▀▀▀▀▀▀▀▀[48;2;205;189;98m▀▀▀▀▀[38;2;205;189;98m▀[48;2;16;16;16m▀[38;2;106;82;0;48;2;57;139;205m▀[38;2;57;139;205m▀[38;2;90;180;246;48;2;90;180;246m▀▀▀▀▀▀▀▀▀[38;2;41;74;139m▀▀[38;2;90;180;246m▀▀[38;2;41;74;139;48;2;41;74;139m▀[38;2;139;213;255;48;2;139;213;255m▀[48;2;41;74;139m▀[38;2;41;74;139m▀[38;2;90;180;246m▀▀[48;2;57;139;205m▀[48;2;90;180;246m▀▀[38;2;41;74;139m▀[38;2;16;16;16m▀[49m▄[0m
[0m                 [38;2;16;16;16m▀[38;2;106;82;0m▀[38;2;205;189;98;48;2;16;16;16m▀▀[48;2;106;82;0m▀[48;2;205;189;98m▀▀▀▀▀[48;2;16;16;16m▀▀[38;2;16;16;16;48;2;57;139;205m▀▀[38;2;57;139;205m▀▀[38;2;90;180;246;48;2;90;180;246m▀▀▀▀▀▀▀▀▀[38;2;41;74;139;48;2;57;139;205m▀▀[38;2;90;180;246;48;2;41;74;139m▀[48;2;16;16;16m▀▀[38;2;41;74;139;48;2;139;213;255m▀▀[38;2;139;213;255m▀▀▀▀[38;2;57;139;205m▀[38;2;41;74;139m▀[38;2;90;180;246;48;2;16;16;16m▀[48;2;90;180;246m▀▀[38;2;16;16;16;48;2;16;16;16m▀[0m
[0m           [38;2;41;74;139m▄▄▄▄[48;2;139;213;255m▀▀▀[48;2;57;139;205m▀[49m▄[48;2;57;139;205m▀[38;2;90;180;246;48;2;41;74;139m▀[38;2;16;16;16m▀[48;2;57;139;205m▀▀[48;2;16;16;16m▀[48;2;57;139;205m▀[38;2;57;139;205m▀▀▀▀▀[48;2;90;180;246m▀[38;2;90;180;246m▀▀▀▀▀▀▀▀[48;2;57;139;205m▀[38;2;57;139;205m▀▀[48;2;16;16;16m▀▀[38;2;16;16;16;48;2;41;74;139m▀[38;2;139;213;255m▀[38;2;41;74;139m▀[48;2;57;139;205m▀[48;2;90;180;246m▀[38;2;139;213;255;48;2;41;74;139m▀[48;2;139;213;255m▀▀[48;2;16;16;16m▀[38;2;16;16;16;48;2;90;180;246m▀[38;2;90;180;246m▀[38;2;41;74;139;48;2;16;16;16m▀[0m
[0m     [38;2;41;74;139m▄[38;2;57;139;205m▄[38;2;41;74;139;48;2;90;180;246m▀▀▀▀[38;2;139;213;255;48;2;41;74;139m▀[48;2;57;139;205m▀[48;2;90;180;246m▀[38;2;57;139;205m▀[38;2;41;74;139m▀[38;2;57;139;205;48;2;16;16;16m▀[38;2;90;180;246m▀▀▀[38;2;16;16;16;48;2;41;74;139m▀[38;2;57;139;205;48;2;57;139;205m▀▀▀▀[48;2;16;16;16m▀[38;2;16;16;16m▀[38;2;57;139;205;48;2;57;139;205m▀▀▀▀[48;2;90;180;246m▀[38;2;90;180;246m▀▀▀▀▀▀▀[48;2;57;139;205m▀[38;2;57;139;205m▀▀[48;2;16;16;16m▀[38;2;16;16;16;48;2;139;213;255m▀[38;2;57;139;205m▀[38;2;139;213;255m▀▀▀▀[38;2;57;139;205m▀[38;2;41;74;139m▀[38;2;90;180;246;48;2;16;16;16m▀[38;2;41;74;139;48;2;90;180;246m▀[38;2;16;16;16m▀[38;2;90;180;246m▀[48;2;16;16;16m▀[38;2;16;16;16;49m▀[0m
[0m  [38;2;57;139;205m▄[38;2;41;74;139;48;2;255;255;255m▀[48;2;197;197;197m▀[38;2;90;180;246;48;2;90;180;246m▀▀[48;2;16;16;16m▀[38;2;16;16;16;48;2;197;197;197m▀[38;2;41;74;139;48;2;41;74;139m▀[48;2;90;180;246m▀[38;2;90;180;246m▀[38;2;41;74;139m▀[38;2;16;16;16m▀[48;2;57;139;205m▀▀[38;2;57;139;205m▀▀▀▀▀▀▀▀[48;2;16;16;16m▀[38;2;41;74;139;49m▀[0m [38;2;16;16;16;48;2;16;16;16m▀[38;2;57;139;205;48;2;90;180;246m▀▀[38;2;90;180;246m▀▀▀▀▀▀▀▀▀[38;2;57;139;205m▀[48;2;57;139;205m▀[38;2;16;16;16;48;2;16;16;16m▀[38;2;90;180;246;48;2;41;74;139m▀[38;2;41;74;139;48;2;90;180;246m▀▀▀[38;2;57;139;205;48;2;57;139;205m▀[38;2;139;213;255;48;2;41;74;139m▀[48;2;139;213;255m▀▀[48;2;16;16;16m▀[38;2;16;16;16;48;2;90;180;246m▀[38;2;90;180;246m▀[48;2;16;16;16m▀[38;2;16;16;16;48;2;41;74;139m▀[48;2;16;16;16m▀[0m
[0m [38;2;57;139;205;48;2;57;139;205m▀[38;2;255;255;255;48;2;255;255;255m▀[48;2;41;74;139m▀[38;2;197;197;197;48;2;16;16;16m▀[38;2;90;180;246;48;2;57;139;205m▀[38;2;41;74;139;48;2;41;74;139m▀[38;2;197;197;197;48;2;197;197;197m▀[48;2;16;16;16m▀[38;2;41;74;139;48;2;57;139;205m▀[38;2;90;180;246m▀▀▀[38;2;57;139;205m▀▀▀▀▀▀▀▀▀▀[38;2;16;16;16;48;2;16;16;16m▀[0m    [38;2;41;74;139;48;2;16;16;16m▀[38;2;90;180;246;48;2;90;180;246m▀▀▀▀▀▀▀▀[48;2;16;16;16m▀[48;2;41;74;139m▀[38;2;16;16;16;48;2;90;180;246m▀[38;2;41;74;139m▀[38;2;90;180;246m▀▀▀▀▀▀▀[38;2;16;16;16m▀▀[38;2;90;180;246m▀[48;2;16;16;16m▀[38;2;16;16;16;48;2;41;74;139m▀[38;2;41;74;139m▀[38;2;16;16;16;48;2;16;16;16m▀[0m
[38;2;16;16;16;48;2;16;16;16m▀[48;2;255;255;255m▀▀[38;2;57;139;205;48;2;16;16;16m▀▀[48;2;57;139;205m▀[38;2;41;74;139m▀[38;2;16;16;16m▀[38;2;57;139;205m▀[38;2;16;16;16m▀[38;2;41;74;139m▀[38;2;57;139;205m▀▀▀▀▀[48;2;16;16;16m▀▀▀[48;2;41;74;139m▀[38;2;16;16;16;49m▀▀[38;2;41;74;139m▀[0m    [38;2;41;74;139m▄[38;2;16;16;16;48;2;16;16;16m▀[38;2;90;180;246;48;2;90;180;246m▀▀▀▀▀▀[48;2;16;16;16m▀[38;2;16;16;16;48;2;90;180;246m▀[38;2;90;180;246m▀▀[38;2;57;139;205;48;2;41;74;139m▀[38;2;90;180;246;48;2;90;180;246m▀▀[48;2;41;74;139m▀[48;2;90;180;246m▀▀[48;2;41;74;139m▀[48;2;90;180;246m▀▀[48;2;16;16;16m▀▀[38;2;16;16;16;48;2;57;139;205m▀[48;2;16;16;16m▀[38;2;41;74;139;48;2;41;74;139m▀[38;2;16;16;16;48;2;16;16;16m▀[0m             [38;2;131;0;8m▄[48;2;255;139;131m▀[38;2;16;16;16;48;2;16;16;16m▀[0m
[38;2;16;16;16;48;2;16;16;16m▀[38;2;255;255;255m▀[38;2;41;74;139;48;2;41;74;139m▀[38;2;57;139;205;48;2;197;197;197m▀[48;2;41;74;139m▀▀[38;2;41;74;139;48;2;57;139;205m▀▀[38;2;57;139;205m▀[48;2;16;16;16m▀▀[38;2;16;16;16;49m▀▀▀▀[38;2;41;74;139m▀[0m       [38;2;41;74;139m▄▄[48;2;90;180;246m▀▀[38;2;90;180;246m▀[38;2;41;74;139m▀[38;2;90;180;246m▀▀▀▀▀▀[38;2;16;16;16;48;2;16;16;16m▀[38;2;255;255;255;48;2;255;255;255m▀[48;2;16;16;16m▀[38;2;41;74;139m▀[38;2;90;180;246;48;2;90;180;246m▀▀[38;2;57;139;205;48;2;41;74;139m▀[38;2;90;180;246;48;2;90;180;246m▀▀[38;2;57;139;205;48;2;41;74;139m▀[38;2;90;180;246;48;2;255;255;255m▀▀[38;2;16;16;16;48;2;16;16;16m▀[38;2;57;139;205;48;2;57;139;205m▀▀▀▀[38;2;16;16;16;48;2;90;180;246m▀[49m▄[0m        [38;2;131;0;8m▄[48;2;255;139;131m▀[38;2;16;16;16;49m▄[0m [38;2;131;0;8m▄[48;2;255;139;131m▀[38;2;255;139;131;48;2;246;82;90m▀[38;2;16;16;16;48;2;16;16;16m▀[0m
[0m  [38;2;16;16;16;48;2;16;16;16m▀[38;2;197;197;197m▀[38;2;41;74;139m▀[38;2;197;197;197;48;2;197;197;197m▀[38;2;41;74;139;48;2;16;16;16m▀[38;2;16;16;16;49m▀▀[0m            [38;2;41;74;139m▄[48;2;90;180;246m▀[38;2;90;180;246m▀▀▀▀▀▀[48;2;139;213;255m▀[38;2;139;213;255m▀[38;2;90;180;246m▀[48;2;90;180;246m▀▀▀▀[38;2;16;16;16;48;2;16;16;16m▀[38;2;197;197;197m▀[38;2;16;16;16m▀[38;2;255;255;255;48;2;255;255;255m▀[48;2;16;16;16m▀[38;2;16;16;16;48;2;90;180;246m▀[38;2;255;255;255;48;2;16;16;16m▀[48;2;255;255;255m▀[38;2;16;16;16;48;2;16;16;16m▀[48;2;57;139;205m▀[38;2;197;197;197;48;2;16;16;16m▀[38;2;16;16;16m▀[38;2;57;139;205;48;2;90;180;246m▀▀[38;2;90;180;246m▀▀▀▀[38;2;16;16;16m▀[49m▄[0m      [38;2;131;0;8;48;2;131;0;8m▀[38;2;255;139;131;48;2;255;139;131m▀[38;2;16;16;16;48;2;246;82;90m▀[49m▄[38;2;131;0;8;48;2;255;139;131m▀[38;2;255;139;131;48;2;246;82;90m▀[38;2;246;82;90m▀[38;2;16;16;16;48;2;16;16;16m▀[0m
[0m    [38;2;16;16;16m▀▀[0m              [38;2;41;74;139m▄[48;2;90;180;246m▀[38;2;90;180;246m▀▀▀▀▀[38;2;41;74;139;48;2;41;74;139m▀[38;2;90;180;246;48;2;90;180;246m▀[38;2;139;213;255;48;2;139;213;255m▀▀▀[38;2;90;180;246;48;2;90;180;246m▀▀▀▀▀▀▀[38;2;16;16;16m▀▀[38;2;90;180;246m▀[48;2;106;82;0m▀[38;2;16;16;16;48;2;255;230;139m▀▀[38;2;57;139;205;48;2;90;180;246m▀[38;2;90;180;246m▀▀▀▀▀▀▀▀▀[38;2;57;139;205m▀[38;2;16;16;16;48;2;16;16;16m▀[48;2;57;139;205m▀▀[38;2;41;74;139;49m▄[38;2;16;16;16m▄[0m [38;2;131;0;8;48;2;131;0;8m▀[38;2;255;139;131;48;2;255;139;131m▀[38;2;246;82;90;48;2;246;82;90m▀[38;2;131;0;8m▀[38;2;255;139;131m▀[38;2;246;82;90m▀▀[38;2;16;16;16;48;2;16;16;16m▀[49m▄[48;2;246;82;90m▀[48;2;16;16;16m▀[0m
[0m                   [38;2;41;74;139m▄[48;2;90;180;246m▀[38;2;90;180;246m▀▀▀▀▀[48;2;106;82;0m▀[38;2;41;74;139;48;2;255;230;139m▀[38;2;90;180;246;48;2;106;82;0m▀[48;2;90;180;246m▀[38;2;139;213;255m▀[38;2;90;180;246m▀▀▀▀▀▀▀[48;2;106;82;0m▀▀[38;2;106;82;0;48;2;255;230;139m▀▀[38;2;255;230;139m▀▀[38;2;41;74;139;48;2;41;74;139m▀[38;2;90;180;246;48;2;90;180;246m▀▀▀▀▀▀▀▀▀▀▀▀[38;2;16;16;16;48;2;41;74;139m▀[38;2;41;74;139;48;2;57;139;205m▀[38;2;57;139;205;48;2;41;74;139m▀[48;2;57;139;205m▀[38;2;16;16;16m▀[38;2;131;0;8;48;2;16;16;16m▀[38;2;246;82;90;48;2;246;82;90m▀▀▀▀▀▀[38;2;16;16;16;48;2;131;0;8m▀[38;2;246;82;90;48;2;246;82;90m▀[48;2;131;0;8m▀[38;2;16;16;16;49m▀[0m
[0m                 [38;2;41;74;139m▄[48;2;139;213;255m▀[48;2;41;74;139m▀[38;2;90;180;246m▀▀▀[48;2;90;180;246m▀▀▀[38;2;16;16;16;48;2;16;16;16m▀[38;2;255;230;139;48;2;255;230;139m▀[38;2;106;82;0m▀[38;2;90;180;246;48;2;106;82;0m▀[48;2;90;180;246m▀▀▀▀▀[48;2;106;82;0m▀[38;2;106;82;0;48;2;255;230;139m▀▀[38;2;255;230;139m▀▀▀▀▀[48;2;41;74;139m▀[38;2;41;74;139;48;2;90;180;246m▀[38;2;90;180;246m▀▀▀▀▀▀▀▀▀▀▀[48;2;57;139;205m▀[38;2;57;139;205m▀[38;2;16;16;16;48;2;16;16;16m▀[38;2;57;139;205;48;2;57;139;205m▀[38;2;41;74;139;48;2;16;16;16m▀[38;2;57;139;205;48;2;57;139;205m▀▀[38;2;16;16;16;48;2;41;74;139m▀[38;2;246;82;90;48;2;246;82;90m▀▀▀▀▀▀▀[38;2;16;16;16;48;2;16;16;16m▀[0m
[0m                [38;2;16;16;16;48;2;16;16;16m▀[38;2;139;213;255;48;2;139;213;255m▀▀[48;2;57;139;205m▀▀▀[38;2;57;139;205m▀[38;2;41;74;139;48;2;41;74;139m▀[38;2;90;180;246;48;2;57;139;205m▀[38;2;57;139;205m▀[38;2;16;16;16m▀[38;2;255;230;139;48;2;106;82;0m▀[48;2;255;230;139m▀▀[38;2;106;82;0m▀[38;2;90;180;246;48;2;106;82;0m▀[38;2;106;82;0;48;2;255;230;139m▀▀▀[38;2;255;230;139m▀▀▀▀▀▀▀▀[38;2;41;74;139;48;2;16;16;16m▀[38;2;90;180;246;48;2;90;180;246m▀▀▀[48;2;41;74;139m▀▀[48;2;57;139;205m▀▀▀▀▀[38;2;57;139;205;48;2;139;213;255m▀▀[38;2;41;74;139;48;2;57;139;205m▀[48;2;16;16;16m▀[38;2;57;139;205;48;2;57;139;205m▀[38;2;16;16;16;48;2;16;16;16m▀[48;2;57;139;205m▀[38;2;57;139;205;48;2;41;74;139m▀[48;2;57;139;205m▀▀[38;2;16;16;16;48;2;16;16;16m▀[48;2;57;139;205m▀[38;2;41;74;139m▀[38;2;246;82;90;48;2;41;74;139m▀[48;2;16;16;16m▀▀[38;2;16;16;16m▀[49m▄[0m
[0m                 [38;2;41;74;139;48;2;16;16;16m▀[38;2;57;139;205;48;2;57;139;205m▀▀▀▀▀▀[38;2;16;16;16;48;2;16;16;16m▀[38;2;57;139;205;48;2;57;139;205m▀▀[38;2;16;16;16m▀[38;2;255;230;139;48;2;106;82;0m▀[48;2;255;230;139m▀▀[38;2;106;82;0;48;2;106;82;0m▀[38;2;255;230;139;48;2;255;230;139m▀▀▀▀▀▀▀▀▀[48;2;205;189;98m▀▀[38;2;16;16;16;48;2;16;16;16m▀[38;2;90;180;246;48;2;57;139;205m▀▀▀[38;2;41;74;139;48;2;41;74;139m▀[38;2;139;213;255;48;2;57;139;205m▀▀[48;2;139;213;255m▀▀▀▀[48;2;57;139;205m▀[38;2;57;139;205m▀▀[38;2;16;16;16;48;2;16;16;16m▀[38;2;57;139;205;48;2;57;139;205m▀[38;2;16;16;16;48;2;16;16;16m▀[38;2;57;139;205;48;2;57;139;205m▀[38;2;16;16;16;48;2;16;16;16m▀[38;2;57;139;205;48;2;57;139;205m▀▀[38;2;16;16;16;48;2;16;16;16m▀[38;2;57;139;205;48;2;57;139;205m▀▀▀▀▀▀▀[38;2;16;16;16;48;2;16;16;16m▀[0m
[0m                  [38;2;41;74;139;48;2;16;16;16m▀[38;2;57;139;205;48;2;57;139;205m▀▀▀[48;2;41;74;139m▀[48;2;16;16;16m▀[38;2;16;16;16;48;2;57;139;205m▀[38;2;57;139;205m▀▀▀[38;2;16;16;16m▀[38;2;205;189;98;48;2;16;16;16m▀[38;2;255;230;139;48;2;205;189;98m▀▀[38;2;106;82;0;48;2;106;82;0m▀[38;2;255;230;139;48;2;205;189;98m▀▀▀▀[38;2;205;189;98m▀▀▀▀▀[48;2;106;82;0m▀[38;2;16;16;16m▀[38;2;57;139;205;48;2;41;74;139m▀[48;2;57;139;205m▀▀[38;2;16;16;16m▀[38;2;57;139;205;48;2;16;16;16m▀[48;2;57;139;205m▀▀▀▀▀▀▀[38;2;41;74;139;48;2;16;16;16m▀[38;2;57;139;205;48;2;57;139;205m▀▀[38;2;16;16;16;48;2;16;16;16m▀[38;2;57;139;205;48;2;57;139;205m▀▀[38;2;16;16;16m▀▀[38;2;57;139;205m▀▀▀▀▀[48;2;41;74;139m▀[48;2;16;16;16m▀[38;2;16;16;16;49m▀[0m
[0m                   [38;2;16;16;16m▀▀▀[38;2;57;139;205;48;2;16;16;16m▀[48;2;57;139;205m▀▀▀▀▀▀▀[38;2;16;16;16m▀[38;2;205;189;98;48;2;16;16;16m▀▀[38;2;106;82;0;48;2;205;189;98m▀[38;2;205;189;98;48;2;106;82;0m▀[48;2;205;189;98m▀▀[48;2;106;82;0m▀▀▀[38;2;106;82;0;48;2;57;139;205m▀▀[38;2;57;139;205m▀▀[38;2;16;16;16m▀[38;2;57;139;205;48;2;41;74;139m▀[48;2;57;139;205m▀▀▀[38;2;16;16;16m▀[38;2;41;74;139m▀[38;2;57;139;205;48;2;16;16;16m▀▀▀[38;2;41;74;139;48;2;57;139;205m▀[38;2;16;16;16m▀[38;2;57;139;205m▀▀[38;2;41;74;139;48;2;16;16;16m▀[38;2;57;139;205;48;2;57;139;205m▀▀▀▀▀[48;2;41;74;139m▀[48;2;16;16;16m▀▀[38;2;41;74;139;49m▀[38;2;16;16;16m▀[0m
[0m                    [38;2;41;74;139m▄▄[38;2;16;16;16m▄[48;2;16;16;16m▀[38;2;41;74;139;48;2;57;139;205m▀[38;2;57;139;205;48;2;41;74;139m▀▀[48;2;57;139;205m▀▀▀▀▀▀[38;2;16;16;16m▀[48;2;16;16;16m▀[38;2;106;82;0m▀[48;2;57;139;205m▀[38;2;57;139;205m▀▀▀▀▀▀▀▀[38;2;16;16;16m▀[38;2;57;139;205;48;2;16;16;16m▀[48;2;57;139;205m▀▀▀▀▀▀▀▀▀▀[48;2;16;16;16m▀[38;2;16;16;16m▀[38;2;57;139;205m▀▀[38;2;41;74;139;49m▀[38;2;16;16;16m▀▀[0m
[0m               [38;2;41;74;139m▄▄[48;2;57;139;205m▀▀▀[38;2;57;139;205;48;2;41;74;139m▀[38;2;90;180;246m▀[48;2;90;180;246m▀▀[38;2;57;139;205m▀[48;2;57;139;205m▀▀▀▀▀▀▀▀▀[38;2;16;16;16;48;2;16;16;16m▀[0m [38;2;16;16;16m▀▀▀[38;2;41;74;139m▀[38;2;57;139;205;48;2;16;16;16m▀▀▀▀▀▀▀[38;2;16;16;16;49m▀▀[38;2;57;139;205;48;2;16;16;16m▀▀[48;2;57;139;205m▀▀▀▀▀[38;2;16;16;16;48;2;16;16;16m▀[49m▄[0m
[0m            [38;2;16;16;16m▄[38;2;57;139;205;48;2;255;255;255m▀▀[38;2;255;255;255m▀[48;2;57;139;205m▀▀[38;2;57;139;205;48;2;255;255;255m▀[38;2;41;74;139;48;2;57;139;205m▀[38;2;90;180;246m▀[48;2;90;180;246m▀▀▀▀[48;2;41;74;139m▀[38;2;57;139;205;48;2;16;16;16m▀▀▀▀▀[38;2;41;74;139;49m▀[38;2;16;16;16m▀▀[0m                [38;2;16;16;16;48;2;16;16;16m▀[48;2;57;139;205m▀▀[38;2;41;74;139m▀[38;2;57;139;205m▀[48;2;90;180;246m▀▀▀[38;2;16;16;16;48;2;57;139;205m▀▀[49m▄[0m
[0m            [38;2;16;16;16m▀▀▀[48;2;16;16;16m▀[38;2;255;255;255m▀▀▀▀[38;2;57;139;205m▀[38;2;41;74;139;49m▀[38;2;16;16;16m▀▀▀[0m                         [38;2;16;16;16;48;2;16;16;16m▀[38;2;57;139;205;48;2;57;139;205m▀[38;2;90;180;246;48;2;90;180;246m▀[48;2;57;139;205m▀▀[48;2;90;180;246m▀[48;2;41;74;139m▀[38;2;57;139;205;48;2;255;255;255m▀[48;2;41;74;139m▀[38;2;41;74;139;48;2;197;197;197m▀[38;2;57;139;205m▀[38;2;16;16;16;48;2;16;16;16m▀[0m
[0m                                                   [38;2;16;16;16m▀[38;2;57;139;205;48;2;16;16;16m▀[38;2;255;255;255;48;2;255;255;255m▀▀[38;2;57;139;205;48;2;16;16;16m▀[38;2;255;255;255m▀[48;2;255;255;255m▀[38;2;197;197;197m▀[38;2;57;139;205;48;2;16;16;16m▀[38;2;197;197;197m▀[48;2;197;197;197m▀[38;2;16;16;16;48;2;16;16;16m▀[0m
[0m                                                     [38;2;16;16;16m▀[38;2;255;255;255;48;2;16;16;16m▀[38;2;16;16;16;49m▀[0m [38;2;16;16;16m▀[38;2;255;255;255;48;2;16;16;16m▀[38;2;16;16;16m▀[0m [38;2;16;16;16m▀▀[0m
