[0m         [38;2;74;49;32m▄▄[0m       [38;2;57;19;11m▄[38;2;74;49;32;48;2;74;49;32m▀[48;2;98;65;49m▀▀[38;2;16;16;16;49m▄[0m
[0m        [38;2;74;49;32;48;2;74;49;32m▀[38;2;98;65;49;48;2;98;65;49m▀▀[38;2;74;49;32m▀[38;2;16;16;16;48;2;74;49;32m▀[49m▄[0m    [38;2;57;19;11;48;2;57;19;11m▀[38;2;98;65;49;48;2;74;49;32m▀[38;2;74;49;32m▀▀[38;2;16;16;16m▀[49m▄[0m
[0m        [38;2;16;16;16;48;2;16;16;16m▀[38;2;98;65;49;48;2;74;49;32m▀[38;2;74;49;32;48;2;57;19;11m▀▀▀[48;2;74;49;32m▀[38;2;16;16;16;48;2;16;16;16m▀[0m   [38;2;16;16;16;48;2;16;16;16m▀[38;2;57;19;11;48;2;180;32;65m▀[38;2;180;32;65m▀[38;2;57;19;11m▀[38;2;74;49;32;48;2;57;19;11m▀[38;2;16;16;16;48;2;16;16;16m▀[0m
[0m         [38;2;16;16;16;48;2;16;16;16m▀[38;2;180;32;65;48;2;74;49;32m▀[48;2;222;65;74m▀[38;2;57;19;11m▀[38;2;74;49;32;48;2;180;32;65m▀[48;2;74;49;32m▀[38;2;16;16;16;48;2;16;16;16m▀[0m  [38;2;16;16;16;48;2;16;16;16m▀[38;2;180;32;65;48;2;222;65;74m▀[38;2;222;65;74m▀[38;2;180;32;65m▀[38;2;74;49;32;48;2;74;49;32m▀[38;2;16;16;16;48;2;16;16;16m▀[0m
[0m          [38;2;16;16;16m▀[38;2;222;65;74;48;2;16;16;16m▀[48;2;222;65;74m▀▀[38;2;74;49;32;48;2;180;32;65m▀[38;2;16;16;16;48;2;16;16;16m▀[0m  [38;2;16;16;16;48;2;16;16;16m▀[38;2;222;65;74;48;2;180;32;65m▀[48;2;222;65;74m▀▀[38;2;74;49;32;48;2;74;49;32m▀[38;2;16;16;16;48;2;16;16;16m▀[0m
[0m            [38;2;16;16;16m▀▀[38;2;222;65;74;48;2;16;16;16m▀[38;2;74;49;32;48;2;180;32;65m▀[38;2;16;16;16;48;2;16;16;16m▀[0m  [38;2;16;16;16;48;2;16;16;16m▀[38;2;222;65;74;48;2;222;65;74m▀[48;2;180;32;65m▀[38;2;16;16;16;48;2;16;16;16m▀[0m
[0m              [38;2;139;90;65m▄[38;2;16;16;16;48;2;139;90;65m▀[38;2;74;49;32;48;2;205;164;131m▀▀[48;2;189;131;90m▀[38;2;16;16;16;48;2;139;90;65m▀[38;2;222;65;74;48;2;74;49;32m▀[38;2;16;16;16;48;2;16;16;16m▀[0m
[0m           [38;2;74;49;32m▄[38;2;139;90;65;48;2;205;164;131m▀▀[38;2;205;164;131m▀▀▀▀[48;2;189;131;90m▀[38;2;189;131;90m▀▀▀[38;2;98;65;49m▀[38;2;74;49;32;49m▄[0m
[0m          [38;2;74;49;32;48;2;74;49;32m▀[38;2;189;131;90;48;2;189;131;90m▀[38;2;205;164;131m▀[38;2;16;16;16;48;2;16;16;16m▀[38;2;205;164;131;48;2;189;131;90m▀▀[38;2;189;131;90m▀▀[38;2;16;16;16;48;2;16;16;16m▀[38;2;189;131;90;48;2;189;131;90m▀▀▀▀▀[38;2;16;16;16;48;2;16;16;16m▀[0m
[0m    [38;2;98;65;49m▄[48;2;139;90;65m▀[48;2;205;164;131m▀[38;2;74;49;32;49m▄▄[48;2;139;90;65m▀[38;2;189;131;90;48;2;189;131;90m▀▀▀[48;2;98;65;49m▀[38;2;74;49;32;48;2;180;32;65m▀[38;2;57;19;11m▀[38;2;189;131;90;48;2;98;65;49m▀[48;2;189;131;90m▀▀▀▀▀▀▀▀[38;2;16;16;16;48;2;74;49;32m▀[38;2;74;49;32;49m▄▄[38;2;98;65;49;48;2;205;164;131m▀[38;2;74;49;32m▀[49m▄[0m
[0m   [38;2;98;65;49;48;2;98;65;49m▀[38;2;189;131;90;48;2;74;49;32m▀[38;2;98;65;49m▀[38;2;139;90;65;48;2;189;131;90m▀[38;2;189;131;90m▀[38;2;139;90;65;48;2;139;90;65m▀[38;2;189;131;90;48;2;189;131;90m▀▀▀▀▀[38;2;180;32;65m▀▀[38;2;189;131;90m▀▀▀▀▀▀▀[38;2;74;49;32m▀▀[38;2;189;131;90m▀▀[38;2;16;16;16m▀[38;2;189;131;90;48;2;16;16;16m▀[38;2;205;164;131m▀[48;2;189;131;90m▀[38;2;74;49;32;48;2;74;49;32m▀[0m
[0m   [38;2;16;16;16;48;2;16;16;16m▀[38;2;189;131;90;48;2;164;115;74m▀[48;2;189;131;90m▀▀[38;2;139;90;65;48;2;139;90;65m▀[38;2;189;131;90;48;2;189;131;90m▀▀▀[48;2;255;255;255m▀[38;2;205;164;131m▀[38;2;255;255;255m▀▀▀[38;2;205;164;131m▀[38;2;189;131;90m▀[48;2;205;164;131m▀[48;2;189;131;90m▀▀▀▀▀▀▀▀▀▀▀▀[38;2;74;49;32;48;2;74;49;32m▀[0m
[0m    [38;2;74;49;32;48;2;16;16;16m▀[38;2;189;131;90;48;2;139;90;65m▀▀[38;2;98;65;49;48;2;98;65;49m▀[38;2;189;131;90;48;2;189;131;90m▀[48;2;205;164;131m▀[38;2;255;255;255;48;2;255;255;255m▀▀▀[48;2;189;131;90m▀▀▀[48;2;205;164;131m▀[48;2;255;255;255m▀▀[38;2;205;164;131m▀[38;2;189;131;90;48;2;205;164;131m▀[48;2;189;131;90m▀▀▀▀▀▀▀▀▀[38;2;139;90;65;48;2;16;16;16m▀[38;2;16;16;16;49m▀[0m
[0m     [38;2;74;49;32;48;2;16;16;16m▀[38;2;139;90;65;48;2;139;90;65m▀[38;2;16;16;16;48;2;16;16;16m▀[38;2;189;131;90;48;2;189;131;90m▀[38;2;255;255;255;48;2;255;255;255m▀▀▀[38;2;205;164;131;48;2;189;131;90m▀[38;2;189;131;90m▀▀▀▀[38;2;205;164;131m▀[38;2;255;255;255;48;2;255;255;255m▀▀▀[38;2;189;131;90;48;2;205;164;131m▀[48;2;189;131;90m▀▀▀▀▀▀[48;2;139;90;65m▀[38;2;139;90;65;48;2;16;16;16m▀[38;2;16;16;16;49m▀[0m
[0m      [38;2;57;19;11m▀[38;2;16;16;16m▀[38;2;139;90;65;48;2;57;19;11m▀[38;2;255;255;255;48;2;205;164;131m▀[48;2;255;255;255m▀▀[38;2;189;131;90;48;2;205;164;131m▀[48;2;189;131;90m▀▀▀▀▀▀[38;2;255;255;255;48;2;255;255;255m▀▀▀[38;2;189;131;90;48;2;189;131;90m▀▀▀[48;2;139;90;65m▀▀[38;2;139;90;65;48;2;16;16;16m▀[38;2;16;16;16;49m▀[0m
[0m        [38;2;57;19;11m▀[38;2;189;131;90;48;2;57;19;11m▀[38;2;255;255;255;48;2;164;115;74m▀[48;2;205;205;197m▀[48;2;255;255;255m▀[38;2;189;131;90m▀[48;2;205;164;131m▀[48;2;189;131;90m▀▀[48;2;205;164;131m▀[38;2;205;164;131;48;2;255;255;255m▀[38;2;255;255;255m▀[48;2;205;205;197m▀[48;2;164;115;74m▀[38;2;139;90;65;48;2;139;90;65m▀▀▀▀[38;2;16;16;16;48;2;16;16;16m▀[0m
[0m         [38;2;57;19;11m▀[38;2;139;90;65;48;2;57;19;11m▀[38;2;164;115;74;48;2;139;90;65m▀[38;2;205;205;197;48;2;164;115;74m▀[48;2;205;205;197m▀▀▀▀▀▀▀[48;2;164;115;74m▀[38;2;139;90;65;48;2;139;90;65m▀▀▀[48;2;16;16;16m▀[38;2;16;16;16;49m▀[0m
[0m           [38;2;57;19;11m▀[48;2;16;16;16m▀[38;2;139;90;65;48;2;57;19;11m▀[38;2;164;115;74m▀[38;2;205;205;197;48;2;139;90;65m▀▀▀[38;2;164;115;74m▀[38;2;139;90;65m▀[48;2;57;19;11m▀▀▀[38;2;16;16;16;48;2;98;65;49m▀[49m▄[0m
[0m           [38;2;16;16;16m▄[48;2;98;65;49m▀[38;2;139;90;65;48;2;139;90;65m▀[38;2;16;16;16m▀[38;2;57;19;11;48;2;98;65;49m▀[48;2;16;16;16m▀[49m▀[48;2;16;16;16m▀[38;2;16;16;16;48;2;74;49;32m▀[48;2;16;16;16m▀[38;2;98;65;49;48;2;98;65;49m▀[38;2;139;90;65;48;2;139;90;65m▀[38;2;98;65;49m▀[38;2;16;16;16;48;2;98;65;49m▀[49m▄[0m
[0m           [38;2;16;16;16;48;2;16;16;16m▀[38;2;139;90;65;48;2;98;65;49m▀[38;2;98;65;49;48;2;74;49;32m▀[38;2;139;90;65;48;2;139;90;65m▀[38;2;16;16;16;48;2;16;16;16m▀[0m  [38;2;16;16;16;48;2;16;16;16m▀[38;2;74;49;32;48;2;74;49;32m▀▀[38;2;16;16;16;48;2;16;16;16m▀[38;2;139;90;65;48;2;139;90;65m▀[38;2;98;65;49;48;2;74;49;32m▀[48;2;98;65;49m▀[38;2;16;16;16;48;2;16;16;16m▀[0m
[0m            [38;2;16;16;16m▀▀▀[0m [38;2;16;16;16m▄[48;2;74;49;32m▀[38;2;74;49;32;48;2;98;65;49m▀[38;2;98;65;49m▀▀[38;2;16;16;16;48;2;74;49;32m▀[48;2;16;16;16m▀[49m▀▀[0m
[0m               [38;2;74;49;32m▄[38;2;16;16;16;48;2;98;65;49m▀[38;2;74;49;32;48;2;189;131;90m▀[38;2;98;65;49m▀[48;2;164;115;74m▀[48;2;98;65;49m▀[38;2;74;49;32m▀[38;2;16;16;16;48;2;16;16;16m▀[0m
[0m              [38;2;74;49;32m▄[48;2;205;164;131m▀[38;2;189;131;90m▀[38;2;205;164;131m▀▀[38;2;189;131;90m▀[38;2;164;115;74;48;2;189;131;90m▀[48;2;164;115;74m▀[38;2;16;16;16;48;2;98;65;49m▀[49m▄[0m
[0m         [38;2;57;19;11m▄▄▄[38;2;74;49;32;48;2;98;65;49m▀▀[38;2;98;65;49m▀▀▀▀[38;2;164;115;74m▀[38;2;205;164;131m▀[38;2;189;131;90;48;2;139;90;65m▀[38;2;164;115;74;48;2;164;115;74m▀▀[38;2;16;16;16;48;2;16;16;16m▀[0m
[0m    [38;2;57;19;11m▄▄[48;2;98;65;49m▀▀▀[38;2;164;115;74m▀[38;2;205;164;131m▀▀[48;2;205;164;131m▀▀[38;2;164;115;74m▀[38;2;98;65;49m▀[48;2;164;115;74m▀[48;2;74;49;32m▀▀[38;2;74;49;32m▀▀[38;2;98;65;49m▀[38;2;164;115;74;48;2;98;65;49m▀[38;2;16;16;16;48;2;16;16;16m▀[0m
[0m  [38;2;57;19;11m▄[48;2;98;65;49m▀[38;2;98;65;49m▀▀▀▀▀▀▀▀▀[48;2;74;49;32m▀[38;2;205;164;131m▀[48;2;189;131;90m▀[38;2;189;131;90;48;2;164;115;74m▀[38;2;164;115;74m▀[38;2;74;49;32;48;2;98;65;49m▀[48;2;74;49;32m▀▀▀▀[38;2;16;16;16;48;2;16;16;16m▀[0m
[0m [38;2;57;19;11;48;2;57;19;11m▀[38;2;74;49;32;48;2;74;49;32m▀[48;2;189;131;90m▀[38;2;139;90;65;48;2;205;164;131m▀[38;2;205;164;131m▀▀▀[38;2;189;131;90m▀[38;2;139;90;65;48;2;189;131;90m▀[38;2;98;65;49m▀[38;2;74;49;32;48;2;74;49;32m▀▀▀▀▀[38;2;164;115;74;48;2;164;115;74m▀▀▀[38;2;74;49;32;48;2;98;65;49m▀[48;2;74;49;32m▀▀[38;2;16;16;16;48;2;16;16;16m▀[0m
[38;2;16;16;16;48;2;16;16;16m▀[38;2;74;49;32;48;2;74;49;32m▀[38;2;139;90;65;48;2;189;131;90m▀[38;2;189;131;90m▀[38;2;205;164;131m▀[48;2;205;164;131m▀▀▀[48;2;189;131;90m▀[38;2;189;131;90m▀▀[38;2;139;90;65m▀[38;2;74;49;32;48;2;74;49;32m▀▀▀▀▀[38;2;164;115;74;48;2;139;90;65m▀[38;2;139;90;65m▀▀[38;2;74;49;32;48;2;74;49;32m▀[48;2;16;16;16m▀[38;2;16;16;16;49m▀[0m
[38;2;16;16;16;48;2;16;16;16m▀[38;2;74;49;32;48;2;74;49;32m▀[38;2;189;131;90;48;2;189;131;90m▀▀▀▀▀▀▀▀▀▀[38;2;74;49;32;48;2;74;49;32m▀▀▀▀▀[38;2;139;90;65;48;2;139;90;65m▀▀[38;2;98;65;49;48;2;74;49;32m▀[38;2;74;49;32;48;2;16;16;16m▀[38;2;16;16;16;49m▀[0m
[0m [38;2;16;16;16;48;2;16;16;16m▀[38;2;139;90;65;48;2;74;49;32m▀[38;2;189;131;90;48;2;189;131;90m▀▀▀▀▀▀▀▀[38;2;139;90;65;48;2;74;49;32m▀[38;2;74;49;32m▀▀▀▀[48;2;98;65;49m▀[38;2;139;90;65;48;2;139;90;65m▀[38;2;98;65;49;48;2;16;16;16m▀[38;2;16;16;16;49m▀[0m
[0m  [38;2;16;16;16m▀[38;2;74;49;32;48;2;16;16;16m▀[38;2;139;90;65m▀[38;2;189;131;90;48;2;74;49;32m▀▀▀▀[38;2;139;90;65m▀[38;2;74;49;32m▀▀▀▀[48;2;16;16;16m▀▀[38;2;98;65;49m▀[38;2;16;16;16;49m▀[0m
[0m     [38;2;16;16;16m▀▀▀▀▀▀▀▀▀[0m
