[0m               [38;2;16;16;16m▄[48;2;90;82;82m▀[48;2;16;16;16m▀[0m        [38;2;16;16;16m▄▄[0m
[0m              [38;2;16;16;16;48;2;16;16;16m▀[38;2;90;82;82;48;2;90;82;82m▀[38;2;16;16;16;48;2;16;16;16m▀[49m▀[0m      [38;2;16;16;16m▄[48;2;16;16;16m▀[48;2;90;82;82m▀[48;2;16;16;16m▀[0m
[0m             [38;2;16;16;16;48;2;16;16;16m▀[38;2;90;82;82;48;2;90;82;82m▀[38;2;16;16;16;48;2;16;16;16m▀▀[0m     [38;2;16;16;16m▄[48;2;90;82;82m▀[38;2;90;82;82m▀[48;2;16;16;16m▀[38;2;16;16;16;49m▀[0m
[0m            [38;2;16;16;16;48;2;16;16;16m▀▀▀▀[0m     [38;2;16;16;16;48;2;16;16;16m▀[38;2;90;82;82m▀▀[38;2;16;16;16m▀[49m▀[0m
[0m            [38;2;16;16;16;48;2;16;16;16m▀▀▀▀[49m▄[0m   [38;2;16;16;16;48;2;16;16;16m▀▀▀▀▀[0m
[0m             [38;2;16;16;16;48;2;16;16;16m▀▀▀▀[38;2;106;41;24;49m▄▄▄[38;2;16;16;16;48;2;106;41;24m▀[48;2;16;16;16m▀▀▀[0m
[0m          [38;2;180;65;49m▄[48;2;246;90;24m▀▀[38;2;246;90;24;48;2;255;156;32m▀[38;2;255;156;32m▀▀▀▀[38;2;246;90;24m▀[48;2;246;90;24m▀▀[38;2;180;65;49m▀[38;2;106;41;24m▀[38;2;16;16;16m▀[49m▄[0m
[0m       [38;2;90;82;82m▄[48;2;213;205;205m▀[48;2;255;255;255m▀[38;2;246;90;24;48;2;180;65;49m▀[48;2;246;90;24m▀[38;2;255;156;32;48;2;255;156;32m▀▀▀▀▀▀[48;2;246;90;24m▀[38;2;246;90;24m▀▀[48;2;180;65;49m▀[48;2;255;255;255m▀▀▀[38;2;106;41;24;48;2;90;82;82m▀[49m▄[0m
[0m      [38;2;172;164;164m▄[48;2;90;82;82m▀[38;2;255;255;255;48;2;255;255;255m▀[38;2;90;82;82;48;2;16;16;16m▀[38;2;172;164;164;48;2;213;205;205m▀[38;2;180;65;49;48;2;180;65;49m▀[38;2;246;90;24;48;2;246;90;24m▀[38;2;255;156;32m▀▀▀▀[38;2;246;90;24m▀▀[48;2;180;65;49m▀[38;2;180;65;49;48;2;255;255;255m▀[38;2;255;255;255;48;2;172;164;164m▀[38;2;172;164;164;48;2;255;255;255m▀[38;2;90;82;82m▀[48;2;16;16;16m▀[38;2;255;255;255m▀[38;2;90;82;82;48;2;255;255;255m▀[38;2;16;16;16;48;2;16;16;16m▀[38;2;180;65;49;49m▄[38;2;16;16;16m▄[0m
[0m      [38;2;172;164;164;48;2;172;164;164m▀[38;2;90;82;82;48;2;90;82;82m▀[38;2;16;16;16;48;2;16;16;16m▀[48;2;90;82;82m▀[38;2;213;205;205;48;2;172;164;164m▀[38;2;180;65;49;48;2;180;65;49m▀[38;2;246;90;24;48;2;246;90;24m▀▀▀▀▀▀▀[38;2;180;65;49;48;2;180;65;49m▀[38;2;255;255;255;48;2;255;255;255m▀[38;2;16;16;16;48;2;16;16;16m▀[38;2;213;205;205m▀[48;2;90;82;82m▀[38;2;16;16;16m▀[48;2;16;16;16m▀[38;2;255;255;255;48;2;213;205;205m▀[38;2;16;16;16;48;2;16;16;16m▀[38;2;246;90;24;48;2;246;90;24m▀▀[38;2;16;16;16;48;2;16;16;16m▀▀[49m▄[0m
[0m      [38;2;90;82;82;48;2;90;82;82m▀[38;2;255;255;255;48;2;172;164;164m▀[38;2;90;82;82;48;2;213;205;205m▀[38;2;213;205;205;48;2;180;65;49m▀[38;2;180;65;49;48;2;246;90;24m▀[38;2;246;90;24m▀[48;2;106;41;24m▀▀▀▀▀▀[48;2;246;90;24m▀▀[38;2;90;82;82m▀[38;2;255;255;255;48;2;90;82;82m▀[38;2;16;16;16;48;2;213;205;205m▀▀▀[38;2;213;205;205;48;2;90;82;82m▀[38;2;90;82;82;48;2;16;16;16m▀[38;2;106;41;24;48;2;180;65;49m▀[38;2;180;65;49;48;2;16;16;16m▀[38;2;246;90;24;48;2;246;90;24m▀[38;2;180;65;49m▀[38;2;16;16;16;48;2;16;16;16m▀[38;2;90;82;82;48;2;90;82;82m▀[38;2;16;16;16m▀[49m▄[0m
[0m  [38;2;90;82;82m▄▄▄▄[0m [38;2;106;41;24;48;2;106;41;24m▀[38;2;246;90;24;48;2;246;90;24m▀[48;2;106;41;24m▀[38;2;106;41;24;48;2;255;230;156m▀[38;2;213;180;123m▀[38;2;255;230;156m▀▀▀[48;2;255;255;189m▀▀[38;2;213;180;123m▀[38;2;106;41;24;48;2;255;230;156m▀[48;2;213;180;123m▀[38;2;246;90;24;48;2;106;41;24m▀[38;2;180;65;49;48;2;180;65;49m▀[38;2;90;82;82m▀[38;2;16;16;16m▀▀▀[38;2;180;65;49m▀▀[38;2;16;16;16;48;2;106;41;24m▀[38;2;246;90;24;48;2;246;90;24m▀▀[38;2;180;65;49m▀[38;2;16;16;16;48;2;16;16;16m▀▀▀[49m▄[0m
[38;2;90;82;82;49m▄[48;2;213;205;205m▀[38;2;255;255;255;48;2;255;255;255m▀▀▀[38;2;213;205;205m▀[38;2;90;82;82;48;2;213;205;205m▀[49m▄[38;2;180;65;49;48;2;106;41;24m▀[38;2;106;41;24;48;2;16;16;16m▀[38;2;255;230;156;48;2;255;230;156m▀▀▀[48;2;255;255;189m▀[38;2;255;255;189m▀▀▀▀[48;2;255;230;156m▀[38;2;255;230;156m▀▀[38;2;106;41;24m▀▀[38;2;180;65;49;48;2;16;16;16m▀▀[48;2;106;41;24m▀[48;2;180;65;49m▀[38;2;106;41;24;48;2;16;16;16m▀[48;2;180;65;49m▀[38;2;180;65;49m▀[38;2;246;90;24m▀[48;2;246;90;24m▀[38;2;180;65;49m▀[38;2;16;16;16;48;2;16;16;16m▀[48;2;172;164;164m▀[48;2;255;255;255m▀▀▀[48;2;213;205;205m▀[49m▄[0m
[38;2;90;82;82;48;2;90;82;82m▀[38;2;255;255;255;48;2;255;255;255m▀▀[48;2;90;82;82m▀[38;2;90;82;82;48;2;255;255;255m▀[38;2;16;16;16m▀[38;2;213;205;205;48;2;16;16;16m▀[38;2;90;82;82;48;2;90;82;82m▀[0m [38;2;106;41;24m▀[38;2;213;180;123;48;2;106;41;24m▀[38;2;255;230;156;48;2;213;180;123m▀[48;2;255;230;156m▀▀[38;2;255;255;189m▀▀▀[38;2;255;230;156m▀▀▀▀[48;2;213;180;123m▀[38;2;213;180;123m▀[48;2;106;41;24m▀[38;2;106;41;24;48;2;180;65;49m▀[38;2;180;65;49;48;2;16;16;16m▀[38;2;16;16;16;48;2;180;65;49m▀[38;2;180;65;49m▀▀▀▀▀[38;2;90;82;82;48;2;90;82;82m▀[38;2;172;164;164;48;2;172;164;164m▀[38;2;255;255;255;48;2;16;16;16m▀▀[48;2;255;255;255m▀▀▀[38;2;213;205;205;48;2;213;205;205m▀[38;2;16;16;16;48;2;16;16;16m▀[0m
[38;2;90;82;82;49m▀[38;2;213;205;205;48;2;90;82;82m▀[48;2;172;164;164m▀[38;2;90;82;82m▀[38;2;255;255;255;48;2;16;16;16m▀▀[38;2;16;16;16;48;2;90;82;82m▀[38;2;90;82;82;48;2;106;98;180m▀[38;2;16;16;16;49m▄▄[38;2;106;41;24;48;2;106;41;24m▀[38;2;16;16;16;48;2;180;65;49m▀▀[38;2;213;180;123;48;2;16;16;16m▀[38;2;255;230;156m▀[48;2;213;180;123m▀▀▀[38;2;213;180;123m▀▀[48;2;16;16;16m▀▀[38;2;106;41;24;48;2;164;123;0m▀[38;2;16;16;16m▀[48;2;213;180;123m▀[38;2;164;123;0m▀▀[38;2;180;65;49;48;2;164;123;0m▀▀[48;2;180;65;49m▀▀▀[38;2;90;82;82m▀[38;2;16;16;16;48;2;16;16;16m▀[38;2;255;255;255;48;2;255;255;255m▀▀[38;2;90;82;82;48;2;16;16;16m▀[38;2;255;255;255;48;2;213;205;205m▀[38;2;213;205;205m▀[48;2;172;164;164m▀[38;2;16;16;16;48;2;16;16;16m▀[0m
[0m  [38;2;16;16;16m▀▀[38;2;74;49;115m▀▀[38;2;16;16;16m▀[38;2;106;98;180;48;2;16;16;16m▀▀[48;2;106;98;180m▀[38;2;16;16;16m▀▀[38;2;164;123;0;48;2;16;16;16m▀[48;2;255;230;156m▀[38;2;213;180;123m▀[38;2;106;41;24m▀[38;2;16;16;16;48;2;213;180;123m▀[48;2;164;123;0m▀[48;2;213;180;123m▀▀[38;2;164;123;0m▀[38;2;213;180;123m▀▀▀▀▀▀▀[48;2;16;16;16m▀[38;2;164;123;0m▀[38;2;180;65;49m▀[38;2;16;16;16;48;2;74;49;115m▀▀[38;2;74;49;115m▀[38;2;16;16;16;48;2;90;82;82m▀[48;2;16;16;16m▀[38;2;172;164;164m▀[38;2;213;205;205m▀[38;2;172;164;164;48;2;90;82;82m▀[38;2;16;16;16;49m▀[0m
[0m         [38;2;16;16;16m▀[48;2;16;16;16m▀[48;2;180;65;49m▀[48;2;164;123;0m▀[38;2;255;230;156;48;2;255;230;156m▀▀▀▀[38;2;164;123;0;48;2;164;123;0m▀[38;2;213;180;123;48;2;255;230;156m▀[48;2;213;180;123m▀▀▀▀▀▀▀▀▀[38;2;16;16;16m▀[38;2;106;98;180;48;2;16;16;16m▀▀▀[38;2;16;16;16;48;2;180;65;49m▀[48;2;246;90;24m▀[38;2;246;90;24m▀▀[48;2;90;82;82m▀[38;2;180;65;49;48;2;16;16;16m▀[38;2;106;41;24m▀[38;2;16;16;16;49m▄[0m
[0m   [38;2;90;82;82m▄[38;2;16;16;16;48;2;255;255;255m▀[48;2;213;205;205m▀[38;2;90;82;82;48;2;16;16;16m▀▀[49m▄[0m  [38;2;106;41;24;48;2;90;82;82m▀[38;2;164;123;0m▀[38;2;213;180;123;48;2;164;123;0m▀[38;2;255;230;156;48;2;255;230;156m▀▀▀[38;2;164;123;0m▀[38;2;255;230;156;48;2;164;123;0m▀[48;2;255;230;156m▀▀▀[38;2;213;180;123m▀▀▀▀▀▀[38;2;255;230;156m▀▀▀[38;2;164;123;0;48;2;213;180;123m▀▀[38;2;246;90;24;48;2;180;65;49m▀[48;2;90;82;82m▀[38;2;90;82;82;48;2;16;16;16m▀[38;2;213;205;205;48;2;90;82;82m▀[38;2;255;255;255;48;2;255;255;255m▀▀[38;2;213;205;205m▀[38;2;16;16;16;48;2;213;205;205m▀[38;2;90;82;82;49m▄[0m
[0m  [38;2;90;82;82;48;2;90;82;82m▀[38;2;255;255;255;48;2;213;205;205m▀[48;2;255;255;255m▀[38;2;16;16;16;48;2;90;82;82m▀[38;2;255;255;255;48;2;213;205;205m▀▀[38;2;16;16;16;48;2;16;16;16m▀[38;2;90;82;82;48;2;74;49;115m▀[48;2;106;98;180m▀[38;2;106;98;180m▀[48;2;16;16;16m▀[38;2;16;16;16;48;2;106;41;24m▀[38;2;255;230;156;48;2;164;123;0m▀[48;2;255;230;156m▀▀▀[38;2;164;123;0m▀[38;2;255;230;156;48;2;164;123;0m▀[48;2;255;230;156m▀▀▀▀▀▀▀▀▀[48;2;213;180;123m▀[38;2;164;123;0;48;2;16;16;16m▀[38;2;74;49;115;48;2;106;98;180m▀▀▀[38;2;16;16;16;48;2;16;16;16m▀[38;2;255;255;255;48;2;172;164;164m▀[48;2;213;205;205m▀[38;2;90;82;82;48;2;90;82;82m▀[38;2;255;255;255;48;2;255;255;255m▀▀▀[38;2;16;16;16;48;2;16;16;16m▀[0m
[0m  [38;2;16;16;16;48;2;16;16;16m▀[38;2;213;205;205;48;2;172;164;164m▀[48;2;213;205;205m▀▀[38;2;16;16;16m▀▀[38;2;90;82;82;48;2;16;16;16m▀[38;2;74;49;115m▀[38;2;16;16;16;49m▀▀[0m [38;2;106;41;24m▀[38;2;16;16;16;48;2;16;16;16m▀[38;2;213;180;123;48;2;164;123;0m▀[38;2;255;230;156;48;2;213;180;123m▀▀[48;2;255;230;156m▀[38;2;164;123;0m▀[38;2;255;230;156;48;2;164;123;0m▀[48;2;255;230;156m▀▀▀▀[48;2;213;180;123m▀▀▀[38;2;213;180;123m▀▀▀[38;2;16;16;16m▀▀[48;2;180;65;49m▀[38;2;74;49;115;48;2;16;16;16m▀[38;2;90;82;82m▀[48;2;172;164;164m▀[38;2;255;255;255;48;2;213;205;205m▀▀▀[38;2;213;205;205;48;2;16;16;16m▀[38;2;16;16;16;49m▀[0m
[0m   [38;2;16;16;16m▀[38;2;172;164;164;48;2;16;16;16m▀▀▀[38;2;16;16;16;49m▀[0m   [38;2;90;82;82m▄[48;2;213;205;205m▀[48;2;255;255;255m▀[38;2;16;16;16;49m▄[48;2;16;16;16m▀[38;2;74;49;115;48;2;106;98;180m▀[38;2;164;123;0;48;2;74;49;115m▀[38;2;213;180;123;48;2;106;41;24m▀[48;2;213;180;123m▀▀[38;2;164;123;0m▀[38;2;213;180;123;48;2;164;123;0m▀[48;2;213;180;123m▀▀▀▀▀[48;2;164;123;0m▀[38;2;74;49;115;48;2;74;49;115m▀▀[38;2;164;123;0;48;2;16;16;16m▀[38;2;180;65;49;48;2;180;65;49m▀[48;2;16;16;16m▀▀[38;2;106;41;24;48;2;90;82;82m▀[38;2;16;16;16;49m▀▀▀▀[0m
[0m          [38;2;90;82;82;48;2;90;82;82m▀[48;2;213;205;205m▀[38;2;213;205;205;48;2;16;16;16m▀▀[38;2;16;16;16;48;2;172;164;164m▀[38;2;172;164;164m▀[38;2;16;16;16;48;2;16;16;16m▀[38;2;74;49;115;49m▀[0m [38;2;106;41;24m▀▀[38;2;213;180;123;48;2;106;41;24m▀▀[38;2;164;123;0m▀▀[38;2;213;180;123m▀▀[38;2;164;123;0m▀[38;2;106;41;24;49m▀[38;2;16;16;16m▀[38;2;74;49;115;48;2;16;16;16m▀[48;2;74;49;115m▀[38;2;16;16;16;48;2;16;16;16m▀[38;2;255;255;255;48;2;255;255;255m▀▀[38;2;16;16;16;48;2;16;16;16m▀[38;2;255;255;255;48;2;255;255;255m▀[38;2;90;82;82m▀[49m▄[0m
[0m          [38;2;90;82;82m▀[38;2;213;205;205;48;2;90;82;82m▀[48;2;172;164;164m▀[38;2;172;164;164m▀▀[48;2;16;16;16m▀[38;2;16;16;16;49m▀[0m              [38;2;16;16;16;48;2;16;16;16m▀[38;2;213;205;205;48;2;213;205;205m▀[38;2;16;16;16m▀▀[38;2;213;205;205;48;2;255;255;255m▀[38;2;255;255;255;48;2;213;205;205m▀[38;2;213;205;205;48;2;172;164;164m▀[38;2;90;82;82;48;2;90;82;82m▀[0m
[0m            [38;2;16;16;16m▀▀▀[0m                 [38;2;16;16;16m▀[38;2;172;164;164;48;2;16;16;16m▀[38;2;213;205;205m▀▀[38;2;172;164;164m▀[38;2;16;16;16;49m▀[0m
