[0m            [38;2;16;16;16m▄▄[48;2;82;82;82m▀[48;2;16;16;16m▀[0m
[0m         [38;2;16;16;16m▄▄[48;2;82;82;82m▀[38;2;82;82;82m▀[48;2;16;16;16m▀[38;2;16;16;16;49m▀[0m       [38;2;16;16;16m▄▄[48;2;82;82;82m▀[48;2;16;16;16m▀[0m
[0m       [38;2;16;16;16m▄[48;2;82;82;82m▀[38;2;82;82;82m▀▀[48;2;16;16;16m▀[38;2;16;16;16m▀[49m▀[0m      [38;2;16;16;16m▄[48;2;82;82;82m▀[38;2;82;82;82m▀▀[38;2;16;16;16;48;2;16;16;16m▀[0m
[0m      [38;2;16;16;16m▄[48;2;82;82;82m▀[38;2;82;82;82;48;2;16;16;16m▀▀[38;2;16;16;16;49m▀▀[0m   [38;2;197;57;90m▄▄▄[38;2;16;16;16m▄[48;2;82;82;82m▀[38;2;82;82;82m▀[48;2;16;16;16m▀▀[38;2;16;16;16;49m▀[0m
[0m      [38;2;16;16;16m▀[48;2;16;16;16m▀▀[0m   [38;2;197;57;90m▄[48;2;255;131;131m▀▀[38;2;255;131;131m▀▀[38;2;16;16;16;48;2;16;16;16m▀[38;2;82;82;82m▀[38;2;16;16;16m▀▀[48;2;255;74;65m▀[38;2;115;32;16m▀[49m▄[0m
[0m       [38;2;16;16;16m▀[48;2;16;16;16m▀▀[38;2;197;57;90;49m▄[48;2;255;131;131m▀[38;2;255;131;131m▀▀▀▀[38;2;16;16;16;48;2;16;16;16m▀▀[48;2;115;32;16m▀[38;2;255;74;65;48;2;255;74;65m▀▀▀▀▀[38;2;115;32;16;48;2;115;32;16m▀[0m
[0m        [38;2;16;16;16;48;2;115;32;16m▀[48;2;16;16;16m▀[38;2;255;74;65;48;2;255;74;65m▀[38;2;255;131;131m▀▀▀▀[38;2;255;74;65m▀[38;2;16;16;16;48;2;16;16;16m▀[48;2;115;32;16m▀[38;2;255;74;65;48;2;255;74;65m▀▀▀▀▀▀▀[38;2;115;32;16;48;2;115;32;16m▀[0m
[0m       [38;2;115;32;16m▄[48;2;255;74;65m▀[38;2;255;74;65m▀▀[38;2;197;57;90;48;2;16;16;16m▀[38;2;16;16;16;48;2;82;82;82m▀[38;2;197;57;90;48;2;16;16;16m▀[38;2;255;74;65;48;2;255;74;65m▀▀[38;2;115;32;16m▀[38;2;255;74;65m▀▀▀▀▀▀▀▀[38;2;115;32;16m▀[38;2;16;16;16;49m▄[0m
[0m      [38;2;16;16;16m▄[38;2;0;16;90;48;2;255;255;255m▀[38;2;255;74;65;48;2;255;74;65m▀▀▀[38;2;16;16;16;48;2;16;16;16m▀[38;2;82;82;82m▀[38;2;16;16;16m▀[38;2;255;74;65;48;2;255;74;65m▀▀▀▀[48;2;0;16;90m▀[38;2;197;57;90m▀[38;2;0;16;90;48;2;0;106;222m▀[48;2;255;255;255m▀[38;2;255;74;65;48;2;0;16;90m▀[48;2;255;74;65m▀▀[48;2;197;57;90m▀[38;2;16;16;16;48;2;16;16;16m▀[0m
[0m      [38;2;16;16;16;48;2;16;16;16m▀[38;2;180;180;180m▀[38;2;82;82;82;48;2;0;16;90m▀[38;2;255;74;65;48;2;255;74;65m▀▀[38;2;197;57;90m▀[38;2;16;16;16m▀[38;2;197;57;90m▀[38;2;255;74;65m▀▀[48;2;197;57;90m▀[38;2;0;16;90;48;2;0;16;90m▀▀▀[38;2;255;255;255;48;2;255;255;255m▀[48;2;0;106;222m▀[38;2;0;16;90;48;2;0;16;90m▀[38;2;255;74;65;48;2;255;74;65m▀[48;2;197;57;90m▀[38;2;197;57;90m▀[38;2;16;16;16;48;2;16;16;16m▀[0m
[0m     [38;2;197;57;90m▄[38;2;16;16;16;48;2;16;16;16m▀[38;2;0;106;222;48;2;0;106;222m▀[38;2;0;16;90m▀[38;2;197;57;90;48;2;197;57;90m▀[38;2;255;74;65;48;2;255;74;65m▀▀▀▀▀[48;2;197;57;90m▀[38;2;0;16;90;48;2;0;106;222m▀[38;2;0;106;222m▀▀[38;2;0;16;90m▀[48;2;0;16;90m▀[48;2;16;16;16m▀[48;2;197;57;90m▀[38;2;197;57;90m▀▀[48;2;16;16;16m▀[38;2;16;16;16;49m▀[0m
[0m  [38;2;197;57;90m▄[48;2;255;131;131m▀▀[38;2;255;131;131;48;2;255;74;65m▀[48;2;115;32;16m▀[38;2;16;16;16;48;2;164;123;0m▀[38;2;0;106;222;48;2;16;16;16m▀[38;2;197;57;90;48;2;197;57;90m▀[38;2;255;74;65;48;2;255;74;65m▀▀▀▀▀[38;2;197;57;90m▀[38;2;0;106;222;48;2;0;16;90m▀[48;2;0;106;222m▀▀[48;2;0;16;90m▀[38;2;0;16;90m▀[38;2;16;16;16;48;2;205;180;57m▀[38;2;197;57;90m▀[48;2;197;57;90m▀[48;2;16;16;16m▀[38;2;16;16;16;49m▀[38;2;115;32;16m▄▄▄[48;2;255;131;131m▀▀▀▀▀[49m▄▄▄[0m
[0m [38;2;115;32;16;48;2;115;32;16m▀[38;2;255;131;131;48;2;255;74;65m▀[38;2;255;74;65;48;2;115;32;16m▀[38;2;115;32;16;48;2;16;16;16m▀▀[38;2;205;180;57m▀▀[38;2;16;16;16;48;2;205;180;57m▀[38;2;197;57;90;48;2;16;16;16m▀[48;2;205;180;57m▀[38;2;255;74;65;48;2;197;57;90m▀▀▀▀[38;2;197;57;90;48;2;246;230;115m▀▀[38;2;0;16;90m▀[48;2;205;180;57m▀[38;2;205;180;57m▀▀▀▀[38;2;197;57;90;48;2;16;16;16m▀[38;2;16;16;16;48;2;115;32;16m▀[38;2;115;32;16;48;2;255;131;131m▀[38;2;255;131;131m▀[48;2;255;74;65m▀[48;2;115;32;16m▀[48;2;16;16;16m▀[38;2;255;74;65m▀[38;2;16;16;16;48;2;82;82;82m▀[48;2;255;255;255m▀▀[38;2;255;74;65;48;2;16;16;16m▀▀[48;2;255;74;65m▀[38;2;115;32;16m▀▀[49m▄[0m
[38;2;115;32;16;48;2;115;32;16m▀[38;2;255;74;65;48;2;255;74;65m▀[48;2;16;16;16m▀[38;2;16;16;16;48;2;255;255;255m▀[38;2;255;255;255m▀▀▀[38;2;180;180;180m▀[38;2;16;16;16;48;2;82;82;82m▀[38;2;205;180;57;48;2;16;16;16m▀[38;2;16;16;16;48;2;205;180;57m▀[38;2;246;230;115;48;2;16;16;16m▀▀[48;2;205;180;57m▀▀▀[38;2;205;180;57m▀[48;2;16;16;16m▀[48;2;205;180;57m▀▀[48;2;164;123;0m▀[48;2;16;16;16m▀[38;2;16;16;16;48;2;115;32;16m▀[38;2;115;32;16;48;2;197;57;90m▀[38;2;255;74;65m▀[48;2;115;32;16m▀[38;2;115;32;16;48;2;205;180;57m▀▀[38;2;205;180;57;48;2;16;16;16m▀[38;2;16;16;16;48;2;255;255;255m▀[38;2;255;255;255m▀[38;2;82;82;82;48;2;180;180;180m▀[38;2;255;255;255;48;2;82;82;82m▀[48;2;255;255;255m▀▀▀[38;2;16;16;16;48;2;16;16;16m▀[38;2;115;32;16;48;2;205;180;57m▀[38;2;255;74;65;48;2;115;32;16m▀[48;2;255;74;65m▀[38;2;115;32;16m▀[49m▄[0m
[38;2;115;32;16;49m▀[38;2;255;74;65;48;2;16;16;16m▀[38;2;16;16;16;48;2;180;180;180m▀[38;2;255;255;255;48;2;255;255;255m▀▀▀[38;2;180;180;180;48;2;180;180;180m▀[38;2;82;82;82;48;2;255;255;255m▀[38;2;180;180;180;48;2;180;180;180m▀[38;2;16;16;16;48;2;16;16;16m▀[38;2;205;180;57;48;2;164;123;0m▀[48;2;82;82;82m▀▀[38;2;16;16;16m▀▀▀[38;2;164;123;0;48;2;16;16;16m▀▀[38;2;16;16;16;48;2;82;82;82m▀[48;2;16;16;16m▀▀[38;2;115;32;16;48;2;197;57;90m▀[38;2;197;57;90m▀[48;2;115;32;16m▀[38;2;115;32;16;48;2;205;180;57m▀[38;2;205;180;57m▀▀▀[38;2;16;16;16;48;2;16;16;16m▀[38;2;255;255;255;48;2;180;180;180m▀[48;2;255;255;255m▀▀[38;2;180;180;180m▀[48;2;82;82;82m▀[38;2;255;255;255;48;2;255;255;255m▀[48;2;180;180;180m▀[38;2;180;180;180m▀[38;2;16;16;16;48;2;16;16;16m▀[38;2;205;180;57;48;2;205;180;57m▀[38;2;115;32;16;48;2;115;32;16m▀[38;2;255;74;65;48;2;255;74;65m▀[38;2;115;32;16m▀[49m▄[0m
[0m [38;2;16;16;16;48;2;16;16;16m▀[38;2;180;180;180;48;2;180;180;180m▀▀[38;2;255;255;255;48;2;82;82;82m▀[38;2;82;82;82;48;2;180;180;180m▀[38;2;255;255;255m▀[38;2;180;180;180m▀[38;2;82;82;82;48;2;16;16;16m▀[38;2;16;16;16;48;2;82;82;82m▀▀[38;2;180;180;180;48;2;16;16;16m▀▀[48;2;180;180;180m▀▀[48;2;16;16;16m▀[38;2;82;82;82;48;2;246;230;115m▀[38;2;16;16;16m▀[38;2;82;82;82;48;2;164;123;0m▀[38;2;16;16;16;48;2;246;230;115m▀▀[38;2;115;32;16;48;2;115;32;16m▀[48;2;255;74;65m▀[38;2;164;123;0m▀▀[48;2;16;16;16m▀[38;2;205;180;57m▀▀[38;2;16;16;16;48;2;82;82;82m▀[38;2;180;180;180;48;2;16;16;16m▀[48;2;180;180;180m▀▀▀[38;2;82;82;82;48;2;82;82;82m▀[38;2;180;180;180;48;2;180;180;180m▀▀[38;2;16;16;16;48;2;16;16;16m▀[38;2;205;180;57;48;2;205;180;57m▀▀▀[38;2;197;57;90;48;2;197;57;90m▀[38;2;255;74;65;48;2;255;74;65m▀[38;2;16;16;16;48;2;16;16;16m▀[0m
[0m  [38;2;16;16;16m▀[38;2;180;180;180;48;2;16;16;16m▀[38;2;82;82;82m▀[38;2;180;180;180m▀▀[38;2;16;16;16;48;2;213;213;213m▀▀[48;2;180;180;180m▀[38;2;82;82;82;48;2;16;16;16m▀▀[48;2;82;82;82m▀[38;2;16;16;16;48;2;16;16;16m▀[48;2;246;230;115m▀[38;2;246;230;115m▀[48;2;164;123;0m▀[38;2;164;123;0;48;2;246;230;115m▀[38;2;246;230;115m▀▀▀▀[38;2;115;32;16;48;2;16;16;16m▀[38;2;16;16;16;48;2;82;82;82m▀▀[38;2;82;82;82m▀[48;2;16;16;16m▀▀▀[38;2;16;16;16;48;2;180;180;180m▀▀[38;2;180;180;180;48;2;16;16;16m▀▀▀[38;2;82;82;82m▀[38;2;16;16;16;48;2;213;213;213m▀[38;2;164;123;0;48;2;82;82;82m▀▀[48;2;16;16;16m▀[38;2;197;57;90m▀[38;2;255;74;65m▀[38;2;16;16;16;49m▀[0m
[0m  [38;2;82;82;82;48;2;82;82;82m▀[38;2;213;213;213;48;2;16;16;16m▀▀▀▀[48;2;213;213;213m▀▀▀[38;2;180;180;180m▀[48;2;180;180;180m▀[38;2;16;16;16;48;2;16;16;16m▀[48;2;246;230;115m▀[38;2;246;230;115m▀[48;2;164;123;0m▀[38;2;164;123;0;48;2;246;230;115m▀[38;2;246;230;115m▀▀▀▀▀▀[38;2;16;16;16m▀[48;2;115;32;16m▀[48;2;197;57;90m▀[38;2;115;32;16m▀[38;2;180;180;180;48;2;115;32;16m▀[48;2;180;180;180m▀▀▀▀▀[38;2;213;213;213;48;2;213;213;213m▀▀▀▀▀[38;2;82;82;82;48;2;82;82;82m▀[0m
[0m [38;2;16;16;16m▄[48;2;255;255;255m▀[38;2;255;255;255m▀[38;2;82;82;82m▀[38;2;255;255;255;48;2;82;82;82m▀[48;2;255;255;255m▀[38;2;16;16;16m▀[38;2;213;213;213;48;2;16;16;16m▀▀▀[38;2;16;16;16;48;2;82;82;82m▀[48;2;16;16;16m▀[38;2;246;230;115;48;2;246;230;115m▀▀[38;2;164;123;0;48;2;164;123;0m▀[38;2;246;230;115;48;2;246;230;115m▀▀▀▀▀▀▀[48;2;16;16;16m▀[38;2;115;32;16;48;2;82;82;82m▀[38;2;197;57;90;48;2;16;16;16m▀[48;2;197;57;90m▀[38;2;115;32;16;48;2;115;32;16m▀[38;2;180;180;180;48;2;180;180;180m▀▀▀[38;2;213;213;213;48;2;213;213;213m▀[48;2;16;16;16m▀▀▀[48;2;213;213;213m▀▀▀▀[38;2;82;82;82;48;2;82;82;82m▀[0m
[0m [38;2;16;16;16;48;2;16;16;16m▀[38;2;255;255;255;48;2;180;180;180m▀[48;2;255;255;255m▀▀[38;2;82;82;82m▀[38;2;180;180;180;48;2;180;180;180m▀[38;2;255;255;255;48;2;255;255;255m▀[38;2;180;180;180;48;2;180;180;180m▀[38;2;16;16;16;48;2;16;16;16m▀[38;2;82;82;82m▀▀[38;2;16;16;16m▀[38;2;246;230;115;48;2;246;230;115m▀▀[38;2;164;123;0;48;2;164;123;0m▀[38;2;246;230;115;48;2;246;230;115m▀▀▀▀▀▀[48;2;205;180;57m▀[38;2;82;82;82;48;2;16;16;16m▀▀[48;2;82;82;82m▀[38;2;16;16;16m▀▀[38;2;180;180;180;48;2;16;16;16m▀▀[38;2;16;16;16;48;2;255;255;255m▀▀[38;2;255;255;255m▀[48;2;82;82;82m▀[38;2;82;82;82;48;2;255;255;255m▀[38;2;16;16;16m▀▀[38;2;213;213;213;48;2;16;16;16m▀[48;2;213;213;213m▀[38;2;82;82;82;48;2;82;82;82m▀[0m
[0m  [38;2;16;16;16;48;2;16;16;16m▀[38;2;180;180;180;48;2;180;180;180m▀[38;2;255;255;255m▀▀▀[38;2;82;82;82;48;2;82;82;82m▀[38;2;180;180;180m▀[38;2;16;16;16;48;2;16;16;16m▀[38;2;213;213;213;48;2;213;213;213m▀[48;2;82;82;82m▀[38;2;16;16;16m▀[38;2;205;180;57;48;2;16;16;16m▀[38;2;246;230;115;48;2;205;180;57m▀[38;2;164;123;0m▀[38;2;246;230;115;48;2;164;123;0m▀[48;2;205;180;57m▀▀▀[38;2;205;180;57m▀▀▀[38;2;115;32;16;48;2;115;32;16m▀[38;2;197;57;90;48;2;197;57;90m▀[38;2;16;16;16m▀[48;2;115;32;16m▀[38;2;82;82;82;48;2;16;16;16m▀▀[38;2;16;16;16;48;2;180;180;180m▀[38;2;255;255;255;48;2;255;255;255m▀▀[48;2;82;82;82m▀[38;2;82;82;82;48;2;255;255;255m▀[38;2;255;255;255m▀▀▀▀[38;2;16;16;16;48;2;16;16;16m▀[0m
[38;2;115;32;16;49m▄[38;2;197;57;90;48;2;255;74;65m▀▀[38;2;115;32;16m▀▀[38;2;180;180;180;48;2;115;32;16m▀▀[48;2;16;16;16m▀[38;2;16;16;16;49m▀[38;2;82;82;82m▀[48;2;16;16;16m▀[38;2;16;16;16;48;2;82;82;82m▀▀▀[38;2;205;180;57;48;2;16;16;16m▀[48;2;205;180;57m▀[38;2;164;123;0m▀[38;2;205;180;57;48;2;164;123;0m▀[48;2;205;180;57m▀▀▀[48;2;16;16;16m▀[38;2;16;16;16;48;2;255;74;65m▀▀▀[38;2;197;57;90;48;2;16;16;16m▀[38;2;115;32;16m▀[0m [38;2;16;16;16;48;2;16;16;16m▀[38;2;180;180;180;48;2;180;180;180m▀[48;2;82;82;82m▀[38;2;82;82;82;48;2;180;180;180m▀[38;2;255;255;255m▀[48;2;255;255;255m▀▀▀[48;2;180;180;180m▀[38;2;180;180;180;48;2;16;16;16m▀[38;2;16;16;16;49m▀[0m
[38;2;115;32;16;48;2;115;32;16m▀[38;2;255;74;65;48;2;255;74;65m▀[48;2;197;57;90m▀▀▀[48;2;255;74;65m▀▀[38;2;115;32;16m▀[49m▄[38;2;16;16;16;48;2;82;82;82m▀[38;2;82;82;82m▀▀[48;2;16;16;16m▀▀[49m▀[38;2;16;16;16m▀▀[38;2;197;57;90;48;2;16;16;16m▀▀▀[38;2;16;16;16m▀[38;2;255;74;65;48;2;197;57;90m▀▀▀▀[48;2;255;74;65m▀▀[38;2;16;16;16;48;2;16;16;16m▀[0m [38;2;16;16;16m▀[38;2;82;82;82;48;2;16;16;16m▀[38;2;180;180;180;48;2;82;82;82m▀[48;2;180;180;180m▀▀▀[48;2;16;16;16m▀▀[38;2;16;16;16;49m▀[0m
[0m [38;2;115;32;16;48;2;115;32;16m▀[38;2;197;57;90;48;2;197;57;90m▀▀▀▀▀▀[38;2;255;74;65m▀[38;2;115;32;16;48;2;255;74;65m▀[38;2;82;82;82;48;2;115;32;16m▀[38;2;16;16;16;48;2;16;16;16m▀[0m        [38;2;16;16;16;48;2;16;16;16m▀[38;2;197;57;90;48;2;197;57;90m▀▀▀▀▀[38;2;255;74;65m▀[48;2;255;74;65m▀[38;2;16;16;16;48;2;16;16;16m▀[0m  [38;2;16;16;16m▀▀▀▀[0m
[0m  [38;2;16;16;16m▀[38;2;197;57;90;48;2;16;16;16m▀[48;2;197;57;90m▀▀▀▀▀▀[38;2;16;16;16;48;2;16;16;16m▀[0m          [38;2;16;16;16;48;2;16;16;16m▀[38;2;197;57;90;48;2;197;57;90m▀▀▀▀▀▀[38;2;16;16;16;48;2;16;16;16m▀[0m
[0m    [38;2;16;16;16m▀▀[38;2;197;57;90;48;2;16;16;16m▀▀▀[38;2;16;16;16;49m▀[0m            [38;2;16;16;16m▀[38;2;197;57;90;48;2;16;16;16m▀[48;2;197;57;90m▀▀▀[48;2;16;16;16m▀[38;2;16;16;16;49m▀[0m
[0m                        [38;2;16;16;16m▀▀▀[0m
