[0m                 [38;2;16;16;16m▄▄[38;2;49;74;16m▄[38;2;16;16;16;48;2;49;74;16m▀▀▀[48;2;16;16;16m▀▀[49m▄▄[0m
[0m              [38;2;16;16;16m▄[48;2;16;16;16m▀▀[38;2;82;123;41;48;2;139;230;49m▀[38;2;139;230;49;48;2;172;238;98m▀[38;2;172;238;98m▀▀▀[38;2;139;230;49m▀[38;2;82;180;106;48;2;82;123;41m▀[38;2;82;123;41;48;2;16;16;16m▀[38;2;16;16;16;48;2;82;123;41m▀[48;2;82;180;106m▀[48;2;16;16;16m▀[49m▄[0m
[0m       [38;2;16;16;16m▄▄▄▄[0m [38;2;49;74;16m▄[48;2;82;180;106m▀[38;2;82;123;41;48;2;139;230;49m▀[38;2;16;16;16m▀[38;2;82;123;41m▀[38;2;172;238;98m▀[48;2;172;238;98m▀▀▀▀[48;2;139;230;49m▀[38;2;16;16;16;48;2;82;123;41m▀[48;2;16;16;16m▀[48;2;82;123;41m▀[38;2;139;230;49;48;2;139;230;49m▀▀[38;2;16;16;16;48;2;82;180;106m▀[48;2;16;16;16m▀[0m
[0m    [38;2;16;16;16m▄[48;2;197;180;24m▀▀[38;2;106;106;115;48;2;16;16;16m▀[38;2;16;16;16m▀[38;2;131;106;41;48;2;197;180;24m▀[38;2;197;180;24m▀[38;2;16;16;16;48;2;16;16;16m▀[38;2;49;74;16;48;2;82;123;41m▀[38;2;139;230;49;48;2;106;106;115m▀[48;2;16;16;16m▀[38;2;82;123;41m▀[38;2;16;16;16m▀▀[38;2;82;123;41m▀▀[38;2;139;230;49m▀▀[48;2;82;123;41m▀[48;2;139;230;49m▀▀▀▀▀[38;2;82;180;106;48;2;82;180;106m▀[38;2;82;123;41m▀[38;2;16;16;16;48;2;16;16;16m▀[0m [38;2;131;106;41m▄[38;2;16;16;16m▄▄▄[0m
[0m   [38;2;16;16;16;48;2;16;16;16m▀[38;2;197;180;24m▀▀[38;2;16;16;16;48;2;106;106;115m▀[48;2;189;197;197m▀[48;2;106;106;115m▀[48;2;16;16;16m▀[38;2;131;106;41m▀[38;2;49;74;16;48;2;49;74;16m▀[38;2;106;106;115;48;2;106;106;115m▀[38;2;255;255;255;48;2;255;255;255m▀[38;2;82;123;41m▀[38;2;139;230;49;48;2;106;106;115m▀[48;2;139;230;49m▀▀▀[38;2;82;123;41m▀[38;2;16;16;16m▀▀[48;2;82;123;41m▀[38;2;82;123;41m▀[38;2;139;230;49;48;2;139;230;49m▀▀▀[38;2;82;180;106;48;2;82;180;106m▀▀[48;2;49;74;16m▀[38;2;49;74;16;48;2;16;16;16m▀[38;2;131;106;41;48;2;197;180;24m▀[38;2;197;180;24m▀[38;2;106;106;115;48;2;16;16;16m▀[38;2;189;197;197;48;2;106;106;115m▀[38;2;16;16;16;48;2;16;16;16m▀[48;2;131;106;41m▀[49m▄▄[0m
[0m   [38;2;16;16;16m▄[48;2;255;230;74m▀[38;2;255;230;74m▀[38;2;106;106;115;48;2;16;16;16m▀[38;2;16;16;16m▀[48;2;255;230;74m▀[38;2;255;230;74;48;2;49;74;16m▀[38;2;16;16;16m▀[38;2;49;74;16;48;2;139;230;49m▀[38;2;106;106;115;48;2;106;106;115m▀[38;2;255;255;255;48;2;255;255;255m▀[48;2;189;197;197m▀[38;2;189;197;197m▀[38;2;16;16;16;48;2;106;106;115m▀[38;2;49;74;16;48;2;139;230;49m▀▀[48;2;82;180;106m▀[38;2;139;230;49;48;2;49;74;16m▀▀[48;2;139;230;49m▀▀[48;2;82;180;106m▀▀[38;2;82;180;106m▀▀[48;2;49;74;16m▀[38;2;49;74;16;48;2;197;180;24m▀[38;2;131;106;41;48;2;255;230;74m▀[38;2;16;16;16;48;2;106;106;115m▀[48;2;189;197;197m▀[48;2;16;16;16m▀▀[38;2;131;106;41m▀[38;2;255;230;74;48;2;197;180;24m▀▀[38;2;197;180;24;48;2;255;230;74m▀[38;2;16;16;16;48;2;197;180;24m▀[49m▄[0m
[0m  [38;2;16;16;16m▄[48;2;197;180;24m▀[38;2;255;230;74m▀[38;2;197;180;24;48;2;16;16;16m▀[38;2;16;16;16m▀▀[38;2;49;74;16m▀[38;2;139;230;49;48;2;139;230;49m▀[48;2;172;238;98m▀[38;2;172;238;98m▀[38;2;106;106;115m▀[38;2;189;197;197;48;2;106;106;115m▀[48;2;49;74;16m▀[38;2;106;106;115m▀[38;2;49;74;16;48;2;139;230;49m▀[38;2;139;230;49m▀▀[48;2;82;123;41m▀[38;2;82;180;106m▀[48;2;82;180;106m▀[38;2;49;74;16m▀[38;2;82;180;106;48;2;49;74;16m▀[48;2;82;180;106m▀▀[48;2;49;74;16m▀[38;2;131;106;41m▀[38;2;197;180;24;48;2;197;180;24m▀[38;2;255;230;74;48;2;131;106;41m▀[38;2;197;180;24m▀[38;2;16;16;16;48;2;16;16;16m▀[38;2;106;106;115m▀[48;2;131;106;41m▀[38;2;131;106;41;48;2;255;230;74m▀[38;2;16;16;16m▀[48;2;131;106;41m▀[48;2;16;16;16m▀[38;2;197;180;24m▀▀▀[38;2;16;16;16m▀[0m
[0m  [38;2;16;16;16m▀[48;2;16;16;16m▀[48;2;189;197;197m▀[48;2;16;16;16m▀[38;2;197;180;24m▀[38;2;16;16;16;48;2;255;255;255m▀[38;2;106;106;115;48;2;106;106;115m▀[38;2;16;16;16;48;2;16;16;16m▀[38;2;139;230;49;48;2;139;230;49m▀[38;2;172;238;98m▀▀▀▀[38;2;139;230;49m▀▀▀[38;2;82;123;41;48;2;16;16;16m▀[38;2;16;16;16m▀[48;2;255;255;255m▀[48;2;189;197;197m▀[38;2;82;180;106;48;2;16;16;16m▀[48;2;82;180;106m▀[38;2;49;74;16;48;2;82;123;41m▀[38;2;82;180;106;48;2;16;16;16m▀[38;2;49;74;16m▀[38;2;16;16;16;48;2;197;180;24m▀[48;2;255;230;74m▀[38;2;131;106;41;48;2;197;180;24m▀[38;2;16;16;16;48;2;16;16;16m▀[49m▀[48;2;16;16;16m▀[38;2;131;106;41m▀[38;2;197;180;24;48;2;131;106;41m▀[38;2;255;230;74;48;2;197;180;24m▀[48;2;255;230;74m▀[38;2;131;106;41m▀[38;2;16;16;16;48;2;16;16;16m▀[0m
[0m [38;2;16;16;16m▄[48;2;131;106;41m▀[38;2;106;106;115;48;2;255;230;74m▀[48;2;16;16;16m▀[38;2;16;16;16m▀▀[38;2;255;255;255m▀[38;2;16;16;16;48;2;49;74;16m▀[38;2;49;74;16;48;2;139;230;49m▀[38;2;139;230;49m▀▀▀▀▀▀▀▀[38;2;16;16;16;48;2;82;123;41m▀[48;2;16;16;16m▀[38;2;255;255;255m▀[38;2;106;106;115m▀[38;2;16;16;16m▀[38;2;82;180;106;48;2;82;180;106m▀[38;2;82;123;41;48;2;82;123;41m▀[38;2;16;16;16;48;2;16;16;16m▀▀[38;2;255;230;74;48;2;197;180;24m▀[38;2;197;180;24;48;2;16;16;16m▀[38;2;189;197;197;48;2;106;106;115m▀[38;2;106;106;115;48;2;16;16;16m▀[38;2;16;16;16m▀[49m▄[0m [38;2;16;16;16m▀▀[38;2;197;180;24;48;2;16;16;16m▀[48;2;197;180;24m▀▀[38;2;16;16;16m▀[49m▄[0m
[38;2;16;16;16;49m▄[48;2;197;180;24m▀[38;2;255;230;74;48;2;255;230;74m▀[48;2;197;180;24m▀[38;2;131;106;41;48;2;16;16;16m▀[38;2;16;16;16;49m▀[0m [38;2;16;16;16;48;2;16;16;16m▀[38;2;139;230;49;48;2;123;49;65m▀▀[48;2;139;230;49m▀▀▀▀▀[48;2;82;180;106m▀▀[38;2;82;180;106m▀▀[38;2;49;74;16m▀[38;2;16;16;16m▀▀[38;2;82;180;106m▀[48;2;49;74;16m▀[38;2;16;16;16;48;2;16;16;16m▀[0m  [38;2;16;16;16m▀[48;2;16;16;16m▀▀▀[48;2;131;106;41m▀[38;2;197;180;24;48;2;255;230;74m▀[38;2;16;16;16;48;2;16;16;16m▀[0m   [38;2;16;16;16m▀▀▀▀[0m
[38;2;16;16;16;49m▀[38;2;255;230;74;48;2;16;16;16m▀▀[38;2;16;16;16;49m▀[0m  [38;2;123;49;65m▄[48;2;238;90;90m▀[38;2;238;90;90m▀[38;2;180;65;74;48;2;123;49;65m▀[38;2;49;74;16;48;2;16;16;16m▀[38;2;82;180;106;48;2;49;74;16m▀[48;2;82;180;106m▀▀[48;2;82;123;41m▀[48;2;49;74;16m▀[38;2;123;49;65;48;2;123;49;65m▀[48;2;238;90;90m▀[38;2;82;123;41;48;2;180;65;74m▀[38;2;82;180;106;48;2;16;16;16m▀▀[38;2;82;123;41m▀[38;2;16;16;16;49m▀▀[0m      [38;2;16;16;16m▀[38;2;197;180;24;48;2;16;16;16m▀[38;2;255;230;74;48;2;255;230;74m▀[38;2;197;180;24m▀[38;2;16;16;16;48;2;16;16;16m▀[0m
[0m      [38;2;123;49;65m▀[38;2;238;90;90;48;2;16;16;16m▀[38;2;180;65;74;48;2;180;65;74m▀[38;2;16;16;16;48;2;16;16;16m▀[0m  [38;2;16;16;16m▀▀▀[48;2;16;16;16m▀[38;2;238;90;90;48;2;238;90;90m▀[48;2;180;65;74m▀[38;2;180;65;74;48;2;123;49;65m▀[38;2;16;16;16;48;2;16;16;16m▀[0m           [38;2;16;16;16m▀[38;2;197;180;24;48;2;16;16;16m▀[38;2;255;230;74;48;2;197;180;24m▀[38;2;197;180;24m▀[38;2;16;16;16;48;2;16;16;16m▀[0m
[0m        [38;2;16;16;16m▀▀[0m    [38;2;16;16;16;48;2;16;16;16m▀[38;2;180;65;74m▀▀[38;2;16;16;16;49m▀▀[0m              [38;2;16;16;16m▀▀[0m
