[0m              [38;2;41;82;148m▄▄▄[48;2;106;164;230m▀▀▀▀▀[49m▄▄▄[0m
[0m           [38;2;41;82;148m▄[48;2;106;164;230m▀▀[38;2;106;164;230;48;2;16;16;16m▀▀▀[38;2;16;16;16;49m▀▀▀▀▀[38;2;106;164;230;48;2;16;16;16m▀[38;2;90;115;197m▀▀[38;2;8;41;90;48;2;90;115;197m▀▀[49m▄▄[0m             [38;2;8;41;90m▄▄▄▄[0m
[0m         [38;2;41;82;148m▄[48;2;106;164;230m▀[38;2;106;164;230;48;2;16;16;16m▀[38;2;16;16;16;49m▀▀[0m           [38;2;16;16;16m▀▀[38;2;90;115;197;48;2;16;16;16m▀[48;2;90;115;197m▀[38;2;8;41;90m▀[49m▄[0m        [38;2;8;41;90m▄[48;2;90;115;197m▀▀[38;2;90;115;197;48;2;16;16;16m▀▀[38;2;106;164;230;48;2;8;41;90m▀▀[38;2;8;41;90;48;2;106;164;230m▀▀[49m▄[0m
[0m       [38;2;41;82;148m▄[48;2;106;164;230m▀[38;2;106;164;230;48;2;16;16;16m▀[38;2;16;16;16;49m▀[0m                 [38;2;16;16;16m▀[38;2;90;115;197;48;2;16;16;16m▀[38;2;8;41;90;48;2;90;115;197m▀[49m▄[0m     [38;2;8;41;90m▄[48;2;90;115;197m▀[38;2;90;115;197;48;2;8;41;90m▀[38;2;8;41;90;49m▀▀[0m    [38;2;8;41;90m▀▀[38;2;106;164;230;48;2;8;41;90m▀[38;2;8;41;90;48;2;106;164;230m▀[49m▄[0m
[0m      [38;2;41;82;148m▄[48;2;106;164;230m▀[38;2;106;164;230;48;2;16;16;16m▀[38;2;16;16;16;49m▀[0m                   [38;2;16;16;16m▀[38;2;90;115;197;48;2;16;16;16m▀[38;2;8;41;90;48;2;90;115;197m▀[49m▄[0m   [38;2;8;41;90m▄[48;2;90;115;197m▀[38;2;90;115;197;48;2;8;41;90m▀[38;2;8;41;90;49m▀[0m        [38;2;8;41;90m▀[38;2;106;164;230;48;2;8;41;90m▀[38;2;8;41;90;48;2;106;164;230m▀[49m▄[0m
[0m     [38;2;41;82;148m▄[48;2;106;164;230m▀[38;2;106;164;230;48;2;16;16;16m▀[38;2;16;16;16;49m▀[0m                     [38;2;16;16;16;48;2;16;16;16m▀[38;2;90;115;197;48;2;90;115;197m▀[38;2;16;16;16;48;2;16;16;16m▀[0m  [38;2;8;41;90m▄[48;2;90;115;197m▀[38;2;90;115;197;48;2;16;16;16m▀[38;2;8;41;90;49m▀[0m          [38;2;8;41;90m▀[38;2;106;164;230;48;2;8;41;90m▀[38;2;8;41;90;48;2;106;164;230m▀[49m▄[0m
[0m    [38;2;131;98;82m▄[38;2;41;82;148;48;2;255;205;82m▀[38;2;106;164;230m▀[38;2;16;16;16;48;2;16;16;16m▀[0m                       [38;2;16;16;16;48;2;16;16;16m▀[38;2;90;115;197;48;2;90;115;197m▀[38;2;8;41;90;48;2;16;16;16m▀[0m [38;2;8;41;90;48;2;8;41;90m▀[38;2;90;115;197;48;2;90;115;197m▀[38;2;16;16;16;48;2;16;16;16m▀[0m            [38;2;8;41;90;48;2;8;41;90m▀[38;2;106;164;230;48;2;106;164;230m▀[38;2;8;41;90;48;2;8;41;90m▀[0m
[0m   [38;2;131;98;82;48;2;131;98;82m▀[38;2;255;205;82;48;2;255;205;82m▀▀▀[38;2;16;16;16;48;2;82;41;24m▀[0m              [38;2;41;82;148m▄▄▄[48;2;131;195;230m▀▀▀▀▀▀[48;2;106;164;230m▀[38;2;8;41;90m▀[38;2;16;16;16m▀[38;2;8;41;90;49m▄[38;2;90;115;197;48;2;16;16;16m▀[38;2;16;16;16m▀[0m              [38;2;8;41;90;48;2;8;41;90m▀[38;2;106;164;230;48;2;106;164;230m▀[38;2;8;41;90;48;2;8;41;90m▀[0m
[0m  [38;2;131;98;82;48;2;131;98;82m▀[38;2;255;205;82;48;2;255;205;82m▀▀▀▀[38;2;230;180;41m▀[38;2;82;41;24;48;2;82;41;24m▀[0m          [38;2;41;82;148m▄[48;2;255;205;82m▀▀[38;2;90;115;197;48;2;90;115;197m▀[38;2;131;195;230;48;2;131;195;230m▀▀▀▀▀▀▀[48;2;90;115;197m▀▀▀[38;2;106;164;230;48;2;106;164;230m▀▀▀[38;2;90;115;197m▀[38;2;8;41;90m▀▀[49m▄[0m           [38;2;8;41;90;48;2;82;41;24m▀[38;2;255;205;82;48;2;255;205;82m▀[38;2;82;41;24;48;2;82;41;24m▀[0m
[0m [38;2;131;98;82;48;2;131;98;82m▀[38;2;255;205;82;48;2;255;205;82m▀▀▀▀▀▀[38;2;230;180;41m▀[38;2;82;41;24;48;2;82;41;24m▀[0m       [38;2;90;115;197m▄[48;2;255;205;82m▀[38;2;82;41;24;48;2;16;16;16m▀[38;2;255;205;82;48;2;131;98;82m▀[48;2;255;205;82m▀[38;2;230;180;41m▀[38;2;90;115;197;48;2;90;115;197m▀[38;2;131;195;230;48;2;106;164;230m▀▀▀[48;2;90;115;197m▀[38;2;90;115;197;48;2;230;180;41m▀[38;2;230;180;41;48;2;255;205;82m▀[38;2;255;205;82m▀▀[48;2;16;16;16m▀[38;2;230;180;41;48;2;255;205;82m▀[38;2;90;115;197m▀[38;2;106;164;230;48;2;90;115;197m▀[48;2;106;164;230m▀▀▀▀[38;2;8;41;90m▀[49m▄[0m        [38;2;131;98;82;48;2;82;41;24m▀[38;2;255;205;82;48;2;255;205;82m▀▀[38;2;230;180;41m▀[38;2;82;41;24;48;2;82;41;24m▀[0m
[38;2;131;98;82;49m▄[48;2;255;205;82m▀[38;2;255;205;82;48;2;255;238;131m▀[38;2;255;238;131m▀▀[38;2;255;205;82m▀[48;2;255;205;82m▀▀▀[38;2;82;41;24;48;2;230;180;41m▀[49m▄[0m     [38;2;90;115;197m▄[48;2;255;205;82m▀[38;2;16;16;16m▀[48;2;16;16;16m▀[48;2;255;205;82m▀[38;2;131;98;82m▀[38;2;255;205;82;48;2;90;115;197m▀[38;2;90;115;197;48;2;106;164;230m▀[38;2;106;164;230m▀▀▀[38;2;90;115;197;48;2;90;115;197m▀[38;2;255;205;82;48;2;255;205;82m▀[38;2;131;98;82m▀[38;2;16;16;16m▀[48;2;16;16;16m▀[48;2;82;41;24m▀[38;2;197;148;0;48;2;16;16;16m▀[38;2;255;205;82;48;2;131;98;82m▀[38;2;230;180;41;48;2;255;205;82m▀[38;2;106;164;230;48;2;90;115;197m▀[48;2;106;164;230m▀▀▀[48;2;90;115;197m▀[38;2;8;41;90m▀[49m▄[0m      [38;2;131;98;82;48;2;82;41;24m▀[38;2;255;205;82;48;2;255;205;82m▀▀▀▀[38;2;82;41;24;48;2;230;180;41m▀[49m▄[0m
[38;2;82;41;24;48;2;82;41;24m▀[38;2;255;205;82;48;2;255;205;82m▀[38;2;255;238;131;48;2;255;238;131m▀▀▀▀[38;2;255;205;82;48;2;255;205;82m▀▀▀▀[38;2;82;41;24;48;2;16;16;16m▀[0m     [38;2;8;41;90;48;2;8;41;90m▀[38;2;197;148;0;48;2;90;115;197m▀[38;2;255;205;82;48;2;255;205;82m▀[38;2;197;148;0m▀[38;2;255;205;82;48;2;230;180;41m▀[48;2;90;115;197m▀[38;2;90;115;197;48;2;106;164;230m▀[38;2;106;164;230m▀[38;2;90;115;197;48;2;180;0;0m▀[38;2;106;164;230;48;2;106;164;230m▀▀[38;2;90;115;197m▀[38;2;230;180;41;48;2;90;115;197m▀[38;2;255;205;82;48;2;230;180;41m▀[48;2;255;205;82m▀[38;2;82;41;24;48;2;197;148;0m▀[38;2;255;205;82;48;2;255;205;82m▀▀▀[48;2;230;180;41m▀[38;2;90;115;197;48;2;106;164;230m▀[38;2;106;164;230m▀▀[48;2;90;115;197m▀[38;2;90;115;197m▀▀[38;2;8;41;90;48;2;8;41;90m▀[0m    [38;2;82;41;24m▄[48;2;255;205;82m▀[38;2;255;205;82m▀▀▀▀▀▀[38;2;82;41;24;48;2;82;41;24m▀[0m
[38;2;82;41;24;49m▀[38;2;255;205;82;48;2;82;41;24m▀[48;2;255;205;82m▀[38;2;255;238;131m▀▀[38;2;255;205;82m▀▀▀▀[48;2;82;41;24m▀[38;2;16;16;16;49m▀[0m [38;2;90;115;197m▄▄[48;2;131;195;230m▀[48;2;106;164;230m▀[38;2;8;41;90m▀[38;2;106;164;230;48;2;8;41;90m▀[38;2;90;115;197;48;2;106;164;230m▀▀▀[38;2;106;164;230m▀▀▀▀▀▀▀▀[38;2;90;115;197m▀▀[38;2;230;180;41;48;2;90;115;197m▀[38;2;255;205;82m▀▀[38;2;230;180;41m▀[38;2;90;115;197;48;2;106;164;230m▀[38;2;106;164;230;48;2;90;115;197m▀[38;2;90;115;197m▀▀▀[38;2;41;82;148;48;2;106;164;230m▀[38;2;90;115;197;48;2;41;82;148m▀[38;2;8;41;90m▀[0m   [38;2;82;41;24m▄[48;2;255;205;82m▀[38;2;255;205;82;48;2;255;238;131m▀[38;2;255;238;131m▀▀[38;2;255;205;82m▀[48;2;255;205;82m▀▀▀▀[38;2;82;41;24;48;2;16;16;16m▀[0m
[0m [38;2;16;16;16m▀[38;2;255;205;82;48;2;16;16;16m▀▀[48;2;255;205;82m▀▀[48;2;230;180;41m▀[48;2;16;16;16m▀[38;2;230;180;41m▀[38;2;16;16;16;49m▀[0m [38;2;41;82;148;48;2;8;41;90m▀[38;2;131;195;230;48;2;131;195;230m▀[38;2;106;164;230m▀▀[38;2;131;195;230;48;2;90;115;197m▀[38;2;106;164;230;48;2;8;41;90m▀[38;2;8;41;90;49m▀[38;2;90;115;197;48;2;8;41;90m▀[48;2;90;115;197m▀[38;2;106;164;230m▀▀▀[48;2;106;164;230m▀▀▀▀▀▀▀▀[48;2;90;115;197m▀▀▀[38;2;90;115;197m▀▀▀▀[48;2;41;82;148m▀[38;2;106;164;230;48;2;131;195;230m▀[38;2;90;115;197m▀[38;2;131;195;230;48;2;90;115;197m▀[48;2;106;164;230m▀[38;2;90;115;197;48;2;131;195;230m▀▀[49m▄[38;2;16;16;16;48;2;16;16;16m▀[38;2;255;205;82;48;2;255;205;82m▀[38;2;255;238;131;48;2;255;238;131m▀▀▀▀[38;2;255;205;82;48;2;255;205;82m▀▀▀▀[38;2;16;16;16;48;2;16;16;16m▀[0m
[0m    [38;2;16;16;16m▀▀▀[0m     [38;2;8;41;90m▀▀▀▀[0m   [38;2;16;16;16m▀[38;2;90;115;197;48;2;16;16;16m▀▀[48;2;90;115;197m▀▀▀▀▀▀▀▀▀▀▀▀▀▀▀[48;2;8;41;90m▀[48;2;16;16;16m▀[38;2;41;82;148;49m▀[38;2;131;195;230;48;2;41;82;148m▀[48;2;106;164;230m▀[48;2;131;195;230m▀▀▀[48;2;8;41;90m▀[38;2;16;16;16;48;2;16;16;16m▀[38;2;255;205;82;48;2;230;180;41m▀[48;2;255;205;82m▀[38;2;255;238;131m▀▀[38;2;255;205;82m▀▀▀▀[48;2;16;16;16m▀[38;2;16;16;16;49m▀[0m
[0m                      [38;2;16;16;16m▀▀[48;2;8;41;90m▀[38;2;90;115;197;48;2;16;16;16m▀▀▀▀▀▀▀▀▀[38;2;8;41;90;48;2;8;41;90m▀[38;2;16;16;16;48;2;41;82;148m▀▀[38;2;8;41;90m▀[49m▄[0m  [38;2;41;82;148m▀[38;2;8;41;90m▀▀▀▀[0m [38;2;16;16;16m▀[38;2;255;205;82;48;2;16;16;16m▀[48;2;230;180;41m▀[48;2;255;205;82m▀▀[48;2;230;180;41m▀[48;2;16;16;16m▀[38;2;230;180;41m▀[38;2;16;16;16;49m▀[0m
[0m                         [38;2;8;41;90m▀[38;2;41;82;148;48;2;8;41;90m▀▀[38;2;8;41;90;49m▀[0m     [38;2;8;41;90m▀[38;2;41;82;148;48;2;8;41;90m▀[48;2;90;115;197m▀[38;2;90;115;197m▀[38;2;8;41;90;48;2;8;41;90m▀[0m          [38;2;16;16;16m▀▀▀▀[0m
[0m                                    [38;2;8;41;90m▀▀[0m
