[0m                                [38;2;123;98;74m▄[48;2;255;222;98m▀▀[48;2;230;180;82m▀[49m▄[0m
[0m                            [38;2;74;123;205m▄▄[48;2;123;172;238m▀▀[38;2;230;180;82;48;2;74;123;205m▀[38;2;255;222;98;48;2;230;180;82m▀▀[38;2;230;180;82m▀[48;2;172;148;65m▀[38;2;123;98;74;48;2;123;98;74m▀[0m
[0m               [38;2;74;123;205m▄▄▄▄▄▄▄[0m    [38;2;74;123;205m▄[48;2;123;172;238m▀[38;2;123;172;238m▀[48;2;41;49;115m▀[38;2;41;49;115;49m▀[38;2;123;98;74m▀[38;2;172;148;65;48;2;123;98;74m▀[48;2;172;148;65m▀▀▀[48;2;123;98;74m▀[38;2;123;98;74;49m▀[0m
[0m           [38;2;98;148;230m▄▄[38;2;74;123;205;48;2;123;172;238m▀▀[38;2;123;172;238;48;2;74;123;205m▀[48;2;41;49;115m▀▀▀▀[48;2;74;123;205m▀[48;2;123;172;238m▀[38;2;74;123;205m▀▀[38;2;123;172;238;49m▄[38;2;41;49;115m▄[38;2;74;123;205;48;2;41;49;115m▀[38;2;123;172;238;48;2;123;172;238m▀[38;2;41;49;115;48;2;41;49;115m▀[0m    [38;2;123;98;74m▀▀▀[0m                     [38;2;41;49;115m▄[48;2;98;148;230m▀▀[49m▄[0m
[0m         [38;2;98;148;230m▄[48;2;123;172;238m▀[38;2;123;172;238;48;2;74;123;205m▀[48;2;41;49;115m▀[38;2;74;123;205;49m▀[38;2;41;49;115m▀[0m      [38;2;41;49;115m▀[38;2;74;123;205m▀[38;2;123;172;238;48;2;41;49;115m▀[48;2;74;123;205m▀[48;2;123;172;238m▀▀▀[38;2;41;49;115;48;2;74;123;205m▀[0m                           [38;2;41;49;115;48;2;74;123;205m▀[38;2;98;148;230;48;2;98;148;230m▀▀▀[38;2;41;49;115;48;2;41;49;115m▀[0m
[0m       [38;2;74;123;205m▄[48;2;123;172;238m▀[38;2;123;172;238;48;2;74;123;205m▀[38;2;74;123;205;49m▀[0m              [38;2;41;49;115m▀[38;2;123;172;238;48;2;41;49;115m▀[48;2;98;148;230m▀[38;2;98;148;230m▀[38;2;41;49;115;48;2;41;49;115m▀[0m                         [38;2;41;49;115;48;2;74;123;205m▀[38;2;98;148;230;48;2;98;148;230m▀▀▀[48;2;74;123;205m▀[38;2;41;49;115;49m▀[0m
[0m  [38;2;172;148;65m▄▄[48;2;230;180;82m▀[48;2;255;222;98m▀▀[38;2;123;98;74m▀[38;2;98;148;230;48;2;123;98;74m▀[38;2;123;98;74;49m▄[0m                 [38;2;74;123;205;48;2;41;49;115m▀[38;2;98;148;230;48;2;98;148;230m▀▀[38;2;41;49;115m▀[49m▄[38;2;0;0;0m▄[0m                     [38;2;41;49;115;48;2;41;49;115m▀[38;2;98;148;230;48;2;98;148;230m▀▀▀▀[38;2;41;49;115;48;2;41;49;115m▀[0m
[0m [38;2;172;148;65;48;2;172;148;65m▀[38;2;230;180;82;48;2;255;255;255m▀[38;2;255;255;255m▀▀[38;2;255;222;98m▀[48;2;255;222;98m▀▀▀[38;2;172;148;65m▀[38;2;65;49;16;48;2;123;98;74m▀[0m            [38;2;74;123;205m▄▄[38;2;41;49;115;48;2;123;172;238m▀▀▀[38;2;98;148;230;48;2;98;148;230m▀▀▀▀▀[38;2;74;123;205m▀[38;2;41;49;115m▀▀[38;2;74;123;205;49m▄[38;2;41;49;115m▄[0m               [38;2;41;49;115m▄[38;2;74;123;205;48;2;98;148;230m▀[38;2;98;148;230m▀▀▀[48;2;41;49;115m▀[38;2;41;49;115;49m▀[0m
[38;2;172;148;65;48;2;172;148;65m▀[38;2;230;180;82;48;2;255;222;98m▀[38;2;255;255;255m▀[48;2;255;255;255m▀▀[48;2;255;222;98m▀[38;2;255;222;98m▀▀▀[48;2;230;180;82m▀[38;2;230;180;82m▀[38;2;65;49;16;48;2;65;49;16m▀[0m       [38;2;74;123;205m▄▄[48;2;123;172;238m▀▀[38;2;123;172;238m▀▀▀▀▀▀[38;2;98;148;230;48;2;98;148;230m▀▀▀▀▀▀▀▀▀[38;2;74;123;205m▀[38;2;41;49;115m▀[49m▄▄[0m           [38;2;41;49;115;48;2;41;49;115m▀[38;2;98;148;230;48;2;98;148;230m▀▀[48;2;74;123;205m▀[38;2;74;123;205m▀[38;2;0;0;0;48;2;0;0;0m▀[0m
[38;2;172;148;65;48;2;172;148;65m▀[38;2;255;222;98;48;2;230;180;82m▀[48;2;255;222;98m▀▀▀▀[48;2;230;180;82m▀▀[38;2;230;180;82m▀▀▀[38;2;65;49;16;48;2;65;49;16m▀[0m     [38;2;74;123;205m▄[48;2;123;172;238m▀[38;2;98;148;230;48;2;164;205;255m▀[38;2;123;172;238m▀[48;2;123;172;238m▀▀▀▀▀▀▀[38;2;98;148;230;48;2;98;148;230m▀▀▀▀▀▀▀▀▀▀▀▀▀[38;2;74;123;205m▀[38;2;0;0;0m▀[49m▄[0m        [38;2;41;49;115m▄[38;2;74;123;205;48;2;98;148;230m▀[38;2;98;148;230;48;2;74;123;205m▀[38;2;74;123;205m▀▀▀[38;2;0;0;0;48;2;0;0;0m▀[0m
[0m [38;2;172;148;65;48;2;123;98;74m▀[38;2;230;180;82;48;2;172;148;65m▀[48;2;230;180;82m▀▀▀▀▀▀[48;2;172;148;65m▀[38;2;123;98;74;48;2;65;49;16m▀[0m    [38;2;74;123;205m▄[48;2;123;172;238m▀[38;2;164;205;255;48;2;164;205;255m▀▀▀[48;2;123;172;238m▀[38;2;123;172;238m▀▀▀▀▀[48;2;172;148;65m▀[38;2;98;148;230m▀▀▀▀[48;2;98;148;230m▀▀▀▀▀▀▀▀▀▀▀▀▀[38;2;0;0;0m▀[49m▄[0m      [38;2;41;49;115;48;2;41;49;115m▀[38;2;74;123;205;48;2;74;123;205m▀▀▀▀▀[38;2;0;0;0;48;2;0;0;0m▀[0m
[0m  [38;2;123;98;74m▀[38;2;172;148;65m▀[38;2;230;180;82;48;2;65;49;16m▀▀▀▀[38;2;123;98;74;49m▀[38;2;65;49;16m▀[0m    [38;2;74;123;205m▄[38;2;98;148;230;48;2;123;172;238m▀[38;2;123;172;238m▀[38;2;164;205;255m▀▀[38;2;123;172;238m▀▀▀[48;2;172;148;65m▀▀[38;2;172;148;65;48;2;255;222;98m▀▀[38;2;255;222;98;48;2;123;98;74m▀▀[48;2;172;148;65m▀[48;2;255;222;98m▀▀[38;2;123;98;74m▀[38;2;98;148;230;48;2;123;98;74m▀[48;2;98;148;230m▀▀▀▀▀▀▀▀▀▀▀▀▀[38;2;0;0;0m▀[49m▄[0m    [38;2;41;49;115;48;2;41;49;115m▀[38;2;74;123;205;48;2;74;123;205m▀[48;2;41;49;115m▀[48;2;74;123;205m▀▀▀▀[38;2;0;0;0;48;2;0;0;0m▀[0m  [38;2;65;49;16m▄▄[0m
[0m             [38;2;123;98;74;48;2;123;98;74m▀[38;2;172;148;65;48;2;255;222;98m▀[38;2;123;172;238;48;2;172;148;65m▀[48;2;123;172;238m▀▀▀[48;2;172;148;65m▀▀[38;2;172;148;65;48;2;255;222;98m▀[38;2;255;222;98m▀▀[48;2;123;98;74m▀[38;2;123;98;74;48;2;164;49;74m▀[38;2;172;148;65;48;2;255;255;255m▀[38;2;255;255;255m▀▀[38;2;172;148;65;48;2;172;148;65m▀[38;2;255;222;98;48;2;255;222;98m▀▀▀[38;2;123;98;74;48;2;65;49;16m▀[38;2;98;148;230;48;2;98;148;230m▀▀▀▀▀▀▀▀▀▀▀▀▀▀[38;2;0;0;0m▀▀[49m▄▄[38;2;41;49;115;48;2;0;0;0m▀[48;2;74;123;205m▀[38;2;74;123;205m▀▀▀▀▀[38;2;123;98;74;48;2;123;98;74m▀[38;2;65;49;16;48;2;230;180;82m▀▀[38;2;230;180;82m▀▀[38;2;65;49;16;48;2;65;49;16m▀[0m
[0m            [38;2;123;98;74m▄[38;2;172;148;65;48;2;255;222;98m▀[38;2;255;222;98m▀▀[38;2;172;148;65m▀▀▀[38;2;255;222;98m▀▀▀▀[48;2;123;98;74m▀[38;2;164;49;74;48;2;0;0;0m▀[38;2;255;255;255;48;2;164;49;74m▀[38;2;238;98;90m▀[38;2;255;255;255;48;2;255;255;255m▀▀[38;2;123;98;74;48;2;123;98;74m▀[38;2;255;222;98;48;2;255;222;98m▀▀▀[38;2;65;49;16;48;2;65;49;16m▀[38;2;98;148;230;48;2;98;148;230m▀▀▀▀▀▀▀▀▀▀▀▀▀▀▀▀[48;2;74;123;205m▀[38;2;74;123;205m▀▀▀▀▀▀▀▀▀[38;2;123;98;74;48;2;123;98;74m▀[38;2;230;180;82;48;2;230;180;82m▀[48;2;0;0;0m▀[38;2;0;0;0;49m▀[0m
[0m            [38;2;123;98;74;48;2;123;98;74m▀[38;2;255;222;98;48;2;255;222;98m▀▀▀▀▀▀▀▀▀▀[38;2;123;98;74;48;2;123;98;74m▀[38;2;0;0;0;48;2;0;0;0m▀▀[38;2;164;49;74;48;2;65;49;16m▀[38;2;205;205;213m▀[38;2;255;255;255;48;2;230;180;82m▀[38;2;172;148;65m▀[38;2;255;222;98m▀[38;2;230;180;82m▀[38;2;172;148;65;48;2;65;49;16m▀[38;2;123;98;74;48;2;98;148;230m▀[38;2;98;148;230m▀▀▀▀▀▀▀▀▀▀▀▀▀▀[48;2;74;123;205m▀[38;2;74;123;205m▀▀▀▀[48;2;41;49;115m▀▀▀[48;2;123;98;74m▀[48;2;74;123;205m▀▀▀[38;2;123;98;74;48;2;123;98;74m▀[38;2;230;180;82;48;2;230;180;82m▀[38;2;0;0;0;48;2;0;0;0m▀[0m
[0m            [38;2;123;98;74m▀[38;2;255;222;98;48;2;123;98;74m▀[48;2;255;222;98m▀▀▀▀▀▀▀▀▀▀[48;2;230;180;82m▀▀[38;2;230;180;82m▀▀[48;2;65;49;16m▀▀[38;2;65;49;16;48;2;98;148;230m▀▀[38;2;98;148;230m▀▀▀▀▀▀▀▀▀▀▀▀[48;2;74;123;205m▀[48;2;98;148;230m▀[48;2;74;123;205m▀[38;2;74;123;205;48;2;98;148;230m▀[48;2;74;123;205m▀▀▀[48;2;0;0;0m▀[38;2;41;49;115;49m▀[38;2;172;148;65;48;2;65;49;16m▀[48;2;172;148;65m▀▀▀[38;2;123;98;74m▀▀[48;2;230;180;82m▀[38;2;230;180;82m▀▀▀[38;2;0;0;0;48;2;0;0;0m▀[0m
[0m             [38;2;0;0;0m▀[38;2;172;148;65;48;2;0;0;0m▀[38;2;230;180;82;48;2;98;148;230m▀[38;2;255;222;98;48;2;123;98;74m▀[48;2;65;49;16m▀▀▀[48;2;164;49;74m▀▀[38;2;172;148;65m▀▀[38;2;123;98;74m▀▀[38;2;65;49;16;48;2;65;49;16m▀[48;2;98;148;230m▀[38;2;98;148;230m▀▀▀▀▀▀▀▀▀▀▀▀[48;2;74;123;205m▀▀[38;2;74;123;205m▀▀[38;2;98;148;230m▀[38;2;74;123;205;48;2;98;148;230m▀[38;2;98;148;230;48;2;74;123;205m▀[38;2;74;123;205m▀▀▀[48;2;0;0;0m▀[38;2;0;0;0;49m▀[0m  [38;2;0;0;0m▀[38;2;172;148;65;48;2;65;49;16m▀[48;2;172;148;65m▀▀▀▀[38;2;230;180;82;48;2;0;0;0m▀▀▀[38;2;0;0;0;49m▀[0m
[0m               [38;2;0;0;0m▀[38;2;98;148;230;48;2;0;0;0m▀[48;2;41;49;115m▀[48;2;98;148;230m▀[38;2;65;49;16m▀▀[38;2;164;49;74;48;2;164;49;74m▀[38;2;238;98;90m▀▀▀[38;2;65;49;16;48;2;98;148;230m▀[38;2;98;148;230m▀▀▀▀▀▀▀[48;2;74;123;205m▀▀▀[48;2;41;49;115m▀[48;2;98;148;230m▀▀[38;2;41;49;115;48;2;123;172;238m▀▀[38;2;74;123;205;48;2;41;49;115m▀▀[48;2;74;123;205m▀▀▀▀▀▀▀[38;2;0;0;0;48;2;0;0;0m▀[0m    [38;2;0;0;0m▀[38;2;172;148;65;48;2;65;49;16m▀[48;2;172;148;65m▀▀[38;2;0;0;0;48;2;0;0;0m▀[0m
[0m                  [38;2;0;0;0m▀▀[38;2;41;49;115;48;2;0;0;0m▀[38;2;98;148;230m▀[48;2;41;49;115m▀[48;2;74;123;205m▀▀▀▀▀[38;2;74;123;205m▀▀▀▀▀▀▀▀▀[38;2;41;49;115;48;2;41;49;115m▀[38;2;123;172;238;48;2;123;172;238m▀▀▀▀[48;2;164;205;255m▀[38;2;41;49;115m▀[38;2;0;0;0m▀[38;2;41;49;115m▀[38;2;74;123;205;48;2;0;0;0m▀▀[48;2;74;123;205m▀[38;2;0;0;0;48;2;0;0;0m▀[0m      [38;2;0;0;0m▀[38;2;172;148;65;48;2;0;0;0m▀▀[38;2;0;0;0;49m▀[0m
[0m                 [38;2;41;49;115m▄[48;2;164;205;255m▀[38;2;74;123;205m▀[38;2;164;205;255;48;2;123;172;238m▀▀[38;2;123;172;238m▀[38;2;0;0;0m▀▀[38;2;74;123;205;48;2;0;0;0m▀[48;2;41;49;115m▀[48;2;74;123;205m▀▀▀▀▀▀▀▀▀▀▀[38;2;0;0;0m▀[38;2;123;172;238;48;2;0;0;0m▀[38;2;164;205;255;48;2;164;205;255m▀▀▀▀▀▀▀▀[38;2;0;0;0m▀[49m▄[0m
[0m                 [38;2;0;0;0m▀[38;2;123;172;238;48;2;0;0;0m▀[48;2;123;172;238m▀▀▀[48;2;74;123;205m▀[48;2;0;0;0m▀[38;2;0;0;0;49m▀▀▀[38;2;41;49;115m▀[38;2;74;123;205;48;2;0;0;0m▀[48;2;74;123;205m▀▀▀▀▀▀▀▀▀▀▀[38;2;0;0;0m▀▀[38;2;164;205;255;48;2;0;0;0m▀▀[48;2;164;205;255m▀▀▀▀[48;2;0;0;0m▀[38;2;0;0;0;49m▀[0m
[0m                   [38;2;0;0;0m▀▀▀[0m       [38;2;0;0;0m▀[38;2;74;123;205;48;2;0;0;0m▀[48;2;41;49;115m▀[48;2;74;123;205m▀▀▀▀▀▀▀▀▀▀▀[38;2;0;0;0;48;2;41;49;115m▀[48;2;0;0;0m▀[49m▀[38;2;41;49;115m▀▀[0m
[0m                                [38;2;0;0;0m▀▀[38;2;41;49;115m▀[38;2;74;123;205;48;2;0;0;0m▀▀▀▀▀[38;2;41;49;115;49m▀[38;2;0;0;0m▀▀[0m
