[0m   [38;2;32;32;49m▄[48;2;82;65;65m▀▀[49m▄[0m
[0m  [38;2;32;32;49m▄[48;2;82;65;65m▀[38;2;82;65;65m▀▀▀[38;2;32;32;49;48;2;32;32;49m▀[0m
[0m [38;2;32;32;49m▄[48;2;82;65;65m▀[38;2;82;65;65m▀[48;2;164;123;8m▀[48;2;82;65;65m▀[48;2;164;123;8m▀[48;2;82;65;65m▀[38;2;32;32;49;48;2;32;32;49m▀[0m
[0m [38;2;32;32;49;48;2;32;32;49m▀[38;2;82;65;65;48;2;82;65;65m▀▀[38;2;197;172;16;48;2;197;172;16m▀[38;2;82;65;65m▀[38;2;197;172;16m▀[38;2;82;65;65;48;2;164;123;8m▀[48;2;82;65;65m▀[38;2;32;32;49;48;2;32;32;49m▀[0m         [38;2;32;32;49m▄▄▄[48;2;82;65;65m▀▀▀[48;2;32;32;49m▀[0m
[38;2;32;32;49;48;2;32;32;49m▀[38;2;82;65;65;48;2;82;65;65m▀▀[38;2;164;123;8;48;2;197;172;16m▀[38;2;197;172;16m▀▀▀▀[38;2;82;65;65;48;2;82;65;65m▀▀[38;2;32;32;49;48;2;32;32;49m▀[0m    [38;2;32;32;49m▄▄[48;2;82;65;65m▀▀[38;2;82;65;65m▀▀▀▀▀▀[38;2;32;32;49;48;2;32;32;49m▀[0m
[38;2;32;32;49;48;2;32;32;49m▀[38;2;82;65;65;48;2;82;65;65m▀[48;2;164;123;8m▀[38;2;197;172;16;48;2;197;172;16m▀▀▀▀▀[38;2;164;123;8m▀[38;2;82;65;65;48;2;32;32;49m▀[38;2;32;32;49;49m▀[0m   [38;2;32;32;49;48;2;32;32;49m▀[38;2;82;65;65;48;2;82;65;65m▀▀[48;2;197;172;16m▀[48;2;246;230;82m▀▀[38;2;197;172;16m▀[48;2;82;65;65m▀[38;2;82;65;65;48;2;197;172;16m▀[48;2;82;65;65m▀[48;2;32;32;49m▀[38;2;32;32;49;49m▀[0m
[0m [38;2;32;32;49m▀▀[38;2;197;172;16;48;2;32;32;49m▀▀[48;2;164;123;8m▀▀▀[38;2;32;32;49;48;2;131;90;41m▀[38;2;131;90;41;49m▄▄▄[0m  [38;2;32;32;49;48;2;32;32;49m▀[38;2;197;172;16;48;2;246;230;82m▀[38;2;246;230;82m▀▀▀▀▀▀[38;2;197;172;16;48;2;82;65;65m▀[38;2;82;65;65m▀[38;2;32;32;49;48;2;32;32;49m▀[0m
[0m  [38;2;131;90;41m▄[48;2;246;230;82m▀[48;2;246;238;148m▀[38;2;246;238;148m▀▀▀[38;2;246;230;82m▀[48;2;246;230;82m▀▀▀[38;2;131;90;41m▀▀[38;2;32;32;49;48;2;98;74;16m▀[38;2;246;230;82;48;2;246;230;82m▀▀▀▀▀▀[38;2;197;172;16;48;2;82;65;65m▀[38;2;82;65;65m▀[38;2;32;32;49;48;2;32;32;49m▀[0m
[0m [38;2;131;90;41;48;2;98;74;16m▀[38;2;246;230;82;48;2;0;0;0m▀[48;2;148;139;123m▀[48;2;246;230;82m▀[38;2;246;238;148m▀▀▀[38;2;246;230;82m▀▀▀▀▀▀▀[48;2;197;172;16m▀[48;2;246;230;82m▀▀▀▀[38;2;197;172;16;48;2;82;65;65m▀[38;2;82;65;65m▀[48;2;32;32;49m▀[38;2;32;32;49;49m▀[0m
[38;2;98;74;16;48;2;32;32;49m▀[38;2;32;32;49m▀[38;2;238;230;205;48;2;0;0;0m▀[38;2;0;0;0;48;2;131;90;41m▀[38;2;246;230;82;48;2;246;230;82m▀▀▀▀▀[48;2;32;32;49m▀[38;2;98;74;16;48;2;238;230;205m▀[48;2;0;0;0m▀[38;2;246;230;82;48;2;131;90;41m▀[48;2;246;230;82m▀▀[38;2;197;172;16;48;2;197;172;16m▀[38;2;98;74;16m▀[38;2;32;32;49;48;2;32;32;49m▀[49m▀▀▀▀[0m
[38;2;32;32;49;48;2;32;32;49m▀[38;2;148;139;123;48;2;230;123;148m▀[38;2;32;32;49;48;2;246;230;82m▀[38;2;246;230;82m▀[38;2;164;123;8m▀[38;2;246;230;82m▀▀▀▀[38;2;32;32;49;48;2;148;139;123m▀[38;2;0;0;0;48;2;0;0;0m▀[38;2;131;90;41m▀[38;2;0;0;0;48;2;197;172;16m▀[38;2;246;230;82;48;2;230;123;148m▀▀[38;2;197;172;16;48;2;197;172;16m▀▀[38;2;32;32;49;48;2;32;32;49m▀[0m
[0m [38;2;32;32;49;48;2;32;32;49m▀[38;2;230;123;148;48;2;230;123;148m▀[38;2;246;230;82;48;2;246;230;82m▀[38;2;131;90;41m▀[38;2;160;35;35;48;2;160;35;35m▀▀[38;2;131;90;41m▀[38;2;246;230;82;48;2;246;230;82m▀▀[38;2;197;172;16m▀▀[38;2;230;123;148;48;2;230;123;148m▀▀▀▀[38;2;32;32;49;48;2;32;32;49m▀[0m
[0m [38;2;98;74;16m▄[38;2;32;32;49;48;2;197;172;16m▀[38;2;197;172;16;48;2;32;32;49m▀[38;2;246;230;82m▀[48;2;197;172;16m▀[38;2;164;123;8;48;2;246;230;82m▀[38;2;246;230;82m▀▀[48;2;197;172;16m▀▀[38;2;197;172;16m▀▀[38;2;230;123;148;48;2;98;74;16m▀▀[38;2;98;74;16;48;2;32;32;49m▀[49m▄▄[0m
[0m [38;2;98;74;16m▀[38;2;246;230;82;48;2;98;74;16m▀[48;2;197;172;16m▀[38;2;197;172;16m▀[38;2;98;74;16m▀[38;2;32;32;49;48;2;32;32;49m▀[48;2;82;65;65m▀[48;2;32;32;49m▀[48;2;82;65;65m▀[48;2;32;32;49m▀▀[48;2;98;74;16m▀[48;2;197;172;16m▀[38;2;197;172;16m▀[38;2;246;230;82m▀[38;2;131;90;41;48;2;246;230;82m▀[38;2;246;238;148m▀[38;2;32;32;49;48;2;32;32;49m▀[0m
[0m   [38;2;98;74;16m▀▀[38;2;197;172;16;48;2;98;74;16m▀[38;2;82;65;65;48;2;82;65;65m▀[38;2;197;172;16;48;2;197;172;16m▀[38;2;82;65;65;48;2;246;230;82m▀[38;2;197;172;16m▀[38;2;82;65;65m▀[38;2;98;74;16;48;2;82;65;65m▀[38;2;197;172;16;48;2;197;172;16m▀▀[48;2;98;74;16m▀[48;2;32;32;49m▀[38;2;32;32;49;49m▀▀[38;2;0;0;0m▄▄[0m
[0m     [38;2;98;74;16;48;2;98;74;16m▀[38;2;246;230;82;48;2;246;230;82m▀▀▀▀▀▀▀[38;2;197;172;16;48;2;197;172;16m▀▀[38;2;98;74;16;48;2;98;74;16m▀[38;2;0;0;0;49m▄[48;2;0;0;0m▀▀[38;2;82;65;65m▀[38;2;0;0;0;48;2;82;65;65m▀[49m▄[0m
[0m     [38;2;98;74;16m▄[48;2;197;172;16m▀[38;2;246;230;82;48;2;98;74;16m▀▀[48;2;197;172;16m▀▀▀[38;2;197;172;16;48;2;98;74;16m▀▀[38;2;98;74;16;48;2;197;172;16m▀[38;2;0;0;0;48;2;98;74;16m▀[49m▀[0m [38;2;0;0;0;48;2;0;0;0m▀▀▀[38;2;82;65;65m▀[38;2;0;0;0;49m▀[0m
[0m    [38;2;98;74;16m▀[38;2;246;230;82;48;2;32;32;49m▀▀[38;2;197;172;16m▀▀[38;2;32;32;49;49m▀▀▀[38;2;98;74;16;48;2;32;32;49m▀[38;2;197;172;16m▀[38;2;246;230;82;48;2;246;230;82m▀[38;2;197;172;16m▀[38;2;98;74;16;48;2;98;74;16m▀[0m  [38;2;0;0;0m▀▀[0m
[0m              [38;2;0;0;0m▀▀[0m
