[0m        [38;2;197;74;65m▄[48;2;255;197;172m▀▀[38;2;92;38;16;48;2;255;164;148m▀[38;2;197;74;65;49m▄[38;2;92;38;16m▄[0m
[0m       [38;2;197;74;65;48;2;197;74;65m▀[38;2;255;197;172;48;2;255;197;172m▀▀[48;2;255;164;148m▀[38;2;255;164;148m▀▀▀[38;2;92;38;16m▀[49m▄[0m
[0m    [38;2;92;38;16m▄▄▄[48;2;92;38;16m▀[38;2;255;164;148;48;2;255;164;148m▀▀[38;2;197;74;65m▀[38;2;92;38;16m▀[38;2;255;164;148;48;2;92;38;16m▀[48;2;255;164;148m▀▀[38;2;197;74;65;48;2;222;123;106m▀[38;2;92;38;16;48;2;255;164;148m▀[38;2;16;16;16;48;2;197;74;65m▀[49m▄▄[38;2;92;38;16m▄[0m
[0m [38;2;92;38;16m▄[48;2;197;139;41m▀▀[38;2;197;139;41m▀[38;2;164;106;0;48;2;106;74;49m▀[38;2;106;74;49;48;2;255;197;172m▀[38;2;255;164;148m▀[38;2;16;16;16m▀[38;2;255;164;148;48;2;16;16;16m▀▀[38;2;222;123;106m▀[38;2;16;16;16;48;2;255;164;148m▀[38;2;255;164;148m▀[48;2;255;197;172m▀[38;2;255;197;172m▀▀[38;2;255;164;148;48;2;164;106;0m▀[38;2;106;74;49;48;2;197;139;41m▀[38;2;197;139;41m▀[38;2;164;106;0m▀[38;2;92;38;16m▀▀[49m▄[38;2;16;16;16m▄[0m
[38;2;92;38;16;48;2;92;38;16m▀[38;2;164;106;0;48;2;106;74;49m▀▀[38;2;197;139;41;48;2;164;106;0m▀[38;2;106;74;49;48;2;106;74;49m▀[38;2;255;197;172;48;2;255;197;172m▀▀▀▀▀▀▀▀▀▀▀▀[38;2;106;74;49;48;2;106;74;49m▀[38;2;197;139;41;48;2;164;106;0m▀▀▀[48;2;106;74;49m▀[38;2;164;106;0m▀[38;2;106;74;49m▀▀[38;2;16;16;16;48;2;16;16;16m▀[0m
[38;2;16;16;16;49m▀[38;2;106;74;49;48;2;16;16;16m▀[48;2;106;74;49m▀[38;2;92;38;16;48;2;92;38;16m▀[38;2;255;164;148;48;2;255;197;172m▀[38;2;255;197;172m▀▀[48;2;255;255;255m▀[48;2;255;197;172m▀▀▀▀[48;2;255;255;255m▀[48;2;255;197;172m▀▀▀▀[38;2;92;38;16;48;2;197;74;65m▀[38;2;106;74;49;48;2;106;74;49m▀▀▀▀▀▀[48;2;16;16;16m▀[38;2;16;16;16;49m▀[0m
[0m  [38;2;16;16;16;48;2;16;16;16m▀[38;2;222;123;106;48;2;255;164;148m▀[38;2;255;197;172m▀[48;2;222;123;106m▀[48;2;255;197;172m▀[38;2;16;16;16;48;2;16;16;16m▀[38;2;255;197;172;48;2;255;197;172m▀▀▀▀[38;2;16;16;16;48;2;16;16;16m▀[38;2;255;197;172;48;2;255;197;172m▀[48;2;222;123;106m▀▀[48;2;255;197;172m▀▀[38;2;92;38;16;48;2;255;164;148m▀[38;2;106;74;49;48;2;92;38;16m▀▀[48;2;106;74;49m▀[48;2;16;16;16m▀[38;2;16;16;16;49m▀[0m
[0m [38;2;16;16;16m▄[48;2;222;123;106m▀[38;2;255;164;148;48;2;255;164;148m▀[38;2;255;197;172;48;2;255;197;172m▀▀▀▀[48;2;222;123;106m▀[48;2;255;197;172m▀▀[48;2;197;74;65m▀[48;2;255;197;172m▀▀▀▀[48;2;255;164;148m▀[38;2;255;164;148m▀▀▀[38;2;197;74;65m▀[38;2;16;16;16;48;2;92;38;16m▀[49m▄[38;2;92;38;16m▄[0m
[0m [38;2;16;16;16;48;2;16;16;16m▀[38;2;255;164;148;48;2;255;164;148m▀[48;2;222;123;106m▀[38;2;197;74;65;48;2;255;164;148m▀[48;2;255;197;172m▀[38;2;222;123;106;48;2;197;74;65m▀[38;2;255;197;172;48;2;255;164;148m▀▀[38;2;197;74;65m▀▀[38;2;255;197;172m▀▀[38;2;222;123;106;48;2;197;74;65m▀[38;2;197;74;65;48;2;255;164;148m▀▀[38;2;255;164;148;48;2;197;74;65m▀▀[48;2;255;164;148m▀▀▀▀[38;2;16;16;16;48;2;92;38;16m▀[38;2;222;123;106;48;2;255;164;148m▀[38;2;92;38;16;48;2;197;74;65m▀[49m▄[0m
[0m [38;2;16;16;16;48;2;16;16;16m▀[38;2;255;164;148;48;2;222;123;106m▀[48;2;255;164;148m▀▀[38;2;255;197;172;48;2;197;74;65m▀[38;2;92;38;16;48;2;255;164;148m▀[38;2;255;164;148m▀▀▀▀▀▀[38;2;92;38;16m▀[38;2;255;164;148;48;2;92;38;16m▀[48;2;255;164;148m▀▀▀▀▀▀▀[38;2;92;38;16;48;2;197;74;65m▀[38;2;255;164;148;48;2;222;123;106m▀[38;2;222;123;106m▀[38;2;92;38;16;48;2;92;38;16m▀[0m
[0m  [38;2;16;16;16;48;2;16;16;16m▀[38;2;255;164;148;48;2;222;123;106m▀[48;2;255;164;148m▀[38;2;222;123;106m▀[38;2;255;164;148m▀▀▀▀▀▀▀▀▀[38;2;197;74;65m▀[38;2;222;123;106m▀[38;2;255;164;148m▀▀▀▀[48;2;197;74;65m▀[38;2;197;74;65;48;2;222;123;106m▀[38;2;222;123;106m▀[38;2;197;74;65;48;2;16;16;16m▀[38;2;92;38;16;49m▀[0m
[0m   [38;2;16;16;16;48;2;16;16;16m▀[38;2;255;164;148;48;2;222;123;106m▀[48;2;255;164;148m▀▀▀▀▀▀▀▀▀▀▀▀▀▀▀[48;2;92;38;16m▀[38;2;92;38;16;48;2;16;16;16m▀[38;2;16;16;16;49m▀▀[0m
[0m    [38;2;92;38;16m▀[38;2;255;164;148;48;2;16;16;16m▀[48;2;255;164;148m▀▀[38;2;222;123;106;48;2;16;16;16m▀[38;2;92;38;16;49m▀▀[38;2;16;16;16m▀▀▀▀[38;2;255;164;148;48;2;92;38;16m▀▀[48;2;255;164;148m▀▀[38;2;197;74;65;48;2;92;38;16m▀[38;2;16;16;16;49m▀[0m
[0m      [38;2;16;16;16m▀▀[0m         [38;2;92;38;16m▀▀[0m
