[0m             [38;2;156;24;82m▄[38;2;180;82;115;48;2;255;205;213m▀▀[38;2;156;24;82;48;2;230;131;156m▀[49m▄[0m
[0m         [38;2;180;82;115m▄[48;2;230;131;156m▀[38;2;156;24;82;48;2;255;205;213m▀[48;2;16;16;16m▀[38;2;255;205;213;48;2;255;172;189m▀▀[38;2;255;172;189m▀▀[38;2;230;131;156;48;2;230;131;156m▀[38;2;156;24;82;48;2;16;16;16m▀[49m▄[38;2;180;82;115m▄[0m
[0m         [38;2;180;82;115;48;2;156;24;82m▀[38;2;255;205;213;48;2;255;172;189m▀[38;2;255;172;189m▀[38;2;180;82;115m▀[38;2;255;172;189m▀▀▀▀[38;2;180;82;115m▀[38;2;230;131;156m▀[38;2;255;205;213m▀▀[38;2;180;82;115m▀[38;2;156;24;82;49m▄[0m
[0m        [38;2;156;24;82m▄[48;2;230;131;156m▀[48;2;255;205;213m▀[38;2;180;82;115m▀[38;2;230;131;156m▀[38;2;255;172;189m▀[48;2;255;172;189m▀▀▀▀[48;2;180;82;115m▀▀[48;2;230;131;156m▀[38;2;230;131;156m▀[38;2;156;24;82;48;2;16;16;16m▀[0m
[0m      [38;2;156;24;82m▄[48;2;255;205;213m▀[38;2;180;82;115;48;2;156;24;82m▀[38;2;255;205;213;48;2;255;205;213m▀[38;2;180;82;115;48;2;156;24;82m▀[38;2;156;24;82;48;2;255;205;213m▀[38;2;230;131;156;48;2;156;24;82m▀[38;2;255;205;213;48;2;255;205;213m▀▀[38;2;255;172;189;48;2;255;172;189m▀▀▀▀[38;2;230;131;156m▀[38;2;180;82;115m▀[38;2;16;16;16;48;2;230;131;156m▀[38;2;156;24;82;49m▄[0m
[0m     [38;2;156;24;82;48;2;156;24;82m▀[38;2;180;82;115;48;2;230;131;156m▀[38;2;255;172;189;48;2;255;172;189m▀[38;2;180;82;115;48;2;255;205;213m▀[38;2;230;131;156;48;2;180;82;115m▀[38;2;255;205;213;48;2;156;24;82m▀▀[38;2;156;24;82;48;2;255;205;213m▀[38;2;255;205;213m▀[48;2;255;172;189m▀[38;2;255;172;189;48;2;230;131;156m▀▀[48;2;255;172;189m▀▀▀▀▀▀[38;2;156;24;82;48;2;156;24;82m▀[0m
[0m    [38;2;156;24;82;48;2;156;24;82m▀[38;2;180;82;115;48;2;255;255;255m▀[38;2;230;41;16;48;2;16;16;16m▀[38;2;180;82;115;48;2;230;41;16m▀[38;2;255;172;189;48;2;156;24;82m▀[48;2;255;172;189m▀▀▀▀[48;2;230;131;156m▀[38;2;180;82;115;48;2;255;255;255m▀[38;2;230;41;16;48;2;16;16;16m▀▀[38;2;180;82;115;48;2;230;41;16m▀[38;2;255;172;189;48;2;180;82;115m▀[48;2;255;172;189m▀▀▀▀[38;2;230;131;156;48;2;230;131;156m▀[38;2;156;24;82;48;2;156;24;82m▀[0m
[0m [38;2;180;82;115m▄▄[38;2;156;24;82;48;2;156;24;82m▀[38;2;180;82;115;48;2;180;82;115m▀[38;2;16;16;16;48;2;16;16;16m▀▀[38;2;230;41;16;48;2;230;41;16m▀[38;2;156;24;82;48;2;156;24;82m▀[38;2;255;172;189;48;2;255;172;189m▀▀▀▀[38;2;180;82;115;48;2;180;82;115m▀[38;2;16;16;16;48;2;16;16;16m▀▀▀[38;2;230;41;16;48;2;230;41;16m▀[38;2;156;24;82;48;2;156;24;82m▀[38;2;255;172;189;48;2;255;172;189m▀▀▀▀▀[38;2;230;131;156;48;2;230;131;156m▀[38;2;156;24;82;48;2;16;16;16m▀[0m
[38;2;156;24;82;48;2;156;24;82m▀[38;2;255;172;189;48;2;255;172;189m▀▀[38;2;156;24;82;48;2;230;131;156m▀[38;2;180;82;115;48;2;255;172;189m▀[38;2;230;41;16;48;2;156;24;82m▀▀[38;2;156;24;82;48;2;230;131;156m▀[38;2;230;131;156;48;2;180;82;115m▀[38;2;255;172;189;48;2;16;16;16m▀▀[48;2;230;131;156m▀[48;2;255;172;189m▀[38;2;230;131;156m▀[38;2;156;24;82;48;2;180;82;115m▀[38;2;230;41;16;48;2;156;24;82m▀▀[38;2;156;24;82;48;2;180;82;115m▀[38;2;180;82;115;48;2;255;172;189m▀[38;2;255;172;189m▀[48;2;180;82;115m▀[38;2;156;24;82;48;2;255;172;189m▀▀[38;2;180;82;115;48;2;16;16;16m▀[38;2;230;131;156;48;2;230;131;156m▀[38;2;16;16;16;48;2;16;16;16m▀[0m
[0m [38;2;16;16;16m▀[38;2;230;131;156;48;2;16;16;16m▀[38;2;156;24;82;48;2;156;24;82m▀[38;2;255;172;189;48;2;230;131;156m▀[48;2;255;172;189m▀▀▀[38;2;230;131;156m▀[38;2;98;0;0;48;2;189;0;0m▀[38;2;189;0;0m▀[38;2;255;172;189;48;2;255;172;189m▀▀▀▀▀▀▀▀▀▀▀[48;2;16;16;16m▀[38;2;16;16;16;48;2;230;131;156m▀[38;2;230;131;156m▀[38;2;16;16;16;48;2;16;16;16m▀[0m
[0m   [38;2;16;16;16m▀[38;2;180;82;115;48;2;156;24;82m▀[38;2;255;172;189;48;2;230;131;156m▀[48;2;255;172;189m▀▀▀▀▀▀▀▀▀▀▀▀▀▀[48;2;230;131;156m▀[38;2;156;24;82m▀[38;2;230;131;156m▀▀[38;2;16;16;16;48;2;16;16;16m▀[0m
[0m    [38;2;156;24;82m▀[38;2;180;82;115;48;2;156;24;82m▀[38;2;230;131;156;48;2;230;131;156m▀[38;2;255;172;189m▀▀[48;2;255;172;189m▀▀▀▀▀▀[48;2;230;131;156m▀▀▀[38;2;230;131;156m▀▀▀▀▀[38;2;16;16;16;48;2;16;16;16m▀[0m
[0m      [38;2;16;16;16m▀[38;2;230;131;156;48;2;16;16;16m▀[48;2;156;24;82m▀[48;2;230;131;156m▀▀▀▀▀▀▀▀▀▀▀[48;2;156;24;82m▀[48;2;16;16;16m▀[38;2;16;16;16;49m▀[0m
[0m         [38;2;16;16;16m▀[38;2;156;24;82;48;2;156;24;82m▀[38;2;230;131;156;48;2;230;131;156m▀▀[48;2;156;24;82m▀[48;2;16;16;16m▀▀▀[38;2;180;82;115m▀[48;2;230;131;156m▀[38;2;230;131;156m▀[38;2;156;24;82m▀[49m▄[0m
[0m           [38;2;156;24;82;48;2;16;16;16m▀[38;2;230;131;156;48;2;230;131;156m▀▀[38;2;16;16;16;48;2;16;16;16m▀[0m  [38;2;156;24;82m▀[38;2;230;131;156;48;2;156;24;82m▀[48;2;230;131;156m▀▀[38;2;16;16;16;48;2;16;16;16m▀[0m
[0m            [38;2;16;16;16m▀▀[0m     [38;2;16;16;16m▀▀[0m
