[0m     [38;2;148;115;90;48;2;148;115;90m▀[38;2;0;0;0;48;2;246;238;197m▀[49m▄[38;2;148;115;90m▄[48;2;207;152;114m▀▀[49m▄[38;2;115;74;74m▄[38;2;0;0;0;48;2;246;238;197m▀[48;2;246;213;164m▀[49m▄[0m
[0m     [38;2;148;115;90;48;2;148;115;90m▀[38;2;246;238;197;48;2;246;238;197m▀▀[38;2;0;0;0m▀[48;2;148;115;90m▀[38;2;115;74;74;48;2;207;152;114m▀[38;2;148;115;90;48;2;246;238;197m▀[38;2;246;238;197m▀[38;2;246;213;164;48;2;246;213;164m▀▀[38;2;115;74;74m▀[38;2;148;115;90;48;2;0;0;0m▀[48;2;207;152;114m▀▀[38;2;115;74;74;49m▄▄[38;2;0;0;0m▄▄[0m
[0m    [38;2;148;115;90m▄[48;2;246;238;197m▀[38;2;246;238;197m▀[48;2;207;152;114m▀[48;2;246;238;197m▀[48;2;148;115;90m▀[48;2;246;238;197m▀▀[38;2;246;213;164;48;2;246;213;164m▀▀▀▀▀[38;2;115;74;74;48;2;207;152;114m▀[48;2;246;213;164m▀[38;2;207;152;114m▀[38;2;246;213;164m▀▀[38;2;0;0;0;48;2;0;0;0m▀[0m
[0m   [38;2;207;152;114;48;2;148;115;90m▀[48;2;246;238;197m▀[38;2;246;238;197m▀▀[38;2;148;115;90;48;2;207;152;114m▀[38;2;246;238;197m▀[38;2;0;0;0;48;2;246;238;197m▀[38;2;246;238;197;48;2;172;32;32m▀[38;2;246;213;164m▀[48;2;246;213;164m▀[38;2;148;115;90;48;2;0;0;0m▀[38;2;246;213;164;48;2;246;213;164m▀[38;2;207;152;114;48;2;148;115;90m▀[38;2;246;213;164;48;2;246;213;164m▀▀▀▀[48;2;207;152;114m▀[38;2;0;0;0;48;2;0;0;0m▀[0m
[38;2;0;0;0;49m▄[48;2;246;213;164m▀▀[38;2;115;74;74;48;2;207;152;114m▀[38;2;246;238;197;48;2;115;74;74m▀[38;2;148;115;90;48;2;255;255;255m▀[38;2;246;238;197;48;2;148;115;90m▀[48;2;246;238;197m▀▀▀[38;2;172;32;32;48;2;172;32;32m▀[48;2;207;152;114m▀[38;2;246;213;164;48;2;246;213;164m▀▀[38;2;207;152;114m▀▀[38;2;246;213;164m▀▀▀▀[38;2;0;0;0;48;2;0;0;0m▀[0m
[38;2;0;0;0;49m▀[38;2;246;213;164;48;2;0;0;0m▀[48;2;207;152;114m▀▀[38;2;207;152;114;48;2;115;74;74m▀[38;2;255;255;255;48;2;255;255;255m▀▀[38;2;148;115;90;48;2;148;115;90m▀[38;2;246;238;197m▀[38;2;148;115;90;48;2;255;255;255m▀▀[38;2;246;213;164;48;2;148;115;90m▀▀[48;2;246;213;164m▀▀[48;2;148;115;90m▀▀[48;2;246;213;164m▀▀▀[38;2;207;152;114m▀[38;2;0;0;0;48;2;0;0;0m▀[0m
[38;2;123;139;148;48;2;123;139;148m▀[38;2;255;255;255;48;2;255;255;255m▀[38;2;115;74;74m▀▀[38;2;255;255;255m▀▀▀▀▀▀▀▀[38;2;148;115;90m▀[38;2;246;213;164;48;2;148;115;90m▀[38;2;148;115;90;48;2;255;255;255m▀[38;2;255;255;255m▀▀[38;2;148;115;90m▀[38;2;246;213;164;48;2;148;115;90m▀[48;2;115;74;74m▀[38;2;0;0;0;48;2;246;213;164m▀▀▀[49m▄[0m
[38;2;0;0;0;48;2;0;0;0m▀[38;2;213;222;222;48;2;197;65;65m▀[38;2;255;255;255m▀[48;2;213;222;222m▀[48;2;255;255;255m▀▀▀[38;2;74;131;197;48;2;74;131;197m▀▀[38;2;255;255;255m▀[48;2;255;255;255m▀▀▀[38;2;207;152;114;48;2;197;65;65m▀[38;2;197;65;65;48;2;255;255;255m▀▀[48;2;213;222;222m▀[38;2;213;222;222;48;2;197;65;65m▀[38;2;115;74;74;48;2;115;74;74m▀[38;2;207;152;114;48;2;207;152;114m▀[38;2;246;213;164m▀▀[48;2;0;0;0m▀[38;2;0;0;0;49m▀[0m
[38;2;0;0;0;49m▀[38;2;180;180;197;48;2;0;0;0m▀[38;2;197;65;65;48;2;180;180;197m▀[48;2;197;65;65m▀[38;2;213;222;222m▀[38;2;255;255;255;48;2;255;255;255m▀▀[38;2;49;98;172;48;2;49;98;172m▀[38;2;255;255;255;48;2;255;255;255m▀[38;2;74;131;197m▀[38;2;49;98;172;48;2;74;131;197m▀[38;2;255;255;255;48;2;49;98;172m▀[48;2;255;255;255m▀[38;2;197;65;65m▀[38;2;207;152;114;48;2;197;65;65m▀[38;2;255;255;255;48;2;207;152;114m▀[38;2;213;222;222;48;2;213;222;222m▀[38;2;197;65;65;48;2;197;65;65m▀[38;2;180;180;197;48;2;180;180;197m▀[38;2;115;74;74m▀▀[38;2;0;0;0;48;2;0;0;0m▀[0m
[0m [38;2;0;0;0m▀[38;2;180;180;197;48;2;0;0;0m▀[38;2;197;65;65;48;2;180;180;197m▀[48;2;197;65;65m▀[38;2;180;180;197m▀[38;2;213;222;222;48;2;180;180;197m▀[38;2;49;98;172m▀[38;2;213;222;222;48;2;49;98;172m▀[38;2;74;131;197m▀[38;2;49;98;172;48;2;74;131;197m▀[48;2;180;180;197m▀[38;2;213;222;222m▀[38;2;180;180;197m▀▀[38;2;197;65;65m▀▀[38;2;207;152;114m▀[38;2;180;180;197m▀▀[48;2;0;0;0m▀[38;2;0;0;0;49m▀[0m
[0m  [38;2;0;0;0m▀[38;2;197;65;65;48;2;0;0;0m▀[48;2;197;65;65m▀[48;2;180;180;197m▀[38;2;180;180;197m▀▀▀▀▀▀▀▀[48;2;49;98;172m▀[38;2;74;131;197;48;2;74;131;197m▀[48;2;49;98;172m▀[38;2;180;180;197;48;2;180;180;197m▀▀[48;2;0;0;0m▀[38;2;0;0;0;49m▀[0m
[0m    [38;2;0;0;0;48;2;115;74;74m▀[48;2;207;152;114m▀[38;2;180;180;197;48;2;0;0;0m▀▀▀[48;2;180;180;197m▀▀▀[48;2;49;98;172m▀[38;2;49;98;172;48;2;74;131;197m▀[38;2;74;131;197;48;2;180;180;197m▀[38;2;180;180;197;48;2;0;0;0m▀[38;2;49;98;172m▀[38;2;180;180;197m▀[38;2;0;0;0;49m▀[0m
[0m   [38;2;115;74;74;48;2;0;0;0m▀[38;2;246;213;164;48;2;207;152;114m▀[38;2;207;152;114;48;2;115;74;74m▀[38;2;246;213;164;48;2;246;213;164m▀[38;2;207;152;114;48;2;0;0;0m▀▀[38;2;0;0;0;49m▀▀[48;2;115;74;74m▀[48;2;207;152;114m▀[48;2;246;213;164m▀▀[38;2;207;152;114;48;2;207;152;114m▀[38;2;115;74;74m▀[49m▄[0m
[0m    [38;2;0;0;0m▀▀▀[0m     [38;2;0;0;0m▀▀[38;2;246;213;164;48;2;0;0;0m▀[38;2;115;74;74m▀[38;2;246;213;164m▀[38;2;0;0;0;49m▀[0m
