[0m        [38;2;115;123;131m▄▄[48;2;255;255;255m▀[48;2;115;123;131m▀[0m
[0m   [38;2;115;123;131m▄[38;2;0;0;0;48;2;255;255;255m▀[48;2;0;0;0m▀[38;2;115;123;131;49m▄[48;2;255;255;255m▀[38;2;255;255;255m▀▀▀[38;2;0;0;0;48;2;0;0;0m▀[0m
[0m  [38;2;115;123;131;48;2;115;123;131m▀[38;2;255;255;255;48;2;255;255;255m▀[48;2;172;197;189m▀[38;2;115;123;131;48;2;255;255;255m▀[38;2;255;255;255m▀▀▀▀▀[38;2;0;0;0;48;2;0;0;0m▀[38;2;115;123;131;48;2;213;238;238m▀[49m▄▄▄[48;2;255;255;255m▀▀▀[48;2;0;0;0m▀[0m
[0m [38;2;115;123;131;48;2;115;123;131m▀[38;2;255;255;255;48;2;255;255;255m▀▀▀▀▀▀▀▀▀[38;2;115;123;131m▀[38;2;0;0;0m▀[38;2;255;255;255m▀▀▀▀▀[48;2;0;0;0m▀[38;2;0;0;0;49m▀[0m
[38;2;115;123;131;48;2;115;123;131m▀[38;2;172;197;189;48;2;255;255;255m▀▀[38;2;255;255;255m▀▀▀▀[48;2;172;197;189m▀▀[48;2;255;255;255m▀▀▀▀▀▀▀▀[48;2;0;0;0m▀[38;2;0;0;0;49m▀[0m
[38;2;115;123;131;48;2;115;123;131m▀[48;2;0;0;0m▀[38;2;255;255;255;48;2;255;255;255m▀▀▀▀▀[48;2;115;123;131m▀[48;2;255;255;255m▀▀▀▀▀▀▀▀[48;2;0;0;0m▀[38;2;0;0;0;49m▀[0m
[38;2;115;123;131;48;2;115;123;131m▀[38;2;0;0;0;48;2;255;255;255m▀[38;2;255;255;255m▀▀▀▀▀[38;2;0;0;0;48;2;0;0;0m▀[38;2;255;255;255;48;2;255;255;255m▀▀▀▀▀[48;2;213;238;238m▀[38;2;213;238;238;48;2;172;197;189m▀[38;2;115;123;131;48;2;0;0;0m▀[38;2;0;0;0;49m▀[0m
[0m [38;2;115;123;131;48;2;0;0;0m▀[38;2;255;255;255;48;2;213;238;238m▀[48;2;255;255;255m▀▀▀▀▀[48;2;115;123;131m▀[48;2;213;238;238m▀[48;2;172;197;189m▀[38;2;213;238;238m▀[38;2;172;197;189m▀[48;2;0;0;0m▀[38;2;0;0;0;49m▀[0m          [38;2;115;123;131m▄▄▄[0m
[0m  [38;2;0;0;0m▀[38;2;172;197;189;48;2;0;0;0m▀[48;2;115;123;131m▀[48;2;172;197;189m▀[38;2;115;123;131m▀▀[38;2;172;197;189m▀▀▀[48;2;115;123;131m▀[38;2;0;0;0m▀[38;2;172;197;189;48;2;172;197;189m▀[38;2;115;123;131;48;2;115;123;131m▀[0m     [38;2;115;123;131m▄▄[48;2;255;255;255m▀▀▀[38;2;255;255;255m▀[48;2;115;123;131m▀▀[38;2;0;0;0;48;2;0;0;0m▀[0m
[0m     [38;2;0;0;0m▀▀[48;2;115;123;131m▀[38;2;172;197;189;48;2;172;197;189m▀▀▀[38;2;0;0;0;48;2;115;123;131m▀[38;2;172;197;189;48;2;172;197;189m▀[48;2;115;123;131m▀[38;2;115;123;131;49m▀[0m  [38;2;115;123;131m▄[48;2;255;255;255m▀▀[38;2;255;255;255m▀▀[48;2;172;197;189m▀[38;2;172;197;189;48;2;115;123;131m▀[38;2;115;123;131;48;2;213;238;238m▀[38;2;172;197;189m▀[48;2;115;123;131m▀[38;2;0;0;0;49m▀[0m
[0m        [38;2;115;123;131;48;2;115;123;131m▀[38;2;172;197;189;48;2;172;197;189m▀▀▀[38;2;0;0;0;48;2;0;0;0m▀[38;2;115;123;131;48;2;115;123;131m▀[0m [38;2;115;123;131m▄[48;2;255;255;255m▀[38;2;255;255;255m▀▀▀[48;2;172;197;189m▀[38;2;115;123;131;48;2;213;238;238m▀[38;2;213;238;238m▀▀▀[48;2;115;123;131m▀[38;2;115;123;131;49m▀[0m
[0m       [38;2;115;123;131;48;2;115;123;131m▀[38;2;172;197;189;48;2;172;197;189m▀▀▀▀[38;2;0;0;0;48;2;213;238;238m▀[49m▄[38;2;115;123;131m▄[48;2;213;238;238m▀[38;2;255;255;255m▀▀▀[38;2;172;197;189;48;2;172;197;189m▀[38;2;213;238;238;48;2;213;238;238m▀▀▀[48;2;115;123;131m▀[38;2;115;123;131;49m▀[0m
[0m     [38;2;0;0;0m▄[38;2;115;123;131;48;2;255;255;255m▀[38;2;255;255;255m▀[38;2;213;238;238m▀[38;2;172;197;189m▀▀[38;2;213;238;238m▀[38;2;255;255;255m▀[38;2;0;0;0m▀[38;2;115;123;131;48;2;0;0;0m▀[38;2;213;238;238;48;2;115;123;131m▀[48;2;213;238;238m▀▀[48;2;115;123;131m▀[48;2;0;0;0m▀▀[38;2;0;0;0;49m▀[38;2;115;123;131m▀[0m
[0m   [38;2;115;123;131m▄[48;2;0;0;0m▀[38;2;0;0;0;48;2;255;255;255m▀[38;2;255;255;255m▀▀▀▀▀▀▀[48;2;172;197;189m▀▀[38;2;0;0;0;48;2;255;255;255m▀▀[38;2;115;123;131m▀[38;2;0;0;0;49m▄[0m
[0m [38;2;115;123;131m▄[48;2;213;238;238m▀[38;2;213;238;238;48;2;0;0;0m▀[38;2;0;0;0;48;2;255;255;255m▀[38;2;255;255;255m▀▀[48;2;222;65;57m▀[48;2;189;24;8m▀[48;2;255;255;255m▀▀[38;2;172;197;189;48;2;0;0;0m▀[38;2;255;255;255;48;2;255;255;255m▀▀[38;2;115;123;131m▀▀[38;2;255;255;255;48;2;115;123;131m▀[48;2;255;255;255m▀▀[38;2;0;0;0m▀[49m▄[0m
[38;2;115;123;131;49m▄[48;2;213;238;238m▀[38;2;213;238;238m▀[38;2;0;0;0;48;2;0;0;0m▀[38;2;255;255;255;48;2;255;255;255m▀▀▀[38;2;222;65;57;48;2;222;65;57m▀[38;2;255;255;255;48;2;255;255;255m▀[38;2;189;24;8m▀[38;2;255;255;255;48;2;189;24;8m▀[38;2;115;123;131;48;2;255;255;255m▀[48;2;0;0;0m▀[38;2;255;255;255;48;2;255;255;255m▀▀▀[38;2;115;123;131m▀[38;2;255;255;255;48;2;115;123;131m▀[48;2;255;255;255m▀[48;2;213;238;238m▀[38;2;0;0;0;48;2;172;197;189m▀[49m▄[0m
[38;2;115;123;131;49m▀[38;2;213;238;238;48;2;115;123;131m▀▀[38;2;115;123;131;49m▀[48;2;0;0;0m▀[38;2;255;255;255;48;2;41;148;230m▀▀[38;2;222;65;57;48;2;255;255;255m▀[38;2;189;24;8m▀▀▀[38;2;255;255;255m▀▀[38;2;0;0;0m▀▀[38;2;255;255;255;48;2;0;0;0m▀▀[38;2;0;0;0;48;2;172;197;189m▀[38;2;213;238;238;48;2;222;65;57m▀[38;2;172;197;189m▀[48;2;172;197;189m▀[38;2;0;0;0;48;2;0;0;0m▀[0m
[0m    [38;2;0;0;0m▀[38;2;172;197;189;48;2;0;0;0m▀[48;2;172;197;189m▀[38;2;41;148;230;48;2;16;98;189m▀[38;2;255;255;255;48;2;213;238;238m▀[48;2;255;255;255m▀[48;2;41;148;230m▀[38;2;41;148;230;48;2;16;98;189m▀[38;2;255;255;255;48;2;255;255;255m▀[48;2;213;238;238m▀[48;2;172;197;189m▀▀[38;2;172;197;189;48;2;222;65;57m▀[38;2;222;65;57;48;2;172;197;189m▀[38;2;172;197;189m▀[38;2;189;24;8;48;2;189;24;8m▀[38;2;0;0;0;48;2;0;0;0m▀[0m
[0m      [38;2;0;0;0m▀[38;2;172;197;189;48;2;0;0;0m▀▀[48;2;172;197;189m▀[38;2;41;148;230m▀▀[38;2;172;197;189m▀▀▀▀[38;2;189;24;8m▀▀[48;2;0;0;0m▀[38;2;0;0;0;49m▀[0m
[0m         [38;2;0;0;0;48;2;115;123;131m▀[48;2;172;197;189m▀[38;2;172;197;189;48;2;0;0;0m▀▀▀▀▀[38;2;0;0;0;48;2;172;197;189m▀[48;2;115;123;131m▀[0m
[0m      [38;2;115;123;131m▄[48;2;255;255;255m▀▀[38;2;213;238;238;48;2;213;238;238m▀▀[38;2;172;197;189;48;2;0;0;0m▀[38;2;0;0;0;49m▀[0m [38;2;115;123;131;48;2;115;123;131m▀[38;2;172;197;189;48;2;213;238;238m▀[38;2;213;238;238m▀[38;2;115;123;131;48;2;172;197;189m▀[38;2;0;0;0;49m▄[0m
[0m     [38;2;115;123;131m▄[48;2;255;255;255m▀[38;2;255;255;255;48;2;115;123;131m▀[38;2;115;123;131;48;2;255;255;255m▀[38;2;255;255;255;48;2;172;197;189m▀[38;2;172;197;189;48;2;0;0;0m▀[38;2;0;0;0;49m▀[0m [38;2;115;123;131m▄[48;2;213;238;238m▀[38;2;213;238;238;48;2;255;255;255m▀▀[48;2;213;238;238m▀[38;2;0;0;0;48;2;0;0;0m▀[0m
[0m     [38;2;0;0;0m▀[38;2;172;197;189;48;2;0;0;0m▀[38;2;0;0;0m▀[38;2;172;197;189m▀[38;2;0;0;0;49m▀[0m   [38;2;115;123;131;48;2;115;123;131m▀[38;2;255;255;255;48;2;255;255;255m▀[48;2;115;123;131m▀[48;2;255;255;255m▀[48;2;172;197;189m▀[38;2;0;0;0;48;2;0;0;0m▀[0m
[0m             [38;2;0;0;0;48;2;0;0;0m▀[38;2;255;255;255;48;2;172;197;189m▀[38;2;115;123;131;48;2;115;123;131m▀[38;2;255;255;255;48;2;172;197;189m▀[38;2;0;0;0;48;2;0;0;0m▀[0m
[0m              [38;2;0;0;0m▀▀▀[0m
