[0m                   [38;2;131;41;0m▄[38;2;213;49;49m▄[38;2;131;41;0;48;2;255;65;74m▀▀[38;2;41;41;41;48;2;41;41;41m▀[0m
[0m                 [38;2;131;41;0m▄[48;2;255;65;74m▀[38;2;255;65;74m▀▀[48;2;41;41;41m▀[38;2;41;41;41;49m▀[0m
[0m               [38;2;131;41;0m▄[48;2;213;49;49m▀[38;2;255;65;74;48;2;255;65;74m▀▀[48;2;213;49;49m▀[38;2;213;49;49;48;2;41;41;41m▀[38;2;41;41;41;49m▀[0m
[0m              [38;2;131;41;0m▄[48;2;255;65;74m▀[38;2;255;65;74m▀[48;2;213;49;49m▀[38;2;213;49;49;48;2;41;41;41m▀[38;2;41;41;41;49m▀[0m
[0m            [38;2;131;41;0m▄[48;2;213;49;49m▀[38;2;213;49;49m▀[48;2;131;41;0m▀[48;2;41;41;41m▀[38;2;41;41;41;49m▀[0m
[0m        [38;2;41;106;41m▄▄[48;2;115;189;65m▀▀[38;2;131;41;0;48;2;131;41;0m▀[38;2;213;49;49m▀[38;2;131;41;0;48;2;148;213;65m▀[38;2;41;41;41m▀[48;2;115;189;65m▀▀[38;2;41;106;41;48;2;74;148;65m▀[49m▄▄[0m
[0m      [38;2;41;106;41m▄[48;2;148;213;65m▀[38;2;115;189;65m▀[38;2;148;213;65m▀▀▀▀▀▀▀▀[38;2;115;189;65m▀[48;2;115;189;65m▀▀▀[38;2;41;106;41m▀[49m▄[0m
[0m    [38;2;41;106;41m▄[48;2;115;189;65m▀[38;2;148;213;65;48;2;148;213;65m▀▀▀▀▀▀▀▀▀▀▀▀[38;2;115;189;65;48;2;115;189;65m▀▀▀▀▀[38;2;41;106;41;48;2;74;148;65m▀[49m▄[0m
[0m   [38;2;41;106;41m▄[48;2;255;255;255m▀[38;2;148;213;65;48;2;115;189;65m▀[48;2;148;213;65m▀▀▀▀▀▀▀▀▀▀▀[48;2;115;189;65m▀[38;2;115;189;65m▀▀▀▀▀▀[38;2;41;106;41;48;2;74;148;65m▀[49m▄[0m
[0m   [38;2;41;106;41;48;2;41;106;41m▀[38;2;41;41;41;48;2;41;41;41m▀[38;2;41;106;41;48;2;41;106;41m▀[38;2;148;213;65;48;2;115;189;65m▀[48;2;148;213;65m▀▀▀▀▀[48;2;115;189;65m▀[48;2;41;106;41m▀▀▀▀[38;2;115;189;65;48;2;115;189;65m▀▀▀▀▀▀▀▀[38;2;41;106;41;48;2;41;41;41m▀[0m
[0m  [38;2;131;98;32m▄[38;2;41;106;41;48;2;131;98;32m▀[38;2;131;98;32;48;2;213;172;41m▀[48;2;255;222;41m▀▀▀[48;2;213;172;41m▀[38;2;115;189;65;48;2;131;98;32m▀[48;2;41;106;41m▀[38;2;41;106;41m▀[48;2;255;255;255m▀[38;2;255;255;255;48;2;41;41;41m▀[38;2;41;41;41m▀▀[38;2;255;255;255;48;2;205;205;205m▀[38;2;41;106;41;48;2;41;106;41m▀[38;2;115;189;65;48;2;115;189;65m▀[48;2;131;98;32m▀▀[48;2;213;172;41m▀[38;2;41;41;41m▀[48;2;41;41;41m▀▀▀[49m▄[0m
[38;2;41;41;41;49m▄[38;2;131;98;32;48;2;213;172;41m▀[38;2;213;172;41m▀[38;2;255;222;41;48;2;255;222;41m▀▀▀▀▀[48;2;213;172;41m▀[38;2;213;172;41m▀[38;2;131;98;32;48;2;131;98;32m▀[38;2;115;189;65;48;2;115;189;65m▀[38;2;74;148;65m▀[38;2;41;41;41m▀▀[38;2;74;148;65m▀[38;2;115;189;65m▀[48;2;131;98;32m▀[38;2;131;98;32;48;2;213;172;41m▀[38;2;213;172;41m▀▀▀▀[38;2;131;98;32;48;2;41;41;41m▀[38;2;41;41;41m▀[38;2;255;65;74;48;2;213;49;49m▀[48;2;131;41;0m▀[38;2;41;41;41;48;2;41;41;41m▀[0m
[38;2;41;41;41;49m▀[38;2;131;98;32m▀[38;2;213;172;41;48;2;41;41;41m▀▀▀▀▀[48;2;115;189;65m▀▀[38;2;131;98;32m▀[38;2;115;189;65m▀▀▀▀▀▀[48;2;131;98;32m▀[38;2;131;98;32;48;2;213;172;41m▀[38;2;213;172;41m▀▀▀▀[38;2;131;98;32;48;2;41;41;41m▀[38;2;41;41;41m▀[48;2;255;65;74m▀▀[38;2;131;41;0;48;2;131;41;0m▀[38;2;41;41;41;48;2;41;41;41m▀[0m
[0m     [38;2;41;41;41m▀[38;2;74;148;65;48;2;41;41;41m▀[38;2;115;189;65;48;2;74;148;65m▀[48;2;115;189;65m▀▀▀▀▀▀▀▀[38;2;131;98;32m▀[38;2;213;172;41;48;2;131;98;32m▀[48;2;213;172;41m▀▀[48;2;131;98;32m▀[48;2;41;41;41m▀[38;2;41;41;41m▀▀[38;2;131;41;0m▀▀[38;2;41;41;41m▀[38;2;131;41;0;48;2;213;49;49m▀[48;2;131;41;0m▀[0m
[0m       [38;2;41;41;41m▀[38;2;41;106;41m▀[38;2;115;189;65;48;2;41;41;41m▀▀[48;2;41;106;41m▀[48;2;74;148;65m▀[48;2;115;189;65m▀▀▀▀▀[38;2;131;98;32m▀[38;2;41;41;41;48;2;74;148;65m▀[48;2;41;106;41m▀[48;2;41;41;41m▀[38;2;131;41;0m▀[38;2;213;49;49m▀[38;2;131;41;0m▀[38;2;41;41;41;48;2;213;49;49m▀[38;2;213;49;49m▀[48;2;131;41;0m▀[38;2;131;41;0;49m▀[0m
[0m      [38;2;41;41;41m▄[48;2;205;205;205m▀[38;2;131;41;0;48;2;255;65;74m▀[48;2;213;49;49m▀[38;2;213;49;49m▀[48;2;41;41;41m▀[38;2;131;41;0m▀[38;2;41;41;41;49m▀[48;2;41;41;41m▀[38;2;41;106;41;48;2;131;41;0m▀[48;2;213;49;49m▀[38;2;213;49;49;48;2;255;65;74m▀[38;2;41;106;41;48;2;213;49;49m▀[38;2;41;41;41;48;2;205;205;205m▀[48;2;41;41;41m▀[0m   [38;2;131;41;0m▀▀▀[0m
[0m     [38;2;41;41;41m▀[38;2;255;255;255;48;2;41;41;41m▀[38;2;131;41;0;48;2;255;255;255m▀[38;2;205;205;205;48;2;41;41;41m▀[38;2;213;49;49m▀[38;2;41;41;41;49m▀▄[48;2;213;49;49m▀[38;2;131;41;0;48;2;255;65;74m▀[38;2;213;49;49;48;2;131;41;0m▀[38;2;255;65;74;48;2;213;49;49m▀[48;2;41;41;41m▀[38;2;213;49;49m▀[38;2;41;41;41;49m▀▀[0m
[0m      [38;2;41;41;41m▀▀[0m  [38;2;41;41;41m▄[48;2;255;255;255m▀[38;2;205;205;205;48;2;41;41;41m▀[38;2;131;41;0;48;2;255;255;255m▀[38;2;205;205;205;48;2;41;41;41m▀[38;2;41;41;41;49m▀[0m
[0m          [38;2;41;41;41m▀▀[0m [38;2;41;41;41m▀▀[0m
