[0m          [38;2;74;148;65m▄▄[48;2;148;213;65m▀▀▀▀▀▀[38;2;41;106;41;49m▄▄[0m
[0m        [38;2;74;148;65m▄[48;2;148;213;65m▀[38;2;148;213;65m▀▀▀▀▀▀▀▀▀▀[38;2;41;106;41m▀[49m▄[0m
[0m      [38;2;180;139;32m▄[38;2;74;148;65;48;2;180;139;32m▀[38;2;148;213;65m▀▀[48;2;148;213;65m▀▀▀▀[48;2;74;148;65m▀[48;2;41;106;41m▀▀▀[48;2;115;189;65m▀[48;2;148;213;65m▀▀▀[38;2;41;106;41;48;2;41;106;41m▀[0m
[0m   [38;2;180;139;32m▄[48;2;255;189;49m▀▀[38;2;255;189;49m▀▀▀▀[38;2;139;90;0;48;2;180;139;32m▀[38;2;148;213;65;48;2;139;90;0m▀[48;2;148;213;65m▀[38;2;16;16;16;48;2;115;189;65m▀[38;2;255;255;255;48;2;41;106;41m▀[38;2;148;148;148;48;2;16;16;16m▀[38;2;82;82;82m▀[38;2;16;16;16m▀[38;2;41;106;41;48;2;255;255;255m▀[38;2;115;189;65;48;2;16;16;16m▀[38;2;148;213;65;48;2;148;213;65m▀▀▀[38;2;41;106;41;48;2;41;106;41m▀[0m
[0m  [38;2;180;139;32;48;2;139;90;0m▀[38;2;255;189;49;48;2;255;189;49m▀[48;2;16;16;16m▀▀[48;2;139;90;0m▀[48;2;180;139;32m▀▀[38;2;180;139;32m▀[48;2;139;90;0m▀[38;2;139;90;0;48;2;148;213;65m▀[38;2;148;213;65m▀▀▀[38;2;74;148;65m▀[38;2;41;106;41m▀▀[38;2;74;148;65m▀[38;2;115;189;65m▀[38;2;148;213;65m▀[48;2;115;189;65m▀[38;2;115;189;65;48;2;74;148;65m▀[38;2;16;16;16;48;2;16;16;16m▀[0m
[0m  [38;2;139;90;0m▀▀[0m  [38;2;41;106;41m▀[38;2;16;16;16;48;2;41;106;41m▀[48;2;74;148;65m▀[38;2;139;90;0m▀[38;2;148;213;65;48;2;115;189;65m▀▀[48;2;148;213;65m▀▀▀▀[48;2;115;189;65m▀[48;2;74;148;65m▀▀[38;2;115;189;65m▀[38;2;74;148;65m▀▀[48;2;16;16;16m▀[38;2;16;16;16;49m▀[0m
[0m       [38;2;41;106;41m▀[38;2;74;148;65;48;2;41;106;41m▀[48;2;74;148;65m▀▀▀▀▀▀▀▀▀▀▀▀[48;2;16;16;16m▀[38;2;16;16;16;48;2;131;41;0m▀[0m
[0m         [38;2;41;106;41m▀[38;2;74;148;65;48;2;16;16;16m▀▀[48;2;41;106;41m▀[48;2;74;148;65m▀▀▀▀[48;2;41;106;41m▀[48;2;16;16;16m▀▀[38;2;16;16;16;49m▀[38;2;180;49;0;48;2;131;41;0m▀[48;2;180;49;0m▀[38;2;131;41;0;48;2;131;41;0m▀[0m
[0m          [38;2;16;16;16m▄[48;2;16;16;16m▀▀▀▀▀▀▀▀[49m▄[0m [38;2;16;16;16m▀[38;2;180;49;0;48;2;131;41;0m▀[48;2;180;49;0m▀[38;2;131;41;0;48;2;131;41;0m▀[0m
[0m        [38;2;82;82;82m▄[38;2;16;16;16;48;2;16;16;16m▀[48;2;41;106;41m▀[48;2;16;16;16m▀▀▀[48;2;41;106;41m▀[48;2;16;16;16m▀▀▀[48;2;82;82;82m▀[48;2;16;16;16m▀[49m▄[0m [38;2;16;16;16m▀[38;2;180;49;0;48;2;131;41;0m▀[48;2;180;49;0m▀[38;2;131;41;0;48;2;131;41;0m▀[0m
[0m       [38;2;148;148;148;48;2;148;148;148m▀[38;2;16;16;16;48;2;16;16;16m▀[38;2;41;106;41;48;2;115;189;65m▀[38;2;115;189;65m▀[38;2;41;106;41m▀[38;2;16;16;16;48;2;41;106;41m▀[38;2;41;106;41;48;2;74;148;65m▀[38;2;74;148;65m▀[38;2;41;106;41m▀[38;2;16;16;16;48;2;41;106;41m▀[48;2;16;16;16m▀[38;2;205;205;205;48;2;205;205;205m▀[38;2;82;82;82m▀[38;2;16;16;16;48;2;82;82;82m▀[49m▄[0m [38;2;16;16;16m▀[38;2;180;49;0;48;2;131;41;0m▀[48;2;180;49;0m▀[38;2;131;41;0;48;2;131;41;0m▀[0m
[0m      [38;2;148;148;148;48;2;148;148;148m▀[38;2;255;255;255;48;2;255;255;255m▀[38;2;82;82;82;48;2;82;82;82m▀[38;2;238;57;0;48;2;238;57;0m▀[38;2;131;41;0;48;2;131;41;0m▀[38;2;74;148;65;48;2;238;57;0m▀[48;2;74;148;65m▀[48;2;238;57;0m▀[38;2;131;41;0;48;2;131;41;0m▀[38;2;238;57;0;48;2;238;57;0m▀[38;2;41;106;41;48;2;82;82;82m▀[38;2;255;255;255;48;2;255;255;255m▀[38;2;205;205;205;48;2;180;49;0m▀▀[48;2;205;205;205m▀[38;2;16;16;16;48;2;16;16;16m▀[0m  [38;2;16;16;16;48;2;16;16;16m▀[38;2;180;49;0;48;2;180;49;0m▀▀[38;2;131;41;0;48;2;131;41;0m▀[0m
[0m     [38;2;148;148;148;48;2;148;148;148m▀[38;2;255;255;255;48;2;255;255;255m▀▀▀[38;2;82;82;82;48;2;82;82;82m▀[38;2;74;148;65;48;2;115;189;65m▀▀[38;2;115;189;65m▀[38;2;74;148;65m▀[48;2;148;148;148m▀[38;2;82;82;82;48;2;255;255;255m▀[38;2;255;255;255m▀[38;2;205;205;205;48;2;180;49;0m▀[38;2;180;49;0m▀[48;2;180;139;32m▀[48;2;180;49;0m▀[38;2;205;205;205m▀[38;2;16;16;16;48;2;16;16;16m▀[0m  [38;2;131;41;0;48;2;16;16;16m▀[38;2;238;57;0;48;2;238;57;0m▀▀[38;2;131;41;0;48;2;131;41;0m▀[0m
[0m    [38;2;148;148;148m▄[48;2;255;255;255m▀[38;2;255;255;255m▀▀▀▀[38;2;82;82;82m▀[38;2;115;189;65;48;2;82;82;82m▀[48;2;148;148;148m▀[38;2;148;148;148;48;2;255;255;255m▀[38;2;255;255;255m▀▀▀[38;2;180;49;0;48;2;205;205;205m▀[48;2;180;49;0m▀[38;2;180;139;32m▀[48;2;180;139;32m▀[38;2;180;49;0m▀[38;2;16;16;16;48;2;180;49;0m▀[49m▄[0m [38;2;16;16;16m▀[38;2;238;57;0;48;2;131;41;0m▀[48;2;238;57;0m▀▀[38;2;131;41;0;48;2;131;41;0m▀[0m
[0m    [38;2;148;148;148;48;2;148;148;148m▀[38;2;255;255;255;48;2;255;255;255m▀▀▀▀▀▀[38;2;148;148;148;48;2;148;148;148m▀[38;2;255;255;255;48;2;255;255;255m▀▀▀▀▀[38;2;205;205;205;48;2;205;205;205m▀▀[38;2;180;49;0m▀[48;2;180;49;0m▀[38;2;180;139;32m▀[48;2;180;139;32m▀[38;2;16;16;16;48;2;16;16;16m▀[0m  [38;2;16;16;16;48;2;16;16;16m▀[38;2;238;57;0;48;2;238;57;0m▀▀▀[38;2;131;41;0;48;2;131;41;0m▀[0m
[0m   [38;2;148;148;148;48;2;148;148;148m▀[38;2;255;255;255;48;2;255;255;255m▀▀▀▀▀▀[48;2;148;148;148m▀[38;2;148;148;148;48;2;255;255;255m▀[38;2;255;255;255m▀▀▀▀[38;2;205;205;205;48;2;205;205;205m▀▀▀▀[38;2;180;49;0m▀[48;2;180;49;0m▀[48;2;16;16;16m▀[38;2;16;16;16;48;2;74;148;65m▀[49m▄[0m  [38;2;16;16;16;48;2;16;16;16m▀[38;2;238;57;0;48;2;238;57;0m▀▀▀[38;2;131;41;0;48;2;131;41;0m▀[0m
[0m   [38;2;148;148;148;48;2;148;148;148m▀[38;2;255;255;255;48;2;255;255;255m▀▀▀▀▀▀[38;2;148;148;148;48;2;148;148;148m▀[38;2;255;255;255;48;2;255;255;255m▀▀▀▀[38;2;205;205;205;48;2;205;205;205m▀▀▀▀▀▀▀[38;2;16;16;16;48;2;16;16;16m▀[38;2;180;139;32;48;2;180;139;32m▀[38;2;16;16;16;48;2;41;106;41m▀[0m  [38;2;16;16;16m▀[38;2;238;57;0;48;2;16;16;16m▀[48;2;238;57;0m▀▀▀[38;2;131;41;0;48;2;131;41;0m▀[0m
[0m   [38;2;148;148;148;48;2;148;148;148m▀[38;2;255;255;255;48;2;255;255;255m▀▀▀▀▀▀[38;2;148;148;148;48;2;148;148;148m▀[38;2;255;255;255;48;2;255;255;255m▀▀▀[48;2;205;205;205m▀[38;2;205;205;205m▀▀▀▀▀▀[48;2;16;16;16m▀[38;2;16;16;16;48;2;74;148;65m▀[38;2;74;148;65m▀▀[38;2;16;16;16;48;2;16;16;16m▀[0m  [38;2;16;16;16;48;2;16;16;16m▀[38;2;238;57;0;48;2;238;57;0m▀▀▀[38;2;131;41;0m▀[49m▄[0m
[0m  [38;2;148;148;148;48;2;82;82;82m▀[38;2;255;255;255;48;2;255;255;255m▀[48;2;148;148;148m▀[48;2;255;255;255m▀▀▀▀▀[38;2;148;148;148;48;2;148;148;148m▀[38;2;255;255;255;48;2;255;255;255m▀[48;2;205;205;205m▀[38;2;205;205;205m▀▀▀▀▀▀▀[38;2;16;16;16;48;2;16;16;16m▀[38;2;74;148;65;48;2;180;139;32m▀▀[38;2;180;139;32m▀▀[38;2;16;16;16;48;2;41;106;41m▀[0m   [38;2;16;16;16;48;2;16;16;16m▀[38;2;238;57;0;48;2;238;57;0m▀▀[48;2;16;16;16m▀[38;2;131;41;0m▀[0m
[0m  [38;2;82;82;82;48;2;16;16;16m▀[38;2;255;255;255;48;2;238;57;0m▀[38;2;82;82;82;48;2;131;41;0m▀[38;2;255;255;255;48;2;255;255;255m▀▀[38;2;148;148;148;48;2;82;82;82m▀[38;2;255;255;255;48;2;255;255;255m▀[48;2;205;205;205m▀[38;2;148;148;148;48;2;82;82;82m▀[38;2;205;205;205;48;2;205;205;205m▀▀[38;2;148;148;148;48;2;82;82;82m▀[38;2;205;205;205;48;2;205;205;205m▀▀▀[38;2;148;148;148;48;2;82;82;82m▀[38;2;205;205;205;48;2;205;205;205m▀▀[38;2;16;16;16;48;2;16;16;16m▀[38;2;180;139;32;48;2;74;148;65m▀▀▀[38;2;74;148;65m▀▀[38;2;16;16;16;48;2;16;16;16m▀[0m  [38;2;131;41;0m▀[38;2;16;16;16m▀▀[0m
[0m  [38;2;16;16;16;48;2;16;16;16m▀[38;2;238;57;0;48;2;238;57;0m▀[38;2;131;41;0;48;2;131;41;0m▀[38;2;238;57;0;48;2;238;57;0m▀▀[38;2;131;41;0;48;2;131;41;0m▀[38;2;205;205;205;48;2;238;57;0m▀▀[38;2;82;82;82;48;2;131;41;0m▀[38;2;205;205;205;48;2;238;57;0m▀▀[38;2;82;82;82;48;2;131;41;0m▀[38;2;205;205;205;48;2;238;57;0m▀▀▀[38;2;82;82;82;48;2;131;41;0m▀[38;2;205;205;205;48;2;238;57;0m▀▀[38;2;16;16;16;48;2;16;16;16m▀[38;2;74;148;65;48;2;180;139;32m▀▀▀[38;2;180;139;32m▀▀[38;2;16;16;16;48;2;16;16;16m▀[0m
[0m  [38;2;16;16;16;48;2;16;16;16m▀[38;2;82;82;82;48;2;82;82;82m▀[38;2;16;16;16;48;2;16;16;16m▀[38;2;82;82;82;48;2;82;82;82m▀[38;2;238;57;0m▀[38;2;131;41;0;48;2;16;16;16m▀[38;2;238;57;0;48;2;82;82;82m▀▀[38;2;131;41;0;48;2;16;16;16m▀[38;2;238;57;0;48;2;82;82;82m▀▀[38;2;131;41;0;48;2;16;16;16m▀[38;2;238;57;0;48;2;82;82;82m▀▀▀[38;2;131;41;0;48;2;16;16;16m▀[38;2;238;57;0;48;2;82;82;82m▀▀[38;2;16;16;16;48;2;16;16;16m▀[38;2;180;139;32;48;2;74;148;65m▀▀▀[38;2;74;148;65;48;2;16;16;16m▀▀[38;2;16;16;16;49m▀[0m
[0m   [38;2;16;16;16m▀▀▀[38;2;82;82;82;48;2;16;16;16m▀[38;2;16;16;16m▀[38;2;82;82;82m▀▀[38;2;16;16;16m▀[38;2;82;82;82m▀▀[38;2;16;16;16m▀[38;2;82;82;82m▀▀▀[38;2;16;16;16m▀[38;2;82;82;82m▀▀[38;2;16;16;16;49m▀▀▀▀[0m
[0m      [38;2;131;41;0m▄▄▄[48;2;131;41;0m▀[38;2;180;49;0;48;2;180;49;0m▀[38;2;16;16;16;48;2;16;16;16m▀[49m▄[0m   [38;2;16;16;16m▄[48;2;16;16;16m▀[38;2;180;49;0;48;2;180;49;0m▀[38;2;131;41;0;48;2;131;41;0m▀[0m
[0m [38;2;82;82;82m▄▄[48;2;255;255;255m▀[38;2;131;41;0;48;2;205;205;205m▀[48;2;238;57;0m▀[38;2;238;57;0m▀▀[38;2;180;49;0m▀[48;2;180;49;0m▀[48;2;16;16;16m▀▀[38;2;205;205;205m▀[38;2;16;16;16m▀[0m [38;2;16;16;16;48;2;16;16;16m▀[38;2;205;205;205m▀[38;2;180;49;0m▀[48;2;180;49;0m▀▀[38;2;131;41;0;48;2;238;57;0m▀▀▀[38;2;82;82;82;49m▄▄[0m
[38;2;82;82;82;48;2;16;16;16m▀[38;2;255;255;255m▀▀▀▀[38;2;205;205;205m▀[38;2;16;16;16;49m▀▀▀▀[0m        [38;2;16;16;16m▀▀▀[38;2;238;57;0;48;2;16;16;16m▀▀[38;2;255;255;255m▀[48;2;205;205;205m▀[38;2;82;82;82;48;2;255;255;255m▀[48;2;205;205;205m▀[49m▄[0m
[0m                        [38;2;16;16;16m▀▀▀[38;2;82;82;82m▀[0m
