[0m                                 [38;2;205;180;139m▄[48;2;230;172;0m▀[48;2;255;222;0m▀▀[48;2;230;172;0m▀[38;2;131;115;82;49m▄[0m
[0m               [38;2;131;115;82m▄▄▄▄▄▄[0m           [38;2;205;180;139;48;2;205;180;139m▀[38;2;230;172;0;48;2;255;222;0m▀[38;2;255;255;255;48;2;255;255;255m▀▀[38;2;230;172;0;48;2;230;172;0m▀[38;2;255;222;0m▀[38;2;230;172;0;48;2;255;222;0m▀[38;2;131;115;82;48;2;16;16;16m▀[0m
[0m            [38;2;131;115;82m▄[48;2;230;205;164m▀[48;2;255;230;189m▀[38;2;205;180;139m▀[38;2;255;230;189m▀▀▀▀[38;2;230;205;164m▀[38;2;131;115;82;48;2;205;180;139m▀▀[48;2;255;230;189m▀▀▀[48;2;205;180;139m▀[49m▄▄[0m   [38;2;131;115;82;48;2;16;16;16m▀[38;2;255;222;0;48;2;230;172;0m▀[38;2;230;172;0;48;2;255;222;0m▀[48;2;230;172;0m▀▀[48;2;255;222;0m▀[38;2;255;222;0;48;2;230;172;0m▀[38;2;16;16;16;48;2;16;16;16m▀[0m
[0m      [38;2;131;115;82m▄▄[48;2;255;230;189m▀▀▀[48;2;205;180;139m▀[38;2;255;230;189;48;2;131;115;82m▀[48;2;16;16;16m▀[48;2;255;230;189m▀▀▀▀▀▀[38;2;205;180;139m▀[38;2;255;230;189m▀▀▀▀▀▀▀▀[38;2;131;115;82m▀[49m▄[0m  [38;2;16;16;16m▀[38;2;230;172;0;48;2;16;16;16m▀[38;2;255;222;0m▀▀[38;2;230;172;0m▀[38;2;16;16;16;48;2;82;82;82m▀[0m
[0m    [38;2;16;16;16m▄[48;2;205;180;139m▀[38;2;205;180;139;48;2;255;230;189m▀[38;2;255;230;189m▀▀▀▀▀[38;2;230;205;164;48;2;230;205;164m▀[38;2;205;180;139m▀[38;2;16;16;16;48;2;205;180;139m▀[38;2;255;230;189;48;2;16;16;16m▀[48;2;255;230;189m▀▀▀▀▀▀▀▀▀▀▀▀▀▀▀[38;2;131;115;82;48;2;131;115;82m▀[49m▄[0m   [38;2;16;16;16;48;2;16;16;16m▀[38;2;82;82;82;48;2;82;82;82m▀▀[38;2;16;16;16m▀[0m
[0m  [38;2;16;16;16m▄▄[48;2;230;205;164m▀[38;2;255;230;189;48;2;255;230;189m▀▀▀[48;2;205;180;139m▀[38;2;205;180;139;48;2;255;230;189m▀[38;2;131;115;82m▀[38;2;205;180;139;48;2;131;115;82m▀[38;2;230;205;164;48;2;230;205;164m▀▀[48;2;205;180;139m▀[38;2;16;16;16;48;2;82;82;82m▀[38;2;255;230;189;48;2;16;16;16m▀▀▀[48;2;255;230;189m▀▀▀▀▀▀▀▀▀▀▀▀[38;2;205;180;139;48;2;205;180;139m▀[48;2;255;230;189m▀[38;2;131;115;82;48;2;230;205;164m▀[49m▄[0m  [38;2;16;16;16;48;2;16;16;16m▀[38;2;255;222;0;48;2;255;222;0m▀▀[38;2;16;16;16;48;2;16;16;16m▀[0m
[38;2;16;16;16;49m▄[48;2;82;82;82m▀[38;2;82;82;82;48;2;164;164;164m▀[38;2;16;16;16;48;2;16;16;16m▀[38;2;205;180;139;48;2;205;180;139m▀[38;2;255;230;189;48;2;230;205;164m▀[48;2;255;230;189m▀▀▀[48;2;230;205;164m▀[38;2;230;205;164;48;2;205;180;139m▀[38;2;205;180;139m▀[38;2;131;115;82;48;2;0;74;148m▀[38;2;205;180;139;48;2;82;82;82m▀[38;2;82;82;82;48;2;164;164;164m▀[38;2;164;164;164m▀[48;2;255;222;0m▀[38;2;230;172;0m▀▀[38;2;16;16;16;48;2;164;164;164m▀[48;2;82;82;82m▀[38;2;255;230;189;48;2;16;16;16m▀[48;2;255;230;189m▀▀▀▀▀▀▀▀[38;2;205;180;139m▀[38;2;255;230;189m▀▀▀[38;2;230;205;164m▀[38;2;131;115;82;48;2;131;115;82m▀[38;2;16;16;16;49m▄[48;2;82;82;82m▀[38;2;255;222;0m▀▀[38;2;16;16;16;48;2;16;16;16m▀[0m
[38;2;16;16;16;48;2;16;16;16m▀[38;2;82;82;82;48;2;82;82;82m▀[38;2;164;164;164m▀[38;2;255;222;0;48;2;230;172;0m▀[38;2;16;16;16;48;2;0;74;148m▀[38;2;205;180;139;48;2;16;16;16m▀[48;2;205;180;139m▀▀▀▀▀[48;2;0;74;148m▀[38;2;0;74;148;48;2;32;148;189m▀[38;2;82;82;82;48;2;16;16;16m▀[38;2;164;164;164;48;2;82;82;82m▀[48;2;164;164;164m▀[38;2;255;222;0;48;2;230;172;0m▀▀[38;2;164;164;164;48;2;82;82;82m▀▀▀[38;2;82;82;82m▀[38;2;16;16;16;48;2;16;16;16m▀[38;2;255;230;189;48;2;255;230;189m▀▀▀▀▀▀▀▀▀▀▀[38;2;230;205;164;48;2;205;180;139m▀[38;2;131;115;82;48;2;131;115;82m▀[38;2;16;16;16;48;2;82;82;82m▀[38;2;82;82;82m▀▀▀[38;2;16;16;16;48;2;16;16;16m▀[0m
[0m [38;2;16;16;16m▀[38;2;82;82;82;48;2;16;16;16m▀[38;2;0;74;148;48;2;0;74;148m▀[38;2;65;172;230;48;2;65;172;230m▀[38;2;115;197;246;48;2;115;197;246m▀[38;2;131;115;82m▀▀▀[38;2;0;74;148m▀▀[38;2;32;148;189m▀[48;2;32;148;189m▀[38;2;16;16;16;48;2;82;82;82m▀[38;2;82;82;82;48;2;16;16;16m▀[48;2;82;82;82m▀[38;2;180;123;0m▀[38;2;230;172;0;48;2;180;123;0m▀▀[38;2;82;82;82m▀[48;2;16;16;16m▀[38;2;16;16;16;48;2;255;230;189m▀[38;2;255;230;189m▀▀▀▀▀▀▀▀▀▀[48;2;205;180;139m▀[38;2;205;180;139m▀▀▀[38;2;131;115;82m▀[38;2;180;123;0;48;2;131;115;82m▀[38;2;82;82;82;48;2;180;123;0m▀[38;2;16;16;16;48;2;16;16;16m▀[49m▀[0m
[0m   [38;2;255;255;255;48;2;16;16;16m▀[38;2;82;82;82m▀[38;2;115;197;246;48;2;115;197;246m▀▀▀▀▀[38;2;82;82;82;48;2;16;16;16m▀[38;2;255;255;255m▀[38;2;16;16;16m▀[38;2;32;148;189;48;2;32;148;189m▀[38;2;0;74;148;48;2;16;16;16m▀[38;2;16;16;16m▀[38;2;82;82;82m▀▀[38;2;16;16;16;48;2;255;230;189m▀▀[38;2;255;230;189m▀▀▀▀▀▀▀▀▀▀▀▀[38;2;230;205;164m▀[38;2;205;180;139;48;2;230;205;164m▀[48;2;205;180;139m▀▀▀[38;2;131;115;82;48;2;131;115;82m▀[38;2;180;123;0;48;2;180;123;0m▀[38;2;16;16;16;48;2;16;16;16m▀[0m
[0m   [38;2;0;74;148;48;2;0;74;148m▀[38;2;115;197;246;48;2;115;197;246m▀▀▀▀▀▀▀[38;2;65;172;230;48;2;65;172;230m▀[38;2;32;148;189;48;2;32;148;189m▀[48;2;16;16;16m▀[38;2;16;16;16;48;2;205;180;139m▀[38;2;205;180;139;48;2;255;230;189m▀[38;2;255;230;189m▀▀▀▀▀▀▀▀▀▀▀▀▀▀▀▀▀▀[38;2;205;180;139;48;2;205;180;139m▀▀▀[38;2;131;115;82;48;2;131;115;82m▀[38;2;16;16;16;48;2;16;16;16m▀[0m
[0m  [38;2;131;115;82m▄[48;2;255;230;189m▀[38;2;0;74;148;48;2;16;16;16m▀[38;2;115;197;246;48;2;115;197;246m▀▀▀▀▀[48;2;65;172;230m▀[38;2;32;148;189;48;2;32;148;189m▀[48;2;16;16;16m▀[38;2;16;16;16;48;2;205;180;139m▀[38;2;255;230;189;48;2;255;230;189m▀▀▀▀▀▀[48;2;230;205;164m▀[48;2;255;230;189m▀▀▀▀▀▀[48;2;205;180;139m▀[48;2;230;205;164m▀[48;2;255;230;189m▀▀▀[48;2;230;205;164m▀[38;2;230;205;164;48;2;205;180;139m▀[38;2;205;180;139m▀▀▀[38;2;16;16;16;48;2;16;16;16m▀[0m
[0m  [38;2;131;115;82;48;2;131;115;82m▀[38;2;255;230;189;48;2;255;230;189m▀▀[38;2;16;16;16m▀▀[38;2;65;172;230;48;2;16;16;16m▀▀[38;2;32;148;189m▀[38;2;16;16;16;48;2;205;180;139m▀▀[38;2;205;180;139;48;2;230;205;164m▀[38;2;255;230;189;48;2;255;230;189m▀▀▀▀▀[48;2;230;205;164m▀[38;2;230;205;164;48;2;205;180;139m▀[38;2;205;180;139m▀[38;2;230;205;164;48;2;131;115;82m▀[38;2;255;230;189;48;2;205;180;139m▀[48;2;230;205;164m▀▀[48;2;205;180;139m▀[38;2;230;205;164;48;2;131;115;82m▀[38;2;205;180;139;48;2;205;180;139m▀▀[38;2;230;205;164m▀▀[38;2;205;180;139m▀▀▀▀▀[38;2;131;115;82;48;2;16;16;16m▀[0m
[0m   [38;2;16;16;16;48;2;16;16;16m▀[38;2;255;230;189;48;2;205;180;139m▀[48;2;255;230;189m▀▀[48;2;230;205;164m▀[38;2;230;205;164;48;2;205;180;139m▀[38;2;205;180;139m▀▀▀▀[38;2;230;205;164m▀[38;2;255;230;189m▀▀[38;2;230;205;164m▀[38;2;205;180;139m▀▀▀▀▀[38;2;131;115;82m▀▀▀▀[38;2;205;180;139m▀▀▀▀▀[48;2;131;115;82m▀[48;2;205;180;139m▀▀▀[48;2;131;115;82m▀[38;2;16;16;16;48;2;16;16;16m▀[0m
[0m    [38;2;16;16;16m▀▀[38;2;205;180;139;48;2;131;115;82m▀[48;2;205;180;139m▀▀▀▀▀▀▀▀[48;2;131;115;82m▀[48;2;205;180;139m▀▀▀▀▀▀▀▀▀▀[48;2;131;115;82m▀[48;2;205;180;139m▀▀▀▀▀[38;2;131;115;82;48;2;131;115;82m▀[38;2;205;180;139;48;2;205;180;139m▀[48;2;131;115;82m▀[38;2;16;16;16;48;2;16;16;16m▀[0m
[0m      [38;2;16;16;16;48;2;16;16;16m▀[38;2;205;180;139;48;2;205;180;139m▀▀▀▀▀▀▀▀[38;2;131;115;82;48;2;16;16;16m▀[38;2;205;180;139;48;2;131;115;82m▀[48;2;205;180;139m▀▀▀▀▀▀▀▀[48;2;131;115;82m▀[38;2;131;115;82;48;2;205;180;139m▀[38;2;205;180;139m▀▀▀[48;2;131;115;82m▀[38;2;131;115;82;48;2;32;148;189m▀[38;2;32;148;189m▀[38;2;131;115;82;48;2;16;16;16m▀[38;2;16;16;16;49m▀[0m
[0m       [38;2;16;16;16m▀[38;2;205;180;139;48;2;0;74;148m▀[48;2;32;148;189m▀▀▀▀[38;2;131;115;82;48;2;16;16;16m▀[38;2;16;16;16;49m▀[0m [38;2;16;16;16m▀[38;2;131;115;82;48;2;16;16;16m▀[48;2;32;148;189m▀[38;2;205;180;139m▀▀[48;2;0;74;148m▀[48;2;16;16;16m▀[38;2;131;115;82;48;2;32;148;189m▀▀[38;2;16;16;16;48;2;0;74;148m▀[49m▀▀[48;2;16;16;16m▀[38;2;32;148;189;48;2;32;148;189m▀▀▀▀[38;2;16;16;16;48;2;16;16;16m▀[0m
[0m         [38;2;0;74;148;48;2;16;16;16m▀[38;2;32;148;189;48;2;32;148;189m▀[38;2;0;74;148;48;2;0;74;148m▀[38;2;32;148;189;48;2;16;16;16m▀[38;2;16;16;16;49m▀[0m   [38;2;16;16;16;48;2;16;16;16m▀[38;2;32;148;189;48;2;32;148;189m▀[48;2;0;74;148m▀[38;2;65;172;230;48;2;65;172;230m▀▀[38;2;16;16;16;48;2;16;16;16m▀[38;2;0;74;148;49m▀▀[0m    [38;2;16;16;16;48;2;16;16;16m▀[38;2;0;74;148;48;2;0;74;148m▀[38;2;32;148;189;48;2;32;148;189m▀[38;2;16;16;16;48;2;16;16;16m▀[0m
[0m          [38;2;16;16;16m▀▀▀[0m     [38;2;16;16;16;48;2;16;16;16m▀[38;2;0;74;148;48;2;0;74;148m▀[38;2;32;148;189;48;2;32;148;189m▀[38;2;16;16;16;48;2;16;16;16m▀[0m        [38;2;16;16;16m▀▀[0m
[0m                   [38;2;16;16;16m▀▀[0m
