[0m           [38;2;16;16;16m▄[48;2;98;106;106m▀[48;2;16;16;16m▀▀[49m▄[0m
[0m           [38;2;16;16;16;48;2;16;16;16m▀[38;2;98;106;106;48;2;255;197;16m▀[38;2;255;197;16m▀[48;2;98;106;106m▀▀[38;2;16;16;16m▀[49m▄[0m    [38;2;16;16;16m▄▄[48;2;98;106;106m▀▀▀[48;2;16;16;16m▀[49m▄[0m
[0m           [38;2;131;90;49;48;2;131;90;49m▀[38;2;255;197;16;48;2;98;106;106m▀[38;2;98;106;106;48;2;197;65;0m▀▀▀[48;2;205;139;16m▀[38;2;205;139;16;48;2;255;238;74m▀▀▀[38;2;16;16;16;49m▄[48;2;255;197;16m▀[38;2;255;238;74;48;2;255;238;74m▀[38;2;98;106;106;48;2;98;106;106m▀▀[48;2;16;16;16m▀[38;2;16;16;16m▀▀▀[0m
[0m           [38;2;139;32;0m▄[38;2;197;65;0;48;2;255;98;0m▀[38;2;255;98;0;48;2;139;32;0m▀[38;2;255;255;255m▀[38;2;255;98;0;48;2;255;98;0m▀[38;2;197;65;0;48;2;255;238;74m▀[38;2;255;238;74m▀▀[38;2;131;90;49;48;2;205;139;16m▀[38;2;16;16;16;48;2;16;16;16m▀[38;2;255;197;16;48;2;205;139;16m▀[38;2;255;238;74;48;2;255;197;16m▀[38;2;131;90;49;48;2;205;139;16m▀[38;2;16;16;16;48;2;131;90;49m▀[48;2;16;16;16m▀▀▀[0m
[0m         [38;2;205;139;16m▄[48;2;255;238;74m▀[38;2;255;238;74m▀[38;2;197;65;0m▀[38;2;255;98;0m▀▀[38;2;255;238;74m▀▀▀▀[38;2;255;197;16m▀[38;2;98;106;106;48;2;255;197;16m▀[38;2;16;16;16;48;2;16;16;16m▀[38;2;131;90;49m▀[38;2;205;139;16;48;2;131;90;49m▀▀[48;2;16;16;16m▀[38;2;16;16;16;49m▀[0m
[0m        [38;2;205;139;16m▄[48;2;255;238;74m▀[38;2;255;238;74m▀▀▀▀▀[38;2;205;139;16;48;2;16;16;16m▀[38;2;16;16;16;48;2;255;255;255m▀[38;2;205;139;16;48;2;16;16;16m▀[38;2;255;238;74;48;2;255;238;74m▀▀▀[38;2;205;139;16m▀[38;2;16;16;16m▀[48;2;255;197;16m▀[48;2;205;139;16m▀[38;2;131;90;49;48;2;131;90;49m▀[0m
[0m       [38;2;205;139;16m▄[48;2;255;238;74m▀[38;2;255;238;74m▀▀▀▀▀▀[38;2;205;139;16m▀[38;2;16;16;16m▀[38;2;131;90;49m▀[38;2;255;238;74m▀▀▀▀[38;2;255;197;16;48;2;205;139;16m▀[38;2;205;139;16m▀▀[38;2;131;90;49;48;2;131;90;49m▀[0m
[0m       [38;2;131;90;49;48;2;16;16;16m▀[38;2;255;238;74;48;2;255;238;74m▀▀▀▀▀▀▀▀▀[48;2;255;197;16m▀[48;2;131;90;49m▀[48;2;205;139;16m▀[38;2;255;197;16m▀[38;2;205;139;16m▀▀▀[38;2;131;90;49;48;2;16;16;16m▀[0m
[0m        [38;2;16;16;16m▀[38;2;131;90;49m▀[38;2;255;197;16;48;2;16;16;16m▀▀[48;2;131;90;49m▀[48;2;205;139;16m▀▀[38;2;205;139;16m▀[38;2;131;90;49m▀[38;2;16;16;16m▀[38;2;205;139;16m▀▀▀▀▀[38;2;131;90;49;48;2;16;16;16m▀[0m
[0m             [38;2;16;16;16m▀▀▀▀[38;2;131;90;49m▀[38;2;205;139;16;48;2;131;90;49m▀[48;2;205;139;16m▀▀▀[48;2;255;197;16m▀[38;2;16;16;16;48;2;16;16;16m▀[0m
[0m                   [38;2;16;16;16;48;2;98;106;106m▀[38;2;255;197;16m▀[48;2;16;16;16m▀[38;2;205;139;16m▀[38;2;16;16;16m▀[0m
[0m                  [38;2;131;90;49;48;2;131;90;49m▀[38;2;16;16;16;48;2;98;106;106m▀[38;2;255;197;16m▀[48;2;16;16;16m▀▀[38;2;16;16;16m▀[0m
[0m                 [38;2;131;90;49;48;2;131;90;49m▀[38;2;16;16;16;48;2;98;106;106m▀[38;2;255;197;16m▀▀[48;2;16;16;16m▀▀[38;2;16;16;16m▀▀[0m
[0m                [38;2;131;90;49;48;2;131;90;49m▀[38;2;255;197;16;48;2;255;197;16m▀[38;2;205;139;16m▀[38;2;98;106;106m▀[38;2;16;16;16m▀▀[38;2;205;139;16m▀[38;2;255;197;16m▀[38;2;131;90;49m▀[49m▄[0m
[0m           [38;2;131;90;49m▄▄▄▄[48;2;255;197;16m▀[38;2;255;197;16;48;2;255;238;74m▀[38;2;255;238;74;48;2;255;255;255m▀[38;2;255;255;255m▀▀[38;2;255;238;74m▀[38;2;255;197;16;48;2;255;238;74m▀[48;2;255;197;16m▀▀▀[38;2;131;90;49m▀[38;2;205;139;16;49m▄[0m
[0m   [38;2;131;90;49m▄▄▄[38;2;205;139;16m▄[38;2;131;90;49;48;2;255;238;74m▀▀▀[38;2;205;139;16m▀[38;2;255;238;74m▀▀▀[38;2;205;139;16;48;2;98;106;106m▀[38;2;172;172;172;48;2;255;255;255m▀[38;2;255;255;255m▀▀▀▀▀▀[38;2;255;197;16;48;2;255;238;74m▀[48;2;255;197;16m▀▀▀▀[38;2;205;139;16m▀[49m▄▄[0m                    [38;2;197;65;0m▄▄▄[0m
[38;2;131;90;49;49m▄[48;2;255;238;74m▀▀[38;2;255;238;74m▀▀▀▀▀▀▀▀▀▀[38;2;205;139;16;48;2;98;106;106m▀[38;2;172;172;172;48;2;255;255;255m▀[38;2;255;255;255m▀▀▀▀▀▀▀▀[38;2;255;197;16;48;2;255;238;74m▀[48;2;255;197;16m▀[48;2;205;139;16m▀[48;2;255;197;16m▀▀▀▀[38;2;205;139;16m▀▀[48;2;255;238;74m▀[49m▄▄[0m             [38;2;197;65;0m▄[48;2;255;255;255m▀[38;2;255;255;255m▀[38;2;255;98;0;48;2;197;65;0m▀▀[38;2;139;32;0;48;2;255;98;0m▀[49m▄[0m
[0m [38;2;16;16;16m▀▀[38;2;131;90;49m▀[38;2;255;197;16;48;2;16;16;16m▀[38;2;255;238;74m▀▀▀▀▀[48;2;131;90;49m▀[38;2;131;90;49;49m▀[48;2;16;16;16m▀[38;2;98;106;106;48;2;255;255;255m▀[38;2;255;255;255m▀▀▀▀▀▀▀▀▀▀[38;2;255;197;16;48;2;255;238;74m▀[38;2;16;16;16;48;2;255;197;16m▀[38;2;255;197;16;48;2;16;16;16m▀[48;2;255;197;16m▀▀▀▀[48;2;255;238;74m▀[38;2;255;238;74m▀▀▀[38;2;205;139;16m▀▀[49m▄▄[0m         [38;2;197;65;0;48;2;197;65;0m▀[38;2;255;98;0;48;2;255;98;0m▀[38;2;197;65;0;48;2;197;65;0m▀▀▀[38;2;255;98;0;48;2;255;98;0m▀[38;2;139;32;0;48;2;139;32;0m▀[0m
[0m            [38;2;16;16;16;48;2;98;106;106m▀[38;2;255;255;255;48;2;255;255;255m▀▀▀▀▀▀▀▀▀▀▀▀[38;2;255;197;16;48;2;255;197;16m▀▀[38;2;16;16;16m▀[38;2;131;90;49m▀[38;2;255;238;74;48;2;16;16;16m▀[48;2;131;90;49m▀[48;2;255;197;16m▀[48;2;255;238;74m▀▀▀▀▀▀▀[38;2;205;139;16m▀[38;2;131;90;49;49m▄[0m        [38;2;139;32;0m▀[38;2;255;98;0;48;2;90;0;0m▀▀[48;2;16;16;16m▀[38;2;90;0;0;49m▀[0m
[0m           [38;2;16;16;16;48;2;16;16;16m▀[38;2;255;255;255;48;2;255;255;255m▀▀▀▀▀▀▀▀▀▀▀▀▀[38;2;255;238;74m▀[38;2;255;197;16;48;2;255;197;16m▀▀▀▀▀[38;2;131;90;49;48;2;131;90;49m▀[38;2;16;16;16;49m▀[38;2;255;197;16;48;2;131;90;49m▀[38;2;255;238;74;48;2;16;16;16m▀▀▀▀[48;2;131;90;49m▀[38;2;205;139;16;49m▀[38;2;16;16;16m▀[0m         [38;2;16;16;16;48;2;16;16;16m▀▀[0m
[0m           [38;2;16;16;16;48;2;98;106;106m▀[38;2;255;255;255;48;2;255;255;255m▀▀▀▀▀▀▀▀▀▀▀▀▀▀[38;2;255;197;16;48;2;255;238;74m▀[48;2;255;197;16m▀▀▀▀▀[38;2;131;90;49;48;2;131;90;49m▀[0m                [38;2;16;16;16;48;2;16;16;16m▀[38;2;98;106;106;48;2;98;106;106m▀[38;2;16;16;16;48;2;16;16;16m▀[0m
[0m          [38;2;131;90;49;48;2;131;90;49m▀[38;2;98;106;106;48;2;98;106;106m▀[38;2;255;255;255;48;2;255;255;255m▀▀▀▀▀▀▀▀▀▀▀▀▀▀▀[38;2;255;197;16;48;2;255;197;16m▀▀[48;2;255;238;74m▀▀▀[48;2;205;139;16m▀[38;2;16;16;16;48;2;16;16;16m▀[0m             [38;2;131;90;49m▄[48;2;255;197;16m▀[38;2;16;16;16;48;2;98;106;106m▀[38;2;98;106;106;48;2;16;16;16m▀[38;2;16;16;16m▀[0m
[0m         [38;2;131;90;49;48;2;131;90;49m▀[38;2;255;197;16;48;2;255;197;16m▀[38;2;98;106;106;48;2;98;106;106m▀[38;2;255;255;255;48;2;255;255;255m▀▀▀▀▀▀▀▀▀▀▀▀▀▀▀[38;2;205;139;16;48;2;205;139;16m▀[38;2;255;238;74;48;2;255;238;74m▀▀▀▀▀[38;2;205;139;16m▀[38;2;16;16;16;48;2;16;16;16m▀[0m         [38;2;16;16;16m▄▄[38;2;131;90;49;48;2;98;106;106m▀[38;2;255;197;16m▀[48;2;131;90;49m▀[38;2;205;139;16;48;2;205;139;16m▀[38;2;16;16;16;48;2;16;16;16m▀[0m
[0m        [38;2;131;90;49;48;2;131;90;49m▀[38;2;255;197;16;48;2;255;197;16m▀▀▀[38;2;98;106;106;48;2;16;16;16m▀[38;2;230;230;230;48;2;230;230;230m▀[38;2;255;255;255m▀[48;2;255;255;255m▀▀▀▀▀▀▀▀▀▀[48;2;230;230;230m▀[38;2;205;139;16;48;2;205;139;16m▀[38;2;255;238;74;48;2;255;238;74m▀▀▀▀▀▀▀[38;2;255;197;16m▀[38;2;16;16;16;48;2;131;90;49m▀[49m▄▄▄▄▄[48;2;98;106;106m▀▀▀[38;2;255;197;16;48;2;16;16;16m▀[48;2;255;197;16m▀[38;2;98;106;106m▀[48;2;16;16;16m▀[38;2;16;16;16m▀▀[0m
[0m        [38;2;131;90;49;48;2;131;90;49m▀[38;2;255;197;16;48;2;255;197;16m▀▀▀▀[38;2;98;106;106;48;2;16;16;16m▀[38;2;230;230;230;48;2;230;230;230m▀▀▀[38;2;255;255;255m▀▀▀▀▀[38;2;230;230;230m▀▀▀▀[38;2;205;139;16;48;2;131;90;49m▀[38;2;255;238;74;48;2;255;238;74m▀▀▀▀▀▀▀▀[38;2;205;139;16;48;2;255;197;16m▀[38;2;131;90;49;48;2;131;90;49m▀[38;2;255;197;16;48;2;255;197;16m▀▀▀▀▀[38;2;98;106;106m▀[48;2;16;16;16m▀▀[38;2;16;16;16m▀[38;2;205;139;16;48;2;205;139;16m▀[38;2;16;16;16;48;2;16;16;16m▀[49m▀[0m
[0m        [38;2;131;90;49m▀[38;2;255;197;16;48;2;131;90;49m▀[48;2;205;139;16m▀[48;2;255;197;16m▀[48;2;205;139;16m▀[38;2;205;139;16m▀[38;2;16;16;16m▀[38;2;230;230;230;48;2;16;16;16m▀[48;2;230;230;230m▀▀▀▀▀▀▀▀▀▀[38;2;131;90;49;48;2;131;90;49m▀[38;2;255;197;16;48;2;255;197;16m▀[38;2;255;238;74m▀▀[48;2;255;238;74m▀▀▀▀[48;2;255;197;16m▀[38;2;255;197;16m▀[38;2;16;16;16;48;2;16;16;16m▀[38;2;205;139;16;48;2;205;139;16m▀[38;2;255;197;16m▀▀▀[38;2;205;139;16m▀▀[38;2;16;16;16;48;2;16;16;16m▀▀▀[49m▀[0m
[0m         [38;2;16;16;16m▀[38;2;205;139;16;48;2;16;16;16m▀[48;2;205;139;16m▀▀▀▀▀[38;2;16;16;16m▀[38;2;230;230;230;48;2;16;16;16m▀[48;2;230;230;230m▀▀▀▀▀▀▀▀▀[38;2;131;90;49;48;2;131;90;49m▀[38;2;255;197;16;48;2;255;197;16m▀▀▀▀▀▀▀[38;2;205;139;16;48;2;16;16;16m▀[38;2;16;16;16;48;2;205;139;16m▀[38;2;205;139;16m▀▀▀▀[48;2;16;16;16m▀[38;2;16;16;16m▀▀[49m▀[0m
[0m           [38;2;16;16;16m▀[38;2;131;90;49m▀[38;2;205;139;16;48;2;16;16;16m▀[48;2;131;90;49m▀[48;2;205;139;16m▀▀▀[38;2;16;16;16;48;2;131;90;49m▀[38;2;98;106;106;49m▀[38;2;230;230;230;48;2;16;16;16m▀[48;2;98;106;106m▀[48;2;230;230;230m▀▀▀▀▀[48;2;172;172;172m▀[38;2;131;90;49m▀[38;2;255;197;16;48;2;16;16;16m▀[48;2;255;197;16m▀▀▀▀[48;2;16;16;16m▀[38;2;16;16;16;48;2;205;139;16m▀[38;2;205;139;16m▀[48;2;131;90;49m▀[48;2;16;16;16m▀▀[38;2;16;16;16;49m▀▀[0m
[0m             [38;2;16;16;16m▄[48;2;205;139;16m▀[38;2;205;139;16m▀▀[38;2;131;90;49;48;2;16;16;16m▀[0m    [38;2;16;16;16m▀▀[38;2;98;106;106m▀[38;2;172;172;172;48;2;16;16;16m▀▀▀▀▀[38;2;131;90;49m▀[38;2;255;197;16m▀[48;2;255;197;16m▀▀[38;2;16;16;16;48;2;16;16;16m▀[49m▀▀[38;2;131;90;49m▀[0m
[0m          [38;2;131;90;49m▄[48;2;255;197;16m▀▀[38;2;255;197;16m▀▀▀[38;2;205;139;16m▀[48;2;205;139;16m▀[38;2;16;16;16;48;2;16;16;16m▀[0m           [38;2;16;16;16m▄[48;2;255;238;74m▀[38;2;255;197;16;48;2;255;197;16m▀▀[38;2;205;139;16;48;2;255;238;74m▀[38;2;16;16;16;48;2;131;90;49m▀[0m
[0m         [38;2;131;90;49;48;2;131;90;49m▀[38;2;205;139;16;48;2;255;255;255m▀▀[38;2;255;197;16;48;2;205;139;16m▀[48;2;255;197;16m▀[48;2;131;90;49m▀[48;2;16;16;16m▀[38;2;205;139;16m▀[38;2;16;16;16;49m▀[0m           [38;2;16;16;16m▄[38;2;131;90;49;48;2;255;197;16m▀[38;2;255;238;74m▀[48;2;255;238;74m▀▀▀[48;2;255;197;16m▀[38;2;131;90;49;48;2;16;16;16m▀[0m
[0m          [38;2;16;16;16m▀▀▀▀[38;2;131;90;49m▀[0m              [38;2;16;16;16;48;2;16;16;16m▀[38;2;255;197;16;48;2;205;139;16m▀[48;2;255;197;16m▀[48;2;205;139;16m▀▀▀[48;2;255;197;16m▀[38;2;16;16;16;48;2;16;16;16m▀[0m
[0m                              [38;2;16;16;16m▀[38;2;205;139;16;48;2;16;16;16m▀[38;2;255;255;255m▀▀▀[38;2;16;16;16;49m▀[0m
