[0m     [38;2;49;106;172m▄[48;2;90;156;238m▀[48;2;139;189;246m▀▀[48;2;90;156;238m▀[49m▄[0m        [38;2;24;57;115m▄[38;2;49;106;172m▄[48;2;139;189;246m▀▀[48;2;90;156;238m▀▀[49m▄[38;2;24;57;115m▄[0m
[0m    [38;2;24;57;115;48;2;90;156;238m▀[38;2;90;156;238;48;2;65;131;205m▀[48;2;24;57;115m▀[38;2;139;189;246m▀▀[38;2;90;156;238;48;2;90;156;238m▀[38;2;65;131;205m▀[38;2;49;106;172;48;2;65;131;205m▀[49m▄[0m     [38;2;24;57;115;48;2;49;106;172m▀[38;2;65;131;205;48;2;90;156;238m▀[38;2;90;156;238m▀[38;2;139;189;246m▀[48;2;24;57;115m▀[38;2;90;156;238m▀▀[38;2;65;131;205;48;2;65;131;205m▀▀[38;2;24;57;115;48;2;24;57;115m▀[0m
[0m   [38;2;24;57;115;48;2;24;57;115m▀[38;2;65;131;205;48;2;148;16;16m▀[38;2;24;57;115m▀[38;2;148;16;16;48;2;189;41;49m▀▀[48;2;148;16;16m▀[38;2;24;57;115m▀[38;2;90;156;238;48;2;65;131;205m▀[38;2;65;131;205m▀[38;2;49;106;172;48;2;24;57;115m▀[38;2;24;57;115;49m▄▄▄▄[48;2;24;57;115m▀[38;2;90;156;238;48;2;90;156;238m▀▀[38;2;65;131;205;48;2;148;16;16m▀[38;2;148;16;16m▀[48;2;189;41;49m▀▀▀[38;2;24;57;115;48;2;148;16;16m▀[38;2;65;131;205;48;2;24;57;115m▀[48;2;65;131;205m▀[38;2;24;57;115;48;2;24;57;115m▀[0m
[0m   [38;2;24;57;115;48;2;24;57;115m▀[38;2;148;16;16;48;2;148;16;16m▀[38;2;189;41;49;48;2;189;41;49m▀[38;2;222;65;82;48;2;222;65;82m▀▀[38;2;189;41;49;48;2;148;16;16m▀[38;2;24;57;115;48;2;65;131;205m▀[38;2;49;106;172;48;2;90;156;238m▀[38;2;65;131;205m▀[38;2;90;156;238m▀▀▀▀[38;2;65;131;205m▀[38;2;49;106;172m▀[38;2;90;156;238m▀▀[38;2;148;16;16;48;2;148;16;16m▀[38;2;189;41;49m▀[48;2;222;65;82m▀[38;2;222;65;82m▀▀[38;2;189;41;49m▀[38;2;24;57;115;48;2;148;16;16m▀[38;2;49;106;172;48;2;49;106;172m▀[38;2;24;57;115;48;2;24;57;115m▀[0m
[0m    [38;2;49;106;172;48;2;24;57;115m▀[38;2;148;16;16;48;2;49;106;172m▀[38;2;189;41;49;48;2;148;16;16m▀[38;2;148;16;16;48;2;65;131;205m▀[38;2;65;131;205;48;2;90;156;238m▀[38;2;90;156;238m▀▀▀▀▀▀▀▀▀▀▀▀[38;2;65;131;205m▀[38;2;148;16;16;48;2;65;131;205m▀[38;2;222;65;82;48;2;148;16;16m▀▀[38;2;189;41;49m▀[38;2;148;16;16;48;2;49;106;172m▀[38;2;24;57;115;48;2;16;16;16m▀[0m      [38;2;49;106;172m▄[38;2;90;156;238m▄[38;2;49;106;172;48;2;139;189;246m▀▀[38;2;24;57;115;48;2;90;156;238m▀[49m▄▄[0m
[0m     [38;2;24;57;115;48;2;49;106;172m▀[38;2;49;106;172;48;2;90;156;238m▀[38;2;90;156;238;48;2;16;16;16m▀[38;2;24;57;115;48;2;255;255;255m▀[38;2;90;156;238;48;2;49;106;172m▀[48;2;90;156;238m▀▀▀▀▀▀[48;2;24;57;115m▀[38;2;24;57;115;48;2;255;255;255m▀[38;2;65;131;205;48;2;16;16;16m▀[38;2;90;156;238;48;2;90;156;238m▀▀▀▀[38;2;65;131;205m▀[48;2;49;106;172m▀[38;2;49;106;172;48;2;24;57;115m▀[38;2;16;16;16;49m▀[0m      [38;2;49;106;172;48;2;90;156;238m▀[38;2;90;156;238m▀[38;2;139;189;246;48;2;139;189;246m▀▀▀▀[38;2;90;156;238;48;2;90;156;238m▀[38;2;49;106;172m▀[38;2;24;57;115;48;2;24;57;115m▀[0m
[0m [38;2;16;16;16m▄[38;2;24;57;115m▄▄▄[38;2;49;106;172;48;2;90;156;238m▀[38;2;90;156;238m▀[38;2;16;16;16;48;2;49;106;172m▀[48;2;24;57;115m▀[38;2;24;57;115;48;2;49;106;172m▀[38;2;90;156;238;48;2;90;156;238m▀[38;2;24;57;115m▀[38;2;90;156;238m▀▀[48;2;65;131;205m▀[48;2;90;156;238m▀[38;2;24;57;115;48;2;65;131;205m▀[38;2;16;16;16;48;2;24;57;115m▀[48;2;49;106;172m▀[38;2;90;156;238;48;2;90;156;238m▀▀▀▀▀▀[48;2;49;106;172m▀[38;2;24;57;115;48;2;16;16;16m▀[38;2;16;16;16;49m▄▄[0m   [38;2;24;57;115;48;2;24;57;115m▀[38;2;90;156;238;48;2;90;156;238m▀▀▀[38;2;139;189;246m▀▀[38;2;90;156;238m▀▀▀[38;2;49;106;172;48;2;49;106;172m▀[38;2;16;16;16;48;2;16;16;16m▀[0m
[38;2;16;16;16;48;2;16;16;16m▀[38;2;65;131;205;48;2;65;131;205m▀▀[38;2;49;106;172m▀[38;2;24;57;115;48;2;49;106;172m▀[38;2;90;156;238;48;2;90;156;238m▀▀▀▀[38;2;65;131;205m▀[38;2;49;106;172m▀[38;2;24;57;115m▀▀[38;2;49;106;172m▀[38;2;65;131;205m▀[38;2;90;156;238m▀▀▀▀▀▀▀[48;2;65;131;205m▀[48;2;49;106;172m▀[38;2;49;106;172;48;2;90;156;238m▀[38;2;24;57;115m▀[38;2;90;156;238m▀▀[38;2;49;106;172m▀[38;2;16;16;16;48;2;16;16;16m▀[0m  [38;2;24;57;115m▀[38;2;49;106;172;48;2;24;57;115m▀[38;2;90;156;238;48;2;49;106;172m▀[48;2;90;156;238m▀▀▀▀[48;2;49;106;172m▀[38;2;49;106;172m▀[48;2;16;16;16m▀[38;2;16;16;16;49m▀[0m
[38;2;16;16;16;49m▀[38;2;65;131;205;48;2;16;16;16m▀[48;2;65;131;205m▀[48;2;24;57;115m▀[38;2;90;156;238;48;2;90;156;238m▀▀▀▀▀[48;2;180;213;255m▀[48;2;255;255;255m▀▀▀▀▀[48;2;180;213;255m▀[48;2;90;156;238m▀▀▀▀▀▀▀▀▀▀[48;2;65;131;205m▀▀[38;2;65;131;205;48;2;16;16;16m▀[38;2;16;16;16;49m▀[0m   [38;2;16;16;16m▀[38;2;49;106;172;48;2;16;16;16m▀▀[48;2;49;106;172m▀[48;2;16;16;16m▀[48;2;49;106;172m▀[48;2;16;16;16m▀▀[38;2;16;16;16;49m▀[0m
[0m  [38;2;16;16;16m▀[48;2;16;16;16m▀[38;2;90;156;238;48;2;90;156;238m▀▀[48;2;255;255;255m▀[38;2;255;255;255m▀▀▀▀▀▀▀▀▀▀[38;2;180;213;255m▀[38;2;90;156;238m▀[48;2;180;213;255m▀[48;2;90;156;238m▀▀▀[38;2;49;106;172m▀[48;2;49;106;172m▀[38;2;24;57;115m▀▀[38;2;16;16;16m▀[38;2;24;57;115;48;2;24;57;115m▀[0m       [38;2;16;16;16m▀[48;2;16;16;16m▀[49m▀[0m
[0m   [38;2;16;16;16m▀[38;2;49;106;172;48;2;16;16;16m▀[38;2;255;255;255;48;2;180;213;255m▀[48;2;255;255;255m▀▀▀▀▀▀▀▀▀▀▀▀▀▀[38;2;180;213;255m▀[38;2;90;156;238;48;2;180;213;255m▀[48;2;49;106;172m▀[38;2;49;106;172m▀▀▀▀▀[38;2;24;57;115;49m▀[0m      [38;2;16;16;16m▄▄▄[48;2;16;16;16m▀[38;2;98;98;98;49m▄[0m
[0m    [38;2;16;16;16m▀[38;2;180;197;205;48;2;16;16;16m▀[38;2;180;213;255;48;2;180;197;205m▀[38;2;255;255;255m▀▀[48;2;180;213;255m▀[48;2;255;255;255m▀▀▀▀▀▀[48;2;180;213;255m▀[48;2;180;197;205m▀▀▀[38;2;180;213;255m▀[38;2;180;197;205m▀▀[38;2;49;106;172;48;2;49;106;172m▀▀▀▀[38;2;24;57;115;48;2;24;57;115m▀[0m   [38;2;98;98;98m▄[38;2;16;16;16m▄[0m  [38;2;16;16;16;48;2;16;16;16m▀[38;2;98;98;98;48;2;98;98;98m▀[0m
[0m     [38;2;16;16;16m▀[38;2;180;197;205;48;2;16;16;16m▀[48;2;180;197;205m▀▀▀▀▀▀▀▀▀▀▀▀▀▀▀▀[38;2;49;106;172;48;2;49;106;172m▀▀▀[38;2;16;16;16;48;2;16;16;16m▀[0m    [38;2;16;16;16;48;2;16;16;16m▀[49m▀[48;2;16;16;16m▀[49m▄[48;2;16;16;16m▀[0m
[0m       [38;2;16;16;16m▀[38;2;180;197;205;48;2;16;16;16m▀[48;2;65;131;205m▀[48;2;180;197;205m▀▀▀▀▀▀▀▀▀▀▀[48;2;49;106;172m▀[38;2;49;106;172m▀▀[48;2;16;16;16m▀[38;2;16;16;16;49m▀[38;2;98;98;98m▀[38;2;16;16;16;48;2;98;98;98m▀[49m▄[0m [38;2;98;98;98;48;2;16;16;16m▀[38;2;16;16;16;49m▀[0m  [38;2;16;16;16m▀[48;2;16;16;16m▀[0m
[0m      [38;2;16;16;16m▄▄[48;2;49;106;172m▀[38;2;24;57;115m▀▀[38;2;65;131;205m▀[38;2;180;197;205m▀[48;2;16;16;16m▀▀▀▀[48;2;24;57;115m▀[48;2;49;106;172m▀[38;2;49;106;172;48;2;16;16;16m▀▀[48;2;49;106;172m▀[38;2;16;16;16;48;2;24;57;115m▀[38;2;24;57;115;49m▀[0m    [38;2;98;98;98m▀[38;2;16;16;16;48;2;98;98;98m▀[48;2;16;16;16m▀[0m
[0m     [38;2;16;16;16;48;2;16;16;16m▀[38;2;90;156;238;48;2;90;156;238m▀▀▀[38;2;49;106;172;48;2;49;106;172m▀[48;2;16;16;16m▀▀[38;2;16;16;16;49m▀[0m     [38;2;24;57;115;48;2;24;57;115m▀[38;2;49;106;172;48;2;49;106;172m▀[48;2;90;156;238m▀▀▀[38;2;24;57;115m▀[49m▄[0m
[0m      [38;2;16;16;16m▀▀▀▀[0m         [38;2;24;57;115m▀[38;2;90;156;238;48;2;24;57;115m▀▀▀▀[38;2;24;57;115;49m▀[0m
