[38;2;82;131;57;48;2;82;131;57m▀[48;2;98;189;90m▀[48;2;156;222;90m▀[49m▄▄[0m
[38;2;82;131;57;48;2;82;131;57m▀[38;2;156;222;90;48;2;156;222;90m▀[38;2;98;189;90m▀[38;2;156;222;90;48;2;98;189;90m▀[48;2;156;222;90m▀[38;2;82;131;57m▀▀[49m▄▄[0m
[38;2;82;131;57;48;2;82;131;57m▀[38;2;156;222;90;48;2;156;222;90m▀▀▀[38;2;98;189;90m▀[38;2;156;222;90;48;2;98;189;90m▀[48;2;156;222;90m▀▀▀[38;2;82;131;57;48;2;82;131;57m▀[0m
[38;2;82;131;57;48;2;82;131;57m▀[38;2;156;222;90;48;2;156;222;90m▀▀▀▀[38;2;98;189;90m▀[38;2;156;222;90;48;2;98;189;90m▀[48;2;156;222;90m▀[48;2;82;131;57m▀[38;2;82;131;57;49m▀[0m
[38;2;82;131;57;48;2;82;131;57m▀[38;2;156;222;90;48;2;156;222;90m▀▀▀▀▀[38;2;98;189;90m▀[38;2;156;222;90;48;2;98;189;90m▀[38;2;82;131;57;48;2;65;90;16m▀[49m▄▄▄▄[0m
[0m [38;2;82;131;57m▀▀▀[38;2;156;222;90;48;2;82;131;57m▀▀[48;2;156;222;90m▀[38;2;98;189;90m▀[38;2;156;222;90;48;2;98;189;90m▀[48;2;156;222;90m▀▀▀[38;2;82;131;57;48;2;82;131;57m▀[0m
[0m     [38;2;65;90;16;48;2;82;131;57m▀[38;2;156;222;90;48;2;156;222;90m▀▀▀[38;2;98;189;90;48;2;98;189;90m▀[38;2;156;222;90;48;2;156;222;90m▀[38;2;65;90;16;48;2;65;90;16m▀[0m                        [38;2;82;131;57m▄▄[0m
[0m    [38;2;82;131;57;48;2;65;90;16m▀[38;2;156;222;90;48;2;0;0;0m▀▀▀[48;2;65;90;16m▀[48;2;98;189;90m▀[38;2;82;131;57m▀[38;2;65;90;16;48;2;82;131;57m▀[48;2;98;189;90m▀[48;2;65;90;16m▀[0m           [38;2;82;131;57m▄[0m    [38;2;82;131;57m▄[0m   [38;2;65;90;16m▄[48;2;156;222;90m▀[38;2;156;222;90m▀[38;2;98;189;90m▀[38;2;82;131;57m▀[49m▄▄[0m
[0m       [38;2;65;90;16m▄[48;2;98;189;90m▀[38;2;98;189;90m▀▀[38;2;82;131;57m▀[38;2;98;189;90;48;2;82;131;57m▀[38;2;65;90;16;48;2;65;90;16m▀[49m▄▄[0m     [38;2;65;90;16m▄[0m [38;2;65;90;16m▄[48;2;82;131;57m▀[38;2;156;222;90;48;2;156;222;90m▀[38;2;82;131;57m▀[49m▄[38;2;65;90;16m▄[48;2;156;222;90m▀[38;2;156;222;90m▀[38;2;82;131;57m▀[49m▄[38;2;65;90;16;48;2;156;222;90m▀[38;2;156;222;90m▀▀▀▀▀▀▀[38;2;82;131;57m▀▀[49m▄▄[0m
[0m      [38;2;180;98;115m▄[38;2;0;0;0m▀▀▀[38;2;65;90;16;48;2;65;90;16m▀[48;2;98;189;90m▀[38;2;82;131;57m▀[38;2;98;189;90;48;2;65;90;16m▀[48;2;98;189;90m▀[38;2;65;90;16;48;2;65;90;16m▀[49m▄[38;2;0;0;0m▄[0m [38;2;65;90;16m▄[48;2;98;189;90m▀[38;2;98;189;90m▀[38;2;65;90;16;48;2;65;90;16m▀[38;2;98;189;90;48;2;82;131;57m▀▀▀[38;2;156;222;90m▀[38;2;65;90;16m▀[38;2;156;222;90;48;2;98;189;90m▀▀[38;2;98;189;90;48;2;156;222;90m▀▀▀▀▀▀▀▀▀▀▀▀▀[38;2;156;222;90;48;2;65;90;16m▀▀[38;2;82;131;57;49m▀[0m
[0m     [38;2;180;98;115;48;2;139;8;57m▀[38;2;246;156;180;48;2;246;156;180m▀▀[38;2;180;98;115m▀[38;2;139;8;57;49m▄[38;2;0;0;0;48;2;0;0;0m▀[38;2;98;189;90;48;2;65;90;16m▀[48;2;82;131;57m▀[38;2;82;131;57m▀[38;2;65;90;16;48;2;65;90;16m▀[38;2;82;131;57;48;2;0;0;0m▀[38;2;0;0;0;48;2;98;189;90m▀[38;2;98;189;90m▀[38;2;65;90;16;48;2;82;131;57m▀[38;2;98;189;90m▀[38;2;82;131;57;48;2;98;189;90m▀▀▀[38;2;98;189;90;48;2;65;90;16m▀[48;2;98;189;90m▀▀[38;2;156;222;90m▀[48;2;65;90;16m▀[48;2;156;222;90m▀▀▀[48;2;65;90;16m▀[38;2;65;90;16;49m▀[38;2;156;222;90;48;2;0;0;0m▀[48;2;156;222;90m▀▀▀▀▀[48;2;65;90;16m▀▀[38;2;65;90;16;49m▀▀[0m
[0m     [38;2;139;8;57;48;2;180;98;115m▀[38;2;246;156;180;48;2;255;123;148m▀▀[38;2;255;123;148m▀[48;2;139;8;57m▀[38;2;139;8;57;48;2;0;0;0m▀[38;2;65;90;16;48;2;139;8;57m▀[38;2;82;131;57m▀[48;2;65;90;16m▀[48;2;0;0;0m▀[38;2;0;0;0;48;2;82;131;57m▀[38;2;82;131;57m▀[48;2;98;189;90m▀[38;2;98;189;90m▀[38;2;65;90;16m▀[38;2;98;189;90;48;2;65;90;16m▀[48;2;0;0;0m▀▀[38;2;65;90;16m▀[38;2;0;0;0;49m▀[38;2;98;189;90;48;2;0;0;0m▀[38;2;65;90;16;49m▀[0m [38;2;0;0;0m▀[38;2;156;222;90;48;2;0;0;0m▀[38;2;65;90;16;49m▀[0m   [38;2;0;0;0m▀[38;2;156;222;90;48;2;0;0;0m▀[48;2;65;90;16m▀[38;2;65;90;16;49m▀▀[0m
[0m    [38;2;139;8;57m▄[38;2;180;98;115;48;2;0;0;0m▀[38;2;139;8;57;48;2;255;123;148m▀[38;2;255;123;148m▀[48;2;246;156;180m▀[38;2;246;156;180m▀▀▀▀[38;2;139;8;57m▀[48;2;255;123;148m▀[38;2;65;90;16;48;2;139;8;57m▀[48;2;0;0;0m▀[38;2;0;0;0;49m▀▀[48;2;0;0;0m▀▀[49m▄▄[0m
[0m  [38;2;139;8;57m▄[48;2;255;123;148m▀[38;2;255;123;148m▀[48;2;255;255;0m▀▀[48;2;255;123;148m▀[38;2;246;156;180m▀[48;2;246;156;180m▀▀▀▀▀▀[38;2;255;123;148;48;2;255;123;148m▀[38;2;180;98;115m▀[38;2;139;8;57m▀[38;2;0;0;0m▀[38;2;255;123;148;48;2;246;156;180m▀[38;2;246;156;180m▀▀[38;2;255;123;148;48;2;180;98;115m▀[38;2;0;0;0m▀▀[49m▄[0m
[0m [38;2;139;8;57m▄[48;2;255;123;148m▀[38;2;255;123;148m▀▀[38;2;255;255;0m▀[38;2;255;197;0m▀[38;2;255;123;148m▀▀▀▀[38;2;246;156;180m▀▀[38;2;255;123;148m▀▀▀▀▀▀[48;2;139;8;57m▀[38;2;180;98;115;48;2;0;0;0m▀[38;2;139;8;57m▀[38;2;0;0;0m▀[48;2;180;98;115m▀[38;2;180;98;115;48;2;139;8;57m▀[38;2;0;0;0;49m▀[0m
[0m [38;2;139;8;57;48;2;0;0;0m▀[38;2;255;123;148;48;2;255;123;148m▀▀▀[38;2;139;8;57m▀[38;2;255;123;148;48;2;139;8;57m▀[48;2;0;0;0m▀[48;2;255;123;148m▀▀▀▀[38;2;255;255;0;48;2;255;255;0m▀[48;2;255;197;0m▀[38;2;255;123;148;48;2;255;123;148m▀▀▀▀[38;2;139;8;57;48;2;180;98;115m▀[38;2;0;0;0m▀▀[38;2;139;8;57m▀[38;2;180;98;115;48;2;139;8;57m▀[38;2;139;8;57;49m▀[0m
[0m [38;2;0;0;0m▀[38;2;180;98;115;48;2;0;0;0m▀[38;2;255;123;148;48;2;255;123;148m▀▀▀▀▀[38;2;0;0;0m▀▀[38;2;255;123;148;48;2;0;0;0m▀▀[48;2;180;98;115m▀[48;2;255;123;148m▀▀▀▀▀▀[38;2;180;98;115;48;2;180;98;115m▀▀[38;2;139;8;57m▀[38;2;0;0;0;48;2;139;8;57m▀[0m
[0m  [38;2;180;98;115;48;2;180;98;115m▀[38;2;255;123;148;48;2;255;123;148m▀▀[38;2;180;98;115;48;2;139;8;57m▀[38;2;255;123;148;48;2;180;98;115m▀▀[48;2;255;123;148m▀▀▀▀▀▀▀▀▀▀[48;2;180;98;115m▀[38;2;180;98;115m▀▀[48;2;0;0;0m▀[38;2;139;8;57;49m▀[0m
[0m  [38;2;0;0;0m▀[38;2;255;123;148;48;2;0;0;0m▀[38;2;180;98;115m▀[38;2;0;0;0m▀[38;2;180;98;115m▀[48;2;139;8;57m▀[48;2;180;98;115m▀▀[48;2;139;8;57m▀[38;2;255;123;148;48;2;255;123;148m▀▀▀[48;2;0;0;0m▀[48;2;180;98;115m▀[38;2;180;98;115m▀▀▀[48;2;0;0;0m▀▀[38;2;139;8;57;49m▀[0m
[0m       [38;2;0;0;0;48;2;139;8;57m▀[48;2;180;98;115m▀[48;2;0;0;0m▀[38;2;255;123;148;48;2;255;123;148m▀▀[48;2;0;0;0m▀[38;2;0;0;0;48;2;139;8;57m▀[38;2;180;98;115m▀▀▀[38;2;0;0;0;48;2;0;0;0m▀[48;2;180;98;115m▀[38;2;180;98;115m▀[38;2;139;8;57m▀▀[48;2;255;123;148m▀▀[49m▄[0m
[0m       [38;2;139;8;57m▀[38;2;180;98;115;48;2;139;8;57m▀▀[38;2;0;0;0;49m▀▀[0m  [38;2;139;8;57;48;2;0;0;0m▀[38;2;180;98;115;48;2;180;98;115m▀▀[38;2;0;0;0;48;2;0;0;0m▀[38;2;139;8;57;49m▀▀[38;2;180;98;115;48;2;0;0;0m▀▀▀[38;2;139;8;57m▀[38;2;0;0;0;49m▀[0m
[0m               [38;2;0;0;0m▀▀[0m
