[0m              [38;2;0;0;0m▄▄[0m [38;2;139;82;0m▄▄[48;2;255;238;0m▀▀▀[49m▄[0m  [38;2;139;82;0m▄▄▄[0m
[0m           [38;2;139;82;0m▄[48;2;255;238;0m▀▀[38;2;255;238;0m▀▀[38;2;0;0;0;48;2;255;213;0m▀▀[38;2;255;213;0;48;2;0;0;0m▀[38;2;255;238;0;48;2;255;213;0m▀[48;2;246;164;24m▀▀[38;2;255;213;0;48;2;0;0;0m▀[38;2;0;0;0;48;2;255;238;0m▀[38;2;139;82;0m▀[38;2;255;238;0m▀▀[48;2;139;82;0m▀[38;2;139;82;0;48;2;0;0;0m▀[38;2;0;0;0;49m▄[0m
[0m         [38;2;0;0;0m▄[48;2;255;238;0m▀▀[38;2;139;82;0m▀[48;2;246;164;24m▀[38;2;255;213;0;48;2;139;82;0m▀[38;2;246;164;24m▀▀[48;2;0;0;0m▀[38;2;139;82;0;48;2;180;213;222m▀[38;2;0;0;0m▀[48;2;255;255;255m▀▀[38;2;139;82;0;48;2;180;213;222m▀[38;2;246;164;24;48;2;0;0;0m▀[48;2;139;82;0m▀[38;2;139;82;0;48;2;246;164;24m▀[48;2;255;213;0m▀[38;2;255;238;0;48;2;255;238;0m▀▀[38;2;139;82;0m▀▀[38;2;0;0;0;49m▄[0m
[0m    [38;2;24;106;0m▄▄▄[48;2;98;213;49m▀▀[38;2;0;0;0m▀[38;2;255;238;0;48;2;0;0;0m▀[48;2;255;238;0m▀▀[38;2;255;213;0;48;2;139;82;0m▀[38;2;246;164;24;48;2;0;0;0m▀[38;2;0;0;0;48;2;255;213;0m▀[48;2;246;164;24m▀▀[48;2;139;82;0m▀▀[38;2;180;213;222;48;2;0;0;0m▀▀▀▀[38;2;0;0;0;48;2;246;164;24m▀▀▀[38;2;139;82;0;48;2;255;213;0m▀[38;2;246;164;24;48;2;139;82;0m▀[38;2;255;238;0m▀[38;2;246;164;24;48;2;0;0;0m▀[38;2;0;0;0;49m▀[0m
[0m [38;2;24;106;0m▄[48;2;139;246;74m▀▀[38;2;139;246;74m▀[48;2;98;213;49m▀[38;2;98;213;49m▀▀▀▀▀[38;2;0;0;0m▀▀[38;2;255;213;0;48;2;0;0;0m▀[38;2;255;238;0m▀[48;2;255;213;0m▀[48;2;255;238;0m▀[38;2;255;213;0m▀[38;2;246;164;24;48;2;0;0;0m▀[38;2;0;0;0;48;2;255;238;0m▀[38;2;139;82;0m▀[38;2;246;164;24m▀▀[38;2;139;82;0m▀[38;2;0;0;0m▀[38;2;246;164;24;48;2;0;0;0m▀[38;2;255;213;0m▀[38;2;255;238;0;48;2;255;238;0m▀▀▀[48;2;0;0;0m▀[38;2;0;0;0m▀[0m
[38;2;24;106;0;48;2;0;0;0m▀[38;2;98;213;49;48;2;98;213;49m▀[38;2;139;246;74m▀▀[38;2;98;213;49m▀▀▀▀▀[48;2;65;180;32m▀[48;2;98;213;49m▀▀[48;2;139;246;74m▀▀[38;2;65;180;32m▀[38;2;0;0;0m▀▀[48;2;98;213;49m▀▀[38;2;139;82;0;48;2;0;0;0m▀[38;2;255;238;0m▀▀▀▀[38;2;139;82;0m▀[38;2;0;0;0;48;2;98;213;49m▀[38;2;98;213;49m▀[38;2;0;0;0m▀▀▀[38;2;98;213;49m▀▀[38;2;24;106;0m▀▀[49m▄▄[0m
[38;2;0;0;0;49m▀[38;2;65;180;32;48;2;0;0;0m▀[38;2;98;213;49;48;2;65;180;32m▀[48;2;98;213;49m▀▀▀▀[48;2;24;106;0m▀[38;2;24;106;0;48;2;98;213;49m▀[38;2;98;213;49m▀[38;2;139;246;74;48;2;255;238;0m▀[48;2;255;98;0m▀[48;2;139;246;74m▀▀▀▀▀▀▀[38;2;98;213;49m▀▀[48;2;98;213;49m▀▀▀▀▀▀▀▀▀▀▀▀▀▀[48;2;65;180;32m▀[38;2;24;106;0m▀▀[49m▄[0m
[0m  [38;2;0;0;0m▀[38;2;24;106;0m▀[38;2;65;180;32;48;2;24;106;0m▀▀▀[38;2;24;106;0;48;2;98;213;49m▀[38;2;98;213;49m▀▀[38;2;255;98;0m▀▀[38;2;139;246;74m▀▀[48;2;139;246;74m▀▀▀▀▀[38;2;255;238;0;48;2;255;98;0m▀[38;2;255;98;0m▀[38;2;98;213;49;48;2;98;213;49m▀▀▀▀[48;2;65;180;32m▀[48;2;98;213;49m▀▀▀▀▀▀▀▀[48;2;65;180;32m▀[38;2;65;180;32m▀▀▀▀[38;2;24;106;0;48;2;0;0;0m▀[0m
[0m      [38;2;24;106;0;48;2;0;0;0m▀[38;2;98;213;49;48;2;98;213;49m▀▀[38;2;65;180;32m▀[38;2;98;213;49;48;2;24;106;0m▀▀[48;2;98;213;49m▀▀▀▀▀▀▀▀▀[48;2;65;180;32m▀[48;2;98;213;49m▀▀▀▀[38;2;24;106;0m▀[38;2;98;213;49;48;2;0;0;0m▀[48;2;98;213;49m▀▀▀[48;2;65;180;32m▀▀[38;2;65;180;32m▀▀▀▀▀[48;2;0;0;0m▀[38;2;0;0;0;49m▀[0m
[0m      [38;2;0;0;0m▀[38;2;65;180;32;48;2;24;106;0m▀[38;2;98;213;49;48;2;65;180;32m▀[48;2;98;213;49m▀▀▀[38;2;24;106;0m▀[38;2;98;213;49;48;2;24;106;0m▀[48;2;0;0;0m▀▀[38;2;24;106;0;48;2;98;213;49m▀[38;2;0;0;0m▀▀[38;2;24;106;0m▀[38;2;65;180;32m▀[38;2;98;213;49m▀▀▀▀▀▀[48;2;65;180;32m▀[38;2;0;0;0m▀[38;2;24;106;0m▀[38;2;65;180;32;48;2;0;0;0m▀▀[48;2;65;180;32m▀▀▀[48;2;0;0;0m▀▀[38;2;0;0;0;49m▀[0m
[0m      [38;2;0;0;0m▄[38;2;24;106;0;48;2;98;213;49m▀[38;2;65;180;32;48;2;24;106;0m▀[48;2;65;180;32m▀▀[38;2;98;213;49m▀▀[48;2;98;213;49m▀▀▀▀▀[48;2;65;180;32m▀▀[48;2;24;106;0m▀▀[48;2;98;213;49m▀▀[48;2;65;180;32m▀[38;2;65;180;32m▀▀▀▀▀▀[38;2;24;106;0;48;2;24;106;0m▀[38;2;0;0;0;49m▀▀▀[0m
[0m     [38;2;24;106;0;48;2;24;106;0m▀[38;2;98;213;49;48;2;98;213;49m▀▀[48;2;65;180;32m▀[38;2;65;180;32;48;2;24;106;0m▀[48;2;0;0;0m▀[48;2;65;180;32m▀▀▀▀▀▀▀▀[38;2;24;106;0;48;2;24;106;0m▀[38;2;65;180;32;48;2;98;213;49m▀[38;2;98;213;49m▀▀[38;2;65;180;32;48;2;24;106;0m▀[38;2;24;106;0;48;2;65;180;32m▀[38;2;65;180;32m▀▀▀▀▀[38;2;0;0;0;48;2;0;0;0m▀[0m
[0m      [38;2;0;0;0m▀▀▀[0m  [38;2;24;106;0m▀[38;2;65;180;32;48;2;0;0;0m▀▀[48;2;65;180;32m▀▀▀▀▀[38;2;24;106;0m▀[38;2;65;180;32;48;2;24;106;0m▀[38;2;98;213;49;48;2;0;0;0m▀[38;2;65;180;32m▀[38;2;0;0;0;48;2;65;180;32m▀[38;2;65;180;32m▀▀▀[48;2;0;0;0m▀▀[38;2;0;0;0;48;2;24;106;0m▀[0m
[0m              [38;2;0;0;0m▀▀[48;2;24;106;0m▀[48;2;65;180;32m▀[38;2;65;180;32;48;2;0;0;0m▀▀▀▀▀▀[38;2;0;0;0;49m▀[48;2;24;106;0m▀[48;2;65;180;32m▀[38;2;65;180;32m▀▀▀[38;2;24;106;0;48;2;0;0;0m▀[0m
[0m                 [38;2;24;106;0m▀[38;2;65;180;32;48;2;24;106;0m▀▀[38;2;24;106;0;49m▀[0m     [38;2;24;106;0m▀[38;2;65;180;32;48;2;24;106;0m▀[48;2;0;0;0m▀[38;2;24;106;0m▀[38;2;0;0;0;49m▀[0m
