[0m                 [38;2;98;156;189m▄▄▄[38;2;65;82;131;48;2;131;213;246m▀▀▀▀▀▀[49m▄▄[0m
[0m              [38;2;98;156;189m▄[48;2;172;230;255m▀[48;2;246;246;246m▀[38;2;172;230;255m▀[48;2;172;230;255m▀▀▀[38;2;131;213;246m▀[48;2;131;213;246m▀▀▀▀▀▀[38;2;98;156;189m▀[38;2;65;82;131;48;2;98;156;189m▀[49m▄[0m
[0m            [38;2;98;156;189m▄[48;2;131;213;246m▀[38;2;131;213;246m▀[38;2;172;230;255m▀[48;2;172;230;255m▀▀▀[48;2;131;213;246m▀▀[38;2;131;213;246m▀▀▀▀▀▀▀▀▀[38;2;98;156;189;48;2;98;156;189m▀[38;2;65;82;131m▀[49m▄[0m
[0m           [38;2;65;82;131m▄[38;2;98;156;189;48;2;131;213;246m▀[38;2;131;213;246m▀[38;2;16;16;16m▀[38;2;131;213;246m▀▀▀▀▀▀▀▀▀▀[48;2;16;16;16m▀[48;2;131;213;246m▀▀▀▀▀[38;2;98;156;189;48;2;98;156;189m▀[38;2;65;82;131m▀[38;2;16;16;16;49m▄[38;2;24;65;57m▄[38;2;24;90;106m▄[0m
[0m          [38;2;65;82;131m▄[48;2;98;156;189m▀[38;2;131;213;246m▀[48;2;131;213;246m▀▀▀[48;2;98;156;189m▀[48;2;131;213;246m▀▀[48;2;65;82;131m▀[48;2;131;213;246m▀▀▀▀▀▀▀▀[48;2;65;82;131m▀[48;2;131;213;246m▀[48;2;98;156;189m▀[38;2;98;156;189m▀▀[38;2;65;82;131m▀[38;2;49;148;164;48;2;16;16;16m▀[48;2;49;148;164m▀[38;2;24;90;106m▀[38;2;24;65;57;49m▄[0m
[0m          [38;2;65;82;131;48;2;65;82;131m▀[38;2;98;156;189;48;2;98;156;189m▀[38;2;65;82;131m▀[38;2;98;156;189;48;2;65;82;131m▀[38;2;131;213;246m▀▀▀▀[48;2;98;156;189m▀[48;2;131;213;246m▀▀▀▀▀▀[48;2;98;156;189m▀[48;2;16;16;16m▀[38;2;98;156;189m▀[38;2;65;82;131;48;2;98;156;189m▀[38;2;98;156;189m▀▀▀▀▀[38;2;16;16;16;48;2;65;82;131m▀[38;2;49;148;164;48;2;49;148;164m▀▀[38;2;24;65;57;48;2;24;65;57m▀[0m
[0m          [38;2;16;16;16m▀[38;2;98;156;189;48;2;65;82;131m▀[48;2;98;156;189m▀▀▀▀▀▀[38;2;65;82;131m▀[38;2;16;16;16m▀▀▀▀▀▀[38;2;65;82;131m▀[38;2;98;156;189m▀▀▀▀▀▀▀▀▀[38;2;16;16;16;48;2;16;16;16m▀[38;2;49;148;164;48;2;49;148;164m▀[38;2;24;90;106;48;2;24;65;57m▀[49m▄[0m    [38;2;65;82;131m▄[48;2;131;213;246m▀▀[49m▄[0m
[0m  [38;2;98;156;189m▄[48;2;131;213;246m▀▀[49m▄▄[0m    [38;2;16;16;16m▀[38;2;98;156;189;48;2;65;82;131m▀[48;2;98;156;189m▀▀▀▀▀▀▀▀▀▀▀▀▀▀▀▀▀▀▀▀▀▀[38;2;65;82;131;48;2;105;92;141m▀[38;2;49;148;164;48;2;16;16;16m▀[48;2;49;148;164m▀▀[38;2;24;65;57;48;2;24;65;57m▀[0m [38;2;65;82;131m▄[38;2;98;156;189;48;2;131;213;246m▀[38;2;131;213;246m▀[48;2;65;82;131m▀[38;2;65;82;131;48;2;131;213;246m▀▀▀[49m▄[0m
[0m [38;2;65;82;131;48;2;65;82;131m▀[38;2;172;230;255m▀[48;2;98;156;189m▀[38;2;131;213;246;48;2;131;213;246m▀▀▀[38;2;98;156;189m▀▀[49m▄[0m  [38;2;16;16;16m▀[38;2;98;156;189;48;2;65;82;131m▀[48;2;98;156;189m▀▀▀▀▀▀▀▀▀▀▀▀▀▀▀▀▀▀▀▀▀[38;2;105;92;141;48;2;105;92;141m▀[38;2;16;16;16;48;2;16;16;16m▀[38;2;49;148;164;48;2;49;148;164m▀[48;2;16;16;16m▀[38;2;24;65;57m▀[38;2;65;82;131;48;2;131;213;246m▀[38;2;131;213;246m▀▀[38;2;98;156;189m▀[38;2;131;213;246m▀[48;2;65;82;131m▀▀[48;2;98;156;189m▀[38;2;16;16;16;48;2;16;16;16m▀[0m
[38;2;65;82;131;48;2;16;16;16m▀[38;2;172;230;255;48;2;172;230;255m▀[48;2;131;213;246m▀[38;2;98;156;189m▀[38;2;65;82;131m▀[38;2;131;213;246m▀▀▀▀▀[38;2;65;82;131m▀[48;2;98;156;189m▀[49m▄[38;2;16;16;16;48;2;16;16;16m▀[38;2;98;156;189;48;2;98;156;189m▀▀▀▀▀▀▀▀▀▀▀▀▀▀▀▀▀▀▀▀[48;2;65;82;131m▀▀[38;2;16;16;16;48;2;98;156;189m▀▀[38;2;98;156;189m▀▀[38;2;131;213;246;48;2;131;213;246m▀▀▀[48;2;98;156;189m▀[38;2;65;82;131;48;2;131;213;246m▀[38;2;131;213;246m▀▀[38;2;65;82;131;48;2;16;16;16m▀[0m
[38;2;16;16;16;49m▀[38;2;65;82;131;48;2;16;16;16m▀[48;2;131;213;246m▀[38;2;98;156;189;48;2;98;156;189m▀[38;2;131;213;246;48;2;65;82;131m▀[48;2;98;156;189m▀[48;2;131;213;246m▀▀▀▀[48;2;98;156;189m▀[38;2;98;156;189m▀▀▀[38;2;65;82;131;48;2;65;82;131m▀[38;2;98;156;189;48;2;98;156;189m▀▀▀▀▀▀▀▀▀▀▀▀▀▀▀▀▀▀▀▀▀▀▀▀▀▀[38;2;131;213;246;48;2;131;213;246m▀▀▀▀[48;2;16;16;16m▀[38;2;16;16;16;49m▀[0m
[0m [38;2;16;16;16m▀[38;2;98;156;189;48;2;16;16;16m▀[38;2;131;213;246m▀▀[48;2;131;213;246m▀▀▀▀[48;2;98;156;189m▀[38;2;98;156;189m▀▀▀▀[48;2;65;82;131m▀[48;2;98;156;189m▀▀▀▀▀▀▀▀▀▀▀▀▀▀▀▀▀▀▀▀▀▀▀▀▀[48;2;16;16;16m▀▀[38;2;131;213;246m▀[38;2;65;82;131;49m▀▀[0m
[0m     [38;2;16;16;16m▀▀▀▀[38;2;65;82;131m▀[38;2;98;156;189;48;2;16;16;16m▀▀▀▀[38;2;65;82;131m▀[38;2;98;156;189;48;2;98;156;189m▀▀▀▀▀▀▀▀▀▀▀▀▀▀▀▀▀▀▀[48;2;65;82;131m▀▀▀[38;2;16;16;16;48;2;105;92;141m▀[48;2;16;16;16m▀[48;2;24;90;106m▀[38;2;24;65;57;49m▀[0m
[0m              [38;2;16;16;16;48;2;16;16;16m▀[38;2;98;156;189;48;2;98;156;189m▀▀▀▀▀▀▀▀▀▀▀▀▀▀▀▀▀▀▀▀▀[38;2;105;92;141;48;2;105;92;141m▀▀[38;2;16;16;16m▀[49m▄[0m
[0m             [38;2;65;82;131m▄[48;2;131;213;246m▀[38;2;98;156;189m▀[48;2;98;156;189m▀▀▀▀▀▀▀▀▀▀▀▀▀▀▀▀▀▀▀▀▀[38;2;105;92;141m▀[48;2;105;92;141m▀[38;2;16;16;16m▀[38;2;24;65;57;49m▄[0m
[0m             [38;2;65;82;131;48;2;65;82;131m▀[38;2;131;213;246;48;2;131;213;246m▀▀▀[38;2;98;156;189m▀▀[48;2;98;156;189m▀▀▀▀▀▀▀▀▀▀▀▀▀▀▀▀▀▀▀[38;2;105;92;141;48;2;105;92;141m▀▀[38;2;16;16;16;48;2;16;16;16m▀[0m          [38;2;24;65;57m▄▄[48;2;49;148;164m▀▀▀[38;2;16;16;16;49m▄[0m
[0m             [38;2;65;82;131;48;2;65;82;131m▀[38;2;131;213;246;48;2;131;213;246m▀▀▀▀▀▀▀[38;2;98;156;189m▀▀[48;2;98;156;189m▀▀▀▀▀▀▀▀▀▀▀▀▀▀▀[38;2;105;92;141;48;2;105;92;141m▀▀▀[38;2;16;16;16;48;2;16;16;16m▀[0m    [38;2;65;82;131m▄[38;2;98;156;189m▄[38;2;65;82;131;48;2;131;213;246m▀[48;2;24;65;57m▀[38;2;24;65;57;48;2;49;148;164m▀[38;2;49;148;164m▀[48;2;24;90;106m▀▀[38;2;24;90;106m▀▀▀[38;2;16;16;16;48;2;16;16;16m▀[0m
[0m            [38;2;65;82;131;48;2;65;82;131m▀[38;2;131;213;246;48;2;131;213;246m▀▀▀▀▀▀▀▀▀▀▀▀[38;2;98;156;189m▀[48;2;98;156;189m▀▀▀▀▀▀▀▀▀▀▀▀[38;2;105;92;141;48;2;105;92;141m▀▀▀[38;2;16;16;16m▀[49m▄[0m [38;2;65;82;131m▄[48;2;131;213;246m▀[38;2;131;213;246;48;2;24;65;57m▀▀[38;2;24;65;57;48;2;24;90;106m▀[38;2;49;148;164m▀[38;2;24;90;106;48;2;24;65;57m▀▀▀[48;2;24;90;106m▀▀▀▀▀[38;2;16;16;16;48;2;16;16;16m▀[0m
[0m           [38;2;65;82;131m▄[38;2;98;156;189;48;2;131;213;246m▀[38;2;131;213;246m▀▀▀▀▀▀▀▀▀▀▀▀▀▀[38;2;98;156;189m▀[48;2;98;156;189m▀▀▀▀▀▀▀▀▀▀▀[38;2;105;92;141m▀[48;2;105;92;141m▀▀[38;2;16;16;16;48;2;16;16;16m▀[38;2;65;82;131;48;2;24;65;57m▀[38;2;98;156;189m▀[38;2;24;65;57;48;2;24;90;106m▀[38;2;24;90;106m▀[48;2;24;65;57m▀[48;2;98;156;189m▀[38;2;98;156;189m▀▀▀▀[38;2;24;65;57m▀▀[38;2;24;90;106;48;2;24;65;57m▀[48;2;24;90;106m▀▀[38;2;16;16;16;48;2;16;16;16m▀[0m
[0m           [38;2;65;82;131;48;2;16;16;16m▀[38;2;131;213;246;48;2;98;156;189m▀[48;2;131;213;246m▀▀▀▀▀▀▀▀▀▀▀▀▀[48;2;98;156;189m▀[38;2;98;156;189;48;2;131;213;246m▀[38;2;131;213;246;48;2;98;156;189m▀[38;2;98;156;189m▀▀▀▀▀▀▀▀▀▀▀▀▀[38;2;16;16;16;48;2;16;16;16m▀[38;2;24;90;106;48;2;24;65;57m▀▀[38;2;24;65;57;48;2;98;156;189m▀[38;2;24;90;106m▀[38;2;98;156;189m▀▀▀▀▀▀▀▀▀[38;2;24;65;57;48;2;24;65;57m▀[38;2;24;90;106;48;2;16;16;16m▀[38;2;16;16;16;49m▀[0m
[0m           [38;2;16;16;16m▀[38;2;98;156;189;48;2;16;16;16m▀[48;2;98;156;189m▀▀[38;2;131;213;246m▀▀▀[48;2;131;213;246m▀▀▀▀▀▀[48;2;98;156;189m▀[38;2;98;156;189;48;2;131;213;246m▀[38;2;131;213;246;48;2;98;156;189m▀[38;2;98;156;189;48;2;131;213;246m▀[38;2;131;213;246;48;2;98;156;189m▀[38;2;98;156;189m▀▀▀▀▀▀▀▀▀▀▀▀▀[38;2;16;16;16;48;2;16;16;16m▀[38;2;98;156;189;48;2;98;156;189m▀▀▀▀▀▀▀▀▀▀▀▀▀[48;2;65;82;131m▀[38;2;16;16;16;49m▀[0m
[0m            [38;2;16;16;16m▀[38;2;98;156;189;48;2;16;16;16m▀[48;2;98;156;189m▀▀▀▀▀▀▀▀▀▀▀▀▀▀▀▀▀▀▀▀▀▀▀▀▀▀▀[38;2;65;82;131;48;2;16;16;16m▀[38;2;98;156;189;48;2;98;156;189m▀▀▀▀▀▀▀▀▀▀▀▀▀[48;2;16;16;16m▀[38;2;16;16;16;49m▀[0m
[0m          [38;2;65;82;131m▄[48;2;98;156;189m▀[48;2;131;213;246m▀▀[38;2;16;16;16;48;2;98;156;189m▀▀[38;2;98;156;189m▀▀[48;2;65;82;131m▀▀[48;2;98;156;189m▀▀▀▀[48;2;65;82;131m▀[48;2;16;16;16m▀▀▀▀[48;2;65;82;131m▀▀[48;2;98;156;189m▀▀▀▀▀▀▀[48;2;65;82;131m▀[38;2;65;82;131;48;2;16;16;16m▀[38;2;16;16;16m▀[38;2;98;156;189;48;2;98;156;189m▀▀▀▀▀▀▀▀▀▀▀▀[48;2;65;82;131m▀[38;2;65;82;131;48;2;16;16;16m▀[38;2;16;16;16;49m▀[0m
[0m          [38;2;65;82;131;48;2;65;82;131m▀[38;2;131;213;246;48;2;98;156;189m▀[48;2;65;82;131m▀[38;2;65;82;131;48;2;131;213;246m▀[38;2;131;213;246m▀[48;2;65;82;131m▀▀[38;2;98;156;189;48;2;131;213;246m▀▀[48;2;98;156;189m▀[38;2;65;82;131m▀[38;2;16;16;16m▀[48;2;65;82;131m▀[49m▀[0m       [38;2;16;16;16m▀[48;2;16;16;16m▀[48;2;98;156;189m▀▀▀[38;2;65;82;131m▀[38;2;98;156;189m▀▀▀▀[38;2;16;16;16m▀[48;2;16;16;16m▀[49m▀[38;2;65;82;131m▀[38;2;98;156;189;48;2;16;16;16m▀▀▀▀▀[38;2;65;82;131;49m▀[38;2;16;16;16m▀▀[0m
[0m           [38;2;16;16;16m▀▀[38;2;98;156;189;48;2;16;16;16m▀[38;2;65;82;131m▀[38;2;131;213;246;48;2;98;156;189m▀▀▀[38;2;98;156;189m▀[48;2;16;16;16m▀▀[38;2;65;82;131;49m▀[0m          [38;2;16;16;16m▀[38;2;98;156;189;48;2;65;82;131m▀[48;2;98;156;189m▀▀[38;2;65;82;131m▀[38;2;98;156;189;48;2;65;82;131m▀[48;2;98;156;189m▀[38;2;65;82;131m▀[38;2;98;156;189;48;2;65;82;131m▀[48;2;98;156;189m▀▀[38;2;16;16;16;48;2;16;16;16m▀[0m
[0m               [38;2;16;16;16m▀▀▀▀[0m              [38;2;16;16;16m▀[38;2;98;156;189;48;2;16;16;16m▀▀▀[38;2;65;82;131;49m▀[38;2;98;156;189;48;2;16;16;16m▀▀[38;2;65;82;131m▀[38;2;16;16;16;49m▀▀[0m
