[0m           [38;2;41;41;65m▄[0m       [38;2;41;41;65m▄▄▄[48;2;65;98;156m▀▀[48;2;16;16;16m▀[0m
[0m         [38;2;41;41;65m▄[48;2;49;65;98m▀[38;2;65;98;156;48;2;65;98;156m▀[38;2;41;41;65m▀[49m▄[0m [38;2;41;41;65m▄▄[48;2;65;98;156m▀▀[38;2;65;98;156m▀▀▀▀[48;2;16;16;16m▀[38;2;16;16;16;49m▀[0m
[0m        [38;2;41;41;65m▄[48;2;49;65;98m▀[38;2;65;98;156m▀[48;2;65;98;156m▀[48;2;41;41;65m▀[38;2;41;41;65;48;2;49;65;98m▀▀[38;2;65;98;156;48;2;65;98;156m▀▀▀▀▀▀[48;2;49;65;98m▀[38;2;49;65;98m▀[38;2;16;16;16;48;2;16;16;16m▀[0m
[0m       [38;2;41;41;65m▄[48;2;49;65;98m▀[38;2;49;65;98m▀▀▀▀▀▀▀[38;2;65;98;156m▀▀▀[38;2;49;65;98m▀▀▀[38;2;16;16;16;48;2;16;16;16m▀[0m
[0m  [38;2;16;16;16m▄▄▄▄▄[38;2;41;41;65;48;2;41;41;65m▀[38;2;49;65;98;48;2;49;65;98m▀▀▀▀▀▀▀▀▀▀▀▀▀[38;2;41;41;65m▀[38;2;16;16;16;48;2;65;98;156m▀▀▀▀▀[38;2;41;41;65;49m▄▄▄[0m
[0m [38;2;16;16;16;48;2;16;16;16m▀[38;2;49;65;98;48;2;65;98;156m▀[38;2;65;98;156;48;2;41;41;65m▀▀▀[48;2;49;65;98m▀[38;2;16;16;16;48;2;65;98;156m▀▀▀[38;2;49;65;98;48;2;16;16;16m▀▀[48;2;49;65;98m▀▀▀▀▀▀▀▀▀▀▀▀[38;2;65;98;156m▀▀▀▀[48;2;16;16;16m▀[38;2;16;16;16;49m▀[0m
[0m  [38;2;16;16;16;48;2;16;16;16m▀[38;2;41;41;65;48;2;41;41;65m▀▀▀[48;2;49;65;98m▀[48;2;41;41;65m▀▀[38;2;49;65;98m▀[38;2;65;98;156m▀[48;2;49;65;98m▀[38;2;16;16;16;48;2;65;98;156m▀▀[38;2;49;65;98;48;2;41;41;65m▀▀[48;2;49;65;98m▀▀▀▀▀▀▀▀▀▀[48;2;16;16;16m▀[38;2;16;16;16;49m▀[0m
[0m   [38;2;16;16;16m▀[38;2;41;41;65;48;2;16;16;16m▀[38;2;49;65;98;48;2;41;41;65m▀[38;2;41;41;65;48;2;49;65;98m▀[38;2;49;65;98;48;2;41;41;65m▀[38;2;41;41;65m▀▀▀▀▀[38;2;49;65;98m▀▀[48;2;49;65;98m▀[38;2;41;41;65m▀[38;2;49;65;98m▀▀▀▀▀[48;2;16;16;16m▀▀[38;2;16;16;16;49m▀▀[0m
[0m     [38;2;16;16;16m▀[38;2;41;41;65;48;2;16;16;16m▀[38;2;90;74;32;48;2;213;189;82m▀[38;2;240;210;132;48;2;240;210;132m▀[38;2;41;41;65;48;2;90;74;32m▀[48;2;41;41;65m▀▀▀▀▀▀▀[38;2;49;65;98m▀▀[38;2;41;41;65;48;2;49;65;98m▀[38;2;16;16;16;48;2;16;16;16m▀[49m▀[0m
[0m [38;2;16;16;16m▄[48;2;240;210;132m▀▀[38;2;90;74;32;49m▄▄[48;2;240;210;132m▀[38;2;240;210;132m▀▀[38;2;90;74;32;48;2;90;74;32m▀[38;2;41;41;65;48;2;41;41;65m▀[38;2;240;210;132;48;2;213;65;82m▀[38;2;213;65;82;48;2;255;255;255m▀[38;2;115;41;57;48;2;213;65;82m▀[38;2;41;41;65;48;2;255;255;255m▀[48;2;41;41;65m▀▀▀▀▀▀[38;2;16;16;16m▀[49m▄[0m         [38;2;49;65;98m▄▄[48;2;65;98;156m▀[48;2;49;65;98m▀[49m▄[0m
[38;2;16;16;16;48;2;16;16;16m▀[38;2;240;210;132;48;2;180;156;32m▀▀[48;2;240;210;132m▀▀▀▀[48;2;213;189;82m▀[38;2;180;156;32;48;2;180;156;32m▀▀[38;2;90;74;32m▀[38;2;213;65;82;48;2;90;74;32m▀[38;2;255;255;255;48;2;213;65;82m▀[38;2;213;65;82;48;2;240;210;132m▀[38;2;255;255;255;48;2;41;41;65m▀[38;2;41;41;65m▀[48;2;49;65;98m▀[38;2;49;65;98;48;2;41;41;65m▀[38;2;41;41;65;48;2;49;65;98m▀[48;2;41;41;65m▀▀▀▀[38;2;16;16;16;49m▄[0m  [38;2;49;65;98m▄[38;2;41;41;65;48;2;65;98;156m▀[38;2;49;65;98;49m▄[0m [38;2;41;41;65m▄[38;2;49;65;98;48;2;49;65;98m▀[38;2;65;98;156;48;2;65;98;156m▀▀▀[48;2;49;65;98m▀[38;2;49;65;98;49m▀[0m
[38;2;16;16;16;49m▀[38;2;180;156;32;48;2;16;16;16m▀[48;2;180;156;32m▀[48;2;90;74;32m▀[38;2;90;74;32;48;2;16;16;16m▀[38;2;16;16;16;48;2;180;156;32m▀▀[38;2;180;156;32;48;2;90;74;32m▀▀[38;2;90;74;32;48;2;180;156;32m▀▀[38;2;180;156;32;48;2;90;74;32m▀[48;2;180;156;32m▀[48;2;41;41;65m▀[38;2;90;74;32;48;2;49;65;98m▀[38;2;49;65;98m▀[38;2;41;41;65m▀[38;2;49;65;98;48;2;16;16;16m▀[38;2;41;41;65m▀▀▀▀▀[38;2;16;16;16;49m▀[0m  [38;2;41;41;65;48;2;41;41;65m▀[38;2;65;98;156;48;2;65;98;156m▀▀[38;2;41;41;65m▀[38;2;65;98;156m▀▀▀▀▀[38;2;41;41;65m▀[48;2;49;65;98m▀[38;2;49;65;98;49m▄[38;2;41;41;65m▄[0m
[0m  [38;2;16;16;16m▀▀[0m [38;2;16;16;16m▀[38;2;180;156;32;48;2;16;16;16m▀▀▀▀▀▀[38;2;16;16;16;49m▀▀[48;2;16;16;16m▀[38;2;49;65;98;48;2;49;65;98m▀▀[38;2;41;41;65;48;2;41;41;65m▀[49m▄▄▄[0m    [38;2;41;41;65;48;2;41;41;65m▀[38;2;65;98;156;48;2;65;98;156m▀▀▀▀▀▀▀▀[48;2;49;65;98m▀[38;2;49;65;98m▀▀[48;2;41;41;65m▀[38;2;41;41;65;49m▀[0m
[0m            [38;2;41;41;65;48;2;41;41;65m▀[38;2;16;16;16;48;2;49;65;98m▀[38;2;41;41;65m▀[38;2;49;65;98m▀▀▀[48;2;41;41;65m▀[48;2;16;16;16m▀[38;2;16;16;16;49m▀[0m    [38;2;41;41;65;48;2;41;41;65m▀[38;2;49;65;98;48;2;49;65;98m▀[38;2;65;98;156m▀▀▀▀[38;2;49;65;98;48;2;65;98;156m▀[38;2;65;98;156;48;2;49;65;98m▀[38;2;49;65;98;48;2;65;98;156m▀[38;2;65;98;156;48;2;49;65;98m▀[38;2;49;65;98;48;2;65;98;156m▀[48;2;49;65;98m▀[38;2;16;16;16;49m▄[38;2;41;41;65m▄[0m
[0m            [38;2;16;16;16m▄[38;2;41;41;65;48;2;65;98;156m▀[38;2;49;65;98;48;2;49;65;98m▀[48;2;41;41;65m▀[48;2;49;65;98m▀▀▀▀[38;2;16;16;16m▀[48;2;41;41;65m▀[49m▄▄▄[38;2;115;41;57;48;2;213;65;82m▀▀[38;2;49;65;98;48;2;115;41;57m▀[48;2;49;65;98m▀▀▀▀[38;2;65;98;156m▀[38;2;49;65;98m▀▀▀▀[48;2;41;41;65m▀[49m▀[38;2;41;41;65m▀[0m
[0m           [38;2;16;16;16;48;2;16;16;16m▀[38;2;65;98;156;48;2;65;98;156m▀▀▀[38;2;16;16;16;48;2;16;16;16m▀[38;2;49;65;98;48;2;65;98;156m▀[38;2;65;98;156;48;2;49;65;98m▀[38;2;49;65;98;48;2;65;98;156m▀[48;2;49;65;98m▀▀▀▀▀▀[38;2;16;16;16;48;2;16;16;16m▀[38;2;213;65;82m▀[38;2;16;16;16m▀[38;2;49;65;98;48;2;41;41;65m▀[48;2;49;65;98m▀▀▀▀▀[48;2;41;41;65m▀▀▀▀[38;2;41;41;65;49m▀[0m
[0m           [38;2;16;16;16;48;2;16;16;16m▀[38;2;65;98;156;48;2;65;98;156m▀▀[48;2;49;65;98m▀[38;2;49;65;98m▀[38;2;16;16;16m▀[38;2;65;98;156;48;2;16;16;16m▀[38;2;49;65;98m▀▀[48;2;49;65;98m▀▀▀▀[48;2;16;16;16m▀[38;2;16;16;16;49m▀[0m   [38;2;16;16;16m▀▀▀▀▀▀[0m
[0m       [38;2;90;74;32m▄▄▄[0m  [38;2;16;16;16m▀[38;2;49;65;98;48;2;16;16;16m▀▀[48;2;49;65;98m▀▀▀▀▀[48;2;16;16;16m▀▀[38;2;16;16;16;49m▀▀[0m
[0m     [38;2;16;16;16m▄[48;2;255;255;255m▀[48;2;213;189;82m▀[38;2;255;255;255;48;2;90;74;32m▀[38;2;240;210;132m▀[38;2;16;16;16;48;2;240;210;132m▀[49m▄[38;2;90;74;32m▄[48;2;180;156;32m▀[38;2;16;16;16;48;2;90;74;32m▀[49m▀▀[48;2;16;16;16m▀[48;2;180;156;32m▀[48;2;90;74;32m▀[0m
[0m     [38;2;90;74;32m▀[38;2;16;16;16m▀▀[38;2;90;74;32m▀[38;2;180;156;32;48;2;90;74;32m▀▀[38;2;240;210;132;48;2;180;156;32m▀[48;2;90;74;32m▀[38;2;180;156;32;48;2;16;16;16m▀[38;2;16;16;16;49m▀[38;2;90;74;32m▄▄[48;2;90;74;32m▀[38;2;180;156;32m▀[38;2;90;74;32;48;2;180;156;32m▀[49m▄[0m
[0m          [38;2;16;16;16m▀[38;2;255;255;255;48;2;16;16;16m▀[38;2;16;16;16;49m▀[0m [38;2;90;74;32m▀[38;2;255;255;255;48;2;90;74;32m▀[38;2;180;156;32;48;2;16;16;16m▀[48;2;90;74;32m▀[38;2;90;74;32;48;2;180;156;32m▀[38;2;180;156;32m▀[38;2;90;74;32m▀[38;2;16;16;16;48;2;255;255;255m▀[49m▄[0m
[0m               [38;2;16;16;16;48;2;90;74;32m▀[38;2;255;255;255;48;2;16;16;16m▀[38;2;213;189;82m▀[38;2;180;156;32m▀[38;2;16;16;16;49m▀▀▀[38;2;90;74;32m▀[0m
