[0m                       [38;2;16;16;16;48;2;16;16;16m▀[38;2;98;98;106;48;2;213;213;213m▀[49m▄[0m  [38;2;98;98;106m▄[48;2;172;164;164m▀▀[38;2;16;16;16;48;2;16;16;16m▀[0m
[0m                  [38;2;98;98;106;48;2;98;98;106m▀[48;2;213;213;213m▀▀[49m▄[38;2;16;16;16m▄[38;2;98;98;106;48;2;213;213;213m▀[38;2;213;213;213m▀[38;2;98;98;106m▀[48;2;98;98;106m▀[48;2;172;164;164m▀[38;2;172;164;164m▀▀▀[38;2;16;16;16m▀[49m▄▄▄▄[0m
[0m      [38;2;98;98;106m▄▄[0m          [38;2;98;98;106m▀[38;2;172;164;164;48;2;98;98;106m▀[48;2;172;164;164m▀▀[38;2;98;98;106;48;2;213;213;213m▀[38;2;213;213;213m▀▀▀▀▀▀▀[38;2;98;98;106m▀▀[38;2;213;213;213m▀▀[48;2;98;98;106m▀[38;2;16;16;16;49m▀[0m
[0m     [38;2;98;98;106;48;2;98;98;106m▀[38;2;172;164;164;48;2;213;213;213m▀[38;2;98;98;106;48;2;98;98;106m▀[0m         [38;2;98;98;106m▄▄[38;2;16;16;16;48;2;213;213;213m▀[38;2;98;98;106m▀[38;2;213;213;213;48;2;180;41;24m▀[38;2;180;41;24;48;2;255;255;255m▀▀[48;2;238;115;106m▀[38;2;213;213;213;48;2;180;41;24m▀[38;2;172;164;164;48;2;213;213;213m▀[38;2;213;213;213;48;2;98;98;106m▀[48;2;172;164;164m▀▀[48;2;213;213;213m▀▀[48;2;16;16;16m▀[38;2;16;16;16;48;2;98;98;106m▀[0m
[0m    [38;2;98;98;106;48;2;98;98;106m▀[38;2;172;164;164;48;2;213;213;213m▀[38;2;213;213;213m▀[38;2;98;98;106;48;2;98;98;106m▀[0m      [38;2;98;98;106m▄[48;2;172;164;164m▀[48;2;213;213;213m▀[38;2;213;213;213m▀▀▀▀[38;2;180;41;24m▀[38;2;238;115;106;48;2;180;41;24m▀▀▀[38;2;180;41;24;48;2;213;213;213m▀[38;2;213;213;213;48;2;98;98;106m▀[38;2;98;98;106;48;2;172;164;164m▀[38;2;172;164;164m▀▀▀[38;2;98;98;106m▀[38;2;172;164;164m▀▀[38;2;98;98;106m▀▀[49m▄[0m
[0m    [38;2;98;98;106;48;2;98;98;106m▀[38;2;213;213;213;48;2;213;213;213m▀[48;2;172;164;164m▀▀[38;2;98;98;106m▀[49m▄▄[0m  [38;2;98;98;106;48;2;98;98;106m▀[38;2;172;164;164m▀[38;2;213;213;213m▀▀▀▀▀[38;2;172;164;164m▀[48;2;172;164;164m▀[38;2;213;213;213m▀▀▀[38;2;172;164;164m▀▀▀▀[38;2;98;98;106m▀[38;2;172;164;164;48;2;16;16;16m▀[48;2;98;98;106m▀[48;2;172;164;164m▀[48;2;98;98;106m▀[48;2;16;16;16m▀[38;2;98;98;106;49m▀[38;2;16;16;16m▀[0m
[0m    [38;2;98;98;106;48;2;98;98;106m▀[38;2;172;164;164;48;2;172;164;164m▀▀▀▀▀[48;2;98;98;106m▀[38;2;98;98;106;48;2;213;213;213m▀▀▀[38;2;213;213;213m▀▀▀▀▀▀▀[38;2;98;98;106m▀▀▀[38;2;172;164;164;48;2;98;98;106m▀[48;2;16;16;16m▀[48;2;172;164;164m▀▀▀▀▀[38;2;16;16;16m▀[48;2;16;16;16m▀[0m       [38;2;98;98;106m▄▄[0m
[0m     [38;2;98;98;106;48;2;16;16;16m▀[38;2;172;164;164;48;2;172;164;164m▀▀▀[38;2;98;98;106;48;2;98;98;106m▀[38;2;213;213;213;48;2;213;213;213m▀▀▀▀▀▀▀▀▀▀▀▀▀▀▀▀[38;2;16;16;16m▀[38;2;172;164;164;48;2;16;16;16m▀[48;2;172;164;164m▀▀▀▀[38;2;16;16;16m▀[49m▄[0m   [38;2;98;98;106m▄▄[48;2;213;213;213m▀[38;2;213;213;213m▀[38;2;98;98;106;48;2;16;16;16m▀[0m
[0m      [38;2;16;16;16m▀[38;2;172;164;164;48;2;98;98;106m▀[38;2;16;16;16;48;2;16;16;16m▀[38;2;172;164;164;48;2;172;164;164m▀▀[38;2;213;213;213m▀▀▀▀▀▀▀[48;2;213;213;213m▀▀▀▀▀▀▀[48;2;172;164;164m▀[48;2;213;213;213m▀[38;2;172;164;164;48;2;172;164;164m▀[38;2;16;16;16m▀[38;2;172;164;164;48;2;16;16;16m▀▀▀▀[38;2;16;16;16;48;2;98;98;106m▀[38;2;98;98;106;49m▄[48;2;172;164;164m▀[48;2;213;213;213m▀[38;2;172;164;164m▀[38;2;213;213;213m▀▀[48;2;172;164;164m▀[38;2;16;16;16;48;2;16;16;16m▀[0m
[0m        [38;2;16;16;16m▀[38;2;172;164;164;48;2;16;16;16m▀[48;2;172;164;164m▀[48;2;205;82;82m▀[38;2;98;98;106m▀[38;2;16;16;16;48;2;213;213;213m▀[48;2;98;98;106m▀[48;2;238;115;106m▀[38;2;98;98;106m▀[38;2;172;164;164;48;2;180;41;24m▀[48;2;16;16;16m▀▀[48;2;172;164;164m▀[38;2;213;213;213m▀▀▀[38;2;172;164;164;48;2;213;213;213m▀[38;2;213;213;213;48;2;172;164;164m▀[38;2;172;164;164;48;2;213;213;213m▀[48;2;172;164;164m▀[48;2;98;98;106m▀[38;2;16;16;16;48;2;172;164;164m▀[38;2;172;164;164m▀[48;2;213;213;213m▀[38;2;213;213;213m▀▀▀▀▀▀[48;2;172;164;164m▀▀[38;2;16;16;16;48;2;16;16;16m▀[0m
[0m         [38;2;16;16;16m▀[38;2;172;164;164;48;2;205;82;82m▀[38;2;238;115;106;48;2;213;213;213m▀[38;2;255;255;255;48;2;255;255;255m▀[38;2;255;156;148m▀[38;2;238;115;106;48;2;238;115;106m▀[48;2;255;156;148m▀▀▀▀[48;2;238;115;106m▀[38;2;98;98;106m▀[38;2;16;16;16;48;2;213;213;213m▀[38;2;172;164;164;48;2;16;16;16m▀[48;2;172;164;164m▀▀[38;2;213;213;213m▀[38;2;172;164;164m▀▀▀▀▀▀[38;2;213;213;213m▀▀▀▀[38;2;172;164;164m▀▀[48;2;16;16;16m▀[38;2;16;16;16;49m▀[0m
[0m         [38;2;205;82;82;48;2;205;82;82m▀[38;2;255;156;148;48;2;255;156;148m▀[38;2;255;255;255;48;2;255;255;255m▀[48;2;16;16;16m▀[48;2;255;255;255m▀[38;2;255;156;148;48;2;255;156;148m▀▀▀▀[38;2;238;115;106;48;2;213;213;213m▀[38;2;255;255;255;48;2;255;255;255m▀▀[38;2;205;82;82m▀[38;2;238;115;106;48;2;205;82;82m▀[38;2;98;98;106;48;2;238;115;106m▀[38;2;172;164;164;48;2;98;98;106m▀[48;2;172;164;164m▀▀▀[48;2;98;98;106m▀[48;2;172;164;164m▀▀▀▀▀[48;2;16;16;16m▀▀[38;2;16;16;16;49m▀▀[0m
[0m        [38;2;172;98;16m▄[48;2;255;255;139m▀[38;2;222;180;49m▀▀▀[38;2;172;98;16m▀[48;2;222;180;49m▀[38;2;255;156;148;48;2;172;98;16m▀▀[38;2;238;115;106;48;2;238;115;106m▀[38;2;255;255;255;48;2;255;255;255m▀[48;2;16;16;16m▀[48;2;255;255;255m▀▀[38;2;205;82;82;48;2;205;82;82m▀[38;2;238;115;106;48;2;238;115;106m▀▀[38;2;16;16;16;48;2;205;82;82m▀[38;2;172;164;164;48;2;16;16;16m▀[48;2;172;164;164m▀▀[38;2;98;98;106m▀▀[38;2;16;16;16;48;2;16;16;16m▀[48;2;98;98;106m▀[48;2;16;16;16m▀[0m
[0m     [38;2;98;98;106m▄▄[38;2;172;98;16;48;2;172;98;16m▀[38;2;255;255;139;48;2;222;180;49m▀[48;2;255;255;139m▀▀▀[38;2;222;180;49m▀[38;2;255;255;139m▀[48;2;222;180;49m▀[48;2;255;255;139m▀▀[38;2;222;180;49m▀▀[38;2;255;255;255;48;2;222;180;49m▀[48;2;255;255;255m▀[48;2;213;213;213m▀[38;2;205;82;82;48;2;205;82;82m▀[38;2;238;115;106;48;2;238;115;106m▀[48;2;205;82;82m▀[38;2;205;82;82m▀[38;2;16;16;16m▀[38;2;98;98;106;48;2;16;16;16m▀[38;2;172;164;164m▀[48;2;98;98;106m▀[38;2;16;16;16;48;2;172;164;164m▀[38;2;172;164;164m▀[38;2;98;98;106;48;2;98;98;106m▀[38;2;16;16;16;49m▀[0m
[0m  [38;2;98;98;106m▄[48;2;255;90;74m▀▀[38;2;230;65;32;48;2;230;65;32m▀▀[38;2;16;16;16;48;2;16;16;16m▀[38;2;255;255;255;48;2;98;98;106m▀[38;2;172;98;16;48;2;222;180;49m▀[38;2;255;255;139;48;2;172;98;16m▀▀[48;2;255;255;139m▀▀▀▀▀▀▀▀[38;2;222;180;49m▀[38;2;205;82;82;48;2;172;98;16m▀[38;2;238;115;106;48;2;238;115;106m▀[48;2;205;82;82m▀[38;2;205;82;82m▀▀▀[38;2;16;16;16;48;2;16;16;16m▀[38;2;172;164;164;48;2;172;164;164m▀▀▀[48;2;16;16;16m▀[38;2;16;16;16;49m▀[0m
[0m  [38;2;98;98;106;48;2;16;16;16m▀[38;2;255;90;74;48;2;255;255;255m▀▀[38;2;213;213;213m▀[48;2;213;213;213m▀▀[38;2;16;16;16m▀[38;2;222;180;49;48;2;16;16;16m▀[48;2;222;180;49m▀▀[38;2;172;98;16m▀▀[38;2;222;180;49m▀[38;2;255;255;139;48;2;172;98;16m▀▀▀▀▀[38;2;222;180;49;48;2;222;180;49m▀▀[38;2;172;98;16;48;2;172;98;16m▀[38;2;205;82;82;48;2;205;82;82m▀▀▀[48;2;16;16;16m▀[38;2;16;16;16;48;2;98;98;106m▀[38;2;172;164;164m▀[38;2;98;98;106;49m▀[38;2;16;16;16m▀[0m
[0m  [38;2;16;16;16m▀[38;2;255;255;255;48;2;16;16;16m▀[48;2;255;255;255m▀▀[48;2;255;90;74m▀[38;2;213;213;213m▀[38;2;230;65;32m▀[48;2;230;65;32m▀[38;2;16;16;16m▀▀[38;2;222;180;49;48;2;16;16;16m▀▀[48;2;222;180;49m▀▀▀[38;2;255;255;255m▀[38;2;98;98;106m▀[38;2;222;180;49m▀▀[48;2;16;16;16m▀[38;2;180;41;24;48;2;180;41;24m▀[38;2;205;82;82m▀[48;2;16;16;16m▀[38;2;16;16;16;48;2;180;41;24m▀[38;2;180;41;24;48;2;213;213;213m▀[48;2;230;65;32m▀▀▀[49m▄[0m
[0m    [38;2;180;41;24;48;2;16;16;16m▀[38;2;255;90;74;48;2;255;90;74m▀▀▀▀▀[38;2;230;65;32;48;2;230;65;32m▀▀[48;2;213;213;213m▀[38;2;213;213;213m▀[38;2;172;164;164m▀[38;2;98;98;106m▀[38;2;16;16;16m▀▀[48;2;230;65;32m▀▀[38;2;172;98;16m▀[38;2;16;16;16m▀▀▀[38;2;213;213;213;48;2;213;213;213m▀▀▀▀[38;2;230;65;32m▀▀[48;2;230;65;32m▀[38;2;180;41;24m▀[49m▄[0m
[0m    [38;2;16;16;16m▀[38;2;255;90;74;48;2;16;16;16m▀▀[48;2;255;90;74m▀▀[38;2;230;65;32;48;2;255;255;255m▀[38;2;213;213;213m▀[38;2;255;255;255m▀▀▀[38;2;213;213;213m▀▀▀[48;2;213;213;213m▀[38;2;230;65;32;48;2;230;65;32m▀▀▀▀▀▀▀[38;2;213;213;213;48;2;213;213;213m▀▀▀▀▀▀[38;2;230;65;32m▀[38;2;180;41;24;48;2;16;16;16m▀[0m
[0m    [38;2;16;16;16;48;2;16;16;16m▀[38;2;238;115;106;48;2;238;115;106m▀[48;2;180;41;24m▀[38;2;16;16;16;48;2;238;115;106m▀[48;2;205;82;82m▀[38;2;255;255;255;48;2;16;16;16m▀▀▀▀▀[48;2;255;255;255m▀▀▀▀[38;2;213;213;213;48;2;213;213;213m▀[38;2;230;65;32;48;2;230;65;32m▀[48;2;255;90;74m▀[38;2;255;90;74m▀▀[38;2;230;65;32m▀[48;2;230;65;32m▀▀[38;2;213;213;213;48;2;16;16;16m▀▀▀▀[38;2;16;16;16;49m▀▀[0m
[0m   [38;2;16;16;16;48;2;16;16;16m▀[38;2;238;115;106;48;2;238;115;106m▀[38;2;180;41;24;48;2;180;41;24m▀[38;2;255;156;148;48;2;255;156;148m▀▀▀[38;2;205;82;82m▀[48;2;238;115;106m▀[48;2;205;82;82m▀▀▀[38;2;16;16;16m▀▀[38;2;255;255;255;48;2;16;16;16m▀▀[48;2;255;255;255m▀[38;2;255;90;74;48;2;255;90;74m▀▀▀[48;2;16;16;16m▀▀[38;2;16;16;16;48;2;180;41;24m▀[48;2;205;82;82m▀[38;2;205;82;82m▀▀▀[38;2;180;41;24m▀[49m▄[0m
[0m   [38;2;16;16;16m▀[38;2;180;41;24;48;2;180;41;24m▀[38;2;255;156;148;48;2;255;156;148m▀▀▀▀▀▀▀▀[38;2;238;115;106m▀[38;2;205;82;82m▀▀▀[48;2;238;115;106m▀[38;2;16;16;16m▀[48;2;205;82;82m▀▀▀[38;2;205;82;82m▀▀[38;2;180;41;24m▀[38;2;205;82;82;48;2;180;41;24m▀[48;2;205;82;82m▀[48;2;238;115;106m▀[38;2;238;115;106m▀▀[38;2;180;41;24m▀[38;2;16;16;16;49m▄[0m
[0m   [38;2;180;41;24;48;2;180;41;24m▀[38;2;238;115;106;48;2;255;156;148m▀[38;2;255;156;148m▀▀▀▀▀▀▀▀▀▀▀▀▀▀[48;2;238;115;106m▀[38;2;238;115;106m▀▀▀▀▀[38;2;180;41;24m▀[38;2;205;82;82;48;2;205;82;82m▀[38;2;238;115;106m▀[48;2;238;115;106m▀▀[48;2;205;82;82m▀[38;2;16;16;16;48;2;16;16;16m▀[0m         [38;2;180;41;24m▄▄[0m
[0m   [38;2;180;41;24;48;2;180;41;24m▀[38;2;255;156;148;48;2;238;115;106m▀[48;2;255;156;148m▀▀▀▀▀▀▀▀▀▀▀▀[48;2;238;115;106m▀▀[38;2;238;115;106m▀▀▀▀▀▀▀[38;2;180;41;24m▀[38;2;205;82;82;48;2;16;16;16m▀[48;2;180;41;24m▀▀[38;2;16;16;16;48;2;205;82;82m▀[38;2;180;41;24;49m▄▄[0m     [38;2;180;41;24m▄▄[48;2;238;115;106m▀[38;2;238;115;106m▀[38;2;205;82;82;48;2;205;82;82m▀[38;2;180;41;24;48;2;180;41;24m▀[0m
[0m [38;2;180;41;24m▄[48;2;255;156;148m▀[38;2;238;115;106m▀[38;2;205;82;82;48;2;180;41;24m▀[38;2;238;115;106;48;2;205;82;82m▀[38;2;255;156;148m▀[48;2;238;115;106m▀[48;2;255;156;148m▀▀▀▀▀▀▀▀[48;2;238;115;106m▀[38;2;238;115;106m▀▀▀▀▀▀[48;2;255;156;148m▀▀▀[48;2;238;115;106m▀▀[38;2;16;16;16;48;2;16;16;16m▀[38;2;205;82;82;48;2;205;82;82m▀▀▀▀[38;2;180;41;24m▀[48;2;238;115;106m▀▀▀▀[38;2;238;115;106m▀▀[48;2;205;82;82m▀[38;2;205;82;82m▀[48;2;180;41;24m▀[38;2;180;41;24;49m▀[0m
[38;2;180;41;24;49m▄[48;2;255;156;148m▀[38;2;255;156;148m▀▀[38;2;16;16;16;48;2;16;16;16m▀[38;2;255;255;139;48;2;255;255;139m▀▀[38;2;205;82;82m▀▀[38;2;255;156;148;48;2;205;82;82m▀▀▀[48;2;238;115;106m▀▀[38;2;238;115;106m▀▀▀▀[48;2;180;41;24m▀[38;2;180;41;24;48;2;238;115;106m▀[38;2;238;115;106;48;2;255;156;148m▀[38;2;255;156;148m▀▀▀▀▀▀[38;2;238;115;106;48;2;238;115;106m▀▀[38;2;16;16;16;48;2;16;16;16m▀[38;2;205;82;82;48;2;205;82;82m▀▀▀▀[38;2;238;115;106m▀[48;2;238;115;106m▀▀[48;2;205;82;82m▀▀[38;2;205;82;82m▀▀[48;2;180;41;24m▀[38;2;180;41;24;49m▀[0m
[38;2;180;41;24;48;2;180;41;24m▀[38;2;255;156;148;48;2;238;115;106m▀[48;2;255;156;148m▀▀[48;2;238;115;106m▀[38;2;16;16;16;48;2;16;16;16m▀[38;2;255;255;139;48;2;172;98;16m▀[48;2;255;255;139m▀▀▀▀[38;2;222;180;49m▀[38;2;205;82;82m▀▀[48;2;222;180;49m▀▀▀[38;2;180;41;24;48;2;180;41;24m▀[48;2;238;115;106m▀[38;2;255;156;148;48;2;255;156;148m▀▀▀▀▀▀▀▀▀[38;2;238;115;106;48;2;238;115;106m▀▀[38;2;16;16;16;48;2;16;16;16m▀[38;2;205;82;82;48;2;205;82;82m▀▀▀▀▀▀▀▀▀[48;2;180;41;24m▀[38;2;180;41;24;49m▀[0m
[0m [38;2;180;41;24;48;2;16;16;16m▀[38;2;238;115;106;48;2;238;115;106m▀▀▀▀[38;2;16;16;16m▀[38;2;172;98;16;48;2;16;16;16m▀[48;2;172;98;16m▀[38;2;222;180;49m▀[38;2;255;255;139m▀[48;2;222;180;49m▀[38;2;222;180;49m▀▀▀▀▀[38;2;16;16;16;48;2;16;16;16m▀[38;2;238;115;106;48;2;238;115;106m▀[38;2;255;156;148m▀[48;2;255;156;148m▀▀▀▀▀▀▀[38;2;238;115;106;48;2;238;115;106m▀▀▀[38;2;16;16;16;48;2;16;16;16m▀[38;2;205;82;82;48;2;205;82;82m▀▀▀▀▀▀▀[48;2;16;16;16m▀[38;2;16;16;16;49m▀[0m
[0m  [38;2;16;16;16;48;2;16;16;16m▀[38;2;238;115;106;48;2;238;115;106m▀▀▀▀▀[38;2;16;16;16m▀[38;2;222;180;49;48;2;16;16;16m▀▀[38;2;172;98;16;48;2;222;180;49m▀▀▀▀[38;2;222;180;49;48;2;172;98;16m▀▀[38;2;16;16;16m▀[38;2;238;115;106;48;2;16;16;16m▀[48;2;238;115;106m▀▀[38;2;255;156;148m▀▀▀▀[38;2;238;115;106m▀▀▀▀[48;2;16;16;16m▀[38;2;16;16;16;48;2;205;82;82m▀[38;2;205;82;82m▀▀▀[48;2;16;16;16m▀▀[38;2;16;16;16;49m▀▀[0m
[0m   [38;2;16;16;16m▀[38;2;238;115;106;48;2;16;16;16m▀[48;2;180;41;24m▀[48;2;238;115;106m▀▀▀▀[38;2;205;82;82m▀[38;2;16;16;16;48;2;180;41;24m▀▀[38;2;222;180;49;48;2;16;16;16m▀▀[48;2;172;98;16m▀▀[48;2;222;180;49m▀[38;2;16;16;16m▀[38;2;238;115;106;48;2;16;16;16m▀[48;2;238;115;106m▀▀▀▀▀▀▀▀[48;2;16;16;16m▀[38;2;16;16;16m▀[38;2;205;82;82m▀▀[38;2;16;16;16;49m▀▀[0m
[0m    [38;2;16;16;16m▄[48;2;98;98;106m▀[48;2;238;115;106m▀[38;2;180;41;24m▀[38;2;238;115;106;48;2;205;82;82m▀▀[38;2;180;41;24m▀[38;2;205;82;82m▀▀[38;2;180;41;24;48;2;180;41;24m▀[0m   [38;2;172;98;16m▀▀▀[38;2;180;41;24m▀▀[38;2;238;115;106;48;2;180;41;24m▀[48;2;238;115;106m▀▀▀▀[38;2;16;16;16m▀[38;2;180;41;24;48;2;180;41;24m▀[0m
[0m   [38;2;16;16;16;48;2;16;16;16m▀[38;2;255;255;255m▀[48;2;255;255;255m▀▀[38;2;98;98;106m▀[38;2;205;82;82;48;2;98;98;106m▀[48;2;16;16;16m▀▀▀[38;2;16;16;16;49m▀[0m        [38;2;16;16;16;48;2;16;16;16m▀[38;2;205;82;82;48;2;238;115;106m▀[38;2;238;115;106m▀▀[48;2;98;98;106m▀▀[48;2;238;115;106m▀▀[38;2;180;41;24;48;2;180;41;24m▀[0m
[0m     [38;2;16;16;16m▀▀▀▀[0m             [38;2;180;41;24;48;2;16;16;16m▀[38;2;238;115;106;48;2;98;98;106m▀[38;2;98;98;106;48;2;255;255;255m▀[38;2;255;255;255m▀▀[38;2;98;98;106m▀[38;2;238;115;106;48;2;98;98;106m▀[38;2;16;16;16;48;2;16;16;16m▀[0m
[0m                       [38;2;16;16;16m▀[38;2;98;98;106m▀[38;2;172;164;164;48;2;16;16;16m▀▀[38;2;16;16;16;49m▀▀[0m
