[0m              [38;2;82;82;82m▄[48;2;222;222;222m▀▀[48;2;164;164;164m▀[38;2;16;16;16;48;2;115;115;115m▀▀▀▀▀[48;2;82;82;82m▀[49m▄[0m
[0m            [38;2;82;82;82m▄[48;2;115;115;115m▀[38;2;222;222;222;48;2;164;164;164m▀[38;2;164;164;164;48;2;115;115;115m▀[38;2;115;115;115;48;2;82;82;82m▀[38;2;82;82;82;48;2;16;16;16m▀▀▀▀▀▀▀[38;2;16;16;16;49m▀[0m
[0m            [38;2;82;82;82;48;2;16;16;16m▀[38;2;115;115;115;48;2;115;115;115m▀▀[38;2;82;82;82;48;2;82;82;82m▀[38;2;16;16;16;48;2;16;16;16m▀[0m
[0m          [38;2;82;82;82m▄▄[38;2;16;16;16;48;2;82;82;82m▀[38;2;115;115;115;48;2;115;115;115m▀[48;2;82;82;82m▀[38;2;82;82;82m▀[38;2;16;16;16m▀[49m▄[0m
[0m        [38;2;82;82;82m▄[48;2;222;222;222m▀[38;2;164;164;164m▀[38;2;222;222;222;48;2;164;164;164m▀[48;2;115;115;115m▀[38;2;164;164;164m▀[38;2;115;115;115m▀▀▀[38;2;82;82;82m▀[38;2;16;16;16;48;2;82;82;82m▀[49m▄[0m
[0m      [38;2;82;82;82m▄[48;2;164;164;164m▀[38;2;222;222;222;48;2;222;222;222m▀[38;2;164;164;164;48;2;115;115;115m▀[38;2;115;115;115m▀[48;2;82;82;82m▀[38;2;82;82;82;48;2;222;222;222m▀[48;2;255;255;255m▀[38;2;16;16;16m▀[48;2;222;222;222m▀[38;2;115;115;115;48;2;16;16;16m▀[48;2;82;82;82m▀[48;2;115;115;115m▀[38;2;82;82;82m▀[38;2;16;16;16;48;2;82;82;82m▀[49m▄[0m
[0m [38;2;82;82;82m▄▄[38;2;16;16;16m▄▄▄[38;2;82;82;82;48;2;82;82;82m▀[38;2;222;222;222;48;2;222;222;222m▀[38;2;164;164;164;48;2;115;115;115m▀[38;2;115;115;115;48;2;82;82;82m▀[38;2;82;82;82;48;2;222;222;222m▀[38;2;255;255;255;48;2;255;255;255m▀▀[48;2;16;16;16m▀▀[48;2;164;164;164m▀[48;2;255;255;255m▀[38;2;16;16;16;48;2;222;222;222m▀[38;2;115;115;115;48;2;16;16;16m▀[48;2;115;115;115m▀▀[38;2;16;16;16;48;2;82;82;82m▀[49m▄▄▄▄[0m
[38;2;82;82;82;48;2;82;82;82m▀[38;2;222;222;222m▀▀[38;2;164;164;164m▀[38;2;115;115;115m▀▀▀[38;2;164;164;164;48;2;164;164;164m▀[38;2;115;115;115;48;2;115;115;115m▀[38;2;82;82;82;48;2;16;16;16m▀[38;2;255;255;255;48;2;255;255;255m▀▀[38;2;16;16;16;48;2;16;16;16m▀[38;2;255;255;255m▀[38;2;16;16;16;48;2;115;115;115m▀[48;2;16;16;16m▀[38;2;255;255;255;48;2;255;255;255m▀▀[38;2;16;16;16;48;2;16;16;16m▀[38;2;115;115;115;48;2;115;115;115m▀▀[48;2;82;82;82m▀▀[38;2;164;164;164m▀▀[38;2;82;82;82m▀[38;2;16;16;16;48;2;16;16;16m▀[0m
[0m [38;2;16;16;16m▀▀▀▀▀[38;2;82;82;82;48;2;16;16;16m▀[38;2;115;115;115;48;2;115;115;115m▀▀[38;2;16;16;16m▀[38;2;222;222;222;48;2;16;16;16m▀[38;2;255;255;255;48;2;255;255;255m▀[38;2;164;164;164m▀[38;2;16;16;16m▀▀[38;2;164;164;164m▀[38;2;255;255;255m▀[38;2;222;222;222;48;2;16;16;16m▀[38;2;16;16;16;48;2;115;115;115m▀[38;2;115;115;115m▀▀[38;2;82;82;82;48;2;16;16;16m▀[38;2;16;16;16;49m▀▀▀▀[0m
[0m      [38;2;16;16;16m▀[38;2;115;115;115;48;2;16;16;16m▀[48;2;115;115;115m▀▀[38;2;82;82;82m▀[38;2;16;16;16m▀[38;2;222;222;222;48;2;16;16;16m▀[38;2;255;255;255m▀▀[38;2;222;222;222m▀[38;2;16;16;16;48;2;115;115;115m▀[38;2;82;82;82m▀[38;2;115;115;115m▀[48;2;82;82;82m▀[38;2;82;82;82;48;2;16;16;16m▀[38;2;16;16;16;49m▀[0m
[0m        [38;2;16;16;16m▀[38;2;115;115;115;48;2;16;16;16m▀[48;2;82;82;82m▀[48;2;115;115;115m▀▀▀▀▀▀[48;2;82;82;82m▀[38;2;82;82;82;48;2;16;16;16m▀[38;2;16;16;16;49m▀[0m
[0m          [38;2;16;16;16m▀▀[38;2;82;82;82;48;2;16;16;16m▀[48;2;115;115;115m▀▀[48;2;82;82;82m▀[38;2;16;16;16;48;2;16;16;16m▀[49m▀[0m
[0m            [38;2;16;16;16;48;2;16;16;16m▀[38;2;115;115;115;48;2;115;115;115m▀▀[38;2;82;82;82;48;2;82;82;82m▀[38;2;16;16;16;48;2;16;16;16m▀[0m
[0m            [38;2;16;16;16m▀[38;2;115;115;115;48;2;16;16;16m▀[48;2;115;115;115m▀▀[38;2;82;82;82m▀[38;2;16;16;16m▀▀[48;2;164;164;164m▀[48;2;222;222;222m▀▀[48;2;164;164;164m▀[48;2;82;82;82m▀[49m▄[0m
[0m              [38;2;16;16;16m▀[38;2;82;82;82;48;2;16;16;16m▀▀▀▀▀▀▀▀▀[38;2;16;16;16;49m▀[0m
