[0m   [38;2;16;16;16m▄▄[38;2;32;82;139m▄[0m           [38;2;32;82;139m▄▄▄[48;2;164;222;255m▀▀▀▀▀[48;2;115;189;246m▀▀[49m▄▄▄▄[0m
[38;2;16;16;16;49m▄[48;2;82;172;238m▀▀[38;2;82;172;238m▀▀▀[38;2;32;82;139;48;2;32;82;139m▀[0m       [38;2;32;82;139m▄[48;2;164;222;255m▀▀[38;2;164;222;255m▀▀▀▀▀▀▀▀▀▀[38;2;115;189;246m▀[48;2;115;189;246m▀▀▀[38;2;32;82;139m▀▀[49m▄[0m
[38;2;16;16;16;48;2;16;16;16m▀[38;2;82;172;238;48;2;82;172;238m▀▀▀▀▀[38;2;32;82;139;48;2;32;82;139m▀[0m     [38;2;16;16;16m▄[38;2;32;82;139;48;2;164;222;255m▀[38;2;164;222;255;48;2;16;16;16m▀[48;2;164;222;255m▀▀▀▀▀▀▀▀▀▀▀▀▀[48;2;32;82;139m▀[38;2;115;189;246;48;2;115;189;246m▀▀▀▀▀[38;2;32;82;139m▀[49m▄[0m
[38;2;32;82;139;48;2;32;82;139m▀[38;2;82;172;238;48;2;82;172;238m▀▀▀▀▀[38;2;32;82;139;48;2;32;82;139m▀[0m   [38;2;16;16;16m▄[48;2;115;189;246m▀[38;2;115;189;246;48;2;164;222;255m▀[38;2;164;222;255;48;2;16;16;16m▀▀[38;2;16;16;16m▀[38;2;164;222;255m▀[48;2;164;222;255m▀▀▀▀▀▀▀▀[48;2;16;16;16m▀[38;2;82;82;82;48;2;164;222;255m▀[38;2;16;16;16m▀[38;2;164;222;255m▀[38;2;115;189;246;48;2;115;189;246m▀▀▀▀▀▀▀[38;2;32;82;139m▀[49m▄[0m
[38;2;32;82;139;48;2;32;82;139m▀[38;2;82;172;238;48;2;82;172;238m▀▀▀▀▀[38;2;32;82;139;48;2;32;82;139m▀[0m  [38;2;16;16;16m▄[48;2;115;189;246m▀[38;2;115;189;246m▀[38;2;164;222;255;48;2;164;222;255m▀▀▀▀▀▀▀▀▀▀▀▀[38;2;16;16;16m▀▀▀[48;2;115;189;246m▀▀[38;2;115;189;246m▀▀▀▀▀[48;2;49;148;238m▀[48;2;115;189;246m▀▀[38;2;49;148;238;48;2;49;148;238m▀[38;2;32;82;139;48;2;32;82;139m▀[0m
[38;2;32;82;139;49m▀[38;2;82;172;238;48;2;32;82;139m▀[48;2;82;172;238m▀▀▀▀▀[38;2;32;82;139;48;2;32;82;139m▀[0m [38;2;16;16;16;48;2;16;16;16m▀[38;2;115;189;246;48;2;115;189;246m▀▀▀[38;2;164;222;255m▀[48;2;16;16;16m▀▀[48;2;164;222;255m▀[48;2;16;16;16m▀▀[48;2;164;222;255m▀▀[48;2;16;16;16m▀▀[48;2;164;222;255m▀[48;2;115;189;246m▀▀[38;2;115;189;246m▀▀▀▀▀▀▀[38;2;82;172;238;48;2;49;148;238m▀[38;2;32;82;139m▀[38;2;115;189;246;48;2;32;82;139m▀[48;2;49;148;238m▀[38;2;49;148;238m▀▀[38;2;32;82;139;48;2;32;82;139m▀[0m
[0m [38;2;32;82;139;48;2;32;82;139m▀[38;2;82;172;238;48;2;49;148;238m▀▀[48;2;82;172;238m▀▀[48;2;49;148;238m▀[38;2;32;82;139m▀[38;2;16;16;16;48;2;16;16;16m▀[38;2;82;172;238;48;2;115;189;246m▀[38;2;115;189;246m▀▀▀[38;2;32;82;139m▀[48;2;32;82;139m▀[38;2;16;16;16;48;2;164;16;0m▀▀[38;2;164;16;0m▀▀[38;2;16;16;16m▀▀[38;2;164;16;0m▀▀[38;2;16;16;16m▀[38;2;115;189;246;48;2;16;16;16m▀▀[38;2;16;16;16m▀[48;2;115;189;246m▀[38;2;115;189;246;48;2;32;82;139m▀[48;2;115;189;246m▀▀▀[48;2;82;172;238m▀[38;2;49;148;238;48;2;49;148;238m▀▀[38;2;32;82;139;48;2;32;82;139m▀[38;2;49;148;238;48;2;49;148;238m▀▀▀▀[38;2;32;82;139;48;2;32;82;139m▀[0m
[0m  [38;2;32;82;139;48;2;32;82;139m▀[38;2;49;148;238;48;2;49;148;238m▀▀▀▀▀[38;2;32;82;139;48;2;32;82;139m▀[38;2;115;189;246;48;2;115;189;246m▀▀▀▀▀[38;2;32;82;139;48;2;32;82;139m▀[38;2;164;16;0;48;2;164;16;0m▀▀▀[48;2;222;82;0m▀▀▀▀▀▀▀[48;2;164;16;0m▀[38;2;16;16;16;48;2;16;16;16m▀[38;2;115;189;246;48;2;115;189;246m▀▀▀▀[48;2;82;172;238m▀[38;2;49;148;238;48;2;49;148;238m▀▀▀▀[38;2;32;82;139;48;2;32;82;139m▀[38;2;49;148;238;48;2;49;148;238m▀▀▀[38;2;16;16;16;48;2;16;16;16m▀[0m
[0m   [38;2;32;82;139;48;2;32;82;139m▀[38;2;49;148;238;48;2;49;148;238m▀▀▀▀▀[38;2;115;189;246;48;2;115;189;246m▀▀▀▀▀[38;2;32;82;139m▀[38;2;164;16;0;48;2;32;82;139m▀[38;2;222;82;0;48;2;222;82;0m▀▀[48;2;255;139;0m▀[38;2;255;139;0m▀▀▀▀▀▀[38;2;222;82;0;48;2;16;16;16m▀[38;2;16;16;16;48;2;115;189;246m▀[38;2;115;189;246m▀▀▀[48;2;82;172;238m▀[38;2;49;148;238;48;2;49;148;238m▀▀▀▀▀[38;2;16;16;16;48;2;16;16;16m▀[38;2;49;148;238m▀▀[38;2;16;16;16;49m▀[0m
[0m    [38;2;16;16;16m▀[38;2;49;148;238;48;2;16;16;16m▀[48;2;49;148;238m▀▀[48;2;32;82;139m▀[48;2;49;148;238m▀[38;2;115;189;246;48;2;115;189;246m▀▀▀▀▀[38;2;32;82;139m▀[38;2;222;82;0;48;2;32;82;139m▀[38;2;255;139;0;48;2;255;139;0m▀▀▀▀▀▀▀[48;2;16;16;16m▀[38;2;16;16;16;48;2;115;189;246m▀[38;2;115;189;246m▀▀▀[48;2;49;148;238m▀[38;2;49;148;238m▀▀▀▀▀▀[38;2;16;16;16;48;2;16;16;16m▀[0m
[0m      [38;2;16;16;16m▀[38;2;49;148;238;48;2;16;16;16m▀[38;2;16;16;16m▀[38;2;49;148;238;48;2;49;148;238m▀▀[38;2;115;189;246m▀[48;2;115;189;246m▀▀▀▀▀[38;2;32;82;139m▀▀[38;2;255;139;0;48;2;32;82;139m▀▀▀[38;2;16;16;16;48;2;115;189;246m▀▀[38;2;115;189;246m▀▀[48;2;82;172;238m▀[48;2;49;148;238m▀[38;2;49;148;238m▀▀▀▀▀▀▀[38;2;32;82;139m▀[38;2;16;16;16;48;2;32;82;139m▀[0m
[0m        [38;2;16;16;16m▀[38;2;49;148;238;48;2;16;16;16m▀[48;2;49;148;238m▀▀▀[38;2;82;172;238m▀[38;2;115;189;246m▀▀[48;2;82;172;238m▀[48;2;115;189;246m▀▀▀▀▀[48;2;82;172;238m▀[48;2;49;148;238m▀[38;2;82;172;238m▀[38;2;49;148;238m▀▀▀▀▀[48;2;16;16;16m▀▀[48;2;49;148;238m▀▀▀▀▀[38;2;32;82;139m▀[49m▄[0m
[0m         [38;2;16;16;16;48;2;16;16;16m▀[38;2;49;148;238;48;2;49;148;238m▀▀▀▀▀▀▀▀▀▀▀▀▀▀▀▀▀▀▀▀▀▀[38;2;16;16;16m▀[38;2;49;148;238;48;2;16;16;16m▀[48;2;49;148;238m▀▀▀▀▀[38;2;32;82;139m▀[49m▄[0m
[0m         [38;2;16;16;16m▀[38;2;49;148;238;48;2;16;16;16m▀[48;2;49;148;238m▀▀▀▀▀▀▀▀▀▀▀▀▀▀▀▀▀▀▀▀▀▀▀[38;2;16;16;16;48;2;16;16;16m▀[38;2;49;148;238;48;2;49;148;238m▀▀▀▀▀▀[38;2;32;82;139;48;2;32;82;139m▀[0m
[0m          [38;2;16;16;16;48;2;16;16;16m▀[38;2;49;148;238;48;2;49;148;238m▀▀▀▀▀▀▀▀▀▀▀▀▀▀▀▀▀▀▀▀▀[48;2;32;82;139m▀[38;2;32;82;139;48;2;115;189;246m▀[38;2;49;148;238m▀[38;2;115;189;246m▀[38;2;49;148;238m▀[48;2;49;148;238m▀▀▀[48;2;32;82;139m▀[38;2;32;82;139;49m▀[0m
[0m           [38;2;16;16;16;48;2;16;16;16m▀[38;2;49;148;238;48;2;49;148;238m▀▀▀▀▀▀▀▀▀▀▀▀▀▀▀▀▀[48;2;16;16;16m▀[38;2;16;16;16;48;2;49;148;238m▀[38;2;32;82;139;48;2;115;189;246m▀[38;2;115;189;246m▀▀▀▀[48;2;49;148;238m▀[38;2;49;148;238m▀[48;2;16;16;16m▀[38;2;32;82;139;49m▀[0m
[0m           [38;2;16;16;16m▀[38;2;49;148;238;48;2;16;16;16m▀[48;2;49;148;238m▀▀▀▀▀▀▀▀▀▀▀▀▀▀▀▀[38;2;16;16;16m▀[38;2;49;148;238;48;2;16;16;16m▀▀[38;2;115;189;246;48;2;49;148;238m▀▀▀[38;2;49;148;238m▀[48;2;16;16;16m▀[38;2;16;16;16;49m▀[0m
[0m            [38;2;16;16;16m▀[38;2;49;148;238;48;2;32;82;139m▀[48;2;49;148;238m▀▀▀▀▀▀▀▀▀▀▀▀▀▀▀▀[38;2;16;16;16;48;2;16;16;16m▀[0m [38;2;16;16;16m▀▀▀▀[0m
[0m             [38;2;32;82;139m▀[38;2;49;148;238;48;2;32;82;139m▀[48;2;49;148;238m▀▀▀▀▀▀▀▀▀▀▀▀▀▀[38;2;16;16;16;48;2;16;16;16m▀[0m
[0m              [38;2;32;82;139;48;2;32;82;139m▀[38;2;49;148;238;48;2;49;148;238m▀▀▀▀▀▀▀▀▀▀▀▀▀▀[38;2;16;16;16;48;2;16;16;16m▀[49m▄▄▄[0m    [38;2;82;82;82m▄▄▄▄▄▄▄[0m
[0m               [38;2;32;82;139;48;2;16;16;16m▀[38;2;49;148;238;48;2;49;148;238m▀▀▀▀▀▀▀▀▀▀▀▀▀[38;2;16;16;16;48;2;16;16;16m▀[38;2;82;82;82;48;2;82;82;82m▀▀[48;2;32;82;139m▀[38;2;16;16;16m▀[48;2;131;131;131m▀▀[38;2;82;82;82m▀[38;2;255;255;255m▀▀[38;2;131;131;131m▀[48;2;255;255;255m▀[38;2;255;255;255;48;2;82;82;82m▀[48;2;255;255;255m▀[38;2;131;131;131m▀[38;2;82;82;82;48;2;131;131;131m▀[49m▄[0m
[0m           [38;2;16;16;16m▄▄▄▄[48;2;49;148;238m▀[38;2;49;148;238m▀▀▀▀▀▀▀▀▀▀▀[38;2;32;82;139;48;2;16;16;16m▀[38;2;49;148;238;48;2;49;148;238m▀▀[38;2;32;82;139m▀▀[38;2;49;148;238m▀▀[38;2;16;16;16m▀[38;2;82;82;82;48;2;16;16;16m▀▀[48;2;82;82;82m▀▀[38;2;131;131;131m▀▀[38;2;255;255;255m▀▀[38;2;131;131;131m▀[38;2;82;82;82m▀[38;2;16;16;16;48;2;16;16;16m▀[0m
[0m         [38;2;32;82;139m▄[38;2;16;16;16;48;2;115;189;246m▀[38;2;115;189;246m▀▀▀[38;2;32;82;139;48;2;49;148;238m▀[38;2;49;148;238m▀▀▀▀▀▀▀▀▀▀▀▀▀[38;2;32;82;139m▀[38;2;16;16;16;48;2;115;189;246m▀▀[38;2;49;148;238;48;2;16;16;16m▀[48;2;49;148;238m▀▀▀[38;2;16;16;16;48;2;16;16;16m▀[0m [38;2;16;16;16m▀▀▀[38;2;82;82;82;48;2;16;16;16m▀▀▀[38;2;16;16;16;49m▀▀[0m
[0m         [38;2;32;82;139;48;2;32;82;139m▀[38;2;49;148;238;48;2;49;148;238m▀[38;2;115;189;246m▀▀[38;2;49;148;238m▀▀[48;2;16;16;16m▀[48;2;32;82;139m▀[38;2;32;82;139;49m▀[38;2;16;16;16m▀▀▀▀▀▀[38;2;32;82;139m▀[38;2;49;148;238;48;2;32;82;139m▀[48;2;49;148;238m▀▀[38;2;115;189;246;48;2;115;189;246m▀▀▀▀[38;2;16;16;16;48;2;16;16;16m▀[38;2;49;148;238m▀[38;2;16;16;16;49m▀[0m
[0m          [38;2;16;16;16m▀[38;2;49;148;238;48;2;16;16;16m▀▀▀[38;2;16;16;16;49m▀[0m          [38;2;16;16;16m▀[38;2;49;148;238;48;2;16;16;16m▀[48;2;49;148;238m▀▀[38;2;115;189;246m▀▀[38;2;49;148;238;48;2;16;16;16m▀[38;2;16;16;16;49m▀[0m
[0m                           [38;2;16;16;16m▀▀▀▀[0m
