[0m                           [38;2;131;123;156m▄[48;2;230;205;246m▀▀▀▀[38;2;82;65;98;49m▄[0m    [38;2;16;16;16m▄▄▄[0m
[0m                  [38;2;16;16;16m▄▄[48;2;246;222;238m▀▀▀[49m▄▄[38;2;131;123;156;48;2;197;164;222m▀▀[38;2;230;205;246m▀▀▀[48;2;82;65;98m▀[38;2;197;164;222m▀▀[38;2;82;65;98m▀[49m▄[38;2;16;16;16m▄[48;2;246;222;238m▀[38;2;246;222;238m▀▀▀[38;2;16;16;16m▀▀[49m▄[0m
[0m                [38;2;82;65;98m▄[38;2;16;16;16;48;2;82;65;98m▀[38;2;246;222;238;48;2;197;164;222m▀[48;2;230;205;246m▀[48;2;246;222;238m▀▀[48;2;230;205;246m▀[38;2;230;205;246;48;2;197;164;222m▀[38;2;82;65;98m▀[38;2;197;164;222;48;2;82;65;98m▀▀▀[48;2;131;123;156m▀[48;2;197;164;222m▀▀▀▀[38;2;82;65;98;48;2;82;65;98m▀[38;2;16;16;16;48;2;230;205;246m▀[38;2;230;205;246m▀▀[38;2;246;222;238m▀[48;2;16;16;16m▀[38;2;82;65;98;48;2;131;123;156m▀▀▀[38;2;246;222;238;48;2;82;65;98m▀[38;2;16;16;16;48;2;197;164;222m▀[49m▄[0m
[0m               [38;2;82;65;98;48;2;82;65;98m▀[38;2;131;123;156;48;2;131;123;156m▀▀[38;2;197;164;222;48;2;197;164;222m▀▀▀▀▀▀▀▀▀▀[48;2;131;123;156m▀[48;2;82;65;98m▀▀[38;2;82;65;98;48;2;197;164;222m▀▀[38;2;197;164;222m▀▀[38;2;230;205;246m▀▀[38;2;16;16;16;48;2;16;16;16m▀[38;2;131;123;156;48;2;131;123;156m▀▀▀▀▀[38;2;82;65;98;48;2;82;65;98m▀[38;2;16;16;16;48;2;197;164;222m▀[49m▄[0m
[0m          [38;2;82;65;98m▄▄▄[38;2;16;16;16m▄[48;2;197;164;222m▀▀[38;2;197;164;222m▀▀[38;2;131;123;156;48;2;16;16;16m▀[38;2;197;164;222;48;2;197;164;222m▀[48;2;230;205;246m▀▀▀[38;2;230;205;246m▀▀▀▀▀▀▀▀[38;2;197;164;222m▀[48;2;197;164;222m▀▀▀▀▀▀[38;2;16;16;16m▀[38;2;131;123;156;48;2;131;123;156m▀▀▀▀[38;2;82;65;98;48;2;197;164;222m▀[38;2;197;164;222m▀[38;2;131;123;156m▀[38;2;16;16;16;48;2;16;16;16m▀[38;2;82;65;98;49m▄▄▄[0m
[0m        [38;2;82;65;98m▄[48;2;230;205;246m▀[38;2;230;205;246m▀[48;2;16;16;16m▀[38;2;16;16;16;48;2;197;164;222m▀[38;2;197;164;222m▀▀▀▀[48;2;230;205;246m▀[38;2;230;205;246m▀[48;2;197;164;222m▀[48;2;82;65;98m▀▀[48;2;197;164;222m▀[48;2;230;205;246m▀▀▀▀▀▀▀[48;2;197;164;222m▀[38;2;197;164;222m▀▀▀[48;2;82;65;98m▀▀▀▀[48;2;197;164;222m▀▀[38;2;131;123;156m▀▀[38;2;197;164;222m▀▀▀▀[38;2;131;123;156m▀[38;2;82;65;98;48;2;131;123;156m▀[38;2;197;164;222;48;2;197;164;222m▀▀[38;2;82;65;98m▀[49m▄[0m
[0m       [38;2;16;16;16m▄[38;2;82;65;98;48;2;246;222;238m▀[38;2;246;222;238m▀[38;2;230;205;246;48;2;230;205;246m▀[38;2;197;164;222;48;2;197;164;222m▀▀[48;2;82;65;98m▀[38;2;82;65;98;48;2;131;123;156m▀▀[38;2;131;123;156m▀[38;2;230;205;246;48;2;197;164;222m▀[38;2;197;164;222;48;2;131;123;156m▀[38;2;82;65;98m▀[38;2;131;123;156m▀▀▀[38;2;230;205;246;48;2;82;65;98m▀[48;2;230;205;246m▀▀▀[48;2;197;164;222m▀▀[38;2;197;164;222m▀▀▀[48;2;82;65;98m▀[38;2;82;65;98;48;2;131;123;156m▀[38;2;131;123;156m▀▀▀▀[38;2;82;65;98m▀▀▀[38;2;197;164;222;48;2;82;65;98m▀[48;2;197;164;222m▀▀▀▀▀▀[48;2;131;123;156m▀▀▀[38;2;82;65;98;48;2;16;16;16m▀[0m
[0m       [38;2;16;16;16;48;2;16;16;16m▀[38;2;246;222;238;48;2;230;205;246m▀[48;2;197;164;222m▀[38;2;230;205;246m▀[38;2;197;164;222m▀▀[38;2;82;65;98m▀[38;2;131;123;156m▀▀[38;2;197;164;222;48;2;82;65;98m▀[38;2;131;123;156;48;2;131;123;156m▀[48;2;16;16;16m▀[38;2;16;16;16;48;2;189;41;65m▀▀▀[38;2;197;164;222;48;2;16;16;16m▀[38;2;131;123;156;48;2;197;164;222m▀[38;2;82;65;98;48;2;131;123;156m▀[38;2;197;164;222;48;2;82;65;98m▀▀▀▀▀▀[38;2;82;65;98;48;2;131;123;156m▀[38;2;131;123;156m▀[48;2;16;16;16m▀[38;2;16;16;16;48;2;189;41;65m▀▀▀▀[38;2;131;123;156;48;2;16;16;16m▀[38;2;197;164;222;48;2;131;123;156m▀[48;2;197;164;222m▀[38;2;82;65;98m▀[38;2;197;164;222;48;2;131;123;156m▀[48;2;197;164;222m▀▀▀▀▀[38;2;131;123;156;48;2;131;123;156m▀▀[48;2;82;65;98m▀[38;2;16;16;16;49m▀[0m
[0m        [38;2;16;16;16;48;2;16;16;16m▀[38;2;197;164;222;48;2;197;164;222m▀[38;2;82;65;98;48;2;82;65;98m▀[48;2;131;123;156m▀[38;2;197;164;222;48;2;16;16;16m▀[48;2;197;164;222m▀[48;2;82;65;98m▀[38;2;82;65;98m▀[38;2;131;123;156;48;2;16;16;16m▀[38;2;16;16;16;48;2;189;41;65m▀[38;2;189;41;65m▀[48;2;246;98;115m▀▀[38;2;246;98;115m▀▀[38;2;16;16;16m▀[38;2;131;123;156;48;2;16;16;16m▀[48;2;131;123;156m▀▀▀▀▀▀[48;2;16;16;16m▀[38;2;16;16;16;48;2;246;98;115m▀[38;2;189;41;65m▀▀[38;2;246;98;115m▀▀▀▀[38;2;82;65;98;48;2;189;41;65m▀[38;2;197;164;222;48;2;82;65;98m▀[38;2;230;205;246;48;2;230;205;246m▀[38;2;82;65;98m▀[38;2;197;164;222;48;2;131;123;156m▀▀▀[38;2;131;123;156m▀[48;2;16;16;16m▀▀[48;2;131;123;156m▀[38;2;16;16;16;48;2;16;16;16m▀[38;2;82;65;98;49m▄[0m
[0m         [38;2;16;16;16;48;2;16;16;16m▀[38;2;131;123;156;48;2;131;123;156m▀[38;2;16;16;16;48;2;16;16;16m▀[48;2;189;41;65m▀[38;2;82;65;98;48;2;16;16;16m▀[48;2;131;123;156m▀[38;2;131;123;156;48;2;16;16;16m▀[38;2;16;16;16;48;2;189;41;65m▀[38;2;189;41;65;48;2;131;16;49m▀[38;2;131;16;49;48;2;16;16;16m▀[38;2;16;16;16m▀▀▀▀[38;2;131;16;49m▀[38;2;246;98;115;48;2;131;16;49m▀[38;2;16;16;16;48;2;246;98;115m▀▀▀▀▀▀[38;2;246;98;115m▀▀[48;2;131;16;49m▀[38;2;131;16;49;48;2;16;16;16m▀[38;2;16;16;16m▀▀▀[38;2;246;98;115m▀▀[38;2;82;65;98;48;2;189;41;65m▀[38;2;230;205;246;48;2;82;65;98m▀[38;2;197;164;222;48;2;131;123;156m▀[38;2;131;123;156m▀▀[38;2;16;16;16;48;2;16;16;16m▀[48;2;189;41;65m▀[38;2;82;65;98;48;2;16;16;16m▀[48;2;82;65;98m▀[38;2;16;16;16m▀[38;2;131;123;156;48;2;16;16;16m▀[38;2;82;65;98;48;2;82;65;98m▀[0m
[0m    [38;2;131;16;49m▄▄▄▄[48;2;246;98;115m▀[38;2;16;16;16m▀▀[48;2;189;41;65m▀[38;2;189;41;65;48;2;16;16;16m▀[38;2;16;16;16;48;2;189;41;65m▀▀▀[38;2;189;41;65;48;2;131;16;49m▀[38;2;131;16;49;48;2;16;16;16m▀[38;2;16;16;16m▀▀▀▀▀▀▀[38;2;246;98;115;48;2;131;16;49m▀[48;2;246;98;115m▀▀▀▀▀▀[38;2;189;41;65;48;2;131;16;49m▀[38;2;131;16;49;48;2;16;16;16m▀[38;2;16;16;16m▀▀▀▀▀▀[38;2;189;41;65m▀[38;2;82;65;98;48;2;189;41;65m▀[38;2;131;123;156;48;2;16;16;16m▀▀[38;2;16;16;16;48;2;189;41;65m▀[38;2;189;41;65m▀▀[38;2;131;16;49;48;2;16;16;16m▀[38;2;16;16;16m▀[38;2;82;65;98m▀[38;2;16;16;16m▀[38;2;82;65;98m▀[0m
[38;2;131;16;49;49m▄[48;2;189;41;65m▀▀[48;2;246;98;115m▀[38;2;246;98;115;48;2;255;156;156m▀▀▀[48;2;246;98;115m▀▀▀▀▀[38;2;16;16;16;48;2;189;41;65m▀[48;2;16;16;16m▀[38;2;189;41;65m▀▀[38;2;16;16;16m▀▀▀[48;2;255;255;255m▀[38;2;255;255;255;48;2;106;106;106m▀[48;2;16;16;16m▀[48;2;106;106;106m▀[38;2;16;16;16;48;2;255;255;255m▀[48;2;16;16;16m▀[38;2;131;16;49m▀[38;2;16;16;16m▀▀▀▀▀▀▀▀[48;2;255;255;255m▀[38;2;255;255;255;48;2;106;106;106m▀[48;2;16;16;16m▀[48;2;106;106;106m▀[38;2;16;16;16;48;2;255;255;255m▀[48;2;16;16;16m▀▀[38;2;131;16;49m▀[38;2;189;41;65m▀[48;2;131;16;49m▀▀[48;2;16;16;16m▀[38;2;16;16;16m▀[38;2;131;16;49;48;2;189;41;65m▀[38;2;189;41;65m▀▀[48;2;246;98;115m▀[38;2;131;16;49m▀[38;2;16;16;16m▀▀▀[48;2;189;41;65m▀[49m▄▄▄[0m
[38;2;131;16;49;48;2;16;16;16m▀[38;2;189;41;65;48;2;189;41;65m▀[38;2;16;16;16;48;2;16;16;16m▀[38;2;189;41;65;48;2;189;41;65m▀[38;2;246;98;115m▀▀▀▀▀▀▀▀[38;2;189;41;65;48;2;16;16;16m▀[38;2;16;16;16;48;2;131;16;49m▀[48;2;246;98;115m▀▀[48;2;131;16;49m▀[48;2;16;16;16m▀▀[38;2;255;255;255;48;2;255;255;255m▀[38;2;16;16;16;48;2;106;106;106m▀[48;2;16;16;16m▀[48;2;106;106;106m▀[38;2;255;255;255;48;2;255;255;255m▀[38;2;16;16;16;48;2;16;16;16m▀▀[48;2;246;98;115m▀▀▀▀▀[48;2;16;16;16m▀▀▀[38;2;255;255;255;48;2;255;255;255m▀[38;2;16;16;16;48;2;106;106;106m▀[48;2;16;16;16m▀[48;2;106;106;106m▀[38;2;255;255;255;48;2;255;255;255m▀[38;2;16;16;16;48;2;16;16;16m▀▀[48;2;131;16;49m▀▀[48;2;16;16;16m▀▀▀[38;2;131;16;49;48;2;189;41;65m▀[38;2;189;41;65m▀▀▀[38;2;246;98;115m▀[38;2;255;156;156;48;2;246;98;115m▀▀▀[38;2;246;98;115m▀[48;2;189;41;65m▀[38;2;189;41;65m▀[48;2;16;16;16m▀[38;2;131;16;49;48;2;189;41;65m▀[38;2;16;16;16;48;2;131;16;49m▀[0m
[0m [38;2;16;16;16m▀▀▀[38;2;189;41;65;48;2;16;16;16m▀▀▀[48;2;189;41;65m▀[48;2;16;16;16m▀▀[38;2;16;16;16;48;2;131;123;156m▀[48;2;82;65;98m▀[38;2;131;16;49;48;2;16;16;16m▀[38;2;189;41;65m▀[38;2;16;16;16;48;2;246;222;238m▀▀[38;2;246;98;115;48;2;16;16;16m▀[38;2;16;16;16;48;2;131;16;49m▀[48;2;16;16;16m▀▀[38;2;255;255;255m▀▀▀[38;2;16;16;16m▀[48;2;131;16;49m▀[38;2;131;16;49;48;2;82;65;98m▀[38;2;16;16;16;48;2;230;205;246m▀▀▀▀▀[38;2;131;16;49;48;2;16;16;16m▀[38;2;16;16;16m▀▀▀[38;2;255;255;255m▀▀▀[38;2;16;16;16m▀▀[48;2;131;16;49m▀[38;2;189;41;65;48;2;189;41;65m▀▀▀[38;2;131;16;49m▀[38;2;16;16;16;48;2;16;16;16m▀[38;2;189;41;65;48;2;131;16;49m▀[48;2;189;41;65m▀▀▀▀▀▀▀▀▀▀[38;2;16;16;16m▀[38;2;189;41;65;48;2;131;16;49m▀[38;2;131;16;49;48;2;16;16;16m▀[0m
[0m   [38;2;16;16;16m▄[38;2;131;16;49;48;2;189;41;65m▀▀[38;2;189;41;65m▀[38;2;16;16;16;48;2;82;65;98m▀[38;2;82;65;98;48;2;230;205;246m▀[38;2;131;123;156m▀[48;2;131;123;156m▀[38;2;82;65;98;48;2;82;65;98m▀[38;2;16;16;16m▀[38;2;246;222;238;48;2;230;205;246m▀[38;2;197;164;222m▀[38;2;230;205;246;48;2;197;164;222m▀[38;2;16;16;16;48;2;131;123;156m▀[38;2;246;98;115;48;2;82;65;98m▀[48;2;189;41;65m▀[48;2;246;98;115m▀▀▀▀▀[38;2;82;65;98;48;2;82;65;98m▀[38;2;246;222;238;48;2;246;222;238m▀[38;2;230;205;246;48;2;197;164;222m▀▀▀▀[48;2;131;123;156m▀[38;2;197;164;222m▀[38;2;16;16;16;48;2;16;16;16m▀[38;2;246;98;115;48;2;246;98;115m▀▀▀[48;2;189;41;65m▀[38;2;189;41;65m▀▀▀[48;2;16;16;16m▀[38;2;16;16;16;48;2;246;222;238m▀▀[48;2;16;16;16m▀[38;2;189;41;65m▀[38;2;16;16;16;48;2;131;16;49m▀[48;2;16;16;16m▀[38;2;189;41;65;48;2;131;16;49m▀[48;2;189;41;65m▀▀▀[48;2;131;16;49m▀[48;2;16;16;16m▀▀▀[38;2;131;16;49m▀[38;2;16;16;16;49m▀▀▀[0m
[0m   [38;2;16;16;16m▀[38;2;189;41;65;48;2;16;16;16m▀▀▀[38;2;82;65;98m▀[38;2;230;205;246;48;2;82;65;98m▀[48;2;230;205;246m▀▀[38;2;131;123;156;48;2;197;164;222m▀▀[38;2;230;205;246;48;2;230;205;246m▀▀▀[38;2;82;65;98;48;2;197;164;222m▀[38;2;131;123;156;48;2;131;123;156m▀[38;2;16;16;16m▀[38;2;189;41;65;48;2;82;65;98m▀▀▀[38;2;246;98;115m▀[38;2;82;65;98;48;2;246;222;238m▀[38;2;246;222;238m▀[38;2;197;164;222;48;2;230;205;246m▀[38;2;230;205;246m▀▀▀▀▀[38;2;82;65;98;48;2;82;65;98m▀[38;2;131;123;156;48;2;131;123;156m▀[38;2;16;16;16;48;2;16;16;16m▀[38;2;189;41;65;48;2;189;41;65m▀▀▀▀▀[38;2;16;16;16;48;2;82;65;98m▀[38;2;246;222;238;48;2;246;222;238m▀[38;2;230;205;246;48;2;131;123;156m▀[38;2;131;123;156;48;2;197;164;222m▀▀[38;2;16;16;16;48;2;131;123;156m▀[38;2;189;41;65;48;2;16;16;16m▀[38;2;131;16;49m▀[38;2;16;16;16;48;2;82;65;98m▀▀[48;2;16;16;16m▀[48;2;131;123;156m▀[48;2;16;16;16m▀[38;2;189;41;65;48;2;189;41;65m▀[38;2;131;16;49m▀▀[49m▄[0m
[0m        [38;2;82;65;98m▀[38;2;197;164;222;48;2;82;65;98m▀[48;2;197;164;222m▀▀▀▀[38;2;230;205;246;48;2;230;205;246m▀▀▀[38;2;82;65;98m▀[38;2;131;123;156;48;2;82;65;98m▀▀▀[48;2;131;123;156m▀[38;2;230;205;246m▀[48;2;197;164;222m▀[38;2;197;164;222;48;2;230;205;246m▀[38;2;230;205;246m▀▀▀▀▀▀▀[38;2;82;65;98;48;2;82;65;98m▀[38;2;131;123;156;48;2;131;123;156m▀[38;2;82;65;98m▀▀▀▀[48;2;230;205;246m▀[38;2;246;222;238m▀[38;2;131;123;156;48;2;197;164;222m▀[38;2;197;164;222m▀▀▀▀[38;2;82;65;98;48;2;131;123;156m▀[48;2;16;16;16m▀▀[38;2;16;16;16;48;2;131;123;156m▀▀[48;2;82;65;98m▀[38;2;189;41;65;48;2;16;16;16m▀▀▀▀[38;2;16;16;16;49m▀[0m
[0m          [38;2;82;65;98m▀[38;2;131;123;156;48;2;16;16;16m▀[38;2;197;164;222;48;2;197;164;222m▀[48;2;131;123;156m▀[48;2;197;164;222m▀[38;2;230;205;246m▀[48;2;230;205;246m▀▀▀▀▀▀▀▀▀▀▀▀▀▀▀▀▀[38;2;82;65;98m▀▀[38;2;131;123;156m▀[48;2;197;164;222m▀[38;2;230;205;246m▀[38;2;197;164;222m▀[38;2;131;123;156m▀[38;2;197;164;222m▀▀▀▀[38;2;131;123;156;48;2;131;123;156m▀▀▀▀▀[38;2;82;65;98m▀▀[38;2;16;16;16;48;2;16;16;16m▀[0m
[0m           [38;2;16;16;16;48;2;16;16;16m▀[38;2;131;123;156;48;2;131;123;156m▀[48;2;82;65;98m▀[38;2;197;164;222;48;2;197;164;222m▀▀▀▀▀[38;2;230;205;246m▀▀▀[48;2;230;205;246m▀▀▀▀▀▀▀▀▀▀[48;2;197;164;222m▀▀▀[38;2;197;164;222m▀▀▀▀▀▀▀[48;2;131;123;156m▀[38;2;131;123;156m▀▀▀▀▀▀▀[38;2;16;16;16;48;2;16;16;16m▀[0m
[0m            [38;2;16;16;16m▀[48;2;16;16;16m▀[38;2;197;164;222;48;2;131;123;156m▀▀[48;2;197;164;222m▀▀[38;2;131;123;156;48;2;82;65;98m▀[38;2;82;65;98;48;2;131;123;156m▀[38;2;197;164;222;48;2;82;65;98m▀[48;2;197;164;222m▀▀▀▀▀▀▀▀▀▀▀▀▀▀▀▀▀▀▀[48;2;131;123;156m▀[38;2;131;123;156m▀▀▀[48;2;82;65;98m▀[38;2;82;65;98;48;2;131;123;156m▀[38;2;131;123;156m▀[48;2;82;65;98m▀[38;2;82;65;98;48;2;16;16;16m▀[38;2;16;16;16;49m▀[0m
[0m              [38;2;16;16;16;48;2;16;16;16m▀[38;2;131;123;156;48;2;131;123;156m▀▀▀[38;2;82;65;98m▀[38;2;131;123;156;48;2;82;65;98m▀▀▀[38;2;197;164;222;48;2;131;123;156m▀▀[48;2;197;164;222m▀▀▀[48;2;131;123;156m▀[38;2;131;123;156;48;2;82;65;98m▀[38;2;82;65;98;48;2;131;123;156m▀▀▀▀▀▀▀[38;2;197;164;222;48;2;82;65;98m▀[48;2;131;123;156m▀[38;2;131;123;156m▀▀▀▀[48;2;16;16;16m▀[38;2;16;16;16;49m▀▀▀▀▀[0m
[0m               [38;2;16;16;16m▀[38;2;131;123;156;48;2;16;16;16m▀▀[48;2;131;123;156m▀▀▀[48;2;82;65;98m▀▀[48;2;131;123;156m▀▀▀▀▀▀[38;2;82;65;98m▀▀[38;2;131;123;156;48;2;82;65;98m▀▀▀[38;2;82;65;98;48;2;131;123;156m▀▀[38;2;131;123;156m▀▀▀▀▀[48;2;16;16;16m▀[38;2;16;16;16;49m▀[0m
[0m                  [38;2;16;16;16m▀▀▀▀▀▀▀▀[38;2;131;123;156;48;2;16;16;16m▀▀▀▀▀▀[48;2;131;123;156m▀▀▀[48;2;16;16;16m▀[38;2;16;16;16;49m▀▀▀▀▀[0m
[0m                            [38;2;16;16;16m▀[38;2;131;123;156;48;2;16;16;16m▀▀▀▀▀[38;2;16;16;16;49m▀[0m
