[0m                          [38;2;115;90;65m▄[48;2;246;230;123m▀[48;2;222;189;57m▀[49m▄[0m
[0m                        [38;2;115;90;65m▄[48;2;189;139;32m▀[38;2;189;139;32;48;2;246;230;123m▀▀▀[48;2;222;189;57m▀[38;2;115;90;65;48;2;189;139;32m▀[49m▄[0m
[0m                       [38;2;115;90;65m▄[48;2;246;230;123m▀[38;2;246;230;123;48;2;189;139;32m▀▀▀▀[38;2;222;189;57m▀▀[38;2;115;90;65;48;2;222;189;57m▀[49m▄[0m
[0m                      [38;2;115;90;65m▄[48;2;222;189;57m▀[38;2;189;139;32;48;2;246;230;123m▀[38;2;246;230;123m▀▀▀▀▀[38;2;222;189;57;48;2;222;189;57m▀[38;2;189;139;32m▀[38;2;115;90;65m▀[38;2;16;16;16;49m▄[0m
[0m                     [38;2;115;90;65m▄[48;2;222;189;57m▀[38;2;246;230;123;48;2;246;230;123m▀▀[48;2;189;139;32m▀▀▀▀▀[38;2;222;189;57m▀[48;2;222;189;57m▀▀[38;2;16;16;16m▀[49m▄[0m
[0m                     [38;2;115;90;65;48;2;16;16;16m▀[38;2;246;230;123;48;2;246;230;123m▀[48;2;189;139;32m▀[38;2;189;139;32m▀▀▀▀▀▀▀▀[38;2;222;189;57m▀[48;2;222;189;57m▀[38;2;16;16;16;48;2;16;16;16m▀[0m
[0m                     [38;2;16;16;16m▀[38;2;222;189;57;48;2;16;16;16m▀[38;2;189;139;32;48;2;189;139;32m▀▀▀[48;2;115;90;65m▀[38;2;115;90;65;48;2;222;189;57m▀▀[38;2;189;139;32;48;2;189;139;32m▀▀▀▀[38;2;222;189;57;48;2;16;16;16m▀[38;2;16;16;16;49m▀[0m
[0m        [38;2;16;16;16m▄▄[0m             [38;2;16;16;16m▀[38;2;189;139;32;48;2;16;16;16m▀▀[38;2;115;90;65;48;2;222;189;57m▀[38;2;222;189;57m▀▀▀[38;2;115;90;65;48;2;115;90;65m▀[38;2;189;139;32;48;2;16;16;16m▀[38;2;16;16;16;49m▀[0m
[0m      [38;2;16;16;16m▄[48;2;213;230;246m▀[38;2;213;230;246m▀▀[38;2;16;16;16m▀[38;2;90;98;115;49m▄[0m          [38;2;16;16;16m▄▄[48;2;222;189;57m▀[38;2;222;189;57m▀▀▀▀▀[38;2;115;90;65;48;2;115;90;65m▀[38;2;16;16;16;49m▄▄[48;2;246;255;255m▀▀[49m▄[0m
[0m      [38;2;16;16;16;48;2;16;16;16m▀[38;2;213;230;246;48;2;213;230;246m▀▀▀▀[38;2;90;98;115m▀[49m▄[0m   [38;2;16;16;16m▄▄▄[48;2;255;246;197m▀▀▀[38;2;255;246;197m▀▀▀[38;2;246;230;123m▀▀[38;2;222;189;57m▀▀[48;2;90;98;115m▀[38;2;16;16;16;48;2;246;255;255m▀[38;2;246;255;255m▀▀▀▀▀[38;2;16;16;16;48;2;16;16;16m▀[0m
[0m       [38;2;16;16;16;48;2;16;16;16m▀[38;2;213;230;246;48;2;213;230;246m▀▀▀▀[38;2;90;98;115;48;2;189;205;230m▀[49m▄[38;2;16;16;16;48;2;106;189;205m▀[48;2;49;139;164m▀[38;2;106;189;205m▀[38;2;49;139;164m▀▀▀▀▀▀▀[38;2;106;189;205m▀[38;2;255;246;197m▀▀▀[38;2;90;98;115;48;2;90;98;115m▀[38;2;246;255;255;48;2;246;255;255m▀▀▀▀▀▀[48;2;16;16;16m▀[38;2;16;16;16;49m▀[0m
[0m       [38;2;90;98;115m▄[38;2;16;16;16;48;2;115;90;65m▀[38;2;213;230;246m▀▀[38;2;115;90;65;48;2;246;230;123m▀▀▀▀▀▀▀[38;2;255;246;197;48;2;115;90;65m▀▀▀[48;2;255;246;197m▀▀[38;2;106;189;205m▀[38;2;49;139;164m▀▀[48;2;49;139;164m▀[38;2;90;98;115;48;2;90;98;115m▀[38;2;246;255;255;48;2;246;255;255m▀▀▀▀▀▀[48;2;16;16;16m▀[38;2;16;16;16;49m▀[0m
[0m    [38;2;32;106;131m▄▄[38;2;115;90;65;48;2;246;230;123m▀▀[38;2;246;230;123m▀▀▀▀▀▀▀▀▀▀[48;2;106;189;205m▀[38;2;222;189;57m▀[48;2;49;139;164m▀[38;2;115;90;65m▀[48;2;222;189;57m▀[38;2;255;246;197;48;2;115;90;65m▀▀[48;2;255;246;197m▀[38;2;90;98;115;48;2;90;98;115m▀[38;2;213;230;246;48;2;213;230;246m▀[38;2;246;255;255m▀[48;2;246;255;255m▀▀[48;2;90;98;115m▀▀[38;2;16;16;16;48;2;213;230;246m▀[38;2;90;98;115;49m▄[0m
[0m  [38;2;32;106;131m▄[48;2;255;246;197m▀[38;2;106;189;205m▀[48;2;106;189;205m▀▀[38;2;246;230;123m▀[48;2;246;230;123m▀▀▀▀▀▀▀▀[48;2;106;189;205m▀[38;2;106;189;205m▀[48;2;255;246;197m▀▀▀[38;2;49;139;164m▀[48;2;49;139;164m▀▀[38;2;222;189;57m▀[38;2;16;16;16;48;2;222;189;57m▀[38;2;213;230;246;48;2;16;16;16m▀[48;2;213;230;246m▀▀▀▀▀▀[48;2;90;98;115m▀[38;2;90;98;115;48;2;222;189;57m▀[38;2;16;16;16;49m▄[0m
[0m [38;2;32;106;131;48;2;32;106;131m▀[38;2;255;246;197;48;2;255;246;197m▀▀[48;2;16;16;16m▀[48;2;90;98;115m▀[38;2;106;189;205;48;2;106;189;205m▀▀[38;2;246;230;123;48;2;246;230;123m▀▀▀▀▀▀▀[38;2;106;189;205;48;2;106;189;205m▀▀[38;2;255;246;197;48;2;90;98;115m▀[48;2;16;16;16m▀[48;2;255;246;197m▀▀▀[38;2;246;230;123;48;2;246;230;123m▀[38;2;49;139;164m▀[48;2;49;139;164m▀[38;2;222;189;57m▀[48;2;222;189;57m▀[38;2;16;16;16;48;2;16;16;16m▀[38;2;213;230;246;48;2;213;230;246m▀[48;2;16;16;16m▀▀[38;2;16;16;16;48;2;222;189;57m▀▀[38;2;222;189;57m▀▀[38;2;16;16;16;48;2;16;16;16m▀[0m
[38;2;32;106;131;48;2;32;106;131m▀[38;2;255;246;197;48;2;16;16;16m▀[38;2;16;16;16;48;2;255;246;197m▀[38;2;90;98;115m▀[38;2;255;246;197m▀▀[38;2;106;189;205;48;2;106;189;205m▀▀[38;2;246;230;123;48;2;246;230;123m▀▀▀▀▀▀▀[38;2;106;189;205;48;2;106;189;205m▀▀[38;2;255;246;197;48;2;255;246;197m▀▀[38;2;90;98;115m▀[38;2;16;16;16m▀[38;2;255;246;197;48;2;16;16;16m▀[38;2;246;230;123m▀[48;2;246;230;123m▀[38;2;49;139;164;48;2;49;139;164m▀▀[38;2;222;189;57;48;2;222;189;57m▀▀[38;2;16;16;16;48;2;16;16;16m▀[38;2;222;189;57;48;2;222;189;57m▀▀▀▀▀[48;2;16;16;16m▀[38;2;16;16;16;49m▀[0m
[38;2;32;106;131;48;2;32;106;131m▀[38;2;255;246;197;48;2;106;189;205m▀[48;2;255;246;197m▀▀[48;2;106;189;205m▀[38;2;106;189;205m▀▀[38;2;246;230;123;48;2;246;230;123m▀▀▀▀▀▀▀▀[38;2;106;189;205m▀[48;2;106;189;205m▀[38;2;255;246;197m▀[48;2;255;246;197m▀[48;2;246;230;123m▀[38;2;246;230;123m▀▀▀[38;2;16;16;16m▀[38;2;49;139;164;48;2;49;139;164m▀▀[38;2;222;189;57;48;2;222;189;57m▀▀[38;2;16;16;16;48;2;16;16;16m▀[38;2;222;189;57;48;2;222;189;57m▀[48;2;49;139;164m▀▀▀[38;2;49;139;164;48;2;16;16;16m▀[38;2;16;16;16;49m▀[0m
[38;2;32;106;131;48;2;32;106;131m▀[38;2;106;189;205;48;2;49;139;164m▀[48;2;106;189;205m▀▀[48;2;246;230;123m▀▀[38;2;246;230;123m▀[48;2;49;139;164m▀▀▀▀▀▀[48;2;246;230;123m▀▀▀[38;2;106;189;205m▀[48;2;49;139;164m▀[38;2;49;139;164m▀[38;2;246;230;123m▀▀▀▀[38;2;49;139;164m▀▀[48;2;222;189;57m▀[38;2;222;189;57m▀[48;2;32;106;131m▀[38;2;16;16;16;48;2;16;16;16m▀[38;2;49;139;164;48;2;49;139;164m▀[48;2;16;16;16m▀▀[38;2;16;16;16;49m▀[0m
[0m [38;2;115;90;65;48;2;115;90;65m▀[38;2;222;189;57;48;2;222;189;57m▀[38;2;246;230;123m▀[48;2;32;106;131m▀[38;2;49;139;164;48;2;106;189;205m▀▀[38;2;106;189;205m▀▀▀▀▀▀[38;2;49;139;164m▀[38;2;32;106;131m▀▀[38;2;222;189;57;48;2;32;106;131m▀▀[48;2;222;189;57m▀[38;2;49;139;164m▀▀▀▀▀[38;2;222;189;57;48;2;32;106;131m▀▀[38;2;32;106;131;48;2;49;139;164m▀[38;2;16;16;16;48;2;16;16;16m▀[49m▀▀[0m
[0m  [38;2;16;16;16m▀[38;2;32;106;131;48;2;16;16;16m▀[38;2;49;139;164;48;2;49;139;164m▀[38;2;106;189;205m▀▀[48;2;32;106;131m▀[48;2;49;139;164m▀▀▀▀▀▀[38;2;49;139;164m▀▀▀▀[38;2;32;106;131m▀▀▀▀▀▀[38;2;49;139;164m▀[48;2;16;16;16m▀[38;2;16;16;16;49m▀[0m
[0m    [38;2;32;106;131;48;2;16;16;16m▀[38;2;49;139;164;48;2;106;189;205m▀[48;2;16;16;16m▀[38;2;32;106;131;48;2;49;139;164m▀[38;2;49;139;164m▀▀▀▀▀▀▀[38;2;32;106;131;48;2;32;106;131m▀[38;2;49;139;164;48;2;49;139;164m▀▀[38;2;32;106;131;48;2;16;16;16m▀[38;2;49;139;164;48;2;49;139;164m▀▀[48;2;16;16;16m▀▀[38;2;16;16;16;49m▀▀[0m
[0m    [38;2;16;16;16m▀[38;2;106;189;205;48;2;16;16;16m▀[38;2;16;16;16;49m▀▀▀▀[38;2;49;139;164;48;2;32;106;131m▀[48;2;16;16;16m▀▀▀▀▀[38;2;16;16;16m▀[38;2;106;189;205;48;2;106;189;205m▀[38;2;16;16;16;48;2;16;16;16m▀[49m▀▀[0m
[0m                 [38;2;16;16;16m▀[38;2;32;106;131m▀[0m
