[0m                                 [38;2;98;49;74m▄[48;2;230;164;205m▀[49m▄[0m             [38;2;98;49;74m▄▄▄[38;2;16;16;16m▄[0m
[0m      [38;2;98;49;74m▄▄▄[0m         [38;2;98;49;74m▄[48;2;230;164;205m▀[49m▄[0m           [38;2;98;49;74;48;2;98;49;74m▀[38;2;230;164;205;48;2;230;164;205m▀▀[38;2;98;49;74;48;2;16;16;16m▀[0m          [38;2;98;49;74m▄[48;2;230;164;205m▀▀[38;2;230;164;205m▀▀[48;2;222;131;180m▀[48;2;98;49;74m▀[38;2;16;16;16;48;2;16;16;16m▀[0m
[0m      [38;2;98;49;74m▀[38;2;230;164;205;48;2;98;49;74m▀[48;2;230;164;205m▀[38;2;98;49;74m▀▀[49m▄[0m      [38;2;98;49;74;48;2;98;49;74m▀[38;2;230;164;205;48;2;230;164;205m▀▀[38;2;98;49;74;48;2;98;49;74m▀[0m         [38;2;98;49;74;48;2;98;49;74m▀[38;2;230;164;205;48;2;230;164;205m▀▀[48;2;222;131;180m▀[38;2;16;16;16;48;2;172;98;148m▀[0m        [38;2;98;49;74m▄[48;2;230;164;205m▀[38;2;230;164;205m▀▀▀[38;2;222;131;180;48;2;172;98;148m▀[38;2;172;98;148m▀[38;2;98;49;74;48;2;16;16;16m▀[38;2;16;16;16;49m▀[0m
[0m       [38;2;98;49;74m▀[38;2;230;164;205;48;2;98;49;74m▀[48;2;230;164;205m▀▀▀[38;2;98;49;74;48;2;222;131;180m▀[38;2;16;16;16;49m▄[0m    [38;2;98;49;74;48;2;98;49;74m▀[38;2;230;164;205;48;2;230;164;205m▀▀▀[38;2;172;98;148;48;2;172;98;148m▀[0m       [38;2;98;49;74m▄[48;2;230;164;205m▀[38;2;230;164;205m▀[48;2;222;131;180m▀[38;2;222;131;180m▀▀[38;2;172;98;148;48;2;98;49;74m▀[0m      [38;2;98;49;74;48;2;98;49;74m▀[38;2;230;164;205;48;2;230;164;205m▀▀▀[48;2;172;98;148m▀[38;2;172;98;148m▀▀[38;2;16;16;16;48;2;98;49;74m▀[0m
[0m        [38;2;16;16;16;48;2;16;16;16m▀[38;2;230;164;205;48;2;222;131;180m▀[48;2;230;164;205m▀▀[38;2;222;131;180m▀[38;2;16;16;16;48;2;222;131;180m▀[49m▄[0m   [38;2;98;49;74;48;2;98;49;74m▀[38;2;230;164;205;48;2;230;164;205m▀▀▀▀[38;2;172;98;148;48;2;172;98;148m▀[0m      [38;2;98;49;74;48;2;98;49;74m▀[38;2;230;164;205;48;2;230;164;205m▀▀[38;2;222;131;180;48;2;222;131;180m▀▀▀[38;2;16;16;16;48;2;16;16;16m▀[0m     [38;2;98;49;74;48;2;98;49;74m▀[38;2;230;164;205;48;2;230;164;205m▀▀▀[48;2;172;98;148m▀[38;2;172;98;148m▀▀[38;2;16;16;16;48;2;16;16;16m▀[0m
[0m        [38;2;16;16;16;48;2;98;49;74m▀[38;2;172;98;148;48;2;172;98;148m▀[38;2;230;164;205;48;2;230;164;205m▀▀▀[38;2;222;131;180;48;2;222;131;180m▀[38;2;16;16;16m▀[49m▄[0m  [38;2;98;49;74;48;2;98;49;74m▀[38;2;230;164;205;48;2;230;164;205m▀▀▀▀▀[38;2;172;98;148;48;2;172;98;148m▀[38;2;98;49;74;49m▄▄▄▄[48;2;16;16;16m▀[38;2;230;164;205;48;2;230;164;205m▀▀[38;2;222;131;180;48;2;222;131;180m▀▀▀▀[38;2;16;16;16;48;2;98;49;74m▀[0m    [38;2;98;49;74m▄[48;2;230;164;205m▀[38;2;230;164;205m▀▀▀[38;2;172;98;148;48;2;172;98;148m▀▀▀[38;2;16;16;16;48;2;98;49;74m▀[38;2;98;49;74;49m▄[0m    [38;2;16;16;16m▄[38;2;98;49;74m▄[0m
[38;2;98;49;74;49m▄▄[0m     [38;2;16;16;16;48;2;16;16;16m▀[38;2;172;98;148;48;2;172;98;148m▀▀[38;2;230;164;205;48;2;230;164;205m▀▀[48;2;222;131;180m▀[38;2;222;131;180m▀▀[38;2;16;16;16;48;2;16;16;16m▀[0m   [38;2;98;49;74;48;2;98;49;74m▀[38;2;230;164;205;48;2;230;164;205m▀[48;2;172;98;148m▀[38;2;172;98;148;48;2;230;164;205m▀[38;2;98;49;74m▀▀[38;2;230;164;205m▀▀▀▀[38;2;172;98;148m▀[38;2;230;164;205m▀▀[38;2;222;131;180m▀[48;2;222;131;180m▀▀▀[38;2;98;49;74;48;2;172;98;148m▀[0m    [38;2;98;49;74;48;2;98;49;74m▀[38;2;230;164;205;48;2;230;164;205m▀▀▀▀[38;2;222;131;180m▀[38;2;172;98;148;48;2;172;98;148m▀▀[38;2;98;49;74m▀[48;2;98;49;74m▀[49m▄[38;2;16;16;16m▄▄[48;2;230;164;205m▀[38;2;230;164;205m▀[38;2;98;49;74;48;2;16;16;16m▀[0m
[38;2;16;16;16;48;2;16;16;16m▀[38;2;222;131;180;48;2;222;131;180m▀[38;2;98;49;74m▀[49m▄▄▄[38;2;16;16;16;48;2;172;98;148m▀[38;2;172;98;148m▀▀[38;2;222;131;180;48;2;222;131;180m▀▀▀▀▀[48;2;172;98;148m▀[38;2;98;49;74;48;2;98;49;74m▀[0m  [38;2;16;16;16m▄[38;2;98;49;74;48;2;230;164;205m▀[38;2;230;164;205m▀▀▀▀▀▀▀▀▀▀▀▀▀▀[38;2;222;131;180;48;2;222;131;180m▀▀▀[38;2;16;16;16;48;2;98;49;74m▀[0m   [38;2;16;16;16;48;2;16;16;16m▀[38;2;222;131;180;48;2;222;131;180m▀[38;2;230;164;205m▀▀▀[38;2;222;131;180m▀▀[38;2;98;49;74m▀▀[38;2;16;16;16m▀▀[38;2;230;164;205;48;2;230;164;205m▀▀[48;2;222;131;180m▀[38;2;222;131;180m▀[38;2;16;16;16;48;2;16;16;16m▀[0m
[0m [38;2;98;49;74;48;2;16;16;16m▀[38;2;222;131;180;48;2;222;131;180m▀▀[38;2;172;98;148m▀[38;2;16;16;16m▀▀[38;2;98;49;74m▀[38;2;222;131;180m▀▀▀▀▀[48;2;172;98;148m▀[38;2;172;98;148m▀[38;2;98;49;74;48;2;98;49;74m▀[0m [38;2;16;16;16m▄[38;2;172;98;148;48;2;230;164;205m▀[38;2;230;164;205m▀▀▀▀[48;2;172;98;148m▀[48;2;230;164;205m▀▀▀▀[48;2;172;98;148m▀[38;2;172;98;148;48;2;230;164;205m▀[38;2;230;164;205m▀[48;2;52;79;120m▀[38;2;98;49;74;48;2;255;255;255m▀[38;2;16;16;16m▀[38;2;222;131;180;48;2;16;16;16m▀[48;2;222;131;180m▀▀[48;2;172;98;148m▀[38;2;98;49;74;48;2;98;49;74m▀[0m  [38;2;16;16;16;48;2;16;16;16m▀[38;2;222;131;180;48;2;222;131;180m▀▀▀▀▀▀▀▀▀▀▀▀▀[38;2;98;49;74;48;2;98;49;74m▀[0m
[0m  [38;2;98;49;74m▀[38;2;222;131;180;48;2;98;49;74m▀[48;2;172;98;148m▀[48;2;222;131;180m▀▀▀▀▀[48;2;172;98;148m▀▀[38;2;172;98;148m▀▀[38;2;98;49;74;48;2;98;49;74m▀[49m▄[38;2;16;16;16m▄[48;2;230;164;205m▀[38;2;230;164;205;48;2;16;16;16m▀[38;2;16;16;16;48;2;255;255;255m▀[38;2;52;79;120m▀[38;2;230;164;205;48;2;52;79;120m▀[48;2;230;164;205m▀[38;2;172;98;148m▀[38;2;230;164;205m▀▀▀▀[38;2;172;98;148m▀[38;2;230;164;205m▀[38;2;52;79;120;48;2;172;189;197m▀[38;2;255;255;255;48;2;255;255;255m▀▀▀▀[38;2;98;49;74;48;2;98;49;74m▀[38;2;222;131;180;48;2;172;98;148m▀[38;2;172;98;148m▀▀[38;2;98;49;74;48;2;98;49;74m▀[38;2;16;16;16;49m▄[48;2;16;16;16m▀[38;2;172;98;148;48;2;172;98;148m▀[38;2;222;131;180m▀▀[48;2;222;131;180m▀▀[48;2;98;49;74m▀[48;2;172;98;148m▀[48;2;222;131;180m▀▀▀[48;2;98;49;74m▀[48;2;16;16;16m▀[38;2;16;16;16;49m▀[0m
[0m    [38;2;98;49;74m▀[48;2;98;49;74m▀[48;2;172;98;148m▀[38;2;172;98;148m▀▀▀▀▀▀[38;2;98;49;74;48;2;16;16;16m▀[48;2;222;131;180m▀[38;2;222;131;180m▀[38;2;16;16;16;48;2;16;16;16m▀[38;2;230;164;205;48;2;230;164;205m▀[38;2;98;49;74;48;2;52;79;120m▀[38;2;255;255;255;48;2;172;189;197m▀[48;2;255;255;255m▀[48;2;52;79;120m▀[38;2;172;189;197;48;2;255;255;255m▀[38;2;230;164;205;48;2;172;98;148m▀[48;2;230;164;205m▀▀▀▀▀[38;2;52;79;120;48;2;52;79;120m▀[38;2;255;255;255;48;2;255;255;255m▀[38;2;52;79;120;48;2;16;16;16m▀[38;2;255;255;255;48;2;172;189;197m▀[48;2;222;131;180m▀[38;2;172;189;197;48;2;172;98;148m▀[38;2;172;98;148m▀▀▀▀[38;2;16;16;16;48;2;16;16;16m▀[38;2;222;131;180;48;2;222;131;180m▀▀[38;2;16;16;16;48;2;16;16;16m▀[38;2;172;98;148;48;2;172;98;148m▀▀▀▀▀[38;2;98;49;74m▀[48;2;98;49;74m▀[38;2;16;16;16m▀[49m▀[0m
[0m      [38;2;16;16;16m▀[38;2;98;49;74m▀[38;2;172;98;148;48;2;16;16;16m▀▀▀[38;2;98;49;74;48;2;172;98;148m▀[38;2;16;16;16m▀[38;2;172;98;148m▀[38;2;222;131;180m▀▀[38;2;16;16;16m▀[38;2;230;164;205;48;2;98;49;74m▀[38;2;222;131;180;48;2;222;131;180m▀[38;2;52;79;120;48;2;98;49;74m▀[38;2;255;255;255;48;2;222;131;180m▀[38;2;16;16;16m▀[38;2;255;255;255m▀[38;2;172;98;148m▀[38;2;230;164;205;48;2;230;164;205m▀▀▀▀[48;2;222;131;180m▀[38;2;222;131;180m▀[48;2;98;49;74m▀[48;2;16;16;16m▀▀[38;2;16;16;16;48;2;52;79;120m▀[48;2;172;98;148m▀[38;2;172;98;148m▀▀[48;2;98;49;74m▀[38;2;16;16;16m▀[38;2;222;131;180;48;2;172;98;148m▀[48;2;222;131;180m▀▀[48;2;172;98;148m▀[38;2;98;49;74m▀[38;2;172;98;148;48;2;16;16;16m▀▀▀▀[38;2;16;16;16;49m▀▀[0m
[0m          [38;2;74;115;189m▀[38;2;16;16;16;48;2;74;115;189m▀[38;2;98;49;74;48;2;106;156;238m▀[38;2;172;98;148;48;2;16;16;16m▀▀[48;2;98;49;74m▀[48;2;172;98;148m▀[38;2;16;16;16m▀[38;2;172;98;148;48;2;16;16;16m▀[48;2;98;49;74m▀[38;2;16;16;16;48;2;52;79;120m▀[48;2;172;189;197m▀▀[38;2;222;131;180;48;2;98;49;74m▀[48;2;16;16;16m▀▀▀[48;2;98;49;74m▀[38;2;16;16;16;48;2;189;106;90m▀▀[38;2;52;79;120m▀[38;2;172;189;197;48;2;52;79;120m▀[48;2;255;255;255m▀[38;2;16;16;16;48;2;16;16;16m▀[38;2;172;98;148;48;2;172;98;148m▀[48;2;98;49;74m▀[48;2;16;16;16m▀[38;2;16;16;16;48;2;172;98;148m▀[38;2;172;98;148m▀▀[48;2;16;16;16m▀▀[38;2;16;16;16;48;2;74;115;189m▀▀[38;2;74;115;189m▀▀[48;2;106;156;238m▀[38;2;52;79;120;48;2;52;79;120m▀[0m
[0m           [38;2;74;115;189;48;2;74;115;189m▀[38;2;106;156;238;48;2;106;156;238m▀▀[38;2;74;115;189m▀[48;2;74;115;189m▀[38;2;16;16;16m▀[38;2;172;98;148;48;2;16;16;16m▀▀[38;2;98;49;74;48;2;172;98;148m▀[38;2;16;16;16m▀[38;2;255;255;255;48;2;16;16;16m▀[38;2;52;79;120m▀[38;2;189;106;90;48;2;189;106;90m▀▀▀[38;2;98;49;74;48;2;98;49;74m▀[38;2;189;106;90;48;2;189;106;90m▀▀▀▀[38;2;98;49;74;48;2;16;16;16m▀[38;2;16;16;16;48;2;98;49;74m▀[48;2;222;131;180m▀[38;2;98;49;74;48;2;172;98;148m▀[38;2;172;98;148m▀▀▀[48;2;16;16;16m▀[38;2;16;16;16;48;2;74;115;189m▀[38;2;74;115;189m▀▀▀[48;2;106;156;238m▀▀[38;2;106;156;238m▀▀▀[38;2;52;79;120;48;2;52;79;120m▀[0m
[0m          [38;2;74;115;189;48;2;74;115;189m▀[38;2;106;156;238;48;2;106;156;238m▀▀▀▀▀[38;2;74;115;189m▀[48;2;74;115;189m▀▀[38;2;16;16;16m▀[38;2;98;49;74m▀[38;2;172;98;148;48;2;98;49;74m▀[48;2;222;131;180m▀[38;2;98;49;74;48;2;98;49;74m▀[38;2;255;164;131;48;2;255;164;131m▀▀[38;2;189;106;90m▀[38;2;255;164;131m▀▀[38;2;189;106;90;48;2;189;106;90m▀[38;2;16;16;16;48;2;98;49;74m▀[38;2;222;131;180;48;2;222;131;180m▀▀▀[38;2;172;98;148m▀[48;2;172;98;148m▀▀[38;2;98;49;74;48;2;98;49;74m▀[38;2;74;115;189;48;2;74;115;189m▀▀▀▀[38;2;106;156;238;48;2;106;156;238m▀▀▀▀▀▀[48;2;98;49;74m▀[38;2;52;79;120m▀[38;2;98;49;74;49m▄[0m
[0m         [38;2;74;115;189;48;2;98;49;74m▀[38;2;106;156;238m▀▀[48;2;106;156;238m▀▀▀▀▀[38;2;74;115;189m▀[48;2;52;79;120m▀▀▀[38;2;98;49;74;48;2;98;49;74m▀[38;2;222;131;180;48;2;222;131;180m▀▀[38;2;98;49;74m▀[38;2;255;164;131;48;2;98;49;74m▀▀▀[38;2;189;106;90m▀[38;2;98;49;74;48;2;222;131;180m▀[38;2;222;131;180m▀▀▀▀▀[38;2;172;98;148;48;2;172;98;148m▀▀▀[38;2;16;16;16;48;2;16;16;16m▀[38;2;52;79;120;48;2;74;115;189m▀▀▀[38;2;74;115;189;48;2;106;156;238m▀[38;2;106;156;238;48;2;74;115;189m▀▀▀▀[38;2;98;49;74;48;2;98;49;74m▀[38;2;222;131;180;48;2;222;131;180m▀[38;2;230;164;205m▀[48;2;230;164;205m▀[38;2;98;49;74m▀▀[49m▄[0m
[0m       [38;2;98;49;74m▄[48;2;230;164;205m▀[38;2;222;131;180m▀[38;2;230;164;205m▀[48;2;222;131;180m▀[38;2;16;16;16m▀[48;2;16;16;16m▀[38;2;106;156;238;48;2;106;156;238m▀[38;2;74;115;189m▀[38;2;52;79;120m▀▀[38;2;74;115;189;48;2;74;115;189m▀▀▀[38;2;98;49;74;48;2;98;49;74m▀[38;2;222;131;180;48;2;172;98;148m▀[48;2;222;131;180m▀▀▀▀▀▀▀▀▀▀▀[38;2;172;98;148;48;2;172;98;148m▀▀▀▀[38;2;16;16;16;48;2;16;16;16m▀[38;2;74;115;189;48;2;74;115;189m▀▀▀▀[38;2;106;156;238;48;2;106;156;238m▀▀▀▀[38;2;16;16;16m▀[38;2;98;49;74;48;2;98;49;74m▀[38;2;222;131;180;48;2;16;16;16m▀▀[38;2;16;16;16;49m▀▀[38;2;98;49;74m▀[0m
[0m       [38;2;98;49;74m▀▀▀[38;2;222;131;180;48;2;16;16;16m▀▀[38;2;16;16;16;48;2;106;156;238m▀[38;2;106;156;238m▀▀▀▀[48;2;74;115;189m▀[38;2;74;115;189m▀▀▀▀[38;2;98;49;74;48;2;98;49;74m▀[38;2;222;131;180;48;2;172;98;148m▀▀[48;2;222;131;180m▀▀▀▀▀▀[48;2;172;98;148m▀▀[38;2;172;98;148m▀▀▀▀[48;2;16;16;16m▀[38;2;16;16;16;48;2;74;115;189m▀[38;2;74;115;189m▀▀▀▀▀[38;2;106;156;238m▀▀[48;2;106;156;238m▀[48;2;52;79;120m▀[38;2;52;79;120;49m▀[0m
[0m            [38;2;52;79;120m▀[38;2;106;156;238;48;2;52;79;120m▀[48;2;106;156;238m▀[48;2;74;115;189m▀▀[38;2;74;115;189m▀▀▀▀▀▀[38;2;98;49;74m▀[38;2;172;98;148;48;2;98;49;74m▀[48;2;172;98;148m▀▀▀▀▀▀▀▀▀▀▀[48;2;98;49;74m▀[38;2;16;16;16m▀[38;2;74;115;189m▀[48;2;74;115;189m▀▀▀▀▀▀▀[38;2;52;79;120;48;2;52;79;120m▀[38;2;98;49;74;48;2;172;98;148m▀▀[48;2;222;131;180m▀▀[49m▄▄[0m
[0m              [38;2;52;79;120m▀[38;2;74;115;189;48;2;52;79;120m▀[48;2;74;115;189m▀▀▀▀▀▀▀▀[38;2;16;16;16;48;2;98;49;74m▀[48;2;172;98;148m▀[38;2;172;98;148m▀[48;2;16;16;16m▀▀▀▀▀[48;2;98;49;74m▀[38;2;16;16;16;48;2;172;98;148m▀▀[38;2;98;49;74;48;2;98;49;74m▀[38;2;172;98;148;48;2;172;98;148m▀▀[38;2;98;49;74;48;2;98;49;74m▀[38;2;74;115;189;48;2;74;115;189m▀▀▀▀▀▀[38;2;52;79;120;48;2;52;79;120m▀[38;2;172;98;148;48;2;172;98;148m▀▀[38;2;222;131;180;48;2;222;131;180m▀▀▀▀[38;2;172;98;148m▀[38;2;98;49;74;48;2;172;98;148m▀[38;2;16;16;16;49m▄[0m
[0m                [38;2;52;79;120m▀[38;2;74;115;189;48;2;52;79;120m▀[48;2;74;115;189m▀▀▀[48;2;98;49;74m▀[38;2;98;49;74;48;2;222;131;180m▀[38;2;16;16;16m▀[38;2;172;98;148;48;2;98;49;74m▀▀[38;2;16;16;16;48;2;172;98;148m▀[49m▄[0m [38;2;98;49;74m▀[38;2;172;98;148;48;2;98;49;74m▀[48;2;172;98;148m▀▀▀▀▀[38;2;98;49;74;48;2;16;16;16m▀[38;2;172;98;148;48;2;98;49;74m▀[38;2;222;131;180m▀[38;2;98;49;74;48;2;222;131;180m▀▀[38;2;74;115;189;48;2;16;16;16m▀[48;2;74;115;189m▀▀[38;2;52;79;120;48;2;52;79;120m▀[38;2;172;98;148;48;2;172;98;148m▀▀▀▀[38;2;222;131;180m▀▀▀[38;2;172;98;148m▀[48;2;98;49;74m▀[38;2;98;49;74;48;2;172;98;148m▀[48;2;222;131;180m▀[49m▄▄[0m
[0m                 [38;2;52;79;120m▀[38;2;74;115;189;48;2;52;79;120m▀[48;2;74;115;189m▀[48;2;16;16;16m▀[38;2;16;16;16;48;2;222;131;180m▀[38;2;98;49;74m▀[38;2;222;131;180;48;2;172;98;148m▀[48;2;98;49;74m▀[38;2;172;98;148m▀▀[38;2;16;16;16;49m▀[0m   [38;2;98;49;74m▀[48;2;98;49;74m▀[48;2;172;98;148m▀▀[48;2;16;16;16m▀[38;2;16;16;16;48;2;222;131;180m▀[38;2;172;98;148;48;2;98;49;74m▀[38;2;222;131;180m▀[48;2;172;98;148m▀[38;2;98;49;74;48;2;222;131;180m▀[38;2;16;16;16m▀▀[38;2;74;115;189;48;2;16;16;16m▀[38;2;52;79;120;48;2;52;79;120m▀[38;2;172;98;148;48;2;172;98;148m▀▀▀▀▀▀▀▀[38;2;98;49;74;48;2;16;16;16m▀[38;2;172;98;148;48;2;172;98;148m▀[48;2;98;49;74m▀[38;2;222;131;180m▀▀[38;2;98;49;74;49m▀[0m
[0m                  [38;2;52;79;120m▀[38;2;74;115;189;48;2;16;16;16m▀[38;2;16;16;16;48;2;98;49;74m▀[38;2;98;49;74;48;2;222;131;180m▀▀[38;2;222;131;180;48;2;98;49;74m▀[48;2;222;131;180m▀[38;2;172;98;148;48;2;172;98;148m▀▀[38;2;16;16;16;48;2;16;16;16m▀[0m     [38;2;98;49;74m▀▀[38;2;16;16;16;48;2;16;16;16m▀[38;2;222;131;180;48;2;172;98;148m▀[48;2;222;131;180m▀▀[48;2;98;49;74m▀[38;2;98;49;74;48;2;222;131;180m▀▀[38;2;222;131;180;48;2;98;49;74m▀[38;2;16;16;16;48;2;172;98;148m▀[38;2;172;98;148;48;2;16;16;16m▀[48;2;98;49;74m▀[48;2;172;98;148m▀▀▀▀▀[48;2;16;16;16m▀▀[38;2;16;16;16;49m▀[38;2;98;49;74m▀[0m
[0m                  [38;2;98;49;74m▄[48;2;230;164;205m▀[38;2;230;164;205m▀[48;2;222;131;180m▀[38;2;222;131;180m▀[38;2;98;49;74;48;2;16;16;16m▀[38;2;172;98;148m▀▀[38;2;16;16;16;49m▀[0m         [38;2;98;49;74;48;2;16;16;16m▀[38;2;172;98;148;48;2;172;98;148m▀▀[38;2;98;49;74;48;2;98;49;74m▀[38;2;230;164;205;48;2;222;131;180m▀[48;2;230;164;205m▀[38;2;222;131;180m▀[38;2;98;49;74;48;2;98;49;74m▀[38;2;16;16;16;48;2;172;98;148m▀[0m [38;2;16;16;16m▀▀▀▀▀[0m
[0m                  [38;2;98;49;74;48;2;16;16;16m▀[38;2;230;164;205m▀[38;2;222;131;180m▀[38;2;98;49;74;49m▀▀[38;2;16;16;16m▀[0m             [38;2;16;16;16m▀▀▀[38;2;172;98;148;48;2;16;16;16m▀[38;2;222;131;180m▀[38;2;230;164;205;48;2;172;98;148m▀[38;2;222;131;180;48;2;230;164;205m▀[38;2;98;49;74;48;2;98;49;74m▀[0m
[0m                                          [38;2;16;16;16m▀▀▀[0m
