[0m       [38;2;16;16;16m▄[48;2;74;90;90m▀▀▀[49m▄[0m                  [38;2;16;16;16m▄▄▄[0m
[0m    [38;2;16;16;16m▄▄[48;2;16;16;16m▀[38;2;74;90;90;48;2;74;90;90m▀▀▀▀[48;2;238;106;123m▀[38;2;16;16;16;48;2;172;49;65m▀[0m               [38;2;16;16;16m▄[48;2;238;106;123m▀[38;2;74;90;90;48;2;74;90;90m▀▀▀[38;2;16;16;16m▀[49m▄[0m
[0m  [38;2;16;16;16m▄[48;2;74;90;90m▀[38;2;115;131;131;48;2;115;131;131m▀▀[38;2;16;16;16m▀[48;2;255;172;180m▀[38;2;74;90;90;48;2;16;16;16m▀[38;2;238;106;123;48;2;238;106;123m▀▀▀▀[38;2;172;49;65;48;2;172;49;65m▀[49m▄▄[48;2;255;172;180m▀▀▀[38;2;16;16;16m▀▀▀[38;2;172;49;65;49m▄[38;2;16;16;16m▄▄[0m [38;2;172;49;65m▄[38;2;16;16;16;48;2;238;106;123m▀[38;2;238;106;123m▀▀▀[38;2;74;90;90m▀[48;2;74;90;90m▀▀▀[38;2;16;16;16;49m▄[0m
[0m [38;2;16;16;16m▄[48;2;74;90;90m▀[38;2;115;131;131;48;2;115;131;131m▀▀[48;2;255;172;180m▀[38;2;255;172;180m▀▀▀[38;2;16;16;16m▀[38;2;238;106;123;48;2;238;106;123m▀[48;2;172;49;65m▀[38;2;172;49;65;48;2;255;172;180m▀[48;2;255;197;197m▀[38;2;255;197;197m▀▀▀▀[38;2;255;172;180m▀[48;2;255;172;180m▀▀▀▀▀▀[38;2;16;16;16m▀[38;2;172;49;65;48;2;172;49;65m▀[38;2;238;106;123;48;2;238;106;123m▀▀▀[48;2;16;16;16m▀▀[38;2;16;16;16;48;2;238;106;123m▀[48;2;115;131;131m▀▀▀▀[49m▄[0m
[38;2;16;16;16;49m▄[48;2;74;90;90m▀[38;2;74;90;90m▀[38;2;115;131;131m▀[48;2;238;106;123m▀[38;2;255;172;180;48;2;255;172;180m▀▀▀▀[48;2;238;106;123m▀[48;2;255;172;180m▀▀[38;2;255;197;197;48;2;255;197;197m▀▀▀▀▀▀▀[38;2;255;172;180;48;2;255;172;180m▀[48;2;238;106;123m▀▀[48;2;255;172;180m▀▀▀▀▀[38;2;238;106;123;48;2;238;106;123m▀[38;2;16;16;16;48;2;255;172;180m▀[38;2;172;49;65m▀[38;2;255;172;180m▀▀▀▀[38;2;115;131;131;48;2;115;131;131m▀▀▀[38;2;74;90;90m▀[49m▄[0m
[38;2;16;16;16;48;2;16;16;16m▀[38;2;74;90;90;48;2;74;90;90m▀▀▀[38;2;238;106;123m▀[48;2;238;106;123m▀▀[38;2;255;172;180m▀[48;2;172;49;65m▀[38;2;172;49;65;48;2;115;131;131m▀[38;2;255;172;180;48;2;172;49;65m▀[48;2;255;172;180m▀[38;2;238;106;123m▀[38;2;255;197;197;48;2;238;106;123m▀[48;2;255;197;197m▀▀▀▀[38;2;255;172;180;48;2;172;49;65m▀[38;2;172;49;65;48;2;255;197;197m▀[38;2;255;197;197m▀[38;2;255;172;180m▀[48;2;255;172;180m▀[48;2;238;106;123m▀▀[48;2;255;172;180m▀▀▀▀▀▀▀▀▀▀[38;2;115;131;131;48;2;115;131;131m▀▀▀[38;2;74;90;90;48;2;16;16;16m▀[0m
[0m [38;2;16;16;16m▀▀▀▀[38;2;172;49;65m▀▀▀[48;2;172;49;65m▀[38;2;222;222;222;48;2;222;222;222m▀[48;2;255;255;255m▀[38;2;115;131;131;48;2;16;16;16m▀[38;2;255;172;180;48;2;172;49;65m▀[38;2;172;49;65;48;2;255;172;180m▀[38;2;255;197;197m▀▀▀[38;2;255;172;180m▀[38;2;238;106;123m▀[38;2;255;197;197m▀[38;2;255;172;180;48;2;238;106;123m▀[48;2;115;131;131m▀[38;2;172;49;65;48;2;222;222;222m▀[38;2;222;222;222m▀[38;2;172;49;65;48;2;238;106;123m▀[38;2;255;172;180;48;2;255;172;180m▀▀[38;2;238;106;123;48;2;238;106;123m▀[48;2;16;16;16m▀[48;2;238;106;123m▀▀[38;2;255;172;180m▀▀▀▀[38;2;115;131;131;48;2;74;90;90m▀[38;2;74;90;90m▀▀[38;2;16;16;16;48;2;16;16;16m▀[0m
[0m       [38;2;172;49;65;48;2;172;49;65m▀[38;2;255;172;180;48;2;255;172;180m▀[38;2;238;106;123m▀[38;2;255;255;255m▀[48;2;238;106;123m▀[38;2;222;222;222m▀[38;2;238;106;123;48;2;255;255;255m▀[38;2;255;172;180;48;2;115;131;131m▀[48;2;16;16;16m▀[48;2;255;172;180m▀▀[38;2;238;106;123m▀[38;2;222;222;222;48;2;238;106;123m▀[48;2;255;255;255m▀[38;2;16;16;16m▀[38;2;255;255;255m▀[48;2;238;106;123m▀[38;2;255;172;180;48;2;255;172;180m▀▀▀▀[38;2;172;49;65;48;2;238;106;123m▀[38;2;16;16;16;48;2;172;49;65m▀[49m▀[38;2;238;106;123;48;2;16;16;16m▀▀▀[38;2;74;90;90;48;2;74;90;90m▀▀▀▀[38;2;16;16;16;48;2;16;16;16m▀[0m
[0m      [38;2;172;49;65;48;2;172;49;65m▀[38;2;238;106;123;48;2;238;106;123m▀[38;2;255;172;180;48;2;255;172;180m▀▀[38;2;172;49;65;48;2;172;49;65m▀[48;2;222;222;222m▀[38;2;255;172;180;48;2;238;106;123m▀▀[48;2;172;49;65m▀▀▀[48;2;255;172;180m▀▀[48;2;172;49;65m▀[38;2;238;106;123m▀[48;2;255;172;180m▀▀[38;2;255;172;180m▀▀▀▀[48;2;238;106;123m▀[38;2;238;106;123m▀[38;2;172;49;65m▀[38;2;16;16;16;49m▄[0m   [38;2;16;16;16m▀▀▀▀[0m
[0m      [38;2;172;49;65m▀[38;2;238;106;123;48;2;172;49;65m▀[48;2;238;106;123m▀[38;2;255;172;180m▀[38;2;172;49;65m▀[38;2;255;255;255;48;2;74;90;90m▀[38;2;222;222;222;48;2;172;49;65m▀[38;2;172;49;65;48;2;255;172;180m▀[38;2;255;172;180m▀▀▀[38;2;172;49;65m▀[48;2;222;222;222m▀[38;2;222;222;222;48;2;255;255;255m▀[38;2;172;49;65;48;2;172;49;65m▀[38;2;255;172;180;48;2;238;106;123m▀[48;2;255;172;180m▀▀▀[48;2;238;106;123m▀▀[38;2;238;106;123m▀▀▀[38;2;16;16;16;48;2;16;16;16m▀[0m
[0m      [38;2;172;49;65m▄[38;2;16;16;16;48;2;172;49;65m▀[38;2;238;106;123;48;2;16;16;16m▀[48;2;238;106;123m▀▀[38;2;172;49;65;48;2;16;16;16m▀[38;2;238;106;123;48;2;238;106;123m▀▀[38;2;255;172;180m▀▀▀[38;2;238;106;123m▀[38;2;172;49;65m▀[38;2;74;90;90m▀[38;2;172;49;65;48;2;16;16;16m▀[38;2;238;106;123;48;2;238;106;123m▀▀▀▀▀▀▀[48;2;172;49;65m▀[38;2;172;49;65;48;2;16;16;16m▀[0m
[0m     [38;2;16;16;16;48;2;16;16;16m▀[38;2;238;106;123;48;2;238;106;123m▀▀▀[38;2;16;16;16m▀[48;2;16;16;16m▀[38;2;74;90;90;48;2;115;172;230m▀[38;2;16;16;16;48;2;180;222;246m▀[48;2;115;172;230m▀[38;2;238;106;123;48;2;16;16;16m▀▀▀▀[38;2;16;16;16;48;2;115;172;230m▀▀[38;2;172;49;65m▀▀[38;2;238;106;123;48;2;16;16;16m▀▀▀▀[38;2;172;49;65;48;2;172;49;65m▀[48;2;238;106;123m▀[38;2;16;16;16m▀▀▀[49m▄[0m
[0m      [38;2;16;16;16m▀[38;2;172;49;65m▀[38;2;238;106;123;48;2;172;49;65m▀[38;2;172;49;65m▀[38;2;16;16;16;48;2;238;106;123m▀[38;2;180;222;246;48;2;16;16;16m▀[48;2;74;90;90m▀[48;2;115;172;230m▀[48;2;180;222;246m▀▀[38;2;115;172;230m▀[48;2;115;172;230m▀▀▀▀▀[48;2;16;16;16m▀[48;2;74;90;90m▀[38;2;74;90;90;48;2;172;49;65m▀[38;2;238;106;123;48;2;238;106;123m▀▀▀▀[48;2;16;16;16m▀▀[38;2;16;16;16;49m▀[0m
[0m         [38;2;16;16;16;48;2;16;16;16m▀[38;2;238;106;123;48;2;115;172;230m▀[48;2;238;106;123m▀[48;2;255;172;180m▀[38;2;16;16;16m▀[38;2;180;222;246;48;2;16;16;16m▀▀[38;2;115;172;230m▀[38;2;16;16;16;48;2;238;106;123m▀▀[38;2;115;172;230;48;2;16;16;16m▀▀[38;2;16;16;16;48;2;238;106;123m▀[38;2;172;49;65m▀▀[38;2;238;106;123m▀▀[48;2;172;49;65m▀[38;2;172;49;65;48;2;16;16;16m▀[38;2;16;16;16;49m▀[0m
[0m       [38;2;172;49;65m▄[48;2;172;49;65m▀[38;2;115;172;230;48;2;115;172;230m▀[48;2;255;172;180m▀[38;2;255;172;180m▀▀[48;2;180;222;246m▀[48;2;255;172;180m▀▀▀▀[38;2;238;106;123m▀▀[48;2;115;172;230m▀[48;2;238;106;123m▀▀▀[38;2;115;172;230;48;2;115;172;230m▀▀[38;2;172;49;65m▀[38;2;16;16;16;48;2;238;106;123m▀[49m▄[0m
[0m      [38;2;172;49;65;48;2;16;16;16m▀[38;2;238;106;123;48;2;238;106;123m▀▀[48;2;172;49;65m▀[38;2;255;172;180m▀[48;2;255;172;180m▀[38;2;180;222;246;48;2;180;222;246m▀▀▀[38;2;255;172;180;48;2;255;172;180m▀▀▀▀[38;2;180;222;246;48;2;180;222;246m▀▀[38;2;115;172;230m▀[38;2;238;106;123;48;2;238;106;123m▀▀▀[38;2;115;172;230m▀[38;2;238;106;123m▀▀▀[38;2;16;16;16;48;2;16;16;16m▀[0m
[0m       [38;2;16;16;16m▀▀[48;2;172;49;65m▀[38;2;172;49;65;48;2;16;16;16m▀[38;2;255;172;180;48;2;255;172;180m▀▀[38;2;180;222;246;48;2;16;16;16m▀[38;2;255;172;180;48;2;172;49;65m▀[48;2;255;172;180m▀▀▀▀▀[38;2;180;222;246;48;2;16;16;16m▀[38;2;255;172;180m▀[38;2;238;106;123;48;2;238;106;123m▀▀▀▀[38;2;172;49;65;48;2;16;16;16m▀[38;2;16;16;16;48;2;90;49;8m▀[49m▀[0m
[0m        [38;2;16;16;16;48;2;16;16;16m▀[38;2;189;106;8;48;2;90;49;8m▀[38;2;172;49;65;48;2;255;180;82m▀[38;2;16;16;16;48;2;189;106;8m▀[48;2;255;180;82m▀[38;2;189;106;8;48;2;189;106;8m▀[38;2;16;16;16m▀[38;2;238;106;123;48;2;172;49;65m▀[38;2;255;172;180m▀▀[38;2;172;49;65;49m▀[38;2;16;16;16m▀[38;2;90;49;8;48;2;90;49;8m▀[38;2;189;106;8;48;2;189;106;8m▀[38;2;16;16;16m▀[38;2;172;49;65m▀[38;2;238;106;123;48;2;16;16;16m▀▀[38;2;16;16;16;48;2;255;180;82m▀[38;2;189;106;8m▀[38;2;90;49;8;48;2;16;16;16m▀[0m
[0m         [38;2;90;49;8m▀[38;2;189;106;8;48;2;90;49;8m▀[38;2;90;49;8;48;2;16;16;16m▀[38;2;255;180;82m▀▀[38;2;16;16;16;49m▀▀[0m    [38;2;90;49;8m▀[38;2;189;106;8;48;2;16;16;16m▀[38;2;255;180;82;48;2;189;106;8m▀[48;2;255;180;82m▀[38;2;189;106;8;48;2;90;49;8m▀[38;2;255;180;82;48;2;255;180;82m▀[38;2;189;106;8;48;2;189;106;8m▀[38;2;255;180;82;48;2;16;16;16m▀[38;2;16;16;16;49m▀[0m
[0m                      [38;2;16;16;16m▀▀▀▀▀[0m
