[0m  [38;2;16;16;16m▄▄[48;2;213;172;213m▀▀▀▀▀▀[49m▄▄▄[0m                      [38;2;98;57;90m▄▄▄[48;2;213;172;213m▀▀▀[49m▄▄[0m
[0m [38;2;16;16;16;48;2;16;16;16m▀[38;2;213;172;213;48;2;213;172;213m▀[48;2;172;131;172m▀[38;2;172;131;172;48;2;139;90;131m▀▀[38;2;213;172;213;48;2;98;57;90m▀[48;2;172;131;172m▀▀▀[48;2;213;172;213m▀▀▀[38;2;98;57;90m▀▀[49m▄▄[0m   [38;2;98;57;90m▄[38;2;16;16;16m▄▄▄▄[38;2;98;57;90m▄▄[0m    [38;2;98;57;90m▄▄[48;2;213;172;213m▀▀[38;2;213;172;213m▀▀▀▀▀▀▀▀[38;2;16;16;16;48;2;172;131;172m▀[49m▄[0m
[38;2;98;57;90;48;2;98;57;90m▀[38;2;213;172;213;48;2;213;172;213m▀[48;2;172;131;172m▀[38;2;139;90;131;48;2;139;90;131m▀▀▀[38;2;98;57;90m▀[38;2;172;131;172;48;2;98;57;90m▀[48;2;172;131;172m▀▀▀▀▀[48;2;16;16;16m▀[38;2;16;16;16;48;2;213;172;213m▀[48;2;16;16;16m▀[38;2;213;172;213;48;2;213;172;213m▀[38;2;98;57;90;48;2;16;16;16m▀[38;2;16;16;16;48;2;213;172;213m▀▀[38;2;213;172;213m▀▀▀▀[38;2;172;131;172m▀▀[48;2;172;131;172m▀[38;2;98;57;90m▀▀[49m▄[48;2;213;172;213m▀[38;2;213;172;213m▀[48;2;172;131;172m▀▀[38;2;172;131;172m▀[48;2;16;16;16m▀▀[48;2;172;131;172m▀▀▀▀[48;2;16;16;16m▀▀[48;2;98;57;90m▀[38;2;16;16;16;49m▀[0m
[38;2;98;57;90;48;2;98;57;90m▀[38;2;213;172;213;48;2;213;172;213m▀[38;2;172;131;172;48;2;172;131;172m▀[38;2;139;90;131;48;2;139;90;131m▀▀▀▀[38;2;98;57;90;48;2;98;57;90m▀[38;2;172;131;172m▀▀▀▀▀[38;2;16;16;16;48;2;16;16;16m▀[38;2;213;172;213;48;2;213;172;213m▀[38;2;98;57;90;48;2;98;57;90m▀[38;2;213;172;213;48;2;213;172;213m▀▀[48;2;172;131;172m▀[48;2;98;57;90m▀▀[48;2;213;172;213m▀▀▀▀▀▀[38;2;172;131;172m▀[48;2;172;131;172m▀▀[38;2;16;16;16m▀[38;2;172;131;172;48;2;16;16;16m▀[48;2;172;131;172m▀▀▀[38;2;16;16;16;48;2;98;57;90m▀[38;2;213;172;213;48;2;213;172;213m▀[38;2;16;16;16;48;2;16;16;16m▀[38;2;172;131;172;48;2;98;57;90m▀[38;2;16;16;16;48;2;139;90;131m▀[48;2;98;57;90m▀[0m
[38;2;98;57;90;48;2;98;57;90m▀[38;2;213;172;213;48;2;213;172;213m▀▀[38;2;139;90;131;48;2;139;90;131m▀▀▀▀▀[48;2;213;172;213m▀[48;2;139;90;131m▀▀▀[38;2;16;16;16;48;2;16;16;16m▀[38;2;213;172;213;48;2;213;172;213m▀▀[38;2;98;57;90;48;2;98;57;90m▀[38;2;213;172;213;48;2;213;172;213m▀▀▀[38;2;213;213;222;48;2;255;255;255m▀▀[38;2;98;57;90m▀[48;2;213;213;222m▀[38;2;213;172;213;48;2;98;57;90m▀[48;2;213;172;213m▀[48;2;172;131;172m▀[48;2;213;172;213m▀▀[38;2;172;131;172m▀[48;2;98;57;90m▀[38;2;98;57;90;48;2;255;255;255m▀[38;2;213;213;222m▀[38;2;16;16;16;48;2;172;131;172m▀[38;2;172;131;172;48;2;16;16;16m▀[38;2;16;16;16;48;2;139;90;131m▀[38;2;98;57;90;48;2;98;57;90m▀[38;2;213;172;213;48;2;213;172;213m▀[38;2;172;131;172;48;2;172;131;172m▀[38;2;16;16;16;48;2;16;16;16m▀[38;2;139;90;131;48;2;139;90;131m▀[38;2;98;57;90;48;2;98;57;90m▀[0m
[0m [38;2;16;16;16;48;2;16;16;16m▀[38;2;213;172;213;48;2;213;172;213m▀[38;2;172;131;172m▀[38;2;139;90;131;48;2;139;90;131m▀▀▀[38;2;213;172;213m▀[38;2;139;90;131;48;2;213;172;213m▀[38;2;213;172;213;48;2;16;16;16m▀[38;2;139;90;131m▀▀[38;2;16;16;16m▀[38;2;213;172;213;48;2;213;172;213m▀▀[38;2;98;57;90;48;2;172;131;172m▀[38;2;213;172;213;48;2;98;57;90m▀[48;2;213;172;213m▀▀[38;2;255;255;255;48;2;172;131;172m▀[48;2;98;57;90m▀[38;2;16;16;16m▀[38;2;255;255;255m▀▀[38;2;98;57;90;48;2;213;172;213m▀[38;2;213;172;213m▀[38;2;255;255;255;48;2;106;32;24m▀[38;2;106;32;24;48;2;16;16;16m▀[38;2;16;16;16m▀[38;2;98;57;90;48;2;172;131;172m▀[38;2;16;16;16m▀[38;2;255;255;255;48;2;98;57;90m▀[38;2;172;131;172m▀[48;2;172;131;172m▀[38;2;98;57;90;48;2;98;57;90m▀[38;2;213;172;213;48;2;213;172;213m▀▀[38;2;172;131;172;48;2;172;131;172m▀[38;2;16;16;16;48;2;16;16;16m▀[38;2;139;90;131;48;2;139;90;131m▀▀[38;2;98;57;90;48;2;16;16;16m▀[0m
[0m  [38;2;16;16;16m▀[38;2;213;172;213;48;2;16;16;16m▀▀▀▀[38;2;16;16;16;49m▀▀[0m [38;2;98;57;90m▄[48;2;213;172;213m▀[38;2;16;16;16;48;2;16;16;16m▀[38;2;213;172;213;48;2;213;172;213m▀▀[38;2;172;131;172;48;2;172;131;172m▀[38;2;16;16;16;48;2;16;16;16m▀[38;2;213;172;213;48;2;213;172;213m▀▀▀▀▀▀▀▀▀▀▀[48;2;172;131;172m▀[38;2;172;131;172m▀▀▀▀▀[38;2;16;16;16;48;2;16;16;16m▀[38;2;213;172;213;48;2;172;131;172m▀[38;2;172;131;172m▀▀[38;2;16;16;16;48;2;16;16;16m▀[38;2;139;90;131m▀▀[38;2;16;16;16;49m▀[0m
[0m        [38;2;98;57;90m▄[48;2;213;172;213m▀[38;2;213;172;213m▀▀[38;2;98;57;90;48;2;98;57;90m▀[38;2;213;172;213;48;2;213;172;213m▀▀[38;2;172;131;172;48;2;172;131;172m▀▀[38;2;16;16;16;48;2;16;16;16m▀[38;2;98;57;90;48;2;213;213;222m▀▀▀▀▀[38;2;213;172;213;48;2;98;57;90m▀▀[38;2;16;16;16;48;2;213;172;213m▀▀▀[38;2;98;57;90m▀[48;2;172;131;172m▀[38;2;172;131;172;48;2;16;16;16m▀[38;2;98;57;90;48;2;213;213;222m▀▀[38;2;16;16;16;48;2;16;16;16m▀[38;2;172;131;172;48;2;172;131;172m▀▀▀▀[38;2;16;16;16;48;2;16;16;16m▀[0m
[0m        [38;2;98;57;90;48;2;16;16;16m▀[38;2;213;172;213;48;2;213;172;213m▀▀[38;2;172;131;172;48;2;172;131;172m▀▀[38;2;98;57;90;48;2;98;57;90m▀[38;2;213;172;213;48;2;213;172;213m▀▀[38;2;172;131;172m▀[48;2;172;131;172m▀[38;2;16;16;16m▀[38;2;255;255;255;48;2;16;16;16m▀▀[48;2;98;57;90m▀[38;2;98;57;90;48;2;213;172;213m▀[38;2;213;172;213m▀▀▀▀▀▀▀▀[38;2;16;16;16;48;2;172;131;172m▀▀[38;2;172;131;172m▀▀▀▀[48;2;16;16;16m▀[38;2;16;16;16;49m▀[0m
[0m        [38;2;16;16;16m▀[38;2;213;172;213;48;2;16;16;16m▀[48;2;213;172;213m▀▀[38;2;172;131;172m▀▀[38;2;213;172;213m▀▀▀▀▀▀▀▀▀▀▀▀▀▀▀▀▀▀[38;2;172;131;172;48;2;172;131;172m▀▀▀▀[48;2;98;57;90m▀[38;2;16;16;16;48;2;16;16;16m▀[0m
[0m         [38;2;16;16;16m▀[38;2;213;172;213;48;2;16;16;16m▀▀[48;2;213;172;213m▀▀[48;2;172;131;172m▀▀[38;2;172;131;172m▀▀▀▀▀▀[38;2;213;172;213m▀▀[48;2;213;172;213m▀▀▀▀▀[48;2;172;131;172m▀▀[38;2;172;131;172m▀▀▀▀▀[48;2;16;16;16m▀[38;2;16;16;16;49m▀[0m
[0m            [38;2;16;16;16m▀[48;2;98;57;90m▀[48;2;172;131;172m▀▀[48;2;16;16;16m▀[38;2;98;57;90;48;2;106;115;115m▀[38;2;172;131;172;48;2;16;16;16m▀▀[48;2;172;131;172m▀▀▀▀▀▀▀▀▀▀▀▀[48;2;16;16;16m▀▀[38;2;16;16;16;49m▀▀[0m  [38;2;98;57;90m▄▄▄[0m
[0m           [38;2;98;57;90m▄[48;2;213;172;213m▀[38;2;172;131;172m▀[38;2;213;172;213m▀▀[38;2;16;16;16;48;2;16;16;16m▀[38;2;106;115;115;48;2;213;213;222m▀▀[38;2;16;16;16;48;2;16;16;16m▀[48;2;106;115;115m▀▀[38;2;172;131;172m▀[48;2;57;65;74m▀[48;2;16;16;16m▀▀▀▀▀▀[38;2;16;16;16;48;2;57;65;74m▀[48;2;16;16;16m▀[38;2;213;213;222;48;2;106;115;115m▀[38;2;16;16;16;48;2;16;16;16m▀[0m   [38;2;16;16;16;48;2;16;16;16m▀[38;2;213;172;213m▀[48;2;98;57;90m▀[48;2;213;172;213m▀[38;2;98;57;90;48;2;172;131;172m▀[49m▄[0m
[0m          [38;2;98;57;90;48;2;98;57;90m▀[38;2;213;172;213;48;2;213;172;213m▀▀▀▀▀[38;2;172;131;172;48;2;172;131;172m▀[38;2;16;16;16;48;2;16;16;16m▀[48;2;106;115;115m▀[38;2;106;115;115m▀[48;2;16;16;16m▀▀▀[38;2;57;65;74;48;2;57;65;74m▀▀▀▀▀▀▀▀[48;2;16;16;16m▀[38;2;98;57;90;48;2;172;131;172m▀[49m▄[0m [38;2;16;16;16m▄[48;2;16;16;16m▀[38;2;213;172;213;48;2;213;172;213m▀▀▀[38;2;98;57;90m▀[38;2;172;131;172;48;2;172;131;172m▀▀[38;2;98;57;90;48;2;98;57;90m▀[0m
[0m         [38;2;98;57;90m▄[48;2;213;172;213m▀[38;2;213;172;213m▀▀▀▀[38;2;172;131;172;48;2;172;131;172m▀▀[38;2;16;16;16m▀[38;2;106;115;115;48;2;16;16;16m▀[38;2;16;16;16m▀[38;2;172;131;172;48;2;213;172;213m▀▀[48;2;172;131;172m▀[38;2;16;16;16;48;2;98;57;90m▀[48;2;172;131;172m▀▀[38;2;57;65;74;48;2;16;16;16m▀[48;2;57;65;74m▀▀▀[48;2;16;16;16m▀[38;2;16;16;16;48;2;172;131;172m▀[38;2;98;57;90;48;2;98;57;90m▀[38;2;172;131;172;48;2;172;131;172m▀[38;2;16;16;16;48;2;16;16;16m▀[38;2;57;65;74;48;2;57;65;74m▀[38;2;16;16;16;48;2;16;16;16m▀[48;2;213;172;213m▀[38;2;98;57;90m▀[38;2;213;172;213;48;2;98;57;90m▀[48;2;172;131;172m▀[38;2;172;131;172m▀▀[38;2;16;16;16;48;2;16;16;16m▀[0m
[0m         [38;2;98;57;90;48;2;98;57;90m▀[38;2;213;172;213;48;2;213;172;213m▀[38;2;172;131;172;48;2;98;57;90m▀[38;2;213;172;213;48;2;213;172;213m▀▀▀[38;2;98;57;90m▀[38;2;172;131;172;48;2;16;16;16m▀[38;2;16;16;16;48;2;106;115;115m▀[48;2;16;16;16m▀[38;2;213;172;213;48;2;213;172;213m▀▀▀[38;2;98;57;90m▀[38;2;172;131;172m▀▀▀[38;2;16;16;16;48;2;98;57;90m▀[48;2;172;131;172m▀[38;2;57;65;74;48;2;16;16;16m▀▀[38;2;16;16;16;48;2;172;131;172m▀[38;2;172;131;172m▀[38;2;16;16;16;48;2;16;16;16m▀[38;2;172;131;172;48;2;172;131;172m▀[38;2;16;16;16;48;2;16;16;16m▀[38;2;57;65;74;48;2;57;65;74m▀[38;2;16;16;16m▀[38;2;213;172;213;48;2;16;16;16m▀[48;2;172;131;172m▀[38;2;172;131;172m▀▀▀[48;2;16;16;16m▀[38;2;16;16;16;49m▀[0m
[0m        [38;2;98;57;90m▄[48;2;213;172;213m▀[38;2;213;172;213m▀[38;2;98;57;90m▀[38;2;213;172;213;48;2;98;57;90m▀[48;2;213;172;213m▀▀▀[38;2;16;16;16;48;2;16;16;16m▀[38;2;213;213;222;48;2;213;213;222m▀[38;2;16;16;16m▀[38;2;172;131;172;48;2;16;16;16m▀[38;2;213;172;213;48;2;172;131;172m▀▀▀[48;2;213;172;213m▀▀[48;2;98;57;90m▀[38;2;98;57;90;48;2;213;172;213m▀[38;2;213;172;213m▀[38;2;16;16;16;48;2;16;16;16m▀[38;2;172;131;172;48;2;172;131;172m▀▀▀[38;2;98;57;90m▀[38;2;172;131;172;48;2;16;16;16m▀[38;2;16;16;16;48;2;172;131;172m▀[38;2;57;65;74;48;2;16;16;16m▀[48;2;57;65;74m▀▀[38;2;16;16;16m▀▀[48;2;16;16;16m▀[49m▀[0m
[0m        [38;2;98;57;90;48;2;98;57;90m▀[38;2;213;172;213;48;2;213;172;213m▀▀▀[38;2;98;57;90m▀[38;2;213;172;213;48;2;98;57;90m▀[48;2;213;172;213m▀▀▀[38;2;16;16;16;48;2;57;65;74m▀[38;2;213;213;222;48;2;106;115;115m▀[38;2;106;115;115m▀[38;2;16;16;16m▀▀[38;2;172;131;172;48;2;16;16;16m▀▀▀▀▀[38;2;16;16;16;48;2;172;131;172m▀[38;2;172;131;172m▀▀▀▀▀[38;2;16;16;16m▀[38;2;172;131;172;48;2;16;16;16m▀[48;2;98;57;90m▀[38;2;16;16;16m▀[49m▀▀▀[0m
[0m       [38;2;98;57;90m▄[48;2;213;172;213m▀[38;2;213;172;213m▀▀▀▀▀[38;2;16;16;16m▀[38;2;213;172;213;48;2;16;16;16m▀[38;2;172;131;172m▀▀[38;2;57;65;74m▀[38;2;16;16;16;48;2;172;131;172m▀[38;2;106;115;115;48;2;16;16;16m▀▀[38;2;57;65;74m▀▀[38;2;16;16;16;48;2;172;131;172m▀▀[38;2;172;131;172m▀▀▀▀▀▀▀▀[38;2;16;16;16m▀[49m▄[0m
[0m      [38;2;16;16;16m▄[38;2;98;57;90;48;2;213;172;213m▀[38;2;213;172;213m▀▀▀▀▀▀▀▀[38;2;172;131;172m▀[48;2;172;131;172m▀▀▀▀▀▀▀▀▀▀▀▀▀▀▀▀▀▀[38;2;16;16;16m▀[49m▄[0m
[0m     [38;2;16;16;16m▄[48;2;213;172;213m▀[38;2;213;172;213m▀▀▀▀▀▀▀▀▀▀▀[38;2;172;131;172;48;2;172;131;172m▀▀▀▀▀▀▀▀▀▀▀▀▀▀[48;2;213;172;213m▀[48;2;172;131;172m▀[48;2;213;172;213m▀[48;2;172;131;172m▀[38;2;16;16;16;48;2;16;16;16m▀[0m
[0m     [38;2;16;16;16;48;2;16;16;16m▀[38;2;213;172;213;48;2;172;131;172m▀[48;2;213;172;213m▀▀▀▀▀▀▀▀▀[48;2;172;131;172m▀[38;2;172;131;172m▀▀▀▀▀▀▀▀▀▀▀▀▀▀[38;2;213;172;213m▀[38;2;172;131;172;48;2;213;172;213m▀[38;2;213;172;213;48;2;172;131;172m▀[38;2;172;131;172;48;2;213;172;213m▀[48;2;16;16;16m▀[38;2;16;16;16;49m▀[0m
[0m     [38;2;16;16;16m▀[38;2;172;131;172;48;2;16;16;16m▀[48;2;172;131;172m▀[38;2;213;172;213m▀[48;2;213;172;213m▀▀▀▀[48;2;172;131;172m▀▀[38;2;172;131;172m▀▀▀▀▀▀▀▀▀▀▀▀▀▀▀▀▀▀[38;2;213;172;213;48;2;16;16;16m▀[38;2;172;131;172m▀[38;2;16;16;16;49m▀[0m
[0m      [38;2;16;16;16;48;2;98;57;90m▀[38;2;172;131;172m▀[48;2;172;131;172m▀▀▀▀▀▀▀[48;2;16;16;16m▀[38;2;98;57;90;48;2;172;131;172m▀[38;2;16;16;16m▀▀▀▀[48;2;98;57;90m▀[49m▀▀▀[38;2;98;57;90m▀[38;2;172;131;172;48;2;16;16;16m▀▀▀[48;2;98;57;90m▀[48;2;172;131;172m▀[38;2;16;16;16m▀▀[38;2;172;131;172m▀▀[38;2;98;57;90m▀▀[49m▄▄[0m
[0m    [38;2;98;57;90m▄[48;2;172;131;172m▀[38;2;172;131;172m▀▀▀▀▀▀[38;2;98;57;90m▀[38;2;16;16;16;48;2;16;16;16m▀[49m▀[38;2;98;57;90;48;2;98;57;90m▀[38;2;172;131;172;48;2;172;131;172m▀▀▀[48;2;98;57;90m▀[38;2;98;57;90;49m▀[0m       [38;2;16;16;16;48;2;16;16;16m▀[38;2;172;131;172;48;2;172;131;172m▀[38;2;213;172;213m▀[48;2;213;172;213m▀[38;2;172;131;172m▀[48;2;98;57;90m▀[38;2;213;172;213;48;2;172;131;172m▀[48;2;213;172;213m▀[38;2;98;57;90m▀[38;2;213;172;213;48;2;98;57;90m▀[48;2;213;172;213m▀[38;2;98;57;90;48;2;98;57;90m▀[0m
[0m  [38;2;16;16;16m▄[38;2;98;57;90;48;2;213;172;213m▀[38;2;213;172;213;48;2;98;57;90m▀[38;2;98;57;90;48;2;213;172;213m▀[38;2;213;172;213m▀[48;2;98;57;90m▀[38;2;98;57;90;48;2;213;172;213m▀[38;2;213;172;213m▀▀[38;2;172;131;172;48;2;172;131;172m▀[38;2;16;16;16;48;2;16;16;16m▀[0m   [38;2;98;57;90m▀▀▀[0m          [38;2;16;16;16m▀▀▀[38;2;172;131;172;48;2;16;16;16m▀▀[38;2;16;16;16m▀[38;2;172;131;172m▀▀[38;2;16;16;16;49m▀▀[0m
[0m  [38;2;16;16;16m▀[38;2;172;131;172;48;2;16;16;16m▀[38;2;16;16;16m▀[38;2;172;131;172m▀▀[38;2;16;16;16m▀[38;2;172;131;172m▀▀▀[38;2;16;16;16;49m▀[0m
