[0m            [38;2;189;139;41m▄▄[48;2;255;255;90m▀▀▀▀[48;2;238;197;74m▀▀[49m▄[38;2;115;82;16m▄[0m
[0m          [38;2;115;82;16m▄[38;2;189;139;41;48;2;238;197;74m▀[38;2;255;255;90;48;2;255;255;90m▀▀▀▀▀▀▀[38;2;238;197;74;48;2;238;197;74m▀▀▀[38;2;115;82;16m▀[38;2;16;16;16;49m▄[0m
[0m         [38;2;115;82;16m▄[48;2;238;197;74m▀[38;2;238;197;74m▀[38;2;189;139;41;48;2;16;16;16m▀[38;2;255;255;90;48;2;238;197;74m▀▀▀[38;2;189;139;41;48;2;16;16;16m▀[38;2;255;255;90;48;2;238;197;74m▀[38;2;238;197;74m▀▀▀▀▀[38;2;115;82;16;48;2;189;139;41m▀[38;2;16;16;16;49m▄[0m
[0m         [38;2;115;82;16;48;2;16;16;16m▀[38;2;238;197;74;48;2;238;197;74m▀▀[38;2;16;16;16m▀[38;2;238;197;74m▀▀▀[38;2;16;16;16m▀[38;2;238;197;74m▀▀▀▀▀[38;2;189;139;41;48;2;189;139;41m▀▀[38;2;16;16;16;48;2;115;82;16m▀[0m
[0m          [38;2;115;82;16;48;2;16;16;16m▀[38;2;238;197;74;48;2;189;139;41m▀[48;2;238;197;74m▀▀▀▀▀[48;2;189;139;41m▀[48;2;115;82;16m▀▀[48;2;189;139;41m▀[38;2;189;139;41m▀▀▀▀[38;2;115;82;16;48;2;16;16;16m▀[0m
[0m           [38;2;16;16;16m▀▀[38;2;189;139;41;48;2;16;16;16m▀▀[48;2;115;82;16m▀[38;2;16;16;16;48;2;189;139;41m▀[38;2;115;82;16m▀[38;2;189;139;41m▀▀▀▀▀▀[48;2;238;197;74m▀[38;2;16;16;16;48;2;16;16;16m▀[0m
[0m                [38;2;16;16;16m▀▀[38;2;115;82;16m▀[38;2;189;139;41;48;2;16;16;16m▀[48;2;238;197;74m▀▀▀[38;2;238;197;74m▀▀[38;2;16;16;16;48;2;16;16;16m▀[0m
[0m                    [38;2;115;82;16;48;2;16;16;16m▀[38;2;238;197;74;48;2;238;197;74m▀▀▀▀[38;2;16;16;16;48;2;16;16;16m▀[0m
[0m                    [38;2;16;16;16;48;2;16;16;16m▀[38;2;238;197;74;48;2;238;197;74m▀▀▀▀[38;2;16;16;16;48;2;115;82;16m▀[0m
[0m                    [38;2;16;16;16;48;2;16;16;16m▀[38;2;238;197;74;48;2;238;197;74m▀▀▀[38;2;189;139;41;48;2;115;82;16m▀[0m
[0m                 [38;2;106;98;57m▄▄[38;2;16;16;16;48;2;16;16;16m▀[38;2;238;197;74;48;2;189;139;41m▀[48;2;238;197;74m▀▀[48;2;189;139;41m▀[38;2;115;82;16;48;2;115;82;16m▀[38;2;131;32;0;48;2;213;205;180m▀[38;2;16;16;16;49m▄▄[0m
[0m           [38;2;106;98;57m▄▄[48;2;213;205;180m▀▀[48;2;16;16;16m▀[38;2;16;16;16;48;2;213;205;180m▀[38;2;213;205;180;48;2;255;255;255m▀[48;2;16;16;16m▀[38;2;16;16;16m▀[38;2;189;139;41;48;2;189;139;41m▀▀▀[48;2;115;82;16m▀[38;2;16;16;16;48;2;16;16;16m▀[38;2;213;205;180;48;2;189;172;148m▀[48;2;213;205;180m▀[38;2;16;16;16;48;2;131;32;0m▀[48;2;180;49;41m▀▀[49m▄[38;2;106;98;57m▄▄[0m
[0m          [38;2;106;98;57;48;2;106;98;57m▀[38;2;189;172;148;48;2;189;172;148m▀[38;2;213;205;180;48;2;16;16;16m▀[38;2;180;49;41;48;2;180;49;41m▀[38;2;131;32;0;48;2;230;74;65m▀[38;2;16;16;16;48;2;16;16;16m▀[38;2;255;255;255;48;2;255;255;255m▀▀[38;2;16;16;16;48;2;213;205;180m▀[48;2;16;16;16m▀▀[38;2;189;139;41m▀▀[38;2;16;16;16m▀[48;2;189;172;148m▀[38;2;189;172;148m▀▀[38;2;131;32;0;48;2;131;32;0m▀[38;2;180;49;41;48;2;180;49;41m▀[38;2;16;16;16;48;2;16;16;16m▀[38;2;189;172;148;48;2;213;205;180m▀[38;2;213;205;180m▀[38;2;189;172;148;48;2;16;16;16m▀[38;2;16;16;16;48;2;189;172;148m▀[49m▄[0m
[0m         [38;2;106;98;57;48;2;106;98;57m▀[38;2;189;172;148;48;2;16;16;16m▀[38;2;16;16;16;48;2;230;74;65m▀[38;2;230;74;65m▀[48;2;255;255;255m▀▀[38;2;131;32;0;48;2;230;74;65m▀[38;2;255;255;255;48;2;131;32;0m▀[48;2;255;255;255m▀▀[38;2;213;205;180m▀[38;2;189;172;148;48;2;189;172;148m▀▀▀▀▀▀[38;2;131;32;0m▀▀[38;2;180;49;41;48;2;131;32;0m▀[38;2;131;32;0m▀[38;2;213;205;180;48;2;189;172;148m▀[48;2;213;205;180m▀[38;2;16;16;16;48;2;106;98;57m▀[38;2;106;98;57;48;2;16;16;16m▀[38;2;16;16;16;48;2;189;172;148m▀[49m▄[0m
[0m         [38;2;106;98;57;48;2;16;16;16m▀[38;2;16;16;16;48;2;230;74;65m▀[38;2;230;74;65m▀[38;2;255;255;255;48;2;255;255;255m▀▀▀▀[38;2;230;74;65;48;2;230;74;65m▀[38;2;131;32;0m▀▀[38;2;255;255;255;48;2;131;32;0m▀[38;2;213;205;180m▀[38;2;189;172;148m▀▀[38;2;131;32;0;48;2;180;49;41m▀[48;2;131;32;0m▀[38;2;189;172;148;48;2;189;172;148m▀▀[48;2;131;32;0m▀[38;2;131;32;0;48;2;180;49;41m▀▀[48;2;16;16;16m▀[38;2;189;172;148;48;2;189;172;148m▀[38;2;213;205;180m▀[38;2;16;16;16m▀[38;2;189;172;148m▀[38;2;16;16;16;48;2;16;16;16m▀[0m
[0m [38;2;115;82;16m▄▄▄[0m    [38;2;16;16;16m▄[38;2;131;32;0;48;2;106;98;57m▀[38;2;106;98;57;48;2;255;255;255m▀▀▀[38;2;255;255;255;48;2;16;16;16m▀[48;2;230;74;65m▀[38;2;230;74;65m▀▀▀▀▀[48;2;180;49;41m▀[38;2;180;49;41m▀▀▀▀[38;2;131;32;0m▀▀[38;2;180;49;41m▀[48;2;189;172;148m▀▀[48;2;180;49;41m▀[38;2;16;16;16m▀[38;2;189;172;148;48;2;16;16;16m▀▀[38;2;16;16;16;48;2;180;49;41m▀[49m▄[0m
[38;2;115;82;16;48;2;16;16;16m▀[38;2;189;139;41;48;2;238;197;74m▀[38;2;238;197;74m▀▀[38;2;115;82;16m▀▀[49m▄▄[38;2;16;16;16;48;2;16;16;16m▀[38;2;213;205;180;48;2;213;205;180m▀[38;2;255;255;255;48;2;16;16;16m▀▀[48;2;213;205;180m▀[48;2;255;255;255m▀[38;2;16;16;16;48;2;189;172;148m▀[38;2;230;74;65;48;2;131;32;0m▀[48;2;230;74;65m▀▀▀[48;2;180;49;41m▀[38;2;180;49;41m▀[48;2;106;98;57m▀▀[38;2;106;98;57;48;2;213;205;180m▀▀▀[38;2;180;49;41;48;2;106;98;57m▀▀[38;2;189;172;148;48;2;180;49;41m▀[48;2;189;172;148m▀▀[38;2;180;49;41;48;2;180;49;41m▀▀▀▀[38;2;106;98;57;48;2;106;98;57m▀[38;2;16;16;16;48;2;189;172;148m▀[49m▄[0m
[0m [38;2;16;16;16m▀[38;2;238;197;74;48;2;16;16;16m▀▀[48;2;189;139;41m▀[48;2;238;197;74m▀[48;2;189;139;41m▀[38;2;189;139;41m▀▀[38;2;16;16;16;48;2;16;16;16m▀[48;2;115;82;16m▀[48;2;16;16;16m▀▀[38;2;213;205;180;48;2;189;172;148m▀▀[38;2;16;16;16;48;2;16;16;16m▀[38;2;230;74;65;48;2;180;49;41m▀[38;2;180;49;41m▀▀[48;2;106;98;57m▀[38;2;106;98;57;48;2;213;205;180m▀[38;2;213;205;180;48;2;255;255;255m▀[38;2;255;255;255m▀[48;2;16;16;16m▀▀▀[38;2;213;205;180m▀[48;2;213;205;180m▀[38;2;106;98;57;48;2;189;172;148m▀[38;2;180;49;41;48;2;16;16;16m▀[48;2;180;49;41m▀▀▀▀[38;2;106;98;57;48;2;106;98;57m▀[38;2;189;172;148;48;2;189;172;148m▀▀[38;2;16;16;16;48;2;16;16;16m▀[38;2;115;82;16;49m▄[0m    [38;2;115;82;16m▄▄▄[0m
[0m    [38;2;115;82;16m▀▀▀[38;2;189;139;41;48;2;16;16;16m▀▀[38;2;16;16;16;48;2;189;139;41m▀[38;2;189;139;41m▀[38;2;115;82;16m▀[38;2;16;16;16;48;2;16;16;16m▀[38;2;189;172;148;48;2;189;172;148m▀▀[38;2;16;16;16;48;2;131;32;0m▀[38;2;180;49;41;48;2;180;49;41m▀▀▀[38;2;106;98;57;48;2;16;16;16m▀[38;2;213;205;180;48;2;213;205;180m▀[38;2;255;255;255m▀[38;2;16;16;16;48;2;16;16;16m▀[48;2;115;82;16m▀[38;2;115;82;16m▀[48;2;189;139;41m▀[38;2;16;16;16m▀[48;2;16;16;16m▀[38;2;189;172;148;48;2;189;172;148m▀▀[38;2;16;16;16;48;2;16;16;16m▀[38;2;180;49;41;48;2;180;49;41m▀▀[38;2;131;32;0;48;2;131;32;0m▀[38;2;189;172;148;48;2;189;172;148m▀▀[38;2;115;82;16;48;2;16;16;16m▀[38;2;189;139;41;48;2;189;139;41m▀▀[38;2;115;82;16m▀[48;2;238;197;74m▀▀▀[38;2;238;197;74m▀▀[38;2;189;139;41m▀[38;2;115;82;16;48;2;115;82;16m▀[0m
[0m [38;2;115;82;16m▄[48;2;238;197;74m▀[48;2;255;255;90m▀▀▀▀[38;2;189;139;41;48;2;238;197;74m▀▀[38;2;238;197;74m▀▀[38;2;189;139;41;48;2;115;82;16m▀[38;2;115;82;16;48;2;16;16;16m▀[38;2;189;172;148m▀[38;2;131;32;0;48;2;131;32;0m▀[38;2;180;49;41;48;2;180;49;41m▀▀▀▀[38;2;16;16;16m▀[38;2;189;172;148;48;2;16;16;16m▀[48;2;189;172;148m▀[38;2;16;16;16m▀[38;2;115;82;16;48;2;16;16;16m▀[38;2;189;139;41;48;2;189;139;41m▀[48;2;238;197;74m▀[38;2;238;197;74m▀[38;2;189;139;41m▀[38;2;16;16;16m▀[38;2;189;172;148;48;2;16;16;16m▀[38;2;16;16;16m▀[38;2;180;49;41m▀[38;2;131;32;0m▀[38;2;189;172;148;48;2;115;82;16m▀[38;2;115;82;16m▀[38;2;16;16;16;49m▀[38;2;115;82;16m▀[38;2;189;139;41;48;2;16;16;16m▀▀▀[38;2;238;197;74;48;2;189;139;41m▀[48;2;238;197;74m▀▀▀[48;2;16;16;16m▀▀[38;2;16;16;16;49m▀[0m
[0m [38;2;115;82;16m▀[38;2;255;255;90;48;2;16;16;16m▀[48;2;238;197;74m▀[48;2;255;255;90m▀▀[48;2;238;197;74m▀[48;2;16;16;16m▀[38;2;238;197;74m▀[48;2;115;82;16m▀[38;2;115;82;16;49m▀[0m    [38;2;131;32;0m▀▀▀[38;2;180;49;41;48;2;131;32;0m▀▀▀[38;2;16;16;16m▀▀[38;2;189;172;148;48;2;16;16;16m▀[38;2;16;16;16m▀[38;2;238;197;74m▀[48;2;238;197;74m▀▀▀▀[48;2;255;255;90m▀▀[38;2;115;82;16m▀[38;2;16;16;16;48;2;238;197;74m▀[49m▄[0m     [38;2;115;82;16m▀[38;2;16;16;16m▀▀▀[0m
[0m   [38;2;16;16;16m▀▀▀▀[0m                   [38;2;16;16;16m▀[38;2;238;197;74;48;2;16;16;16m▀▀[38;2;255;255;90;48;2;238;197;74m▀[48;2;255;255;90m▀▀[48;2;238;197;74m▀[38;2;238;197;74;48;2;16;16;16m▀[38;2;16;16;16;49m▀[0m
[0m                             [38;2;115;82;16m▀[38;2;16;16;16m▀▀[38;2;115;82;16m▀[0m
