[0m             [38;2;16;16;16m▄[0m       [38;2;16;16;16m▄[48;2;148;189;255m▀▀[49m▄[0m
[0m            [38;2;16;16;16;48;2;49;57;98m▀[38;2;148;189;255;48;2;148;189;255m▀[38;2;16;16;16;48;2;16;16;16m▀[0m    [38;2;16;16;16m▄[48;2;148;189;255m▀[38;2;148;189;255m▀▀[48;2;49;57;98m▀[38;2;16;16;16;49m▀[0m
[0m           [38;2;16;16;16;48;2;16;16;16m▀[38;2;106;148;197;48;2;106;148;197m▀[38;2;148;189;255;48;2;148;189;255m▀[38;2;49;57;98;48;2;49;57;98m▀[0m   [38;2;49;57;98m▄[48;2;148;189;255m▀[38;2;148;189;255m▀[48;2;106;148;197m▀[48;2;49;57;98m▀[38;2;49;57;98;49m▀[0m
[0m           [38;2;49;57;98m▀[38;2;106;148;197;48;2;16;16;16m▀[48;2;106;148;197m▀[38;2;148;189;255;48;2;148;189;255m▀[38;2;16;16;16;48;2;49;57;98m▀[0m [38;2;49;57;98m▄[48;2;106;148;197m▀[38;2;106;148;197m▀▀▀[38;2;16;16;16;48;2;16;16;16m▀[0m
[0m           [38;2;16;16;16m▄[48;2;65;98;148m▀[38;2;106;148;197m▀[48;2;106;148;197m▀▀[38;2;49;57;98m▀[38;2;106;148;197m▀[48;2;65;98;148m▀▀▀[48;2;106;148;197m▀[38;2;49;57;98m▀[38;2;16;16;16;49m▄[0m
[0m           [38;2;16;16;16;48;2;49;57;98m▀[38;2;65;98;148;48;2;65;98;148m▀[48;2;49;57;98m▀[48;2;16;16;16m▀[38;2;106;148;197;48;2;106;148;197m▀▀[38;2;65;98;148;48;2;65;98;148m▀▀[48;2;16;16;16m▀▀[48;2;49;57;98m▀[38;2;106;148;197;48;2;106;148;197m▀[38;2;16;16;16;48;2;49;57;98m▀[0m
[0m            [38;2;49;57;98m▀▀[0m [38;2;16;16;16;48;2;49;57;98m▀[38;2;106;148;197;48;2;106;148;197m▀[38;2;65;98;148;48;2;65;98;148m▀[38;2;16;16;16;48;2;49;57;98m▀[0m   [38;2;49;57;98m▀▀[0m
[0m               [38;2;49;57;98;48;2;16;16;16m▀[38;2;106;148;197;48;2;106;148;197m▀[38;2;65;98;148;48;2;65;98;148m▀[38;2;49;57;98;48;2;49;57;98m▀[0m
[0m           [38;2;49;57;98m▄▄[0m  [38;2;16;16;16;48;2;16;16;16m▀[38;2;106;148;197;48;2;106;148;197m▀[38;2;65;98;148;48;2;65;98;148m▀▀[38;2;16;16;16;48;2;16;16;16m▀[0m         [38;2;16;16;16m▄[38;2;49;57;98;48;2;148;189;255m▀[48;2;106;148;197m▀[38;2;16;16;16;49m▄[0m
[0m          [38;2;16;16;16;48;2;16;16;16m▀[38;2;148;189;255;48;2;106;148;197m▀[38;2;106;148;197m▀[38;2;49;57;98;48;2;49;57;98m▀[0m [38;2;16;16;16m▀[38;2;106;148;197;48;2;49;57;98m▀[38;2;65;98;148;48;2;106;148;197m▀[48;2;65;98;148m▀[38;2;49;57;98m▀[38;2;16;16;16;49m▄[0m   [38;2;49;57;98m▄▄▄▄▄[38;2;16;16;16;48;2;106;148;197m▀[38;2;106;148;197;48;2;49;57;98m▀[48;2;16;16;16m▀[38;2;16;16;16;49m▀[0m
[0m           [38;2;16;16;16m▀▀[38;2;65;98;148;48;2;49;57;98m▀[38;2;16;16;16;48;2;106;148;197m▀[38;2;49;57;98;49m▄[38;2;16;16;16;48;2;16;16;16m▀[38;2;106;148;197;48;2;106;148;197m▀[38;2;65;98;148;48;2;65;98;148m▀▀[38;2;16;16;16m▀[38;2;49;57;98;48;2;16;16;16m▀[48;2;106;148;197m▀▀[38;2;106;148;197m▀▀▀[48;2;16;16;16m▀[38;2;16;16;16;48;2;106;148;197m▀[38;2;106;148;197;48;2;16;16;16m▀[38;2;16;16;16;48;2;106;148;197m▀[38;2;49;57;98m▀[49m▄▄[0m
[0m             [38;2;16;16;16m▀[38;2;106;148;197;48;2;16;16;16m▀[48;2;106;148;197m▀[38;2;16;16;16;48;2;16;16;16m▀[38;2;106;148;197;48;2;106;148;197m▀[38;2;65;98;148;48;2;65;98;148m▀▀▀[38;2;49;57;98m▀[38;2;106;148;197;48;2;49;57;98m▀[38;2;49;57;98;48;2;106;148;197m▀▀[48;2;49;57;98m▀[38;2;16;16;16;48;2;106;148;197m▀[38;2;106;148;197m▀[48;2;16;16;16m▀[38;2;16;16;16;48;2;106;148;197m▀[38;2;106;148;197m▀▀▀[48;2;65;98;148m▀[38;2;49;57;98;48;2;106;148;197m▀[48;2;65;98;148m▀[38;2;16;16;16;49m▄[0m
[0m               [38;2;16;16;16m▀[48;2;49;57;98m▀[38;2;106;148;197;48;2;16;16;16m▀[38;2;65;98;148;48;2;106;148;197m▀[48;2;65;98;148m▀▀▀▀[38;2;106;148;197;48;2;106;148;197m▀▀▀[48;2;106;90;32m▀▀[38;2;16;16;16;48;2;49;57;98m▀[38;2;106;148;197;48;2;106;148;197m▀▀▀▀[48;2;65;98;148m▀[38;2;65;98;148;48;2;106;148;197m▀[38;2;106;148;197;48;2;65;98;148m▀[38;2;65;98;148m▀[38;2;16;16;16;48;2;16;16;16m▀[0m
[0m               [38;2;106;90;32m▄[48;2;189;156;49m▀[38;2;16;16;16;48;2;16;16;16m▀[38;2;106;148;197;48;2;106;148;197m▀[38;2;65;98;148m▀[48;2;65;98;148m▀▀[48;2;106;148;197m▀[38;2;106;148;197m▀▀[38;2;106;90;32;48;2;255;255;139m▀[38;2;255;255;139;48;2;255;255;255m▀[48;2;16;16;16m▀[38;2;189;156;49;48;2;255;255;139m▀[38;2;106;90;32;48;2;106;90;32m▀[38;2;106;148;197;48;2;106;148;197m▀▀▀▀[38;2;65;98;148;48;2;65;98;148m▀▀▀▀[38;2;16;16;16;48;2;16;16;16m▀[0m
[0m               [38;2;106;90;32;48;2;106;90;32m▀[38;2;189;156;49m▀[38;2;106;90;32;48;2;106;148;197m▀[38;2;106;148;197m▀▀▀▀▀▀[38;2;106;90;32;48;2;106;90;32m▀[38;2;255;255;139;48;2;255;255;139m▀[38;2;16;16;16;48;2;16;16;16m▀[48;2;98;98;98m▀[38;2;255;255;139;48;2;255;255;139m▀[38;2;106;90;32;48;2;106;148;197m▀[38;2;106;148;197m▀▀▀▀[38;2;65;98;148;48;2;65;98;148m▀▀▀▀▀[38;2;16;16;16;48;2;16;16;16m▀[0m
[0m               [38;2;49;57;98;48;2;49;57;98m▀[48;2;106;148;197m▀[38;2;106;148;197;48;2;65;98;148m▀[48;2;49;57;98m▀[38;2;65;98;148;48;2;106;148;197m▀[38;2;49;57;98m▀▀[38;2;106;148;197;48;2;49;57;98m▀▀[38;2;49;57;98;48;2;106;148;197m▀[38;2;189;156;49;48;2;106;90;32m▀[38;2;255;255;139m▀▀[38;2;106;90;32;48;2;106;148;197m▀[38;2;106;148;197m▀▀▀▀[38;2;65;98;148;48;2;65;98;148m▀▀▀▀[48;2;16;16;16m▀▀[38;2;16;16;16m▀[0m
[0m              [38;2;16;16;16m▄[38;2;49;57;98;48;2;148;189;255m▀[38;2;106;148;197;48;2;16;16;16m▀[48;2;106;148;197m▀▀▀▀▀▀▀▀▀▀▀▀▀▀▀[38;2;65;98;148;48;2;65;98;148m▀▀▀[48;2;49;57;98m▀[38;2;16;16;16;48;2;106;148;197m▀[38;2;106;148;197m▀[38;2;148;189;255m▀▀[38;2;16;16;16;48;2;148;189;255m▀[38;2;49;57;98;49m▄[0m
[0m             [38;2;16;16;16m▄[48;2;106;148;197m▀[38;2;148;189;255m▀[38;2;16;16;16;48;2;16;16;16m▀[38;2;106;148;197m▀[48;2;106;148;197m▀▀[48;2;65;98;148m▀[48;2;16;16;16m▀▀▀▀[48;2;49;57;98m▀▀[48;2;65;98;148m▀[48;2;106;148;197m▀▀[48;2;65;98;148m▀[38;2;65;98;148;48;2;16;16;16m▀▀[38;2;16;16;16;48;2;65;98;148m▀▀[48;2;16;16;16m▀[38;2;65;98;148;48;2;65;98;148m▀[38;2;106;148;197m▀▀▀▀[48;2;106;148;197m▀[38;2;49;57;98m▀▀[38;2;16;16;16;49m▄[0m
[0m           [38;2;49;57;98m▄[38;2;16;16;16;48;2;106;148;197m▀[38;2;106;148;197;48;2;16;16;16m▀[38;2;65;98;148;48;2;65;98;148m▀[48;2;49;57;98m▀[38;2;16;16;16;48;2;16;16;16m▀[38;2;106;148;197;48;2;106;148;197m▀[38;2;16;16;16;48;2;49;57;98m▀[38;2;49;57;98;48;2;106;148;197m▀[38;2;148;189;255;48;2;148;189;255m▀▀▀▀[48;2;106;148;197m▀▀[38;2;106;148;197m▀[38;2;49;57;98m▀[38;2;16;16;16m▀[48;2;49;57;98m▀[48;2;106;148;197m▀[38;2;65;98;148m▀[48;2;65;98;148m▀▀▀▀[38;2;16;16;16m▀▀[38;2;65;98;148;48;2;16;16;16m▀▀▀▀[48;2;65;98;148m▀▀[48;2;16;16;16m▀[38;2;16;16;16;48;2;65;98;148m▀[38;2;49;57;98m▀[38;2;16;16;16;49m▄▄▄[0m
[0m         [38;2;49;57;98m▄[38;2;16;16;16;48;2;106;148;197m▀[38;2;49;57;98;48;2;16;16;16m▀[38;2;65;98;148;48;2;49;57;98m▀[38;2;16;16;16;49m▀[38;2;49;57;98m▀[0m [38;2;16;16;16m▀[38;2;106;148;197;48;2;16;16;16m▀[38;2;49;57;98;48;2;106;148;197m▀[38;2;106;148;197;48;2;49;57;98m▀[38;2;148;189;255;48;2;148;189;255m▀[48;2;106;148;197m▀[38;2;106;148;197m▀▀▀▀▀▀▀[38;2;49;57;98;48;2;49;57;98m▀[38;2;106;148;197;48;2;106;148;197m▀▀▀[38;2;65;98;148;48;2;65;98;148m▀▀▀▀▀[38;2;49;57;98;48;2;49;57;98m▀[38;2;65;98;148;48;2;65;98;148m▀▀[38;2;49;57;98;48;2;49;57;98m▀[38;2;16;16;16;49m▀▀[0m [38;2;16;16;16m▀[48;2;16;16;16m▀[38;2;106;148;197;48;2;106;148;197m▀[38;2;148;189;255m▀▀[38;2;49;57;98;48;2;148;189;255m▀[38;2;16;16;16m▀[38;2;49;57;98;49m▄[0m
[0m     [38;2;16;16;16m▄▄[38;2;49;57;98;48;2;106;148;197m▀▀[38;2;106;148;197m▀[48;2;65;98;148m▀[38;2;65;98;148m▀[38;2;16;16;16;48;2;16;16;16m▀[0m    [38;2;16;16;16;48;2;49;57;98m▀[38;2;106;148;197;48;2;106;148;197m▀[38;2;49;57;98;48;2;49;57;98m▀[38;2;106;148;197;48;2;106;148;197m▀▀▀▀▀▀▀▀▀[38;2;49;57;98;48;2;49;57;98m▀[38;2;106;148;197;48;2;106;148;197m▀▀▀[38;2;65;98;148;48;2;65;98;148m▀▀▀▀▀[38;2;49;57;98m▀[38;2;65;98;148;48;2;49;57;98m▀[48;2;65;98;148m▀[38;2;49;57;98m▀[38;2;16;16;16;49m▄[0m   [38;2;16;16;16m▀[38;2;106;148;197;48;2;16;16;16m▀[48;2;106;148;197m▀▀▀[48;2;65;98;148m▀[38;2;148;189;255m▀[38;2;49;57;98m▀[49m▄▄[0m
[0m  [38;2;16;16;16m▄[48;2;148;189;255m▀▀[38;2;148;189;255;48;2;106;148;197m▀▀[38;2;106;148;197m▀[38;2;65;98;148;48;2;65;98;148m▀▀▀[38;2;49;57;98;48;2;49;57;98m▀[0m     [38;2;49;57;98m▀[38;2;106;148;197;48;2;49;57;98m▀[38;2;49;57;98;48;2;106;148;197m▀[38;2;106;148;197;48;2;49;57;98m▀[48;2;106;148;197m▀▀▀▀▀▀▀▀▀[38;2;49;57;98;48;2;49;57;98m▀[38;2;106;148;197;48;2;106;148;197m▀[48;2;65;98;148m▀[38;2;65;98;148m▀▀▀▀[48;2;16;16;16m▀▀[38;2;49;57;98m▀[38;2;65;98;148m▀[48;2;65;98;148m▀[38;2;16;16;16;48;2;16;16;16m▀[0m [38;2;49;57;98m▄▄[0m [38;2;16;16;16m▀[38;2;65;98;148;48;2;49;57;98m▀[38;2;106;148;197;48;2;65;98;148m▀▀[38;2;65;98;148m▀▀▀[48;2;49;57;98m▀[48;2;65;98;148m▀[38;2;49;57;98m▀[49m▄[0m
[0m  [38;2;16;16;16;48;2;16;16;16m▀[38;2;106;148;197m▀[38;2;16;16;16;48;2;106;148;197m▀▀[48;2;49;57;98m▀[38;2;65;98;148;48;2;16;16;16m▀[48;2;65;98;148m▀▀[48;2;49;57;98m▀[48;2;65;98;148m▀[38;2;16;16;16;48;2;16;16;16m▀[0m  [38;2;49;57;98;48;2;49;57;98m▀[38;2;16;16;16;48;2;106;148;197m▀[49m▄[48;2;16;16;16m▀[38;2;106;148;197;48;2;106;148;197m▀[38;2;49;57;98;48;2;49;57;98m▀[38;2;106;148;197;48;2;106;148;197m▀▀▀▀▀▀▀▀▀[38;2;49;57;98;48;2;49;57;98m▀[38;2;106;148;197;48;2;65;98;148m▀[38;2;65;98;148m▀▀▀[48;2;16;16;16m▀[38;2;16;16;16;48;2;106;148;197m▀[38;2;106;148;197m▀▀▀▀[38;2;16;16;16m▀[48;2;65;98;148m▀[48;2;106;148;197m▀[38;2;106;148;197;48;2;65;98;148m▀[38;2;49;57;98;48;2;49;57;98m▀[0m  [38;2;49;57;98;48;2;49;57;98m▀[38;2;65;98;148;48;2;65;98;148m▀▀▀▀▀[38;2;106;148;197;48;2;106;148;197m▀[38;2;16;16;16;48;2;16;16;16m▀[49m▀▀[0m
[38;2;16;16;16;49m▄[38;2;49;57;98;48;2;106;148;197m▀[38;2;106;148;197m▀[48;2;16;16;16m▀▀[38;2;65;98;148;48;2;65;98;148m▀▀[38;2;16;16;16;48;2;16;16;16m▀[38;2;65;98;148;48;2;65;98;148m▀[48;2;16;16;16m▀[38;2;16;16;16;49m▀[38;2;49;57;98m▀[38;2;16;16;16m▀[0m  [38;2;49;57;98;48;2;49;57;98m▀[38;2;65;98;148;48;2;106;148;197m▀[38;2;106;148;197m▀▀[38;2;49;57;98;48;2;16;16;16m▀[38;2;106;148;197;48;2;106;148;197m▀[38;2;49;57;98;48;2;49;57;98m▀[38;2;65;98;148;48;2;65;98;148m▀[38;2;106;148;197m▀▀▀▀▀[38;2;65;98;148m▀▀▀[38;2;49;57;98;48;2;49;57;98m▀[38;2;65;98;148;48;2;65;98;148m▀▀▀[38;2;16;16;16;48;2;16;16;16m▀[38;2;106;148;197;48;2;106;148;197m▀▀▀▀▀▀[38;2;65;98;148;48;2;65;98;148m▀▀▀[38;2;49;57;98;48;2;49;57;98m▀[0m [38;2;16;16;16;48;2;16;16;16m▀[38;2;65;98;148;48;2;65;98;148m▀▀▀[48;2;16;16;16m▀▀▀[48;2;65;98;148m▀[38;2;106;148;197m▀[38;2;16;16;16m▀[49m▄[0m
[38;2;16;16;16;48;2;16;16;16m▀[38;2;106;148;197m▀[38;2;16;16;16m▀[38;2;255;255;255;48;2;255;255;255m▀▀[38;2;98;98;98;48;2;98;98;98m▀[38;2;49;57;98;49m▀[38;2;65;98;148;48;2;49;57;98m▀[48;2;65;98;148m▀[38;2;16;16;16;48;2;16;16;16m▀[0m    [38;2;16;16;16;48;2;16;16;16m▀[38;2;106;148;197;48;2;106;148;197m▀▀[48;2;65;98;148m▀[38;2;65;98;148m▀[38;2;16;16;16m▀[38;2;106;148;197;48;2;16;16;16m▀[38;2;49;57;98;48;2;65;98;148m▀[48;2;49;57;98m▀[48;2;65;98;148m▀▀▀[38;2;65;98;148;48;2;49;57;98m▀▀▀▀▀[38;2;49;57;98m▀[38;2;65;98;148m▀[48;2;65;98;148m▀▀[38;2;16;16;16;48;2;16;16;16m▀[38;2;106;148;197;48;2;65;98;148m▀[48;2;106;148;197m▀▀▀▀[48;2;65;98;148m▀[38;2;65;98;148m▀▀[38;2;16;16;16;48;2;16;16;16m▀[0m  [38;2;16;16;16m▀[38;2;65;98;148;48;2;16;16;16m▀[38;2;16;16;16;48;2;65;98;148m▀[38;2;49;57;98m▀[38;2;106;148;197;48;2;106;148;197m▀▀▀[38;2;16;16;16;48;2;65;98;148m▀[48;2;16;16;16m▀[49m▀▀[0m
[38;2;16;16;16;48;2;16;16;16m▀[38;2;255;255;255;48;2;255;255;255m▀[38;2;16;16;16;48;2;156;156;156m▀[38;2;255;255;255;48;2;16;16;16m▀[38;2;156;156;156;48;2;156;156;156m▀[38;2;16;16;16;48;2;16;16;16m▀[0m  [38;2;16;16;16m▀[0m     [38;2;16;16;16;48;2;16;16;16m▀[38;2;65;98;148;48;2;65;98;148m▀▀[48;2;16;16;16m▀▀[48;2;65;98;148m▀▀[38;2;16;16;16;48;2;16;16;16m▀[38;2;65;98;148m▀[48;2;49;57;98m▀[48;2;65;98;148m▀▀▀▀▀▀▀▀[38;2;49;57;98m▀[38;2;65;98;148;48;2;49;57;98m▀[48;2;65;98;148m▀▀[38;2;16;16;16m▀[38;2;65;98;148;48;2;16;16;16m▀▀[48;2;65;98;148m▀▀▀▀▀▀[38;2;16;16;16;48;2;16;16;16m▀[0m  [38;2;16;16;16;48;2;16;16;16m▀[48;2;255;255;255m▀▀[38;2;106;148;197;48;2;16;16;16m▀[48;2;65;98;148m▀[38;2;65;98;148;48;2;16;16;16m▀[38;2;16;16;16;48;2;255;255;255m▀▀[49m▄[0m
[0m [38;2;98;98;98m▀[38;2;255;255;255;48;2;98;98;98m▀[38;2;16;16;16;48;2;16;16;16m▀[49m▀▀[0m         [38;2;16;16;16m▀[48;2;49;57;98m▀[38;2;65;98;148m▀▀[38;2;49;57;98m▀[38;2;16;16;16m▀[49m▄[0m [38;2;16;16;16m▀▀[38;2;49;57;98m▀[38;2;65;98;148;48;2;16;16;16m▀▀▀▀▀▀▀▀[38;2;16;16;16;49m▀▀▀[0m  [38;2;16;16;16m▀▀▀[48;2;49;57;98m▀[38;2;65;98;148;48;2;16;16;16m▀▀[38;2;16;16;16;48;2;65;98;148m▀[38;2;49;57;98;49m▄[0m [38;2;98;98;98;48;2;98;98;98m▀[38;2;255;255;255;48;2;255;255;255m▀[48;2;16;16;16m▀[38;2;16;16;16;49m▀[38;2;49;57;98m▀[38;2;16;16;16;48;2;98;98;98m▀[38;2;255;255;255;48;2;255;255;255m▀▀[38;2;16;16;16;48;2;16;16;16m▀[0m
[0m             [38;2;16;16;16m▄[38;2;49;57;98;48;2;255;255;255m▀▀[38;2;98;98;98m▀[38;2;106;148;197;48;2;98;98;98m▀[48;2;106;148;197m▀[48;2;65;98;148m▀[38;2;65;98;148m▀▀[38;2;16;16;16;48;2;16;16;16m▀[0m                  [38;2;49;57;98m▄[38;2;16;16;16;48;2;106;148;197m▀[38;2;65;98;148;48;2;16;16;16m▀▀▀[38;2;16;16;16;48;2;65;98;148m▀[38;2;49;57;98;49m▄[38;2;98;98;98m▀▀[0m   [38;2;98;98;98;48;2;98;98;98m▀[38;2;255;255;255m▀[38;2;16;16;16;49m▀[0m
[0m            [38;2;16;16;16;48;2;16;16;16m▀[38;2;255;255;255m▀▀▀[38;2;98;98;98m▀[38;2;65;98;148m▀▀[38;2;16;16;16;49m▀▀▀[0m                   [38;2;49;57;98;48;2;16;16;16m▀[38;2;106;148;197;48;2;106;148;197m▀▀[48;2;65;98;148m▀[38;2;65;98;148m▀[48;2;16;16;16m▀▀[38;2;49;57;98;48;2;49;57;98m▀[0m
[0m                                         [38;2;16;16;16m▀[38;2;49;57;98;48;2;16;16;16m▀[38;2;65;98;148m▀▀[38;2;98;98;98;48;2;156;156;156m▀[38;2;156;156;156;48;2;255;255;255m▀[38;2;255;255;255m▀[38;2;16;16;16m▀[49m▄[0m
[0m                                             [38;2;16;16;16m▀[38;2;255;255;255;48;2;16;16;16m▀▀[48;2;255;255;255m▀[38;2;16;16;16;48;2;16;16;16m▀[0m
[0m                                                [38;2;16;16;16m▀▀[0m
