[0m                     [38;2;32;49;90m▄▄[0m                    [38;2;131;32;82m▄▄▄[48;2;246;82;115m▀▀▀▀▀[38;2;197;41;115m▀[48;2;197;41;115m▀[0m
[0m                    [38;2;32;49;90;48;2;32;49;90m▀[38;2;49;98;115;48;2;49;98;115m▀▀[38;2;32;49;90m▀[49m▄[0m             [38;2;131;32;82m▄▄[48;2;197;41;115m▀[48;2;246;82;115m▀▀[38;2;246;82;115;48;2;197;41;115m▀▀▀[38;2;197;41;115;48;2;246;82;115m▀▀▀[48;2;197;41;115m▀[38;2;246;82;115m▀[38;2;197;41;115;49m▀[0m
[0m                   [38;2;32;49;90;48;2;32;49;90m▀[38;2;49;98;115;48;2;49;98;115m▀▀[48;2;32;49;90m▀▀[38;2;32;49;90;48;2;57;148;172m▀▀▀▀▀[38;2;49;98;115m▀[49m▄[38;2;32;49;90m▄[0m    [38;2;131;32;82m▄[48;2;197;41;115m▀[38;2;197;41;115m▀[48;2;131;32;82m▀▀[38;2;131;32;82;48;2;197;41;115m▀▀[38;2;246;82;115m▀▀[48;2;246;82;115m▀▀▀[48;2;197;41;115m▀[48;2;0;0;0m▀[38;2;197;41;115;49m▀[0m
[0m                  [38;2;32;49;90;48;2;32;49;90m▀[38;2;49;98;115m▀[48;2;65;131;156m▀[38;2;32;49;90;48;2;57;148;172m▀[38;2;57;148;172m▀▀▀▀▀▀▀▀▀▀[38;2;49;98;115m▀[38;2;32;49;90m▀[38;2;0;0;0;49m▄[38;2;131;32;82;48;2;0;0;0m▀[38;2;197;41;115;48;2;197;41;115m▀[48;2;131;32;82m▀[38;2;131;32;82;48;2;197;41;115m▀[38;2;197;41;115m▀▀▀▀▀▀▀[48;2;131;32;82m▀[48;2;0;0;0m▀[38;2;0;0;0;49m▀[0m
[0m                 [38;2;32;49;90m▄[48;2;49;98;115m▀[38;2;65;131;156;48;2;164;123;57m▀[38;2;164;123;57;48;2;222;205;115m▀[48;2;164;123;57m▀[38;2;57;148;172;48;2;57;148;172m▀▀▀▀▀▀▀▀▀▀▀▀[48;2;32;49;90m▀[38;2;0;0;0m▀[38;2;131;32;82m▀[38;2;197;41;115;48;2;197;41;115m▀▀▀▀[48;2;131;32;82m▀[48;2;0;0;0m▀▀[38;2;131;32;82;49m▀[38;2;0;0;0m▀[0m
[0m                [38;2;0;0;0m▄[38;2;32;49;90;48;2;189;189;197m▀[38;2;57;148;172;48;2;57;148;172m▀[38;2;222;205;115;48;2;222;205;115m▀[48;2;164;123;57m▀[38;2;49;98;115;48;2;32;49;90m▀[38;2;57;148;172;48;2;57;148;172m▀▀[48;2;49;98;115m▀[48;2;57;148;172m▀[48;2;49;98;115m▀[48;2;0;0;0m▀[38;2;49;98;115m▀[38;2;32;49;90;48;2;32;49;90m▀[38;2;0;0;0;48;2;57;148;172m▀[38;2;49;98;115m▀[38;2;57;148;172m▀[38;2;32;49;90m▀[38;2;49;98;115;48;2;65;131;156m▀[38;2;65;131;156;48;2;0;0;0m▀[38;2;0;0;0;48;2;131;32;82m▀[38;2;197;41;115m▀[38;2;131;32;82;49m▀[38;2;0;0;0m▀▀[0m
[0m               [38;2;32;49;90m▄[38;2;57;148;172;48;2;246;246;255m▀[38;2;197;41;115;48;2;32;49;90m▀[38;2;57;148;172;48;2;57;148;172m▀[38;2;164;123;57m▀[38;2;32;49;90m▀[38;2;57;148;172m▀[48;2;49;98;115m▀[38;2;49;98;115;48;2;57;148;172m▀[38;2;57;148;172;48;2;32;49;90m▀[38;2;0;0;0;48;2;197;41;115m▀[38;2;189;189;197;48;2;246;246;255m▀▀▀[38;2;0;0;0;48;2;0;0;0m▀[48;2;57;148;172m▀[38;2;49;98;115m▀[38;2;57;148;172m▀▀[38;2;65;131;156;48;2;49;98;115m▀[38;2;49;98;115m▀▀[38;2;0;0;0;48;2;0;0;0m▀[0m   [38;2;74;74;74;48;2;0;0;0m▀[48;2;246;246;255m▀[49m▄[38;2;0;0;0m▄[0m [38;2;74;74;74m▄▄[0m
[0m               [38;2;32;49;90m▀[38;2;57;148;172;48;2;32;49;90m▀[48;2;57;148;172m▀[38;2;49;98;115m▀[38;2;57;148;172m▀▀▀▀[38;2;32;49;90m▀[38;2;246;82;115m▀[38;2;0;0;0m▀[38;2;246;246;255m▀▀[38;2;139;197;205;48;2;49;98;115m▀[38;2;0;0;0;48;2;57;148;172m▀▀[38;2;49;98;115m▀[38;2;57;148;172m▀[48;2;49;98;115m▀[38;2;49;98;115m▀▀[48;2;0;0;0m▀[38;2;0;0;0;49m▀[0m   [38;2;0;0;0m▀[38;2;74;74;74;48;2;0;0;0m▀[38;2;246;246;255;48;2;189;189;197m▀[48;2;246;246;255m▀[38;2;74;74;74m▀[38;2;189;189;197;48;2;74;74;74m▀[48;2;189;189;197m▀[38;2;74;74;74;48;2;74;74;74m▀[0m
[0m                [38;2;0;0;0m▀[38;2;32;49;90;48;2;0;0;0m▀[48;2;57;148;172m▀[38;2;49;98;115;48;2;49;98;115m▀[38;2;57;148;172;48;2;32;49;90m▀▀▀[38;2;49;98;115;48;2;57;148;172m▀[38;2;57;148;172m▀▀▀▀▀▀[48;2;65;131;156m▀▀[38;2;65;131;156;48;2;49;98;115m▀[38;2;49;98;115m▀▀[48;2;0;0;0m▀[38;2;0;0;0;49m▀[0m     [38;2;0;0;0;48;2;0;0;0m▀[38;2;189;189;197;48;2;246;246;255m▀[38;2;246;246;255m▀▀[38;2;74;74;74;48;2;74;74;74m▀[38;2;189;189;197;48;2;246;246;255m▀[38;2;246;246;255m▀[38;2;74;74;74;48;2;74;74;74m▀[0m
[0m                  [38;2;0;0;0m▀[38;2;65;131;156;48;2;0;0;0m▀[38;2;57;148;172m▀[48;2;49;98;115m▀[48;2;57;148;172m▀▀▀[48;2;65;131;156m▀[48;2;49;98;115m▀▀[38;2;65;131;156m▀[38;2;49;98;115m▀▀▀[48;2;0;0;0m▀▀[38;2;0;0;0;49m▀[0m [38;2;131;32;82m▄[48;2;131;32;82m▀[0m  [38;2;32;49;90m▄[48;2;189;189;197m▀[38;2;246;246;255;48;2;246;246;255m▀▀▀[38;2;74;74;74;48;2;189;189;197m▀[38;2;246;246;255;48;2;246;246;255m▀▀[38;2;74;74;74;48;2;74;74;74m▀[0m
[0m               [38;2;32;49;90m▄▄▄▄▄▄[38;2;0;0;0;48;2;49;98;115m▀▀[38;2;49;98;115;48;2;0;0;0m▀[48;2;49;98;115m▀▀▀▀▀[38;2;32;49;90m▀[38;2;0;0;0;48;2;32;49;90m▀▀[0m  [38;2;131;32;82m▄[48;2;246;82;115m▀[38;2;246;82;115;48;2;197;41;115m▀[38;2;131;32;82;48;2;131;32;82m▀[0m [38;2;32;49;90m▄[48;2;57;148;172m▀[38;2;246;246;255m▀[38;2;189;189;197m▀[38;2;65;131;156m▀[38;2;246;246;255;48;2;246;246;255m▀[48;2;189;189;197m▀[48;2;32;49;90m▀[38;2;32;49;90;49m▀[0m
[0m   [38;2;74;74;74m▄▄▄▄[38;2;32;49;90;48;2;57;148;172m▀▀▀▀▀▀▀[48;2;65;131;156m▀[38;2;49;98;115;48;2;49;98;115m▀▀▀▀[48;2;0;0;0m▀▀▀[38;2;0;0;0;48;2;32;49;90m▀[38;2;49;98;115;48;2;65;131;156m▀[38;2;164;123;57;48;2;222;205;115m▀[48;2;164;123;57m▀[38;2;57;148;172;48;2;57;148;172m▀[38;2;49;98;115m▀[48;2;65;131;156m▀[48;2;49;98;115m▀▀▀[38;2;32;49;90m▀▀▀[38;2;197;41;115;48;2;32;49;90m▀▀[0m [38;2;32;49;90m▄[38;2;49;98;115;48;2;57;148;172m▀[38;2;57;148;172m▀▀▀▀▀[48;2;32;49;90m▀[38;2;32;49;90;49m▀[0m
[38;2;74;74;74;49m▄[48;2;189;189;197m▀[48;2;246;246;255m▀[38;2;246;246;255m▀▀[48;2;189;189;197m▀[48;2;246;246;255m▀▀▀[38;2;189;189;197;48;2;57;148;172m▀[38;2;57;148;172m▀▀▀▀[48;2;32;49;90m▀[38;2;49;98;115m▀[38;2;0;0;0;49m▀▀▀[0m  [38;2;32;49;90;48;2;32;49;90m▀[38;2;57;148;172;48;2;57;148;172m▀[38;2;222;205;115;48;2;222;205;115m▀[48;2;164;123;57m▀[38;2;32;49;90;48;2;32;49;90m▀[38;2;57;148;172;48;2;57;148;172m▀▀▀[38;2;49;98;115m▀[38;2;32;49;90;48;2;0;0;0m▀[38;2;0;0;0;49m▀[48;2;131;32;82m▀[38;2;49;98;115;48;2;0;0;0m▀▀▀[48;2;49;98;115m▀▀[38;2;57;148;172;48;2;57;148;172m▀▀▀▀[48;2;32;49;90m▀[38;2;32;49;90;49m▀▀[0m
[38;2;74;74;74;48;2;74;74;74m▀[38;2;189;189;197;48;2;189;189;197m▀[38;2;246;246;255;48;2;0;0;0m▀[38;2;189;189;197;48;2;74;74;74m▀[38;2;74;74;74;48;2;189;189;197m▀[48;2;246;246;255m▀[38;2;189;189;197m▀[38;2;246;246;255m▀[38;2;57;148;172;48;2;189;189;197m▀[48;2;57;148;172m▀[48;2;32;49;90m▀[48;2;0;0;0m▀[38;2;32;49;90;49m▀[38;2;0;0;0m▀[0m      [38;2;32;49;90;48;2;32;49;90m▀[38;2;57;148;172;48;2;57;148;172m▀▀[38;2;164;123;57m▀[38;2;32;49;90m▀[38;2;57;148;172m▀▀▀▀▀[38;2;0;0;0;48;2;0;0;0m▀[38;2;131;32;82;49m▄[48;2;197;41;115m▀[38;2;197;41;115m▀▀[38;2;131;32;82;48;2;131;32;82m▀[38;2;0;0;0;49m▀[38;2;49;98;115;48;2;0;0;0m▀▀[38;2;65;131;156m▀[38;2;32;49;90;48;2;131;32;82m▀▀[38;2;131;32;82;49m▄▄▄▄[0m
[38;2;74;74;74;49m▀[38;2;0;0;0;48;2;0;0;0m▀[48;2;189;189;197m▀[38;2;189;189;197m▀[38;2;246;246;255m▀▀[48;2;0;0;0m▀[38;2;74;74;74;48;2;74;74;74m▀[49m▀[38;2;0;0;0m▀[0m          [38;2;32;49;90;48;2;32;49;90m▀[38;2;57;148;172;48;2;57;148;172m▀▀▀▀▀▀▀▀[38;2;65;131;156;48;2;49;98;115m▀[38;2;0;0;0;48;2;0;0;0m▀[38;2;131;32;82;48;2;131;32;82m▀[38;2;197;41;115;48;2;197;41;115m▀[48;2;0;0;0m▀[38;2;0;0;0;49m▀[0m [38;2;131;32;82m▄[48;2;197;41;115m▀▀▀[38;2;197;41;115m▀[38;2;246;82;115m▀[48;2;246;82;115m▀▀[48;2;0;0;0m▀[38;2;0;0;0;49m▀[0m
[0m [38;2;0;0;0;48;2;0;0;0m▀[38;2;189;189;197;48;2;189;189;197m▀▀[48;2;0;0;0m▀[38;2;0;0;0;49m▀[0m              [38;2;32;49;90;48;2;32;49;90m▀[38;2;57;148;172;48;2;49;98;115m▀[48;2;57;148;172m▀▀▀▀▀[48;2;65;131;156m▀[38;2;65;131;156;48;2;49;98;115m▀[38;2;49;98;115m▀[38;2;0;0;0;48;2;0;0;0m▀[38;2;131;32;82;48;2;131;32;82m▀[38;2;0;0;0m▀[38;2;131;32;82;49m▄[48;2;197;41;115m▀▀[38;2;197;41;115m▀▀▀[48;2;131;32;82m▀[48;2;0;0;0m▀▀[38;2;131;32;82;49m▀[38;2;0;0;0m▀[0m
[0m  [38;2;0;0;0m▀[38;2;189;189;197;48;2;0;0;0m▀[38;2;0;0;0m▀[0m                [38;2;32;49;90;48;2;0;0;0m▀[38;2;49;98;115;48;2;49;98;115m▀[38;2;57;148;172m▀▀[38;2;65;131;156m▀[38;2;49;98;115m▀▀▀▀▀[38;2;0;0;0;48;2;0;0;0m▀[38;2;131;32;82m▀[38;2;197;41;115m▀[48;2;131;32;82m▀[38;2;131;32;82;49m▀[38;2;0;0;0m▀▀▀[0m
[0m                     [38;2;0;0;0;48;2;32;49;90m▀[38;2;49;98;115;48;2;49;98;115m▀[38;2;32;49;90m▀[38;2;0;0;0;48;2;0;0;0m▀[49m▀▀[38;2;32;49;90;48;2;0;0;0m▀[38;2;49;98;115m▀[48;2;49;98;115m▀▀[38;2;0;0;0m▀[38;2;131;32;82;48;2;0;0;0m▀[38;2;197;41;115;48;2;197;41;115m▀▀[38;2;131;32;82m▀▀[49m▄▄[0m
[0m                    [38;2;32;49;90;48;2;32;49;90m▀[38;2;49;98;115;48;2;49;98;115m▀▀[38;2;0;0;0;48;2;0;0;0m▀[0m     [38;2;32;49;90;48;2;0;0;0m▀[38;2;49;98;115;48;2;49;98;115m▀▀[38;2;0;0;0;48;2;0;0;0m▀[38;2;131;32;82;49m▀[38;2;197;41;115;48;2;0;0;0m▀[48;2;197;41;115m▀▀▀▀[38;2;131;32;82m▀[48;2;246;82;115m▀[49m▄[0m
[0m                   [38;2;32;49;90m▄[48;2;49;98;115m▀[38;2;49;98;115m▀[38;2;0;0;0;48;2;0;0;0m▀[0m       [38;2;32;49;90;48;2;0;0;0m▀[38;2;49;98;115;48;2;49;98;115m▀▀[38;2;0;0;0;48;2;0;0;0m▀[0m [38;2;0;0;0m▀[38;2;131;32;82m▀[38;2;197;41;115;48;2;0;0;0m▀▀[38;2;246;82;115;48;2;131;32;82m▀[48;2;246;82;115m▀▀[38;2;131;32;82m▀[49m▄[0m
[0m                [38;2;0;0;0m▄▄[38;2;32;49;90;48;2;57;148;172m▀[38;2;57;148;172m▀[38;2;65;131;156m▀[38;2;49;98;115;48;2;49;98;115m▀[38;2;0;0;0m▀[49m▄[0m       [38;2;32;49;90;48;2;0;0;0m▀[38;2;49;98;115;48;2;49;98;115m▀▀[38;2;0;0;0;48;2;0;0;0m▀[0m     [38;2;0;0;0m▀▀▀[38;2;131;32;82m▀[0m
[0m             [38;2;74;74;74m▄[48;2;189;189;197m▀[48;2;246;246;255m▀[38;2;189;189;197;48;2;74;74;74m▀[38;2;57;148;172;48;2;189;189;197m▀[48;2;246;246;255m▀[48;2;49;98;115m▀[38;2;49;98;115m▀[48;2;0;0;0m▀▀[38;2;0;0;0;49m▀[0m      [38;2;0;0;0;48;2;0;0;0m▀[38;2;57;148;172;48;2;57;148;172m▀▀[38;2;49;98;115m▀[48;2;49;98;115m▀[38;2;0;0;0m▀▀[49m▄[0m
[0m            [38;2;0;0;0;48;2;0;0;0m▀[38;2;246;246;255m▀▀[38;2;74;74;74;48;2;246;246;255m▀[38;2;189;189;197m▀[38;2;246;246;255;48;2;74;74;74m▀[48;2;0;0;0m▀[38;2;0;0;0;49m▀▀[0m         [38;2;0;0;0m▀[38;2;49;98;115;48;2;0;0;0m▀▀[38;2;189;189;197;48;2;246;246;255m▀[38;2;246;246;255m▀[38;2;49;98;115m▀[38;2;246;246;255;48;2;74;74;74m▀[48;2;246;246;255m▀[38;2;0;0;0m▀[38;2;74;74;74;49m▄[0m
[0m              [38;2;0;0;0m▀▀▀[0m                [38;2;0;0;0m▀▀[38;2;189;189;197;48;2;0;0;0m▀[38;2;74;74;74m▀[38;2;0;0;0;49m▀[38;2;189;189;197;48;2;0;0;0m▀[38;2;0;0;0m▀[0m
