[0m        [38;2;16;16;16m▄▄[0m [38;2;16;16;16m▄▄[0m   [38;2;16;16;16m▄[38;2;123;24;0m▄[0m [38;2;16;16;16m▄[48;2;255;156;49m▀▀[48;2;123;24;0m▀[49m▄▄[0m
[0m        [38;2;16;16;16;48;2;16;16;16m▀[38;2;255;156;49;48;2;255;156;49m▀[38;2;16;16;16m▀[38;2;246;98;49;48;2;246;98;49m▀[38;2;16;16;16;48;2;123;24;0m▀[0m   [38;2;16;16;16;48;2;16;16;16m▀[38;2;246;98;49;48;2;246;98;49m▀[38;2;16;16;16;48;2;123;24;0m▀[38;2;255;156;49;48;2;255;156;49m▀▀▀[48;2;246;98;49m▀[48;2;16;16;16m▀[38;2;246;98;49;48;2;123;24;0m▀[38;2;16;16;16m▀[0m
[38;2;16;16;16;48;2;16;16;16m▀[48;2;246;98;49m▀[38;2;123;24;0m▀[49m▄[0m [38;2;16;16;16m▄[48;2;246;98;49m▀[48;2;255;156;49m▀[38;2;255;156;49m▀[48;2;205;57;24m▀[48;2;246;98;49m▀[38;2;16;16;16;48;2;16;16;16m▀[0m [38;2;16;16;16m▄[38;2;123;24;0;48;2;246;98;49m▀[49m▄[38;2;16;16;16;48;2;246;98;49m▀[38;2;246;98;49m▀▀▀[38;2;255;156;49m▀[38;2;246;98;49m▀[38;2;16;16;16;48;2;16;16;16m▀[0m
[0m [38;2;16;16;16m▀[38;2;246;98;49;48;2;16;16;16m▀[48;2;246;98;49m▀[38;2;16;16;16;48;2;16;16;16m▀[38;2;246;98;49;48;2;246;98;49m▀[48;2;205;57;24m▀[38;2;205;57;24m▀▀[38;2;123;24;0;48;2;123;24;0m▀[48;2;205;57;24m▀[49m▄[0m [38;2;16;16;16;48;2;16;16;16m▀[38;2;246;98;49;48;2;246;98;49m▀[38;2;123;24;0m▀[38;2;246;98;49m▀[38;2;205;57;24;48;2;205;57;24m▀▀▀[38;2;246;98;49m▀[48;2;123;24;0m▀[38;2;123;24;0;49m▀[0m
[0m [38;2;123;24;0;48;2;123;24;0m▀[38;2;16;16;16;48;2;246;98;49m▀[38;2;246;98;49m▀[38;2;123;24;0;48;2;205;57;24m▀[38;2;246;98;49m▀[38;2;205;57;24m▀▀▀▀[48;2;123;24;0m▀[38;2;123;24;0;49m▀[0m  [38;2;16;16;16;48;2;16;16;16m▀[38;2;246;98;49;48;2;205;57;24m▀[38;2;205;57;24m▀▀▀▀[48;2;123;24;0m▀[38;2;123;24;0;48;2;246;98;49m▀▀▀[49m▄[0m
[0m  [38;2;123;24;0;48;2;123;24;0m▀[38;2;205;57;24;48;2;205;57;24m▀▀[48;2;123;24;0m▀▀[48;2;205;57;24m▀▀[48;2;123;24;0m▀[38;2;123;24;0;48;2;246;98;49m▀▀[38;2;16;16;16;49m▄[48;2;246;98;49m▀[38;2;246;98;49m▀[38;2;205;57;24;48;2;205;57;24m▀▀▀[48;2;246;98;49m▀▀[38;2;246;98;49m▀[48;2;16;16;16m▀[38;2;16;16;16;49m▀▀▀[0m
[0m [38;2;123;24;0;48;2;123;24;0m▀[38;2;205;57;24;48;2;205;57;24m▀[48;2;123;24;0m▀[38;2;123;24;0;48;2;246;164;0m▀[38;2;255;213;115;48;2;255;255;255m▀[38;2;246;164;0;48;2;255;213;115m▀[38;2;123;24;0;48;2;205;57;24m▀[38;2;205;57;24m▀[38;2;123;24;0;48;2;246;98;49m▀[38;2;246;98;49m▀[38;2;16;16;16;48;2;16;16;16m▀[38;2;246;98;49;48;2;246;98;49m▀[48;2;205;57;24m▀[38;2;123;24;0;48;2;246;164;0m▀▀[48;2;205;57;24m▀[38;2;205;57;24;48;2;123;24;0m▀[48;2;205;57;24m▀▀[38;2;16;16;16;48;2;16;16;16m▀[0m
[0m  [38;2;123;24;0m▀[48;2;123;24;0m▀[38;2;255;255;255;48;2;255;213;115m▀[48;2;16;16;16m▀[38;2;255;213;115;48;2;255;213;115m▀[38;2;205;57;24;48;2;205;57;24m▀[38;2;255;156;49;48;2;255;156;49m▀▀▀[38;2;246;98;49m▀[38;2;205;57;24;48;2;205;57;24m▀[38;2;255;255;255;48;2;255;255;255m▀▀[38;2;255;213;115;48;2;255;213;115m▀[38;2;246;164;0;48;2;246;164;0m▀[38;2;123;24;0;48;2;123;24;0m▀[38;2;205;57;24;48;2;205;57;24m▀▀▀[38;2;123;24;0;48;2;123;24;0m▀[0m
[0m   [38;2;205;57;24;48;2;205;57;24m▀[38;2;246;164;0;48;2;246;164;0m▀[38;2;255;213;115m▀▀[38;2;205;57;24;48;2;205;57;24m▀[38;2;255;156;49;48;2;255;156;49m▀▀▀[38;2;205;57;24;48;2;205;57;24m▀[38;2;255;213;115;48;2;255;213;115m▀▀[38;2;16;16;16m▀[38;2;255;213;115;48;2;246;164;0m▀[38;2;246;164;0;48;2;123;24;0m▀[38;2;123;24;0;48;2;205;57;24m▀[38;2;205;57;24m▀▀[38;2;16;16;16;48;2;16;16;16m▀[0m
[0m  [38;2;123;24;0;48;2;123;24;0m▀[38;2;255;156;49;48;2;255;156;49m▀[38;2;123;24;0m▀[38;2;246;164;0;48;2;123;24;0m▀▀[38;2;205;57;24;48;2;255;156;49m▀[38;2;255;156;49m▀▀▀[38;2;205;57;24m▀[38;2;246;164;0;48;2;205;57;24m▀[48;2;246;164;0m▀▀[48;2;123;24;0m▀[38;2;123;24;0;48;2;205;57;24m▀[38;2;205;57;24m▀▀[38;2;123;24;0m▀[38;2;205;57;24m▀[38;2;16;16;16;48;2;16;16;16m▀[0m
[0m  [38;2;123;24;0m▀[38;2;255;156;49;48;2;123;24;0m▀[48;2;255;156;49m▀▀▀▀▀▀▀[48;2;246;98;49m▀[38;2;246;98;49m▀[38;2;123;24;0m▀[48;2;205;57;24m▀[38;2;205;57;24m▀▀▀▀▀[48;2;16;16;16m▀[38;2;16;16;16;49m▀[0m
[0m   [38;2;123;24;0m▀[38;2;246;98;49;48;2;123;24;0m▀[38;2;255;156;49;48;2;246;98;49m▀▀▀▀[38;2;246;98;49m▀▀▀▀▀[48;2;205;57;24m▀[38;2;205;57;24;48;2;123;24;0m▀[48;2;16;16;16m▀[38;2;16;16;16;48;2;205;57;24m▀[38;2;123;24;0;48;2;123;24;0m▀[38;2;205;57;24;48;2;205;57;24m▀[38;2;16;16;16;48;2;16;16;16m▀[0m
[0m     [38;2;16;16;16;48;2;123;24;0m▀[38;2;246;98;49;48;2;16;16;16m▀▀[48;2;246;98;49m▀▀▀▀[38;2;123;24;0;48;2;16;16;16m▀[38;2;246;98;49;48;2;123;24;0m▀[38;2;205;57;24;48;2;205;57;24m▀[38;2;16;16;16;48;2;16;16;16m▀[38;2;205;57;24;48;2;205;57;24m▀▀▀[38;2;246;98;49;48;2;246;98;49m▀[38;2;16;16;16m▀[49m▄[0m
[0m    [38;2;123;24;0m▄[48;2;205;57;24m▀[48;2;123;24;0m▀[0m [38;2;16;16;16m▀[48;2;123;24;0m▀[48;2;205;57;24m▀▀[38;2;205;57;24m▀[38;2;123;24;0;48;2;123;24;0m▀[38;2;205;57;24;48;2;205;57;24m▀[38;2;123;24;0;48;2;123;24;0m▀[38;2;205;57;24;48;2;205;57;24m▀▀▀[38;2;246;98;49;48;2;246;98;49m▀▀[38;2;16;16;16m▀[49m▄[0m [38;2;123;24;0m▄▄▄[0m
[0m    [38;2;123;24;0;48;2;16;16;16m▀[38;2;246;98;49;48;2;205;57;24m▀[38;2;205;57;24m▀[38;2;16;16;16;48;2;16;16;16m▀[0m  [38;2;123;24;0;48;2;123;24;0m▀[38;2;205;57;24;48;2;246;98;49m▀[38;2;123;24;0;48;2;123;24;0m▀[38;2;205;57;24;48;2;255;156;49m▀[38;2;255;156;49m▀[38;2;205;57;24;48;2;246;98;49m▀[38;2;123;24;0;48;2;16;16;16m▀[38;2;205;57;24;48;2;205;57;24m▀▀▀▀[38;2;246;98;49m▀▀[38;2;16;16;16m▀▀[38;2;246;98;49m▀[48;2;123;24;0m▀[38;2;123;24;0;48;2;16;16;16m▀[38;2;16;16;16;49m▄[0m
[0m     [38;2;16;16;16m▀▀[38;2;123;24;0m▄▄▄[48;2;246;98;49m▀[38;2;246;98;49m▀[38;2;123;24;0m▀[38;2;205;57;24;48;2;16;16;16m▀▀▀[38;2;16;16;16;48;2;205;57;24m▀[38;2;205;57;24m▀▀▀▀▀[48;2;123;24;0m▀[38;2;123;24;0;48;2;246;98;49m▀[38;2;205;57;24;48;2;123;24;0m▀[48;2;205;57;24m▀▀▀▀[38;2;16;16;16;48;2;246;98;49m▀▀▀[49m▄[0m
[0m     [38;2;123;24;0m▄[48;2;255;156;49m▀[38;2;255;156;49m▀▀[38;2;123;24;0;48;2;246;98;49m▀[38;2;246;98;49m▀[48;2;123;24;0m▀▀[48;2;246;98;49m▀▀▀▀▀[38;2;205;57;24;48;2;205;57;24m▀[48;2;123;24;0m▀▀[48;2;205;57;24m▀▀▀▀▀[48;2;123;24;0m▀[38;2;123;24;0;48;2;246;98;49m▀[48;2;255;156;49m▀[38;2;246;98;49;48;2;123;24;0m▀[48;2;205;57;24m▀▀[38;2;205;57;24m▀[38;2;16;16;16;48;2;16;16;16m▀[0m
[0m     [38;2;16;16;16;48;2;16;16;16m▀[38;2;255;156;49;48;2;246;98;49m▀▀[38;2;246;98;49;48;2;205;57;24m▀▀[38;2;205;57;24m▀[38;2;255;156;49;48;2;246;98;49m▀[38;2;246;98;49;48;2;205;57;24m▀[38;2;123;24;0m▀[38;2;246;98;49m▀[48;2;246;98;49m▀▀[38;2;205;57;24;48;2;205;57;24m▀[38;2;123;24;0m▀[38;2;255;213;115;48;2;246;98;49m▀[38;2;255;156;49;48;2;205;57;24m▀[38;2;123;24;0m▀[38;2;205;57;24m▀▀▀▀▀▀▀▀▀[38;2;123;24;0;48;2;16;16;16m▀[38;2;16;16;16;49m▀[0m
[0m      [38;2;16;16;16m▀▀[38;2;205;57;24;48;2;16;16;16m▀[48;2;205;57;24m▀▀[48;2;246;98;49m▀▀▀[38;2;246;98;49m▀[48;2;205;57;24m▀▀[38;2;205;57;24m▀[48;2;16;16;16m▀▀▀[48;2;205;57;24m▀▀▀▀[48;2;16;16;16m▀[38;2;16;16;16;49m▀▀[38;2;205;57;24;48;2;16;16;16m▀▀[38;2;16;16;16;49m▀[0m
[0m         [38;2;16;16;16m▀▀▀▀[38;2;205;57;24;48;2;16;16;16m▀▀▀[38;2;16;16;16;49m▀▀[0m   [38;2;16;16;16m▀▀▀▀[0m
