[0m                                  [38;2;222;90;32m▄[0m     [38;2;222;90;32;48;2;255;131;74m▀[49m▄[0m
[0m                                 [38;2;222;90;32;48;2;222;90;32m▀[38;2;255;131;74;48;2;255;131;74m▀[38;2;222;90;32;49m▄[0m   [38;2;222;90;32m▄[38;2;255;131;74;48;2;255;131;74m▀[38;2;222;90;32m▀[49m▄[0m
[0m                                  [38;2;222;90;32m▀[48;2;222;90;32m▀[0m  [38;2;222;90;32;48;2;222;90;32m▀[48;2;255;131;74m▀[38;2;255;131;74m▀[48;2;255;197;0m▀[38;2;222;90;32;48;2;222;90;32m▀[49m▄[48;2;255;131;74m▀[49m▄[0m
[0m                                     [38;2;222;90;32m▄[0m [38;2;222;90;32;48;2;222;90;32m▀[38;2;255;131;74;48;2;255;197;0m▀[38;2;255;197;0m▀[38;2;222;90;32;48;2;222;90;32m▀[38;2;255;131;74;48;2;255;131;74m▀[48;2;222;90;32m▀[38;2;222;90;32;49m▀[0m
[0m                                    [38;2;222;90;32;48;2;222;90;32m▀[48;2;255;131;74m▀[49m▄[48;2;222;90;32m▀[38;2;255;197;0;48;2;255;197;0m▀[38;2;255;238;156;48;2;255;238;156m▀[38;2;255;131;74;48;2;255;197;0m▀[48;2;255;131;74m▀[38;2;222;90;32;48;2;222;90;32m▀[0m
[0m                             [38;2;98;98;98m▄▄▄▄[38;2;65;65;65m▄[0m  [38;2;148;32;0;48;2;148;32;0m▀[38;2;255;131;74;48;2;222;90;32m▀[48;2;255;131;74m▀[38;2;222;90;32;48;2;222;90;32m▀▀[38;2;255;197;0;48;2;255;197;0m▀[48;2;255;238;156m▀[38;2;222;90;32;48;2;222;90;32m▀[0m
[0m     [38;2;131;131;131m▄[38;2;148;32;0;48;2;222;90;32m▀[38;2;16;16;16;48;2;255;131;74m▀▀[49m▄[0m  [38;2;16;16;16m▄[48;2;222;90;32m▀[48;2;255;131;74m▀[38;2;148;32;0m▀▀[49m▄[0m        [38;2;98;98;98m▄[48;2;172;172;172m▀▀[38;2;131;131;131m▀▀[48;2;131;131;131m▀▀▀[38;2;65;65;65m▀[38;2;98;98;98;48;2;65;65;65m▀[48;2;131;131;131m▀[38;2;148;32;0;48;2;148;32;0m▀[38;2;222;90;32;48;2;222;90;32m▀[38;2;255;131;74m▀[48;2;255;197;0m▀[38;2;255;197;0m▀[38;2;255;238;156;48;2;255;238;156m▀[38;2;255;131;74;48;2;255;131;74m▀[38;2;148;32;0;48;2;148;32;0m▀[0m
[0m    [38;2;131;131;131;48;2;131;131;131m▀[38;2;255;197;0;48;2;255;238;156m▀[38;2;148;32;0;48;2;255;197;0m▀[38;2;255;131;74;48;2;148;32;0m▀[48;2;255;131;74m▀[38;2;222;90;32m▀[48;2;148;32;0m▀[38;2;16;16;16;48;2;255;197;0m▀[38;2;255;197;0;48;2;255;238;156m▀▀[48;2;255;197;0m▀[38;2;222;90;32m▀[38;2;255;131;74;48;2;222;90;32m▀[48;2;255;131;74m▀[38;2;148;32;0;48;2;148;32;0m▀[0m    [38;2;98;98;98m▄▄[48;2;131;131;131m▀[38;2;65;65;65;48;2;172;172;172m▀▀[38;2;16;16;16m▀▀[38;2;98;98;98m▀[38;2;172;172;172;48;2;65;65;65m▀[48;2;131;131;131m▀[38;2;131;131;131m▀[48;2;65;65;65m▀[38;2;65;65;65;48;2;131;131;131m▀[38;2;148;32;0;48;2;148;32;0m▀[38;2;222;90;32;48;2;255;131;74m▀▀[38;2;255;131;74;48;2;255;197;0m▀[38;2;255;197;0;48;2;255;238;156m▀[38;2;255;238;156;48;2;255;197;0m▀[38;2;255;197;0;48;2;148;32;0m▀[38;2;255;131;74m▀[38;2;148;32;0;48;2;65;65;65m▀[0m
[0m   [38;2;131;131;131;48;2;131;131;131m▀[38;2;255;238;156;48;2;255;197;0m▀[38;2;255;197;0;48;2;65;65;65m▀[48;2;255;197;0m▀[38;2;148;32;0;48;2;16;16;16m▀[38;2;222;90;32;48;2;222;90;32m▀▀[38;2;148;32;0;48;2;148;32;0m▀[38;2;255;197;0;48;2;255;197;0m▀[38;2;255;238;156m▀[38;2;255;197;0;48;2;65;65;65m▀[48;2;255;197;0m▀▀[38;2;148;32;0;48;2;148;32;0m▀[38;2;222;90;32;48;2;222;90;32m▀[38;2;16;16;16m▀[49m▄[0m [38;2;65;65;65m▄[38;2;98;98;98;48;2;16;16;16m▀[38;2;131;131;131m▀▀[38;2;172;172;172m▀[48;2;131;131;131m▀[48;2;172;172;172m▀▀▀▀▀[38;2;65;65;65;48;2;131;131;131m▀▀[38;2;131;131;131m▀[48;2;148;32;0m▀[38;2;148;32;0m▀[38;2;255;131;74;48;2;255;131;74m▀[48;2;255;197;0m▀[38;2;255;197;0;48;2;16;16;16m▀▀[38;2;255;131;74;48;2;148;32;0m▀[38;2;148;32;0;48;2;98;98;98m▀[38;2;98;98;98m▀▀[38;2;65;65;65;48;2;65;65;65m▀[48;2;98;98;98m▀[49m▄[0m
[0m   [38;2;131;131;131;48;2;131;131;131m▀[38;2;255;197;0;48;2;255;197;0m▀[38;2;65;65;65;48;2;164;106;90m▀[38;2;255;197;0;48;2;16;16;16m▀[38;2;16;16;16m▀[38;2;222;90;32;48;2;222;90;32m▀▀[38;2;16;16;16;48;2;16;16;16m▀[38;2;255;197;0;48;2;255;197;0m▀▀[38;2;65;65;65m▀[38;2;255;197;0m▀▀[38;2;16;16;16;48;2;16;16;16m▀[38;2;222;90;32;48;2;222;90;32m▀▀[38;2;16;16;16m▀[38;2;65;65;65;48;2;16;16;16m▀[38;2;98;98;98;48;2;98;98;98m▀[38;2;131;131;131;48;2;131;131;131m▀[38;2;172;172;172;48;2;172;172;172m▀▀[38;2;131;131;131;48;2;131;131;131m▀[38;2;16;16;16m▀[38;2;131;131;131;48;2;65;65;65m▀[48;2;131;131;131m▀▀▀▀[48;2;98;98;98m▀▀[38;2;98;98;98m▀[38;2;148;32;0m▀[38;2;222;90;32;48;2;16;16;16m▀[38;2;16;16;16;48;2;164;106;90m▀▀[38;2;98;98;98;48;2;98;98;98m▀▀[38;2;16;16;16;48;2;16;16;16m▀[38;2;98;98;98;48;2;98;98;98m▀▀[48;2;65;65;65m▀[38;2;16;16;16;48;2;98;98;98m▀[38;2;98;98;98m▀[38;2;65;65;65m▀[38;2;16;16;16;48;2;16;16;16m▀[0m
[0m   [38;2;131;131;131;48;2;148;32;0m▀[38;2;148;32;0;48;2;255;189;106m▀[38;2;255;189;106m▀▀▀[38;2;255;131;74m▀[48;2;255;131;74m▀[38;2;222;90;32m▀[38;2;16;16;16;48;2;222;90;32m▀[38;2;255;197;0;48;2;148;32;0m▀[48;2;16;16;16m▀▀[38;2;16;16;16;48;2;222;90;32m▀[38;2;222;90;32m▀▀[48;2;255;131;74m▀▀[38;2;16;16;16;48;2;222;90;32m▀[38;2;98;98;98;48;2;16;16;16m▀▀[38;2;131;131;131m▀[48;2;65;65;65m▀[48;2;131;131;131m▀▀[38;2;16;16;16;48;2;16;16;16m▀[38;2;131;131;131;48;2;131;131;131m▀▀[48;2;98;98;98m▀[38;2;98;98;98m▀▀▀▀▀[38;2;16;16;16m▀[38;2;222;90;32;48;2;16;16;16m▀[38;2;164;106;90;48;2;222;90;32m▀▀[48;2;16;16;16m▀[38;2;16;16;16;48;2;98;98;98m▀[38;2;98;98;98m▀▀[38;2;16;16;16;48;2;16;16;16m▀[38;2;164;106;90;48;2;222;90;32m▀▀[38;2;98;98;98;48;2;164;106;90m▀[38;2;16;16;16;48;2;16;16;16m▀[0m
[0m [38;2;148;32;0m▄[48;2;255;131;74m▀[38;2;255;189;106;48;2;255;189;106m▀▀▀▀▀[48;2;255;131;74m▀[38;2;255;131;74m▀[48;2;222;90;32m▀[38;2;222;90;32m▀▀▀▀▀▀[48;2;255;131;74m▀[38;2;255;131;74m▀▀▀[38;2;222;90;32;48;2;222;90;32m▀[38;2;16;16;16;48;2;16;16;16m▀[38;2;98;98;98;48;2;98;98;98m▀[38;2;16;16;16m▀▀▀[38;2;131;131;131;48;2;131;131;131m▀▀[48;2;98;98;98m▀[38;2;98;98;98m▀▀[48;2;16;16;16m▀▀[48;2;164;106;90m▀▀▀[38;2;164;106;90;48;2;222;90;32m▀[38;2;16;16;16m▀▀[38;2;164;106;90;48;2;164;106;90m▀[38;2;98;98;98m▀[48;2;98;98;98m▀▀▀[38;2;16;16;16m▀[48;2;164;106;90m▀[48;2;222;90;32m▀[38;2;65;65;65;48;2;65;65;65m▀[0m
[38;2;148;32;0;49m▄[48;2;255;189;106m▀[38;2;255;189;106m▀▀▀▀▀[48;2;255;131;74m▀[38;2;255;131;74m▀[48;2;222;90;32m▀[38;2;222;90;32m▀▀▀▀▀▀[38;2;255;131;74;48;2;255;131;74m▀▀▀▀[38;2;222;90;32;48;2;222;90;32m▀▀[38;2;148;32;0m▀[38;2;16;16;16;48;2;16;16;16m▀[38;2;65;65;65;48;2;98;98;98m▀▀▀▀[38;2;98;98;98;48;2;65;65;65m▀[48;2;98;98;98m▀[48;2;65;65;65m▀[38;2;16;16;16;48;2;222;90;32m▀[38;2;222;90;32;48;2;164;106;90m▀[38;2;164;106;90m▀[38;2;16;16;16;48;2;65;65;65m▀[38;2;222;90;32;48;2;16;16;16m▀▀[38;2;16;16;16;48;2;65;65;65m▀▀▀[38;2;222;90;32;48;2;16;16;16m▀▀[38;2;164;106;90;48;2;222;90;32m▀[38;2;98;98;98;48;2;164;106;90m▀[48;2;98;98;98m▀▀[38;2;164;106;90m▀▀[38;2;222;90;32;48;2;65;65;65m▀[38;2;65;65;65m▀[0m
[38;2;16;16;16;48;2;16;16;16m▀[38;2;255;189;106;48;2;255;131;74m▀[48;2;255;189;106m▀▀[48;2;255;131;74m▀▀[38;2;255;131;74;48;2;222;90;32m▀▀[38;2;222;90;32m▀▀▀▀▀▀[48;2;148;32;0m▀[38;2;148;32;0;48;2;16;16;16m▀[48;2;222;90;32m▀[38;2;255;131;74m▀▀[38;2;222;90;32m▀▀[48;2;148;32;0m▀[48;2;222;90;32m▀[38;2;16;16;16;48;2;16;16;16m▀[38;2;98;98;98;48;2;98;98;98m▀▀▀▀[48;2;164;106;90m▀[38;2;16;16;16;48;2;16;16;16m▀[38;2;65;65;65;48;2;222;90;32m▀[38;2;222;90;32;48;2;164;106;90m▀[38;2;164;106;90;48;2;98;98;98m▀[38;2;98;98;98m▀[38;2;164;106;90m▀[38;2;16;16;16;48;2;16;16;16m▀[38;2;65;65;65;48;2;65;65;65m▀▀[48;2;98;98;98m▀▀[48;2;65;65;65m▀▀[38;2;16;16;16m▀[38;2;164;106;90;48;2;164;106;90m▀▀[38;2;65;65;65;48;2;16;16;16m▀▀[38;2;16;16;16;48;2;164;106;90m▀▀[38;2;65;65;65;48;2;16;16;16m▀[0m
[0m [38;2;148;32;0;48;2;16;16;16m▀[38;2;222;90;32;48;2;222;90;32m▀▀▀▀▀▀▀[48;2;16;16;16m▀[38;2;148;32;0;48;2;222;90;32m▀▀[38;2;16;16;16;48;2;148;32;0m▀[38;2;222;90;32;48;2;222;90;32m▀[38;2;16;16;16;48;2;148;32;0m▀[38;2;148;32;0;48;2;222;90;32m▀▀[38;2;222;90;32;48;2;148;32;0m▀[48;2;222;90;32m▀▀[38;2;148;32;0;48;2;148;32;0m▀[38;2;222;90;32;48;2;222;90;32m▀[48;2;16;16;16m▀[38;2;16;16;16;48;2;98;98;98m▀[38;2;98;98;98;48;2;164;106;90m▀▀[38;2;164;106;90m▀▀[48;2;222;90;32m▀[38;2;16;16;16;48;2;16;16;16m▀[38;2;222;90;32;48;2;164;106;90m▀[38;2;164;106;90;48;2;98;98;98m▀[38;2;98;98;98m▀▀[38;2;16;16;16;48;2;16;16;16m▀[38;2;65;65;65;48;2;98;98;98m▀[38;2;98;98;98m▀▀▀▀▀▀[38;2;65;65;65m▀[48;2;16;16;16m▀[38;2;16;16;16;48;2;98;98;98m▀[38;2;98;98;98m▀▀[38;2;164;106;90m▀[48;2;164;106;90m▀[38;2;16;16;16;48;2;16;16;16m▀[0m
[0m  [38;2;16;16;16;48;2;222;90;32m▀[38;2;222;90;32;48;2;255;131;74m▀[48;2;148;32;0m▀▀▀▀[38;2;16;16;16;48;2;255;131;74m▀[38;2;222;90;32;48;2;222;90;32m▀▀[48;2;148;32;0m▀[38;2;148;32;0;48;2;222;90;32m▀[38;2;222;90;32m▀[38;2;148;32;0m▀[38;2;222;90;32;48;2;16;16;16m▀[48;2;222;90;32m▀[38;2;16;16;16m▀[38;2;222;90;32;48;2;16;16;16m▀▀[38;2;16;16;16;48;2;222;90;32m▀[48;2;148;32;0m▀[38;2;98;98;98;48;2;16;16;16m▀[38;2;164;106;90;48;2;131;131;131m▀[38;2;16;16;16m▀▀[38;2;222;90;32;48;2;16;16;16m▀▀[38;2;16;16;16;48;2;98;98;98m▀▀[48;2;164;106;90m▀[38;2;98;98;98;48;2;16;16;16m▀[48;2;98;98;98m▀▀[38;2;65;65;65;48;2;16;16;16m▀▀[38;2;98;98;98m▀[48;2;98;98;98m▀▀▀▀▀▀[38;2;16;16;16;48;2;16;16;16m▀[38;2;98;98;98;48;2;98;98;98m▀▀▀▀[38;2;65;65;65;48;2;16;16;16m▀[0m
[0m [38;2;148;32;0;48;2;148;32;0m▀[38;2;255;189;106;48;2;255;131;74m▀[38;2;255;131;74m▀[38;2;222;90;32;48;2;222;90;32m▀[38;2;16;16;16m▀[38;2;255;131;74;48;2;16;16;16m▀▀[48;2;255;131;74m▀▀[38;2;148;32;0;48;2;16;16;16m▀[38;2;222;90;32;48;2;255;131;74m▀[38;2;255;189;106;48;2;255;189;106m▀▀[38;2;255;131;74;48;2;255;131;74m▀[38;2;222;90;32;48;2;222;90;32m▀[38;2;16;16;16;48;2;16;16;16m▀[38;2;222;90;32;48;2;222;90;32m▀▀▀[48;2;148;32;0m▀[38;2;16;16;16;48;2;98;98;98m▀[38;2;131;131;131;48;2;131;131;131m▀▀[48;2;98;98;98m▀▀[38;2;98;98;98m▀[38;2;16;16;16m▀[38;2;222;90;32;48;2;16;16;16m▀▀[38;2;16;16;16;48;2;65;65;65m▀[48;2;98;98;98m▀[38;2;98;98;98m▀[38;2;65;65;65;48;2;16;16;16m▀[38;2;16;16;16;48;2;222;90;32m▀[38;2;164;106;90m▀[38;2;98;98;98;48;2;164;106;90m▀[38;2;16;16;16;48;2;16;16;16m▀[38;2;164;106;90;48;2;164;106;90m▀[38;2;98;98;98m▀▀[38;2;164;106;90;48;2;222;90;32m▀[38;2;16;16;16;48;2;16;16;16m▀[38;2;65;65;65;48;2;65;65;65m▀[38;2;98;98;98;48;2;98;98;98m▀▀[48;2;16;16;16m▀[38;2;16;16;16;48;2;65;65;65m▀[38;2;65;65;65;48;2;98;98;98m▀[38;2;16;16;16;48;2;16;16;16m▀[0m
[0m  [38;2;148;32;0m▀[38;2;222;90;32;48;2;148;32;0m▀▀▀[38;2;148;32;0;49m▀[0m [38;2;16;16;16m▀[38;2;255;131;74;48;2;148;32;0m▀[38;2;16;16;16;48;2;255;131;74m▀[38;2;255;131;74;48;2;16;16;16m▀[48;2;255;131;74m▀▀[48;2;222;90;32m▀[38;2;222;90;32;48;2;16;16;16m▀[38;2;16;16;16;48;2;222;90;32m▀[38;2;222;90;32m▀▀▀[38;2;148;32;0;48;2;148;32;0m▀[38;2;65;65;65;48;2;65;65;65m▀[38;2;98;98;98;48;2;98;98;98m▀▀[48;2;164;106;90m▀[48;2;222;90;32m▀[38;2;164;106;90m▀[48;2;16;16;16m▀[38;2;16;16;16;48;2;65;65;65m▀[38;2;65;65;65;48;2;98;98;98m▀[38;2;98;98;98m▀▀▀[38;2;65;65;65m▀[38;2;16;16;16;48;2;65;65;65m▀▀▀[38;2;164;106;90;48;2;16;16;16m▀[38;2;222;90;32;48;2;65;65;65m▀[48;2;16;16;16m▀▀[38;2;16;16;16;48;2;65;65;65m▀[38;2;65;65;65m▀[38;2;98;98;98;48;2;98;98;98m▀▀▀[38;2;16;16;16;48;2;65;65;65m▀[38;2;164;106;90;48;2;222;90;32m▀▀[38;2;65;65;65;48;2;65;65;65m▀[0m
[0m         [38;2;148;32;0m▀[38;2;255;131;74;48;2;148;32;0m▀[38;2;222;90;32;48;2;255;131;74m▀[38;2;16;16;16;48;2;222;90;32m▀▀▀[38;2;222;90;32m▀▀▀▀▀▀[38;2;148;32;0m▀[38;2;164;106;90;48;2;148;32;0m▀[38;2;222;90;32m▀[48;2;16;16;16m▀[38;2;16;16;16;48;2;131;131;131m▀▀[38;2;65;65;65;48;2;16;16;16m▀[48;2;65;65;65m▀[38;2;98;98;98m▀[48;2;98;98;98m▀▀▀▀▀▀[38;2;65;65;65m▀▀[38;2;16;16;16;48;2;16;16;16m▀[38;2;98;98;98;48;2;98;98;98m▀▀[38;2;16;16;16;48;2;16;16;16m▀[38;2;98;98;98;48;2;98;98;98m▀▀▀▀[48;2;164;106;90m▀[38;2;65;65;65;48;2;65;65;65m▀[49m▀[0m
[0m          [38;2;148;32;0;48;2;148;32;0m▀[38;2;255;131;74;48;2;255;131;74m▀[38;2;222;90;32m▀[48;2;222;90;32m▀▀▀▀▀▀▀▀▀▀[38;2;16;16;16;48;2;16;16;16m▀[38;2;98;98;98;48;2;222;90;32m▀[38;2;131;131;131;48;2;164;106;90m▀[48;2;98;98;98m▀[38;2;98;98;98m▀[38;2;16;16;16;48;2;16;16;16m▀[48;2;131;131;131m▀▀[48;2;98;98;98m▀[38;2;98;98;98;48;2;16;16;16m▀[48;2;164;106;90m▀[38;2;164;106;90;48;2;222;90;32m▀[38;2;98;98;98;48;2;98;98;98m▀[48;2;164;106;90m▀[48;2;65;65;65m▀[38;2;65;65;65m▀[38;2;98;98;98;48;2;98;98;98m▀▀[38;2;65;65;65;48;2;65;65;65m▀[38;2;98;98;98m▀[48;2;164;106;90m▀▀[38;2;164;106;90;48;2;222;90;32m▀[48;2;16;16;16m▀[38;2;16;16;16;49m▀[0m
[0m          [38;2;148;32;0;48;2;148;32;0m▀[38;2;255;189;106;48;2;255;189;106m▀[38;2;255;131;74m▀[38;2;222;90;32;48;2;255;131;74m▀▀[48;2;222;90;32m▀▀▀▀[48;2;255;131;74m▀▀[38;2;255;131;74m▀▀[38;2;222;90;32m▀[38;2;16;16;16m▀[38;2;222;90;32;48;2;16;16;16m▀▀[38;2;16;16;16m▀[38;2;98;98;98;48;2;222;90;32m▀[38;2;131;131;131;48;2;164;106;90m▀[48;2;98;98;98m▀[38;2;98;98;98m▀[38;2;16;16;16;48;2;16;16;16m▀[38;2;222;90;32;48;2;65;65;65m▀[48;2;222;90;32m▀[38;2;164;106;90m▀▀[38;2;16;16;16;48;2;16;16;16m▀[38;2;98;98;98;48;2;164;106;90m▀▀[38;2;65;65;65;48;2;65;65;65m▀▀[38;2;222;90;32;48;2;16;16;16m▀[48;2;222;90;32m▀[48;2;16;16;16m▀[38;2;16;16;16;49m▀[0m
[0m         [38;2;148;32;0;48;2;148;32;0m▀[38;2;255;189;106;48;2;255;189;106m▀▀▀▀▀[38;2;255;131;74;48;2;255;131;74m▀▀▀▀▀▀▀▀▀▀[38;2;222;90;32m▀▀▀[38;2;16;16;16;48;2;222;90;32m▀[38;2;222;90;32;48;2;16;16;16m▀▀[38;2;16;16;16;48;2;222;90;32m▀[38;2;65;65;65m▀[38;2;222;90;32m▀[38;2;148;32;0;48;2;148;32;0m▀[38;2;222;90;32;48;2;16;16;16m▀[38;2;16;16;16;48;2;222;90;32m▀[38;2;164;106;90m▀[38;2;222;90;32m▀[48;2;16;16;16m▀[38;2;16;16;16;48;2;98;98;98m▀[38;2;98;98;98m▀[38;2;16;16;16;48;2;16;16;16m▀[49m▀[0m
[0m    [38;2;16;16;16m▄▄[38;2;148;32;0m▄[48;2;255;189;106m▀▀[38;2;255;189;106m▀▀▀▀▀[48;2;255;131;74m▀[38;2;255;131;74m▀▀▀[48;2;148;32;0m▀▀▀[48;2;222;90;32m▀▀[48;2;255;131;74m▀▀▀▀▀▀[38;2;222;90;32;48;2;222;90;32m▀▀▀▀▀▀[48;2;148;32;0m▀[38;2;16;16;16m▀[48;2;222;90;32m▀▀[38;2;148;32;0m▀[38;2;222;90;32;48;2;148;32;0m▀▀[38;2;16;16;16;49m▀[0m
[0m   [38;2;16;16;16;48;2;148;32;0m▀[38;2;255;189;106m▀[48;2;255;131;74m▀[38;2;16;16;16m▀[38;2;255;189;106m▀▀▀▀▀[38;2;255;131;74m▀[48;2;222;90;32m▀▀▀[48;2;148;32;0m▀[38;2;148;32;0;48;2;222;90;32m▀[38;2;255;189;106;48;2;255;131;74m▀▀[38;2;255;131;74;48;2;222;90;32m▀[38;2;148;32;0m▀[38;2;222;90;32;48;2;148;32;0m▀[48;2;222;90;32m▀[38;2;255;131;74m▀▀▀[38;2;222;90;32m▀▀▀▀▀▀▀[38;2;148;32;0m▀[38;2;255;131;74m▀▀[38;2;148;32;0m▀[38;2;222;90;32m▀▀[38;2;255;131;74m▀▀[38;2;148;32;0;48;2;255;131;74m▀▀[49m▄[0m
[0m  [38;2;148;32;0;48;2;148;32;0m▀[38;2;255;131;74;48;2;255;131;74m▀▀[48;2;222;90;32m▀▀[38;2;222;90;32;48;2;148;32;0m▀[38;2;148;32;0;48;2;255;131;74m▀[38;2;222;90;32;48;2;148;32;0m▀[48;2;222;90;32m▀▀▀[48;2;148;32;0m▀▀[48;2;222;90;32m▀▀[38;2;148;32;0m▀▀[38;2;222;90;32m▀▀[38;2;148;32;0m▀[38;2;222;90;32m▀▀▀▀▀▀[48;2;148;32;0m▀[38;2;148;32;0;48;2;255;189;106m▀[48;2;255;131;74m▀[48;2;222;90;32m▀[38;2;222;90;32;48;2;148;32;0m▀[48;2;222;90;32m▀▀▀▀▀▀▀▀▀▀[38;2;255;131;74m▀[38;2;148;32;0;48;2;16;16;16m▀[0m
[0m  [38;2;16;16;16m▀[38;2;255;131;74;48;2;16;16;16m▀▀[38;2;222;90;32;48;2;222;90;32m▀▀▀▀▀▀▀[38;2;148;32;0m▀[38;2;255;189;106m▀[38;2;255;131;74m▀[38;2;148;32;0m▀[38;2;222;90;32m▀▀▀▀▀▀▀▀▀▀▀▀▀▀▀▀▀[48;2;255;131;74m▀▀[48;2;222;90;32m▀▀▀[48;2;16;16;16m▀▀▀[38;2;16;16;16;49m▀▀▀[0m
[0m     [38;2;148;32;0m▀[38;2;16;16;16m▀▀▀▀▀▀[38;2;222;90;32;48;2;148;32;0m▀[48;2;16;16;16m▀[38;2;255;131;74m▀[48;2;255;131;74m▀▀▀[38;2;222;90;32m▀▀▀[38;2;255;131;74;48;2;222;90;32m▀▀[38;2;222;90;32;48;2;16;16;16m▀[38;2;16;16;16;49m▀[38;2;148;32;0m▀▀[38;2;255;131;74;48;2;16;16;16m▀[48;2;222;90;32m▀[38;2;222;90;32;48;2;255;131;74m▀▀[38;2;255;131;74;48;2;222;90;32m▀[48;2;16;16;16m▀[38;2;16;16;16;49m▀▀▀▀▀[0m
[0m               [38;2;16;16;16m▀▀[38;2;222;90;32;48;2;148;32;0m▀[38;2;255;131;74;48;2;16;16;16m▀▀[38;2;222;90;32m▀[38;2;16;16;16;49m▀▀[0m     [38;2;148;32;0m▀[38;2;16;16;16m▀▀▀[0m
