[0m                   [38;2;123;98;82m▄▄[48;2;197;156;115m▀[38;2;65;57;49m▀▀▀[48;2;172;131;90m▀▀[38;2;123;98;82;49m▄[38;2;65;57;49m▄▄[0m
[0m               [38;2;123;98;82m▄▄[48;2;197;156;115m▀▀[38;2;197;156;115m▀▀▀▀▀▀▀[38;2;172;131;90m▀[48;2;172;131;90m▀▀▀[38;2;65;57;49m▀▀[49m▄[0m
[0m             [38;2;123;98;82m▄[48;2;172;131;90m▀[38;2;172;131;90;48;2;197;156;115m▀[38;2;197;156;115m▀▀▀▀▀▀▀▀▀▀▀▀[38;2;172;131;90m▀[48;2;172;131;90m▀▀▀▀[38;2;65;57;49m▀[49m▄[0m
[0m            [38;2;123;98;82;48;2;123;98;82m▀[38;2;172;131;90;48;2;65;57;49m▀▀[38;2;123;98;82;48;2;197;156;115m▀▀[38;2;197;156;115m▀[48;2;172;131;90m▀▀[38;2;172;131;90m▀▀▀▀▀[38;2;197;156;115m▀[48;2;197;156;115m▀[38;2;172;131;90m▀[48;2;172;131;90m▀[38;2;197;156;115m▀[38;2;172;131;90m▀▀▀▀▀[38;2;65;57;49m▀[49m▄[0m
[0m        [38;2;65;57;49m▄▄[48;2;197;156;115m▀▀[38;2;197;156;115m▀[48;2;172;131;90m▀▀[38;2;172;131;90m▀▀▀▀▀▀▀▀▀▀▀▀[38;2;197;156;115m▀[38;2;172;131;90m▀▀▀▀▀▀▀▀[38;2;65;57;49;48;2;148;115;90m▀[49m▄[0m
[0m      [38;2;123;98;82m▄[48;2;197;156;115m▀[38;2;197;156;115m▀▀▀▀[38;2;172;131;90;48;2;172;131;90m▀▀▀▀▀▀▀▀▀▀▀▀▀▀▀▀▀▀▀▀▀▀▀▀▀[38;2;123;98;82m▀[38;2;65;57;49;49m▄[0m
[0m    [38;2;123;98;82m▄[48;2;197;156;115m▀[38;2;197;156;115m▀▀▀▀▀[38;2;172;131;90;48;2;172;131;90m▀▀▀▀▀▀▀▀▀▀▀▀▀▀▀▀▀▀▀▀▀▀▀▀▀▀▀[38;2;123;98;82;48;2;148;115;90m▀[38;2;65;57;49;49m▄[0m
[0m    [38;2;123;98;82;48;2;172;131;90m▀[38;2;197;156;115;48;2;197;156;115m▀▀▀▀▀[38;2;172;131;90;48;2;172;131;90m▀▀▀▀▀▀▀▀▀▀▀▀▀▀▀▀▀▀▀▀▀▀▀▀▀▀▀▀▀[38;2;65;57;49;48;2;148;115;90m▀[49m▄[0m
[0m   [38;2;123;98;82;48;2;123;98;82m▀[38;2;197;156;115;48;2;197;156;115m▀▀▀▀▀▀[38;2;172;131;90;48;2;172;131;90m▀▀▀▀▀▀▀▀▀▀▀▀▀▀▀▀▀▀▀▀▀▀▀▀▀▀▀▀▀▀[38;2;65;57;49;48;2;65;57;49m▀[0m
[0m   [38;2;123;98;82;48;2;123;98;82m▀[38;2;197;156;115;48;2;197;156;115m▀▀[48;2;172;131;90m▀[48;2;197;156;115m▀▀▀[38;2;172;131;90m▀[38;2;197;156;115m▀[38;2;172;131;90;48;2;172;131;90m▀[48;2;197;156;115m▀[48;2;172;131;90m▀▀▀▀▀▀▀▀▀▀▀▀▀▀▀▀▀▀▀▀▀▀▀▀▀▀[38;2;123;98;82;48;2;148;115;90m▀[38;2;16;16;16;49m▄[0m
[0m   [38;2;123;98;82;48;2;123;98;82m▀[38;2;197;156;115;48;2;197;156;115m▀[48;2;172;131;90m▀[38;2;172;131;90m▀▀[38;2;197;156;115;48;2;197;156;115m▀▀▀▀▀▀[38;2;172;131;90;48;2;172;131;90m▀▀▀▀▀▀▀▀▀▀▀▀▀▀▀▀▀▀▀▀▀▀▀▀▀▀▀[38;2;16;16;16;48;2;16;16;16m▀[0m
[0m   [38;2;123;98;82;48;2;123;98;82m▀[38;2;197;156;115;48;2;172;131;90m▀[38;2;172;131;90m▀▀▀[38;2;197;156;115;48;2;197;156;115m▀▀▀▀▀▀▀[38;2;172;131;90;48;2;172;131;90m▀▀▀▀▀▀▀▀▀▀▀▀▀▀▀▀▀▀▀▀▀[38;2;148;115;90;48;2;123;98;82m▀[38;2;172;131;90;48;2;172;131;90m▀▀▀▀[38;2;16;16;16;48;2;16;16;16m▀[0m
[0m   [38;2;123;98;82;48;2;123;98;82m▀[38;2;172;131;90;48;2;172;131;90m▀▀▀▀▀[38;2;197;156;115;48;2;197;156;115m▀▀▀▀▀[48;2;172;131;90m▀[38;2;172;131;90m▀▀▀▀▀▀▀▀▀▀▀▀▀▀▀▀▀▀▀▀▀[38;2;123;98;82m▀[38;2;148;115;90;48;2;123;98;82m▀[38;2;172;131;90;48;2;172;131;90m▀▀▀[38;2;16;16;16;48;2;65;57;49m▀[0m
[0m    [38;2;123;98;82;48;2;65;57;49m▀[38;2;172;131;90;48;2;172;131;90m▀▀▀▀[38;2;197;156;115;48;2;197;156;115m▀[38;2;172;131;90;48;2;172;131;90m▀[38;2;197;156;115m▀[38;2;172;131;90m▀[38;2;197;156;115m▀[38;2;172;131;90m▀▀▀▀▀▀▀▀▀▀▀▀▀▀▀▀▀▀▀▀▀▀▀[38;2;123;98;82;48;2;123;98;82m▀[38;2;148;115;90;48;2;148;115;90m▀[38;2;172;131;90m▀▀[38;2;148;115;90;48;2;123;98;82m▀[38;2;16;16;16;48;2;16;16;16m▀[0m
[0m    [38;2;65;57;49;48;2;65;57;49m▀[38;2;172;131;90;48;2;172;131;90m▀▀▀▀▀▀▀▀▀▀▀▀▀▀▀▀▀▀▀▀▀▀▀▀▀[48;2;148;115;90m▀[48;2;172;131;90m▀▀▀▀▀▀▀[38;2;65;57;49;48;2;16;16;16m▀[38;2;148;115;90;48;2;148;115;90m▀▀[38;2;123;98;82;48;2;123;98;82m▀[38;2;16;16;16;48;2;16;16;16m▀[0m
[0m    [38;2;65;57;49;48;2;123;98;82m▀[38;2;172;131;90;48;2;172;131;90m▀▀▀▀▀▀▀▀▀▀▀▀▀▀▀▀▀▀▀▀▀▀▀▀▀[38;2;65;57;49;48;2;65;57;49m▀[38;2;172;131;90;48;2;172;131;90m▀▀▀▀▀▀▀[38;2;16;16;16m▀[38;2;148;115;90;48;2;16;16;16m▀[38;2;123;98;82;48;2;123;98;82m▀▀[38;2;16;16;16;48;2;16;16;16m▀[0m
[0m   [38;2;65;57;49;48;2;65;57;49m▀[38;2;172;131;90;48;2;172;131;90m▀▀▀▀▀▀▀▀▀▀▀▀▀▀▀▀▀▀▀▀▀▀▀▀▀[48;2;148;115;90m▀[38;2;148;115;90m▀[38;2;65;57;49;48;2;16;16;16m▀[38;2;172;131;90;48;2;172;131;90m▀▀▀▀▀▀▀[38;2;16;16;16;48;2;16;16;16m▀[38;2;123;98;82;48;2;123;98;82m▀▀[38;2;16;16;16;48;2;65;57;49m▀[0m
[0m  [38;2;65;57;49m▄[38;2;123;98;82;48;2;172;131;90m▀[38;2;172;131;90;48;2;197;156;115m▀[38;2;197;156;115m▀[38;2;172;131;90m▀[38;2;197;156;115m▀[38;2;172;131;90m▀[48;2;172;131;90m▀▀▀▀[38;2;123;98;82;48;2;65;57;49m▀[38;2;172;131;90;48;2;172;131;90m▀▀▀[38;2;123;98;82;48;2;65;57;49m▀[38;2;172;131;90;48;2;172;131;90m▀[48;2;197;156;115m▀[48;2;172;131;90m▀▀[38;2;197;156;115;48;2;197;156;115m▀[38;2;172;131;90m▀[48;2;172;131;90m▀▀▀▀▀[38;2;148;115;90;48;2;123;98;82m▀[48;2;148;115;90m▀[38;2;16;16;16m▀[38;2;172;131;90;48;2;65;57;49m▀[48;2;172;131;90m▀▀▀▀▀▀[38;2;148;115;90;48;2;148;115;90m▀[38;2;16;16;16;48;2;16;16;16m▀[38;2;123;98;82;48;2;123;98;82m▀▀[38;2;16;16;16;48;2;16;16;16m▀[0m
[0m  [38;2;65;57;49;48;2;65;57;49m▀[38;2;172;131;90;48;2;197;156;115m▀[38;2;197;156;115m▀▀▀▀▀[38;2;172;131;90m▀[38;2;197;156;115m▀[38;2;172;131;90;48;2;172;131;90m▀[48;2;65;57;49m▀[38;2;16;16;16;48;2;123;98;82m▀[38;2;172;131;90;48;2;148;115;90m▀▀[38;2;148;115;90m▀[38;2;16;16;16m▀[38;2;172;131;90;48;2;65;57;49m▀[38;2;197;156;115;48;2;197;156;115m▀▀[38;2;172;131;90m▀[38;2;197;156;115;48;2;172;131;90m▀[48;2;197;156;115m▀▀[38;2;172;131;90;48;2;172;131;90m▀[48;2;197;156;115m▀[48;2;172;131;90m▀▀[38;2;123;98;82m▀[38;2;148;115;90;48;2;65;57;49m▀[38;2;123;98;82;48;2;123;98;82m▀[38;2;16;16;16;48;2;16;16;16m▀[38;2;172;131;90;48;2;172;131;90m▀▀▀▀▀▀[38;2;148;115;90;48;2;148;115;90m▀▀[38;2;65;57;49;48;2;65;57;49m▀[38;2;123;98;82;48;2;123;98;82m▀[38;2;16;16;16;48;2;16;16;16m▀[0m
[0m [38;2;65;57;49;48;2;65;57;49m▀[38;2;172;131;90;48;2;172;131;90m▀[38;2;197;156;115;48;2;65;57;49m▀[48;2;197;156;115m▀▀▀▀▀▀▀[38;2;172;131;90;48;2;172;131;90m▀[38;2;16;16;16;48;2;16;16;16m▀[38;2;148;115;90;48;2;148;115;90m▀▀▀▀▀[38;2;16;16;16;48;2;16;16;16m▀[38;2;172;131;90;48;2;172;131;90m▀[38;2;197;156;115;48;2;197;156;115m▀▀[48;2;123;98;82m▀[48;2;197;156;115m▀▀▀[48;2;172;131;90m▀[48;2;123;98;82m▀[38;2;172;131;90;48;2;197;156;115m▀[48;2;172;131;90m▀[38;2;65;57;49m▀[38;2;123;98;82;48;2;65;57;49m▀[48;2;123;98;82m▀[38;2;16;16;16;48;2;16;16;16m▀[38;2;172;131;90;48;2;148;115;90m▀[48;2;172;131;90m▀▀▀[38;2;148;115;90;48;2;148;115;90m▀▀▀[38;2;16;16;16;48;2;16;16;16m▀[38;2;123;98;82;48;2;123;98;82m▀[38;2;65;57;49m▀[38;2;16;16;16;49m▄[0m
[0m [38;2;65;57;49m▀▀[38;2;16;16;16;48;2;16;16;16m▀[38;2;197;156;115m▀[38;2;16;16;16;48;2;123;98;82m▀[38;2;123;98;82;48;2;16;16;16m▀[38;2;197;156;115;48;2;197;156;115m▀[38;2;65;57;49;48;2;65;57;49m▀[38;2;197;156;115;48;2;16;16;16m▀[48;2;197;156;115m▀[38;2;65;57;49;48;2;16;16;16m▀[38;2;123;98;82;48;2;123;98;82m▀[48;2;115;49;65m▀[38;2;148;115;90m▀▀▀▀[48;2;123;98;82m▀[38;2;16;16;16;48;2;16;16;16m▀[38;2;172;131;90;48;2;172;131;90m▀[38;2;197;156;115;48;2;16;16;16m▀[38;2;16;16;16;48;2;123;98;82m▀[38;2;197;156;115;48;2;16;16;16m▀[48;2;197;156;115m▀[38;2;172;131;90;48;2;65;57;49m▀[48;2;172;131;90m▀▀[38;2;65;57;49;48;2;123;98;82m▀[38;2;172;131;90;48;2;65;57;49m▀[48;2;172;131;90m▀[38;2;65;57;49;48;2;65;57;49m▀[38;2;123;98;82;48;2;123;98;82m▀▀[38;2;16;16;16m▀[38;2;148;115;90;48;2;65;57;49m▀[48;2;148;115;90m▀▀▀▀[48;2;16;16;16m▀[38;2;16;16;16;48;2;123;98;82m▀[38;2;123;98;82m▀▀[38;2;16;16;16;48;2;65;57;49m▀[0m
[0m   [38;2;65;57;49;48;2;65;57;49m▀[38;2;123;98;82;48;2;123;98;82m▀▀[38;2;65;57;49;48;2;16;16;16m▀[38;2;16;16;16;48;2;189;180;180m▀[38;2;65;57;49;48;2;205;213;213m▀[38;2;123;98;82m▀[38;2;16;16;16;48;2;123;98;82m▀[38;2;123;98;82;48;2;115;49;65m▀[38;2;115;49;65;48;2;246;148;156m▀[38;2;246;148;156m▀▀▀▀▀[38;2;115;49;65m▀[38;2;65;57;49;48;2;115;49;65m▀[38;2;16;16;16;48;2;123;98;82m▀[38;2;123;98;82m▀[48;2;65;57;49m▀[38;2;65;57;49;48;2;189;180;180m▀[38;2;16;16;16m▀▀[38;2;65;57;49;48;2;65;57;49m▀[38;2;172;131;90m▀▀[38;2;65;57;49m▀[48;2;123;98;82m▀▀[38;2;123;98;82m▀▀▀▀[38;2;16;16;16m▀▀▀[38;2;65;57;49m▀[38;2;123;98;82m▀▀▀▀[48;2;148;115;90m▀[38;2;65;57;49;48;2;123;98;82m▀[49m▄▄[0m
[38;2;65;57;49;49m▄[38;2;123;98;82m▄[38;2;16;16;16;48;2;123;98;82m▀[38;2;65;57;49m▀[38;2;123;98;82m▀[38;2;16;16;16;48;2;148;115;90m▀[38;2;205;213;213;48;2;205;213;213m▀▀▀▀[38;2;189;180;180;48;2;189;180;180m▀[38;2;16;16;16;48;2;16;16;16m▀[38;2;246;148;156;48;2;180;98;115m▀[38;2;180;98;115;48;2;115;49;65m▀[38;2;246;148;156;48;2;246;148;156m▀▀[38;2;180;98;115;48;2;115;49;65m▀[38;2;246;148;156;48;2;180;98;115m▀[38;2;180;98;115m▀[38;2;16;16;16;48;2;16;16;16m▀[38;2;123;98;82;48;2;65;57;49m▀[38;2;65;57;49;48;2;205;213;213m▀[38;2;189;180;180m▀[38;2;205;213;213m▀▀[38;2;189;180;180m▀[48;2;189;180;180m▀[38;2;16;16;16m▀[38;2;123;98;82;48;2;16;16;16m▀[48;2;123;98;82m▀▀▀▀▀▀▀▀▀[48;2;148;115;90m▀▀[38;2;148;115;90;48;2;65;57;49m▀[48;2;148;115;90m▀[38;2;123;98;82m▀▀[38;2;65;57;49;48;2;123;98;82m▀[38;2;148;115;90;48;2;65;57;49m▀[48;2;16;16;16m▀▀[38;2;65;57;49;49m▀[0m
[38;2;16;16;16;49m▀[38;2;65;57;49m▀[38;2;123;98;82;48;2;65;57;49m▀[48;2;16;16;16m▀[38;2;16;16;16m▀[38;2;205;213;213;48;2;255;255;255m▀[38;2;255;255;255m▀[38;2;205;213;213m▀[48;2;189;180;180m▀[38;2;189;180;180m▀[48;2;65;57;49m▀[38;2;65;57;49;48;2;123;98;82m▀▀[38;2;180;98;115;48;2;16;16;16m▀▀▀[48;2;65;57;49m▀▀[38;2;65;57;49;48;2;123;98;82m▀[38;2;123;98;82m▀[38;2;65;57;49;48;2;65;57;49m▀[38;2;205;213;213;48;2;205;213;213m▀[48;2;255;255;255m▀[38;2;255;255;255m▀▀[38;2;205;213;213m▀[38;2;189;180;180;48;2;189;180;180m▀▀[38;2;16;16;16;48;2;16;16;16m▀[38;2;123;98;82;48;2;123;98;82m▀▀[38;2;148;115;90;48;2;148;115;90m▀[38;2;123;98;82m▀[48;2;123;98;82m▀▀[48;2;148;115;90m▀▀[38;2;148;115;90;48;2;123;98;82m▀[48;2;148;115;90m▀▀▀[38;2;65;57;49m▀[38;2;123;98;82;48;2;16;16;16m▀[38;2;148;115;90m▀▀[38;2;123;98;82m▀[38;2;65;57;49;48;2;65;57;49m▀[0m
[0m [38;2;65;57;49;48;2;16;16;16m▀[38;2;123;98;82m▀[48;2;65;57;49m▀[38;2;16;16;16;48;2;16;16;16m▀[38;2;255;255;255;48;2;255;255;255m▀▀▀[38;2;189;180;180;48;2;189;180;180m▀[38;2;16;16;16;48;2;16;16;16m▀[38;2;123;98;82;48;2;123;98;82m▀▀[48;2;65;57;49m▀[48;2;123;98;82m▀▀▀▀▀▀▀▀[38;2;148;115;90;48;2;16;16;16m▀[38;2;255;255;255;48;2;255;255;255m▀▀▀[48;2;189;180;180m▀[38;2;189;180;180m▀[48;2;65;57;49m▀[38;2;16;16;16;48;2;123;98;82m▀[38;2;123;98;82m▀▀[38;2;148;115;90m▀[48;2;148;115;90m▀▀[38;2;65;57;49m▀[38;2;148;115;90;48;2;16;16;16m▀[48;2;148;115;90m▀▀[38;2;65;57;49m▀[38;2;148;115;90;48;2;65;57;49m▀▀▀[48;2;16;16;16m▀[38;2;16;16;16m▀[0m
[0m   [38;2;16;16;16m▀▀[38;2;189;180;180;48;2;16;16;16m▀[38;2;255;255;255;48;2;255;255;255m▀▀[38;2;205;213;213;48;2;205;213;213m▀[38;2;65;57;49;48;2;189;180;180m▀[38;2;123;98;82;48;2;16;16;16m▀▀[38;2;16;16;16;49m▀▀▀▀▀[38;2;123;98;82;48;2;16;16;16m▀[48;2;65;57;49m▀[48;2;123;98;82m▀[38;2;16;16;16;48;2;16;16;16m▀[38;2;189;180;180;48;2;255;255;255m▀[38;2;255;255;255m▀[48;2;205;213;213m▀[48;2;189;180;180m▀[38;2;189;180;180m▀[48;2;16;16;16m▀[38;2;65;57;49;48;2;123;98;82m▀[38;2;123;98;82m▀▀[48;2;65;57;49m▀[48;2;123;98;82m▀[38;2;16;16;16m▀[38;2;148;115;90;48;2;16;16;16m▀[48;2;65;57;49m▀[48;2;16;16;16m▀[38;2;16;16;16;49m▀[38;2;148;115;90;48;2;16;16;16m▀[38;2;16;16;16m▀[0m
[0m      [38;2;16;16;16m▀▀[38;2;255;255;255;48;2;16;16;16m▀[38;2;205;213;213m▀[38;2;189;180;180m▀[38;2;16;16;16;48;2;65;57;49m▀[0m       [38;2;16;16;16;48;2;16;16;16m▀[38;2;205;213;213m▀▀[38;2;189;180;180m▀▀[38;2;16;16;16m▀[49m▀[38;2;65;57;49m▀▀[38;2;123;98;82;48;2;65;57;49m▀[38;2;16;16;16;48;2;16;16;16m▀[0m [38;2;16;16;16m▀[38;2;65;57;49m▀[38;2;123;98;82;48;2;16;16;16m▀[38;2;16;16;16m▀[0m
