[0m     [38;2;16;16;16m▄[48;2;255;205;230m▀▀[38;2;189;0;74;49m▄[0m
[0m     [38;2;16;16;16;48;2;189;0;74m▀[38;2;255;205;230;48;2;255;164;197m▀▀[38;2;255;164;197m▀[38;2;189;0;74;48;2;189;0;74m▀[0m                       [38;2;189;0;74m▄▄[0m
[0m    [38;2;16;16;16m▄▄[38;2;189;0;74;48;2;16;16;16m▀[38;2;255;164;197;48;2;255;164;197m▀▀▀[38;2;16;16;16m▀[49m▄[0m            [38;2;16;16;16m▄[48;2;255;205;230m▀▀[38;2;189;0;74;49m▄[0m   [38;2;189;0;74m▄[48;2;255;205;230m▀[38;2;255;205;230m▀▀[38;2;16;16;16;48;2;16;16;16m▀[0m
[0m   [38;2;16;16;16;48;2;16;16;16m▀[38;2;255;205;230;48;2;255;205;230m▀▀[38;2;255;164;197;48;2;255;164;197m▀[38;2;189;0;74m▀▀[38;2;255;164;197m▀▀[38;2;16;16;16m▀[49m▄[38;2;189;0;74m▄▄[48;2;230;98;148m▀▀[38;2;16;16;16;49m▄[0m      [38;2;16;16;16;48;2;16;16;16m▀[38;2;255;205;230;48;2;255;164;197m▀▀[38;2;189;0;74m▀[38;2;16;16;16;49m▄[38;2;189;0;74m▄[48;2;255;164;197m▀[38;2;255;164;197m▀[38;2;255;205;230m▀▀[38;2;16;16;16;48;2;16;16;16m▀[0m
[0m    [38;2;16;16;16m▀▀[38;2;255;164;197;48;2;16;16;16m▀▀[48;2;246;123;180m▀[48;2;255;164;197m▀▀▀[38;2;230;98;148;48;2;230;98;148m▀▀▀▀[48;2;16;16;16m▀[38;2;16;16;16;49m▀[0m       [38;2;16;16;16;48;2;16;16;16m▀[38;2;255;164;197;48;2;255;164;197m▀▀[38;2;16;16;16;48;2;230;98;148m▀[38;2;230;98;148;48;2;189;0;74m▀[38;2;255;164;197;48;2;246;123;180m▀[48;2;230;98;148m▀[38;2;246;123;180;48;2;16;16;16m▀[38;2;16;16;16;49m▀[0m
[0m        [38;2;189;0;74;48;2;189;0;74m▀[38;2;255;164;197;48;2;230;98;148m▀[48;2;255;164;197m▀[48;2;230;98;148m▀[38;2;230;98;148;48;2;255;164;197m▀[48;2;230;98;148m▀▀[38;2;16;16;16;48;2;16;16;16m▀[0m        [38;2;189;0;74m▄[38;2;16;16;16;48;2;189;0;74m▀[38;2;230;98;148;48;2;230;98;148m▀▀▀[38;2;189;0;74m▀[38;2;230;98;148m▀[48;2;16;16;16m▀[38;2;16;16;16;49m▀[0m
[0m         [38;2;189;0;74;48;2;189;0;74m▀[38;2;230;98;148;48;2;255;164;197m▀[38;2;255;164;197;48;2;230;98;148m▀[38;2;230;98;148;48;2;255;164;197m▀[48;2;230;98;148m▀▀[38;2;189;0;74m▀[49m▄[0m     [38;2;189;0;74m▄[48;2;255;164;197m▀[38;2;255;164;197m▀▀[38;2;230;98;148;48;2;230;98;148m▀▀▀▀▀[38;2;16;16;16;48;2;189;0;74m▀[0m
[0m     [38;2;16;16;16m▄▄▄[0m  [38;2;189;0;74;48;2;189;0;74m▀[38;2;255;164;197;48;2;230;98;148m▀[38;2;230;98;148m▀▀▀▀▀[38;2;189;0;74;48;2;16;16;16m▀[38;2;16;16;16;49m▄▄[38;2;189;0;74m▄[48;2;255;164;197m▀[38;2;255;164;197m▀▀▀[38;2;246;123;180;48;2;230;98;148m▀[38;2;230;98;148m▀▀▀[48;2;189;0;74m▀[48;2;230;98;148m▀▀[38;2;189;0;74;48;2;189;0;74m▀[0m
[0m    [38;2;16;16;16;48;2;16;16;16m▀[38;2;255;205;230;48;2;255;205;230m▀▀▀[38;2;189;0;74;48;2;255;164;197m▀▀[49m▄[48;2;189;0;74m▀[48;2;255;164;197m▀▀[38;2;255;164;197m▀▀▀▀▀▀▀▀▀[48;2;246;123;180m▀[38;2;230;98;148;48;2;230;98;148m▀▀▀▀[48;2;16;16;16m▀[38;2;16;16;16;49m▀▀▀[0m  [38;2;16;16;16m▄[48;2;255;164;197m▀▀[38;2;189;0;74;49m▄▄▄[0m
[0m     [38;2;16;16;16m▀[38;2;255;164;197;48;2;16;16;16m▀[48;2;255;164;197m▀▀▀▀▀▀▀▀▀▀▀▀▀▀▀▀[38;2;230;98;148;48;2;230;98;148m▀▀▀▀[48;2;16;16;16m▀[38;2;16;16;16;49m▀[0m     [38;2;16;16;16;48;2;16;16;16m▀[38;2;255;164;197;48;2;255;164;197m▀▀[38;2;189;0;74m▀[38;2;255;164;197m▀[48;2;246;123;180m▀[38;2;16;16;16;48;2;16;16;16m▀[0m
[0m     [38;2;189;0;74m▄[48;2;255;205;230m▀[38;2;16;16;16;48;2;255;164;197m▀[38;2;230;98;148;48;2;189;0;74m▀[38;2;246;123;180;48;2;230;98;148m▀[38;2;255;164;197m▀[48;2;255;164;197m▀▀▀▀▀▀▀▀▀▀▀▀▀[38;2;230;98;148m▀[48;2;230;98;148m▀[48;2;189;0;74m▀[38;2;16;16;16;48;2;230;98;148m▀[38;2;189;0;74m▀[49m▄[0m [38;2;189;0;74m▄▄[48;2;230;98;148m▀[38;2;16;16;16m▀[38;2;230;98;148m▀[38;2;255;164;197;48;2;255;164;197m▀[48;2;246;123;180m▀[38;2;246;123;180;48;2;16;16;16m▀[38;2;16;16;16;49m▀[0m
[0m    [38;2;189;0;74;48;2;189;0;74m▀[38;2;255;205;230;48;2;255;205;230m▀[48;2;223;231;247m▀[48;2;255;205;230m▀[38;2;189;0;74m▀[38;2;230;98;148m▀▀[38;2;255;164;197;48;2;255;164;197m▀▀▀▀▀▀▀▀▀▀▀▀▀▀[38;2;246;123;180m▀[38;2;189;0;74;48;2;230;98;148m▀[38;2;230;98;148m▀▀▀[38;2;189;0;74;48;2;189;0;74m▀[38;2;230;98;148;48;2;230;98;148m▀▀▀▀[48;2;16;16;16m▀[48;2;230;98;148m▀▀[38;2;16;16;16;48;2;16;16;16m▀[0m
[0m   [38;2;189;0;74;48;2;189;0;74m▀[38;2;255;205;230;48;2;255;164;197m▀[48;2;255;205;230m▀[38;2;16;16;16;48;2;16;16;16m▀[38;2;255;205;230;48;2;255;205;230m▀▀▀▀[38;2;223;231;247;48;2;16;16;16m▀[38;2;255;164;197;48;2;255;164;197m▀▀▀▀▀▀▀▀▀▀▀▀▀▀[38;2;246;123;180m▀[38;2;230;98;148;48;2;230;98;148m▀▀▀▀[38;2;189;0;74;48;2;189;0;74m▀[38;2;230;98;148;48;2;230;98;148m▀[48;2;16;16;16m▀[38;2;16;16;16;49m▀[0m [38;2;16;16;16m▀▀[0m
[0m  [38;2;189;0;74m▄[48;2;255;164;197m▀[38;2;255;164;197m▀▀[38;2;255;205;230;48;2;189;0;74m▀[48;2;255;164;197m▀▀▀[38;2;255;164;197m▀[38;2;16;16;16m▀[38;2;255;164;197m▀▀▀▀▀[48;2;223;231;247m▀▀[48;2;255;164;197m▀▀▀▀[48;2;223;231;247m▀[38;2;223;231;247m▀▀[38;2;255;164;197m▀[38;2;230;98;148;48;2;230;98;148m▀▀▀▀▀[38;2;16;16;16;48;2;16;16;16m▀[0m
[0m  [38;2;189;0;74;48;2;189;0;74m▀[38;2;255;164;197;48;2;255;164;197m▀▀▀▀[38;2;189;0;74;48;2;189;0;74m▀[38;2;16;16;16m▀[48;2;16;16;16m▀[38;2;255;164;197;48;2;255;164;197m▀▀▀[48;2;223;231;247m▀[48;2;255;164;197m▀▀▀[38;2;223;231;247;48;2;223;231;247m▀[48;2;255;164;197m▀[38;2;255;164;197m▀▀[48;2;223;231;247m▀▀[48;2;255;164;197m▀[38;2;223;231;247m▀▀[38;2;255;164;197m▀[38;2;230;98;148;48;2;172;197;222m▀▀[48;2;230;98;148m▀▀▀[38;2;16;16;16;48;2;16;16;16m▀[0m
[0m [38;2;16;16;16m▄[38;2;189;0;74;48;2;230;98;148m▀[38;2;246;123;180m▀[38;2;255;164;197;48;2;255;164;197m▀▀▀[38;2;246;123;180m▀[38;2;189;0;74m▀[38;2;246;123;180m▀[38;2;255;164;197m▀▀[38;2;223;231;247m▀▀[38;2;255;164;197m▀▀[48;2;230;98;148m▀[48;2;255;164;197m▀▀▀[38;2;223;231;247;48;2;223;231;247m▀▀▀▀[38;2;255;164;197;48;2;255;164;197m▀▀[38;2;172;197;222;48;2;172;197;222m▀▀▀[48;2;230;98;148m▀[38;2;230;98;148m▀[38;2;16;16;16;48;2;16;16;16m▀[0m
[38;2;16;16;16;48;2;16;16;16m▀[38;2;230;98;148;48;2;230;98;148m▀▀[38;2;189;0;74m▀[38;2;230;98;148;48;2;189;0;74m▀[38;2;255;164;197;48;2;223;231;247m▀▀[48;2;255;164;197m▀▀[48;2;223;231;247m▀[38;2;223;231;247m▀▀[38;2;255;164;197m▀[48;2;255;164;197m▀[48;2;189;0;74m▀[38;2;189;0;74;48;2;255;205;230m▀[38;2;255;164;197;48;2;255;164;197m▀▀[38;2;230;98;148;48;2;230;98;148m▀[48;2;189;0;74m▀[38;2;255;164;197;48;2;255;164;197m▀[38;2;223;231;247;48;2;223;231;247m▀▀[38;2;255;164;197m▀▀[38;2;246;123;180;48;2;172;197;222m▀▀[38;2;172;197;222m▀▀▀▀[38;2;16;16;16m▀[49m▄[0m
[0m [38;2;16;16;16m▀▀▀▀▀[38;2;223;231;247;48;2;16;16;16m▀[48;2;223;231;247m▀▀▀▀▀▀[38;2;16;16;16;48;2;16;16;16m▀[38;2;255;205;230;48;2;255;205;230m▀▀[38;2;255;164;197;48;2;230;98;148m▀[38;2;230;98;148;48;2;16;16;16m▀[38;2;189;0;74;48;2;172;197;222m▀[38;2;172;197;222m▀▀[38;2;223;231;247m▀▀▀[38;2;172;197;222m▀▀[48;2;16;16;16m▀▀[38;2;16;16;16;49m▀[38;2;172;197;222;48;2;16;16;16m▀[48;2;172;197;222m▀▀[38;2;16;16;16;48;2;16;16;16m▀[0m
[0m      [38;2;90;123;172;48;2;90;123;172m▀[48;2;172;197;222m▀[38;2;172;197;222m▀[38;2;223;231;247;48;2;16;16;16m▀▀▀[48;2;172;197;222m▀▀[38;2;16;16;16m▀▀[48;2;90;123;172m▀[38;2;172;197;222;48;2;172;197;222m▀▀▀▀[48;2;90;123;172m▀[48;2;16;16;16m▀▀[38;2;16;16;16;49m▀▀[0m    [38;2;16;16;16m▀▀[0m
[0m      [38;2;90;123;172m▀[38;2;172;197;222;48;2;16;16;16m▀▀▀[38;2;16;16;16;49m▀[0m [38;2;16;16;16m▀▀▀▀▀[38;2;172;197;222;48;2;16;16;16m▀[48;2;223;231;247m▀▀[48;2;172;197;222m▀[38;2;16;16;16;48;2;16;16;16m▀[0m
[0m                 [38;2;16;16;16m▀[38;2;223;231;247;48;2;16;16;16m▀▀[38;2;172;197;222m▀[38;2;16;16;16;49m▀[0m
