[0m     [38;2;98;139;164m▄[38;2;41;90;131m▄[0m                        [38;2;98;139;164m▄[48;2;131;197;180m▀▀[48;2;41;90;131m▀[0m
[0m    [38;2;41;90;131;48;2;41;90;131m▀[38;2;213;246;246;48;2;213;246;246m▀[38;2;41;90;131;48;2;131;197;180m▀[49m▄[0m                     [38;2;98;139;164m▄[48;2;131;197;180m▀[38;2;131;197;180;48;2;41;90;131m▀[38;2;41;90;131;48;2;180;222;213m▀[48;2;98;139;164m▀[0m
[0m    [38;2;41;90;131;48;2;41;90;131m▀[38;2;180;222;213;48;2;180;222;213m▀[48;2;213;246;246m▀[38;2;41;90;131m▀▀▀[48;2;180;222;213m▀[38;2;16;16;16;49m▄▄▄[38;2;98;139;164m▄[38;2;131;197;180m▄[38;2;98;139;164;48;2;180;222;213m▀▀[38;2;41;90;131m▀▀[48;2;131;197;180m▀[49m▄▄[0m     [38;2;98;139;164m▄[48;2;131;197;180m▀[38;2;131;197;180;48;2;98;139;164m▀[38;2;41;90;131;48;2;180;222;213m▀[38;2;180;222;213;48;2;98;139;164m▀[38;2;98;139;164;49m▀[0m
[0m [38;2;98;139;164m▄[48;2;213;246;246m▀▀[38;2;180;222;213m▀[38;2;213;246;246m▀▀▀▀[48;2;98;139;164m▀▀[48;2;180;222;213m▀[38;2;180;222;213m▀▀[38;2;16;16;16m▀▀[38;2;180;222;213;48;2;98;139;164m▀[48;2;180;222;213m▀▀▀[48;2;140;172;189m▀[48;2;98;139;164m▀[38;2;131;197;180m▀[38;2;41;90;131;48;2;41;90;131m▀[38;2;16;16;16;49m▄[0m  [38;2;98;139;164m▄[48;2;131;197;180m▀[38;2;131;197;180;48;2;98;139;164m▀[38;2;98;139;164;48;2;213;246;246m▀[38;2;213;246;246m▀[38;2;98;139;164m▀[49m▄[0m
[38;2;98;139;164;48;2;41;90;131m▀[38;2;180;222;213;48;2;140;172;189m▀[38;2;213;246;246;48;2;123;41;41m▀▀[48;2;41;90;131m▀[48;2;213;246;246m▀[48;2;180;222;213m▀[48;2;140;172;189m▀[38;2;98;139;164;48;2;255;255;255m▀[38;2;255;255;255;48;2;140;172;189m▀[48;2;98;139;164m▀[38;2;98;139;164;48;2;255;255;255m▀[38;2;180;222;213;48;2;98;139;164m▀[48;2;180;222;213m▀▀▀▀▀▀▀[38;2;98;139;164m▀[48;2;131;197;180m▀[48;2;98;139;164m▀[38;2;41;90;131m▀[48;2;41;90;131m▀[38;2;16;16;16m▀[38;2;98;139;164;48;2;16;16;16m▀[38;2;131;197;180;48;2;131;197;180m▀[48;2;98;139;164m▀[38;2;98;139;164;48;2;213;246;246m▀[38;2;213;246;246;48;2;131;197;180m▀▀[38;2;131;197;180;48;2;98;139;164m▀[38;2;41;90;131;49m▀[0m
[38;2;16;16;16;49m▀[38;2;255;255;255;48;2;16;16;16m▀[38;2;123;41;41;48;2;123;41;41m▀▀[38;2;255;255;255m▀[38;2;16;16;16m▀[38;2;140;172;189;48;2;16;16;16m▀[48;2;98;139;164m▀[38;2;255;255;255;48;2;255;255;255m▀[38;2;16;16;16;48;2;98;139;164m▀[38;2;255;255;255;48;2;16;16;16m▀[48;2;255;255;255m▀[38;2;98;139;164;48;2;98;139;164m▀[38;2;180;222;213;48;2;140;172;189m▀▀[48;2;180;222;213m▀▀▀▀▀▀▀[48;2;140;172;189m▀[48;2;98;139;164m▀[38;2;140;172;189;48;2;41;90;131m▀▀[38;2;16;16;16m▀[38;2;131;197;180;48;2;16;16;16m▀[48;2;98;139;164m▀[48;2;180;222;213m▀[38;2;180;222;213m▀[48;2;98;139;164m▀[38;2;41;90;131;49m▀[0m
[0m  [38;2;16;16;16;48;2;16;16;16m▀[38;2;123;41;41;48;2;123;41;41m▀▀▀[38;2;16;16;16;48;2;16;16;16m▀[38;2;140;172;189;48;2;180;222;213m▀[38;2;213;246;246;48;2;140;172;189m▀[38;2;255;255;255;48;2;255;255;255m▀▀[48;2;98;139;164m▀[38;2;98;139;164;48;2;180;222;213m▀[38;2;180;222;213m▀▀[38;2;140;172;189m▀[48;2;41;90;131m▀▀[38;2;41;90;131;48;2;213;246;246m▀▀[48;2;16;16;16m▀[38;2;180;222;213;48;2;180;222;213m▀[38;2;98;139;164m▀[48;2;98;139;164m▀[38;2;41;90;131m▀[48;2;41;90;131m▀▀[38;2;16;16;16m▀[38;2;41;90;131;48;2;16;16;16m▀[38;2;98;139;164;49m▀[38;2;180;222;213;48;2;41;90;131m▀[38;2;41;90;131m▀[0m
[0m [38;2;16;16;16;48;2;16;16;16m▀[48;2;255;255;255m▀[38;2;123;41;41;48;2;123;41;41m▀[48;2;255;255;255m▀[48;2;41;90;131m▀[38;2;41;90;131;48;2;180;222;213m▀[38;2;180;222;213m▀▀[38;2;140;172;189m▀[38;2;98;139;164m▀[38;2;180;222;213m▀▀[48;2;98;139;164m▀[38;2;98;139;164;48;2;131;197;180m▀[38;2;41;90;131;48;2;180;222;213m▀[38;2;180;222;213m▀[38;2;213;246;246;48;2;131;197;180m▀[48;2;16;16;16m▀[38;2;16;16;16;48;2;180;222;213m▀[38;2;180;222;213;48;2;140;172;189m▀▀[48;2;180;222;213m▀[48;2;131;197;180m▀[38;2;131;197;180;48;2;140;172;189m▀[38;2;140;172;189m▀▀[38;2;41;90;131m▀[38;2;16;16;16;48;2;16;16;16m▀[0m
[0m  [38;2;16;16;16m▀[38;2;180;222;213;48;2;16;16;16m▀▀▀[48;2;180;222;213m▀▀▀▀▀▀▀▀▀[38;2;98;139;164m▀[38;2;41;90;131m▀[38;2;16;16;16m▀[38;2;180;222;213m▀▀▀▀[38;2;98;139;164;48;2;131;197;180m▀▀[38;2;140;172;189;48;2;98;139;164m▀▀▀[48;2;140;172;189m▀[38;2;16;16;16;48;2;16;16;16m▀[0m
[0m      [38;2;16;16;16m▀[38;2;41;90;131m▀▀[38;2;131;197;180;48;2;41;90;131m▀[38;2;180;222;213m▀[48;2;131;197;180m▀[48;2;98;139;164m▀▀[48;2;180;222;213m▀▀▀▀▀▀[48;2;131;197;180m▀[38;2;131;197;180m▀▀[38;2;140;172;189;48;2;140;172;189m▀▀▀▀[38;2;16;16;16;48;2;16;16;16m▀[0m   [38;2;98;139;164m▄▄▄▄▄[0m
[0m           [38;2;41;90;131m▀[48;2;16;16;16m▀[38;2;131;197;180;48;2;131;197;180m▀[38;2;41;90;131;48;2;41;90;131m▀[38;2;180;222;213;48;2;131;197;180m▀▀▀[38;2;131;197;180m▀▀▀[48;2;140;172;189m▀[38;2;140;172;189m▀▀▀[48;2;41;90;131m▀[38;2;41;90;131;48;2;98;139;164m▀[38;2;98;139;164;49m▄▄[48;2;180;222;213m▀[48;2;213;246;246m▀[38;2;180;222;213m▀[38;2;213;246;246m▀▀[48;2;98;139;164m▀[38;2;98;139;164;49m▀[0m
[0m            [38;2;16;16;16;48;2;16;16;16m▀[38;2;180;222;213;48;2;180;222;213m▀[38;2;131;197;180;48;2;131;197;180m▀[38;2;41;90;131;48;2;41;90;131m▀[49m▀▀[38;2;140;172;189;48;2;41;90;131m▀▀[48;2;16;16;16m▀▀[48;2;41;90;131m▀[38;2;98;139;164m▀[48;2;131;197;180m▀▀[38;2;131;197;180;48;2;98;139;164m▀[38;2;180;222;213m▀▀[48;2;180;222;213m▀[38;2;213;246;246m▀[48;2;213;246;246m▀[48;2;131;197;180m▀[38;2;98;139;164;48;2;98;139;164m▀[0m
[0m            [38;2;16;16;16m▀[38;2;180;222;213;48;2;16;16;16m▀[38;2;131;197;180;48;2;131;197;180m▀[38;2;180;222;213;48;2;180;222;213m▀[38;2;41;90;131;48;2;16;16;16m▀[0m       [38;2;41;90;131m▀[38;2;131;197;180;48;2;41;90;131m▀[38;2;180;222;213;48;2;180;222;213m▀[48;2;98;139;164m▀[48;2;180;222;213m▀[38;2;98;139;164;48;2;213;246;246m▀[48;2;180;222;213m▀[38;2;131;197;180;48;2;131;197;180m▀[38;2;213;246;246m▀[38;2;98;139;164m▀[49m▄[0m
[0m             [38;2;16;16;16m▀[38;2;180;222;213;48;2;16;16;16m▀[38;2;131;197;180m▀[38;2;16;16;16;49m▀[0m        [38;2;41;90;131m▀[38;2;131;197;180;48;2;41;90;131m▀[38;2;180;222;213;48;2;180;222;213m▀[38;2;98;139;164;48;2;98;139;164m▀[38;2;213;246;246;48;2;180;222;213m▀[48;2;213;246;246m▀▀▀▀[38;2;180;222;213m▀[38;2;98;139;164;48;2;98;139;164m▀[0m
[0m                          [38;2;41;90;131m▀[38;2;180;222;213;48;2;41;90;131m▀[48;2;180;222;213m▀[38;2;98;139;164m▀[38;2;213;246;246;48;2;98;139;164m▀[48;2;131;197;180m▀[48;2;213;246;246m▀▀[48;2;131;197;180m▀[38;2;98;139;164;49m▀[0m
[0m                           [38;2;41;90;131m▀[38;2;131;197;180;48;2;41;90;131m▀[38;2;180;222;213;48;2;180;222;213m▀▀▀[38;2;131;197;180m▀▀[38;2;98;139;164;48;2;98;139;164m▀[0m
[0m                             [38;2;41;90;131m▀▀[38;2;180;222;213;48;2;41;90;131m▀▀[48;2;180;222;213m▀▀[38;2;98;139;164;48;2;98;139;164m▀[0m
[0m                                 [38;2;41;90;131m▀[38;2;180;222;213;48;2;41;90;131m▀[38;2;98;139;164m▀[0m
