[0m                   [38;2;82;65;16m▄▄▄[38;2;90;32;41m▄▄▄[38;2;82;65;16m▄[48;2;238;230;172m▀▀▀▀[49m▄▄[0m
[0m                [38;2;82;65;16m▄[48;2;238;230;172m▀▀[38;2;238;230;172m▀▀[38;2;197;156;90m▀[38;2;82;65;16;48;2;197;156;90m▀[38;2;164;49;16;48;2;16;16;16m▀[38;2;230;90;74;48;2;230;90;74m▀[38;2;164;49;16m▀▀[38;2;197;156;90;48;2;164;49;16m▀[38;2;238;230;172m▀▀▀[38;2;197;156;90m▀[38;2;82;65;16;48;2;90;32;41m▀[38;2;90;32;41;49m▄[0m
[0m               [38;2;82;65;16;48;2;82;65;16m▀[38;2;197;156;90;48;2;197;156;90m▀▀[38;2;238;230;172m▀▀▀[38;2;197;156;90m▀[48;2;16;16;16m▀[38;2;16;16;16;48;2;164;49;16m▀[38;2;230;90;74;48;2;230;90;74m▀▀▀▀▀▀▀▀▀[38;2;164;49;16m▀[38;2;90;32;41m▀[49m▄[0m
[0m              [38;2;90;32;41;48;2;90;32;41m▀[38;2;230;90;74;48;2;230;90;74m▀[38;2;82;65;16m▀[38;2;197;156;90;48;2;16;16;16m▀▀▀[38;2;82;65;16;48;2;164;49;16m▀[38;2;16;16;16;48;2;230;90;74m▀[38;2;164;49;16m▀[38;2;230;90;74m▀▀▀▀▀▀▀▀▀▀▀▀▀[38;2;16;16;16;48;2;164;49;16m▀[49m▄[0m
[0m             [38;2;90;32;41;48;2;90;32;41m▀[38;2;230;90;74;48;2;164;49;16m▀[48;2;230;90;74m▀▀▀▀▀▀▀▀▀▀▀[48;2;90;32;41m▀▀▀[48;2;230;90;74m▀▀▀▀▀▀[48;2;164;49;16m▀[38;2;164;49;16m▀[38;2;16;16;16m▀[49m▄[0m
[0m            [38;2;16;16;16;48;2;16;16;16m▀[38;2;230;90;74;48;2;230;90;74m▀[38;2;164;49;16;48;2;164;49;16m▀[38;2;230;90;74;48;2;230;90;74m▀[48;2;16;16;16m▀[48;2;90;32;41m▀▀[48;2;230;90;74m▀▀▀▀[48;2;90;32;41m▀[38;2;90;32;41;48;2;230;90;74m▀▀[38;2;230;90;74m▀▀▀[38;2;90;32;41m▀[48;2;164;49;16m▀[38;2;230;90;74;48;2;90;32;41m▀[48;2;230;90;74m▀▀[48;2;164;49;16m▀[38;2;164;49;16m▀▀▀[38;2;16;16;16;48;2;90;32;41m▀[0m
[0m          [38;2;16;16;16m▄▄[48;2;16;16;16m▀[38;2;230;90;74;48;2;90;32;41m▀[38;2;16;16;16;48;2;230;90;74m▀▀[38;2;230;90;74m▀▀▀[38;2;90;32;41;48;2;90;32;41m▀[38;2;230;90;74;48;2;230;90;74m▀▀[38;2;90;32;41;48;2;90;32;41m▀[38;2;230;90;74;48;2;16;16;16m▀▀[48;2;90;32;41m▀[48;2;230;90;74m▀▀▀▀▀[38;2;90;32;41m▀[38;2;230;90;74;48;2;90;32;41m▀[38;2;164;49;16;48;2;164;49;16m▀▀▀▀▀▀[38;2;16;16;16;48;2;16;16;16m▀[0m
[0m        [38;2;16;16;16m▄[48;2;230;90;74m▀[38;2;230;90;74m▀[48;2;90;32;41m▀[48;2;230;90;74m▀▀▀▀▀[48;2;164;49;16m▀▀[38;2;90;32;41m▀[38;2;230;90;74;48;2;16;16;16m▀[48;2;230;90;74m▀▀[38;2;90;90;90;48;2;90;90;90m▀[38;2;255;255;255;48;2;255;255;255m▀[38;2;16;16;16;48;2;16;16;16m▀[48;2;255;255;255m▀▀[38;2;230;90;74;48;2;16;16;16m▀▀[48;2;230;90;74m▀▀[38;2;16;16;16;48;2;16;16;16m▀[38;2;164;49;16;48;2;164;49;16m▀▀▀▀▀▀[38;2;16;16;16;48;2;16;16;16m▀[0m
[0m        [38;2;16;16;16;48;2;16;16;16m▀[38;2;230;90;74;48;2;230;90;74m▀[38;2;16;16;16;48;2;90;32;41m▀[48;2;16;16;16m▀[38;2;90;32;41m▀[38;2;164;49;16;48;2;164;49;16m▀▀▀▀▀▀▀[38;2;16;16;16m▀[38;2;230;90;74;48;2;16;16;16m▀[48;2;230;90;74m▀[38;2;90;90;90m▀[38;2;255;255;255;48;2;90;90;90m▀[48;2;255;255;255m▀▀▀[48;2;90;90;90m▀[38;2;90;90;90;48;2;230;90;74m▀[38;2;230;90;74m▀[48;2;90;32;41m▀[38;2;16;16;16;48;2;164;49;16m▀[38;2;164;49;16m▀▀▀▀▀[38;2;16;16;16;48;2;16;16;16m▀[0m
[0m        [38;2;16;16;16m▀[48;2;16;16;16m▀[38;2;230;90;74m▀[38;2;90;32;41;48;2;164;49;16m▀[38;2;164;49;16m▀▀▀▀▀▀▀▀▀[38;2;90;32;41m▀[38;2;230;90;74;48;2;90;32;41m▀[48;2;16;16;16m▀[48;2;230;90;74m▀[38;2;90;90;90m▀▀▀[38;2;230;90;74m▀[48;2;16;16;16m▀▀[38;2;16;16;16;48;2;164;49;16m▀[38;2;164;49;16m▀▀▀▀▀[38;2;16;16;16;48;2;16;16;16m▀[0m
[0m           [38;2;16;16;16m▀▀▀[38;2;164;49;16;48;2;16;16;16m▀▀▀[48;2;164;49;16m▀▀▀▀▀▀▀[38;2;90;32;41m▀▀▀▀▀[38;2;164;49;16m▀▀[48;2;230;90;74m▀[38;2;230;90;74;48;2;164;49;16m▀[38;2;164;49;16;48;2;230;90;74m▀[38;2;230;90;74;48;2;164;49;16m▀[38;2;164;49;16;48;2;16;16;16m▀[38;2;16;16;16;49m▀[0m
[0m               [38;2;90;32;41m▀[38;2;164;49;16;48;2;90;32;41m▀[38;2;16;16;16;48;2;164;49;16m▀[38;2;90;32;41m▀[38;2;164;49;16m▀▀▀▀▀▀▀▀▀▀▀▀▀[38;2;230;90;74m▀[38;2;164;49;16;48;2;16;16;16m▀[38;2;16;16;16;49m▀[0m
[0m      [38;2;90;32;41m▄▄▄▄[0m      [38;2;90;32;41m▀[38;2;164;49;16;48;2;90;32;41m▀[48;2;164;49;16m▀▀▀▀▀▀▀▀▀▀▀▀▀▀[48;2;16;16;16m▀[38;2;16;16;16;49m▀[0m
[0m   [38;2;90;32;41m▄[48;2;230;90;74m▀▀[38;2;230;90;74m▀▀[48;2;164;49;16m▀▀[38;2;90;32;41;48;2;90;32;41m▀[0m      [38;2;16;16;16;48;2;16;16;16m▀[38;2;164;49;16;48;2;230;90;74m▀▀[48;2;164;49;16m▀▀▀▀[48;2;90;32;41m▀▀[38;2;90;32;41;48;2;230;90;74m▀▀▀[38;2;164;49;16;48;2;16;16;16m▀[48;2;164;49;16m▀[48;2;90;32;41m▀[38;2;16;16;16m▀[38;2;90;32;41;49m▄[0m
[0m  [38;2;90;32;41;48;2;82;65;16m▀[38;2;230;90;74m▀[48;2;230;90;74m▀[48;2;164;49;16m▀[38;2;164;49;16m▀▀▀[38;2;90;32;41;48;2;90;32;41m▀[0m     [38;2;90;32;41m▄[48;2;230;90;74m▀[38;2;16;16;16;48;2;16;16;16m▀[38;2;230;90;74;48;2;230;90;74m▀▀▀▀[38;2;164;49;16;48;2;90;32;41m▀[38;2;90;32;41;48;2;230;90;74m▀[38;2;230;90;74m▀▀▀▀[48;2;164;49;16m▀[38;2;16;16;16;48;2;16;16;16m▀[38;2;164;49;16;48;2;164;49;16m▀[38;2;16;16;16;48;2;16;16;16m▀[38;2;164;49;16;48;2;164;49;16m▀▀[38;2;90;32;41m▀[49m▄[0m
[38;2;82;65;16;49m▄[48;2;238;230;172m▀[38;2;238;230;172m▀▀[38;2;82;65;16;48;2;197;156;90m▀[38;2;164;49;16;48;2;82;65;16m▀[48;2;164;49;16m▀▀[38;2;90;32;41;48;2;90;32;41m▀[0m     [38;2;90;32;41;48;2;90;32;41m▀[38;2;230;90;74;48;2;230;90;74m▀[38;2;16;16;16;48;2;16;16;16m▀[38;2;230;90;74;48;2;230;90;74m▀▀▀▀[38;2;90;32;41;48;2;90;32;41m▀[38;2;230;90;74;48;2;82;65;16m▀▀[48;2;230;90;74m▀[48;2;164;49;16m▀[38;2;164;49;16m▀▀[38;2;90;32;41;48;2;16;16;16m▀[38;2;164;49;16;48;2;164;49;16m▀▀[38;2;90;32;41m▀[38;2;164;49;16;48;2;16;16;16m▀▀[38;2;16;16;16;48;2;230;90;74m▀▀▀▀[38;2;90;32;41;49m▄[38;2;16;16;16m▄[0m     [38;2;90;32;41m▄▄[0m
[38;2;82;65;16;48;2;16;16;16m▀[38;2;238;230;172;48;2;197;156;90m▀▀[38;2;197;156;90m▀▀[38;2;16;16;16;48;2;16;16;16m▀[38;2;164;49;16;48;2;164;49;16m▀▀[38;2;90;32;41;48;2;90;32;41m▀[48;2;164;49;16m▀[38;2;16;16;16;49m▄▄▄[48;2;230;90;74m▀[38;2;230;90;74m▀[38;2;90;32;41;48;2;90;32;41m▀[38;2;230;90;74;48;2;230;90;74m▀▀▀▀[38;2;90;32;41;48;2;82;65;16m▀[38;2;82;65;16;48;2;238;230;172m▀[38;2;238;230;172m▀▀[38;2;82;65;16m▀[38;2;164;49;16;48;2;82;65;16m▀[48;2;164;49;16m▀▀[38;2;16;16;16;48;2;16;16;16m▀[38;2;164;49;16;48;2;164;49;16m▀▀▀▀▀[38;2;16;16;16m▀[38;2;164;49;16m▀▀[38;2;230;90;74m▀[48;2;90;32;41m▀[38;2;164;49;16;48;2;16;16;16m▀[38;2;16;16;16m▀[49m▄[0m  [38;2;90;32;41;48;2;90;32;41m▀[38;2;164;49;16;48;2;230;90;74m▀[38;2;230;90;74;48;2;164;49;16m▀[38;2;16;16;16;48;2;16;16;16m▀[0m
[0m [38;2;16;16;16m▀[38;2;197;156;90;48;2;16;16;16m▀▀[38;2;16;16;16;48;2;230;90;74m▀[38;2;164;49;16;48;2;82;65;16m▀▀[48;2;164;49;16m▀▀[38;2;90;32;41m▀[38;2;164;49;16;48;2;90;32;41m▀▀[48;2;164;49;16m▀[38;2;230;90;74m▀▀[38;2;90;32;41;48;2;90;32;41m▀[38;2;230;90;74;48;2;230;90;74m▀▀▀▀[38;2;16;16;16;48;2;16;16;16m▀[38;2;197;156;90;48;2;197;156;90m▀[38;2;238;230;172m▀▀[38;2;197;156;90m▀[38;2;16;16;16;48;2;16;16;16m▀[38;2;164;49;16;48;2;164;49;16m▀▀[38;2;16;16;16;48;2;90;32;41m▀[38;2;90;32;41;48;2;230;90;74m▀▀[38;2;164;49;16;48;2;90;32;41m▀[48;2;164;49;16m▀▀▀▀[38;2;90;32;41m▀▀[38;2;230;90;74m▀▀[48;2;230;90;74m▀▀[38;2;90;32;41m▀▀[38;2;230;90;74m▀[48;2;164;49;16m▀[38;2;82;65;16;48;2;82;65;16m▀[38;2;197;156;90;48;2;197;156;90m▀[38;2;16;16;16;48;2;16;16;16m▀[0m
[0m  [38;2;90;32;41m▀[38;2;230;90;74;48;2;82;65;16m▀[38;2;82;65;16;48;2;238;230;172m▀[38;2;238;230;172m▀▀[38;2;82;65;16;48;2;197;156;90m▀[38;2;164;49;16;48;2;82;65;16m▀[48;2;164;49;16m▀▀▀▀▀▀[38;2;90;32;41m▀[38;2;230;90;74;48;2;90;32;41m▀[48;2;230;90;74m▀▀▀[38;2;90;32;41;48;2;90;32;41m▀[38;2;16;16;16;48;2;230;90;74m▀[38;2;197;156;90;48;2;16;16;16m▀▀[38;2;16;16;16;48;2;164;49;16m▀[38;2;164;49;16m▀▀▀▀[38;2;16;16;16;48;2;90;32;41m▀[38;2;230;90;74;48;2;230;90;74m▀▀[38;2;90;32;41;48;2;90;32;41m▀[38;2;164;49;16;48;2;164;49;16m▀▀▀▀▀▀▀▀[48;2;82;65;16m▀▀▀[48;2;164;49;16m▀▀[38;2;82;65;16;48;2;82;65;16m▀[38;2;197;156;90;48;2;197;156;90m▀[38;2;16;16;16;48;2;16;16;16m▀[0m
[0m   [38;2;82;65;16;48;2;16;16;16m▀[38;2;238;230;172;48;2;197;156;90m▀▀[38;2;197;156;90m▀▀[38;2;16;16;16;48;2;16;16;16m▀[38;2;164;49;16;48;2;164;49;16m▀▀▀▀▀[48;2;90;32;41m▀▀[38;2;16;16;16m▀[38;2;164;49;16;48;2;16;16;16m▀[48;2;164;49;16m▀▀[38;2;90;32;41m▀[38;2;230;90;74;48;2;90;32;41m▀[48;2;230;90;74m▀[48;2;82;65;16m▀[38;2;82;65;16;48;2;238;230;172m▀▀[38;2;164;49;16;48;2;82;65;16m▀[48;2;164;49;16m▀▀▀[38;2;90;32;41m▀[38;2;164;49;16m▀▀[38;2;16;16;16;48;2;16;16;16m▀[38;2;164;49;16;48;2;230;90;74m▀[48;2;90;32;41m▀[48;2;164;49;16m▀▀▀▀[38;2;90;32;41;48;2;238;230;172m▀[38;2;238;230;172m▀[48;2;197;156;90m▀▀[38;2;82;65;16m▀[38;2;164;49;16;48;2;82;65;16m▀[48;2;16;16;16m▀[38;2;16;16;16;49m▀[0m
[0m    [38;2;16;16;16m▀[38;2;197;156;90;48;2;16;16;16m▀▀[38;2;16;16;16m▀[38;2;164;49;16m▀▀▀[49m▀[38;2;90;32;41m▀▀[0m    [38;2;16;16;16m▀▀[38;2;164;49;16;48;2;16;16;16m▀[38;2;90;32;41;48;2;90;32;41m▀[38;2;82;65;16;48;2;16;16;16m▀[38;2;238;230;172;48;2;197;156;90m▀[48;2;238;230;172m▀▀[48;2;197;156;90m▀[38;2;82;65;16;48;2;16;16;16m▀[38;2;164;49;16;48;2;164;49;16m▀▀▀▀[48;2;16;16;16m▀[38;2;16;16;16;48;2;164;49;16m▀[38;2;230;90;74;48;2;16;16;16m▀[38;2;16;16;16;49m▀[38;2;90;32;41m▀▀[38;2;164;49;16;48;2;16;16;16m▀▀[38;2;82;65;16m▀[38;2;197;156;90m▀▀▀[38;2;82;65;16;49m▀[38;2;16;16;16m▀[0m
[0m                      [38;2;16;16;16m▀[38;2;197;156;90;48;2;16;16;16m▀[48;2;197;156;90m▀▀[48;2;16;16;16m▀[38;2;16;16;16;48;2;164;49;16m▀[38;2;164;49;16m▀▀[48;2;16;16;16m▀▀[38;2;16;16;16;49m▀▀[0m
[0m                        [38;2;16;16;16m▀▀▀▀▀▀[0m
