[0m        [38;2;16;24;32m▄[48;2;74;74;82m▀[38;2;8;8;8;48;2;8;8;8m▀[0m     [38;2;16;24;32m▄▄▄▄[0m
[0m      [38;2;74;74;82m▄▄[38;2;41;41;49;48;2;255;255;255m▀▀▀[48;2;164;156;172m▀[38;2;8;8;8;49m▄▄[38;2;16;24;32;48;2;74;74;82m▀▀[38;2;74;74;82m▀[48;2;16;24;32m▀[48;2;41;41;49m▀[38;2;8;8;8;48;2;8;8;8m▀[0m
[0m    [38;2;74;74;82m▄[48;2;255;255;255m▀[38;2;255;255;255m▀[48;2;164;156;172m▀[38;2;164;156;172;48;2;41;41;49m▀[38;2;41;41;49m▀[38;2;8;8;8;48;2;164;156;172m▀[38;2;164;156;172m▀▀[38;2;8;8;8;48;2;41;41;49m▀[38;2;74;74;82;48;2;16;24;32m▀[38;2;16;24;32m▀▀[48;2;41;41;49m▀[38;2;41;41;49;48;2;8;8;8m▀[38;2;8;8;8;49m▀[0m
[0m   [38;2;74;74;82;48;2;16;24;32m▀[38;2;255;255;255;48;2;164;156;172m▀[38;2;164;156;172;48;2;74;74;82m▀[48;2;164;156;172m▀[48;2;41;41;49m▀[48;2;8;8;8m▀▀[48;2;255;255;255m▀[48;2;8;8;8m▀[38;2;8;8;8;48;2;41;41;49m▀[38;2;41;41;49m▀[38;2;16;24;32m▀[48;2;16;24;32m▀[48;2;41;41;49m▀[38;2;41;41;49;48;2;8;8;8m▀[38;2;8;8;8;49m▀[0m
[0m [38;2;8;8;8m▄[48;2;246;164;123m▀▀▀[38;2;164;156;172;48;2;115;65;41m▀[38;2;41;41;49m▀[38;2;164;156;172;48;2;8;8;8m▀[38;2;8;8;8;48;2;41;41;49m▀[38;2;255;255;255;48;2;255;255;255m▀[48;2;41;41;49m▀[38;2;41;41;49m▀▀▀▀▀[48;2;8;8;8m▀[38;2;8;8;8;49m▀[0m
[38;2;8;8;8;48;2;16;24;32m▀[38;2;41;41;49;48;2;41;41;49m▀[48;2;115;65;41m▀[38;2;246;164;123;48;2;172;115;82m▀[48;2;246;164;123m▀▀▀▀[38;2;172;115;82m▀[38;2;115;65;41;48;2;172;115;82m▀[38;2;41;41;49;48;2;115;65;41m▀[48;2;41;41;49m▀▀▀▀▀[38;2;8;8;8;48;2;8;8;8m▀[0m
[38;2;8;8;8;49m▀[38;2;172;115;82;48;2;8;8;8m▀[48;2;172;115;82m▀▀[48;2;41;41;49m▀[38;2;41;41;49;48;2;172;115;82m▀[48;2;41;41;49m▀[38;2;115;65;41;48;2;255;255;255m▀[38;2;172;115;82;48;2;41;41;49m▀[48;2;172;115;82m▀▀[38;2;41;41;49;48;2;41;41;49m▀▀▀▀▀▀[38;2;8;8;8;48;2;8;8;8m▀[0m
[0m  [38;2;8;8;8m▀▀[38;2;172;115;82;48;2;8;8;8m▀▀[48;2;172;115;82m▀[38;2;41;41;49m▀[38;2;172;115;82m▀[48;2;115;65;41m▀[38;2;115;65;41;48;2;41;41;49m▀[38;2;41;41;49m▀▀▀▀▀▀[38;2;8;8;8m▀[49m▄[0m
[0m      [38;2;8;8;8;48;2;8;8;8m▀[48;2;41;41;49m▀▀[38;2;41;41;49m▀▀▀▀▀▀▀▀▀[38;2;8;8;8;48;2;8;8;8m▀[38;2;74;74;82;48;2;255;255;255m▀▀[49m▄▄[0m [38;2;74;74;82m▄▄▄[0m
[0m       [38;2;8;8;8;48;2;16;24;32m▀[38;2;74;74;82;48;2;74;74;82m▀[38;2;41;41;49m▀[48;2;41;41;49m▀▀▀▀▀▀▀[48;2;74;74;82m▀[38;2;74;74;82m▀[38;2;8;8;8m▀[38;2;255;255;255;48;2;8;8;8m▀[48;2;255;255;255m▀▀[38;2;8;8;8m▀[38;2;164;156;172;48;2;8;8;8m▀[38;2;255;255;255;48;2;255;255;255m▀▀[38;2;74;74;82m▀▀[38;2;8;8;8;49m▄[0m   [38;2;16;24;32m▄▄[38;2;41;41;49m▄▄[0m
[0m       [38;2;16;24;32;48;2;16;24;32m▀[38;2;74;74;82;48;2;74;74;82m▀▀▀▀[38;2;41;41;49m▀▀▀[38;2;74;74;82m▀▀▀▀▀[38;2;8;8;8;48;2;8;8;8m▀[38;2;255;255;255;48;2;164;156;172m▀▀[48;2;255;255;255m▀[38;2;8;8;8;48;2;8;8;8m▀[48;2;74;74;82m▀[38;2;255;255;255;48;2;8;8;8m▀[48;2;164;156;172m▀[48;2;255;255;255m▀[38;2;8;8;8m▀[38;2;16;24;32;48;2;16;24;32m▀[48;2;41;41;49m▀▀[38;2;41;41;49m▀▀▀[38;2;8;8;8;48;2;8;8;8m▀[0m
[0m       [38;2;16;24;32;48;2;16;24;32m▀[38;2;74;74;82;48;2;41;41;49m▀[48;2;74;74;82m▀[48;2;172;115;82m▀[48;2;74;74;82m▀▀[48;2;41;41;49m▀[48;2;74;74;82m▀▀▀▀▀▀▀[38;2;8;8;8;48;2;8;8;8m▀[38;2;164;156;172;48;2;164;156;172m▀▀[38;2;8;8;8;48;2;8;8;8m▀[38;2;74;74;82;48;2;74;74;82m▀[38;2;8;8;8m▀[38;2;164;156;172;48;2;8;8;8m▀[48;2;164;156;172m▀▀[38;2;16;24;32;48;2;74;74;82m▀[38;2;41;41;49;48;2;16;24;32m▀[48;2;41;41;49m▀▀▀[38;2;8;8;8;48;2;8;8;8m▀[0m
[0m       [38;2;16;24;32;48;2;16;24;32m▀[38;2;41;41;49;48;2;74;74;82m▀[38;2;74;74;82;48;2;16;24;32m▀[38;2;172;115;82;48;2;172;115;82m▀▀[38;2;74;74;82m▀[38;2;16;24;32;48;2;16;24;32m▀[38;2;74;74;82;48;2;74;74;82m▀▀▀▀▀▀▀[38;2;8;8;8;48;2;8;8;8m▀[38;2;164;156;172m▀[38;2;8;8;8;48;2;74;74;82m▀[38;2;74;74;82m▀▀▀[38;2;8;8;8;48;2;8;8;8m▀[38;2;164;156;172m▀[38;2;8;8;8;48;2;74;74;82m▀[38;2;74;74;82m▀▀[38;2;16;24;32;48;2;41;41;49m▀[38;2;41;41;49;48;2;8;8;8m▀[38;2;8;8;8;49m▀[0m
[0m       [38;2;16;24;32m▀[38;2;74;74;82;48;2;16;24;32m▀[38;2;16;24;32;48;2;74;74;82m▀[38;2;172;115;82;48;2;16;24;32m▀[48;2;172;115;82m▀▀▀[38;2;8;8;8;48;2;8;8;8m▀[38;2;74;74;82;48;2;74;74;82m▀▀▀▀▀▀[48;2;41;41;49m▀[48;2;74;74;82m▀[48;2;172;115;82m▀[38;2;41;41;49;48;2;16;24;32m▀[38;2;74;74;82;48;2;74;74;82m▀▀▀▀▀▀▀▀[38;2;8;8;8;48;2;8;8;8m▀[0m
[0m        [38;2;16;24;32m▀[38;2;74;74;82;48;2;16;24;32m▀[48;2;74;74;82m▀[38;2;16;24;32m▀[38;2;8;8;8m▀[38;2;172;115;82;48;2;8;8;8m▀[38;2;8;8;8m▀[38;2;74;74;82m▀[48;2;74;74;82m▀▀▀▀[38;2;41;41;49;48;2;8;8;8m▀[38;2;115;65;41;48;2;172;115;82m▀[38;2;172;115;82m▀[48;2;8;8;8m▀▀[38;2;16;24;32m▀[38;2;74;74;82;48;2;74;74;82m▀▀▀▀▀▀▀[38;2;8;8;8;48;2;8;8;8m▀[0m
[0m         [38;2;16;24;32;48;2;16;24;32m▀[38;2;74;74;82;48;2;74;74;82m▀▀▀[38;2;41;41;49;48;2;41;41;49m▀[38;2;16;24;32;49m▄[38;2;8;8;8;48;2;8;8;8m▀[38;2;74;74;82;48;2;74;74;82m▀▀▀[48;2;41;41;49m▀[38;2;8;8;8;48;2;8;8;8m▀[48;2;41;41;49m▀▀[38;2;41;41;49m▀▀▀[38;2;8;8;8;48;2;8;8;8m▀[38;2;74;74;82;48;2;74;74;82m▀▀▀▀▀[38;2;41;41;49;48;2;41;41;49m▀[38;2;8;8;8;48;2;8;8;8m▀[0m
[0m          [38;2;16;24;32;48;2;16;24;32m▀[38;2;74;74;82;48;2;41;41;49m▀[38;2;41;41;49m▀▀[38;2;16;24;32;48;2;16;24;32m▀[0m [38;2;8;8;8;48;2;8;8;8m▀[38;2;74;74;82;48;2;74;74;82m▀[48;2;41;41;49m▀[38;2;41;41;49m▀▀[38;2;8;8;8;48;2;8;8;8m▀[38;2;16;24;32;49m▀[38;2;41;41;49;48;2;16;24;32m▀[48;2;41;41;49m▀▀[38;2;16;24;32m▀[38;2;8;8;8;48;2;16;24;32m▀[38;2;74;74;82;48;2;8;8;8m▀[48;2;41;41;49m▀▀[38;2;41;41;49m▀▀[38;2;8;8;8m▀[49m▄[0m
[0m         [38;2;74;74;82m▄[38;2;16;24;32;48;2;164;156;172m▀[38;2;41;41;49;48;2;8;8;8m▀▀[38;2;16;24;32m▀[0m  [38;2;8;8;8;48;2;8;8;8m▀[38;2;41;41;49;48;2;41;41;49m▀▀▀[48;2;8;8;8m▀[38;2;16;24;32;49m▀[0m [38;2;74;74;82m▄[38;2;16;24;32;48;2;16;24;32m▀[38;2;41;41;49;48;2;41;41;49m▀▀[38;2;16;24;32;48;2;16;24;32m▀[0m [38;2;8;8;8m▀▀[38;2;41;41;49;48;2;8;8;8m▀[48;2;41;41;49m▀▀▀[38;2;8;8;8;48;2;8;8;8m▀[0m
[0m        [38;2;16;24;32m▄[38;2;41;41;49;48;2;8;8;8m▀[38;2;255;255;255;48;2;74;74;82m▀[48;2;164;156;172m▀[48;2;255;255;255m▀[38;2;164;156;172;48;2;164;156;172m▀[38;2;74;74;82;48;2;74;74;82m▀[38;2;41;41;49;49m▄[38;2;8;8;8;48;2;164;156;172m▀[38;2;41;41;49;48;2;8;8;8m▀▀▀[38;2;8;8;8m▀[0m [38;2;8;8;8m▄[38;2;41;41;49;48;2;8;8;8m▀[38;2;164;156;172;48;2;164;156;172m▀[38;2;8;8;8m▀▀▀[49m▄[0m [38;2;74;74;82m▄[38;2;8;8;8;48;2;164;156;172m▀[38;2;41;41;49;48;2;8;8;8m▀▀▀[38;2;8;8;8m▀[49m▄[0m
[0m       [38;2;16;24;32;48;2;16;24;32m▀[38;2;74;74;82;48;2;41;41;49m▀[38;2;41;41;49;48;2;16;24;32m▀[48;2;41;41;49m▀[38;2;8;8;8m▀▀[48;2;16;24;32m▀[38;2;74;74;82;49m▀[38;2;41;41;49;48;2;8;8;8m▀[38;2;255;255;255;48;2;41;41;49m▀▀[48;2;164;156;172m▀[48;2;255;255;255m▀[38;2;164;156;172;48;2;164;156;172m▀[38;2;8;8;8;48;2;8;8;8m▀[38;2;41;41;49;48;2;41;41;49m▀[48;2;16;24;32m▀[48;2;41;41;49m▀[38;2;74;74;82m▀[38;2;164;156;172m▀[48;2;16;24;32m▀[38;2;8;8;8;49m▀[0m [38;2;41;41;49;48;2;8;8;8m▀[38;2;255;255;255;48;2;41;41;49m▀▀[48;2;164;156;172m▀[48;2;255;255;255m▀[38;2;164;156;172;48;2;164;156;172m▀[38;2;8;8;8;48;2;8;8;8m▀[0m
[0m        [38;2;16;24;32m▀▀▀▀▀▄[48;2;74;74;82m▀[38;2;74;74;82;48;2;41;41;49m▀[48;2;74;74;82m▀[48;2;41;41;49m▀[38;2;8;8;8;48;2;74;74;82m▀[48;2;41;41;49m▀[48;2;8;8;8m▀[0m [38;2;16;24;32m▀▀▀▀▀[0m [38;2;16;24;32m▄[48;2;74;74;82m▀[38;2;74;74;82;48;2;41;41;49m▀[48;2;74;74;82m▀[48;2;41;41;49m▀[38;2;8;8;8;48;2;74;74;82m▀[48;2;41;41;49m▀[48;2;8;8;8m▀[0m
[0m             [38;2;16;24;32m▀[38;2;41;41;49;48;2;8;8;8m▀[38;2;8;8;8m▀[38;2;41;41;49m▀[38;2;8;8;8m▀[38;2;41;41;49m▀[38;2;8;8;8;49m▀[0m        [38;2;16;24;32m▀[38;2;41;41;49;48;2;8;8;8m▀[38;2;8;8;8m▀[38;2;41;41;49m▀[38;2;8;8;8m▀[38;2;41;41;49m▀[38;2;8;8;8;49m▀[0m
