[0m    [38;2;180;131;49m▄[48;2;255;222;82m▀▀[38;2;123;65;0;49m▄[0m
[0m [38;2;180;131;49m▄▄[38;2;123;65;0m▄[38;2;180;131;49;48;2;123;65;0m▀[38;2;255;222;82;48;2;255;222;82m▀▀[38;2;123;65;0;48;2;123;65;0m▀[49m▄[0m             [38;2;180;131;49m▄▄[0m       [38;2;180;131;49m▄▄[0m
[38;2;180;131;49;48;2;180;131;49m▀[38;2;255;222;82;48;2;230;164;32m▀▀[38;2;230;164;32m▀[38;2;123;65;0m▀[38;2;230;164;32;48;2;123;65;0m▀[38;2;255;222;82;48;2;230;164;32m▀▀[48;2;255;222;82m▀[38;2;180;131;49m▀▀[38;2;123;65;0;49m▄[0m [38;2;123;65;0m▄[48;2;230;164;32m▀▀[38;2;16;16;16;49m▄[0m    [38;2;180;131;49;48;2;180;131;49m▀[38;2;255;222;82;48;2;255;222;82m▀▀[38;2;123;65;0;48;2;123;65;0m▀[0m    [38;2;180;131;49m▄[48;2;123;65;0m▀[38;2;255;222;82;48;2;255;222;82m▀▀[38;2;123;65;0;48;2;123;65;0m▀[0m
[0m [38;2;123;65;0m▀[48;2;123;65;0m▀[38;2;230;164;32;48;2;230;164;32m▀▀[38;2;16;16;16;48;2;16;16;16m▀[0m [38;2;123;65;0m▀▀[38;2;230;164;32;48;2;123;65;0m▀[38;2;255;222;82;48;2;230;164;32m▀[48;2;255;222;82m▀[38;2;123;65;0;48;2;230;164;32m▀[38;2;230;164;32m▀▀[48;2;16;16;16m▀[38;2;16;16;16;49m▀[0m    [38;2;180;131;49m▀[38;2;230;164;32;48;2;123;65;0m▀[38;2;255;222;82;48;2;255;222;82m▀[38;2;123;65;0;48;2;123;65;0m▀[49m▄[38;2;180;131;49;48;2;255;222;82m▀▀▀[38;2;255;222;82m▀▀[48;2;230;164;32m▀[38;2;230;164;32;48;2;123;65;0m▀[38;2;123;65;0m▀[48;2;230;164;32m▀▀[49m▄[0m
[0m  [38;2;16;16;16;48;2;16;16;16m▀[38;2;230;164;32;48;2;230;164;32m▀[38;2;180;131;49;48;2;180;131;49m▀[38;2;16;16;16;48;2;123;65;0m▀[0m     [38;2;16;16;16;48;2;123;65;0m▀[38;2;255;222;82;48;2;230;164;32m▀[38;2;230;164;32m▀[38;2;123;65;0;48;2;16;16;16m▀[0m      [38;2;123;65;0m▄[48;2;230;164;32m▀[38;2;255;222;82;48;2;255;222;82m▀▀▀[48;2;123;65;0m▀▀[38;2;123;65;0;49m▀▀▀▀[48;2;123;65;0m▀[38;2;230;164;32;48;2;230;164;32m▀▀[48;2;123;65;0m▀[38;2;123;65;0;49m▀[0m
[0m  [38;2;16;16;16;48;2;16;16;16m▀[38;2;230;164;32;48;2;230;164;32m▀[38;2;180;131;49;48;2;180;131;49m▀[38;2;123;65;0;48;2;123;65;0m▀[38;2;74;74;74;49m▄[48;2;180;180;180m▀[48;2;123;123;123m▀[48;2;74;74;74m▀[38;2;16;16;16;49m▄[38;2;123;65;0;48;2;123;65;0m▀[38;2;230;164;32;48;2;230;164;32m▀▀[38;2;16;16;16;48;2;16;16;16m▀[0m      [38;2;123;65;0;48;2;230;164;32m▀[38;2;255;222;82;48;2;255;222;82m▀▀[48;2;123;65;0m▀[38;2;123;65;0;49m▀[0m      [38;2;123;65;0;48;2;123;65;0m▀[38;2;230;164;32;48;2;230;164;32m▀[48;2;16;16;16m▀[38;2;123;65;0;49m▀[0m
[38;2;16;16;16;49m▄[48;2;230;164;32m▀▀[38;2;230;164;32m▀▀[38;2;123;65;0m▀[38;2;74;74;74;48;2;74;74;74m▀[38;2;123;123;123m▀[48;2;16;16;16m▀[38;2;16;16;16m▀▀[38;2;123;65;0;48;2;230;164;32m▀[38;2;230;164;32m▀▀[38;2;16;16;16;49m▀[0m     [38;2;123;65;0;48;2;123;65;0m▀[38;2;255;222;82;48;2;255;222;82m▀▀[38;2;230;164;32;48;2;74;74;74m▀[38;2;74;74;74;48;2;180;180;180m▀[48;2;123;123;123m▀[38;2;16;16;16;48;2;74;74;74m▀[49m▄[0m   [38;2;123;65;0;48;2;123;65;0m▀[38;2;230;164;32;48;2;230;164;32m▀▀[38;2;16;16;16;48;2;16;16;16m▀[0m
[38;2;16;16;16;49m▀[38;2;230;164;32;48;2;16;16;16m▀▀[38;2;180;131;49m▀[48;2;123;65;0m▀[38;2;230;164;32;48;2;230;164;32m▀▀[38;2;16;16;16m▀▀▀[38;2;230;164;32m▀▀[48;2;180;131;49m▀[38;2;16;16;16;48;2;16;16;16m▀[0m      [38;2;123;65;0;48;2;123;65;0m▀[38;2;255;222;82;48;2;230;164;32m▀[48;2;255;222;82m▀[38;2;74;74;74;48;2;16;16;16m▀[38;2;123;123;123;48;2;74;74;74m▀[48;2;16;16;16m▀[38;2;16;16;16m▀▀[0m [38;2;123;65;0m▄[48;2;230;164;32m▀[38;2;230;164;32m▀▀[38;2;16;16;16;48;2;16;16;16m▀[0m
[0m     [38;2;16;16;16m▀[38;2;123;65;0m▀[38;2;230;164;32;48;2;16;16;16m▀[48;2;123;65;0m▀[48;2;16;16;16m▀[48;2;230;164;32m▀▀[38;2;16;16;16;48;2;16;16;16m▀[38;2;123;65;0;49m▄[0m     [38;2;16;16;16m▄[38;2;123;65;0;48;2;255;222;82m▀[38;2;230;164;32;48;2;230;164;32m▀▀▀[38;2;16;16;16m▀▀▀[38;2;123;65;0m▀▀[38;2;230;164;32m▀▀▀[38;2;16;16;16m▀[38;2;123;65;0m▀▀[49m▄[0m
[0m          [38;2;123;65;0;48;2;123;65;0m▀[38;2;230;164;32;48;2;16;16;16m▀▀[38;2;123;65;0;48;2;230;180;90m▀[38;2;16;16;16;48;2;255;213;115m▀[38;2;123;65;0;48;2;180;131;49m▀[48;2;255;213;115m▀[48;2;16;16;16m▀[38;2;16;16;16;48;2;255;222;82m▀[38;2;255;222;82m▀[48;2;230;164;32m▀[38;2;230;164;32;48;2;16;16;16m▀[38;2;16;16;16;49m▀▀[38;2;230;164;32;48;2;123;65;0m▀[48;2;16;16;16m▀▀▀[38;2;16;16;16;49m▀▀▀▀▀[38;2;230;164;32;48;2;16;16;16m▀▀[38;2;16;16;16;49m▀[0m
[0m        [38;2;180;131;49m▄▄[38;2;123;65;0;48;2;123;65;0m▀[38;2;255;213;115;48;2;255;213;115m▀[38;2;180;131;49m▀[38;2;255;213;115m▀▀▀▀[38;2;123;65;0m▀[38;2;230;164;32;48;2;16;16;16m▀▀[38;2;16;16;16;48;2;230;180;90m▀[38;2;123;65;0m▀[49m▄▄[0m
[0m   [38;2;180;131;49m▄[48;2;255;213;115m▀▀▀[38;2;230;180;90m▀[38;2;255;213;115m▀[38;2;123;65;0;48;2;123;65;0m▀[38;2;255;213;115;48;2;255;213;115m▀▀▀▀▀▀[48;2;123;65;0m▀▀[48;2;180;131;49m▀[38;2;230;180;90;48;2;230;180;90m▀▀▀▀[48;2;255;213;115m▀[38;2;180;131;49m▀[38;2;123;65;0m▀[38;2;180;131;49;49m▄[38;2;123;65;0m▄[0m
[0m   [38;2;180;131;49m▀[38;2;255;213;115;48;2;123;65;0m▀[48;2;16;16;16m▀▀[38;2;230;180;90;49m▀[38;2;123;65;0;48;2;16;16;16m▀[38;2;255;213;115;48;2;255;213;115m▀[38;2;180;131;49;48;2;180;131;49m▀[38;2;255;213;115;48;2;255;213;115m▀▀▀▀[38;2;123;65;0;48;2;230;180;90m▀[38;2;255;213;115;48;2;255;213;115m▀[48;2;16;16;16m▀[38;2;230;180;90m▀[38;2;180;131;49;48;2;123;65;0m▀[38;2;230;180;90;48;2;230;180;90m▀[38;2;123;65;0m▀[38;2;180;131;49;48;2;16;16;16m▀[38;2;255;213;115m▀[48;2;180;131;49m▀[48;2;255;213;115m▀▀▀[38;2;16;16;16;48;2;16;16;16m▀[0m
[0m         [38;2;255;255;255;48;2;16;16;16m▀[38;2;255;213;115;48;2;255;213;115m▀▀▀▀▀[38;2;123;65;0m▀[38;2;16;16;16;48;2;16;16;16m▀[38;2;255;255;255m▀[48;2;255;255;255m▀[38;2;255;213;115;48;2;230;180;90m▀[38;2;230;180;90m▀▀[38;2;16;16;16;48;2;16;16;16m▀[0m [38;2;16;16;16m▀▀▀▀[0m
[0m        [38;2;180;131;49m▄[38;2;123;65;0;48;2;255;213;115m▀[38;2;255;213;115;48;2;230;180;90m▀▀[48;2;255;213;115m▀▀▀▀▀▀[48;2;230;180;90m▀[38;2;230;180;90m▀[48;2;123;65;0m▀[38;2;180;131;49;48;2;180;131;49m▀[38;2;16;16;16;48;2;123;65;0m▀[0m
[0m       [38;2;123;65;0m▄[38;2;255;213;115;48;2;255;213;115m▀[38;2;230;180;90;48;2;16;16;16m▀[38;2;123;65;0;48;2;180;180;180m▀[48;2;115;24;24m▀[38;2;230;180;90;48;2;16;16;16m▀[38;2;255;213;115;48;2;230;180;90m▀▀▀[38;2;230;180;90m▀▀▀[38;2;123;65;0;48;2;16;16;16m▀[38;2;180;131;49;48;2;180;131;49m▀[48;2;123;65;0m▀[0m
[0m       [38;2;123;65;0;48;2;16;16;16m▀[38;2;230;180;90;48;2;230;180;90m▀[38;2;115;24;24;48;2;16;16;16m▀[38;2;180;180;180;48;2;115;24;24m▀[38;2;115;24;24;48;2;16;16;16m▀[48;2;115;24;24m▀[38;2;16;16;16;48;2;16;16;16m▀[38;2;230;180;90;48;2;180;131;49m▀[48;2;230;180;90m▀▀▀▀[38;2;16;16;16;48;2;16;16;16m▀[38;2;180;131;49;48;2;180;131;49m▀[38;2;16;16;16;48;2;16;16;16m▀[0m              [38;2;180;131;49m▄▄▄▄▄[0m
[0m        [38;2;16;16;16m▀▀[38;2;115;24;24;48;2;16;16;16m▀[38;2;16;16;16m▀[48;2;180;131;49m▀▀[38;2;180;131;49;48;2;16;16;16m▀▀[38;2;230;180;90m▀[48;2;123;65;0m▀[38;2;16;16;16;48;2;180;131;49m▀[38;2;180;131;49m▀▀[38;2;123;65;0;48;2;230;180;90m▀[49m▄[0m          [38;2;180;131;49m▄[48;2;255;213;115m▀▀[38;2;255;213;115m▀▀▀▀▀[38;2;180;131;49m▀[38;2;123;65;0m▀[49m▄[0m
[0m            [38;2;16;16;16m▀▀[38;2;123;65;0;48;2;123;65;0m▀[38;2;180;131;49;48;2;180;131;49m▀▀▀▀[48;2;230;180;90m▀[38;2;230;180;90m▀▀[38;2;123;65;0m▀[49m▄[0m       [38;2;180;131;49m▄▄[48;2;123;65;0m▀[38;2;255;213;115m▀[48;2;255;213;115m▀▀▀▀▀▀▀▀[38;2;123;65;0;48;2;230;180;90m▀[49m▄[0m
[0m              [38;2;123;65;0;48;2;123;65;0m▀[38;2;180;131;49;48;2;230;180;90m▀▀[38;2;230;180;90m▀▀▀▀▀▀▀[38;2;123;65;0m▀[38;2;180;131;49;49m▄▄▄[48;2;255;213;115m▀▀▀[38;2;255;213;115m▀▀▀▀[38;2;123;65;0m▀▀[38;2;255;213;115;48;2;180;131;49m▀[48;2;255;213;115m▀▀▀[48;2;230;180;90m▀[38;2;230;180;90m▀▀[38;2;16;16;16;48;2;16;16;16m▀[0m
[0m             [38;2;123;65;0m▄[48;2;180;131;49m▀[38;2;230;180;90;48;2;230;180;90m▀▀▀▀▀▀▀▀▀[38;2;255;213;115;48;2;255;213;115m▀▀▀▀▀▀[38;2;255;255;172;48;2;255;255;172m▀▀[38;2;255;213;115m▀[48;2;255;213;115m▀▀▀▀▀[38;2;180;131;49;48;2;180;131;49m▀[38;2;230;180;90;48;2;230;180;90m▀▀▀▀▀[38;2;16;16;16;48;2;123;65;0m▀[0m
[0m             [38;2;123;65;0;48;2;123;65;0m▀[38;2;230;180;90;48;2;230;180;90m▀[38;2;180;131;49;48;2;255;255;172m▀▀[38;2;230;180;90;48;2;180;131;49m▀[48;2;230;180;90m▀▀▀▀▀▀[38;2;255;213;115m▀[48;2;255;213;115m▀▀▀▀▀▀[38;2;255;255;172m▀▀[38;2;255;213;115m▀[38;2;255;255;172;48;2;255;255;172m▀[38;2;255;213;115;48;2;255;213;115m▀▀▀[38;2;230;180;90;48;2;230;180;90m▀[38;2;180;131;49;48;2;180;131;49m▀[38;2;230;180;90;48;2;230;180;90m▀▀▀[38;2;180;131;49;48;2;16;16;16m▀[0m
[0m             [38;2;123;65;0;48;2;123;65;0m▀[38;2;255;255;172;48;2;255;255;172m▀▀▀▀[38;2;180;131;49;48;2;180;131;49m▀[38;2;230;180;90;48;2;230;180;90m▀▀▀▀▀▀▀[38;2;255;213;115m▀▀[48;2;255;213;115m▀▀▀▀▀▀[48;2;230;180;90m▀▀▀[38;2;230;180;90m▀▀[38;2;123;65;0;48;2;16;16;16m▀[38;2;230;180;90m▀[38;2;16;16;16;49m▀▀[0m
[0m            [38;2;123;65;0m▄[48;2;180;131;49m▀[38;2;255;255;172;48;2;255;255;172m▀▀▀▀[38;2;180;131;49m▀[38;2;230;180;90;48;2;180;131;49m▀[48;2;230;180;90m▀▀▀▀▀▀▀▀▀[48;2;180;131;49m▀▀▀[48;2;230;180;90m▀▀▀▀▀▀▀[38;2;16;16;16;48;2;123;65;0m▀[0m
[0m            [38;2;123;65;0;48;2;123;65;0m▀[38;2;180;131;49;48;2;180;131;49m▀[38;2;255;222;131;48;2;123;65;0m▀[38;2;255;255;172;48;2;255;222;131m▀▀▀[38;2;255;222;131m▀[38;2;180;131;49;48;2;180;131;49m▀[38;2;230;180;90;48;2;230;180;90m▀▀▀[48;2;255;213;115m▀[48;2;230;180;90m▀▀▀▀[38;2;123;65;0;48;2;123;65;0m▀[38;2;255;222;131;48;2;255;222;131m▀▀▀[38;2;123;65;0;48;2;16;16;16m▀[38;2;230;180;90;48;2;230;180;90m▀▀▀▀▀▀▀[38;2;16;16;16;48;2;16;16;16m▀[0m
[0m            [38;2;123;65;0;48;2;123;65;0m▀[38;2;180;131;49;48;2;180;131;49m▀[38;2;123;65;0m▀[38;2;255;222;131;48;2;16;16;16m▀[48;2;255;222;131m▀▀▀▀[38;2;180;131;49;48;2;123;65;0m▀[38;2;230;180;90;48;2;255;213;115m▀[38;2;255;213;115m▀▀▀[38;2;230;180;90;48;2;230;180;90m▀▀[38;2;123;65;0;48;2;123;65;0m▀[38;2;255;222;131;48;2;255;222;131m▀▀▀[48;2;123;65;0m▀[38;2;230;180;90;48;2;16;16;16m▀[38;2;16;16;16m▀[38;2;230;180;90;48;2;230;180;90m▀▀▀▀▀▀[38;2;16;16;16;48;2;16;16;16m▀[0m
[0m             [38;2;123;65;0;48;2;16;16;16m▀[38;2;180;131;49;48;2;180;131;49m▀▀[38;2;16;16;16m▀▀[38;2;255;222;131;48;2;16;16;16m▀▀[38;2;123;65;0m▀[38;2;255;213;115;48;2;255;213;115m▀▀▀▀[38;2;230;180;90;48;2;230;180;90m▀▀[38;2;16;16;16;48;2;16;16;16m▀[38;2;255;222;131;48;2;123;65;0m▀[38;2;123;65;0;48;2;180;131;49m▀[38;2;16;16;16m▀[38;2;180;131;49m▀▀▀[38;2;123;65;0;48;2;123;65;0m▀[38;2;230;180;90;48;2;230;180;90m▀▀▀▀▀[38;2;123;65;0;48;2;180;131;49m▀[38;2;16;16;16;49m▄[0m
[0m             [38;2;16;16;16m▀[38;2;180;131;49;48;2;123;65;0m▀[48;2;180;131;49m▀▀▀▀▀[38;2;16;16;16;48;2;16;16;16m▀[38;2;255;213;115;48;2;230;180;90m▀[48;2;255;213;115m▀▀[38;2;230;180;90;48;2;230;180;90m▀▀[38;2;16;16;16;48;2;16;16;16m▀[0m [38;2;123;65;0m▀[38;2;180;131;49;48;2;123;65;0m▀[48;2;180;131;49m▀▀▀[38;2;123;65;0;48;2;123;65;0m▀[0m [38;2;123;65;0m▀[38;2;230;180;90;48;2;123;65;0m▀[48;2;180;131;49m▀[48;2;230;180;90m▀[48;2;180;131;49m▀[38;2;180;131;49m▀[38;2;123;65;0m▀[38;2;16;16;16;49m▄[0m
[0m              [38;2;16;16;16;48;2;16;16;16m▀[38;2;180;131;49;48;2;180;131;49m▀▀▀▀[48;2;123;65;0m▀[38;2;16;16;16;49m▀[38;2;230;180;90;48;2;123;65;0m▀[48;2;230;180;90m▀▀▀[38;2;123;65;0;48;2;123;65;0m▀[0m   [38;2;123;65;0m▀[38;2;180;131;49;48;2;123;65;0m▀[48;2;180;131;49m▀▀▀[38;2;123;65;0m▀[38;2;16;16;16;49m▄[0m [38;2;123;65;0m▀▀[38;2;180;131;49;48;2;123;65;0m▀[48;2;180;131;49m▀▀[38;2;123;65;0m▀[49m▄[0m
[0m              [38;2;16;16;16m▀[38;2;180;131;49;48;2;123;65;0m▀[48;2;230;180;90m▀[48;2;180;131;49m▀▀[38;2;123;65;0;48;2;123;65;0m▀[0m [38;2;16;16;16m▀[38;2;230;180;90;48;2;123;65;0m▀[48;2;230;180;90m▀▀▀[38;2;16;16;16;48;2;16;16;16m▀[0m    [38;2;123;65;0;48;2;16;16;16m▀[38;2;180;131;49;48;2;180;131;49m▀▀[48;2;123;65;0m▀[38;2;16;16;16;49m▀[0m   [38;2;123;65;0m▀[38;2;180;131;49;48;2;123;65;0m▀[48;2;180;131;49m▀▀▀[38;2;16;16;16;48;2;16;16;16m▀[0m
[0m               [38;2;123;65;0;48;2;123;65;0m▀[38;2;230;180;90;48;2;230;180;90m▀▀[48;2;123;65;0m▀[38;2;123;65;0;49m▀[0m  [38;2;16;16;16;48;2;16;16;16m▀[38;2;230;180;90;48;2;230;180;90m▀▀[48;2;16;16;16m▀[38;2;16;16;16;49m▀[0m    [38;2;16;16;16;48;2;123;65;0m▀[38;2;180;131;49;48;2;180;131;49m▀▀[38;2;16;16;16;48;2;16;16;16m▀[0m     [38;2;16;16;16;48;2;16;16;16m▀[38;2;180;131;49;48;2;180;131;49m▀▀[48;2;123;65;0m▀[38;2;16;16;16;49m▀[0m
[0m               [38;2;123;65;0;48;2;123;65;0m▀[38;2;230;180;90;48;2;230;180;90m▀▀[38;2;123;65;0;48;2;123;65;0m▀[0m   [38;2;123;65;0;48;2;230;180;90m▀[38;2;230;180;90m▀▀[38;2;16;16;16;48;2;16;16;16m▀[0m    [38;2;123;65;0;48;2;123;65;0m▀[38;2;180;131;49;48;2;180;131;49m▀▀[38;2;123;65;0;48;2;16;16;16m▀[0m      [38;2;16;16;16;48;2;16;16;16m▀[38;2;180;131;49;48;2;230;180;90m▀[48;2;180;131;49m▀[38;2;16;16;16;48;2;16;16;16m▀[0m
[0m              [38;2;123;65;0m▄[48;2;255;213;115m▀[38;2;255;213;115m▀[38;2;230;180;90m▀[38;2;16;16;16;48;2;16;16;16m▀[0m  [38;2;123;65;0;48;2;123;65;0m▀[38;2;255;213;115;48;2;255;213;115m▀[38;2;230;180;90m▀[38;2;123;65;0;48;2;123;65;0m▀[0m    [38;2;123;65;0;48;2;74;74;74m▀[38;2;74;74;74;48;2;16;16;16m▀[38;2;180;131;49;48;2;74;74;74m▀[48;2;16;16;16m▀[38;2;16;16;16m▀[0m     [38;2;123;65;0m▄[48;2;230;180;90m▀[38;2;230;180;90m▀▀[38;2;123;65;0m▀[49m▄[0m
[0m             [38;2;16;16;16m▄[38;2;123;65;0;48;2;74;74;74m▀[38;2;255;213;115m▀[48;2;180;131;49m▀[38;2;16;16;16;48;2;16;16;16m▀[0m  [38;2;123;65;0;48;2;123;65;0m▀[38;2;255;213;115;48;2;180;131;49m▀▀[38;2;230;180;90;48;2;230;180;90m▀[38;2;255;255;255;48;2;16;16;16m▀[38;2;16;16;16m▀[0m   [38;2;16;16;16m▀▀▀[0m      [38;2;16;16;16m▄[48;2;74;74;74m▀[38;2;74;74;74;48;2;16;16;16m▀[48;2;74;74;74m▀[38;2;230;180;90;48;2;16;16;16m▀[38;2;123;65;0;48;2;123;65;0m▀[49m▀[0m
[0m             [38;2;16;16;16m▀[38;2;74;74;74;48;2;16;16;16m▀[38;2;16;16;16m▀[38;2;74;74;74m▀[38;2;16;16;16;49m▀[0m [38;2;16;16;16m▄[48;2;74;74;74m▀[38;2;74;74;74;48;2;16;16;16m▀[48;2;74;74;74m▀[38;2;180;131;49;48;2;16;16;16m▀[38;2;16;16;16;49m▀[0m             [38;2;16;16;16m▀▀▀▀▀[0m
[0m                   [38;2;16;16;16m▀▀▀▀[0m
