[0m             [38;2;148;148;156m▄[48;2;255;255;255m▀[38;2;98;98;106;48;2;98;98;106m▀[0m
[0m         [38;2;74;131;205m▄▄[38;2;98;172;238m▄[38;2;148;148;156;48;2;98;172;238m▀[38;2;205;205;205;48;2;205;205;205m▀[38;2;255;255;255m▀[38;2;98;98;106;48;2;98;98;106m▀[0m           [38;2;98;98;106m▄[48;2;205;205;205m▀[48;2;98;98;106m▀[0m
[0m      [38;2;74;131;205m▄[48;2;139;213;255m▀▀[38;2;139;213;255;48;2;131;98;16m▀▀▀[48;2;139;213;255m▀▀[38;2;74;131;205m▀[38;2;148;148;156;48;2;74;131;205m▀[0m         [38;2;82;90;148m▄[48;2;98;172;238m▀[48;2;139;213;255m▀[38;2;98;172;238;48;2;98;172;238m▀[38;2;82;90;148m▀[38;2;16;16;16;49m▄[0m
[0m    [38;2;74;131;205m▄[48;2;98;172;238m▀[38;2;139;213;255;48;2;139;213;255m▀[48;2;131;98;16m▀[38;2;131;98;16;48;2;230;205;123m▀[38;2;230;205;123m▀▀[38;2;189;164;82m▀[38;2;131;98;16;48;2;131;98;16m▀[38;2;139;213;255;48;2;139;213;255m▀▀[38;2;98;172;238m▀[38;2;74;131;205;49m▄[0m       [38;2;82;90;148;48;2;16;16;16m▀[38;2;98;172;238;48;2;98;172;238m▀[38;2;139;213;255m▀[48;2;139;213;255m▀[48;2;98;172;238m▀[38;2;98;172;238m▀▀[38;2;16;16;16;48;2;16;16;16m▀[0m           [38;2;82;90;148m▄▄▄▄[0m
[0m   [38;2;74;131;205m▄[48;2;98;172;238m▀[38;2;139;213;255;48;2;139;213;255m▀▀[38;2;131;98;16;48;2;131;98;16m▀[38;2;230;205;123;48;2;189;164;82m▀[48;2;230;205;123m▀▀[48;2;131;98;16m▀[38;2;131;98;16;48;2;139;213;255m▀[38;2;139;213;255m▀▀[48;2;98;172;238m▀[38;2;82;90;148;48;2;82;90;148m▀[38;2;98;98;106;49m▄▄[0m     [38;2;16;16;16m▀[38;2;98;172;238;48;2;16;16;16m▀[48;2;98;172;238m▀[48;2;82;90;148m▀[48;2;16;16;16m▀[48;2;98;172;238m▀[48;2;16;16;16m▀[38;2;16;16;16;49m▀[0m    [38;2;98;98;106m▄▄▄▄[38;2;16;16;16m▄[38;2;82;90;148;48;2;139;213;255m▀▀[38;2;139;213;255m▀▀▀[38;2;98;172;238m▀[38;2;74;131;205;48;2;98;172;238m▀[48;2;82;90;148m▀[38;2;98;98;106;48;2;205;205;205m▀[48;2;255;255;255m▀▀[38;2;16;16;16m▀▀[49m▄[0m
[0m   [38;2;74;131;205;48;2;74;131;205m▀[38;2;98;172;238;48;2;98;172;238m▀[38;2;139;213;255;48;2;139;213;255m▀▀▀[38;2;131;98;16m▀▀▀[38;2;139;213;255m▀▀▀[48;2;98;172;238m▀[38;2;98;172;238;48;2;74;131;205m▀[38;2;82;90;148;48;2;205;205;205m▀[38;2;255;255;255;48;2;255;255;255m▀[38;2;148;148;156;48;2;205;205;205m▀[38;2;131;98;16;48;2;255;255;255m▀[48;2;148;148;156m▀[49m▄▄[0m   [38;2;16;16;16m▀[48;2;16;16;16m▀[38;2;189;164;82;48;2;189;164;82m▀[38;2;16;16;16;48;2;16;16;16m▀[0m      [38;2;98;98;106m▀[38;2;205;205;205;48;2;98;98;106m▀[48;2;205;205;205m▀[38;2;16;16;16;48;2;16;16;16m▀[38;2;98;172;238;48;2;98;172;238m▀[38;2;139;213;255m▀[48;2;139;213;255m▀▀▀▀[48;2;98;172;238m▀[38;2;98;172;238m▀[38;2;82;90;148m▀[38;2;255;255;255;48;2;205;205;205m▀[48;2;255;255;255m▀[48;2;98;98;106m▀[48;2;16;16;16m▀[38;2;16;16;16;49m▀[0m
[0m  [38;2;16;16;16m▄[38;2;82;90;148;48;2;205;205;205m▀[38;2;98;172;238;48;2;82;90;148m▀[48;2;98;172;238m▀[38;2;139;213;255m▀[48;2;139;213;255m▀▀▀▀[48;2;98;172;238m▀▀[38;2;98;172;238m▀[48;2;74;131;205m▀[38;2;82;90;148;48;2;16;16;16m▀[38;2;205;205;205m▀[38;2;148;148;156m▀[38;2;205;205;205;48;2;98;98;106m▀[48;2;189;164;82m▀[38;2;148;148;156m▀[38;2;230;205;123;48;2;230;205;123m▀▀[38;2;131;98;16m▀[49m▄[0m  [38;2;131;98;16;48;2;131;98;16m▀[38;2;189;164;82;48;2;189;164;82m▀[38;2;131;98;16m▀[49m▄[0m       [38;2;98;98;106m▀[38;2;82;90;148;48;2;82;90;148m▀[38;2;98;172;238;48;2;74;131;205m▀[48;2;98;172;238m▀[48;2;82;90;148m▀▀[48;2;98;172;238m▀▀▀▀[48;2;74;131;205m▀[38;2;74;131;205m▀[38;2;82;90;148;48;2;82;90;148m▀[38;2;98;98;106;48;2;205;205;205m▀▀▀[38;2;16;16;16;49m▄[0m
[38;2;16;16;16;49m▄[48;2;255;255;255m▀[38;2;255;255;255m▀[38;2;205;205;205;48;2;148;148;156m▀[38;2;16;16;16;48;2;98;98;106m▀[38;2;98;172;238;48;2;16;16;16m▀[48;2;98;172;238m▀▀[48;2;82;90;148m▀▀[48;2;98;172;238m▀▀▀[38;2;74;131;205;48;2;16;16;16m▀[38;2;16;16;16;49m▀[0m     [38;2;131;98;16m▀▀[38;2;189;164;82;48;2;131;98;16m▀[38;2;230;205;123m▀[48;2;189;164;82m▀[38;2;131;98;16;48;2;230;205;123m▀[49m▄[0m [38;2;131;98;16;48;2;131;98;16m▀[38;2;189;164;82;48;2;189;164;82m▀[38;2;131;98;16;48;2;131;98;16m▀[0m         [38;2;16;16;16m▀[38;2;131;98;16;48;2;131;98;16m▀[38;2;255;255;255;48;2;98;98;106m▀▀[38;2;82;90;148;48;2;16;16;16m▀[38;2;98;172;238;48;2;74;131;205m▀[38;2;74;131;205m▀▀[48;2;82;90;148m▀[48;2;16;16;16m▀[38;2;205;205;205;48;2;98;98;106m▀▀[38;2;98;98;106;49m▀[38;2;16;16;16m▀[0m
[38;2;98;98;106;49m▀[38;2;16;16;16m▀▀[38;2;98;98;106m▀[0m  [38;2;82;90;148;48;2;98;98;106m▀[38;2;98;98;106;48;2;205;205;205m▀[38;2;255;255;255;48;2;255;255;255m▀▀[38;2;148;148;156;48;2;205;205;205m▀[38;2;16;16;16;48;2;98;98;106m▀[49m▀[0m           [38;2;131;98;16m▀[38;2;189;164;82;48;2;16;16;16m▀[48;2;189;164;82m▀[38;2;131;98;16m▀[38;2;82;90;148;48;2;131;98;16m▀[48;2;98;172;238m▀▀▀▀[49m▄▄[0m     [38;2;131;98;16m▄[48;2;131;98;16m▀[38;2;255;255;255;48;2;189;164;82m▀▀[38;2;16;16;16;48;2;131;98;16m▀[38;2;82;90;148;49m▀▀▀[0m
[0m     [38;2;148;148;156m▄[38;2;205;205;205;48;2;255;255;255m▀[38;2;255;255;255;48;2;205;205;205m▀[48;2;16;16;16m▀[38;2;205;205;205m▀[38;2;16;16;16;49m▀[0m             [38;2;82;90;148m▄[48;2;98;172;238m▀[38;2;16;16;16m▀▀[38;2;98;172;238;48;2;139;213;255m▀[38;2;139;213;255m▀[38;2;98;172;238m▀[48;2;98;172;238m▀▀▀▀[38;2;82;90;148m▀[49m▄[38;2;131;98;16m▄[48;2;230;205;123m▀▀[38;2;230;205;123m▀[48;2;189;164;82m▀[38;2;189;164;82;48;2;131;98;16m▀[48;2;16;16;16m▀[38;2;16;16;16;49m▀[0m
[0m     [38;2;98;98;106m▀[38;2;16;16;16m▀▀[0m               [38;2;82;90;148m▄[48;2;98;172;238m▀[38;2;98;172;238m▀[38;2;139;213;255;48;2;139;213;255m▀▀▀▀[48;2;98;172;238m▀[38;2;98;172;238;48;2;131;98;16m▀▀[48;2;98;172;238m▀▀▀[38;2;82;90;148m▀[38;2;230;205;123;48;2;82;90;148m▀[48;2;131;98;16m▀[38;2;189;164;82;48;2;16;16;16m▀[38;2;131;98;16;49m▀[38;2;16;16;16m▀[0m
[0m       [38;2;131;98;16m▄▄▄▄[0m      [38;2;131;98;16m▄▄▄▄[48;2;189;164;82m▀▀[38;2;82;90;148m▀[38;2;98;172;238;48;2;16;16;16m▀[48;2;98;172;238m▀▀[38;2;139;213;255m▀▀[38;2;98;172;238m▀▀[38;2;131;98;16;48;2;131;98;16m▀[38;2;230;205;123;48;2;230;205;123m▀[38;2;131;98;16m▀[38;2;98;172;238;48;2;131;98;16m▀[48;2;98;172;238m▀▀[38;2;82;90;148;48;2;82;90;148m▀[38;2;189;164;82;49m▄▄[38;2;131;98;16m▄▄▄▄[0m
[0m     [38;2;131;98;16m▄[48;2;255;238;156m▀[38;2;255;238;156m▀▀[38;2;230;205;123m▀[48;2;230;205;123m▀[38;2;16;16;16m▀[38;2;131;98;16;48;2;16;16;16m▀[48;2;255;255;255m▀[48;2;148;148;156m▀[48;2;255;255;255m▀[48;2;230;205;123m▀[38;2;189;164;82m▀[38;2;230;205;123;48;2;189;164;82m▀[48;2;131;98;16m▀▀[48;2;16;16;16m▀[38;2;189;164;82m▀▀[38;2;16;16;16;48;2;98;172;238m▀[38;2;98;172;238m▀▀▀▀▀[48;2;131;98;16m▀[38;2;131;98;16;48;2;230;205;123m▀[38;2;230;205;123m▀▀[38;2;131;98;16m▀[38;2;98;172;238;48;2;131;98;16m▀[48;2;74;131;205m▀[38;2;82;90;148;48;2;16;16;16m▀[38;2;230;205;123;48;2;230;205;123m▀▀▀[48;2;131;98;16m▀[48;2;189;164;82m▀[38;2;189;164;82m▀[38;2;131;98;16;48;2;131;98;16m▀[0m
[0m     [38;2;131;98;16;48;2;131;98;16m▀[38;2;255;238;156;48;2;230;205;123m▀[48;2;255;238;156m▀▀[48;2;230;205;123m▀[38;2;230;205;123m▀▀[38;2;131;98;16;48;2;131;98;16m▀[38;2;205;205;205;48;2;16;16;16m▀[38;2;148;148;156m▀[38;2;16;16;16;49m▀▀▀[0m      [38;2;82;90;148;48;2;82;90;148m▀[38;2;98;172;238;48;2;74;131;205m▀▀[48;2;98;172;238m▀▀▀[38;2;131;98;16;48;2;131;98;16m▀[38;2;230;205;123;48;2;230;205;123m▀▀[48;2;189;164;82m▀▀[38;2;131;98;16;48;2;131;98;16m▀[38;2;16;16;16;48;2;16;16;16m▀[38;2;131;98;16;49m▀▀▀[38;2;16;16;16m▀▀[48;2;16;16;16m▀[38;2;189;164;82;48;2;255;255;255m▀[48;2;205;205;205m▀[38;2;131;98;16;48;2;131;98;16m▀[0m
[0m     [38;2;131;98;16m▀[38;2;230;205;123;48;2;16;16;16m▀[48;2;230;205;123m▀▀▀[48;2;189;164;82m▀[38;2;189;164;82;48;2;16;16;16m▀[38;2;16;16;16;49m▀[0m  [38;2;131;98;16m▄▄[48;2;189;164;82m▀▀▀[49m▄▄[0m [38;2;131;98;16m▄▄[38;2;16;16;16;48;2;189;164;82m▀[38;2;74;131;205;48;2;16;16;16m▀▀[48;2;74;131;205m▀[38;2;131;98;16;48;2;131;98;16m▀[38;2;189;164;82;48;2;189;164;82m▀▀▀[48;2;16;16;16m▀[38;2;131;98;16m▀[38;2;16;16;16;48;2;131;98;16m▀[38;2;131;98;16;49m▄[0m     [38;2;16;16;16;48;2;148;148;156m▀[38;2;148;148;156;48;2;255;255;255m▀▀[38;2;16;16;16;48;2;16;16;16m▀[49m▄[0m
[0m       [38;2;16;16;16m▀▀▀▀[0m  [38;2;131;98;16m▄[48;2;189;164;82m▀[38;2;189;164;82m▀▀[38;2;131;98;16m▀[38;2;189;164;82;48;2;131;98;16m▀[48;2;189;164;82m▀▀[48;2;16;16;16m▀[38;2;16;16;16;48;2;189;164;82m▀[38;2;189;164;82;48;2;230;205;123m▀[38;2;230;205;123;48;2;255;238;156m▀▀[48;2;230;205;123m▀▀[38;2;16;16;16m▀▀▀▀[48;2;189;164;82m▀[38;2;189;164;82m▀▀▀▀[38;2;131;98;16m▀▀[49m▄[0m [38;2;131;98;16m▄[48;2;189;164;82m▀[48;2;230;205;123m▀▀[38;2;189;164;82;48;2;189;164;82m▀▀[38;2;16;16;16m▀[38;2;131;98;16;49m▄[0m
[0m           [38;2;131;98;16m▄[48;2;189;164;82m▀[38;2;189;164;82m▀[38;2;131;98;16m▀[38;2;189;164;82;48;2;131;98;16m▀[48;2;189;164;82m▀▀▀▀[48;2;16;16;16m▀[38;2;16;16;16;48;2;230;205;123m▀[38;2;230;205;123m▀[38;2;255;238;156;48;2;255;238;156m▀▀[38;2;189;164;82m▀[38;2;255;238;156;48;2;189;164;82m▀[38;2;230;205;123;48;2;230;205;123m▀▀▀▀▀▀[48;2;131;98;16m▀[48;2;230;205;123m▀[38;2;189;164;82m▀▀[48;2;189;164;82m▀▀▀[38;2;131;98;16;48;2;131;98;16m▀[48;2;16;16;16m▀[38;2;230;205;123;48;2;189;164;82m▀[48;2;230;205;123m▀[48;2;189;164;82m▀[38;2;189;164;82m▀▀▀[38;2;16;16;16;48;2;16;16;16m▀[0m
[0m           [38;2;131;98;16;48;2;131;98;16m▀[38;2;230;205;123;48;2;230;205;123m▀[38;2;189;164;82m▀[48;2;189;164;82m▀▀[38;2;131;98;16m▀[38;2;189;164;82m▀▀▀[38;2;16;16;16;48;2;16;16;16m▀[38;2;230;205;123;48;2;230;205;123m▀▀[48;2;16;16;16m▀[38;2;255;238;156m▀[48;2;230;205;123m▀▀[38;2;131;98;16m▀[38;2;230;205;123;48;2;131;98;16m▀▀▀[38;2;131;98;16;48;2;230;205;123m▀▀[38;2;230;205;123m▀▀▀▀▀[38;2;189;164;82;48;2;189;164;82m▀▀▀[38;2;16;16;16;48;2;131;98;16m▀[38;2;131;98;16;48;2;16;16;16m▀[38;2;189;164;82;48;2;131;98;16m▀▀[48;2;16;16;16m▀▀[38;2;16;16;16;48;2;131;98;16m▀[38;2;131;98;16;48;2;189;164;82m▀▀[49m▄[0m
[0m            [38;2;131;98;16m▀[38;2;230;205;123;48;2;131;98;16m▀[48;2;230;205;123m▀[38;2;189;164;82m▀[48;2;189;164;82m▀▀▀▀[38;2;16;16;16m▀[38;2;230;205;123;48;2;16;16;16m▀[38;2;16;16;16m▀[38;2;255;255;255m▀[38;2;16;16;16m▀▀[38;2;230;205;123;48;2;230;205;123m▀▀▀▀▀▀[48;2;16;16;16m▀▀[48;2;230;205;123m▀▀[48;2;189;164;82m▀[38;2;189;164;82m▀▀▀▀[38;2;131;98;16;48;2;16;16;16m▀[38;2;189;164;82;48;2;189;164;82m▀▀[38;2;131;98;16m▀▀[38;2;189;164;82m▀▀▀[48;2;131;98;16m▀[38;2;131;98;16m▀[49m▄[0m
[0m              [38;2;16;16;16m▀[38;2;189;164;82;48;2;131;98;16m▀[38;2;230;205;123m▀[48;2;230;205;123m▀[38;2;189;164;82m▀▀[48;2;189;164;82m▀[38;2;16;16;16m▀[38;2;230;205;123;48;2;16;16;16m▀[38;2;16;16;16;48;2;230;205;123m▀▀[38;2;230;205;123m▀[48;2;131;98;16m▀[48;2;230;205;123m▀▀▀▀[38;2;16;16;16;48;2;16;16;16m▀[38;2;255;255;255m▀[38;2;16;16;16m▀▀[38;2;189;164;82;48;2;189;164;82m▀▀▀▀[48;2;131;98;16m▀[38;2;131;98;16;48;2;16;16;16m▀[38;2;189;164;82;48;2;189;164;82m▀▀▀▀[48;2;131;98;16m▀▀[38;2;131;98;16;48;2;189;164;82m▀▀[38;2;189;164;82m▀[48;2;230;205;123m▀[38;2;16;16;16;48;2;16;16;16m▀[0m
[0m                 [38;2;16;16;16m▀[38;2;131;98;16m▀[38;2;230;205;123;48;2;16;16;16m▀[48;2;131;98;16m▀[48;2;230;205;123m▀[38;2;189;164;82m▀[38;2;16;16;16m▀[38;2;131;98;16m▀▀[38;2;230;205;123m▀▀▀[38;2;189;164;82m▀[38;2;230;205;123;48;2;16;16;16m▀[48;2;189;164;82m▀[38;2;16;16;16m▀▀[38;2;189;164;82m▀[48;2;131;98;16m▀[48;2;16;16;16m▀▀[38;2;16;16;16;48;2;189;164;82m▀▀[38;2;189;164;82m▀▀▀▀▀[48;2;230;205;123m▀▀▀▀[38;2;230;205;123m▀[48;2;16;16;16m▀[38;2;16;16;16;49m▀[0m
[0m                     [38;2;16;16;16m▀▀[38;2;131;98;16m▀[38;2;230;205;123;48;2;16;16;16m▀[48;2;131;98;16m▀[48;2;230;205;123m▀▀▀▀▀[38;2;16;16;16m▀▀[38;2;131;98;16m▀▀[38;2;189;164;82m▀▀▀▀▀▀[38;2;230;205;123m▀▀[48;2;189;164;82m▀[48;2;16;16;16m▀▀▀[38;2;189;164;82m▀[38;2;16;16;16;49m▀▀[0m
[0m                         [38;2;131;98;16m▀[38;2;189;164;82;48;2;16;16;16m▀[48;2;189;164;82m▀▀[38;2;230;205;123m▀[48;2;131;98;16m▀▀[48;2;16;16;16m▀▀▀▀▀[38;2;189;164;82m▀[38;2;16;16;16;49m▀▀▀▀▀▀[0m
[0m                          [38;2;16;16;16m▀[38;2;189;164;82;48;2;16;16;16m▀[48;2;230;205;123m▀▀[48;2;189;164;82m▀▀[48;2;131;98;16m▀[38;2;16;16;16;49m▀[0m
[0m                           [38;2;16;16;16m▀[38;2;230;205;123;48;2;16;16;16m▀[48;2;230;205;123m▀[38;2;189;164;82;48;2;189;164;82m▀[48;2;131;98;16m▀[38;2;16;16;16;49m▀[0m
[0m                            [38;2;16;16;16m▀[38;2;189;164;82;48;2;16;16;16m▀[38;2;131;98;16m▀[38;2;16;16;16;49m▀[0m
