[0m     [38;2;213;82;57m▄[48;2;255;123;98m▀▀▀▀[49m▄▄[48;2;255;123;98m▀▀▀▀[49m▄[0m
[0m [38;2;213;82;57m▄[48;2;255;123;98m▀[38;2;148;49;32m▀▀[38;2;213;82;57;48;2;213;82;57m▀[38;2;255;123;98;48;2;148;49;32m▀[48;2;255;123;98m▀▀▀▀▀[48;2;148;49;32m▀[48;2;213;82;57m▀[38;2;148;49;32;48;2;255;123;98m▀▀▀[38;2;16;16;16;48;2;213;82;57m▀[49m▄[0m
[38;2;148;49;32;48;2;148;49;32m▀[38;2;255;123;98;48;2;213;82;57m▀[48;2;255;123;98m▀▀▀▀▀[38;2;213;82;57m▀[38;2;255;123;98m▀▀▀[38;2;213;82;57m▀[38;2;255;123;98m▀▀▀▀▀▀[38;2;213;82;57;48;2;213;82;57m▀[38;2;16;16;16;48;2;16;16;16m▀[0m
[38;2;148;49;32;48;2;148;49;32m▀[38;2;213;82;57m▀[38;2;148;49;32;48;2;213;82;57m▀[38;2;213;82;57;48;2;255;123;98m▀[38;2;255;123;98m▀▀▀▀▀▀▀▀▀[38;2;213;82;57m▀▀[38;2;148;49;32;48;2;213;82;57m▀[38;2;255;123;98;48;2;148;49;32m▀[38;2;213;82;57;48;2;213;82;57m▀▀▀[38;2;16;16;16;48;2;16;16;16m▀[0m
[38;2;148;49;32;49m▀[48;2;16;16;16m▀[38;2;255;123;98;48;2;213;82;57m▀[48;2;255;123;98m▀▀▀[48;2;213;82;57m▀[38;2;213;82;57m▀▀[38;2;255;123;98m▀[48;2;255;123;98m▀▀▀▀[48;2;213;82;57m▀[38;2;213;82;57m▀▀[38;2;148;49;32;48;2;16;16;16m▀[38;2;213;82;57;48;2;213;82;57m▀[48;2;148;49;32m▀[38;2;16;16;16;49m▀[0m
[0m [38;2;16;16;16;48;2;16;16;16m▀[38;2;213;82;57;48;2;148;49;32m▀[48;2;213;82;57m▀▀▀▀▀▀▀▀▀▀▀▀▀[48;2;148;49;32m▀[38;2;16;16;16;48;2;16;16;16m▀[38;2;213;82;57;48;2;148;49;32m▀[38;2;16;16;16m▀[49m▄[0m
[0m  [38;2;16;16;16m▀[38;2;148;49;32;48;2;16;16;16m▀[38;2;213;82;57m▀▀[48;2;197;197;197m▀[38;2;148;49;32m▀[38;2;213;82;57;48;2;213;82;57m▀▀▀[38;2;148;49;32;48;2;197;197;197m▀[38;2;213;82;57m▀[48;2;16;16;16m▀▀[38;2;148;49;32;48;2;148;49;32m▀[38;2;16;16;16;48;2;213;82;57m▀[38;2;148;49;32;48;2;148;49;32m▀▀▀[38;2;16;16;16;48;2;16;16;16m▀[0m
[0m   [38;2;148;49;32;48;2;148;49;32m▀[38;2;213;82;57;48;2;213;82;57m▀[38;2;197;197;197;48;2;197;197;197m▀[38;2;255;255;255;48;2;255;255;255m▀[38;2;16;16;16;48;2;16;16;16m▀[38;2;213;82;57;48;2;148;49;32m▀▀[48;2;213;82;57m▀[38;2;16;16;16;48;2;16;16;16m▀[38;2;255;255;255;48;2;255;255;255m▀▀[38;2;148;49;32;48;2;148;49;32m▀[38;2;213;82;57;48;2;213;82;57m▀▀[38;2;148;49;32;48;2;16;16;16m▀▀[38;2;16;16;16m▀[49m▀[0m
[0m   [38;2;148;49;32m▀[38;2;213;82;57;48;2;148;49;32m▀[48;2;213;82;57m▀[38;2;255;255;255;48;2;148;49;32m▀[38;2;148;49;32;48;2;255;255;180m▀[38;2;255;255;180m▀▀[38;2;148;49;32;48;2;246;213;57m▀[38;2;16;16;16;48;2;148;49;32m▀[38;2;255;255;255;48;2;213;82;57m▀[38;2;148;49;32m▀[38;2;213;82;57m▀▀[48;2;16;16;16m▀[38;2;16;16;16;49m▀[0m
[38;2;148;49;32;49m▄▄▄▄[38;2;16;16;16m▀[38;2;213;82;57;48;2;16;16;16m▀[38;2;246;213;57;48;2;246;213;57m▀[38;2;148;49;32;48;2;213;82;57m▀▀[38;2;246;213;57;48;2;213;172;0m▀▀[38;2;213;172;0m▀[38;2;148;49;32;48;2;16;16;16m▀[38;2;213;82;57;48;2;213;82;57m▀▀[48;2;16;16;16m▀[38;2;16;16;16m▀[38;2;148;49;32;49m▄[0m   [38;2;148;49;32m▄▄▄[38;2;115;115;123m▄[48;2;255;255;255m▀[48;2;197;197;197m▀[38;2;16;16;16;49m▄[0m
[38;2;16;16;16;49m▀[38;2;255;255;255;48;2;16;16;16m▀▀[38;2;148;49;32;48;2;213;82;57m▀▀[49m▄[38;2;16;16;16;48;2;148;49;32m▀[38;2;172;131;0;48;2;16;16;16m▀[38;2;246;213;57m▀▀[38;2;213;172;0m▀[38;2;16;16;16m▀[38;2;213;82;57m▀[38;2;148;49;32m▀[38;2;16;16;16m▀[48;2;148;49;32m▀[38;2;213;82;57;48;2;213;82;57m▀▀[38;2;148;49;32m▀▀[48;2;255;123;98m▀[38;2;255;123;98m▀▀[38;2;115;115;123;48;2;255;255;255m▀▀[38;2;148;49;32;48;2;148;49;32m▀[38;2;16;16;16;48;2;213;82;57m▀[38;2;115;115;123;48;2;197;197;197m▀[38;2;16;16;16;48;2;16;16;16m▀[0m
[38;2;16;16;16;49m▄[48;2;255;255;255m▀[38;2;213;82;57;48;2;197;197;197m▀[48;2;213;82;57m▀▀▀▀▀▀[38;2;148;49;32m▀[38;2;16;16;16;48;2;148;49;32m▀[48;2;213;82;57m▀▀[48;2;213;172;0m▀[38;2;148;49;32m▀[38;2;213;82;57;48;2;213;82;57m▀▀▀[38;2;16;16;16;48;2;148;49;32m▀[38;2;213;82;57m▀[48;2;213;82;57m▀▀[38;2;255;123;98m▀[38;2;197;197;197m▀[38;2;16;16;16m▀[38;2;213;82;57;48;2;16;16;16m▀▀[38;2;16;16;16;49m▀[0m
[0m [38;2;16;16;16m▀▀▀▀[38;2;213;82;57;48;2;148;49;32m▀[48;2;16;16;16m▀▀▀[38;2;148;49;32;48;2;148;49;32m▀[38;2;213;82;57;48;2;213;82;57m▀[48;2;213;172;0m▀[38;2;213;172;0;48;2;246;213;57m▀[38;2;246;213;57m▀[38;2;213;172;0;48;2;213;172;0m▀[38;2;213;82;57;48;2;213;82;57m▀▀▀▀[38;2;16;16;16m▀[48;2;16;16;16m▀[49m▀▀▀▀[0m [38;2;148;49;32m▄▄[0m
[0m        [38;2;148;49;32m▄[48;2;148;49;32m▀[38;2;255;123;98;48;2;213;172;0m▀[38;2;246;213;57;48;2;246;213;57m▀▀▀▀[38;2;213;172;0m▀[38;2;213;82;57;48;2;213;172;0m▀[48;2;213;82;57m▀[48;2;255;123;98m▀▀[48;2;213;82;57m▀[38;2;16;16;16;48;2;148;49;32m▀[49m▄[38;2;148;49;32m▄[48;2;255;123;98m▀▀[38;2;255;123;98;48;2;213;82;57m▀[38;2;148;49;32;48;2;148;49;32m▀[0m
[0m       [38;2;148;49;32;48;2;16;16;16m▀[38;2;255;123;98;48;2;255;123;98m▀[38;2;148;49;32m▀[38;2;213;172;0;48;2;148;49;32m▀[38;2;246;213;57;48;2;213;172;0m▀[48;2;246;213;57m▀▀▀[48;2;213;172;0m▀[38;2;213;172;0m▀[38;2;255;123;98;48;2;255;123;98m▀▀▀▀[38;2;213;82;57;48;2;213;82;57m▀[38;2;16;16;16;48;2;16;16;16m▀[38;2;213;82;57;48;2;213;82;57m▀▀▀[38;2;148;49;32;48;2;148;49;32m▀[0m
[0m       [38;2;16;16;16;48;2;16;16;16m▀[38;2;255;123;98;48;2;148;49;32m▀[48;2;213;82;57m▀[38;2;16;16;16m▀[38;2;213;172;0;48;2;16;16;16m▀▀[48;2;213;172;0m▀▀▀[48;2;148;49;32m▀[38;2;213;82;57;48;2;213;82;57m▀[38;2;255;123;98m▀▀[38;2;213;82;57m▀[48;2;16;16;16m▀[38;2;16;16;16;48;2;213;82;57m▀[38;2;213;82;57;48;2;16;16;16m▀▀[38;2;16;16;16;49m▀[0m
[0m        [38;2;16;16;16m▀[38;2;148;49;32m▀[38;2;213;82;57;48;2;148;49;32m▀[48;2;213;82;57m▀[48;2;16;16;16m▀[38;2;16;16;16;49m▀▀▀[0m [38;2;148;49;32m▀[38;2;213;82;57;48;2;148;49;32m▀▀[38;2;148;49;32;48;2;213;82;57m▀[38;2;16;16;16;48;2;16;16;16m▀[49m▀[0m
[0m      [38;2;115;115;123m▄▄[38;2;148;49;32;48;2;255;123;98m▀▀[38;2;213;82;57;48;2;213;82;57m▀▀▀[38;2;16;16;16;48;2;16;16;16m▀[0m   [38;2;148;49;32m▄[48;2;213;82;57m▀[38;2;213;82;57;48;2;255;123;98m▀▀[48;2;213;82;57m▀[38;2;16;16;16;48;2;16;16;16m▀[0m
[0m     [38;2;16;16;16;48;2;16;16;16m▀[38;2;255;255;255m▀[38;2;197;197;197m▀[38;2;148;49;32m▀[38;2;115;115;123;48;2;255;255;255m▀[38;2;255;255;255;48;2;197;197;197m▀[38;2;213;82;57;48;2;16;16;16m▀▀[38;2;16;16;16;49m▀[0m   [38;2;115;115;123;48;2;115;115;123m▀[38;2;197;197;197;48;2;255;255;255m▀[38;2;213;82;57;48;2;16;16;16m▀▀[38;2;148;49;32;48;2;197;197;197m▀[38;2;197;197;197;48;2;255;255;255m▀[38;2;16;16;16;48;2;16;16;16m▀[0m
[0m        [38;2;16;16;16m▀▀▀▀[0m     [38;2;16;16;16m▀▀[0m  [38;2;16;16;16m▀▀▀[0m
