[0m              [38;2;90;90;98m▄[48;2;255;255;255m▀[38;2;0;0;0m▀[49m▄[0m     [38;2;90;90;98m▄[48;2;255;255;255m▀▀[38;2;0;0;0;49m▄[0m
[0m              [38;2;90;90;98;48;2;0;0;0m▀[38;2;255;255;255;48;2;172;172;180m▀[48;2;0;0;0m▀[38;2;172;172;180m▀[38;2;0;0;0;48;2;90;90;98m▀▀▀▀[48;2;0;0;0m▀[38;2;255;255;255;48;2;255;255;255m▀▀[48;2;172;172;180m▀[38;2;0;0;0;48;2;0;0;0m▀[49m▄[0m
[0m         [38;2;0;0;0m▄▄[48;2;49;49;49m▀▀▀[38;2;49;49;49;48;2;90;90;98m▀[38;2;0;0;0;48;2;156;98;106m▀[38;2;90;90;98;48;2;246;180;164m▀▀▀[48;2;156;98;106m▀[48;2;90;90;98m▀▀▀[38;2;49;49;49m▀[38;2;172;172;180;48;2;49;49;49m▀▀[38;2;49;49;49m▀▀[48;2;90;90;98m▀▀▀▀[49m▄▄[0m
[0m       [38;2;0;0;0m▄[48;2;90;90;98m▀[38;2;90;90;98m▀[48;2;49;49;49m▀[38;2;49;49;49;48;2;213;172;115m▀▀[38;2;0;0;0;48;2;0;0;0m▀[38;2;90;90;98;48;2;156;98;106m▀[48;2;90;90;98m▀[38;2;246;180;164;48;2;156;98;106m▀▀[38;2;156;98;106;48;2;90;90;98m▀[38;2;90;90;98;48;2;49;49;49m▀[48;2;246;180;164m▀[38;2;49;49;49m▀[38;2;246;180;164m▀▀[48;2;213;139;131m▀[38;2;49;49;49;48;2;156;98;106m▀[48;2;49;49;49m▀▀▀[38;2;90;90;98m▀▀[48;2;90;90;98m▀▀▀[38;2;49;49;49m▀[38;2;0;0;0;49m▄[0m
[0m       [38;2;0;0;0m▀[38;2;49;49;49m▀[38;2;213;172;115;48;2;49;49;49m▀▀▀[38;2;49;49;49m▀[38;2;156;98;106;48;2;255;255;255m▀[38;2;246;180;164;48;2;246;180;164m▀[38;2;49;49;49m▀[38;2;90;90;98;48;2;49;49;49m▀▀[38;2;49;49;49;48;2;246;180;164m▀[38;2;246;180;164m▀[48;2;106;65;65m▀[38;2;106;65;65;48;2;32;123;205m▀[48;2;255;255;255m▀[38;2;156;98;106m▀[38;2;213;139;131;48;2;156;98;106m▀[48;2;213;139;131m▀[38;2;0;0;0;48;2;156;98;106m▀[38;2;49;49;49;48;2;49;49;49m▀[38;2;0;0;0m▀[38;2;49;49;49;48;2;0;0;0m▀▀[48;2;49;49;49m▀▀[38;2;90;90;98m▀▀[38;2;49;49;49m▀[38;2;0;0;0;48;2;0;0;0m▀[0m
[0m            [38;2;49;49;49;48;2;49;49;49m▀[38;2;32;123;205;48;2;0;0;0m▀[38;2;238;213;189;48;2;238;213;189m▀▀▀[38;2;246;180;164m▀[48;2;246;180;164m▀▀[38;2;255;255;255;48;2;0;0;0m▀[38;2;32;123;205m▀[48;2;32;123;205m▀[38;2;255;255;255;48;2;255;255;255m▀[38;2;156;98;106;48;2;156;98;106m▀[38;2;213;139;131;48;2;213;139;131m▀▀[38;2;49;49;49;48;2;0;0;0m▀[48;2;49;49;49m▀▀▀[38;2;0;0;0;48;2;0;0;0m▀[49m▀▀▀▀[0m
[0m          [38;2;106;65;65m▄[48;2;246;180;164m▀[38;2;238;213;189;48;2;90;90;98m▀[38;2;0;0;0;48;2;255;255;255m▀[38;2;238;213;189;48;2;90;90;98m▀[48;2;0;0;0m▀[48;2;213;139;131m▀[48;2;246;180;164m▀[38;2;246;180;164m▀▀[38;2;0;0;0m▀▀[38;2;32;123;205m▀[38;2;255;255;255m▀[38;2;213;139;131;48;2;213;139;131m▀▀▀[38;2;156;98;106m▀[38;2;49;49;49;48;2;49;49;49m▀▀▀[38;2;0;0;0;48;2;0;0;0m▀[0m
[0m          [38;2;0;0;0;48;2;0;0;0m▀[38;2;213;139;131;48;2;213;139;131m▀▀[38;2;0;0;0m▀▀[38;2;213;139;131m▀▀▀▀▀[38;2;246;180;164m▀▀▀[38;2;213;139;131m▀▀▀▀▀[38;2;0;0;0;48;2;0;0;0m▀[38;2;49;49;49;48;2;49;49;49m▀▀▀[38;2;0;0;0;48;2;0;0;0m▀[0m
[0m           [38;2;106;65;65;48;2;0;0;0m▀[38;2;213;139;131;48;2;106;65;65m▀[38;2;106;65;65;48;2;213;139;131m▀▀[38;2;213;139;131;48;2;156;98;106m▀[48;2;106;65;65m▀▀▀[38;2;156;98;106;48;2;213;139;131m▀[38;2;213;139;131m▀▀▀▀▀▀▀[38;2;156;98;106;48;2;0;0;0m▀[38;2;49;49;49;48;2;49;49;49m▀▀▀▀[38;2;0;0;0m▀[49m▄[0m
[0m            [38;2;0;0;0m▀▀[38;2;213;139;131;48;2;0;0;0m▀▀[48;2;156;98;106m▀[48;2;213;139;131m▀▀▀▀▀▀[48;2;156;98;106m▀[48;2;0;0;0m▀[48;2;49;49;49m▀[38;2;0;0;0m▀[38;2;49;49;49m▀▀▀▀[48;2;0;0;0m▀▀[38;2;0;0;0m▀[0m
[0m          [38;2;106;65;65m▄[38;2;156;98;106m▄[38;2;106;65;65;48;2;246;180;164m▀[48;2;156;98;106m▀[38;2;0;0;0;48;2;0;0;0m▀[38;2;49;49;49;48;2;90;90;98m▀▀[38;2;0;0;0;48;2;49;49;49m▀▀▀▀[38;2;49;49;49m▀▀▀▀▀[48;2;0;0;0m▀[48;2;213;139;131m▀[38;2;0;0;0m▀▀[38;2;213;139;131m▀▀▀[38;2;106;65;65;48;2;246;180;164m▀[38;2;0;0;0m▀[49m▄[0m
[0m        [38;2;106;65;65m▄[48;2;246;180;164m▀[38;2;246;180;164m▀▀[48;2;106;65;65m▀[38;2;106;65;65;48;2;246;180;164m▀[38;2;246;180;164m▀[38;2;49;49;49m▀[38;2;90;90;98;48;2;49;49;49m▀▀[48;2;90;90;98m▀[38;2;49;49;49m▀[48;2;49;49;49m▀▀▀[48;2;0;0;0m▀[38;2;0;0;0;48;2;213;139;131m▀▀[38;2;213;139;131m▀▀▀▀▀▀[38;2;246;180;164;48;2;246;180;164m▀▀▀▀[38;2;106;65;65m▀[49m▄[0m
[0m      [38;2;0;0;0m▄[48;2;213;139;131m▀[38;2;246;180;164;48;2;246;180;164m▀▀[48;2;213;139;131m▀[38;2;213;139;131;48;2;0;0;0m▀[38;2;106;65;65;48;2;246;180;164m▀[38;2;246;180;164m▀▀▀▀▀[38;2;49;49;49m▀▀[38;2;0;0;0m▀[48;2;213;139;131m▀[38;2;213;139;131m▀▀▀▀▀▀▀▀▀▀[38;2;246;180;164m▀[48;2;246;180;164m▀▀▀▀[38;2;213;139;131m▀[38;2;106;65;65;48;2;106;65;65m▀[0m
[0m    [38;2;0;0;0m▄[48;2;0;0;0m▀[38;2;156;98;106;48;2;213;139;131m▀[38;2;213;139;131m▀▀▀[48;2;0;0;0m▀[38;2;0;0;0;48;2;246;180;164m▀[38;2;246;180;164m▀▀[48;2;255;238;180m▀▀[38;2;255;238;180m▀▀▀▀▀▀[38;2;213;172;115m▀[38;2;213;139;131m▀[48;2;213;172;115m▀[48;2;213;139;131m▀▀▀▀▀[38;2;106;65;65;48;2;106;65;65m▀[38;2;213;139;131;48;2;213;139;131m▀▀[38;2;246;180;164m▀[48;2;246;180;164m▀▀▀▀▀[38;2;106;65;65;48;2;213;139;131m▀[0m       [38;2;0;0;0m▄[48;2;49;49;49m▀[48;2;90;90;98m▀[48;2;172;172;180m▀▀[49m▄[0m
[0m   [38;2;0;0;0;48;2;0;0;0m▀[38;2;90;90;98m▀[38;2;49;49;49;48;2;90;90;98m▀[38;2;213;139;131;48;2;49;49;49m▀[48;2;213;139;131m▀▀[48;2;156;98;106m▀[38;2;0;0;0m▀[38;2;246;180;164m▀[48;2;255;238;180m▀[38;2;255;238;180m▀▀▀▀▀▀▀▀▀▀▀▀[38;2;213;172;115m▀[38;2;213;139;131;48;2;213;139;131m▀▀▀▀▀[38;2;106;65;65m▀[38;2;213;139;131;48;2;106;65;65m▀[48;2;213;139;131m▀▀[38;2;246;180;164m▀▀[48;2;246;180;164m▀▀▀[38;2;106;65;65m▀[38;2;0;0;0;49m▄[0m    [38;2;0;0;0;48;2;0;0;0m▀[38;2;49;49;49;48;2;49;49;49m▀[38;2;90;90;98;48;2;90;90;98m▀▀[38;2;172;172;180m▀▀[38;2;90;90;98m▀[38;2;0;0;0;48;2;0;0;0m▀[0m
[0m    [38;2;0;0;0;48;2;0;0;0m▀[38;2;49;49;49m▀▀[38;2;213;139;131;48;2;106;65;65m▀[38;2;106;65;65;48;2;156;98;106m▀[38;2;238;213;189;48;2;246;180;164m▀[38;2;246;180;164m▀▀[48;2;213;139;131m▀[38;2;255;238;180;48;2;255;238;180m▀▀▀▀▀[48;2;106;65;65m▀[38;2;106;65;65;48;2;238;213;189m▀[48;2;246;180;164m▀[38;2;213;139;131m▀[38;2;255;238;180;48;2;255;238;180m▀▀▀▀[38;2;213;172;115m▀[38;2;213;139;131;48;2;213;139;131m▀▀▀▀▀▀[38;2;0;0;0m▀[38;2;213;139;131;48;2;0;0;0m▀▀[48;2;213;139;131m▀▀[48;2;49;49;49m▀[38;2;49;49;49;48;2;90;90;98m▀[38;2;90;90;98;48;2;49;49;49m▀[38;2;49;49;49;48;2;0;0;0m▀[38;2;0;0;0m▀[0m   [38;2;0;0;0;48;2;0;0;0m▀[38;2;49;49;49;48;2;49;49;49m▀▀[38;2;90;90;98m▀▀▀[38;2;49;49;49m▀[38;2;0;0;0;48;2;0;0;0m▀[0m
[0m     [38;2;106;65;65m▄[48;2;246;180;164m▀[38;2;246;180;164m▀▀[38;2;106;65;65;48;2;156;98;106m▀[48;2;255;238;180m▀▀[38;2;255;238;180m▀▀▀▀▀▀[38;2;106;65;65m▀[38;2;246;180;164;48;2;106;65;65m▀▀[38;2;213;139;131m▀[38;2;106;65;65;48;2;255;238;180m▀[38;2;255;238;180m▀▀[48;2;106;65;65m▀[48;2;156;98;106m▀[38;2;106;65;65;48;2;246;180;164m▀▀[38;2;246;180;164m▀▀[38;2;213;139;131m▀▀[48;2;213;139;131m▀▀[38;2;0;0;0m▀[48;2;0;0;0m▀[49m▀[38;2;49;49;49;48;2;0;0;0m▀▀[38;2;0;0;0m▀[0m     [38;2;115;98;57m▄[38;2;0;0;0;48;2;213;172;115m▀[38;2;49;49;49;48;2;115;98;57m▀[48;2;0;0;0m▀▀▀[38;2;0;0;0;49m▀[0m
[0m  [38;2;0;0;0m▄▄▄[38;2;106;65;65;48;2;213;139;131m▀[38;2;246;180;164;48;2;246;180;164m▀▀[48;2;213;139;131m▀[38;2;156;98;106;48;2;156;98;106m▀[38;2;255;238;180;48;2;255;213;131m▀[48;2;255;238;180m▀▀▀▀▀▀▀▀▀▀▀▀[48;2;106;65;65m▀[38;2;106;65;65;48;2;246;180;164m▀[38;2;246;180;164m▀▀▀▀▀▀▀▀▀[38;2;213;139;131;48;2;213;139;131m▀▀[38;2;0;0;0;48;2;106;65;65m▀[0m        [38;2;115;98;57m▄[48;2;255;213;131m▀[38;2;213;172;115;48;2;213;172;115m▀[38;2;0;0;0;48;2;0;0;0m▀[0m
[38;2;0;0;0;49m▄▄[48;2;0;0;0m▀▀[38;2;90;90;98m▀[38;2;0;0;0;48;2;90;90;98m▀[38;2;213;139;131;48;2;0;0;0m▀[48;2;213;139;131m▀▀▀[38;2;156;98;106;48;2;156;98;106m▀[38;2;255;213;131;48;2;106;65;65m▀[38;2;156;98;106;48;2;246;180;164m▀[38;2;213;139;131m▀[38;2;255;238;180;48;2;255;238;180m▀▀▀▀▀▀[48;2;213;139;131m▀[48;2;213;172;115m▀[48;2;0;0;0m▀[38;2;156;98;106;48;2;213;139;131m▀[38;2;246;180;164;48;2;246;180;164m▀▀▀▀[48;2;49;49;49m▀[38;2;49;49;49;48;2;90;90;98m▀[38;2;0;0;0;48;2;0;0;0m▀[38;2;246;180;164;48;2;246;180;164m▀[48;2;49;49;49m▀[48;2;0;0;0m▀[38;2;213;139;131;48;2;213;139;131m▀▀▀[38;2;0;0;0;48;2;0;0;0m▀[0m       [38;2;115;98;57;48;2;115;98;57m▀[38;2;255;213;131;48;2;255;213;131m▀[38;2;115;98;57;48;2;0;0;0m▀[0m
[38;2;0;0;0;49m▀[48;2;0;0;0m▀▀▀▀[38;2;49;49;49m▀[38;2;90;90;98;48;2;90;90;98m▀[38;2;213;139;131;48;2;0;0;0m▀[48;2;213;139;131m▀▀[38;2;106;65;65;48;2;106;65;65m▀[38;2;238;213;189;48;2;213;139;131m▀[38;2;246;180;164m▀[48;2;106;65;65m▀[38;2;213;139;131;48;2;213;172;115m▀[38;2;255;213;131m▀▀▀[48;2;106;65;65m▀[38;2;156;98;106;48;2;238;213;189m▀[38;2;246;180;164;48;2;246;180;164m▀▀[38;2;0;0;0;48;2;0;0;0m▀[38;2;213;139;131;48;2;213;139;131m▀▀[38;2;246;180;164m▀▀[48;2;49;49;49m▀[38;2;90;90;98;48;2;90;90;98m▀[48;2;49;49;49m▀[38;2;0;0;0;48;2;0;0;0m▀[38;2;49;49;49m▀[38;2;90;90;98m▀[38;2;0;0;0m▀[38;2;213;139;131;48;2;213;139;131m▀▀▀[38;2;0;0;0;48;2;0;0;0m▀[38;2;115;98;57;49m▄[0m     [38;2;0;0;0m▄[38;2;115;98;57;48;2;255;213;131m▀[38;2;255;213;131;48;2;213;172;115m▀[38;2;0;0;0;48;2;0;0;0m▀[0m
[0m [38;2;0;0;0m▀[48;2;0;0;0m▀▀▀▀[38;2;49;49;49m▀[38;2;0;0;0m▀[38;2;213;139;131;48;2;213;139;131m▀▀▀[38;2;106;65;65m▀▀[38;2;213;172;115;48;2;156;98;106m▀[48;2;213;172;115m▀▀▀▀[38;2;106;65;65m▀[38;2;213;139;131;48;2;106;65;65m▀▀[38;2;106;65;65;48;2;213;172;115m▀[38;2;0;0;0;48;2;0;0;0m▀[38;2;213;139;131;48;2;213;139;131m▀▀▀▀[38;2;49;49;49;48;2;49;49;49m▀[38;2;90;90;98;48;2;90;90;98m▀[38;2;0;0;0;48;2;0;0;0m▀▀▀▀[48;2;213;139;131m▀[38;2;213;139;131m▀▀▀[38;2;0;0;0;48;2;0;0;0m▀[38;2;213;172;115;48;2;213;172;115m▀[38;2;115;98;57m▀[38;2;0;0;0m▀[49m▄▄[48;2;255;213;131m▀[38;2;115;98;57m▀[38;2;255;213;131;48;2;115;98;57m▀[38;2;0;0;0;48;2;0;0;0m▀[0m
[0m    [38;2;0;0;0m▀▀▀[38;2;156;98;106;48;2;0;0;0m▀[38;2;213;139;131;48;2;106;65;65m▀[48;2;213;139;131m▀▀▀▀▀[38;2;0;0;0m▀[48;2;106;65;65m▀[38;2;213;172;115;48;2;0;0;0m▀▀▀[48;2;213;172;115m▀▀▀▀[38;2;156;98;106;48;2;0;0;0m▀[38;2;213;139;131;48;2;213;139;131m▀▀▀[38;2;0;0;0;48;2;0;0;0m▀[38;2;49;49;49m▀[38;2;0;0;0m▀▀▀[48;2;213;139;131m▀[38;2;213;139;131m▀▀▀[38;2;106;65;65;48;2;0;0;0m▀[0m [38;2;0;0;0m▀▀[38;2;213;172;115;48;2;0;0;0m▀▀▀▀[38;2;0;0;0;49m▀▀[0m
[0m         [38;2;0;0;0m▀▀▀▀▀▀[0m    [38;2;0;0;0m▀▀▀▀▀▀[38;2;213;139;131;48;2;0;0;0m▀▀[48;2;213;139;131m▀[38;2;0;0;0m▀▀▀[38;2;213;139;131m▀▀[48;2;106;65;65m▀[48;2;0;0;0m▀[38;2;0;0;0;49m▀[0m
[0m                           [38;2;0;0;0m▀▀▀▀▀▀[0m
