[0m                                        [38;2;131;106;164m▄▄[48;2;189;139;197m▀▀▀▀[38;2;82;41;106;49m▄▄[0m
[0m              [38;2;106;106;106m▄[48;2;255;255;255m▀▀▀[38;2;164;164;164;49m▄[38;2;106;106;106;48;2;255;255;255m▀▀▀[49m▄[0m               [38;2;131;106;164m▄[48;2;189;139;197m▀[38;2;189;139;197m▀▀▀▀▀▀▀▀[38;2;16;16;16m▀[49m▄[0m
[0m             [38;2;106;106;106;48;2;106;106;106m▀[38;2;255;255;255;48;2;255;255;255m▀▀▀[38;2;164;164;164;48;2;164;164;164m▀[38;2;255;255;255;48;2;255;255;255m▀▀▀[48;2;106;106;106m▀[48;2;255;255;255m▀[38;2;16;16;16;48;2;16;16;16m▀[0m             [38;2;131;106;164m▄[48;2;189;139;197m▀[38;2;189;139;197m▀▀▀▀▀▀▀▀▀▀[38;2;16;16;16;48;2;131;106;164m▀[49m▄[0m
[0m    [38;2;16;16;16m▄[38;2;106;106;106;48;2;164;164;164m▀▀[49m▄[38;2;16;16;16m▄▄▄[38;2;106;106;106;48;2;255;255;255m▀▀[38;2;16;16;16;48;2;106;106;106m▀▀[38;2;164;164;164;48;2;16;16;16m▀[38;2;255;255;255m▀[38;2;106;106;106m▀[38;2;255;255;255m▀[48;2;106;106;106m▀[38;2;106;106;106;48;2;164;164;164m▀[38;2;16;16;16m▀▀▀[48;2;16;16;16m▀[0m            [38;2;131;106;164;48;2;131;106;164m▀[38;2;189;139;197;48;2;189;139;197m▀▀▀▀▀▀▀▀▀[48;2;82;41;106m▀[38;2;131;106;164m▀▀[38;2;16;16;16;48;2;16;16;16m▀[0m
[0m    [38;2;16;16;16;48;2;16;16;16m▀[38;2;164;164;164;48;2;106;106;106m▀[48;2;164;164;164m▀▀[38;2;106;106;106;48;2;16;16;16m▀[48;2;106;106;106m▀[38;2;16;16;16;48;2;164;164;164m▀▀[48;2;106;106;106m▀▀▀[38;2;106;106;106m▀▀▀▀[38;2;164;164;164;48;2;164;164;164m▀▀▀▀▀[38;2;16;16;16;48;2;16;16;16m▀[0m         [38;2;131;106;164m▄[48;2;189;139;197m▀▀▀[38;2;189;139;197;48;2;131;106;164m▀[48;2;189;139;197m▀▀▀▀▀▀[48;2;131;106;164m▀[38;2;82;41;106;48;2;189;139;197m▀[38;2;189;139;197m▀▀▀▀[38;2;16;16;16m▀[49m▄[0m
[0m    [38;2;16;16;16;48;2;16;16;16m▀[38;2;106;106;106;48;2;106;106;106m▀▀[38;2;16;16;16;48;2;164;164;164m▀[38;2;164;164;164;48;2;106;106;106m▀▀[48;2;164;164;164m▀[48;2;106;106;106m▀[38;2;106;106;106m▀▀▀▀▀▀▀▀[38;2;164;164;164m▀▀[48;2;164;164;164m▀[38;2;106;106;106;48;2;16;16;16m▀[48;2;255;255;255m▀[49m▄[0m       [38;2;131;106;164;48;2;131;106;164m▀[38;2;189;139;197;48;2;189;139;197m▀▀▀▀[38;2;82;41;106m▀[38;2;131;106;164;48;2;82;41;106m▀[38;2;189;139;197;48;2;131;106;164m▀▀▀▀[38;2;131;106;164m▀[38;2;82;41;106;48;2;82;41;106m▀[38;2;189;139;197;48;2;131;106;164m▀[48;2;189;139;197m▀▀▀▀[48;2;131;106;164m▀[38;2;16;16;16m▀[49m▄[0m
[0m     [38;2;16;16;16;48;2;16;16;16m▀[38;2;106;106;106;48;2;164;164;164m▀[38;2;164;164;164;48;2;106;106;106m▀[38;2;255;255;255;48;2;164;164;164m▀[38;2;164;164;164m▀[38;2;16;16;16;48;2;16;16;16m▀[38;2;106;106;106;48;2;106;106;106m▀▀▀▀▀▀▀▀▀▀[48;2;16;16;16m▀[38;2;16;16;16;48;2;255;255;255m▀[38;2;255;255;255m▀▀▀[38;2;106;106;106;48;2;164;164;164m▀[0m      [38;2;82;41;106m▀[38;2;189;139;197;48;2;82;41;106m▀[48;2;131;106;164m▀[38;2;131;106;164;48;2;189;139;197m▀▀▀[48;2;131;106;164m▀[38;2;82;41;106m▀▀[38;2;131;106;164;48;2;82;41;106m▀▀[48;2;131;106;164m▀[38;2;82;41;106m▀[38;2;131;106;164;48;2;82;41;106m▀[48;2;131;106;164m▀▀▀[48;2;82;41;106m▀[48;2;131;106;164m▀▀[38;2;16;16;16;48;2;16;16;16m▀[0m
[38;2;106;106;106;49m▄▄▄[38;2;16;16;16m▄[48;2;213;213;213m▀[48;2;106;106;106m▀[38;2;164;164;164;48;2;16;16;16m▀[38;2;106;106;106;48;2;164;164;164m▀[38;2;164;164;164;48;2;16;16;16m▀[38;2;106;106;106m▀[38;2;16;16;16;48;2;106;106;106m▀[38;2;106;106;106m▀▀▀[48;2;16;16;16m▀▀[48;2;106;106;106m▀[38;2;16;16;16;48;2;255;255;255m▀[48;2;139;98;16m▀[48;2;16;16;16m▀[48;2;255;255;255m▀[38;2;255;255;255m▀▀▀▀▀▀[38;2;106;106;106;48;2;106;106;106m▀[38;2;131;106;164;49m▄▄▄▄[48;2;189;139;197m▀▀▀[38;2;189;139;197m▀▀▀▀▀▀[38;2;131;106;164m▀▀[48;2;131;106;164m▀▀▀▀[38;2;82;41;106;48;2;82;41;106m▀[48;2;131;106;164m▀▀[38;2;131;106;164m▀▀[38;2;16;16;16;48;2;16;16;16m▀[0m           [38;2;106;106;106;48;2;106;106;106m▀[48;2;156;213;255m▀[49m▄[0m
[38;2;16;16;16;49m▀[38;2;156;213;255;48;2;16;16;16m▀[48;2;156;213;255m▀[38;2;106;106;106m▀▀[38;2;213;213;213;48;2;106;106;106m▀[38;2;16;16;16;48;2;16;16;16m▀[38;2;164;164;164;48;2;164;164;164m▀[38;2;106;106;106;48;2;106;106;106m▀▀▀▀[48;2;16;16;16m▀[38;2;16;16;16;48;2;213;156;41m▀[38;2;197;0;0;48;2;16;16;16m▀[48;2;197;0;0m▀[38;2;255;255;255;48;2;16;16;16m▀[38;2;255;205;65m▀[38;2;213;156;41;48;2;106;106;106m▀[38;2;16;16;16;48;2;156;213;255m▀[38;2;106;106;106m▀▀▀[48;2;106;106;106m▀[38;2;255;255;255;48;2;255;255;255m▀▀▀[38;2;164;164;164;48;2;164;164;164m▀[38;2;16;16;16;48;2;16;16;16m▀[38;2;189;139;197;48;2;189;139;197m▀▀▀▀▀▀▀▀▀▀▀▀▀▀▀▀[38;2;82;41;106m▀▀[38;2;131;106;164m▀[48;2;82;41;106m▀▀▀[38;2;16;16;16m▀[0m            [38;2;106;106;106;48;2;106;106;106m▀[38;2;156;213;255;48;2;156;213;255m▀▀[38;2;106;106;106m▀[38;2;16;16;16;49m▄[0m
[0m  [38;2;16;16;16;48;2;106;106;106m▀[38;2;156;213;255;48;2;16;16;16m▀[48;2;156;213;255m▀▀[38;2;106;106;106m▀[38;2;164;164;164;48;2;164;164;164m▀[38;2;106;106;106;48;2;16;16;16m▀[48;2;106;106;106m▀[38;2;16;16;16;48;2;156;213;255m▀▀▀[38;2;106;106;106m▀▀[38;2;156;213;255m▀▀▀▀[48;2;106;106;106m▀[48;2;16;16;16m▀[38;2;16;16;16;48;2;255;255;255m▀[38;2;106;106;106m▀[38;2;255;255;255m▀▀▀[38;2;213;213;213;48;2;164;164;164m▀[38;2;164;164;164m▀[38;2;16;16;16;48;2;16;16;16m▀[38;2;131;106;164;48;2;131;106;164m▀[38;2;189;139;197m▀[48;2;189;139;197m▀▀[38;2;131;106;164m▀▀▀▀▀▀[38;2;189;139;197;48;2;131;106;164m▀▀▀▀[48;2;189;139;197m▀▀▀[48;2;82;41;106m▀[38;2;82;41;106;48;2;189;139;197m▀[38;2;189;139;197m▀▀▀▀[38;2;82;41;106m▀[38;2;16;16;16;49m▄[0m          [38;2;106;106;106;48;2;106;106;106m▀[38;2;156;213;255;48;2;156;213;255m▀[48;2;16;16;16m▀[48;2;156;213;255m▀[38;2;106;106;106m▀[38;2;16;16;16;49m▄[0m
[0m   [38;2;106;106;106;48;2;106;106;106m▀[38;2;16;16;16;48;2;156;213;255m▀[38;2;156;213;255m▀▀[48;2;16;16;16m▀▀[48;2;106;106;106m▀[48;2;156;213;255m▀▀▀▀▀▀[48;2;106;106;106m▀[48;2;16;16;16m▀[38;2;16;16;16;48;2;164;164;164m▀[38;2;106;106;106;48;2;255;255;255m▀[38;2;255;255;255m▀▀[48;2;213;213;213m▀[48;2;164;164;164m▀[38;2;213;213;213m▀[38;2;164;164;164m▀▀[48;2;106;106;106m▀[38;2;16;16;16;48;2;213;156;41m▀[38;2;82;41;106m▀▀[38;2;131;106;164;48;2;131;106;164m▀[38;2;189;139;197;48;2;82;41;106m▀▀[48;2;131;106;164m▀▀[48;2;189;139;197m▀▀▀▀▀▀▀[38;2;131;106;164m▀▀[38;2;189;139;197;48;2;131;106;164m▀[38;2;82;41;106;48;2;82;41;106m▀[38;2;189;139;197;48;2;189;139;197m▀▀▀▀▀▀[38;2;82;41;106m▀[38;2;16;16;16;49m▄[0m         [38;2;106;106;106;48;2;106;106;106m▀[38;2;156;213;255;48;2;156;213;255m▀[38;2;16;16;16;48;2;16;16;16m▀[38;2;106;106;106m▀[38;2;156;213;255;48;2;156;213;255m▀[38;2;106;106;106m▀[49m▄[0m
[0m  [38;2;16;16;16;48;2;16;16;16m▀[38;2;156;213;255m▀▀[38;2;106;106;106;48;2;213;213;213m▀▀[38;2;16;16;16;48;2;16;16;16m▀[38;2;164;164;164;48;2;164;164;164m▀▀[38;2;16;16;16m▀[38;2;106;106;106m▀▀[38;2;156;213;255;48;2;16;16;16m▀[48;2;106;106;106m▀[48;2;156;213;255m▀▀[38;2;16;16;16m▀[38;2;164;164;164;48;2;16;16;16m▀[48;2;164;164;164m▀▀▀▀▀▀▀[48;2;16;16;16m▀[38;2;16;16;16;48;2;213;156;41m▀[38;2;213;156;41m▀▀▀[48;2;255;205;65m▀[38;2;106;106;106;48;2;213;156;41m▀[48;2;106;106;106m▀[38;2;16;16;16m▀[48;2;255;205;65m▀[38;2;82;41;106m▀▀[38;2;131;106;164;48;2;16;16;16m▀[48;2;82;41;106m▀[38;2;189;139;197;48;2;131;106;164m▀▀▀[48;2;189;139;197m▀▀▀▀[38;2;82;41;106m▀[38;2;189;139;197;48;2;82;41;106m▀▀[48;2;131;106;164m▀[38;2;131;106;164;48;2;189;139;197m▀[38;2;189;139;197m▀[48;2;131;106;164m▀[38;2;16;16;16;49m▀[0m        [38;2;106;106;106;48;2;106;106;106m▀[38;2;156;213;255;48;2;156;213;255m▀[48;2;106;106;106m▀[38;2;16;16;16;49m▀[0m [38;2;106;106;106;48;2;16;16;16m▀[38;2;156;213;255;48;2;156;213;255m▀[38;2;16;16;16m▀[49m▄[0m
[0m    [38;2;106;106;106;48;2;106;106;106m▀[38;2;213;213;213;48;2;255;255;255m▀▀[38;2;16;16;16;48;2;16;16;16m▀[48;2;106;106;106m▀[38;2;213;213;213;48;2;16;16;16m▀[48;2;106;106;106m▀[48;2;213;213;213m▀▀[38;2;16;16;16;48;2;16;16;16m▀[38;2;213;213;213;48;2;255;255;255m▀[38;2;106;106;106;48;2;213;213;213m▀[38;2;16;16;16;48;2;16;16;16m▀[48;2;164;164;164m▀▀[38;2;164;164;164m▀▀[48;2;106;106;106m▀[48;2;16;16;16m▀▀[38;2;106;106;106;48;2;213;156;41m▀[38;2;16;16;16m▀[38;2;213;156;41m▀▀[48;2;255;205;65m▀[38;2;255;205;65m▀▀▀▀[38;2;106;106;106;48;2;213;156;41m▀[48;2;106;106;106m▀▀[38;2;255;205;65m▀▀▀[38;2;106;106;106m▀[38;2;16;16;16m▀[38;2;131;106;164;48;2;16;16;16m▀▀[48;2;131;106;164m▀▀[38;2;189;139;197m▀▀▀▀▀▀[38;2;131;106;164m▀[48;2;16;16;16m▀[38;2;16;16;16;48;2;213;213;213m▀[38;2;106;106;106;49m▄[0m        [38;2;106;106;106;48;2;106;106;106m▀[38;2;156;213;255;48;2;156;213;255m▀[38;2;16;16;16;48;2;16;16;16m▀[0m   [38;2;106;106;106;48;2;16;16;16m▀[38;2;156;213;255;48;2;156;213;255m▀[38;2;16;16;16;48;2;106;106;106m▀[0m    [38;2;106;106;106m▄[38;2;16;16;16m▄[0m
[0m    [38;2;106;106;106m▀[38;2;213;213;213;48;2;106;106;106m▀[38;2;255;255;255;48;2;255;255;255m▀[38;2;16;16;16;48;2;16;16;16m▀[49m▀[48;2;139;98;16m▀[48;2;213;156;41m▀▀▀[48;2;106;106;106m▀[38;2;255;255;255;48;2;213;213;213m▀[48;2;255;255;255m▀[38;2;16;16;16;48;2;16;16;16m▀[48;2;213;213;213m▀▀▀[48;2;139;98;16m▀[38;2;213;156;41;48;2;213;156;41m▀▀▀▀▀[48;2;255;205;65m▀[38;2;255;205;65m▀▀▀▀▀▀▀[38;2;106;106;106;48;2;213;156;41m▀[48;2;106;106;106m▀▀▀[38;2;139;98;16;48;2;255;205;65m▀[38;2;255;205;65m▀▀[38;2;106;106;106m▀[48;2;106;106;106m▀[38;2;16;16;16m▀▀[38;2;131;106;164;48;2;16;16;16m▀▀▀▀▀[38;2;82;41;106;48;2;213;156;41m▀[38;2;16;16;16m▀[38;2;213;213;213;48;2;16;16;16m▀[48;2;213;213;213m▀▀[38;2;106;106;106m▀[49m▄[0m      [38;2;106;106;106;48;2;106;106;106m▀[38;2;156;213;255;48;2;156;213;255m▀[38;2;16;16;16;48;2;16;16;16m▀[0m   [38;2;16;16;16m▀[38;2;156;213;255;48;2;106;106;106m▀[48;2;156;213;255m▀[38;2;16;16;16;48;2;16;16;16m▀[0m [38;2;106;106;106m▄[48;2;156;213;255m▀[38;2;156;213;255;48;2;106;106;106m▀[38;2;16;16;16;49m▀[0m
[0m     [38;2;106;106;106m▀[38;2;213;213;213;48;2;16;16;16m▀[38;2;16;16;16;49m▀[0m [38;2;139;98;16;48;2;139;98;16m▀[38;2;213;156;41;48;2;213;156;41m▀▀▀[38;2;213;213;213;48;2;213;213;213m▀[38;2;106;106;106;48;2;106;106;106m▀[38;2;255;255;255;48;2;213;213;213m▀[38;2;16;16;16;48;2;16;16;16m▀[38;2;213;213;213;48;2;213;213;213m▀▀▀▀[38;2;139;98;16;48;2;139;98;16m▀[38;2;213;156;41;48;2;213;156;41m▀▀▀[48;2;255;205;65m▀[38;2;255;205;65m▀▀▀[48;2;139;98;16m▀[48;2;255;205;65m▀▀▀▀▀[38;2;106;106;106;48;2;213;156;41m▀[48;2;106;106;106m▀▀[38;2;255;205;65;48;2;255;205;65m▀▀▀[48;2;213;156;41m▀[38;2;106;106;106;48;2;106;106;106m▀▀[48;2;213;156;41m▀[38;2;213;156;41;48;2;255;205;65m▀[38;2;255;205;65m▀▀▀▀▀[38;2;213;156;41m▀[38;2;139;98;16;48;2;213;156;41m▀[38;2;213;213;213;48;2;16;16;16m▀[48;2;213;213;213m▀▀[38;2;106;106;106;48;2;164;164;164m▀[49m▄[0m     [38;2;106;106;106;48;2;106;106;106m▀[38;2;156;213;255;48;2;156;213;255m▀[38;2;16;16;16;48;2;16;16;16m▀[0m [38;2;106;106;106m▄▄▄[38;2;16;16;16;48;2;16;16;16m▀[38;2;156;213;255;48;2;156;213;255m▀[38;2;16;16;16m▀[38;2;106;106;106m▀[38;2;156;213;255m▀[48;2;106;106;106m▀[38;2;16;16;16;49m▀[0m
[0m         [38;2;139;98;16m▀[38;2;213;156;41;48;2;139;98;16m▀[48;2;213;156;41m▀▀[38;2;213;213;213;48;2;213;213;213m▀▀[38;2;16;16;16m▀[38;2;213;213;213m▀▀▀▀▀▀[38;2;139;98;16;48;2;139;98;16m▀[38;2;213;156;41;48;2;213;156;41m▀▀[38;2;255;205;65;48;2;255;205;65m▀▀▀[38;2;213;156;41;48;2;106;106;106m▀[38;2;106;106;106m▀[38;2;255;205;65;48;2;255;205;65m▀▀[48;2;139;98;16m▀[48;2;255;205;65m▀▀▀[38;2;106;106;106m▀▀[38;2;255;205;65m▀▀▀[38;2;106;106;106;48;2;106;106;106m▀[48;2;213;156;41m▀[38;2;213;156;41;48;2;255;205;65m▀[38;2;255;205;65m▀▀▀[48;2;106;106;106m▀[48;2;255;205;65m▀▀▀▀[38;2;106;106;106;48;2;139;98;16m▀[38;2;16;16;16;48;2;106;106;106m▀[38;2;213;213;213;48;2;16;16;16m▀[38;2;164;164;164;48;2;164;164;164m▀[48;2;16;16;16m▀[38;2;106;106;106;48;2;156;213;255m▀[38;2;16;16;16;49m▄[0m   [38;2;106;106;106;48;2;106;106;106m▀[38;2;156;213;255;48;2;156;213;255m▀[48;2;106;106;106m▀[38;2;16;16;16;49m▀[0m  [38;2;16;16;16m▀[38;2;156;213;255;48;2;16;16;16m▀[48;2;156;213;255m▀▀▀▀▀[38;2;16;16;16m▀[49m▄[0m
[0m          [38;2;139;98;16;48;2;139;98;16m▀[38;2;213;156;41;48;2;213;156;41m▀▀[38;2;213;213;213;48;2;213;213;213m▀▀▀▀▀▀▀▀▀▀[38;2;139;98;16;48;2;139;98;16m▀[38;2;213;156;41;48;2;213;156;41m▀[38;2;255;205;65;48;2;255;205;65m▀▀[38;2;106;106;106;48;2;106;106;106m▀▀[38;2;213;156;41;48;2;213;156;41m▀[38;2;255;205;65;48;2;255;205;65m▀▀[38;2;106;106;106;48;2;106;106;106m▀[38;2;255;205;65;48;2;255;205;65m▀▀▀▀▀▀▀▀[38;2;213;156;41;48;2;213;156;41m▀[38;2;255;205;65;48;2;255;205;65m▀▀▀▀▀[38;2;106;106;106;48;2;106;106;106m▀[38;2;255;205;65;48;2;255;205;65m▀▀▀▀▀[38;2;106;106;106;48;2;106;106;106m▀[38;2;16;16;16;48;2;16;16;16m▀[38;2;164;164;164;48;2;164;164;164m▀[38;2;16;16;16;48;2;16;16;16m▀[38;2;156;213;255;48;2;156;213;255m▀▀[38;2;16;16;16;48;2;16;16;16m▀[0m  [38;2;106;106;106;48;2;106;106;106m▀[38;2;156;213;255;48;2;156;213;255m▀[38;2;16;16;16;48;2;16;16;16m▀[0m     [38;2;106;106;106;48;2;106;106;106m▀[38;2;156;213;255;48;2;156;213;255m▀▀▀[38;2;16;16;16;48;2;16;16;16m▀[49m▀▀[0m
[0m          [38;2;139;98;16;48;2;139;98;16m▀[38;2;213;156;41;48;2;213;156;41m▀▀[38;2;213;213;213m▀[48;2;213;213;213m▀[38;2;106;106;106m▀[38;2;213;213;213;48;2;106;106;106m▀[48;2;213;213;213m▀▀▀▀▀▀[38;2;139;98;16;48;2;139;98;16m▀[38;2;255;205;65;48;2;255;205;65m▀▀[48;2;106;106;106m▀[38;2;106;106;106m▀[48;2;213;156;41m▀[38;2;255;205;65;48;2;255;205;65m▀▀▀[38;2;106;106;106;48;2;213;156;41m▀[38;2;255;205;65;48;2;139;98;16m▀[38;2;164;164;164;48;2;213;213;213m▀▀▀▀[38;2;213;213;213;48;2;139;98;16m▀[38;2;255;205;65;48;2;255;205;65m▀▀▀▀[38;2;213;156;41;48;2;139;98;16m▀[38;2;255;205;65;48;2;255;205;65m▀▀▀[38;2;106;106;106;48;2;106;106;106m▀[38;2;139;98;16m▀[38;2;255;205;65;48;2;255;205;65m▀▀▀▀[38;2;139;98;16m▀[38;2;16;16;16;48;2;16;16;16m▀[38;2;106;106;106m▀[38;2;16;16;16;49m▀▀[38;2;156;213;255;48;2;16;16;16m▀[48;2;156;213;255m▀[38;2;106;106;106m▀[49m▄[48;2;106;106;106m▀[38;2;156;213;255;48;2;156;213;255m▀[38;2;16;16;16;48;2;16;16;16m▀[0m   [38;2;16;16;16m▄[48;2;16;16;16m▀[38;2;156;213;255m▀▀[48;2;156;213;255m▀▀[38;2;16;16;16;48;2;16;16;16m▀[0m
[0m           [38;2;139;98;16;48;2;16;16;16m▀[38;2;213;156;41;48;2;213;156;41m▀▀[38;2;213;213;213m▀[48;2;213;213;213m▀▀[38;2;106;106;106m▀[38;2;213;213;213;48;2;106;106;106m▀▀[48;2;213;213;213m▀▀▀[38;2;139;98;16;48;2;139;98;16m▀[38;2;255;205;65;48;2;255;205;65m▀▀[38;2;106;106;106;48;2;106;106;106m▀▀[38;2;255;205;65;48;2;213;156;41m▀[48;2;255;205;65m▀▀▀[38;2;213;156;41;48;2;106;106;106m▀[38;2;139;98;16;48;2;139;98;16m▀[38;2;213;213;213;48;2;16;16;16m▀[38;2;16;16;16;48;2;213;213;213m▀▀▀[38;2;139;98;16m▀[38;2;255;205;65;48;2;139;98;16m▀[48;2;255;205;65m▀▀[48;2;213;156;41m▀[38;2;139;98;16;48;2;16;16;16m▀[38;2;255;205;65;48;2;255;205;65m▀▀▀[38;2;106;106;106;48;2;139;98;16m▀[48;2;106;106;106m▀▀[38;2;255;205;65m▀[48;2;255;205;65m▀▀▀[38;2;16;16;16;48;2;16;16;16m▀[0m    [38;2;16;16;16m▀[38;2;156;213;255;48;2;16;16;16m▀[48;2;156;213;255m▀▀[48;2;106;106;106m▀[38;2;16;16;16;49m▀[0m       [38;2;106;106;106;48;2;16;16;16m▀[38;2;156;213;255;48;2;156;213;255m▀[38;2;16;16;16;48;2;16;16;16m▀[0m
[0m            [38;2;16;16;16m▀[38;2;213;156;41;48;2;139;98;16m▀[48;2;213;156;41m▀▀[38;2;213;213;213m▀[48;2;213;213;213m▀▀▀[38;2;106;106;106m▀▀[38;2;213;213;213;48;2;106;106;106m▀[38;2;139;98;16;48;2;139;98;16m▀[38;2;255;205;65;48;2;255;205;65m▀▀[38;2;106;106;106;48;2;213;156;41m▀[48;2;106;106;106m▀[38;2;139;98;16m▀[38;2;255;205;65;48;2;213;156;41m▀[48;2;255;205;65m▀[38;2;213;156;41;48;2;106;106;106m▀[38;2;106;106;106;48;2;139;98;16m▀[38;2;16;16;16;48;2;16;16;16m▀[38;2;213;156;41;48;2;213;156;41m▀[38;2;213;213;213;48;2;213;213;213m▀▀▀▀[38;2;16;16;16m▀[38;2;213;156;41;48;2;16;16;16m▀[38;2;16;16;16;48;2;213;213;213m▀[38;2;213;156;41;48;2;16;16;16m▀[38;2;16;16;16;49m▀[38;2;255;205;65;48;2;139;98;16m▀[48;2;255;205;65m▀▀▀[38;2;139;98;16m▀[38;2;106;106;106m▀[48;2;106;106;106m▀▀[38;2;255;205;65m▀▀[38;2;106;106;106;48;2;213;156;41m▀[38;2;16;16;16;49m▄[0m     [38;2;16;16;16m▀▀▀[0m         [38;2;16;16;16m▀[0m
[0m             [38;2;16;16;16m▀[38;2;213;156;41;48;2;16;16;16m▀[48;2;213;156;41m▀▀▀[38;2;213;213;213m▀[48;2;213;213;213m▀▀▀[38;2;16;16;16;48;2;16;16;16m▀[38;2;255;205;65;48;2;255;205;65m▀▀▀▀[38;2;106;106;106m▀[48;2;106;106;106m▀▀[48;2;139;98;16m▀[38;2;139;98;16;48;2;255;205;65m▀[38;2;16;16;16;48;2;16;16;16m▀[38;2;213;156;41;48;2;139;98;16m▀[48;2;213;156;41m▀▀[38;2;213;213;213;48;2;213;213;213m▀▀▀▀▀▀[38;2;16;16;16;48;2;213;156;41m▀[49m▄[38;2;139;98;16m▀[38;2;255;205;65;48;2;139;98;16m▀[48;2;255;205;65m▀▀▀▀▀[48;2;106;106;106m▀[38;2;213;156;41;48;2;139;98;16m▀[48;2;213;156;41m▀▀[38;2;16;16;16;48;2;106;106;106m▀[0m
[0m               [38;2;16;16;16m▀[38;2;213;156;41;48;2;16;16;16m▀[48;2;213;156;41m▀▀▀[38;2;213;213;213m▀▀[38;2;16;16;16;48;2;16;16;16m▀[38;2;255;205;65;48;2;255;205;65m▀▀▀[48;2;139;98;16m▀[48;2;255;205;65m▀▀[38;2;106;106;106m▀[38;2;255;205;65m▀[38;2;139;98;16;48;2;16;16;16m▀[0m [38;2;139;98;16;48;2;139;98;16m▀[38;2;213;156;41;48;2;213;156;41m▀▀▀▀[38;2;213;213;213m▀[48;2;213;213;213m▀▀▀[38;2;213;156;41;48;2;213;156;41m▀[38;2;16;16;16;48;2;16;16;16m▀[0m  [38;2;139;98;16m▀[38;2;255;205;65;48;2;139;98;16m▀[48;2;255;205;65m▀▀▀[48;2;213;156;41m▀[38;2;106;106;106m▀[48;2;139;98;16m▀[48;2;106;106;106m▀[38;2;139;98;16m▀[38;2;16;16;16;48;2;16;16;16m▀[0m
[0m                [38;2;16;16;16m▀[38;2;213;156;41;48;2;139;98;16m▀[48;2;213;156;41m▀▀▀▀[38;2;16;16;16;48;2;16;16;16m▀[38;2;255;205;65;48;2;255;205;65m▀▀▀[38;2;106;106;106m▀[48;2;106;106;106m▀[38;2;255;205;65m▀▀[38;2;106;106;106;48;2;16;16;16m▀[38;2;16;16;16;49m▀[0m  [38;2;139;98;16;48;2;139;98;16m▀[38;2;213;156;41;48;2;213;156;41m▀▀▀▀▀[38;2;213;213;213m▀[38;2;213;156;41m▀[48;2;139;98;16m▀[38;2;16;16;16;49m▀[0m   [38;2;16;16;16m▀[38;2;213;156;41;48;2;16;16;16m▀[48;2;213;156;41m▀▀▀▀▀▀[38;2;106;106;106m▀[38;2;16;16;16;48;2;16;16;16m▀[0m
[0m                 [38;2;16;16;16;48;2;16;16;16m▀[38;2;213;156;41;48;2;213;156;41m▀▀▀[48;2;16;16;16m▀[38;2;139;98;16;48;2;255;205;65m▀[38;2;255;205;65m▀▀▀▀[38;2;139;98;16m▀[38;2;106;106;106;48;2;16;16;16m▀[38;2;16;16;16;49m▀[0m     [38;2;139;98;16;48;2;139;98;16m▀[38;2;213;156;41;48;2;213;156;41m▀▀▀▀▀[48;2;139;98;16m▀[38;2;16;16;16;49m▀[0m     [38;2;16;16;16m▀[38;2;213;156;41;48;2;16;16;16m▀[48;2;213;156;41m▀▀▀▀▀[48;2;139;98;16m▀[38;2;16;16;16;49m▀[0m
[0m                  [38;2;139;98;16;48;2;16;16;16m▀[38;2;213;156;41;48;2;213;156;41m▀▀[38;2;16;16;16;48;2;139;98;16m▀[38;2;255;205;65;48;2;255;205;65m▀▀▀▀▀[48;2;139;98;16m▀[38;2;16;16;16;49m▀[0m      [38;2;139;98;16;48;2;139;98;16m▀[38;2;213;156;41;48;2;213;156;41m▀▀▀▀▀[38;2;16;16;16;48;2;16;16;16m▀[0m       [38;2;16;16;16;48;2;16;16;16m▀[38;2;213;156;41;48;2;213;156;41m▀▀▀▀▀[38;2;16;16;16;48;2;16;16;16m▀[0m
[0m                   [38;2;139;98;16;48;2;139;98;16m▀[38;2;16;16;16;48;2;16;16;16m▀[38;2;255;205;65;48;2;255;205;65m▀▀▀▀▀▀[38;2;16;16;16;48;2;16;16;16m▀[0m      [38;2;139;98;16m▄[48;2;213;156;41m▀[38;2;213;156;41m▀▀▀▀▀[38;2;139;98;16m▀[38;2;16;16;16;49m▄[0m      [38;2;16;16;16;48;2;16;16;16m▀[38;2;213;156;41;48;2;213;156;41m▀▀▀▀▀[38;2;16;16;16;48;2;16;16;16m▀[0m
[0m                   [38;2;16;16;16m▄[38;2;139;98;16;48;2;255;205;65m▀[38;2;255;205;65m▀▀▀▀▀[38;2;139;98;16;48;2;16;16;16m▀[38;2;213;156;41;48;2;213;156;41m▀[38;2;139;98;16;48;2;139;98;16m▀[0m   [38;2;16;16;16m▄[48;2;213;156;41m▀[38;2;213;156;41m▀▀▀▀▀▀▀▀[38;2;16;16;16m▀[49m▄[0m    [38;2;139;98;16m▄[48;2;255;205;65m▀[38;2;213;156;41m▀▀[48;2;213;156;41m▀▀▀[38;2;16;16;16;48;2;16;16;16m▀[0m
[0m                 [38;2;213;156;41m▄▄[38;2;139;98;16;48;2;255;238;148m▀[38;2;255;205;65m▀[48;2;255;205;65m▀▀▀▀▀[38;2;16;16;16;48;2;16;16;16m▀[38;2;213;156;41;48;2;213;156;41m▀[38;2;139;98;16;48;2;139;98;16m▀[0m [38;2;106;106;106m▄[38;2;16;16;16;48;2;213;213;213m▀[38;2;139;98;16;48;2;106;106;106m▀[48;2;213;213;213m▀▀[48;2;106;106;106m▀[48;2;213;213;213m▀[38;2;213;156;41m▀[48;2;139;98;16m▀[48;2;213;156;41m▀▀▀▀[38;2;16;16;16;48;2;16;16;16m▀[0m  [38;2;139;98;16m▄[48;2;255;205;65m▀[38;2;255;205;65m▀▀▀▀▀[38;2;213;156;41m▀[48;2;213;156;41m▀[38;2;139;98;16m▀[38;2;16;16;16;49m▄[0m
[0m               [38;2;139;98;16m▄[38;2;213;156;41;48;2;255;238;148m▀[38;2;255;238;148m▀▀▀▀▀[38;2;255;205;65m▀[48;2;255;205;65m▀▀▀[38;2;139;98;16m▀[38;2;213;156;41;48;2;16;16;16m▀[38;2;139;98;16;49m▀[38;2;106;106;106m▄[48;2;213;213;213m▀[38;2;164;164;164;48;2;106;106;106m▀[48;2;213;213;213m▀[38;2;213;213;213m▀[38;2;164;164;164;48;2;106;106;106m▀[48;2;213;213;213m▀[38;2;213;213;213m▀▀▀[38;2;139;98;16;48;2;16;16;16m▀[38;2;213;156;41m▀▀[38;2;139;98;16;49m▀[38;2;16;16;16m▀[0m [38;2;16;16;16m▄[48;2;139;98;16m▀[38;2;255;205;65m▀▀▀▀[48;2;213;156;41m▀[48;2;255;205;65m▀▀[38;2;213;156;41;48;2;213;156;41m▀▀[38;2;16;16;16;48;2;16;16;16m▀[0m
[0m              [38;2;164;164;164m▄[38;2;139;98;16;48;2;213;213;213m▀[38;2;255;238;148;48;2;106;106;106m▀[48;2;139;98;16m▀▀▀[48;2;213;156;41m▀[48;2;255;238;148m▀▀[38;2;255;205;65;48;2;255;205;65m▀▀▀▀[38;2;16;16;16;48;2;16;16;16m▀[0m [38;2;106;106;106m▀[38;2;16;16;16m▀[38;2;106;106;106;48;2;16;16;16m▀[38;2;213;213;213m▀▀[38;2;106;106;106m▀[38;2;213;213;213m▀[48;2;106;106;106m▀[38;2;106;106;106;49m▀▀[0m     [38;2;106;106;106m▄[38;2;16;16;16;48;2;255;255;255m▀[38;2;213;213;213;48;2;213;213;213m▀[38;2;106;106;106;48;2;106;106;106m▀[38;2;213;213;213;48;2;255;255;255m▀▀[38;2;164;164;164;48;2;164;164;164m▀[38;2;106;106;106;48;2;255;255;255m▀[38;2;16;16;16m▀[38;2;213;156;41;48;2;16;16;16m▀[48;2;213;156;41m▀▀[38;2;16;16;16;48;2;16;16;16m▀[0m
[0m             [38;2;164;164;164;48;2;164;164;164m▀[38;2;255;255;255;48;2;255;255;255m▀[38;2;164;164;164;48;2;164;164;164m▀[38;2;255;255;255;48;2;255;255;255m▀[48;2;213;213;213m▀[38;2;213;213;213;48;2;164;164;164m▀[38;2;106;106;106;48;2;255;255;255m▀[38;2;213;213;213m▀[38;2;106;106;106;48;2;213;213;213m▀[38;2;139;98;16m▀[38;2;255;205;65;48;2;139;98;16m▀[48;2;255;205;65m▀▀[48;2;16;16;16m▀[38;2;16;16;16;49m▀[0m                [38;2;16;16;16;48;2;16;16;16m▀[38;2;213;213;213m▀[38;2;106;106;106m▀[38;2;213;213;213;48;2;213;213;213m▀[38;2;255;255;255m▀[38;2;164;164;164;48;2;16;16;16m▀[38;2;255;255;255;48;2;255;255;255m▀▀[48;2;106;106;106m▀[38;2;213;213;213;48;2;16;16;16m▀[38;2;16;16;16;49m▀▀[0m
[0m            [38;2;16;16;16m▀[38;2;255;255;255;48;2;16;16;16m▀[38;2;106;106;106m▀[38;2;255;255;255;48;2;255;255;255m▀[48;2;213;213;213m▀[38;2;164;164;164;48;2;16;16;16m▀[38;2;255;255;255;48;2;255;255;255m▀▀[48;2;213;213;213m▀[48;2;106;106;106m▀[38;2;213;213;213;48;2;16;16;16m▀[38;2;16;16;16;49m▀▀▀[0m                     [38;2;16;16;16m▀▀▀▀▀[0m
[0m              [38;2;16;16;16m▀▀▀[0m [38;2;16;16;16m▀▀▀[0m
