[0m                   [38;2;16;16;16m▄[38;2;49;65;139m▄[48;2;123;189;255m▀▀[48;2;90;123;213m▀[49m▄[0m
[0m                [38;2;49;65;139m▄[38;2;16;16;16;48;2;123;189;255m▀[38;2;49;65;139m▀[38;2;123;189;255m▀▀▀▀[38;2;90;123;213;48;2;90;123;213m▀[38;2;49;65;139;48;2;49;65;139m▀[0m
[0m              [38;2;49;65;139m▄[38;2;90;123;213;48;2;123;189;255m▀[38;2;123;189;255m▀▀▀[48;2;49;65;139m▀[48;2;123;189;255m▀▀[48;2;90;123;213m▀[38;2;90;123;213m▀[38;2;49;65;139;48;2;49;65;139m▀[0m
[0m            [38;2;16;16;16m▄[38;2;49;65;139;48;2;90;123;213m▀[38;2;123;189;255;48;2;123;189;255m▀▀▀[48;2;90;123;213m▀[38;2;90;123;213;48;2;49;65;139m▀[38;2;49;65;139;48;2;123;189;255m▀[38;2;123;189;255m▀▀[38;2;90;123;213;48;2;90;123;213m▀[38;2;49;65;139;48;2;16;16;16m▀[0m    [38;2;123;90;180m▄▄▄[0m
[0m           [38;2;49;65;139m▄[38;2;16;16;16;48;2;123;189;255m▀[38;2;123;189;255m▀▀[48;2;90;123;213m▀[38;2;90;123;213m▀[48;2;49;65;139m▀[38;2;49;65;139;48;2;123;189;255m▀[38;2;123;189;255m▀[48;2;90;123;213m▀[38;2;90;123;213m▀[48;2;49;65;139m▀[38;2;16;16;16;49m▀[0m [38;2;82;57;123m▄[48;2;172;106;213m▀[38;2;123;90;180m▀[38;2;172;106;213m▀▀[38;2;197;148;222;48;2;197;148;222m▀[38;2;123;90;180m▀▀[49m▄[0m
[0m          [38;2;16;16;16;48;2;16;16;16m▀[38;2;90;123;213;48;2;123;189;255m▀[38;2;123;189;255m▀[48;2;90;123;213m▀[38;2;90;123;213m▀[48;2;49;65;139m▀[38;2;49;65;139;48;2;123;189;255m▀[38;2;123;189;255m▀▀[48;2;90;123;213m▀[38;2;90;123;213m▀[48;2;49;65;139m▀[38;2;16;16;16;49m▀[38;2;82;57;123m▄[48;2;123;90;180m▀[38;2;172;106;213;48;2;172;106;213m▀[48;2;82;57;123m▀▀[48;2;123;90;180m▀[48;2;172;106;213m▀▀[38;2;197;148;222;48;2;197;148;222m▀▀[38;2;123;90;180m▀[49m▄[0m            [38;2;123;90;180m▄▄[48;2;172;106;213m▀▀▀▀[48;2;123;90;180m▀▀[49m▄▄[0m
[0m        [38;2;16;16;16m▄[38;2;49;65;139;48;2;90;123;213m▀[38;2;123;189;255;48;2;123;189;255m▀▀[38;2;90;123;213;48;2;90;123;213m▀▀[38;2;49;65;139;48;2;49;65;139m▀[38;2;90;123;213;48;2;123;189;255m▀[38;2;123;189;255m▀▀[48;2;90;123;213m▀[38;2;90;123;213m▀[38;2;49;65;139;48;2;16;16;16m▀[38;2;16;16;16;48;2;123;90;180m▀[38;2;82;57;123m▀[38;2;123;90;180m▀[48;2;82;57;123m▀[38;2;82;57;123;48;2;172;106;213m▀[38;2;123;90;180m▀[38;2;172;106;213m▀▀[38;2;123;90;180m▀▀[38;2;172;106;213;48;2;123;90;180m▀[38;2;197;148;222;48;2;172;106;213m▀[48;2;197;148;222m▀[38;2;123;90;180m▀[49m▄[0m        [38;2;82;57;123m▄[38;2;123;90;180;48;2;172;106;213m▀▀[38;2;172;106;213m▀[48;2;123;90;180m▀▀[38;2;123;90;180;48;2;172;106;213m▀▀[48;2;197;148;222m▀[38;2;197;148;222m▀▀▀▀[38;2;123;90;180;48;2;123;90;180m▀[0m
[0m       [38;2;49;65;139m▄[38;2;16;16;16;48;2;123;189;255m▀[38;2;123;189;255m▀[48;2;90;123;213m▀[38;2;90;123;213m▀[48;2;49;65;139m▀[38;2;49;65;139;48;2;123;189;255m▀[38;2;123;189;255m▀▀[48;2;90;123;213m▀[38;2;90;123;213m▀[48;2;49;65;139m▀[38;2;16;16;16;48;2;16;16;16m▀[38;2;123;90;180;48;2;123;90;180m▀▀▀[48;2;82;57;123m▀[38;2;82;57;123;48;2;172;106;213m▀[38;2;172;106;213m▀▀▀▀▀▀▀[38;2;123;90;180;48;2;123;90;180m▀[38;2;172;106;213;48;2;172;106;213m▀▀▀[38;2;123;90;180m▀[38;2;82;57;123;49m▄[0m   [38;2;82;57;123m▄▄[48;2;123;90;180m▀[38;2;123;90;180m▀[48;2;82;57;123m▀[38;2;82;57;123;48;2;172;106;213m▀[38;2;123;90;180m▀[38;2;172;106;213m▀▀▀▀▀▀▀[38;2;197;148;222m▀▀[48;2;197;148;222m▀[38;2;123;90;180;48;2;123;90;180m▀[0m           [38;2;123;90;180m▄[0m [38;2;123;90;180;48;2;172;106;213m▀[48;2;123;90;180m▀[0m
[0m      [38;2;16;16;16;48;2;16;16;16m▀[38;2;90;123;213;48;2;123;189;255m▀[38;2;123;189;255m▀[48;2;90;123;213m▀[38;2;90;123;213;48;2;49;65;139m▀[38;2;49;65;139;48;2;90;123;213m▀[38;2;123;189;255;48;2;123;189;255m▀▀[48;2;90;123;213m▀[38;2;90;123;213m▀▀[48;2;16;16;16m▀[38;2;16;16;16;48;2;82;57;123m▀[38;2;123;90;180m▀▀[38;2;82;57;123;48;2;123;90;180m▀▀[38;2;123;90;180m▀[38;2;172;106;213;48;2;172;106;213m▀▀▀▀▀▀▀▀▀[38;2;123;90;180m▀▀[38;2;172;106;213;48;2;123;90;180m▀▀[38;2;123;90;180m▀[38;2;82;57;123m▀▀▀[38;2;123;90;180;48;2;82;57;123m▀▀[38;2;82;57;123;48;2;172;106;213m▀▀[38;2;172;106;213m▀▀▀▀▀▀▀▀▀▀▀▀▀[38;2;123;90;180;48;2;123;90;180m▀[0m     [38;2;82;57;123m▄[38;2;123;90;180m▄[0m   [38;2;123;90;180;48;2;123;90;180m▀[38;2;172;106;213;48;2;172;106;213m▀[38;2;123;90;180;48;2;123;90;180m▀[38;2;172;106;213;48;2;172;106;213m▀[38;2;82;57;123;48;2;82;57;123m▀[0m
[0m  [38;2;16;16;16m▄[38;2;49;65;139m▄[0m [38;2;16;16;16;48;2;16;16;16m▀[38;2;90;123;213;48;2;123;189;255m▀[38;2;123;189;255m▀[48;2;90;123;213m▀[38;2;90;123;213;48;2;49;65;139m▀[38;2;49;65;139;48;2;123;189;255m▀[38;2;123;189;255m▀[48;2;90;123;213m▀[38;2;90;123;213m▀▀[48;2;16;16;16m▀[38;2;16;16;16;48;2;123;90;180m▀[38;2;123;90;180m▀▀▀▀▀[48;2;172;106;213m▀[38;2;172;106;213m▀▀▀▀▀▀▀▀▀▀▀▀▀▀▀[38;2;82;57;123m▀▀▀[38;2;172;106;213m▀▀▀▀▀▀[48;2;123;90;180m▀▀[38;2;123;90;180;48;2;172;106;213m▀▀▀▀[38;2;172;106;213;48;2;123;90;180m▀▀[48;2;172;106;213m▀▀▀[38;2;123;90;180;48;2;123;90;180m▀[0m  [38;2;82;57;123m▄▄[48;2;123;90;180m▀[38;2;172;106;213;48;2;172;106;213m▀▀[38;2;123;90;180;48;2;123;90;180m▀[0m [38;2;123;90;180m▄[48;2;172;106;213m▀[38;2;172;106;213m▀▀[38;2;123;90;180;48;2;82;57;123m▀[0m
[0m  [38;2;16;16;16;48;2;16;16;16m▀[38;2;90;123;213;48;2;90;123;213m▀[38;2;49;65;139;48;2;49;65;139m▀[38;2;90;123;213;48;2;123;189;255m▀[38;2;123;189;255m▀[38;2;90;123;213;48;2;90;123;213m▀[38;2;49;65;139m▀[38;2;123;189;255;48;2;123;189;255m▀[48;2;90;123;213m▀[38;2;90;123;213m▀▀[48;2;16;16;16m▀[38;2;16;16;16;48;2;123;90;180m▀[38;2;123;90;180;48;2;16;16;16m▀▀▀▀[48;2;123;90;180m▀▀[38;2;172;106;213;48;2;172;106;213m▀▀▀▀▀▀▀▀▀▀▀▀▀▀▀▀▀▀▀▀[48;2;123;90;180m▀▀▀▀[38;2;123;90;180;48;2;172;106;213m▀▀[38;2;172;106;213m▀▀▀▀▀▀▀▀[38;2;123;90;180m▀[38;2;172;106;213;48;2;123;90;180m▀[48;2;172;106;213m▀▀[38;2;82;57;123m▀[48;2;123;90;180m▀[38;2;123;90;180m▀▀[38;2;172;106;213;48;2;82;57;123m▀▀[48;2;172;106;213m▀▀[38;2;123;90;180m▀▀[38;2;172;106;213m▀▀[38;2;82;57;123;48;2;82;57;123m▀[0m
[0m  [38;2;16;16;16;48;2;16;16;16m▀[38;2;90;123;213;48;2;90;123;213m▀[38;2;49;65;139;48;2;49;65;139m▀[38;2;123;189;255;48;2;123;189;255m▀▀[38;2;49;65;139m▀[38;2;123;189;255m▀[48;2;90;123;213m▀[38;2;90;123;213;48;2;49;65;139m▀▀[38;2;49;65;139;48;2;90;123;213m▀▀▀[38;2;90;123;213m▀[48;2;16;16;16m▀▀[38;2;16;16;16;48;2;82;57;123m▀[38;2;123;90;180m▀▀▀[38;2;172;106;213;48;2;123;90;180m▀[48;2;172;106;213m▀▀▀▀▀▀▀▀▀▀▀▀[48;2;123;90;180m▀▀▀[38;2;123;90;180;48;2;172;106;213m▀▀▀[38;2;172;106;213m▀▀▀▀▀▀▀▀▀▀▀▀▀[48;2;123;90;180m▀▀▀[38;2;82;57;123m▀▀[38;2;123;90;180;48;2;82;57;123m▀▀▀[38;2;82;57;123;48;2;123;90;180m▀[38;2;172;106;213;48;2;172;106;213m▀▀[38;2;82;57;123m▀[38;2;172;106;213;48;2;82;57;123m▀▀[38;2;123;90;180;48;2;172;106;213m▀[38;2;172;106;213m▀[38;2;82;57;123;48;2;82;57;123m▀[0m
[0m  [38;2;16;16;16;48;2;16;16;16m▀[38;2;90;123;213;48;2;49;65;139m▀[38;2;49;65;139;48;2;90;123;213m▀[38;2;123;189;255;48;2;123;189;255m▀[48;2;90;123;213m▀▀[38;2;90;123;213m▀▀▀▀[48;2;16;16;16m▀▀[38;2;16;16;16;48;2;123;90;180m▀▀[38;2;123;90;180m▀▀[38;2;172;106;213m▀[48;2;172;106;213m▀▀▀[38;2;82;57;123m▀▀[38;2;123;90;180m▀[38;2;172;106;213;48;2;123;90;180m▀▀[48;2;172;106;213m▀▀▀▀[48;2;123;90;180m▀▀[38;2;123;90;180;48;2;172;106;213m▀▀[38;2;172;106;213m▀▀▀[48;2;123;90;180m▀▀[38;2;123;90;180;48;2;82;57;123m▀[48;2;16;16;16m▀▀▀[48;2;82;57;123m▀[38;2;172;106;213;48;2;123;90;180m▀▀▀▀▀▀▀[38;2;123;90;180m▀▀[48;2;16;16;16m▀[38;2;82;57;123;49m▀▀[38;2;123;90;180;48;2;16;16;16m▀[48;2;123;90;180m▀▀▀[48;2;82;82;82m▀▀▀[38;2;172;106;213m▀[48;2;172;106;213m▀▀[48;2;82;57;123m▀▀[38;2;82;57;123;49m▀[0m
[0m   [38;2;16;16;16;48;2;16;16;16m▀[38;2;90;123;213;48;2;49;65;139m▀[48;2;90;123;213m▀▀[48;2;49;65;139m▀▀[38;2;49;65;139;48;2;255;255;255m▀[38;2;16;16;16;48;2;49;65;139m▀[48;2;90;123;213m▀[38;2;82;57;123;48;2;123;189;255m▀▀▀[38;2;123;90;180;48;2;82;57;123m▀[48;2;123;90;180m▀▀▀▀[38;2;172;106;213m▀▀[48;2;172;106;213m▀▀▀▀▀[38;2;123;90;180m▀▀▀▀[38;2;172;106;213m▀[48;2;123;90;180m▀▀▀[38;2;123;90;180m▀[48;2;82;57;123m▀[48;2;16;16;16m▀[38;2;82;57;123;49m▀[38;2;16;16;16m▀[38;2;82;82;82m▄[48;2;131;131;131m▀[38;2;131;131;131m▀[48;2;82;82;82m▀[38;2;82;82;82;49m▀[38;2;16;16;16m▀[38;2;82;57;123m▀[38;2;123;90;180;48;2;16;16;16m▀▀▀▀▀[38;2;82;82;82;48;2;255;255;255m▀[38;2;16;16;16m▀[49m▄▄[0m [38;2;16;16;16m▄[48;2;82;82;82m▀[48;2;131;131;131m▀[38;2;82;82;82m▀[38;2;255;255;255m▀▀[48;2;255;255;255m▀▀[38;2;82;82;82m▀▀[38;2;131;131;131;49m▄[0m
[0m  [38;2;82;82;82m▄[48;2;255;255;255m▀[38;2;255;255;255m▀[38;2;49;65;139m▀▀[38;2;213;16;16;48;2;131;131;131m▀[38;2;16;16;16m▀[38;2;255;255;255;48;2;49;65;139m▀[38;2;49;65;139;48;2;189;238;255m▀[38;2;189;238;255m▀▀▀▀▀[38;2;82;57;123;48;2;90;123;213m▀[38;2;123;90;180;48;2;82;57;123m▀[48;2;123;90;180m▀▀▀▀[48;2;172;106;213m▀[38;2;172;106;213;48;2;123;90;180m▀[38;2;123;90;180;48;2;172;106;213m▀[38;2;172;106;213;48;2;123;90;180m▀[48;2;172;106;213m▀[48;2;123;90;180m▀▀[38;2;123;90;180m▀▀▀▀▀[48;2;16;16;16m▀[38;2;16;16;16;49m▀[0m   [38;2;82;82;82m▄[48;2;131;131;131m▀[38;2;131;131;131m▀[38;2;82;82;82;48;2;82;82;82m▀[0m       [38;2;49;65;139m▄▄[38;2;16;16;16;48;2;49;65;139m▀[38;2;255;255;255;48;2;255;255;255m▀▀[48;2;16;16;16m▀[38;2;16;16;16;48;2;131;131;131m▀[38;2;131;131;131m▀▀[48;2;82;82;82m▀[48;2;16;16;16m▀[38;2;16;16;16;49m▀▀▀[38;2;82;82;82m▀[38;2;255;255;255;48;2;82;82;82m▀[48;2;255;255;255m▀▀[38;2;131;131;131;48;2;131;131;131m▀[0m
[0m [38;2;16;16;16;48;2;16;16;16m▀[38;2;255;255;255;48;2;255;255;255m▀▀▀▀▀▀▀[38;2;123;189;255;48;2;123;189;255m▀[38;2;189;238;255;48;2;189;238;255m▀▀[48;2;123;189;255m▀▀[38;2;123;189;255m▀▀▀[38;2;82;57;123m▀[38;2;123;90;180;48;2;82;57;123m▀[48;2;123;90;180m▀▀▀▀[38;2;172;106;213m▀[38;2;123;90;180m▀[38;2;172;106;213m▀[38;2;123;90;180m▀▀▀▀▀▀[48;2;82;57;123m▀[38;2;82;57;123;48;2;123;189;255m▀[38;2;49;65;139m▀▀▀[38;2;90;123;213;49m▄[38;2;49;65;139m▄[38;2;82;82;82;48;2;49;65;139m▀[38;2;131;131;131m▀[38;2;82;82;82m▀[38;2;49;65;139;49m▄▄▄[38;2;90;123;213m▄[38;2;49;65;139;48;2;123;189;255m▀▀▀[38;2;90;123;213m▀[38;2;123;189;255m▀▀▀[38;2;90;123;213m▀▀[38;2;131;131;131;48;2;90;123;213m▀▀[38;2;82;82;82;49m▀[38;2;16;16;16m▀[0m      [38;2;16;16;16m▀[38;2;255;255;255;48;2;82;82;82m▀[48;2;255;255;255m▀▀[38;2;131;131;131;48;2;131;131;131m▀[0m
[0m  [38;2;82;82;82m▀[38;2;255;255;255;48;2;16;16;16m▀▀[38;2;131;131;131;48;2;82;82;82m▀[38;2;82;82;82;48;2;189;189;189m▀[38;2;131;131;131m▀[38;2;255;255;255m▀[38;2;222;222;222;48;2;222;222;222m▀[38;2;123;189;255m▀▀[48;2;123;189;255m▀▀▀▀▀▀▀[38;2;82;57;123m▀[38;2;123;90;180;48;2;82;57;123m▀▀[48;2;123;90;180m▀▀▀▀▀[48;2;82;57;123m▀▀▀[38;2;82;57;123;48;2;123;189;255m▀▀[38;2;123;189;255m▀[48;2;255;255;255m▀[38;2;255;255;255m▀[38;2;189;238;255m▀[38;2;123;189;255;48;2;189;238;255m▀[48;2;123;189;255m▀▀▀▀▀▀▀▀[48;2;255;255;255m▀[38;2;255;255;255m▀▀[38;2;189;238;255m▀[38;2;123;189;255;48;2;189;238;255m▀[48;2;123;189;255m▀▀▀▀▀▀▀[38;2;90;123;213m▀[49m▄[0m       [38;2;82;82;82;48;2;82;82;82m▀[38;2;255;255;255;48;2;255;255;255m▀▀[38;2;131;131;131;48;2;131;131;131m▀[0m
[0m     [38;2;16;16;16m▀▀[38;2;82;82;82m▀[38;2;189;189;189;48;2;82;82;82m▀[48;2;189;189;189m▀[38;2;82;82;82;48;2;82;82;82m▀[38;2;16;16;16;49m▀[38;2;222;222;222;48;2;16;16;16m▀▀[38;2;189;189;189;48;2;222;222;222m▀[38;2;123;189;255m▀[48;2;189;189;189m▀[48;2;123;189;255m▀▀▀▀▀[38;2;82;57;123m▀▀▀▀▀[38;2;123;189;255m▀▀▀▀▀[38;2;255;255;255m▀[48;2;255;255;255m▀▀▀▀[48;2;123;189;255m▀[38;2;123;189;255m▀[48;2;189;238;255m▀[38;2;189;238;255;48;2;255;255;255m▀[38;2;255;255;255m▀[38;2;123;189;255m▀[48;2;123;189;255m▀[38;2;189;238;255m▀[38;2;255;255;255;48;2;189;238;255m▀[48;2;255;255;255m▀▀▀▀[48;2;123;189;255m▀[38;2;123;189;255m▀▀[38;2;189;238;255;48;2;255;255;255m▀[38;2;255;255;255m▀[38;2;123;189;255m▀[48;2;123;189;255m▀▀[38;2;90;123;213m▀[49m▄[0m     [38;2;131;131;131m▄[38;2;82;82;82;48;2;255;255;255m▀[38;2;255;255;255m▀[48;2;131;131;131m▀[38;2;131;131;131;49m▀[0m
[0m        [38;2;16;16;16m▀▀[0m    [38;2;16;16;16m▀▀[38;2;222;222;222;48;2;16;16;16m▀[38;2;189;189;189;48;2;222;222;222m▀[38;2;123;189;255;48;2;189;189;189m▀▀[48;2;123;189;255m▀▀▀▀▀▀▀▀▀▀[48;2;189;238;255m▀[48;2;255;255;255m▀[48;2;123;189;255m▀▀[38;2;189;238;255m▀[38;2;255;255;255m▀[38;2;123;189;255m▀▀▀▀[38;2;189;238;255m▀[38;2;255;255;255;48;2;255;255;255m▀[38;2;189;238;255;48;2;123;189;255m▀[38;2;123;189;255m▀▀▀▀[38;2;255;255;255m▀▀[38;2;123;189;255m▀▀▀▀[38;2;255;255;255;48;2;255;255;255m▀▀▀▀[38;2;123;189;255m▀[48;2;123;189;255m▀[38;2;90;123;213m▀[49m▄[0m   [38;2;131;131;131m▄[48;2;255;255;255m▀[38;2;255;255;255m▀▀[38;2;131;131;131;48;2;131;131;131m▀[0m
[0m                [38;2;16;16;16;48;2;16;16;16m▀[38;2;82;82;82;48;2;82;82;82m▀[38;2;222;222;222;48;2;222;222;222m▀▀[38;2;189;189;189m▀▀[38;2;123;189;255;48;2;189;189;189m▀▀[48;2;123;189;255m▀▀▀▀▀▀[38;2;255;255;255;48;2;255;255;255m▀▀▀[38;2;123;189;255m▀[48;2;123;189;255m▀▀▀[48;2;131;131;131m▀▀[38;2;131;131;131;48;2;255;255;255m▀▀▀▀[38;2;123;189;255;48;2;82;82;82m▀▀[48;2;189;189;189m▀▀[48;2;90;123;213m▀[48;2;123;189;255m▀▀▀▀▀[38;2;255;255;255;48;2;189;238;255m▀[48;2;255;255;255m▀▀▀▀[38;2;189;238;255m▀[38;2;123;189;255;48;2;123;189;255m▀[38;2;90;123;213;48;2;90;123;213m▀[0m  [38;2;131;131;131m▄[48;2;255;255;255m▀[38;2;255;255;255m▀[48;2;131;131;131m▀[38;2;131;131;131m▀[0m
[0m     [38;2;131;131;131m▄▄▄▄[0m     [38;2;131;131;131m▄▄[38;2;16;16;16;48;2;16;16;16m▀[38;2;90;123;213;48;2;90;123;213m▀[38;2;82;82;82m▀[38;2;222;222;222;48;2;82;82;82m▀[48;2;222;222;222m▀▀▀▀[48;2;189;189;189m▀[38;2;90;123;213;48;2;90;123;213m▀[38;2;123;189;255;48;2;123;189;255m▀▀▀▀[38;2;255;255;255;48;2;255;255;255m▀▀▀▀[38;2;189;238;255m▀[38;2;123;189;255;48;2;131;131;131m▀[38;2;131;131;131;48;2;255;255;255m▀[38;2;255;255;255m▀▀[48;2;16;16;16m▀[38;2;82;82;82;48;2;189;189;189m▀[48;2;222;222;222m▀[48;2;16;16;16m▀[38;2;189;189;189;48;2;189;189;189m▀▀[38;2;82;82;82;48;2;82;82;82m▀[38;2;189;189;189;48;2;16;16;16m▀[38;2;90;123;213m▀[38;2;123;189;255;48;2;49;65;139m▀[48;2;123;189;255m▀▀▀▀▀[38;2;255;255;255m▀[48;2;255;255;255m▀▀▀▀[38;2;123;189;255;48;2;123;189;255m▀[38;2;90;123;213m▀[38;2;131;131;131;49m▄[48;2;255;255;255m▀[38;2;255;255;255m▀▀[48;2;16;16;16m▀[38;2;131;131;131;49m▀[0m
[0m  [38;2;82;82;82m▄[48;2;255;255;255m▀[38;2;131;131;131m▀[38;2;255;255;255m▀▀▀▀[38;2;131;131;131m▀▀▀▀▀[38;2;255;255;255m▀▀[38;2;16;16;16;48;2;16;16;16m▀[38;2;90;123;213;48;2;90;123;213m▀▀▀[38;2;82;82;82;48;2;189;189;189m▀[38;2;222;222;222;48;2;82;82;82m▀[48;2;189;189;189m▀[38;2;189;189;189m▀▀[38;2;90;123;213m▀[38;2;123;189;255;48;2;90;123;213m▀[48;2;123;189;255m▀▀▀[38;2;189;238;255m▀[38;2;255;255;255;48;2;255;255;255m▀▀▀[48;2;131;131;131m▀[38;2;131;131;131;48;2;255;255;255m▀[38;2;255;255;255m▀▀[38;2;82;82;82;48;2;16;16;16m▀[38;2;222;222;222;48;2;82;82;82m▀[48;2;16;16;16m▀[38;2;82;82;82;48;2;189;189;189m▀[38;2;16;16;16m▀[38;2;82;82;82;48;2;16;16;16m▀[38;2;189;189;189;48;2;189;189;189m▀▀[38;2;82;82;82;48;2;82;82;82m▀[38;2;189;189;189;48;2;189;189;189m▀[38;2;16;16;16m▀[38;2;123;189;255;48;2;16;16;16m▀[48;2;123;189;255m▀▀▀▀▀▀[38;2;255;255;255m▀[48;2;255;255;255m▀[48;2;189;238;255m▀[38;2;123;189;255;48;2;82;82;82m▀[38;2;82;82;82;48;2;255;255;255m▀[38;2;255;255;255m▀▀[48;2;16;16;16m▀[38;2;16;16;16;49m▀[0m
[0m [38;2;82;82;82;48;2;255;255;255m▀[38;2;255;255;255m▀[48;2;82;82;82m▀[48;2;16;16;16m▀[38;2;82;82;82;49m▀[38;2;16;16;16m▀▀[38;2;82;82;82m▀[38;2;255;255;255;48;2;16;16;16m▀▀▀▀▀[38;2;82;82;82;49m▀[38;2;16;16;16m▀[48;2;16;16;16m▀[38;2;90;123;213;48;2;90;123;213m▀▀[38;2;189;189;189;48;2;189;189;189m▀▀▀[38;2;82;82;82m▀[38;2;189;189;189;48;2;82;82;82m▀▀[48;2;189;189;189m▀[38;2;90;123;213m▀[38;2;123;189;255;48;2;90;123;213m▀[48;2;123;189;255m▀▀▀▀[38;2;255;255;255m▀[48;2;131;131;131m▀[38;2;131;131;131;48;2;255;255;255m▀[38;2;255;255;255m▀▀[38;2;16;16;16;48;2;16;16;16m▀[49m▀[38;2;90;123;213;48;2;49;65;139m▀[48;2;90;123;213m▀[38;2;189;189;189m▀[48;2;189;189;189m▀[38;2;16;16;16;48;2;16;16;16m▀[38;2;189;189;189;48;2;189;189;189m▀▀[38;2;82;82;82m▀[38;2;189;189;189;48;2;82;82;82m▀[48;2;189;189;189m▀[38;2;49;65;139;48;2;49;65;139m▀[38;2;16;16;16;49m▀[38;2;123;189;255;48;2;16;16;16m▀[48;2;123;189;255m▀▀▀[48;2;82;82;82m▀▀[38;2;82;82;82;48;2;255;255;255m▀▀[38;2;255;255;255m▀[48;2;82;82;82m▀[48;2;16;16;16m▀[38;2;16;16;16;49m▀[0m
[38;2;16;16;16;48;2;16;16;16m▀[38;2;255;255;255m▀[38;2;16;16;16;49m▀[0m            [38;2;16;16;16m▄[38;2;49;65;139;48;2;82;82;82m▀[38;2;90;123;213;48;2;131;131;131m▀[38;2;82;82;82;48;2;255;255;255m▀▀▀▀[38;2;189;189;189;48;2;82;82;82m▀[48;2;189;189;189m▀[48;2;49;65;139m▀[38;2;82;82;82;49m▀[38;2;16;16;16m▀[38;2;49;65;139m▀[38;2;123;189;255;48;2;49;65;139m▀[48;2;123;189;255m▀▀▀▀[38;2;131;131;131;48;2;131;131;131m▀[38;2;255;255;255;48;2;255;255;255m▀▀[38;2;82;82;82;48;2;16;16;16m▀[0m  [38;2;16;16;16;48;2;16;16;16m▀[38;2;90;123;213;48;2;90;123;213m▀▀[38;2;189;189;189m▀[48;2;189;189;189m▀[38;2;82;82;82;48;2;16;16;16m▀[38;2;189;189;189;48;2;189;189;189m▀▀[38;2;82;82;82m▀[38;2;90;123;213;48;2;82;82;82m▀[38;2;82;82;82;49m▄▄▄[38;2;16;16;16;48;2;82;82;82m▀[38;2;82;82;82;48;2;189;189;189m▀▀[38;2;255;255;255m▀▀[48;2;82;82;82m▀[48;2;16;16;16m▀[38;2;16;16;16;48;2;255;255;255m▀[38;2;82;82;82m▀[38;2;90;123;213;48;2;189;238;255m▀[49m▄[0m
[0m              [38;2;82;82;82m▄[48;2;255;255;255m▀[38;2;255;255;255m▀▀[48;2;82;82;82m▀[48;2;16;16;16m▀▀[48;2;82;82;82m▀[48;2;255;255;255m▀[38;2;82;82;82;48;2;82;82;82m▀[38;2;49;65;139;49m▀[0m   [38;2;16;16;16m▀[38;2;123;189;255;48;2;16;16;16m▀[48;2;123;189;255m▀▀[38;2;131;131;131;48;2;131;131;131m▀[38;2;255;255;255;48;2;255;255;255m▀▀[48;2;82;82;82m▀[38;2;16;16;16;48;2;123;189;255m▀[38;2;49;65;139;48;2;90;123;213m▀[0m  [38;2;49;65;139;48;2;16;16;16m▀[38;2;90;123;213;48;2;90;123;213m▀▀[38;2;189;189;189m▀[48;2;189;189;189m▀[38;2;16;16;16m▀[38;2;82;82;82;48;2;90;123;213m▀[38;2;189;189;189;48;2;16;16;16m▀▀[38;2;82;82;82m▀[38;2;189;189;189m▀▀▀▀[38;2;82;82;82;49m▀[38;2;16;16;16;48;2;16;16;16m▀[48;2;90;123;213m▀[38;2;123;189;255;48;2;123;189;255m▀▀[38;2;255;255;255m▀[48;2;255;255;255m▀[38;2;189;238;255;48;2;123;189;255m▀[38;2;123;189;255m▀[38;2;49;65;139;48;2;49;65;139m▀[0m
[0m            [38;2;131;131;131m▄[38;2;82;82;82;48;2;255;255;255m▀[38;2;255;255;255m▀[48;2;16;16;16m▀[38;2;16;16;16;48;2;90;123;213m▀▀[38;2;189;189;189;48;2;189;189;189m▀▀▀[38;2;16;16;16;48;2;16;16;16m▀[38;2;82;82;82;48;2;189;189;189m▀▀[49m▄[0m     [38;2;16;16;16m▀[38;2;82;82;82;48;2;131;131;131m▀[38;2;255;255;255;48;2;255;255;255m▀▀[48;2;82;82;82m▀[38;2;16;16;16;48;2;123;189;255m▀[38;2;123;189;255m▀▀[38;2;49;65;139;48;2;49;65;139m▀[0m [38;2;16;16;16m▀[38;2;90;123;213;48;2;16;16;16m▀[48;2;90;123;213m▀▀▀▀[38;2;49;65;139;48;2;49;65;139m▀[0m         [38;2;16;16;16m▀[38;2;49;65;139m▀[38;2;123;189;255;48;2;49;65;139m▀[48;2;123;189;255m▀▀▀▀[38;2;90;123;213m▀[38;2;49;65;139;49m▄[0m
[0m            [38;2;82;82;82;48;2;82;82;82m▀[38;2;255;255;255;48;2;16;16;16m▀[38;2;16;16;16;49m▀[38;2;49;65;139;48;2;49;65;139m▀[38;2;90;123;213;48;2;90;123;213m▀▀▀[38;2;189;189;189m▀[38;2;90;123;213;48;2;49;65;139m▀[38;2;49;65;139;49m▀[38;2;16;16;16;48;2;16;16;16m▀[38;2;189;189;189;48;2;189;189;189m▀[38;2;82;82;82m▀[48;2;82;82;82m▀[48;2;189;189;189m▀[38;2;131;131;131;49m▄▄[48;2;255;255;255m▀▀[38;2;255;255;255m▀▀[48;2;16;16;16m▀[38;2;16;16;16;48;2;123;189;255m▀[38;2;123;189;255m▀▀▀[38;2;49;65;139;48;2;49;65;139m▀[0m  [38;2;16;16;16;48;2;16;16;16m▀[38;2;90;123;213;48;2;90;123;213m▀▀▀▀▀[38;2;49;65;139;48;2;49;65;139m▀[0m           [38;2;49;65;139;48;2;16;16;16m▀[38;2;123;189;255;48;2;123;189;255m▀▀▀▀[38;2;49;65;139;48;2;49;65;139m▀[0m
[0m              [38;2;16;16;16;48;2;49;65;139m▀[38;2;90;123;213;48;2;90;123;213m▀▀▀▀[38;2;49;65;139;48;2;49;65;139m▀[0m   [38;2;16;16;16m▀[38;2;189;189;189;48;2;16;16;16m▀[38;2;82;82;82m▀[38;2;189;189;189;48;2;82;82;82m▀[48;2;189;189;189m▀[38;2;255;255;255m▀▀[48;2;82;82;82m▀[48;2;16;16;16m▀[38;2;16;16;16;49m▀[38;2;123;189;255;48;2;90;123;213m▀[48;2;123;189;255m▀▀▀[38;2;90;123;213;48;2;49;65;139m▀[0m    [38;2;49;65;139;48;2;16;16;16m▀[38;2;90;123;213;48;2;90;123;213m▀▀▀[48;2;49;65;139m▀[38;2;49;65;139;49m▀[0m            [38;2;49;65;139;48;2;16;16;16m▀[38;2;123;189;255;48;2;123;189;255m▀▀▀[38;2;49;65;139;48;2;90;123;213m▀[0m
[0m              [38;2;49;65;139;48;2;49;65;139m▀[38;2;90;123;213;48;2;90;123;213m▀▀▀[38;2;49;65;139;48;2;16;16;16m▀[0m       [38;2;16;16;16m▀▀▀▀[0m   [38;2;16;16;16;48;2;16;16;16m▀[38;2;123;189;255;48;2;123;189;255m▀▀▀[38;2;49;65;139;48;2;49;65;139m▀[0m    [38;2;16;16;16;48;2;16;16;16m▀[38;2;90;123;213;48;2;90;123;213m▀▀▀[38;2;49;65;139;48;2;49;65;139m▀[0m             [38;2;16;16;16m▀[38;2;123;189;255;48;2;49;65;139m▀[48;2;123;189;255m▀▀▀[38;2;49;65;139;48;2;49;65;139m▀[0m
[0m             [38;2;49;65;139;48;2;16;16;16m▀[38;2;90;123;213;48;2;90;123;213m▀▀▀[48;2;49;65;139m▀[38;2;16;16;16;49m▀[0m              [38;2;16;16;16;48;2;49;65;139m▀[38;2;123;189;255;48;2;123;189;255m▀▀[48;2;90;123;213m▀[38;2;49;65;139;49m▀[0m   [38;2;16;16;16m▄[38;2;49;65;139;48;2;90;123;213m▀[38;2;90;123;213m▀▀[38;2;49;65;139;48;2;16;16;16m▀[0m               [38;2;16;16;16;48;2;16;16;16m▀[38;2;123;189;255;48;2;123;189;255m▀▀▀[38;2;49;65;139;48;2;49;65;139m▀[0m
[0m            [38;2;16;16;16;48;2;49;65;139m▀[38;2;90;123;213;48;2;90;123;213m▀▀▀[48;2;16;16;16m▀[38;2;16;16;16;49m▀[0m              [38;2;16;16;16;48;2;16;16;16m▀[38;2;123;189;255;48;2;123;189;255m▀▀▀[38;2;49;65;139;48;2;49;65;139m▀[0m  [38;2;16;16;16m▄[38;2;49;65;139m▄[48;2;90;123;213m▀[38;2;90;123;213m▀▀[48;2;49;65;139m▀[38;2;16;16;16;49m▀[0m               [38;2;16;16;16;48;2;16;16;16m▀[38;2;123;189;255;48;2;123;189;255m▀▀▀[38;2;49;65;139;48;2;16;16;16m▀[0m
[0m         [38;2;16;16;16m▄[48;2;90;123;213m▀[38;2;90;123;213;48;2;49;65;139m▀▀[48;2;90;123;213m▀▀[48;2;16;16;16m▀[38;2;16;16;16;49m▀[0m              [38;2;16;16;16m▄[38;2;49;65;139;48;2;123;189;255m▀[38;2;123;189;255m▀▀▀[38;2;49;65;139;48;2;49;65;139m▀[0m [38;2;16;16;16;48;2;16;16;16m▀[38;2;90;123;213;48;2;90;123;213m▀[48;2;49;65;139m▀[48;2;90;123;213m▀▀▀[38;2;16;16;16;48;2;16;16;16m▀[0m               [38;2;49;65;139m▄[48;2;123;189;255m▀[38;2;123;189;255m▀▀▀[38;2;16;16;16;48;2;16;16;16m▀[0m
[0m         [38;2;16;16;16m▀[38;2;90;123;213;48;2;16;16;16m▀[38;2;49;65;139m▀[38;2;90;123;213m▀▀▀[38;2;16;16;16;49m▀[0m             [38;2;49;65;139m▄[38;2;16;16;16;48;2;189;238;255m▀[38;2;49;65;139m▀[38;2;123;189;255m▀[48;2;123;189;255m▀▀[38;2;49;65;139;48;2;16;16;16m▀[0m   [38;2;16;16;16m▀▀▀▀▀[0m               [38;2;16;16;16;48;2;16;16;16m▀[38;2;90;123;213;48;2;49;65;139m▀[38;2;123;189;255;48;2;90;123;213m▀[38;2;49;65;139;48;2;49;65;139m▀[38;2;123;189;255;48;2;90;123;213m▀[38;2;49;65;139;48;2;49;65;139m▀[0m
[0m                            [38;2;16;16;16;48;2;16;16;16m▀[38;2;90;123;213;48;2;49;65;139m▀[38;2;189;238;255;48;2;90;123;213m▀[38;2;90;123;213;48;2;49;65;139m▀[38;2;123;189;255;48;2;90;123;213m▀▀[38;2;90;123;213;48;2;16;16;16m▀[38;2;16;16;16;49m▀[0m                        [38;2;16;16;16m▀▀▀▀[0m
[0m                             [38;2;16;16;16m▀▀▀▀▀[0m
