[0m       [38;2;41;90;131m▄[0m   [38;2;16;16;16m▄▄[0m          [38;2;41;90;131m▄[48;2;139;197;238m▀▀[48;2;16;16;16m▀[0m
[0m      [38;2;41;90;131;48;2;115;156;197m▀[38;2;189;230;255;48;2;189;230;255m▀[38;2;41;90;131;48;2;41;90;131m▀[38;2;16;16;16;49m▄[48;2;115;156;197m▀[38;2;115;156;197m▀[38;2;16;16;16;48;2;16;16;16m▀[0m       [38;2;41;90;131m▄[48;2;139;197;238m▀[38;2;115;156;197m▀[38;2;139;197;238m▀▀[38;2;115;156;197;48;2;16;16;16m▀[38;2;16;16;16;49m▀[0m
[0m     [38;2;41;90;131;48;2;41;90;131m▀[38;2;189;230;255;48;2;189;230;255m▀▀[38;2;41;90;131;48;2;41;90;131m▀[38;2;16;16;16;48;2;115;156;197m▀[38;2;115;156;197m▀[48;2;41;90;131m▀[38;2;41;90;131;48;2;139;197;238m▀[38;2;16;16;16;48;2;16;16;16m▀[0m   [38;2;41;90;131m▄[38;2;115;156;197m▄[38;2;41;90;131;48;2;139;197;238m▀[38;2;139;197;238m▀▀▀▀[38;2;115;156;197;48;2;115;156;197m▀[38;2;16;16;16;48;2;16;16;16m▀[0m
[0m [38;2;41;90;131;48;2;41;90;131m▀[48;2;115;156;197m▀[49m▄[0m [38;2;41;90;131;48;2;115;156;197m▀[38;2;189;230;255;48;2;189;230;255m▀▀[38;2;16;16;16;48;2;16;16;16m▀[38;2;115;156;197;48;2;41;90;131m▀[38;2;41;90;131;48;2;115;156;197m▀[38;2;139;197;238;48;2;139;197;238m▀[48;2;41;90;131m▀[38;2;16;16;16;48;2;115;156;197m▀[38;2;41;90;131m▀[49m▄[48;2;139;197;238m▀[38;2;139;197;238m▀▀▀▀▀▀[38;2;115;156;197;48;2;115;156;197m▀[48;2;16;16;16m▀[38;2;16;16;16;49m▀[0m
[0m [38;2;41;90;131m▀[38;2;115;156;197;48;2;41;90;131m▀[48;2;115;156;197m▀[38;2;41;90;131;48;2;41;90;131m▀[38;2;139;197;238;48;2;139;197;238m▀[38;2;189;230;255;48;2;189;230;255m▀[38;2;139;197;238;48;2;139;197;238m▀[38;2;16;16;16;48;2;16;16;16m▀[38;2;41;90;131;48;2;139;197;238m▀[38;2;139;197;238m▀▀[38;2;16;16;16;48;2;16;16;16m▀[38;2;115;156;197m▀[38;2;16;16;16;48;2;139;197;238m▀[38;2;139;197;238;48;2;189;230;255m▀▀[38;2;189;230;255;48;2;139;197;238m▀[38;2;139;197;238m▀▀▀▀[38;2;115;156;197;48;2;115;156;197m▀▀[38;2;16;16;16;48;2;16;16;16m▀[0m
[0m  [38;2;41;90;131;48;2;41;90;131m▀[38;2;115;156;197m▀[48;2;115;156;197m▀[38;2;139;197;238;48;2;139;197;238m▀[38;2;189;230;255;48;2;189;230;255m▀[38;2;139;197;238;48;2;139;197;238m▀[38;2;41;90;131m▀[38;2;139;197;238m▀▀[38;2;41;90;131;48;2;16;16;16m▀[38;2;16;16;16;48;2;189;230;255m▀[38;2;139;197;238m▀[38;2;189;230;255m▀[48;2;139;197;238m▀[38;2;139;197;238m▀▀▀▀▀▀[38;2;115;156;197m▀[38;2;41;90;131m▀[48;2;189;230;255m▀▀▀▀▀▀▀▀▀[48;2;139;197;238m▀▀[38;2;16;16;16;49m▄[0m
[38;2;41;90;131;49m▄[48;2;189;230;255m▀[38;2;189;230;255m▀[38;2;41;90;131m▀[38;2;115;156;197;48;2;41;90;131m▀[38;2;139;197;238;48;2;139;197;238m▀▀▀▀[48;2;115;156;197m▀[38;2;41;90;131;48;2;189;230;255m▀[38;2;189;230;255m▀[48;2;139;197;238m▀[38;2;139;197;238;48;2;16;16;16m▀[38;2;16;16;16m▀[38;2;41;90;131m▀[38;2;139;197;238;48;2;41;90;131m▀[48;2;139;197;238m▀▀▀▀▀[38;2;189;230;255m▀▀▀▀▀▀[38;2;139;197;238m▀▀[48;2;115;156;197m▀▀[38;2;115;156;197;48;2;41;90;131m▀[48;2;16;16;16m▀[38;2;16;16;16;49m▀[0m
[38;2;41;90;131;49m▀[38;2;189;230;255;48;2;16;16;16m▀[48;2;41;90;131m▀[38;2;139;197;238;48;2;139;197;238m▀[38;2;115;156;197m▀[48;2;41;90;131m▀[38;2;139;197;238;48;2;115;156;197m▀[38;2;115;156;197;48;2;41;90;131m▀[38;2;41;90;131;48;2;115;156;197m▀[38;2;189;230;255;48;2;139;197;238m▀[38;2;139;197;238m▀[48;2;41;90;131m▀[38;2;16;16;16;48;2;16;16;16m▀▀[48;2;41;90;131m▀[48;2;139;197;238m▀[38;2;41;90;131m▀[38;2;139;197;238m▀▀▀▀▀▀▀▀▀[48;2;115;156;197m▀▀[38;2;115;156;197m▀▀[48;2;16;16;16m▀[38;2;16;16;16;49m▀[0m
[38;2;41;90;131;49m▄[38;2;16;16;16;48;2;115;156;197m▀[48;2;16;16;16m▀[38;2;41;90;131m▀[38;2;139;197;238;48;2;139;197;238m▀[38;2;115;156;197m▀[38;2;41;90;131m▀[38;2;115;156;197m▀[38;2;139;197;238m▀▀▀[38;2;41;90;131m▀▀[38;2;139;197;238m▀[48;2;41;90;131m▀[48;2;16;16;16m▀[38;2;41;90;131m▀[38;2;16;16;16m▀▀[38;2;139;197;238;48;2;41;90;131m▀[48;2;139;197;238m▀▀▀▀[38;2;115;156;197m▀[48;2;115;156;197m▀▀[48;2;16;16;16m▀[38;2;41;90;131;49m▀[38;2;16;16;16m▀[0m
[38;2;41;90;131;48;2;41;90;131m▀[38;2;139;197;238;48;2;139;197;238m▀▀▀▀▀▀▀▀▀▀▀[48;2;16;16;16m▀[38;2;16;16;16;48;2;41;90;131m▀[48;2;172;172;172m▀[38;2;172;172;172m▀[48;2;255;255;255m▀[38;2;16;16;16;48;2;172;172;172m▀[48;2;16;16;16m▀▀[38;2;139;197;238;48;2;41;90;131m▀[48;2;139;197;238m▀▀▀▀[38;2;115;156;197m▀[38;2;16;16;16;48;2;16;16;16m▀[38;2;41;90;131;49m▄[0m
[0m [38;2;16;16;16;48;2;41;90;131m▀[38;2;41;90;131;48;2;172;172;172m▀[38;2;139;197;238;48;2;41;90;131m▀[48;2;139;197;238m▀▀▀▀▀▀▀[38;2;41;90;131;48;2;16;16;16m▀[38;2;16;16;16m▀[38;2;172;172;172m▀[38;2;255;255;255;48;2;255;255;255m▀[38;2;180;65;0;48;2;180;65;0m▀[38;2;255;255;255;48;2;255;255;255m▀▀[38;2;16;16;16;48;2;16;16;16m▀▀▀[38;2;115;156;197;48;2;115;156;197m▀▀[38;2;139;197;238m▀▀[48;2;139;197;238m▀▀[38;2;41;90;131;48;2;115;156;197m▀[49m▄[0m
[0m [38;2;16;16;16;48;2;16;16;16m▀[38;2;255;255;255;48;2;255;255;255m▀[38;2;16;16;16;48;2;41;90;131m▀[38;2;139;197;238;48;2;139;197;238m▀▀▀▀▀▀▀[38;2;115;156;197m▀[38;2;16;16;16;48;2;41;90;131m▀[48;2;16;16;16m▀[38;2;172;172;172m▀[38;2;255;255;255;48;2;172;172;172m▀▀[38;2;172;172;172;48;2;16;16;16m▀[38;2;16;16;16m▀▀[48;2;41;90;131m▀[38;2;115;156;197;48;2;115;156;197m▀▀▀▀▀▀▀▀[38;2;41;90;131;48;2;41;90;131m▀[0m
[0m [38;2;16;16;16m▀[38;2;172;172;172;48;2;16;16;16m▀[38;2;115;156;197;48;2;139;197;238m▀[38;2;139;197;238m▀▀[48;2;115;156;197m▀[38;2;115;156;197;48;2;16;16;16m▀[38;2;139;197;238m▀[48;2;139;197;238m▀▀▀▀[38;2;41;90;131m▀[38;2;16;16;16;48;2;115;156;197m▀[48;2;41;90;131m▀▀▀[38;2;41;90;131;48;2;115;156;197m▀▀[38;2;115;156;197m▀▀▀▀▀▀▀▀▀▀[38;2;41;90;131m▀[49m▄[0m
[0m  [38;2;16;16;16m▀[38;2;139;197;238;48;2;41;90;131m▀[48;2;115;156;197m▀[38;2;115;156;197m▀[48;2;41;90;131m▀[38;2;41;90;131;48;2;115;156;197m▀[38;2;115;156;197m▀[38;2;16;16;16m▀[38;2;115;156;197;48;2;16;16;16m▀[38;2;139;197;238;48;2;41;90;131m▀[48;2;115;156;197m▀[38;2;115;156;197m▀▀▀▀▀▀[48;2;16;16;16m▀[38;2;41;90;131m▀[38;2;16;16;16;48;2;115;156;197m▀▀[38;2;115;156;197;48;2;16;16;16m▀▀▀[48;2;115;156;197m▀▀▀▀▀▀[38;2;41;90;131;48;2;41;90;131m▀[0m
[0m   [38;2;41;90;131m▀[38;2;115;156;197;48;2;41;90;131m▀[48;2;115;156;197m▀[38;2;41;90;131;48;2;41;90;131m▀[38;2;115;156;197;48;2;115;156;197m▀[38;2;139;197;238;48;2;139;197;238m▀▀▀[38;2;115;156;197m▀[38;2;16;16;16;48;2;115;156;197m▀[38;2;115;156;197;48;2;16;16;16m▀▀[48;2;115;156;197m▀▀▀▀[38;2;16;16;16;48;2;16;16;16m▀[38;2;115;156;197;48;2;115;156;197m▀▀▀▀▀▀[38;2;16;16;16m▀[48;2;41;90;131m▀[48;2;16;16;16m▀[49m▀▀▀[0m
[0m    [38;2;16;16;16m▀[38;2;115;156;197;48;2;16;16;16m▀[38;2;41;90;131;48;2;115;156;197m▀[38;2;115;156;197;48;2;41;90;131m▀[38;2;139;197;238;48;2;115;156;197m▀[48;2;139;197;238m▀▀▀▀[48;2;115;156;197m▀[38;2;115;156;197m▀[38;2;16;16;16m▀▀[38;2;115;156;197;48;2;16;16;16m▀▀[38;2;16;16;16;48;2;115;156;197m▀[38;2;115;156;197m▀▀▀▀[48;2;41;90;131m▀▀[38;2;41;90;131;48;2;115;156;197m▀[38;2;115;156;197m▀[38;2;16;16;16;48;2;16;16;16m▀[0m
[0m      [38;2;16;16;16m▀▀[38;2;41;90;131;48;2;16;16;16m▀[38;2;115;156;197;48;2;41;90;131m▀▀[48;2;115;156;197m▀▀▀▀▀▀▀▀[48;2;41;90;131m▀▀▀[38;2;41;90;131;48;2;115;156;197m▀▀[38;2;115;156;197m▀▀▀▀[38;2;16;16;16;48;2;16;16;16m▀[0m
[0m         [38;2;16;16;16m▀[38;2;115;156;197;48;2;16;16;16m▀[38;2;41;90;131;48;2;115;156;197m▀▀▀▀▀▀▀▀[38;2;115;156;197m▀▀▀▀[48;2;41;90;131m▀[38;2;41;90;131;48;2;115;156;197m▀▀[38;2;16;16;16;48;2;41;90;131m▀[38;2;115;156;197;48;2;16;16;16m▀[38;2;16;16;16;49m▀[0m
[0m           [38;2;16;16;16;48;2;41;90;131m▀[38;2;115;156;197;48;2;16;16;16m▀[48;2;115;156;197m▀▀▀▀▀▀▀▀▀▀[38;2;41;90;131m▀[38;2;115;156;197;48;2;16;16;16m▀[48;2;41;90;131m▀[48;2;115;156;197m▀[38;2;16;16;16m▀[49m▄[0m
[0m           [38;2;41;90;131;48;2;41;90;131m▀[38;2;115;156;197;48;2;16;16;16m▀[38;2;16;16;16;49m▀[38;2;41;90;131;48;2;16;16;16m▀[38;2;115;156;197m▀[48;2;41;90;131m▀▀▀▀▀▀[38;2;41;90;131;48;2;115;156;197m▀▀▀[38;2;16;16;16m▀[48;2;41;90;131m▀[49m▀▀[0m
[0m                [38;2;16;16;16m▀▀[38;2;115;156;197;48;2;16;16;16m▀▀[48;2;41;90;131m▀[48;2;115;156;197m▀▀▀▀[48;2;16;16;16m▀[38;2;16;16;16;49m▀[0m
[0m                     [38;2;16;16;16m▀▀▀▀[0m
