[0m           [38;2;82;115;57m▄▄▄[0m  [38;2;0;0;0m▄[38;2;82;115;57;48;2;205;246;139m▀▀[38;2;0;0;0;49m▄[0m
[0m          [38;2;82;115;57;48;2;82;115;57m▀[38;2;148;180;57;48;2;172;222;106m▀[38;2;172;222;106m▀[48;2;148;180;57m▀[38;2;82;115;57m▀[38;2;0;0;0;48;2;0;0;0m▀[38;2;205;246;139;48;2;205;246;139m▀▀[38;2;172;222;106;48;2;172;222;106m▀▀[38;2;0;0;0;48;2;0;0;0m▀[0m
[0m         [38;2;82;115;57;48;2;82;115;57m▀[38;2;172;222;106;48;2;172;222;106m▀▀[38;2;148;180;57;48;2;148;180;57m▀▀[38;2;0;0;0;48;2;0;0;0m▀[38;2;148;180;57;48;2;172;222;106m▀[38;2;205;246;139;48;2;205;246;139m▀[38;2;172;222;106;48;2;172;222;106m▀▀▀▀[38;2;0;0;0;48;2;0;0;0m▀[0m
[0m         [38;2;82;115;57;48;2;82;115;57m▀[38;2;172;222;106;48;2;172;222;106m▀▀[38;2;148;180;57m▀[48;2;82;115;57m▀[38;2;82;115;57;48;2;148;180;57m▀[38;2;172;222;106;48;2;172;222;106m▀▀▀[48;2;82;115;57m▀▀[48;2;164;131;0m▀[48;2;172;222;106m▀[38;2;0;0;0;48;2;0;0;0m▀[0m
[0m        [38;2;164;131;0;48;2;164;131;0m▀[38;2;82;115;57;48;2;255;230;82m▀[38;2;172;222;106;48;2;82;115;57m▀[48;2;172;222;106m▀▀[38;2;82;115;57;48;2;148;180;57m▀[38;2;172;222;106;48;2;172;222;106m▀▀[48;2;82;115;57m▀[38;2;82;115;57;48;2;255;255;255m▀[38;2;255;255;255m▀[38;2;0;0;0;48;2;0;0;0m▀[38;2;255;164;32;48;2;255;255;255m▀[38;2;148;180;57;48;2;255;164;32m▀[38;2;0;0;0;48;2;172;222;106m▀[49m▄[0m
[0m        [38;2;164;131;0;48;2;164;131;0m▀[38;2;255;230;82;48;2;255;164;32m▀[38;2;82;115;57;48;2;82;115;57m▀[38;2;172;222;106;48;2;148;180;57m▀[48;2;172;222;106m▀▀▀[38;2;148;180;57m▀[38;2;164;131;0;48;2;164;131;0m▀[38;2;255;230;82;48;2;255;230;82m▀[38;2;255;255;255m▀[38;2;0;0;0;48;2;0;0;0m▀[38;2;255;230;82;48;2;255;164;32m▀[38;2;164;131;0;48;2;164;131;0m▀[38;2;172;222;106;48;2;148;180;57m▀[38;2;0;0;0;48;2;0;0;0m▀[0m
[0m  [38;2;82;115;57m▄▄[0m    [38;2;164;131;0m▀[38;2;255;164;32;48;2;82;115;57m▀[38;2;82;115;57;48;2;148;180;57m▀[38;2;205;246;139;48;2;205;246;139m▀[38;2;172;222;106m▀[48;2;172;222;106m▀▀▀[38;2;164;131;0m▀[38;2;255;164;32;48;2;164;131;0m▀[48;2;255;164;32m▀[38;2;164;131;0m▀[38;2;255;164;32;48;2;164;131;0m▀[38;2;164;131;0;48;2;148;180;57m▀[38;2;148;180;57m▀[38;2;0;0;0;48;2;0;0;0m▀[0m        [38;2;82;115;57m▄▄▄[0m
[0m [38;2;82;115;57;48;2;0;0;0m▀[38;2;172;222;106;48;2;172;222;106m▀[38;2;148;180;57m▀[38;2;0;0;0;48;2;0;0;0m▀[38;2;82;115;57;49m▄[0m  [38;2;82;115;57;48;2;82;115;57m▀[38;2;172;222;106;48;2;172;222;106m▀[38;2;205;246;139m▀▀[38;2;172;222;106m▀▀▀▀▀[48;2;148;180;57m▀[38;2;164;131;0m▀▀[38;2;148;180;57;48;2;0;0;0m▀[48;2;148;180;57m▀[48;2;0;0;0m▀[38;2;0;0;0;49m▀[0m      [38;2;82;115;57m▄[48;2;0;0;0m▀[38;2;148;180;57m▀[38;2;172;222;106;48;2;172;222;106m▀▀[38;2;0;0;0;48;2;0;0;0m▀[38;2;82;115;57;49m▄[0m
[38;2;0;0;0;48;2;0;0;0m▀[38;2;82;115;57;48;2;172;222;106m▀▀[38;2;148;180;57;48;2;82;115;57m▀[48;2;148;180;57m▀[38;2;0;0;0;48;2;0;0;0m▀[0m  [38;2;82;115;57m▀[38;2;172;222;106;48;2;82;115;57m▀[48;2;172;222;106m▀▀[38;2;82;115;57m▀[38;2;172;222;106m▀[48;2;0;0;0m▀[38;2;82;115;57m▀[38;2;0;0;0;48;2;222;74;106m▀▀▀[48;2;172;57;74m▀[38;2;148;180;57;48;2;148;180;57m▀[48;2;0;0;0m▀[38;2;0;0;0;49m▀[0m      [38;2;82;115;57;48;2;0;0;0m▀[38;2;172;222;106;48;2;148;180;57m▀[48;2;172;222;106m▀▀[38;2;0;0;0;48;2;0;0;0m▀[48;2;82;115;57m▀[48;2;148;180;57m▀[38;2;172;222;106;48;2;172;222;106m▀[38;2;0;0;0;48;2;0;0;0m▀[0m
[38;2;0;0;0;49m▀[38;2;172;222;106;48;2;0;0;0m▀▀[38;2;148;180;57;48;2;148;180;57m▀▀[38;2;0;0;0m▀[38;2;82;115;57m▀[49m▄▄▄▀[38;2;0;0;0m▀▀▀[38;2;82;115;57;48;2;82;115;57m▀[38;2;222;74;106;48;2;172;57;74m▀[48;2;222;74;106m▀[48;2;172;57;74m▀[38;2;172;57;74;48;2;148;180;57m▀[38;2;148;180;57;48;2;0;0;0m▀[38;2;0;0;0;49m▀[0m  [38;2;82;115;57m▄▄▄[48;2;172;222;106m▀▀▀[38;2;0;0;0;48;2;82;115;57m▀[38;2;148;180;57;48;2;148;180;57m▀[38;2;0;0;0m▀▀[38;2;82;115;57m▀[48;2;0;0;0m▀[38;2;0;0;0;49m▀▀[0m
[0m  [38;2;0;0;0m▀[38;2;148;180;57;48;2;0;0;0m▀▀[38;2;172;222;106m▀▀[48;2;82;115;57m▀[48;2;172;222;106m▀▀[38;2;82;115;57m▀▀[48;2;148;180;57m▀▀[38;2;148;180;57;48;2;0;0;0m▀[38;2;0;0;0;48;2;222;74;106m▀[38;2;222;74;106m▀[38;2;172;57;74;48;2;172;57;74m▀[38;2;148;180;57;48;2;82;115;57m▀[48;2;148;180;57m▀[38;2;82;115;57m▀▀[48;2;172;222;106m▀[38;2;172;222;106m▀▀▀[48;2;0;0;0m▀▀▀[38;2;148;180;57m▀[48;2;82;115;57m▀[38;2;0;0;0;49m▀▀[38;2;82;115;57m▀[0m
[0m        [38;2;0;0;0m▀▀[38;2;82;115;57m▀[38;2;148;180;57;48;2;0;0;0m▀▀[38;2;82;115;57;48;2;172;57;74m▀[38;2;0;0;0;48;2;222;74;106m▀[38;2;222;74;106;48;2;238;98;123m▀▀[48;2;222;74;106m▀[38;2;172;57;74;48;2;172;57;74m▀[38;2;148;180;57;48;2;82;115;57m▀[48;2;0;0;0m▀▀▀[38;2;0;0;0;49m▀▀[38;2;82;115;57m▀[0m
[0m             [38;2;172;57;74;48;2;222;74;106m▀[38;2;238;98;123;48;2;238;98;123m▀▀▀▀[38;2;222;74;106m▀[38;2;172;57;74;48;2;172;57;74m▀[38;2;148;180;57;48;2;148;180;57m▀[38;2;0;0;0;48;2;0;0;0m▀[0m
[0m            [38;2;0;0;0;48;2;0;0;0m▀[38;2;238;98;123;48;2;238;98;123m▀▀▀▀▀▀[38;2;172;57;74;48;2;172;57;74m▀[38;2;148;180;57;48;2;148;180;57m▀▀[38;2;0;0;0;48;2;0;0;0m▀[0m
[0m            [38;2;0;0;0m▀[38;2;238;98;123;48;2;172;57;74m▀▀▀▀▀[38;2;172;57;74;48;2;222;74;106m▀[48;2;172;57;74m▀[38;2;148;180;57;48;2;148;180;57m▀[48;2;82;115;57m▀[38;2;0;0;0;48;2;0;0;0m▀[0m             [38;2;49;74;41m▄▄▄[0m
[0m             [38;2;0;0;0;48;2;82;115;57m▀[38;2;222;74;106;48;2;0;0;0m▀[48;2;172;57;74m▀▀▀[38;2;172;57;74;48;2;82;115;57m▀[38;2;82;115;57m▀▀[48;2;0;0;0m▀[38;2;0;0;0;48;2;57;106;57m▀[38;2;49;74;41m▀▀[48;2;90;156;90m▀[38;2;57;106;57m▀▀▀▀[49m▄[38;2;49;74;41m▄▄[0m [38;2;49;74;41m▄[48;2;90;156;90m▀[38;2;90;156;90m▀▀▀[38;2;49;74;41;48;2;0;0;0m▀[0m
[0m             [38;2;82;115;57;48;2;82;115;57m▀[48;2;148;180;57m▀[48;2;82;115;57m▀[38;2;0;0;0;48;2;0;0;0m▀[48;2;49;74;41m▀[38;2;82;115;57;48;2;0;0;0m▀[48;2;148;180;57m▀[38;2;148;180;57m▀[38;2;0;0;0;48;2;0;0;0m▀[38;2;57;106;57;48;2;57;106;57m▀▀[38;2;90;156;90;48;2;90;156;90m▀▀▀▀▀▀▀▀▀[38;2;0;0;0m▀▀[38;2;57;106;57;48;2;0;0;0m▀[38;2;90;156;90;48;2;57;106;57m▀▀[38;2;57;106;57m▀▀[38;2;0;0;0;48;2;0;0;0m▀[0m
[0m            [38;2;0;0;0m▄[38;2;82;115;57;48;2;148;180;57m▀[38;2;148;180;57m▀[38;2;82;115;57;48;2;0;0;0m▀[38;2;0;0;0;49m▀[38;2;49;74;41;48;2;0;0;0m▀[38;2;0;0;0;48;2;49;74;41m▀[38;2;148;180;57;48;2;0;0;0m▀[48;2;148;180;57m▀▀[38;2;0;0;0;48;2;0;0;0m▀[38;2;57;106;57;48;2;57;106;57m▀▀[38;2;90;156;90m▀[48;2;90;156;90m▀▀[48;2;57;106;57m▀[38;2;57;106;57;48;2;90;156;90m▀[38;2;90;156;90;48;2;57;106;57m▀[38;2;57;106;57;48;2;90;156;90m▀[38;2;90;156;90;48;2;57;106;57m▀[48;2;90;156;90m▀[48;2;57;106;57m▀[38;2;57;106;57m▀[38;2;0;0;0m▀[38;2;57;106;57m▀▀▀[38;2;0;0;0;48;2;0;0;0m▀[0m
[0m      [38;2;82;115;57m▄[48;2;172;222;106m▀▀[49m▄▄[38;2;0;0;0;48;2;148;180;57m▀[38;2;82;115;57m▀[38;2;148;180;57m▀▀[38;2;0;0;0;48;2;0;0;0m▀[0m [38;2;0;0;0m▀[38;2;49;74;41;48;2;0;0;0m▀[38;2;0;0;0m▀[38;2;148;180;57;48;2;148;180;57m▀▀[38;2;0;0;0m▀[38;2;49;74;41;48;2;0;0;0m▀[38;2;57;106;57m▀[48;2;57;106;57m▀▀▀[38;2;90;156;90m▀[38;2;57;106;57m▀[38;2;90;156;90m▀[38;2;57;106;57m▀[38;2;90;156;90m▀[38;2;57;106;57m▀▀▀▀▀[48;2;49;74;41m▀[38;2;0;0;0;48;2;0;0;0m▀[0m
[0m      [38;2;82;115;57;48;2;82;115;57m▀[38;2;172;222;106;48;2;0;0;0m▀[38;2;0;0;0;48;2;172;222;106m▀▀[38;2;148;180;57;48;2;148;180;57m▀[48;2;82;115;57m▀[38;2;82;115;57;48;2;148;180;57m▀[38;2;148;180;57m▀[48;2;82;115;57m▀[38;2;0;0;0;48;2;0;0;0m▀[0m  [38;2;0;0;0m▄[48;2;82;115;57m▀[38;2;148;180;57;48;2;148;180;57m▀▀▀[38;2;0;0;0;48;2;0;0;0m▀[38;2;49;74;41;48;2;49;74;41m▀[38;2;0;0;0m▀▀[38;2;57;106;57;48;2;0;0;0m▀▀▀[48;2;57;106;57m▀▀▀▀▀▀[48;2;0;0;0m▀▀[38;2;0;0;0;49m▀[0m
[0m       [38;2;0;0;0m▀[38;2;172;222;106;48;2;0;0;0m▀▀[38;2;148;180;57m▀[38;2;0;0;0;48;2;82;115;57m▀[38;2;172;222;106;48;2;172;222;106m▀▀[38;2;0;0;0;48;2;0;0;0m▀[0m  [38;2;0;0;0m▄[48;2;172;222;106m▀[38;2;82;115;57m▀[38;2;148;180;57;48;2;82;115;57m▀[48;2;148;180;57m▀[38;2;82;115;57m▀[38;2;148;180;57;48;2;82;115;57m▀[38;2;0;0;0;48;2;172;222;106m▀[38;2;49;74;41;48;2;0;0;0m▀[38;2;0;0;0;49m▀▀[0m  [38;2;0;0;0m▀▀▀▀▀▀[0m
[0m            [38;2;0;0;0m▀▀[0m   [38;2;0;0;0m▀[38;2;172;222;106;48;2;0;0;0m▀▀[38;2;82;115;57m▀[38;2;172;222;106;48;2;172;222;106m▀▀[38;2;82;115;57;48;2;0;0;0m▀[38;2;172;222;106m▀[38;2;0;0;0;49m▀[0m
[0m                     [38;2;0;0;0m▀▀[0m
