[0m                        [38;2;49;82;49m▄▄[48;2;82;148;74m▀▀▀▀▀▀[48;2;65;115;74m▀▀▀▀[49m▄▄▄[38;2;0;0;0m▄[0m
[0m                     [38;2;0;0;0m▄[38;2;49;82;49;48;2;65;115;74m▀▀[38;2;65;115;74;48;2;82;148;74m▀[38;2;82;148;74m▀▀▀▀▀▀▀▀▀[38;2;65;115;74m▀▀▀[48;2;65;115;74m▀▀▀[38;2;0;0;0m▀▀▀[49m▄▄[0m
[0m                 [38;2;57;98;49m▄▄▄[38;2;0;0;0;48;2;0;0;0m▀[38;2;65;115;74;48;2;65;115;74m▀▀[48;2;0;0;0m▀▀[38;2;0;0;0;49m▀▀▀[38;2;49;82;49m▀▀▀[38;2;65;115;74m▀▀[38;2;82;148;74;48;2;65;115;74m▀[48;2;49;82;49m▀[48;2;0;0;0m▀▀▀[38;2;65;115;74m▀[48;2;65;115;74m▀▀▀▀▀▀[38;2;0;0;0m▀▀[49m▄▄[0m
[0m                [38;2;57;98;49;48;2;98;172;74m▀[38;2;98;172;74;48;2;139;205;123m▀[38;2;139;205;123m▀[38;2;0;0;0;48;2;0;0;0m▀[38;2;65;115;74;48;2;65;115;74m▀[48;2;0;0;0m▀[38;2;0;0;0;48;2;139;205;123m▀[38;2;139;205;123m▀▀[38;2;0;0;0m▀[49m▄[0m            [38;2;0;0;0m▀▀▀[38;2;65;115;74;48;2;0;0;0m▀▀▀[48;2;65;115;74m▀▀▀▀[38;2;0;0;0m▀[49m▄[0m
[0m               [38;2;57;98;49;48;2;57;98;49m▀[38;2;139;205;123;48;2;139;205;123m▀[48;2;98;172;74m▀[38;2;0;0;0;48;2;82;148;57m▀[38;2;65;115;74;48;2;139;205;123m▀[38;2;0;0;0m▀[38;2;139;205;123m▀▀▀▀▀[38;2;0;0;0;48;2;98;172;74m▀[49m▄[0m                 [38;2;0;0;0m▀▀[38;2;65;115;74;48;2;0;0;0m▀▀[48;2;65;115;74m▀▀[38;2;0;0;0m▀[49m▄[0m
[0m              [38;2;57;98;49;48;2;57;98;49m▀[38;2;139;205;123;48;2;139;205;123m▀▀▀▀[48;2;82;148;57m▀[48;2;139;205;123m▀[48;2;98;172;74m▀[48;2;238;230;106m▀[38;2;197;148;8m▀[48;2;197;148;8m▀[38;2;98;172;74;48;2;98;172;74m▀▀[38;2;0;0;0;48;2;0;0;0m▀[0m                     [38;2;0;0;0m▀[38;2;65;115;74;48;2;0;0;0m▀[48;2;65;115;74m▀▀[38;2;0;0;0m▀[49m▄[0m
[0m             [38;2;57;98;49m▄[48;2;139;205;123m▀[38;2;139;205;123m▀▀▀[38;2;82;148;57;48;2;82;148;57m▀[38;2;139;205;123;48;2;139;205;123m▀[48;2;0;0;0m▀[38;2;0;0;0m▀[38;2;238;230;106;48;2;238;230;106m▀[48;2;82;148;57m▀[38;2;98;172;74;48;2;98;172;74m▀[38;2;123;49;57;48;2;123;49;57m▀[38;2;98;172;74;48;2;98;172;74m▀▀[38;2;0;0;0;48;2;57;98;49m▀[0m                      [38;2;0;0;0m▀[38;2;65;115;74;48;2;0;0;0m▀[48;2;65;115;74m▀[38;2;0;0;0m▀[49m▄[0m
[0m             [38;2;57;98;49;48;2;57;98;49m▀[38;2;139;205;123;48;2;139;205;123m▀▀▀[48;2;98;172;74m▀▀[38;2;82;148;57m▀[38;2;197;148;8m▀[38;2;82;148;57m▀[38;2;98;172;74;48;2;0;0;0m▀▀[38;2;0;0;0;48;2;197;57;65m▀[38;2;197;57;65m▀[38;2;123;49;57;48;2;123;49;57m▀[38;2;98;172;74;48;2;98;172;74m▀▀[38;2;0;0;0;48;2;0;0;0m▀[0m                       [38;2;0;0;0;48;2;0;0;0m▀[38;2;65;115;74;48;2;65;115;74m▀[38;2;0;0;0m▀[49m▄[0m
[0m             [38;2;57;98;49;48;2;57;98;49m▀[38;2;98;172;74;48;2;98;172;74m▀[38;2;57;98;49m▀[38;2;98;172;74m▀[48;2;57;98;49m▀[48;2;0;0;0m▀[38;2;57;98;49;48;2;197;57;65m▀[38;2;0;0;0m▀▀[38;2;197;57;65m▀▀▀▀▀[38;2;90;115;57;48;2;90;115;57m▀[38;2;98;172;74;48;2;98;172;74m▀▀[38;2;57;98;49m▀[38;2;0;0;0;49m▄[0m                      [38;2;0;0;0;48;2;0;0;0m▀[38;2;65;115;74;48;2;65;115;74m▀[38;2;0;0;0;48;2;0;0;0m▀[0m
[0m              [38;2;0;0;0m▀[38;2;98;172;74;48;2;0;0;0m▀▀[38;2;57;98;49;48;2;57;98;49m▀[38;2;123;49;57;49m▀▀▀[38;2;197;57;65;48;2;123;49;57m▀▀▀[48;2;197;57;65m▀▀▀▀[38;2;82;148;57m▀[38;2;98;172;74;48;2;82;148;57m▀[48;2;98;172;74m▀[38;2;0;0;0m▀[49m▄[0m                     [38;2;0;0;0;48;2;0;0;0m▀[38;2;65;115;74;48;2;65;115;74m▀[38;2;0;0;0;48;2;0;0;0m▀[0m
[0m           [38;2;0;0;0m▄[38;2;57;98;49;48;2;139;205;123m▀▀[38;2;0;0;0;49m▄[0m         [38;2;123;49;57m▀[38;2;197;57;65;48;2;123;49;57m▀[48;2;197;57;65m▀▀▀[38;2;82;148;57m▀[38;2;98;172;74;48;2;82;148;57m▀[48;2;98;172;74m▀[38;2;57;98;49m▀▀▀[49m▄[0m         [38;2;57;98;49m▄[48;2;98;172;74m▀[48;2;139;205;123m▀▀[49m▄[0m    [38;2;0;0;0;48;2;0;0;0m▀[49m▀[0m
[0m         [38;2;57;98;49m▄▄[38;2;0;0;0;48;2;0;0;0m▀[38;2;139;205;123;48;2;98;172;74m▀[48;2;139;205;123m▀[38;2;98;172;74;48;2;98;172;74m▀[38;2;0;0;0;48;2;0;0;0m▀[0m       [38;2;0;0;0m▄[38;2;57;98;49;48;2;98;172;74m▀[38;2;98;172;74m▀[38;2;197;57;65;48;2;197;57;65m▀▀▀▀[38;2;82;148;57;48;2;90;115;57m▀[38;2;98;172;74;48;2;98;172;74m▀▀▀▀[38;2;0;0;0;48;2;0;0;0m▀[0m        [38;2;0;0;0m▄[38;2;57;98;49;48;2;98;172;74m▀[38;2;139;205;123;48;2;139;205;123m▀▀[38;2;98;172;74;48;2;0;0;0m▀[38;2;0;0;0m▀[0m
[0m        [38;2;0;0;0;48;2;0;0;0m▀[38;2;139;205;123;48;2;139;205;123m▀[38;2;98;172;74m▀[48;2;57;98;49m▀[38;2;0;0;0;48;2;0;0;0m▀[38;2;98;172;74;48;2;98;172;74m▀[48;2;0;0;0m▀[38;2;57;98;49;48;2;57;98;49m▀[38;2;0;0;0;48;2;82;148;57m▀[49m▄[0m    [38;2;57;98;49m▄[48;2;98;172;74m▀[38;2;98;172;74m▀▀[38;2;123;49;57;48;2;123;49;57m▀[38;2;197;57;65;48;2;238;82;98m▀▀▀[48;2;197;57;65m▀[38;2;82;148;57;48;2;82;148;57m▀[38;2;57;98;49m▀[38;2;98;172;74;48;2;0;0;0m▀[48;2;98;172;74m▀[48;2;139;205;123m▀[38;2;0;0;0;48;2;0;0;0m▀[0m     [38;2;0;0;0m▄[48;2;82;148;57m▀▀[38;2;98;172;74;48;2;0;0;0m▀[38;2;57;98;49m▀[38;2;0;0;0;48;2;98;172;74m▀[38;2;57;98;49;48;2;82;148;57m▀[48;2;98;172;74m▀[48;2;139;205;123m▀[49m▄[0m
[0m        [38;2;0;0;0m▀[38;2;139;205;123;48;2;0;0;0m▀[48;2;139;205;123m▀[38;2;0;0;0;48;2;0;0;0m▀[38;2;57;98;49m▀[38;2;0;0;0;48;2;57;98;49m▀▀[38;2;57;98;49m▀[38;2;82;148;57;48;2;82;148;57m▀▀[38;2;57;98;49m▀▀[38;2;0;0;0;49m▄[38;2;57;98;49;48;2;98;172;74m▀[38;2;98;172;74m▀▀[48;2;0;0;0m▀[38;2;0;0;0;48;2;123;49;57m▀[38;2;197;57;65;48;2;238;82;98m▀[38;2;238;82;98m▀▀▀▀[38;2;90;115;57;48;2;90;115;57m▀[38;2;82;148;57;48;2;82;148;57m▀▀[38;2;57;98;49;48;2;0;0;0m▀[38;2;139;205;123;48;2;139;205;123m▀▀[38;2;0;0;0m▀[49m▄▄[48;2;139;205;123m▀[38;2;57;98;49m▀[38;2;98;172;74m▀[38;2;82;148;57;48;2;98;172;74m▀▀[48;2;82;148;57m▀▀[48;2;57;98;49m▀[38;2;57;98;49;48;2;0;0;0m▀[38;2;139;205;123;48;2;139;205;123m▀▀[38;2;0;0;0;48;2;0;0;0m▀[0m
[0m    [38;2;49;82;49m▄▄[48;2;65;115;74m▀▀▀[38;2;0;0;0m▀[38;2;139;205;123;48;2;0;0;0m▀[38;2;0;0;0;48;2;65;115;74m▀[38;2;49;82;49;48;2;49;82;49m▀[38;2;0;0;0m▀▀▀[38;2;82;148;57;48;2;0;0;0m▀▀[48;2;82;148;57m▀▀▀[38;2;98;172;74;48;2;98;172;74m▀[48;2;57;98;49m▀[38;2;57;98;49;49m▀[38;2;123;49;57m▄[48;2;238;82;98m▀[38;2;238;82;98m▀▀▀▀▀▀[38;2;82;148;57;48;2;90;115;57m▀[48;2;82;148;57m▀▀[38;2;0;0;0;48;2;57;98;49m▀[38;2;139;205;123;48;2;0;0;0m▀[48;2;82;148;57m▀[48;2;139;205;123m▀▀▀▀[48;2;98;172;74m▀[38;2;98;172;74;48;2;0;0;0m▀▀[38;2;0;0;0;49m▀[48;2;49;82;49m▀[48;2;0;0;0m▀[38;2;98;172;74m▀▀[38;2;0;0;0;48;2;49;82;49m▀[49m▄[0m
[0m [38;2;49;82;49m▄[48;2;82;148;74m▀▀[38;2;82;148;74m▀▀▀[38;2;65;115;74;48;2;0;0;0m▀▀[48;2;49;82;49m▀[38;2;49;82;49;48;2;65;115;74m▀▀[38;2;65;115;74m▀[38;2;49;82;49m▀[48;2;49;82;49m▀[38;2;0;0;0;48;2;0;0;0m▀[0m  [38;2;0;0;0m▀▀[38;2;98;172;74;48;2;57;98;49m▀▀▀[38;2;57;98;49;49m▀[38;2;123;49;57;48;2;123;49;57m▀[38;2;238;82;98;48;2;238;82;98m▀▀▀▀▀▀▀[38;2;90;115;57;48;2;197;57;65m▀[38;2;82;148;57;48;2;98;172;74m▀[48;2;82;148;57m▀[38;2;57;98;49;48;2;57;98;49m▀[38;2;0;0;0;49m▄[48;2;98;172;74m▀[38;2;98;172;74m▀[38;2;139;205;123;48;2;0;0;0m▀[38;2;98;172;74m▀[38;2;0;0;0;49m▀▀[0m [38;2;49;82;49m▄[48;2;65;115;74m▀[38;2;65;115;74m▀[48;2;49;82;49m▀[48;2;65;115;74m▀[38;2;49;82;49m▀[38;2;65;115;74;48;2;49;82;49m▀[48;2;65;115;74m▀[38;2;0;0;0;48;2;82;148;74m▀[38;2;49;82;49m▀[38;2;0;0;0;49m▄[0m
[38;2;49;82;49;48;2;49;82;49m▀[38;2;82;148;74;48;2;0;0;0m▀▀▀[38;2;49;82;49;49m▀[38;2;0;0;0m▀▀[38;2;49;82;49;48;2;49;82;49m▀[38;2;65;115;74;48;2;82;148;74m▀[38;2;82;148;74m▀▀[38;2;65;115;74;48;2;49;82;49m▀[38;2;49;82;49;48;2;65;115;74m▀[38;2;65;115;74;48;2;82;148;74m▀[48;2;65;115;74m▀[38;2;0;0;0;48;2;0;0;0m▀[0m       [38;2;123;49;57;48;2;123;49;57m▀[38;2;238;82;98;48;2;238;82;98m▀▀▀▀▀▀▀▀▀[38;2;90;115;57;48;2;90;115;57m▀[38;2;98;172;74;48;2;98;172;74m▀[38;2;82;148;57m▀[38;2;0;0;0;48;2;57;98;49m▀[49m▀▀[0m    [38;2;49;82;49m▄[48;2;82;148;74m▀[38;2;82;148;74m▀[38;2;65;115;74;48;2;65;115;74m▀[38;2;49;82;49;48;2;49;82;49m▀[38;2;65;115;74;48;2;65;115;74m▀▀[38;2;0;0;0m▀[38;2;82;148;74;48;2;0;0;0m▀[48;2;82;148;74m▀▀▀[38;2;0;0;0m▀[49m▄[0m
[0m     [38;2;49;82;49m▄[48;2;82;148;74m▀[38;2;82;148;74m▀▀▀[38;2;65;115;74;48;2;0;0;0m▀[38;2;0;0;0;48;2;49;82;49m▀[38;2;82;148;74;48;2;82;148;74m▀▀[38;2;0;0;0;48;2;0;0;0m▀[0m      [38;2;57;98;49m▄[38;2;123;49;57;48;2;123;49;57m▀[38;2;98;172;74;48;2;98;172;74m▀[48;2;139;205;123m▀[38;2;238;82;98m▀▀▀▀▀[38;2;139;205;123m▀▀[38;2;98;172;74;48;2;98;172;74m▀[38;2;90;115;57;48;2;90;115;57m▀[38;2;98;172;74;48;2;98;172;74m▀▀[38;2;57;98;49m▀[49m▄[0m     [38;2;49;82;49;48;2;49;82;49m▀[38;2;82;148;74;48;2;82;148;74m▀▀[48;2;0;0;0m▀[38;2;0;0;0m▀[38;2;65;115;74;48;2;82;148;74m▀[38;2;82;148;74m▀▀[38;2;0;0;0m▀[38;2;49;82;49;48;2;0;0;0m▀[38;2;82;148;74;48;2;49;82;49m▀[48;2;82;148;74m▀▀▀[38;2;0;0;0;48;2;65;115;74m▀[49m▄[0m
[0m    [38;2;49;82;49m▄[48;2;82;148;74m▀[38;2;82;148;74m▀[48;2;49;82;49m▀[38;2;65;115;74m▀[38;2;49;82;49;49m▀[48;2;49;82;49m▀[38;2;82;148;74;48;2;82;148;74m▀▀[48;2;65;115;74m▀[38;2;0;0;0;49m▀[0m    [38;2;98;172;74m▄[38;2;82;148;57;48;2;98;172;74m▀▀[38;2;197;57;65;48;2;197;57;65m▀[38;2;238;82;98;48;2;238;82;98m▀[38;2;98;172;74m▀[38;2;139;205;123m▀▀▀▀▀▀[38;2;238;82;98m▀[38;2;90;115;57;48;2;90;115;57m▀[38;2;98;172;74;48;2;98;172;74m▀[48;2;139;205;123m▀▀[48;2;98;172;74m▀[38;2;0;0;0m▀[49m▄[0m   [38;2;49;82;49;48;2;49;82;49m▀[38;2;82;148;74;48;2;82;148;74m▀▀[48;2;0;0;0m▀[38;2;0;0;0;49m▀[0m [38;2;0;0;0;48;2;0;0;0m▀[38;2;82;148;74;48;2;82;148;74m▀▀▀[38;2;0;0;0m▀[49m▄[38;2;49;82;49m▀▀[38;2;82;148;74;48;2;49;82;49m▀[48;2;82;148;74m▀[38;2;0;0;0m▀[49m▄[0m
[0m    [38;2;49;82;49;48;2;49;82;49m▀[38;2;82;148;74;48;2;0;0;0m▀[38;2;0;0;0;49m▀[0m   [38;2;49;82;49;48;2;49;82;49m▀[38;2;82;148;74;48;2;82;148;74m▀▀[38;2;0;0;0;48;2;0;0;0m▀[0m   [38;2;98;172;74m▄[48;2;139;205;123m▀[38;2;139;205;123m▀▀▀[38;2;197;57;65;48;2;98;172;74m▀[38;2;238;82;98;48;2;197;57;65m▀[48;2;238;82;98m▀▀▀▀▀▀▀[38;2;197;57;65;48;2;57;98;49m▀[38;2;57;98;49;48;2;98;172;74m▀[38;2;139;205;123;48;2;139;205;123m▀▀▀▀[38;2;98;172;74m▀[38;2;0;0;0;48;2;98;172;74m▀[49m▄[0m  [38;2;49;82;49;48;2;0;0;0m▀[38;2;82;148;74;48;2;82;148;74m▀[48;2;0;0;0m▀[38;2;0;0;0;49m▀[0m   [38;2;0;0;0m▀[38;2;82;148;74;48;2;65;115;74m▀[48;2;82;148;74m▀▀[38;2;0;0;0;48;2;0;0;0m▀[0m   [38;2;49;82;49m▀[38;2;0;0;0m▀▀[0m
[0m          [38;2;49;82;49m▀[38;2;82;148;74;48;2;0;0;0m▀[38;2;0;0;0m▀[0m   [38;2;82;148;57m▄[38;2;98;172;74;48;2;139;205;123m▀[38;2;139;205;123m▀▀▀[48;2;98;172;74m▀[38;2;98;172;74m▀[38;2;123;49;57m▀[38;2;197;57;65;48;2;123;49;57m▀[38;2;238;82;98;48;2;197;57;65m▀▀▀▀[38;2;197;57;65m▀▀[38;2;57;98;49;48;2;0;0;0m▀[38;2;98;172;74;48;2;98;172;74m▀[38;2;139;205;123;48;2;139;205;123m▀▀▀▀▀[38;2;98;172;74m▀[38;2;0;0;0;48;2;98;172;74m▀[48;2;0;0;0m▀[48;2;65;115;74m▀[49m▄[48;2;0;0;0m▀[0m      [38;2;0;0;0m▀[38;2;82;148;74;48;2;0;0;0m▀[48;2;82;148;74m▀[38;2;0;0;0;48;2;0;0;0m▀[0m
[0m                [38;2;82;148;57;48;2;57;98;49m▀[38;2;139;205;123;48;2;98;172;74m▀▀▀[38;2;98;172;74m▀▀▀[48;2;82;148;57m▀[48;2;57;98;49m▀[38;2;123;49;57m▀▀[38;2;197;57;65;48;2;123;49;57m▀▀▀▀[38;2;0;0;0;48;2;49;82;49m▀[38;2;98;172;74;48;2;0;0;0m▀[48;2;98;172;74m▀[38;2;139;205;123m▀[48;2;139;205;123m▀▀▀[48;2;98;172;74m▀[38;2;98;172;74m▀[38;2;0;0;0;48;2;0;0;0m▀[38;2;65;115;74;48;2;65;115;74m▀▀▀[38;2;0;0;0m▀▀[49m▄[38;2;49;82;49m▄[0m    [38;2;0;0;0m▀[38;2;49;82;49m▀[0m
[0m                [38;2;0;0;0m▀[38;2;98;172;74;48;2;0;0;0m▀▀[48;2;98;172;74m▀▀[48;2;82;148;57m▀[38;2;57;98;49m▀▀[38;2;0;0;0;49m▄[0m  [38;2;0;0;0m▀[38;2;49;82;49;48;2;0;0;0m▀[48;2;49;82;49m▀▀▀▀[38;2;0;0;0m▀[38;2;98;172;74;48;2;0;0;0m▀[48;2;98;172;74m▀▀▀▀[48;2;82;148;57m▀[38;2;0;0;0;48;2;0;0;0m▀[38;2;65;115;74;48;2;65;115;74m▀▀▀▀[38;2;82;148;74m▀[48;2;82;148;74m▀▀[38;2;49;82;49m▀[49m▄▄[0m
[0m                   [38;2;57;98;49m▀▀[48;2;57;98;49m▀[38;2;82;148;57;48;2;82;148;57m▀▀[38;2;0;0;0m▀[49m▄[0m   [38;2;0;0;0m▀▀[38;2;49;82;49;48;2;0;0;0m▀▀[48;2;49;82;49m▀▀[38;2;57;98;49;48;2;0;0;0m▀[38;2;82;148;57;48;2;82;148;57m▀[38;2;98;172;74m▀[38;2;82;148;57m▀[38;2;57;98;49;48;2;0;0;0m▀[38;2;0;0;0;48;2;49;82;49m▀[38;2;65;115;74;48;2;0;0;0m▀▀[48;2;65;115;74m▀▀▀▀[38;2;82;148;74;48;2;82;148;74m▀▀▀▀[38;2;49;82;49m▀[49m▄[0m
[0m                 [38;2;57;98;49m▄▄[48;2;139;205;123m▀▀[38;2;98;172;74;48;2;98;172;74m▀▀▀[38;2;82;148;57m▀▀[38;2;0;0;0;48;2;0;0;0m▀[0m      [38;2;0;0;0m▀[38;2;49;82;49;48;2;0;0;0m▀[38;2;0;0;0;48;2;82;148;57m▀[38;2;82;148;57m▀▀[38;2;0;0;0m▀[38;2;49;82;49;48;2;0;0;0m▀[48;2;49;82;49m▀▀▀[38;2;0;0;0m▀[49m▀[38;2;65;115;74;48;2;0;0;0m▀▀[38;2;82;148;74m▀[48;2;49;82;49m▀[48;2;82;148;74m▀▀▀▀[38;2;49;82;49m▀[38;2;0;0;0;49m▄[0m
[0m               [38;2;57;98;49m▄[48;2;139;205;123m▀[38;2;139;205;123m▀[48;2;98;172;74m▀[38;2;82;148;57;48;2;0;0;0m▀[38;2;98;172;74;48;2;139;205;123m▀[38;2;139;205;123m▀[48;2;0;0;0m▀▀[38;2;0;0;0;49m▀▀▀[0m       [38;2;0;0;0m▀[38;2;82;148;57;48;2;57;98;49m▀[48;2;98;172;74m▀[38;2;98;172;74m▀▀▀[38;2;0;0;0;48;2;139;205;123m▀▀[38;2;57;98;49;49m▄[0m      [38;2;49;82;49m▀[38;2;0;0;0m▀▀▀▀▀[0m
[0m               [38;2;57;98;49;48;2;57;98;49m▀[38;2;98;172;74;48;2;0;0;0m▀[38;2;0;0;0;49m▀[48;2;0;0;0m▀[38;2;139;205;123;48;2;98;172;74m▀[48;2;0;0;0m▀[38;2;0;0;0;49m▀[0m             [38;2;57;98;49;48;2;57;98;49m▀[38;2;98;172;74;48;2;139;205;123m▀[38;2;139;205;123m▀[38;2;82;148;57;48;2;57;98;49m▀[48;2;0;0;0m▀[38;2;98;172;74;48;2;57;98;49m▀[38;2;139;205;123;48;2;98;172;74m▀[48;2;139;205;123m▀[38;2;57;98;49;48;2;0;0;0m▀[0m
[0m                  [38;2;0;0;0m▀▀▀[0m               [38;2;57;98;49;48;2;57;98;49m▀[38;2;139;205;123;48;2;139;205;123m▀[38;2;0;0;0;48;2;0;0;0m▀[0m  [38;2;57;98;49;48;2;0;0;0m▀[38;2;139;205;123;48;2;98;172;74m▀[38;2;0;0;0;48;2;0;0;0m▀[0m
[0m                                     [38;2;57;98;49m▀[38;2;0;0;0m▀[0m   [38;2;0;0;0m▀[0m
