[0m                [38;2;172;139;0m▄▄[48;2;238;189;49m▀[48;2;246;222;106m▀[48;2;0;0;0m▀[0m
[0m              [38;2;172;139;0m▄[48;2;238;189;49m▀[38;2;246;222;106;48;2;246;222;106m▀▀▀▀[38;2;0;0;0;48;2;0;0;0m▀[0m
[0m        [38;2;172;139;0m▄[48;2;246;222;106m▀[38;2;238;189;49m▀[49m▄[0m [38;2;172;139;0m▄[48;2;246;222;106m▀[38;2;246;222;106m▀▀▀▀[38;2;238;189;49;48;2;0;0;0m▀[38;2;0;0;0;49m▀[0m
[0m        [38;2;172;139;0;48;2;172;139;0m▀[38;2;246;222;106;48;2;246;222;106m▀▀▀[38;2;238;189;49;48;2;238;189;49m▀[38;2;172;139;0;48;2;246;222;106m▀[38;2;246;222;106m▀▀▀[48;2;238;189;49m▀▀[38;2;0;0;0;48;2;0;0;0m▀[0m [38;2;172;139;0m▄▄▄[38;2;0;0;0m▄[0m
[0m        [38;2;172;139;0m▀[38;2;246;222;106;48;2;172;139;0m▀[48;2;246;222;106m▀[48;2;238;189;49m▀▀[38;2;238;189;49;48;2;172;65;16m▀[38;2;172;65;16;48;2;255;139;49m▀[38;2;238;189;49;48;2;172;65;16m▀[48;2;238;189;49m▀[48;2;172;139;0m▀[38;2;0;0;0m▀[38;2;172;139;0;48;2;238;189;49m▀▀[38;2;238;189;49m▀▀▀[38;2;0;0;0;48;2;0;0;0m▀[0m
[0m         [38;2;172;139;0;48;2;230;90;32m▀[38;2;238;189;49m▀▀[38;2;172;65;16m▀[48;2;255;139;49m▀[38;2;255;139;49m▀[38;2;172;65;16;48;2;172;65;16m▀[48;2;255;139;49m▀[38;2;238;189;49;48;2;172;65;16m▀[48;2;238;189;49m▀▀▀▀[48;2;0;0;0m▀[38;2;0;0;0;49m▀[0m
[0m    [38;2;230;90;32m▄▄[48;2;255;139;49m▀▀▀[38;2;255;139;49m▀▀▀▀[38;2;230;90;32m▀▀[38;2;255;139;49m▀[48;2;230;90;32m▀[38;2;172;65;16;48;2;172;65;16m▀[38;2;238;189;49;48;2;0;0;0m▀▀[38;2;0;0;0;49m▀▀[0m
[0m  [38;2;230;90;32m▄[48;2;255;172;82m▀[38;2;255;172;82m▀▀▀▀[38;2;255;139;49m▀[48;2;255;139;49m▀▀▀▀▀▀▀▀▀[38;2;172;65;16m▀[49m▄[0m
[0m [38;2;230;90;32;48;2;230;90;32m▀[38;2;255;139;49;48;2;255;139;49m▀[38;2;255;172;82m▀[48;2;255;172;82m▀▀▀▀[48;2;255;139;49m▀[38;2;255;139;49m▀▀▀▀▀▀▀▀▀▀[38;2;172;65;16m▀[49m▄[0m
[38;2;230;90;32;48;2;172;65;16m▀[38;2;255;139;49;48;2;132;78;28m▀[48;2;230;90;32m▀[48;2;255;139;49m▀▀▀▀▀▀▀▀[48;2;230;90;32m▀[48;2;132;78;28m▀▀[48;2;230;90;32m▀[48;2;255;139;49m▀▀▀▀[38;2;230;90;32;48;2;230;90;32m▀[38;2;172;65;16;48;2;0;0;0m▀[0m
[38;2;0;0;0;48;2;0;0;0m▀[38;2;255;255;255;48;2;255;255;255m▀[38;2;0;0;0;48;2;0;0;0m▀[38;2;255;139;49;48;2;255;139;49m▀▀[48;2;230;90;32m▀[48;2;172;139;0m▀[48;2;230;90;32m▀[48;2;255;139;49m▀▀▀[38;2;0;0;0;48;2;0;0;0m▀[38;2;255;255;255;48;2;255;255;255m▀▀[38;2;0;0;0;48;2;0;0;0m▀[38;2;255;139;49;48;2;255;139;49m▀▀▀[48;2;230;90;32m▀[38;2;230;90;32m▀[38;2;0;0;0;48;2;0;0;0m▀[0m
[38;2;132;78;28;48;2;172;65;16m▀[38;2;0;0;0;48;2;132;78;28m▀[38;2;132;78;28;48;2;255;139;49m▀[38;2;255;139;49;48;2;230;90;32m▀[38;2;230;90;32;48;2;246;222;106m▀[38;2;246;222;106m▀▀[38;2;172;139;0m▀[48;2;238;189;49m▀[38;2;255;139;49;48;2;172;139;0m▀[48;2;255;139;49m▀[38;2;132;78;28;48;2;230;90;32m▀[38;2;0;0;0;48;2;132;78;28m▀▀[38;2;132;78;28;48;2;230;90;32m▀[38;2;255;139;49;48;2;255;139;49m▀▀[48;2;230;90;32m▀[38;2;230;90;32m▀[48;2;0;0;0m▀[38;2;0;0;0;49m▀[0m
[0m [38;2;172;65;16m▀[38;2;255;139;49;48;2;172;65;16m▀[48;2;255;139;49m▀[38;2;172;139;0m▀▀▀▀▀[38;2;255;139;49m▀▀▀▀▀[48;2;230;90;32m▀[38;2;230;90;32m▀▀▀[48;2;0;0;0m▀[38;2;0;0;0;49m▀[0m
[0m   [38;2;172;65;16m▀[48;2;172;139;0m▀[38;2;255;139;49;48;2;172;65;16m▀▀[48;2;255;139;49m▀[48;2;230;90;32m▀[48;2;255;139;49m▀[48;2;230;90;32m▀▀[38;2;230;90;32m▀[48;2;172;65;16m▀[48;2;0;0;0m▀▀[38;2;0;0;0;49m▀▀[0m
[0m   [38;2;172;139;0m▄[48;2;246;222;106m▀[38;2;238;189;49;48;2;238;189;49m▀[38;2;255;139;49;48;2;172;139;0m▀[38;2;230;90;32;48;2;255;139;49m▀[38;2;255;139;49m▀[38;2;230;90;32;48;2;172;139;0m▀[38;2;238;189;49;48;2;246;222;106m▀[38;2;246;222;106m▀[38;2;238;189;49m▀[48;2;238;189;49m▀▀▀[38;2;172;139;0m▀▀[49m▄[0m
[0m  [38;2;172;139;0m▀[38;2;246;222;106;48;2;172;139;0m▀[48;2;246;222;106m▀[48;2;238;189;49m▀[38;2;172;139;0;48;2;172;139;0m▀[38;2;255;139;49;48;2;255;139;49m▀▀[38;2;172;139;0m▀[38;2;246;222;106;48;2;172;139;0m▀[48;2;246;222;106m▀[48;2;238;189;49m▀[38;2;238;189;49;48;2;172;139;0m▀[38;2;246;222;106;48;2;246;222;106m▀[38;2;238;189;49m▀[38;2;172;139;0;48;2;172;139;0m▀[38;2;0;0;0;48;2;172;65;16m▀[49m▄[0m
[0m   [38;2;172;65;16m▀[38;2;238;189;49;48;2;172;65;16m▀[38;2;172;139;0;48;2;230;90;32m▀[38;2;255;139;49m▀[48;2;255;139;49m▀▀[48;2;230;90;32m▀[38;2;230;90;32m▀[38;2;238;189;49m▀[38;2;172;139;0m▀[38;2;172;65;16;48;2;172;65;16m▀[38;2;172;139;0m▀[38;2;246;222;106m▀[38;2;172;65;16m▀[48;2;0;0;0m▀[38;2;0;0;0;49m▀[0m
[0m    [38;2;172;65;16m▀[38;2;230;90;32;48;2;172;65;16m▀▀[48;2;230;90;32m▀▀▀▀[48;2;172;65;16m▀[38;2;172;65;16m▀▀[48;2;0;0;0m▀▀[38;2;0;0;0;49m▀[0m
[0m       [38;2;0;0;0m▀[48;2;132;78;28m▀[48;2;0;0;0m▀[48;2;172;139;0m▀[49m▀[48;2;132;78;28m▀[38;2;132;78;28;48;2;172;139;0m▀[38;2;172;139;0;48;2;132;78;28m▀[38;2;0;0;0;49m▀[0m
[0m    [38;2;0;0;0m▄[48;2;172;139;0m▀▀▀[38;2;172;139;0;48;2;132;78;28m▀[38;2;132;78;28;48;2;246;222;106m▀▀[48;2;238;189;49m▀[38;2;172;139;0;48;2;246;222;106m▀[48;2;238;189;49m▀[38;2;0;0;0;48;2;172;139;0m▀[38;2;132;78;28;48;2;132;78;28m▀[38;2;172;139;0;48;2;0;0;0m▀[0m
[0m    [38;2;0;0;0m▀[48;2;0;0;0m▀[38;2;172;139;0m▀[38;2;132;78;28;49m▀[38;2;172;139;0m▀[38;2;246;222;106;48;2;0;0;0m▀[38;2;132;78;28m▀[38;2;246;222;106;48;2;246;222;106m▀[38;2;132;78;28;48;2;0;0;0m▀[38;2;246;222;106;48;2;246;222;106m▀[38;2;0;0;0;48;2;0;0;0m▀[49m▀[0m
[0m           [38;2;0;0;0m▀[0m [38;2;0;0;0m▀[0m
