[0m                           [38;2;222;90;41m▄▄[48;2;255;123;74m▀▀[38;2;24;24;24;48;2;24;24;24m▀[0m
[0m                         [38;2;222;90;41m▄[48;2;255;123;74m▀[38;2;255;123;74m▀▀▀[48;2;222;90;41m▀[38;2;24;24;24;48;2;24;24;24m▀[0m
[0m                  [38;2;222;90;41;48;2;222;90;41m▀[38;2;156;49;16;48;2;255;123;74m▀[49m▄▄[0m  [38;2;222;90;41m▄[48;2;255;123;74m▀[38;2;255;123;74m▀▀▀▀[38;2;24;24;24;48;2;24;24;24m▀[0m
[0m                  [38;2;156;49;16;48;2;156;49;16m▀[38;2;255;123;74;48;2;222;90;41m▀[48;2;255;123;74m▀▀[38;2;156;49;16m▀[49m▄[38;2;222;90;41;48;2;255;123;74m▀[38;2;255;123;74m▀▀▀[48;2;222;90;41m▀[38;2;222;90;41;48;2;24;24;24m▀[38;2;24;24;24;49m▀[38;2;156;49;16m▄▄▄[48;2;222;90;41m▀▀[48;2;24;24;24m▀[0m
[0m                  [38;2;156;49;16m▀[38;2;222;90;41;48;2;24;24;24m▀[38;2;255;123;74;48;2;222;90;41m▀[48;2;255;123;74m▀▀[38;2;156;49;16m▀[38;2;255;123;74;48;2;222;90;41m▀[48;2;156;115;41m▀[38;2;156;115;41;48;2;238;222;115m▀[38;2;222;90;41;48;2;156;49;16m▀[48;2;222;90;41m▀[38;2;24;24;24;48;2;156;49;16m▀[38;2;156;49;16;48;2;222;90;41m▀[38;2;222;90;41m▀▀▀▀[48;2;24;24;24m▀[38;2;24;24;24;49m▀[0m
[0m                   [38;2;24;24;24m▀[38;2;222;90;41;48;2;24;24;24m▀[48;2;222;90;41m▀[38;2;156;115;41;48;2;238;189;74m▀[38;2;222;90;41;48;2;156;115;41m▀[38;2;156;115;41;48;2;238;222;115m▀[38;2;238;189;74m▀[38;2;238;222;115m▀[38;2;24;24;24m▀[38;2;156;49;16m▀[38;2;222;90;41;48;2;156;49;16m▀[48;2;222;90;41m▀▀▀[48;2;156;49;16m▀[38;2;156;49;16;48;2;24;24;24m▀[38;2;24;24;24;49m▀[0m
[0m                  [38;2;156;115;41m▄[38;2;238;189;74m▄[38;2;156;115;41;48;2;238;222;115m▀▀[38;2;238;222;115m▀▀▀▀[48;2;238;189;74m▀[38;2;238;189;74;48;2;156;115;41m▀[38;2;156;49;16;48;2;24;24;24m▀[38;2;222;90;41;48;2;156;49;16m▀▀▀[38;2;24;24;24;49m▀▀[0m
[0m                 [38;2;156;115;41;48;2;238;189;74m▀[38;2;238;222;115;48;2;238;222;115m▀▀▀▀▀▀▀▀▀[38;2;238;189;74m▀[48;2;238;189;74m▀[38;2;24;24;24;48;2;24;24;24m▀[0m
[0m                [38;2;238;189;74;48;2;156;115;41m▀[38;2;238;222;115;48;2;238;222;115m▀▀▀▀▀▀▀[48;2;156;115;41m▀▀[48;2;238;222;115m▀▀[38;2;238;189;74;48;2;238;189;74m▀▀[38;2;24;24;24;48;2;24;24;24m▀[0m
[0m                [38;2;156;115;41m▀[38;2;238;222;115;48;2;156;115;41m▀[48;2;238;222;115m▀▀▀▀[48;2;156;115;41m▀[38;2;156;115;41;48;2;223;223;206m▀[38;2;213;49;49;48;2;213;49;49m▀[38;2;156;49;16;48;2;156;49;16m▀[38;2;238;222;115;48;2;238;222;115m▀[48;2;238;189;74m▀[38;2;238;189;74m▀▀[38;2;24;24;24;48;2;24;24;24m▀[0m
[0m               [38;2;24;24;24m▄[38;2;222;90;41;48;2;255;123;74m▀▀▀▀[38;2;238;222;115;48;2;222;90;41m▀[48;2;156;49;16m▀[38;2;238;189;74;48;2;238;189;74m▀[38;2;24;24;24;48;2;222;90;41m▀[38;2;213;49;49;48;2;156;49;16m▀[38;2;156;49;16;48;2;238;189;74m▀[38;2;238;189;74m▀▀▀▀[38;2;24;24;24;48;2;156;115;41m▀[0m
[0m                [38;2;24;24;24m▀▀[48;2;156;115;41m▀[48;2;238;189;74m▀▀[38;2;238;189;74m▀▀▀▀▀▀▀▀[38;2;156;115;41;48;2;24;24;24m▀[0m
[0m                   [38;2;156;115;41;48;2;24;24;24m▀[38;2;238;189;74;48;2;238;189;74m▀▀▀▀▀▀▀▀▀[38;2;24;24;24;48;2;24;24;24m▀[0m
[0m                  [38;2;24;24;24m▄[48;2;238;189;74m▀[38;2;238;189;74m▀▀▀▀▀▀▀▀▀[38;2;24;24;24m▀[49m▄[0m
[0m               [38;2;156;115;41m▄[38;2;24;24;24m▄[38;2;156;115;41;48;2;238;222;115m▀[38;2;238;189;74;48;2;238;189;74m▀[38;2;156;115;41;48;2;156;115;41m▀[38;2;238;189;74;48;2;238;189;74m▀▀▀▀▀▀▀▀▀▀▀[38;2;24;24;24;48;2;238;222;115m▀[49m▄[0m
[0m            [38;2;156;115;41m▄[38;2;24;24;24m▄[38;2;156;115;41;48;2;238;222;115m▀[38;2;238;222;115m▀[48;2;238;189;74m▀[38;2;238;189;74m▀[38;2;156;115;41;48;2;24;24;24m▀[38;2;238;189;74;48;2;222;90;41m▀[48;2;238;189;74m▀▀▀[48;2;222;90;41m▀[48;2;238;189;74m▀▀▀[48;2;156;115;41m▀[48;2;24;24;24m▀[48;2;238;189;74m▀[48;2;238;222;115m▀[38;2;238;222;115m▀▀[38;2;156;115;41m▀[38;2;24;24;24;48;2;238;189;74m▀[49m▄[0m
[0m          [38;2;156;115;41m▄[38;2;24;24;24;48;2;238;222;115m▀[38;2;238;189;74m▀[38;2;238;222;115m▀[48;2;238;189;74m▀[38;2;238;189;74m▀▀[38;2;156;115;41;48;2;24;24;24m▀[38;2;238;189;74;48;2;238;189;74m▀[38;2;222;90;41;48;2;156;115;41m▀[38;2;156;115;41;48;2;222;90;41m▀[38;2;238;189;74;48;2;156;115;41m▀[38;2;156;115;41;48;2;222;90;41m▀[38;2;222;90;41;48;2;156;115;41m▀[38;2;238;189;74;48;2;238;222;115m▀[48;2;238;189;74m▀▀▀▀[38;2;24;24;24;48;2;24;24;24m▀[38;2;238;189;74m▀[38;2;238;222;115;48;2;238;222;115m▀▀▀▀▀[38;2;156;115;41m▀▀[49m▄[0m
[0m       [38;2;24;24;24m▄[38;2;156;115;41;48;2;238;189;74m▀[38;2;24;24;24;48;2;238;222;115m▀[38;2;238;222;115m▀▀▀[38;2;238;189;74;48;2;238;189;74m▀▀[48;2;24;24;24m▀▀[38;2;24;24;24m▀[38;2;238;189;74;48;2;238;222;115m▀[48;2;238;189;74m▀[38;2;222;90;41;48;2;222;90;41m▀▀[48;2;156;115;41m▀[38;2;238;189;74;48;2;238;189;74m▀[38;2;238;222;115;48;2;238;222;115m▀[38;2;238;189;74m▀[48;2;238;189;74m▀▀▀[38;2;24;24;24;48;2;24;24;24m▀[0m [38;2;24;24;24;48;2;24;24;24m▀[38;2;238;222;115;48;2;238;222;115m▀▀▀▀▀▀▀[38;2;156;115;41m▀[49m▄▄[0m
[0m     [38;2;24;24;24m▄[38;2;156;115;41;48;2;238;222;115m▀[38;2;238;222;115m▀▀▀▀[48;2;238;189;74m▀[38;2;238;189;74m▀▀[38;2;24;24;24m▀[38;2;238;189;74;48;2;24;24;24m▀[38;2;156;115;41;48;2;238;222;115m▀[38;2;238;222;115m▀[38;2;156;115;41;48;2;255;123;74m▀[38;2;238;222;115;48;2;156;115;41m▀[38;2;255;123;74;48;2;255;123;74m▀▀[38;2;238;189;74;48;2;156;115;41m▀[38;2;238;222;115m▀[48;2;238;222;115m▀▀[48;2;238;189;74m▀[38;2;238;189;74m▀▀▀[38;2;24;24;24m▀[48;2;156;115;41m▀▀[38;2;238;222;115;48;2;24;24;24m▀[48;2;238;222;115m▀▀▀▀▀[48;2;238;189;74m▀[38;2;238;189;74;48;2;238;222;115m▀[48;2;238;189;74m▀[38;2;156;115;41m▀[49m▄[38;2;24;24;24m▄[0m
[0m  [38;2;24;24;24m▄▄[48;2;238;222;115m▀[38;2;238;222;115m▀▀▀▀▀[38;2;238;189;74;48;2;238;189;74m▀▀▀[48;2;156;115;41m▀[38;2;24;24;24;48;2;24;24;24m▀[38;2;238;222;115;48;2;238;222;115m▀[48;2;156;115;41m▀[48;2;238;222;115m▀[38;2;255;123;74;48;2;238;189;74m▀[48;2;255;123;74m▀▀▀▀[48;2;238;222;115m▀[38;2;238;222;115m▀▀▀[38;2;238;189;74;48;2;238;189;74m▀▀[48;2;156;115;41m▀[48;2;238;189;74m▀▀[38;2;156;115;41;48;2;24;24;24m▀[38;2;24;24;24;48;2;156;49;16m▀[38;2;238;189;74;48;2;24;24;24m▀[38;2;238;222;115;48;2;238;222;115m▀▀▀[38;2;238;189;74m▀[38;2;238;222;115;48;2;238;189;74m▀[38;2;238;189;74;48;2;238;222;115m▀[38;2;238;222;115;48;2;238;189;74m▀[38;2;238;189;74m▀▀▀[38;2;24;24;24m▀[49m▄[0m
[0m [38;2;24;24;24m▀[38;2;238;222;115;48;2;156;115;41m▀[48;2;238;222;115m▀▀▀▀[48;2;238;189;74m▀▀[38;2;238;189;74m▀▀▀▀[38;2;156;49;16;48;2;156;49;16m▀[38;2;222;90;41;48;2;255;123;74m▀[38;2;24;24;24m▀[38;2;255;123;74m▀[38;2;238;189;74;48;2;156;115;41m▀[38;2;238;222;115;48;2;238;222;115m▀[38;2;255;123;74;48;2;255;123;74m▀▀▀[38;2;238;222;115;48;2;238;189;74m▀[38;2;238;189;74;48;2;156;115;41m▀[38;2;24;24;24;48;2;255;123;74m▀[38;2;238;222;115;48;2;24;24;24m▀[48;2;238;189;74m▀[38;2;238;189;74;48;2;24;24;24m▀[38;2;24;24;24;48;2;255;123;74m▀[38;2;222;90;41m▀[38;2;156;115;41;48;2;222;90;41m▀[38;2;238;189;74;48;2;24;24;24m▀[38;2;24;24;24;48;2;222;90;41m▀[38;2;156;49;16m▀[38;2;24;24;24;48;2;24;24;24m▀[38;2;238;222;115;48;2;238;189;74m▀▀[38;2;238;189;74m▀▀▀▀▀▀▀▀▀[38;2;156;115;41m▀▀[38;2;24;24;24;48;2;24;24;24m▀[0m
[0m  [38;2;24;24;24;48;2;106;106;115m▀[38;2;156;115;41;48;2;223;223;206m▀[38;2;238;222;115;48;2;156;139;131m▀[38;2;156;115;41;48;2;24;24;24m▀[38;2;238;189;74;48;2;238;189;74m▀▀[48;2;156;115;41m▀▀[48;2;238;189;74m▀▀[38;2;24;24;24;48;2;24;24;24m▀[38;2;222;90;41;48;2;222;90;41m▀[38;2;255;123;74;48;2;255;123;74m▀▀▀▀[38;2;156;115;41m▀[38;2;222;90;41;48;2;156;49;16m▀[38;2;255;123;74;48;2;222;90;41m▀▀[38;2;156;115;41;48;2;156;49;16m▀[38;2;255;123;74;48;2;255;123;74m▀▀▀[38;2;24;24;24m▀[38;2;255;123;74m▀▀▀▀▀[38;2;222;90;41;48;2;222;90;41m▀▀[38;2;156;49;16m▀[38;2;24;24;24;48;2;24;24;24m▀[38;2;238;189;74;48;2;238;189;74m▀▀▀▀▀▀▀▀▀▀[38;2;156;115;41m▀[38;2;24;24;24;48;2;24;24;24m▀[0m
[0m [38;2;106;106;115;48;2;106;106;115m▀[38;2;223;223;206;48;2;223;223;206m▀[48;2;156;139;131m▀[38;2;24;24;24;48;2;24;24;24m▀[38;2;156;139;131;48;2;156;139;131m▀[38;2;238;189;74;48;2;106;106;115m▀[38;2;24;24;24;48;2;24;24;24m▀[38;2;156;139;131;48;2;156;139;131m▀[38;2;24;24;24;48;2;90;74;74m▀[38;2;238;189;74;48;2;24;24;24m▀▀[38;2;24;24;24;49m▀[38;2;222;90;41;48;2;24;24;24m▀[48;2;222;90;41m▀[38;2;255;123;74m▀[48;2;255;123;74m▀▀[48;2;222;90;41m▀[38;2;156;49;16m▀[38;2;222;90;41;48;2;156;49;16m▀[48;2;222;90;41m▀[38;2;156;49;16;48;2;24;24;24m▀[38;2;255;123;74;48;2;222;90;41m▀[48;2;255;123;74m▀▀▀▀▀▀▀[38;2;222;90;41;48;2;222;90;41m▀▀▀[48;2;156;49;16m▀[38;2;24;24;24;48;2;24;24;24m▀▀[38;2;238;189;74;48;2;238;189;74m▀▀[48;2;24;24;24m▀[48;2;90;74;74m▀[48;2;238;189;74m▀▀[48;2;24;24;24m▀[38;2;156;115;41;48;2;90;74;74m▀[38;2;238;189;74;48;2;106;106;115m▀[48;2;24;24;24m▀▀[38;2;24;24;24m▀[0m
[38;2;106;106;115;48;2;106;106;115m▀[38;2;156;139;131;48;2;156;139;131m▀[48;2;24;24;24m▀[38;2;24;24;24;49m▀[38;2;90;74;74;48;2;90;74;74m▀[38;2;156;139;131;48;2;156;139;131m▀[38;2;24;24;24;48;2;24;24;24m▀[38;2;156;139;131;48;2;90;74;74m▀[38;2;90;74;74;49m▀[0m    [38;2;24;24;24m▀[38;2;222;90;41;48;2;24;24;24m▀[48;2;222;90;41m▀▀▀▀▀▀[38;2;156;49;16m▀[38;2;24;24;24;48;2;156;49;16m▀[38;2;156;49;16;48;2;24;24;24m▀[38;2;222;90;41;48;2;222;90;41m▀[38;2;255;123;74m▀▀▀▀[38;2;222;90;41m▀▀▀▀▀[38;2;24;24;24;48;2;24;24;24m▀[0m [38;2;24;24;24m▀[38;2;238;189;74;48;2;24;24;24m▀[38;2;24;24;24;49m▀[38;2;106;106;115;48;2;106;106;115m▀[38;2;223;223;206;48;2;223;223;206m▀[38;2;24;24;24m▀[38;2;238;189;74;48;2;24;24;24m▀[38;2;24;24;24;48;2;90;74;74m▀[38;2;156;139;131;48;2;156;139;131m▀[48;2;223;223;206m▀[38;2;90;74;74;48;2;156;139;131m▀[38;2;223;223;206;48;2;223;223;206m▀[38;2;90;74;74m▀[38;2;24;24;24;48;2;24;24;24m▀[0m
[38;2;106;106;115;48;2;24;24;24m▀[38;2;156;139;131m▀[38;2;24;24;24;49m▀[0m [38;2;24;24;24m▀▀[0m         [38;2;24;24;24m▀[38;2;156;49;16;48;2;24;24;24m▀[38;2;222;90;41m▀[48;2;131;115;106m▀[48;2;90;74;74m▀[38;2;156;49;16;48;2;24;24;24m▀[38;2;24;24;24;49m▀▀[0m [38;2;24;24;24m▀[38;2;222;90;41;48;2;24;24;24m▀▀[48;2;222;90;41m▀▀▀▀[48;2;24;24;24m▀▀[38;2;24;24;24;49m▀[0m      [38;2;106;106;115m▀[38;2;223;223;206;48;2;106;106;115m▀[48;2;223;223;206m▀[38;2;24;24;24;48;2;24;24;24m▀[38;2;90;74;74;48;2;90;74;74m▀[38;2;223;223;206;48;2;156;139;131m▀[48;2;223;223;206m▀[38;2;24;24;24;48;2;24;24;24m▀[38;2;223;223;206;48;2;106;106;115m▀[38;2;24;24;24;48;2;24;24;24m▀[0m
[0m          [38;2;24;24;24m▄[38;2;90;74;74m▄[0m     [38;2;24;24;24;48;2;24;24;24m▀[38;2;90;74;74;48;2;131;115;106m▀▀[38;2;24;24;24;48;2;24;24;24m▀[0m      [38;2;24;24;24m▀[38;2;156;49;16;48;2;90;74;74m▀▀[38;2;24;24;24;48;2;24;24;24m▀[0m          [38;2;106;106;115m▀[38;2;223;223;206;48;2;106;106;115m▀[38;2;24;24;24;48;2;24;24;24m▀[0m [38;2;90;74;74;48;2;90;74;74m▀[38;2;223;223;206;48;2;223;223;206m▀[38;2;24;24;24;48;2;24;24;24m▀[49m▀[0m
[0m        [38;2;24;24;24m▄[48;2;223;223;206m▀[38;2;223;223;206m▀[38;2;156;139;131m▀[38;2;90;74;74;48;2;90;74;74m▀[38;2;24;24;24m▀[48;2;131;115;106m▀▀▀[38;2;131;115;106m▀[38;2;90;74;74m▀▀[38;2;131;115;106m▀[38;2;24;24;24m▀[48;2;90;74;74m▀[48;2;223;223;206m▀[49m▄[0m  [38;2;24;24;24m▄[48;2;131;115;106m▀[38;2;131;115;106;48;2;90;74;74m▀[38;2;90;74;74;48;2;131;115;106m▀[38;2;24;24;24m▀[49m▄[0m             [38;2;24;24;24m▀[0m
[0m        [38;2;24;24;24m▀[38;2;223;223;206;48;2;24;24;24m▀[38;2;24;24;24;48;2;90;74;74m▀[38;2;90;74;74;48;2;223;223;206m▀[38;2;223;223;206m▀[38;2;156;139;131;48;2;90;74;74m▀[38;2;131;115;106m▀[38;2;90;74;74;48;2;223;223;206m▀[48;2;131;115;106m▀▀[38;2;131;115;106m▀▀[48;2;24;24;24m▀[38;2;90;74;74m▀[38;2;24;24;24;49m▀[38;2;223;223;206;48;2;24;24;24m▀[38;2;24;24;24;49m▀[0m  [38;2;24;24;24;48;2;24;24;24m▀[38;2;131;115;106;48;2;131;115;106m▀[48;2;90;74;74m▀[48;2;131;115;106m▀[48;2;90;74;74m▀[38;2;24;24;24;48;2;131;115;106m▀[49m▄[0m
[0m          [38;2;24;24;24;48;2;24;24;24m▀[38;2;223;223;206;48;2;156;139;131m▀[38;2;156;139;131;48;2;24;24;24m▀[38;2;90;74;74m▀[38;2;223;223;206;48;2;223;223;206m▀[48;2;24;24;24m▀[38;2;156;139;131m▀[38;2;24;24;24;49m▀▀▀[0m      [38;2;24;24;24m▄[48;2;90;74;74m▀[38;2;90;74;74m▀[38;2;131;115;106;48;2;131;115;106m▀▀[38;2;90;74;74m▀[38;2;131;115;106;48;2;90;74;74m▀[48;2;131;115;106m▀[38;2;24;24;24;48;2;156;139;131m▀[48;2;223;223;206m▀[49m▄[0m
[0m           [38;2;24;24;24m▀[0m [38;2;24;24;24m▀[38;2;156;139;131;48;2;24;24;24m▀[38;2;24;24;24;49m▀[0m          [38;2;24;24;24;48;2;24;24;24m▀[38;2;223;223;206;48;2;223;223;206m▀[38;2;156;139;131m▀[38;2;131;115;106;48;2;24;24;24m▀[38;2;90;74;74m▀[38;2;131;115;106;48;2;223;223;206m▀[38;2;156;139;131m▀[38;2;90;74;74;48;2;90;74;74m▀[38;2;106;106;115;48;2;24;24;24m▀[38;2;223;223;206;48;2;106;106;115m▀[48;2;223;223;206m▀[38;2;24;24;24;48;2;24;24;24m▀[0m
[0m                          [38;2;24;24;24;48;2;24;24;24m▀[38;2;223;223;206;48;2;156;139;131m▀[38;2;24;24;24;48;2;24;24;24m▀[0m  [38;2;24;24;24;48;2;24;24;24m▀[38;2;223;223;206;48;2;156;139;131m▀[38;2;106;106;115;48;2;24;24;24m▀[0m [38;2;24;24;24m▀[38;2;156;139;131;48;2;24;24;24m▀[38;2;24;24;24;49m▀[0m
[0m                           [38;2;24;24;24m▀[0m    [38;2;24;24;24m▀[0m
