[0m                [38;2;0;0;0m▄[48;2;131;131;156m▀[48;2;82;82;106m▀▀▀▀[49m▄▄▄[0m
[0m                [38;2;0;0;0;48;2;0;0;0m▀[38;2;131;131;156;48;2;131;131;156m▀[38;2;82;82;106m▀[48;2;82;82;106m▀▀▀▀[38;2;0;0;0;48;2;0;0;0m▀[38;2;82;82;106;48;2;82;82;106m▀[38;2;0;0;0m▀▀[49m▄[0m
[0m                 [38;2;0;0;0;48;2;0;0;0m▀[38;2;131;131;156;48;2;131;131;156m▀[38;2;82;82;106m▀[48;2;82;82;106m▀▀▀[38;2;0;0;0m▀[38;2;82;82;106;48;2;0;0;0m▀[48;2;82;82;106m▀▀▀[38;2;0;0;0;48;2;0;0;0m▀[49m▄[0m
[0m                  [38;2;0;0;0;48;2;0;0;0m▀[38;2;131;131;156;48;2;131;131;156m▀[38;2;82;82;106;48;2;82;82;106m▀▀▀▀[38;2;0;0;0;48;2;0;0;0m▀[38;2;82;82;106;48;2;82;82;106m▀▀▀[38;2;0;0;0m▀[38;2;82;82;106;48;2;0;0;0m▀[38;2;0;0;0;48;2;82;82;106m▀[49m▄[0m
[0m                  [38;2;0;0;0m▀[38;2;131;131;156;48;2;0;0;0m▀[48;2;131;131;156m▀[38;2;82;82;106;48;2;82;82;106m▀▀▀▀[38;2;0;0;0;48;2;0;0;0m▀[38;2;82;82;106;48;2;82;82;106m▀▀▀[38;2;0;0;0;48;2;0;0;0m▀[38;2;82;82;106;48;2;82;82;106m▀[38;2;0;0;0m▀[49m▄[0m
[0m                   [38;2;0;0;0;48;2;0;0;0m▀[38;2;131;131;156;48;2;131;131;156m▀[38;2;82;82;106;48;2;82;82;106m▀▀▀▀[38;2;0;0;0;48;2;0;0;0m▀[38;2;82;82;106;48;2;82;82;106m▀▀▀▀[38;2;0;0;0;48;2;0;0;0m▀[38;2;82;82;106;48;2;82;82;106m▀[38;2;0;0;0m▀[49m▄[0m
[0m                [38;2;74;180;172m▄▄[48;2;148;213;213m▀[38;2;0;0;0;48;2;82;82;106m▀[38;2;131;131;156m▀[38;2;82;82;106;48;2;0;0;0m▀[38;2;0;0;0;48;2;74;180;172m▀▀▀▀▀▀[38;2;8;90;98m▀[38;2;82;82;106;48;2;8;90;98m▀[38;2;0;0;0m▀[38;2;82;82;106m▀[48;2;82;82;106m▀[38;2;0;0;0;48;2;0;0;0m▀[0m
[0m              [38;2;74;180;172m▄[48;2;172;238;238m▀[38;2;148;213;213m▀▀[48;2;148;213;213m▀▀▀▀[38;2;74;180;172;48;2;74;180;172m▀▀▀▀▀▀▀▀▀▀[38;2;8;90;98m▀[38;2;82;82;106;48;2;8;90;98m▀[38;2;0;0;0;48;2;0;0;0m▀[0m
[0m             [38;2;74;180;172;48;2;74;180;172m▀[38;2;172;238;238;48;2;148;213;213m▀[48;2;172;238;238m▀▀▀[48;2;148;213;213m▀▀[38;2;148;213;213m▀▀▀[38;2;74;180;172;48;2;74;180;172m▀▀▀▀▀▀▀▀▀▀▀▀[38;2;8;90;98;49m▄[0m
[0m           [38;2;148;65;16m▄[48;2;238;139;49m▀[38;2;148;213;213;48;2;148;65;16m▀[48;2;148;213;213m▀▀[48;2;255;255;255m▀[48;2;230;106;8m▀[48;2;148;213;213m▀▀▀▀▀▀[38;2;74;180;172;48;2;74;180;172m▀▀▀▀▀▀▀[48;2;148;65;16m▀▀▀▀[48;2;74;180;172m▀[38;2;8;90;98;48;2;8;90;98m▀[0m
[0m      [38;2;148;65;16m▄[48;2;230;106;8m▀▀▀[48;2;238;139;49m▀[38;2;238;139;49m▀▀[38;2;230;106;8;48;2;230;106;8m▀[38;2;148;213;213;48;2;148;213;213m▀[38;2;238;139;49;48;2;238;139;49m▀[38;2;0;0;0m▀[38;2;148;65;16;48;2;148;65;16m▀[38;2;148;213;213;48;2;148;213;213m▀▀▀▀▀▀[38;2;74;180;172;48;2;238;139;49m▀[38;2;255;255;255;48;2;0;0;0m▀[38;2;230;106;8;48;2;148;65;16m▀[38;2;74;180;172;48;2;74;180;172m▀▀[48;2;148;65;16m▀[38;2;148;65;16;48;2;238;139;49m▀[38;2;238;139;49m▀▀▀▀[38;2;148;65;16m▀[38;2;8;90;98;48;2;8;90;98m▀[0m
[0m       [38;2;148;65;16m▀[38;2;230;106;8;48;2;148;65;16m▀▀[38;2;238;139;49;48;2;238;139;49m▀▀▀[38;2;230;106;8;48;2;230;106;8m▀[38;2;148;213;213;48;2;148;213;213m▀▀[38;2;230;106;8m▀[38;2;74;180;172m▀[38;2;148;213;213m▀[48;2;74;180;172m▀[48;2;148;213;213m▀▀▀[38;2;74;180;172;48;2;74;180;172m▀[38;2;238;139;49m▀[48;2;230;106;8m▀[38;2;148;65;16;48;2;74;180;172m▀[38;2;74;180;172m▀[48;2;148;65;16m▀[38;2;148;65;16;48;2;238;139;49m▀[38;2;238;139;49m▀▀▀▀▀[38;2;230;106;8m▀[38;2;148;65;16m▀[48;2;230;106;8m▀[49m▄▄▄[0m
[0m          [38;2;148;65;16m▀[38;2;230;106;8;48;2;148;65;16m▀[38;2;238;139;49;48;2;238;139;49m▀[38;2;230;106;8;48;2;148;65;16m▀[38;2;82;156;156;48;2;164;172;205m▀[38;2;148;213;213;48;2;82;156;156m▀[48;2;65;123;156m▀[48;2;82;156;156m▀[48;2;148;213;213m▀[48;2;74;180;172m▀▀▀[38;2;82;156;156m▀[38;2;74;180;172m▀▀▀▀[48;2;65;123;156m▀[38;2;148;65;16;48;2;148;65;16m▀[38;2;238;139;49;48;2;238;139;49m▀▀▀▀[48;2;230;106;8m▀▀[48;2;238;139;49m▀[48;2;230;106;8m▀▀[48;2;0;0;0m▀▀▀[38;2;148;65;16;49m▀[0m
[0m            [38;2;148;65;16;48;2;148;65;16m▀[38;2;164;172;205;48;2;164;172;205m▀▀[38;2;180;205;238;48;2;180;205;238m▀▀[38;2;82;156;156m▀[38;2;65;123;156;48;2;164;172;205m▀▀▀▀▀▀▀▀▀[38;2;164;172;205m▀[38;2;148;65;16m▀[38;2;238;139;49;48;2;148;65;16m▀[48;2;230;106;8m▀[38;2;230;106;8m▀▀▀▀[38;2;148;65;16;48;2;0;0;0m▀[38;2;0;0;0;49m▀▀[0m
[0m             [38;2;65;123;156m▀[38;2;164;172;205;48;2;65;123;156m▀[48;2;164;172;205m▀[38;2;180;205;238m▀▀[38;2;164;172;205m▀▀▀▀▀▀▀▀▀▀▀▀[38;2;148;65;16m▀[38;2;230;106;8;48;2;148;65;16m▀▀[48;2;0;0;0m▀[38;2;0;0;0;49m▀[0m
[0m               [38;2;65;123;156m▀[48;2;8;90;98m▀[38;2;164;172;205m▀[48;2;65;123;156m▀▀[48;2;164;172;205m▀▀▀▀▀▀▀▀[48;2;65;123;156m▀▀[38;2;65;123;156;48;2;8;90;98m▀[38;2;0;0;0;49m▀▀[0m
[0m             [38;2;0;0;0m▄▄[38;2;8;90;98m▄[38;2;0;0;0;48;2;82;156;156m▀[38;2;82;156;156;48;2;164;172;205m▀[38;2;180;205;238;48;2;180;205;238m▀▀[38;2;164;172;205m▀[38;2;65;123;156m▀[48;2;164;172;205m▀▀[38;2;164;172;205m▀[38;2;65;123;156m▀▀▀[38;2;164;172;205m▀[38;2;82;156;156;48;2;82;156;156m▀▀[38;2;8;90;98m▀▀[49m▄[38;2;0;0;0m▄[0m
[0m    [38;2;8;90;98m▄▄▄▄▄[48;2;148;213;213m▀[38;2;0;0;0m▀[48;2;74;180;172m▀▀[38;2;74;180;172m▀▀▀[48;2;8;90;98m▀[48;2;74;180;172m▀[38;2;164;172;205;48;2;82;156;156m▀[38;2;180;205;238;48;2;230;106;8m▀▀▀[38;2;164;172;205m▀[48;2;164;172;205m▀▀▀▀[48;2;82;156;156m▀[38;2;82;156;156m▀[48;2;8;90;98m▀▀[48;2;82;156;156m▀[48;2;74;180;172m▀[38;2;74;180;172m▀▀[38;2;0;0;0m▀[38;2;8;90;98m▀[38;2;0;0;0;49m▄▄[48;2;82;82;106m▀▀▀[49m▄[0m
[38;2;0;0;0;49m▄[38;2;8;90;98;48;2;74;180;172m▀▀[48;2;148;213;213m▀[38;2;148;213;213m▀[48;2;82;156;156m▀▀[48;2;148;213;213m▀▀▀▀▀[38;2;74;180;172m▀[48;2;74;180;172m▀▀[38;2;8;90;98;48;2;8;90;98m▀[38;2;74;180;172;48;2;230;106;8m▀[38;2;230;106;8;48;2;238;139;49m▀▀[38;2;238;139;49m▀▀[38;2;230;106;8m▀▀[48;2;230;106;8m▀[38;2;148;65;16m▀[38;2;74;180;172;48;2;148;65;16m▀[48;2;74;180;172m▀▀[38;2;82;156;156m▀[48;2;82;156;156m▀▀[38;2;8;90;98;48;2;8;90;98m▀[38;2;74;180;172;48;2;0;0;0m▀[48;2;74;180;172m▀▀▀▀[48;2;148;213;213m▀▀[38;2;8;90;98m▀[38;2;0;0;0m▀[48;2;74;180;172m▀[38;2;82;82;106;48;2;0;0;0m▀[38;2;0;0;0m▀[0m
[38;2;0;0;0;49m▀[38;2;74;180;172;48;2;0;0;0m▀[38;2;8;90;98;48;2;74;180;172m▀[48;2;148;213;213m▀[38;2;82;156;156m▀[38;2;148;213;213m▀▀▀▀▀▀▀▀[38;2;74;180;172;48;2;74;180;172m▀[38;2;8;90;98;48;2;8;90;98m▀[38;2;148;213;213;48;2;230;106;8m▀[38;2;230;106;8;48;2;238;139;49m▀[38;2;238;139;49m▀▀▀▀▀▀▀[38;2;230;106;8;48;2;230;106;8m▀[38;2;148;65;16m▀[38;2;74;180;172;48;2;148;65;16m▀[48;2;74;180;172m▀▀[38;2;82;156;156m▀[48;2;82;156;156m▀[38;2;8;90;98m▀[38;2;0;0;0;49m▄[48;2;0;0;0m▀[38;2;74;180;172;48;2;82;156;156m▀[48;2;74;180;172m▀[38;2;148;213;213;48;2;148;213;213m▀▀▀▀▀▀▀▀[38;2;0;0;0m▀▀[49m▄▄[0m
[0m [38;2;0;0;0m▀[38;2;74;180;172;48;2;0;0;0m▀[48;2;74;180;172m▀[38;2;148;213;213;48;2;8;90;98m▀▀[38;2;82;156;156;48;2;148;213;213m▀▀[38;2;148;213;213m▀▀▀[48;2;0;0;0m▀[38;2;74;180;172m▀[38;2;8;90;98;48;2;8;90;98m▀[38;2;82;156;156;48;2;148;213;213m▀[38;2;230;106;8;48;2;230;106;8m▀[38;2;238;139;49;48;2;238;139;49m▀▀▀▀▀▀▀▀[38;2;230;106;8;48;2;230;106;8m▀▀[38;2;148;65;16;48;2;148;65;16m▀[38;2;74;180;172;48;2;74;180;172m▀▀▀[38;2;82;156;156;48;2;82;156;156m▀▀[38;2;0;0;0;48;2;0;0;0m▀[38;2;82;82;106;48;2;82;82;106m▀[38;2;0;0;0;48;2;0;0;0m▀[38;2;74;180;172;48;2;8;90;98m▀[38;2;148;213;213;48;2;148;213;213m▀▀▀▀▀▀▀▀[48;2;82;156;156m▀[48;2;148;213;213m▀▀[48;2;74;180;172m▀[38;2;0;0;0m▀[49m▄[0m
[0m  [38;2;0;0;0m▀[38;2;8;90;98;48;2;0;0;0m▀[38;2;74;180;172;48;2;74;180;172m▀[38;2;148;213;213m▀[48;2;148;213;213m▀[48;2;8;90;98m▀[38;2;74;180;172m▀[38;2;0;0;0;49m▀[38;2;8;90;98;48;2;0;0;0m▀[38;2;82;82;106;48;2;82;82;106m▀▀[38;2;0;0;0;48;2;0;0;0m▀[38;2;148;213;213;48;2;148;213;213m▀[38;2;230;106;8;48;2;230;106;8m▀[38;2;238;139;49;48;2;238;139;49m▀▀▀▀▀▀▀▀[38;2;230;106;8;48;2;230;106;8m▀▀[38;2;148;65;16;48;2;148;65;16m▀[38;2;74;180;172;48;2;74;180;172m▀▀▀[38;2;82;156;156;48;2;82;156;156m▀▀[38;2;0;0;0m▀[38;2;82;82;106;48;2;0;0;0m▀▀[38;2;0;0;0;48;2;82;82;106m▀[38;2;8;90;98;48;2;0;0;0m▀[38;2;148;213;213m▀[48;2;148;213;213m▀▀▀[38;2;82;156;156m▀[38;2;148;213;213;48;2;82;156;156m▀[48;2;148;213;213m▀▀[38;2;8;90;98m▀[48;2;74;180;172m▀[38;2;74;180;172;48;2;8;90;98m▀[48;2;74;180;172m▀[38;2;0;0;0;48;2;0;0;0m▀[0m
[0m    [38;2;0;0;0m▀▀▀[0m   [38;2;0;0;0;48;2;0;0;0m▀[38;2;82;82;106;48;2;82;82;106m▀▀[38;2;0;0;0;48;2;0;0;0m▀[38;2;148;213;213;48;2;74;180;172m▀[38;2;230;106;8;48;2;148;213;213m▀[38;2;238;139;49;48;2;230;106;8m▀[48;2;238;139;49m▀▀▀▀▀▀[38;2;230;106;8;48;2;230;106;8m▀▀[48;2;148;65;16m▀[38;2;148;65;16;48;2;74;180;172m▀[38;2;74;180;172m▀▀[48;2;82;156;156m▀[38;2;82;156;156m▀▀▀[38;2;0;0;0;48;2;0;0;0m▀[38;2;82;82;106;48;2;82;82;106m▀▀▀▀[38;2;0;0;0;48;2;0;0;0m▀[38;2;74;180;172m▀[38;2;148;213;213m▀[48;2;148;213;213m▀▀[38;2;8;90;98;48;2;74;180;172m▀▀[38;2;74;180;172;48;2;8;90;98m▀[48;2;0;0;0m▀[38;2;0;0;0;49m▀▀[0m
[0m           [38;2;0;0;0m▀▀[48;2;0;0;0m▀[38;2;82;156;156;48;2;82;156;156m▀[38;2;74;180;172m▀[38;2;148;65;16;48;2;74;180;172m▀[38;2;230;106;8;48;2;148;65;16m▀[38;2;238;139;49m▀[48;2;230;106;8m▀▀[38;2;230;106;8m▀▀▀[48;2;148;65;16m▀[38;2;148;65;16;48;2;74;180;172m▀[38;2;74;180;172m▀[48;2;82;156;156m▀[38;2;82;156;156m▀▀▀▀▀[38;2;0;0;0m▀[38;2;82;82;106;48;2;0;0;0m▀▀[38;2;0;0;0;48;2;82;82;106m▀▀[38;2;82;82;106m▀▀[48;2;0;0;0m▀[38;2;0;0;0;49m▀[38;2;74;180;172;48;2;0;0;0m▀▀▀[38;2;0;0;0;49m▀[0m
[0m              [38;2;8;90;98;48;2;8;90;98m▀[38;2;82;156;156;48;2;82;156;156m▀▀[38;2;74;180;172m▀▀[38;2;148;65;16m▀▀▀▀▀[38;2;74;180;172m▀▀▀[38;2;82;156;156m▀▀▀▀▀▀▀[38;2;0;0;0;48;2;0;0;0m▀[38;2;82;82;106;48;2;82;82;106m▀▀[48;2;0;0;0m▀▀[38;2;0;0;0;49m▀[0m
[0m              [38;2;0;0;0;48;2;0;0;0m▀[38;2;82;156;156;48;2;82;156;156m▀▀▀▀▀[38;2;8;90;98m▀[48;2;0;0;0m▀[49m▀[38;2;0;0;0m▀▀▀[38;2;82;156;156;48;2;0;0;0m▀[48;2;82;156;156m▀▀▀▀▀▀▀▀[38;2;0;0;0;48;2;0;0;0m▀[49m▀[0m
[0m               [38;2;0;0;0;48;2;0;0;0m▀[38;2;82;156;156;48;2;8;90;98m▀[48;2;82;156;156m▀[48;2;8;90;98m▀[48;2;82;156;156m▀[48;2;0;0;0m▀[38;2;0;0;0;49m▀[0m     [38;2;0;0;0m▀[38;2;8;90;98;48;2;0;0;0m▀[38;2;74;180;172;48;2;82;156;156m▀[48;2;74;180;172m▀[38;2;82;156;156m▀[48;2;8;90;98m▀[38;2;74;180;172;48;2;74;180;172m▀[38;2;82;156;156;48;2;8;90;98m▀[38;2;0;0;0;48;2;0;0;0m▀[0m
[0m               [38;2;0;0;0m▀▀▀▀▀[0m         [38;2;8;90;98m▀▀[38;2;74;180;172;48;2;0;0;0m▀[38;2;8;90;98m▀[38;2;74;180;172m▀[38;2;0;0;0;49m▀[0m
