[0m             [38;2;82;74;82m▄▄[48;2;106;106;139m▀[38;2;24;24;24m▀[48;2;24;24;24m▀[48;2;82;74;82m▀[49m▄▄[0m          [38;2;82;74;82m▄▄[48;2;106;106;139m▀[48;2;24;24;24m▀[38;2;24;24;24;48;2;106;106;139m▀▀[49m▄▄[0m
[0m           [38;2;82;74;82m▄[48;2;106;106;139m▀[38;2;24;24;24m▀[38;2;106;106;139;48;2;24;24;24m▀[48;2;82;74;82m▀[38;2;82;74;82m▀▀[38;2;24;24;24;48;2;24;24;24m▀[38;2;82;74;82;48;2;82;74;82m▀▀[38;2;24;24;24m▀[49m▄[0m      [38;2;82;74;82m▄[48;2;106;106;139m▀[38;2;106;106;139m▀[48;2;82;74;82m▀▀[38;2;82;74;82m▀[38;2;24;24;24;48;2;24;24;24m▀[38;2;82;74;82;48;2;82;74;82m▀▀▀[38;2;24;24;24m▀[49m▄[0m
[0m          [38;2;82;74;82m▄[48;2;106;106;139m▀[38;2;106;106;139m▀[48;2;82;74;82m▀[38;2;24;24;24m▀[38;2;82;74;82;48;2;24;24;24m▀[48;2;82;74;82m▀▀▀[38;2;24;24;24;48;2;24;24;24m▀[38;2;82;74;82;48;2;82;74;82m▀▀[38;2;24;24;24m▀[49m▄[0m   [38;2;82;74;82m▄[48;2;106;106;139m▀[38;2;106;106;139m▀[48;2;82;74;82m▀[38;2;82;74;82m▀▀▀[48;2;24;24;24m▀[38;2;24;24;24;48;2;82;74;82m▀[38;2;82;74;82m▀▀▀[48;2;24;24;24m▀[38;2;24;24;24;48;2;82;74;82m▀[49m▄[0m          [38;2;82;74;82m▄▄▄▄▄[0m
[0m          [38;2;82;74;82;48;2;82;74;82m▀[38;2;106;106;139;48;2;106;106;139m▀▀[38;2;82;74;82;48;2;82;74;82m▀▀[38;2;24;24;24;48;2;24;24;24m▀[38;2;82;74;82;48;2;82;74;82m▀▀▀[38;2;24;24;24m▀[38;2;82;74;82;48;2;24;24;24m▀[48;2;82;74;82m▀▀[38;2;24;24;24m▀[49m▄[0m [38;2;24;24;24m▄[38;2;82;74;82;48;2;106;106;139m▀[38;2;106;106;139m▀[48;2;82;74;82m▀[38;2;82;74;82m▀▀▀[38;2;24;24;24;48;2;24;24;24m▀[38;2;82;74;82;48;2;82;74;82m▀▀▀▀[38;2;24;24;24;48;2;24;24;24m▀[38;2;82;74;82;48;2;82;74;82m▀▀[38;2;24;24;24;48;2;24;24;24m▀[0m         [38;2;82;74;82;48;2;82;74;82m▀[38;2;106;106;139;48;2;106;106;139m▀▀▀▀▀[38;2;82;74;82m▀▀[49m▄▄[0m
[0m          [38;2;82;74;82;48;2;82;74;82m▀[38;2;106;106;139;48;2;106;106;139m▀▀[38;2;82;74;82;48;2;82;74;82m▀▀▀[38;2;24;24;24;48;2;24;24;24m▀[38;2;82;74;82;48;2;82;74;82m▀▀▀[38;2;24;24;24m▀[38;2;82;74;82;48;2;24;24;24m▀[48;2;82;74;82m▀▀[38;2;24;24;24m▀[49m▄[48;2;106;106;139m▀[38;2;106;106;139m▀▀[38;2;82;74;82;48;2;82;74;82m▀▀▀[38;2;24;24;24;48;2;24;24;24m▀[38;2;82;74;82;48;2;82;74;82m▀▀▀▀[38;2;24;24;24;48;2;24;24;24m▀[38;2;82;74;82;48;2;82;74;82m▀▀▀[38;2;24;24;24;48;2;24;24;24m▀[0m         [38;2;82;74;82;48;2;82;74;82m▀[38;2;106;106;139;48;2;106;106;139m▀▀▀▀▀▀▀▀▀[38;2;82;74;82;48;2;82;74;82m▀[0m
[0m          [38;2;82;74;82m▀[38;2;106;106;139;48;2;82;74;82m▀[48;2;106;106;139m▀[38;2;82;74;82;48;2;82;74;82m▀▀▀[38;2;24;24;24m▀[38;2;82;74;82;48;2;24;24;24m▀[48;2;82;74;82m▀▀▀[38;2;24;24;24;48;2;24;24;24m▀[38;2;82;74;82;48;2;82;74;82m▀▀▀[38;2;24;24;24;48;2;24;24;24m▀[38;2;106;106;139;48;2;106;106;139m▀▀[38;2;82;74;82;48;2;82;74;82m▀▀▀[38;2;24;24;24;48;2;24;24;24m▀[38;2;82;74;82;48;2;82;74;82m▀▀▀▀[38;2;24;24;24;48;2;24;24;24m▀[38;2;82;74;82;48;2;82;74;82m▀▀▀[48;2;24;24;24m▀[38;2;24;24;24;49m▀[0m         [38;2;82;74;82;48;2;82;74;82m▀[38;2;106;106;139;48;2;106;106;139m▀▀▀▀▀▀▀▀[38;2;82;74;82;48;2;82;74;82m▀[38;2;106;106;139;48;2;106;106;139m▀[38;2;24;24;24m▀[49m▄[0m
[0m           [38;2;82;74;82;48;2;82;74;82m▀[38;2;106;106;139;48;2;106;106;139m▀▀[38;2;82;74;82;48;2;82;74;82m▀▀▀[38;2;24;24;24;48;2;24;24;24m▀[38;2;82;74;82;48;2;82;74;82m▀▀▀▀[38;2;24;24;24;48;2;24;24;24m▀[38;2;82;74;82;48;2;82;74;82m▀[38;2;24;24;24;48;2;24;24;24m▀[38;2;106;106;139;48;2;106;106;139m▀▀[48;2;82;74;82m▀[38;2;82;74;82m▀▀[48;2;24;24;24m▀[38;2;24;24;24;48;2;82;74;82m▀[38;2;82;74;82m▀▀▀[38;2;24;24;24;48;2;24;24;24m▀[38;2;82;74;82;48;2;82;74;82m▀▀▀[48;2;24;24;24m▀[38;2;24;24;24;49m▀[0m         [38;2;82;74;82;48;2;82;74;82m▀[38;2;106;106;139;48;2;106;106;139m▀▀▀▀▀▀▀▀▀[38;2;82;74;82;48;2;82;74;82m▀[38;2;106;106;139;48;2;106;106;139m▀▀▀[38;2;24;24;24;48;2;24;24;24m▀[0m
[0m            [38;2;82;74;82;48;2;24;24;24m▀[38;2;106;106;139;48;2;106;106;139m▀▀[38;2;82;74;82;48;2;82;74;82m▀▀▀[38;2;24;24;24;48;2;24;24;24m▀[38;2;82;74;82;48;2;82;74;82m▀[48;2;24;24;24m▀▀[38;2;24;24;24;48;2;90;131;197m▀▀[48;2;24;24;24m▀[38;2;106;106;139;48;2;106;106;139m▀▀[38;2;82;74;82;48;2;82;74;82m▀▀▀[38;2;24;24;24;48;2;24;24;24m▀[38;2;82;74;82;48;2;82;74;82m▀▀▀[38;2;24;24;24;48;2;24;24;24m▀[38;2;82;74;82;48;2;82;74;82m▀▀[48;2;24;24;24m▀[38;2;24;24;24;49m▀[0m           [38;2;82;74;82;48;2;82;74;82m▀[38;2;106;106;139;48;2;106;106;139m▀▀▀▀▀▀▀▀[38;2;82;74;82;48;2;82;74;82m▀[38;2;106;106;139;48;2;106;106;139m▀▀▀▀▀[38;2;24;24;24;48;2;24;24;24m▀[0m
[0m             [38;2;24;24;24;48;2;24;24;24m▀[38;2;106;106;139;48;2;106;106;139m▀▀[38;2;82;74;82;48;2;82;74;82m▀▀[38;2;24;24;24;48;2;24;24;24m▀[48;2;90;131;197m▀[38;2;90;131;197m▀▀▀[38;2;24;24;24;48;2;24;24;24m▀[38;2;106;106;139;48;2;106;106;139m▀▀▀[38;2;82;74;82;48;2;82;74;82m▀▀[48;2;24;24;24m▀[38;2;24;24;24;48;2;90;131;197m▀▀▀[38;2;82;74;82;48;2;24;24;24m▀▀[48;2;82;74;82m▀[48;2;24;24;24m▀[38;2;24;24;24;49m▀[0m           [38;2;82;74;82m▄[48;2;106;106;139m▀[38;2;106;106;139m▀[38;2;82;74;82;48;2;82;74;82m▀[38;2;106;106;139;48;2;106;106;139m▀▀▀▀▀▀[38;2;82;74;82;48;2;82;74;82m▀[38;2;106;106;139;48;2;106;106;139m▀▀▀▀▀[38;2;82;74;82;48;2;82;74;82m▀[38;2;24;24;24m▀[49m▄[0m
[0m              [38;2;24;24;24;48;2;24;24;24m▀[38;2;106;106;139;48;2;106;106;139m▀▀[38;2;24;24;24;48;2;24;24;24m▀[38;2;90;131;197;48;2;90;131;197m▀▀[38;2;131;164;222;48;2;131;164;222m▀▀▀[38;2;24;24;24;48;2;24;24;24m▀[38;2;106;106;139;48;2;106;106;139m▀[48;2;131;74;41m▀[48;2;106;106;139m▀▀[38;2;24;24;24;48;2;24;24;24m▀[38;2;90;131;197;48;2;90;131;197m▀▀▀▀▀▀[38;2;24;24;24m▀[48;2;24;24;24m▀[0m            [38;2;82;74;82;48;2;82;74;82m▀[38;2;106;106;139;48;2;106;106;139m▀[38;2;82;74;82;48;2;82;74;82m▀▀[38;2;106;106;139;48;2;106;106;139m▀▀▀▀▀[38;2;82;74;82;48;2;82;74;82m▀[38;2;106;106;139;48;2;106;106;139m▀▀▀▀▀[48;2;82;74;82m▀[38;2;82;74;82m▀▀[38;2;24;24;24;48;2;24;24;24m▀[0m
[0m            [38;2;131;74;41m▄▄[38;2;24;24;24;48;2;24;24;24m▀[38;2;131;74;41;48;2;246;180;65m▀[38;2;24;24;24;48;2;24;24;24m▀[38;2;90;131;197;48;2;90;131;197m▀[48;2;131;164;222m▀[38;2;131;164;222m▀▀▀▀[38;2;24;24;24;48;2;24;24;24m▀[38;2;131;74;41;48;2;246;180;65m▀[38;2;238;131;65;48;2;24;24;24m▀[38;2;131;74;41;48;2;246;180;65m▀[38;2;82;74;82;48;2;24;24;24m▀[38;2;90;131;197;48;2;90;131;197m▀▀▀▀[48;2;131;74;41m▀[38;2;24;24;24;48;2;238;131;65m▀▀▀▀[49m▄▄[38;2;131;74;41m▄▄[0m        [38;2;82;74;82;48;2;82;74;82m▀[38;2;106;106;139;48;2;106;106;139m▀[38;2;82;74;82;48;2;82;74;82m▀▀[38;2;106;106;139;48;2;106;106;139m▀▀▀▀▀[38;2;82;74;82;48;2;82;74;82m▀[38;2;106;106;139;48;2;106;106;139m▀▀▀▀▀[38;2;82;74;82;48;2;82;74;82m▀▀▀▀[38;2;24;24;24;48;2;24;24;24m▀[0m
[0m       [38;2;131;74;41m▄[48;2;246;180;65m▀▀[48;2;238;131;65m▀▀[38;2;238;131;65m▀[38;2;24;24;24;48;2;24;24;24m▀[48;2;131;74;41m▀[38;2;246;180;65;48;2;238;131;65m▀[38;2;24;24;24;48;2;131;74;41m▀[38;2;90;131;197;48;2;131;164;222m▀[38;2;131;164;222m▀▀▀▀▀[38;2;131;74;41;48;2;131;74;41m▀[38;2;246;180;65;48;2;238;131;65m▀[38;2;24;24;24m▀[38;2;238;131;65;48;2;131;74;41m▀[38;2;24;24;24;48;2;90;131;197m▀[38;2;90;131;197m▀▀[48;2;131;74;41m▀[38;2;131;74;41;48;2;238;131;65m▀[38;2;238;131;65m▀▀▀▀▀[48;2;131;74;41m▀[48;2;238;131;65m▀▀▀[38;2;131;74;41m▀▀▀▀[49m▄[0m  [38;2;82;74;82;48;2;82;74;82m▀[38;2;106;106;139;48;2;106;106;139m▀[48;2;82;74;82m▀[38;2;82;74;82m▀▀[38;2;106;106;139m▀[48;2;106;106;139m▀▀▀[48;2;82;74;82m▀[38;2;82;74;82;48;2;106;106;139m▀[38;2;106;106;139m▀▀▀▀[38;2;82;74;82;48;2;82;74;82m▀▀▀▀[48;2;24;24;24m▀[38;2;24;24;24m▀[0m
[0m       [38;2;131;74;41m▀[38;2;24;24;24m▀▀[38;2;238;131;65;48;2;131;74;41m▀▀[38;2;24;24;24;48;2;24;24;24m▀[38;2;131;164;222;48;2;90;131;197m▀[48;2;131;164;222m▀[38;2;131;74;41m▀[38;2;131;164;222m▀[48;2;156;197;222m▀[38;2;156;197;222m▀[38;2;131;164;222;48;2;131;164;222m▀▀▀▀[48;2;90;131;197m▀[38;2;131;74;41m▀▀[38;2;90;131;197m▀▀[48;2;90;90;139m▀[48;2;131;74;41m▀[38;2;131;74;41;48;2;238;131;65m▀[38;2;238;131;65;48;2;246;180;65m▀[38;2;246;180;65m▀▀[38;2;131;74;41m▀[38;2;238;131;65;48;2;131;74;41m▀▀[48;2;238;131;65m▀[38;2;24;24;24m▀[48;2;131;74;41m▀[48;2;90;131;197m▀[49m▀▀▀▀[0m  [38;2;82;74;82;48;2;82;74;82m▀[38;2;106;106;139;48;2;106;106;139m▀▀[38;2;82;74;82;48;2;82;74;82m▀▀▀▀[38;2;106;106;139m▀[48;2;106;106;139m▀▀[38;2;82;74;82;48;2;82;74;82m▀[38;2;106;106;139;48;2;106;106;139m▀▀▀▀[38;2;82;74;82;48;2;82;74;82m▀▀▀▀[48;2;24;24;24m▀[38;2;24;24;24;48;2;82;74;82m▀[38;2;82;74;82m▀[38;2;24;24;24;48;2;24;24;24m▀[0m
[0m         [38;2;131;74;41m▀[38;2;238;131;65;48;2;131;74;41m▀▀[38;2;131;74;41;48;2;238;131;65m▀[38;2;24;24;24;48;2;24;24;24m▀[38;2;90;131;197;48;2;90;90;139m▀[38;2;90;90;139;48;2;24;24;24m▀[38;2;90;131;197;48;2;90;131;197m▀[38;2;156;197;222m▀[38;2;131;164;222m▀[38;2;90;90;139m▀[38;2;90;131;197m▀[48;2;24;24;24m▀▀▀▀[48;2;90;131;197m▀▀[48;2;24;24;24m▀[38;2;24;24;24;48;2;197;98;123m▀[38;2;131;74;41;48;2;106;41;65m▀[38;2;238;131;65;48;2;238;131;65m▀[38;2;246;180;65m▀[48;2;246;180;65m▀▀▀▀▀[38;2;131;74;41m▀[38;2;24;24;24m▀[38;2;131;74;41;48;2;24;24;24m▀[38;2;90;131;197m▀[38;2;90;90;139m▀[38;2;90;131;197;49m▄[38;2;90;90;139m▄[0m [38;2;24;24;24m▄[38;2;82;74;82;48;2;106;106;139m▀[38;2;106;106;139m▀▀[38;2;82;74;82;48;2;82;74;82m▀▀▀▀▀[48;2;24;24;24m▀▀[38;2;24;24;24;48;2;131;164;222m▀▀[48;2;90;131;197m▀[38;2;106;106;139;48;2;24;24;24m▀[48;2;82;74;82m▀[38;2;82;74;82m▀▀▀▀[48;2;24;24;24m▀[38;2;24;24;24;48;2;82;74;82m▀[38;2;82;74;82m▀▀[38;2;24;24;24;48;2;24;24;24m▀[0m
[0m       [38;2;131;74;41m▄▄[48;2;246;180;65m▀[38;2;246;180;65m▀[48;2;238;131;65m▀[38;2;238;131;65m▀▀[38;2;24;24;24m▀[38;2;90;90;139;48;2;24;24;24m▀[38;2;24;24;24m▀[38;2;90;131;197;48;2;90;90;139m▀[48;2;90;131;197m▀[48;2;24;24;24m▀[38;2;24;24;24;48;2;106;41;65m▀[38;2;106;41;65m▀▀[38;2;197;98;123;48;2;197;98;123m▀▀[38;2;24;24;24m▀▀[38;2;197;98;123m▀▀[38;2;106;41;65;48;2;106;41;65m▀[38;2;131;74;41;48;2;172;189;180m▀[38;2;238;131;65;48;2;131;74;41m▀▀[38;2;24;24;24m▀[48;2;172;189;180m▀[48;2;106;123;115m▀[38;2;131;74;41;48;2;131;74;41m▀[38;2;238;131;65;48;2;24;24;24m▀[38;2;246;180;65m▀▀▀▀[38;2;24;24;24m▀[38;2;90;131;197;48;2;90;131;197m▀[38;2;24;24;24m▀[38;2;106;106;139;48;2;24;24;24m▀▀[48;2;106;106;139m▀[38;2;82;74;82;48;2;82;74;82m▀▀▀[48;2;24;24;24m▀▀[38;2;24;24;24;48;2;131;164;222m▀[38;2;131;164;222m▀▀[48;2;90;131;197m▀[38;2;90;131;197m▀▀[38;2;24;24;24m▀[38;2;82;74;82;48;2;24;24;24m▀[48;2;82;74;82m▀▀▀[48;2;24;24;24m▀[38;2;24;24;24;48;2;82;74;82m▀[38;2;82;74;82m▀▀▀[38;2;24;24;24;48;2;24;24;24m▀[0m
[0m      [38;2;131;74;41;48;2;131;74;41m▀[38;2;246;180;65;48;2;24;24;24m▀▀[38;2;238;131;65m▀▀[38;2;24;24;24;49m▀▀▀▀[38;2;238;131;65;48;2;24;24;24m▀▀[38;2;24;24;24;48;2;238;131;65m▀[48;2;24;24;24m▀[38;2;106;41;65;48;2;106;123;115m▀[48;2;24;24;24m▀[48;2;106;41;65m▀▀[38;2;197;98;123m▀[48;2;197;98;123m▀▀[48;2;106;41;65m▀▀[38;2;106;41;65;48;2;222;238;230m▀[38;2;172;189;180;48;2;172;189;180m▀▀[48;2;106;123;115m▀[48;2;172;189;180m▀▀▀[38;2;106;123;115m▀[38;2;90;131;197;48;2;90;131;197m▀▀▀▀▀▀[38;2;90;90;139m▀[38;2;90;131;197;48;2;24;24;24m▀[48;2;90;131;197m▀▀▀[38;2;24;24;24m▀▀▀▀[38;2;131;164;222m▀▀▀▀[38;2;90;131;197m▀▀▀▀▀[38;2;24;24;24;48;2;24;24;24m▀[38;2;82;74;82m▀▀[38;2;24;24;24;48;2;82;74;82m▀[38;2;82;74;82m▀▀▀▀▀[38;2;24;24;24;48;2;24;24;24m▀[0m
[0m            [38;2;131;74;41m▄▄[38;2;24;24;24m▄[38;2;90;90;139m▄▄[38;2;24;24;24;48;2;90;131;197m▀▀[38;2;106;123;115;48;2;24;24;24m▀[38;2;172;189;180;48;2;106;123;115m▀[38;2;24;24;24;48;2;222;238;230m▀▀▀[38;2;106;41;65m▀▀[38;2;222;238;230m▀[48;2;172;189;180m▀[38;2;172;189;180;48;2;24;24;24m▀▀[38;2;106;123;115;48;2;106;123;115m▀[38;2;172;189;180;48;2;172;189;180m▀▀▀▀▀[38;2;106;123;115m▀[38;2;90;131;197;48;2;90;90;139m▀▀[48;2;90;131;197m▀▀▀▀▀[38;2;24;24;24m▀▀▀[38;2;90;131;197;48;2;24;24;24m▀▀[48;2;90;131;197m▀▀▀▀▀▀▀▀▀▀▀[38;2;24;24;24m▀[38;2;82;74;82;48;2;24;24;24m▀[48;2;82;74;82m▀▀▀▀▀▀▀[38;2;24;24;24;48;2;24;24;24m▀[0m
[0m         [38;2;131;74;41m▄[48;2;246;180;65m▀▀[38;2;246;180;65;48;2;131;74;41m▀▀[48;2;246;180;65m▀[38;2;131;74;41;48;2;131;74;41m▀[38;2;90;131;197;48;2;131;164;222m▀[48;2;90;131;197m▀▀▀[38;2;24;24;24m▀▀▀[48;2;90;90;139m▀▀▀[49m▀▀[0m  [38;2;24;24;24m▀▀[38;2;172;189;180;48;2;24;24;24m▀[48;2;172;189;180m▀▀▀▀▀▀[38;2;24;24;24;48;2;222;238;230m▀[38;2;90;131;197;48;2;24;24;24m▀[48;2;90;131;197m▀▀▀[48;2;131;164;222m▀▀▀▀[48;2;90;131;197m▀[38;2;24;24;24m▀[38;2;90;90;139;48;2;24;24;24m▀[38;2;90;131;197;48;2;90;131;197m▀▀▀▀▀▀[38;2;90;90;139m▀▀[38;2;90;131;197;48;2;24;24;24m▀[48;2;90;131;197m▀[38;2;24;24;24;48;2;24;24;24m▀[38;2;82;74;82;48;2;82;74;82m▀▀▀▀[48;2;24;24;24m▀▀[38;2;24;24;24m▀[0m
[0m       [38;2;131;74;41m▄[48;2;131;74;41m▀[38;2;246;180;65m▀[48;2;246;180;65m▀▀▀[48;2;238;131;65m▀[38;2;131;74;41m▀[48;2;131;74;41m▀[38;2;131;164;222;48;2;131;164;222m▀▀[38;2;90;131;197;48;2;90;131;197m▀[48;2;90;90;139m▀[38;2;90;90;139;49m▀▀▀[0m        [38;2;90;90;139m▄▄[38;2;24;24;24;48;2;24;24;24m▀[38;2;172;189;180;48;2;172;189;180m▀[48;2;222;238;230m▀▀[38;2;222;238;230m▀▀▀▀[38;2;24;24;24;48;2;24;24;24m▀[38;2;90;131;197;48;2;131;74;41m▀[38;2;131;74;41;48;2;238;131;65m▀▀[38;2;131;164;222;48;2;131;74;41m▀[48;2;131;164;222m▀▀▀[38;2;90;131;197m▀[38;2;24;24;24;48;2;24;24;24m▀[38;2;90;131;197;48;2;90;131;197m▀▀[48;2;131;164;222m▀▀▀▀▀[48;2;90;131;197m▀[48;2;131;74;41m▀[38;2;24;24;24;48;2;238;131;65m▀[38;2;131;74;41m▀▀[38;2;24;24;24;48;2;131;74;41m▀[48;2;82;74;82m▀▀[38;2;82;74;82m▀▀[38;2;24;24;24;48;2;24;24;24m▀[0m
[0m      [38;2;131;74;41m▄[48;2;238;131;65m▀[38;2;246;180;65;48;2;246;180;65m▀▀[38;2;131;74;41m▀[48;2;238;131;65m▀[38;2;238;131;65;48;2;131;74;41m▀[48;2;238;131;65m▀[38;2;131;74;41;48;2;131;74;41m▀[38;2;131;164;222;48;2;131;164;222m▀▀▀[38;2;24;24;24;48;2;24;24;24m▀[0m       [38;2;131;74;41m▄▄[38;2;90;90;139m▄[48;2;90;131;197m▀▀[38;2;90;131;197m▀▀[38;2;24;24;24m▀[38;2;172;189;180;48;2;106;123;115m▀[38;2;222;238;230;48;2;222;238;230m▀▀▀▀▀[38;2;24;24;24;48;2;24;24;24m▀[38;2;131;74;41;48;2;238;131;65m▀[38;2;246;180;65;48;2;131;74;41m▀▀[38;2;238;131;65m▀[38;2;131;74;41;48;2;238;131;65m▀[38;2;131;164;222;48;2;131;74;41m▀[48;2;131;164;222m▀▀[38;2;24;24;24;48;2;24;24;24m▀[38;2;90;131;197;48;2;90;131;197m▀▀[38;2;131;164;222;48;2;131;164;222m▀▀▀▀▀▀▀[38;2;131;74;41;48;2;131;74;41m▀[38;2;238;131;65;48;2;238;131;65m▀▀[48;2;131;74;41m▀▀[38;2;131;74;41m▀[38;2;82;74;82m▀[48;2;82;74;82m▀[38;2;24;24;24;48;2;24;24;24m▀[0m
[0m     [38;2;90;90;139m▄[38;2;131;74;41;48;2;131;74;41m▀[38;2;238;131;65;48;2;238;131;65m▀▀▀[48;2;131;74;41m▀▀[38;2;131;74;41m▀[48;2;131;164;222m▀[38;2;131;164;222m▀▀▀[48;2;24;24;24m▀[38;2;24;24;24;49m▀[0m     [38;2;131;74;41m▄[48;2;238;131;65m▀[38;2;238;131;65;48;2;24;24;24m▀[38;2;90;90;139;48;2;90;131;197m▀[38;2;90;131;197m▀▀▀▀▀▀[38;2;106;123;115;48;2;106;123;115m▀[38;2;222;238;230;48;2;172;189;180m▀[48;2;222;238;230m▀▀▀[38;2;24;24;24;48;2;24;24;24m▀[38;2;246;180;65;48;2;238;131;65m▀[48;2;246;180;65m▀▀▀[38;2;238;131;65;48;2;238;131;65m▀[38;2;131;74;41m▀[48;2;131;74;41m▀[38;2;131;164;222;48;2;131;164;222m▀▀[38;2;24;24;24;48;2;24;24;24m▀[38;2;90;131;197;48;2;90;131;197m▀[48;2;90;90;139m▀[38;2;131;164;222;48;2;131;164;222m▀[48;2;156;197;222m▀▀▀[48;2;131;164;222m▀▀▀▀[38;2;131;74;41;48;2;131;74;41m▀[48;2;238;131;65m▀[38;2;238;131;65m▀▀▀▀[38;2;24;24;24;48;2;131;74;41m▀[0m
[0m  [38;2;90;90;139m▄[48;2;131;164;222m▀▀[38;2;131;164;222m▀▀[38;2;131;74;41m▀▀▀[38;2;131;164;222m▀▀▀▀▀[48;2;90;131;197m▀[38;2;90;131;197;48;2;24;24;24m▀[38;2;24;24;24;49m▀[0m     [38;2;131;74;41m▄[48;2;90;90;139m▀[38;2;24;24;24;48;2;90;131;197m▀[38;2;90;131;197;48;2;131;164;222m▀▀[48;2;90;131;197m▀▀▀▀▀▀[38;2;106;123;115m▀[38;2;172;189;180;48;2;106;123;115m▀[38;2;222;238;230;48;2;172;189;180m▀▀[38;2;24;24;24;48;2;24;24;24m▀[38;2;238;131;65;48;2;131;74;41m▀[38;2;131;74;41;48;2;246;180;65m▀▀▀[38;2;246;180;65;48;2;131;74;41m▀[38;2;238;131;65;48;2;238;131;65m▀[48;2;131;74;41m▀[38;2;131;74;41;48;2;131;164;222m▀[38;2;131;164;222m▀▀[38;2;24;24;24;48;2;24;24;24m▀[38;2;90;90;139;48;2;106;123;115m▀[48;2;90;90;139m▀[38;2;131;164;222;48;2;131;164;222m▀[38;2;156;197;222;48;2;156;197;222m▀▀▀▀[38;2;131;164;222;48;2;131;164;222m▀▀▀▀[38;2;131;74;41;48;2;131;74;41m▀[38;2;238;131;65;48;2;238;131;65m▀[48;2;131;74;41m▀[38;2;131;74;41;48;2;238;131;65m▀▀▀[48;2;131;74;41m▀[0m
[38;2;90;90;139;49m▄[48;2;90;131;197m▀[38;2;131;164;222;48;2;131;164;222m▀▀[48;2;90;90;139m▀[38;2;90;131;197;48;2;131;164;222m▀[38;2;131;164;222m▀▀[48;2;90;131;197m▀[38;2;90;131;197;48;2;131;164;222m▀[38;2;131;164;222m▀▀▀[48;2;24;24;24m▀[38;2;24;24;24;49m▀▀[0m       [38;2;131;74;41;48;2;90;90;139m▀[38;2;90;90;139;48;2;131;164;222m▀[38;2;131;164;222m▀▀▀▀[38;2;90;131;197;48;2;90;131;197m▀▀▀▀▀▀[38;2;106;123;115m▀[38;2;172;189;180;48;2;106;123;115m▀[48;2;24;24;24m▀[38;2;24;24;24;48;2;131;164;222m▀[38;2;246;180;65;48;2;131;74;41m▀[48;2;246;180;65m▀▀[48;2;238;131;65m▀[38;2;238;131;65m▀[38;2;131;74;41;48;2;131;74;41m▀[48;2;131;164;222m▀[38;2;131;164;222m▀▀[38;2;24;24;24;48;2;24;24;24m▀[38;2;106;123;115;48;2;106;123;115m▀▀▀[38;2;90;90;139;48;2;90;90;139m▀[38;2;131;164;222;48;2;131;164;222m▀[38;2;156;197;222m▀▀▀[38;2;131;164;222m▀▀▀▀[38;2;90;131;197;48;2;90;131;197m▀[38;2;131;74;41m▀[38;2;238;131;65;48;2;131;74;41m▀[48;2;238;131;65m▀▀▀▀[38;2;24;24;24;48;2;24;24;24m▀[0m
[38;2;90;90;139;48;2;24;24;24m▀[38;2;90;131;197;48;2;90;131;197m▀[38;2;131;164;222m▀[38;2;24;24;24;48;2;24;24;24m▀[38;2;131;164;222;48;2;131;164;222m▀▀▀[38;2;90;131;197;48;2;90;90;139m▀[38;2;90;90;139;48;2;131;164;222m▀[38;2;131;164;222m▀▀▀[38;2;90;131;197;48;2;24;24;24m▀[38;2;24;24;24;49m▀[0m       [38;2;90;90;139m▄[48;2;90;131;197m▀[38;2;90;131;197;48;2;131;164;222m▀[38;2;131;164;222m▀▀▀▀▀▀[38;2;90;131;197;48;2;90;131;197m▀▀[48;2;90;90;139m▀[38;2;90;90;139;49m▀[48;2;24;24;24m▀[38;2;24;24;24;48;2;131;164;222m▀▀[38;2;131;164;222m▀▀[38;2;131;74;41m▀[38;2;238;131;65;48;2;131;74;41m▀▀[38;2;131;74;41;48;2;131;164;222m▀▀[38;2;131;164;222m▀▀▀[48;2;24;24;24m▀[38;2;24;24;24;48;2;106;123;115m▀[38;2;106;123;115m▀▀▀▀[38;2;90;90;139;48;2;24;24;24m▀[38;2;131;164;222;48;2;90;131;197m▀[48;2;131;164;222m▀▀▀▀[48;2;90;131;197m▀[38;2;90;131;197m▀▀▀▀[38;2;131;74;41m▀▀[38;2;238;131;65;48;2;131;74;41m▀▀[38;2;24;24;24;48;2;90;131;197m▀[49m▄[0m
[38;2;24;24;24;49m▀[38;2;90;131;197;48;2;24;24;24m▀▀[38;2;24;24;24m▀[38;2;131;164;222;48;2;131;164;222m▀▀▀[38;2;90;90;139;48;2;90;90;139m▀[38;2;131;164;222;48;2;131;164;222m▀▀▀▀[38;2;24;24;24;48;2;24;24;24m▀[0m     [38;2;90;90;139m▄[48;2;90;131;197m▀▀[38;2;90;131;197;48;2;24;24;24m▀[38;2;131;164;222;48;2;90;90;139m▀[48;2;131;164;222m▀▀▀▀▀▀▀[38;2;90;131;197;48;2;24;24;24m▀[38;2;24;24;24;49m▀[0m [38;2;24;24;24;48;2;24;24;24m▀[38;2;90;131;197;48;2;90;131;197m▀[38;2;131;164;222;48;2;131;164;222m▀▀[48;2;90;90;139m▀[38;2;90;90;139;48;2;131;164;222m▀[38;2;131;164;222m▀▀▀▀▀▀▀▀[38;2;24;24;24;48;2;24;24;24m▀[38;2;106;123;115m▀[48;2;106;123;115m▀▀▀▀[48;2;24;24;24m▀[38;2;24;24;24;48;2;82;74;82m▀▀[38;2;90;131;197;48;2;24;24;24m▀[48;2;90;131;197m▀▀▀▀▀▀▀▀▀▀▀▀[38;2;24;24;24m▀[49m▄[0m
[0m   [38;2;24;24;24m▀[38;2;90;131;197;48;2;24;24;24m▀▀▀[38;2;24;24;24;49m▀[38;2;90;131;197;48;2;24;24;24m▀▀▀▀[38;2;24;24;24;49m▀[0m    [38;2;90;90;139;48;2;24;24;24m▀[38;2;90;131;197m▀[38;2;24;24;24;48;2;131;164;222m▀▀[38;2;131;164;222m▀▀[48;2;24;24;24m▀▀[48;2;90;90;139m▀[48;2;131;164;222m▀▀[48;2;90;131;197m▀[38;2;90;131;197;48;2;24;24;24m▀[38;2;24;24;24;49m▀[0m  [38;2;24;24;24;48;2;90;90;139m▀[38;2;90;131;197;48;2;90;131;197m▀▀[38;2;131;164;222;48;2;90;90;139m▀[38;2;90;90;139;48;2;90;131;197m▀[38;2;131;164;222;48;2;131;164;222m▀▀▀[48;2;90;90;139m▀[38;2;90;90;139;48;2;131;164;222m▀[38;2;131;164;222m▀▀▀[38;2;24;24;24;48;2;24;24;24m▀[38;2;82;74;82m▀[48;2;82;74;82m▀[38;2;24;24;24m▀[48;2;24;24;24m▀[48;2;82;74;82m▀▀[38;2;82;74;82m▀[38;2;24;24;24;48;2;24;24;24m▀[38;2;82;74;82;48;2;82;74;82m▀▀[38;2;24;24;24m▀[38;2;90;131;197;48;2;24;24;24m▀▀[48;2;90;131;197m▀▀▀▀▀▀▀▀▀▀[38;2;24;24;24m▀[49m▄[0m
[0m                 [38;2;24;24;24m▀[38;2;90;131;197;48;2;24;24;24m▀▀▀[38;2;24;24;24m▀[48;2;90;131;197m▀[38;2;90;131;197m▀▀[38;2;131;164;222m▀[48;2;24;24;24m▀[38;2;90;131;197m▀[38;2;24;24;24;49m▀[0m    [38;2;90;90;139m▀[38;2;90;131;197;48;2;24;24;24m▀▀[38;2;90;90;139;48;2;90;90;139m▀[38;2;90;131;197;48;2;90;131;197m▀▀▀[48;2;90;90;139m▀[38;2;24;24;24;48;2;24;24;24m▀[38;2;90;131;197;48;2;90;131;197m▀[38;2;131;164;222m▀▀▀[38;2;24;24;24m▀[49m▄▀▀[38;2;82;74;82;48;2;24;24;24m▀▀▀▀▀[38;2;24;24;24;49m▀▀▀[0m  [38;2;24;24;24m▀[38;2;90;131;197;48;2;24;24;24m▀[48;2;90;131;197m▀▀[48;2;90;90;139m▀[48;2;90;131;197m▀▀▀[38;2;90;90;139m▀[38;2;90;131;197;48;2;90;90;139m▀[48;2;90;131;197m▀▀[38;2;24;24;24;48;2;24;24;24m▀[0m
[0m                     [38;2;24;24;24m▀▀▀▀▀[0m          [38;2;24;24;24m▀[38;2;90;131;197;48;2;24;24;24m▀▀▀[38;2;24;24;24;49m▀[0m [38;2;24;24;24m▀[38;2;90;131;197;48;2;24;24;24m▀▀▀▀[38;2;24;24;24;49m▀[0m              [38;2;24;24;24;48;2;24;24;24m▀[38;2;90;131;197;48;2;90;131;197m▀▀[38;2;90;90;139;48;2;90;90;139m▀[38;2;90;131;197;48;2;90;131;197m▀▀▀▀[38;2;90;90;139;48;2;90;90;139m▀[38;2;90;131;197;48;2;90;131;197m▀▀[38;2;24;24;24;48;2;24;24;24m▀[0m
[0m                                                               [38;2;24;24;24m▀▀▀[38;2;90;131;197;48;2;24;24;24m▀▀▀▀▀[38;2;24;24;24;49m▀▀[0m
