[0m              [38;2;213;41;82m▄[48;2;246;98;106m▀▀[38;2;131;41;41;49m▄[0m
[0m             [38;2;213;41;82m▄[48;2;246;98;106m▀[38;2;246;98;106m▀▀[38;2;131;41;41;48;2;131;41;41m▀[0m
[0m            [38;2;213;41;82;48;2;213;41;82m▀[38;2;246;98;106;48;2;246;98;106m▀▀▀[48;2;230;49;90m▀[38;2;131;41;41;48;2;131;41;41m▀[0m
[0m          [38;2;213;41;82m▄[48;2;246;98;106m▀[38;2;246;98;106m▀▀▀[48;2;230;49;90m▀[38;2;131;41;41;48;2;0;0;0m▀[0m
[0m   [38;2;180;139;74;48;2;123;98;57m▀[48;2;246;222;115m▀[49m▄[0m   [38;2;213;41;82m▄[48;2;246;98;106m▀[38;2;246;98;106m▀▀▀[38;2;230;49;90;48;2;230;49;90m▀▀[38;2;0;0;0;48;2;0;0;0m▀[0m
[0m   [38;2;123;98;57;48;2;180;139;74m▀[38;2;246;222;115m▀[48;2;246;222;115m▀[38;2;180;139;74m▀[38;2;123;98;57;48;2;180;139;74m▀[38;2;213;41;82;48;2;123;98;57m▀[38;2;246;98;106;48;2;246;98;106m▀▀▀▀[48;2;230;49;90m▀[38;2;230;49;90m▀▀[38;2;0;0;0;48;2;0;0;0m▀[38;2;131;41;41;49m▄▄▄▄[0m
[0m    [38;2;123;98;57;48;2;123;98;57m▀[38;2;246;222;115;48;2;180;139;74m▀[48;2;246;222;115m▀[48;2;180;139;74m▀[38;2;123;98;57;48;2;123;98;57m▀[38;2;246;98;106;48;2;246;98;106m▀▀▀[48;2;230;49;90m▀[38;2;230;49;90m▀▀▀[38;2;131;41;41m▀[38;2;213;41;82;48;2;131;41;41m▀[48;2;213;41;82m▀[48;2;0;0;0m▀[38;2;131;41;41;49m▀[0m
[0m  [38;2;213;41;82m▄[48;2;246;98;106m▀[38;2;246;98;106m▀[38;2;123;98;57m▀▀▀[38;2;246;98;106m▀▀[48;2;123;98;57m▀[38;2;123;98;57;48;2;246;222;115m▀▀[38;2;230;49;90;48;2;123;98;57m▀[48;2;230;49;90m▀▀▀[38;2;0;0;0;48;2;0;0;0m▀[49m▀[0m          [38;2;180;139;74m▄[48;2;246;222;115m▀[38;2;123;98;57;48;2;0;0;0m▀[0m  [38;2;180;139;74m▄[38;2;123;98;57m▄[0m
[0m [38;2;109;109;99m▄[38;2;230;49;90;48;2;131;41;41m▀[38;2;246;98;106;48;2;230;49;90m▀[48;2;246;98;106m▀[48;2;230;49;90m▀[48;2;109;109;99m▀[38;2;230;49;90;48;2;131;41;41m▀▀[38;2;123;98;57;48;2;123;98;57m▀[38;2;246;222;115;48;2;246;222;115m▀[38;2;123;98;57;48;2;0;0;0m▀▀[38;2;180;139;74;48;2;180;139;74m▀[38;2;0;0;0;48;2;0;0;0m▀[38;2;213;41;82;48;2;213;41;82m▀▀[38;2;0;0;0m▀[49m▄[38;2;131;41;41m▄[0m        [38;2;180;139;74m▄[48;2;246;222;115m▀[38;2;246;222;115;48;2;123;98;57m▀[38;2;0;0;0;49m▀[0m [38;2;180;139;74;48;2;180;139;74m▀[38;2;246;222;115;48;2;246;222;115m▀[38;2;0;0;0;48;2;0;0;0m▀[0m
[38;2;109;109;99;49m▄[48;2;222;222;205m▀[38;2;222;222;205m▀[38;2;109;109;99m▀[38;2;131;41;41;48;2;189;172;148m▀[38;2;109;109;99;48;2;222;222;205m▀[38;2;222;222;205m▀▀[38;2;189;172;148m▀[38;2;123;98;57;48;2;123;98;57m▀[38;2;246;222;115;48;2;180;139;74m▀[38;2;0;0;0;48;2;0;0;0m▀▀[38;2;180;139;74;48;2;180;139;74m▀[38;2;0;0;0;48;2;0;0;0m▀[38;2;213;41;82;48;2;213;41;82m▀▀▀[38;2;131;41;41;48;2;131;41;41m▀[38;2;213;41;82;48;2;213;41;82m▀[38;2;131;41;41;48;2;0;0;0m▀[0m      [38;2;180;139;74m▄[48;2;246;222;115m▀[38;2;246;222;115m▀[38;2;0;0;0;48;2;0;0;0m▀[38;2;180;139;74;49m▄[48;2;246;222;115m▀[38;2;246;222;115m▀[38;2;123;98;57;48;2;0;0;0m▀[0m
[38;2;109;109;99;48;2;109;109;99m▀[38;2;222;222;205;48;2;222;222;205m▀▀[38;2;189;172;148;48;2;189;172;148m▀[38;2;222;222;205;48;2;222;222;205m▀▀▀▀▀[38;2;123;98;57;48;2;189;172;148m▀[38;2;180;139;74;48;2;0;0;0m▀[38;2;123;98;57;48;2;180;139;74m▀▀[38;2;180;139;74;48;2;0;0;0m▀[38;2;0;0;0;48;2;213;41;82m▀[38;2;213;41;82m▀▀▀[38;2;131;41;41;48;2;0;0;0m▀[38;2;0;0;0;49m▀[0m      [38;2;131;41;41m▄[48;2;246;98;106m▀[48;2;230;49;90m▀[38;2;180;139;74;48;2;0;0;0m▀[38;2;0;0;0;48;2;123;98;57m▀[38;2;123;98;57;48;2;180;139;74m▀[38;2;246;222;115;48;2;246;222;115m▀[38;2;180;139;74;48;2;123;98;57m▀[38;2;0;0;0;49m▀[0m
[38;2;109;109;99;49m▀[38;2;222;222;205;48;2;109;109;99m▀[48;2;222;222;205m▀[38;2;189;172;148;48;2;109;109;99m▀[38;2;222;222;205;48;2;222;222;205m▀▀▀▀[48;2;189;172;148m▀[38;2;189;172;148m▀▀[38;2;0;0;0m▀▀[38;2;131;41;41;48;2;131;41;41m▀[38;2;213;41;82;48;2;213;41;82m▀▀▀▀[38;2;0;0;0m▀[38;2;131;41;41;49m▄▄▄[48;2;246;98;106m▀[48;2;213;41;82m▀[49m▄[48;2;230;49;90m▀[38;2;213;41;82;48;2;246;98;106m▀[38;2;246;98;106m▀[38;2;230;49;90;48;2;230;49;90m▀[38;2;0;0;0;48;2;0;0;0m▀[38;2;123;98;57;48;2;180;139;74m▀[38;2;180;139;74m▀[38;2;246;222;115m▀[38;2;0;0;0;48;2;0;0;0m▀[0m
[0m [38;2;0;0;0m▀[38;2;189;172;148;48;2;0;0;0m▀▀[38;2;109;109;99;48;2;109;109;99m▀[38;2;189;172;148;48;2;189;172;148m▀▀▀▀[48;2;0;0;0m▀[38;2;109;109;99;48;2;189;172;148m▀[38;2;189;172;148m▀[38;2;131;41;41;48;2;0;0;0m▀[38;2;213;41;82;48;2;213;41;82m▀▀▀▀▀[48;2;246;98;106m▀[38;2;131;41;41;48;2;0;0;0m▀[38;2;213;41;82;48;2;213;41;82m▀[38;2;246;98;106m▀[48;2;230;49;90m▀[38;2;230;49;90;48;2;213;41;82m▀[38;2;213;41;82m▀▀▀[38;2;230;49;90m▀[38;2;213;41;82m▀▀[38;2;131;41;41m▀[38;2;180;139;74;48;2;131;41;41m▀[38;2;123;98;57;48;2;0;0;0m▀[38;2;0;0;0;49m▀[0m
[0m    [38;2;0;0;0m▀▀▀[48;2;131;41;41m▀[48;2;213;41;82m▀[38;2;189;172;148;48;2;189;172;148m▀▀▀▀[38;2;0;0;0;48;2;131;41;41m▀[38;2;213;41;82;48;2;213;41;82m▀▀▀[38;2;230;49;90;48;2;230;49;90m▀[38;2;246;98;106m▀[48;2;131;41;41m▀[38;2;131;41;41;48;2;213;41;82m▀[38;2;213;41;82m▀▀▀[48;2;230;49;90m▀[38;2;246;98;106m▀▀[48;2;131;41;41m▀[38;2;131;41;41;48;2;213;41;82m▀[38;2;213;41;82m▀[48;2;230;49;90m▀[38;2;246;98;106;48;2;246;98;106m▀[38;2;0;0;0m▀[49m▄[0m
[0m      [38;2;131;41;41m▄[48;2;213;41;82m▀[38;2;189;172;148;48;2;222;222;205m▀[38;2;222;222;205m▀▀[38;2;189;172;148m▀[38;2;131;41;41;48;2;131;41;41m▀[38;2;213;41;82;48;2;213;41;82m▀▀▀▀[38;2;131;41;41m▀▀[38;2;213;41;82;48;2;230;49;90m▀[48;2;246;98;106m▀[48;2;131;41;41m▀[48;2;213;41;82m▀▀▀[38;2;131;41;41m▀▀[38;2;213;41;82;48;2;131;41;41m▀▀[38;2;0;0;0;48;2;189;172;148m▀[38;2;131;41;41m▀[38;2;213;41;82;48;2;131;41;41m▀[38;2;131;41;41;48;2;213;41;82m▀[38;2;0;0;0m▀[38;2;131;41;41;49m▄[0m
[0m   [38;2;0;0;0m▄[38;2;109;109;99;48;2;255;255;255m▀▀[48;2;213;213;230m▀[38;2;131;41;41;48;2;109;109;99m▀[38;2;222;222;205m▀[48;2;222;222;205m▀[48;2;0;0;0m▀[38;2;109;109;99;48;2;213;213;230m▀[48;2;255;255;255m▀[38;2;0;0;0m▀[38;2;213;41;82;48;2;109;109;99m▀[48;2;131;41;41m▀▀[48;2;213;41;82m▀▀[38;2;230;49;90;48;2;131;41;41m▀[38;2;246;98;106m▀▀[38;2;131;41;41;48;2;213;41;82m▀[38;2;213;41;82m▀[48;2;131;41;41m▀▀[38;2;0;0;0;48;2;0;0;0m▀[38;2;189;172;148;48;2;189;172;148m▀[38;2;109;109;99;48;2;0;0;0m▀[48;2;213;213;230m▀[38;2;189;172;148;48;2;109;109;99m▀[38;2;0;0;0;48;2;131;41;41m▀[38;2;213;41;82;48;2;0;0;0m▀[38;2;0;0;0;49m▀▀[0m
[0m    [38;2;0;0;0m▀[38;2;213;213;230;48;2;0;0;0m▀▀[38;2;0;0;0;48;2;213;41;82m▀[38;2;222;222;205;48;2;189;172;148m▀[38;2;109;109;99;48;2;222;222;205m▀▀[38;2;0;0;0m▀[38;2;255;255;255;48;2;0;0;0m▀[38;2;213;213;230m▀[38;2;0;0;0;48;2;189;172;148m▀[38;2;189;172;148m▀▀[38;2;131;41;41;48;2;131;41;41m▀[38;2;213;41;82;48;2;213;41;82m▀▀[48;2;0;0;0m▀[48;2;131;41;41m▀▀[38;2;0;0;0;48;2;189;172;148m▀[38;2;189;172;148m▀[48;2;0;0;0m▀[48;2;109;109;99m▀[48;2;189;172;148m▀[38;2;0;0;0;48;2;109;109;99m▀[38;2;213;213;230;48;2;0;0;0m▀▀[38;2;109;109;99m▀[0m
[0m       [38;2;131;41;41;48;2;109;109;99m▀[38;2;213;41;82;48;2;131;41;41m▀[38;2;222;222;205;48;2;109;109;99m▀[48;2;222;222;205m▀▀[48;2;189;172;148m▀[38;2;189;172;148m▀[48;2;109;109;99m▀▀[38;2;109;109;99;48;2;189;172;148m▀[38;2;189;172;148;48;2;0;0;0m▀[38;2;131;41;41m▀[38;2;0;0;0m▀[38;2;189;172;148;48;2;189;172;148m▀▀[48;2;0;0;0m▀[38;2;109;109;99;48;2;213;213;230m▀[38;2;0;0;0;48;2;109;109;99m▀[38;2;213;213;230;48;2;213;213;230m▀▀[38;2;109;109;99;48;2;255;255;255m▀▀[49m▄[0m
[0m      [38;2;109;109;99m▄[48;2;213;213;230m▀[38;2;213;213;230m▀[38;2;0;0;0m▀[38;2;109;109;99;48;2;0;0;0m▀▀[48;2;189;172;148m▀▀[38;2;189;172;148m▀▀[38;2;0;0;0;48;2;0;0;0m▀[38;2;213;213;230;48;2;213;213;230m▀[48;2;255;255;255m▀[38;2;109;109;99;48;2;213;213;230m▀[38;2;189;172;148;48;2;109;109;99m▀[38;2;109;109;99;48;2;0;0;0m▀[38;2;213;213;230m▀[38;2;255;255;255;48;2;255;255;255m▀▀[38;2;109;109;99m▀[48;2;0;0;0m▀[38;2;0;0;0;49m▀▀▀[0m
[0m      [38;2;109;109;99m▀[38;2;0;0;0m▀▀▀[0m  [38;2;0;0;0m▀▀▀▀▀▀[38;2;255;255;255;48;2;0;0;0m▀▀[38;2;109;109;99m▀[0m  [38;2;0;0;0m▀▀▀▀[0m
