[0m                  [38;2;148;156;156m▄[38;2;98;115;123;48;2;238;238;230m▀[49m▄[0m
[0m                  [38;2;148;156;156;48;2;148;156;156m▀[38;2;238;238;230;48;2;238;238;230m▀[38;2;98;115;123;48;2;98;115;123m▀[0m              [38;2;98;115;123m▄[0m
[0m                  [38;2;148;156;156;48;2;148;156;156m▀[38;2;238;238;230;48;2;238;238;230m▀[38;2;98;115;123;48;2;98;115;123m▀[0m             [38;2;148;156;156;48;2;148;156;156m▀[38;2;238;238;230;48;2;238;238;230m▀[38;2;98;115;123;48;2;98;115;123m▀[0m
[0m                  [38;2;148;156;156;48;2;148;156;156m▀[38;2;238;238;230;48;2;238;238;230m▀[38;2;98;115;123;48;2;197;205;222m▀[38;2;0;0;0;49m▄[0m           [38;2;148;156;156;48;2;148;156;156m▀[38;2;238;238;230;48;2;238;238;230m▀[38;2;98;115;123;48;2;0;0;0m▀[0m
[0m                 [38;2;148;156;156m▄[48;2;238;238;230m▀[38;2;238;238;230m▀[38;2;197;205;222;48;2;197;205;222m▀[38;2;0;0;0;48;2;0;0;0m▀[38;2;98;115;123;49m▄▄▄[38;2;148;156;156m▄▄▄[0m    [38;2;148;156;156;48;2;98;115;123m▀[38;2;197;205;222;48;2;238;238;230m▀[38;2;238;238;230;48;2;98;115;123m▀[38;2;0;0;0;49m▀[0m
[0m [38;2;0;0;0;48;2;0;0;0m▀[38;2;148;156;156;48;2;238;238;230m▀[49m▄▄[0m         [38;2;148;156;156m▄▄▄[48;2;197;205;222m▀[38;2;238;238;230;48;2;238;238;230m▀▀[38;2;197;205;222;48;2;197;205;222m▀[38;2;98;115;123;48;2;98;115;123m▀[38;2;197;205;222;48;2;197;205;222m▀▀▀▀▀▀[38;2;148;156;156m▀▀▀[38;2;98;115;123;48;2;98;115;123m▀[38;2;238;238;230;48;2;238;238;230m▀▀[38;2;0;0;0;48;2;0;0;0m▀[0m
[0m  [38;2;0;0;0m▀[38;2;238;238;230;48;2;0;0;0m▀[48;2;238;238;230m▀[38;2;148;156;156m▀[49m▄▄[0m   [38;2;148;156;156m▄[48;2;238;238;230m▀▀[38;2;238;238;230m▀▀▀[38;2;197;205;222m▀[48;2;197;205;222m▀[38;2;238;238;230m▀[38;2;197;205;222m▀[48;2;238;238;230m▀▀▀▀[48;2;172;189;180m▀▀[38;2;148;156;156;48;2;197;205;222m▀[48;2;98;115;123m▀▀[38;2;98;115;123;48;2;197;205;222m▀[38;2;238;238;230;48;2;238;238;230m▀▀[38;2;197;205;222;48;2;0;0;0m▀[38;2;0;0;0;48;2;197;205;222m▀[38;2;98;115;123m▀[49m▄[0m
[0m    [38;2;0;0;0m▀[38;2;238;238;230;48;2;0;0;0m▀[48;2;238;238;230m▀▀[38;2;98;115;123;48;2;197;205;222m▀▀[38;2;148;156;156;48;2;98;115;123m▀[38;2;238;238;230;48;2;148;156;156m▀[48;2;238;238;230m▀▀▀▀▀▀▀▀▀▀▀▀▀▀▀▀[38;2;197;205;222m▀[48;2;197;205;222m▀▀▀▀[38;2;0;0;0;48;2;98;115;123m▀[38;2;148;156;156;48;2;197;205;222m▀[38;2;197;205;222;48;2;148;156;156m▀[48;2;197;205;222m▀[38;2;98;115;123;48;2;98;115;123m▀[0m
[0m     [38;2;98;115;123m▀[48;2;0;0;0m▀[38;2;197;205;222;48;2;197;205;222m▀▀▀[38;2;238;238;230;48;2;238;238;230m▀▀▀▀▀▀▀▀[48;2;172;189;180m▀▀▀▀[48;2;238;238;230m▀▀▀▀▀▀▀[48;2;197;205;222m▀▀[38;2;197;205;222;48;2;238;238;230m▀[48;2;197;205;222m▀[38;2;98;115;123m▀[38;2;197;205;222m▀▀[38;2;148;156;156;48;2;148;156;156m▀[38;2;197;205;222;48;2;197;205;222m▀[38;2;98;115;123;48;2;98;115;123m▀[0m
[0m     [38;2;148;156;156m▄[48;2;197;205;222m▀[38;2;0;0;0;48;2;98;115;123m▀[38;2;197;205;222;48;2;238;238;230m▀[38;2;238;238;230m▀▀▀▀[48;2;148;156;156m▀[38;2;172;189;180;48;2;238;238;230m▀[38;2;238;238;230m▀▀▀▀▀▀▀[38;2;148;156;156m▀▀[48;2;172;189;180m▀[38;2;238;238;230;48;2;148;156;156m▀[48;2;238;238;230m▀▀[38;2;197;205;222m▀[38;2;238;238;230;48;2;197;205;222m▀▀[38;2;197;205;222;48;2;238;238;230m▀[38;2;238;238;230;48;2;197;205;222m▀[38;2;197;205;222m▀▀▀▀[38;2;148;156;156;48;2;148;156;156m▀[38;2;197;205;222;48;2;197;205;222m▀[38;2;0;0;0;48;2;0;0;0m▀[0m
[0m    [38;2;98;115;123m▄[38;2;148;156;156;48;2;238;238;230m▀[38;2;238;238;230m▀[48;2;172;189;180m▀[38;2;172;189;180;48;2;238;238;230m▀[38;2;238;238;230m▀▀[48;2;148;156;156m▀[38;2;148;156;156;48;2;238;238;230m▀[38;2;238;238;230m▀▀▀▀▀▀▀▀▀▀▀▀[38;2;172;189;180m▀[38;2;148;156;156;48;2;148;156;156m▀[48;2;238;238;230m▀[38;2;238;238;230;48;2;148;156;156m▀[48;2;197;205;222m▀▀[38;2;197;205;222m▀▀▀▀▀[38;2;98;115;123m▀[38;2;197;205;222;48;2;98;115;123m▀[38;2;148;156;156m▀[38;2;0;0;0;48;2;0;0;0m▀[0m
[0m    [38;2;98;115;123;48;2;98;115;123m▀[38;2;197;205;222;48;2;197;205;222m▀[38;2;238;238;230;48;2;172;189;180m▀[38;2;172;189;180;48;2;238;238;230m▀[38;2;238;238;230m▀▀[48;2;148;156;156m▀[38;2;148;156;156;48;2;238;238;230m▀[38;2;238;238;230m▀▀▀▀▀▀▀▀▀[38;2;148;156;156m▀[38;2;238;238;230;48;2;148;156;156m▀[48;2;238;238;230m▀▀▀[38;2;148;156;156m▀[38;2;238;238;230;48;2;148;156;156m▀[38;2;148;156;156;48;2;238;238;230m▀[38;2;197;205;222;48;2;148;156;156m▀▀[48;2;197;205;222m▀▀▀▀▀▀[48;2;238;238;230m▀[38;2;238;238;230m▀[38;2;98;115;123m▀▀[49m▄▄▄[0m
[0m    [38;2;98;115;123;48;2;0;0;0m▀[38;2;197;205;222;48;2;148;156;156m▀[38;2;148;156;156;48;2;197;205;222m▀[38;2;238;238;230;48;2;238;238;230m▀▀[48;2;148;156;156m▀[38;2;148;156;156;48;2;238;238;230m▀[38;2;238;238;230m▀▀[38;2;148;156;156;48;2;98;115;123m▀[38;2;238;238;230;48;2;238;238;230m▀[48;2;98;115;123m▀[38;2;98;115;123;48;2;180;24;57m▀[38;2;238;238;230;48;2;0;0;0m▀[48;2;238;238;230m▀▀[38;2;98;115;123m▀[48;2;148;156;156m▀[38;2;148;156;156;48;2;238;238;230m▀[38;2;238;238;230m▀▀▀[48;2;197;205;222m▀[38;2;148;156;156;48;2;148;156;156m▀[38;2;197;205;222;48;2;197;205;222m▀▀▀[38;2;148;156;156;48;2;148;156;156m▀[38;2;197;205;222;48;2;197;205;222m▀▀▀▀[48;2;98;115;123m▀[38;2;238;238;230;48;2;0;0;0m▀▀▀▀▀▀[48;2;98;115;123m▀[38;2;98;115;123;48;2;238;238;230m▀▀▀[49m▄[0m
[0m    [38;2;0;0;0;48;2;0;0;0m▀[38;2;148;156;156;48;2;148;156;156m▀[38;2;197;205;222;48;2;197;205;222m▀▀[38;2;238;238;230m▀[38;2;148;156;156;48;2;148;156;156m▀[38;2;238;238;230;48;2;238;238;230m▀▀▀[38;2;98;115;123;48;2;98;115;123m▀[38;2;238;238;230;48;2;238;238;230m▀[38;2;180;24;57;48;2;180;24;57m▀[38;2;0;0;0;48;2;0;0;0m▀[38;2;255;82;123;48;2;255;82;123m▀[38;2;0;0;0;48;2;0;0;0m▀[38;2;238;238;230;48;2;98;115;123m▀[48;2;238;238;230m▀[38;2;98;115;123;48;2;0;0;0m▀[38;2;238;238;230;48;2;238;238;230m▀[48;2;197;205;222m▀▀[38;2;197;205;222m▀▀[38;2;148;156;156;48;2;148;156;156m▀[38;2;197;205;222;48;2;197;205;222m▀▀▀▀[38;2;148;156;156;48;2;98;115;123m▀[38;2;197;205;222;48;2;148;156;156m▀[48;2;197;205;222m▀[38;2;98;115;123m▀[38;2;197;205;222m▀[48;2;0;0;0m▀[38;2;0;0;0;49m▀[0m    [38;2;98;115;123m▀[38;2;0;0;0m▀▀▀▀[0m
[0m     [38;2;0;0;0;48;2;0;0;0m▀[38;2;197;205;222;48;2;197;205;222m▀▀▀[38;2;148;156;156;48;2;98;115;123m▀[38;2;197;205;222;48;2;197;205;222m▀▀[38;2;238;238;230m▀▀[38;2;0;0;0m▀[38;2;255;82;123;48;2;180;24;57m▀[38;2;0;0;0;48;2;255;82;123m▀[38;2;255;82;123;48;2;180;24;57m▀[38;2;180;24;57;48;2;148;156;156m▀[38;2;148;156;156m▀[38;2;0;0;0;48;2;98;115;123m▀[48;2;197;205;222m▀[38;2;197;205;222m▀▀▀▀[48;2;148;156;156m▀[38;2;148;156;156;48;2;197;205;222m▀[38;2;197;205;222m▀▀▀▀▀[38;2;98;115;123;48;2;98;115;123m▀[38;2;197;205;222;48;2;0;0;0m▀▀[38;2;0;0;0;49m▀[0m
[0m     [38;2;98;115;123m▄[38;2;0;0;0;48;2;148;156;156m▀[38;2;197;205;222;48;2;0;0;0m▀▀[38;2;98;115;123;48;2;197;205;222m▀[38;2;197;205;222;48;2;98;115;123m▀[48;2;197;205;222m▀▀▀▀▀[38;2;98;115;123m▀▀▀▀[38;2;197;205;222m▀▀▀[48;2;0;0;0m▀[48;2;197;205;222m▀[48;2;98;115;123m▀[38;2;148;156;156;48;2;197;205;222m▀[38;2;197;205;222m▀[48;2;98;115;123m▀[48;2;197;205;222m▀▀[48;2;238;238;230m▀[38;2;238;238;230m▀[38;2;98;115;123m▀[49m▄[0m
[0m [38;2;98;115;123m▄▄[48;2;148;156;156m▀[48;2;197;205;222m▀[38;2;148;156;156m▀[48;2;0;0;0m▀▀▀[38;2;0;0;0;49m▀▀[38;2;197;205;222;48;2;0;0;0m▀▀▀[48;2;197;205;222m▀▀[38;2;98;115;123m▀[38;2;197;205;222;48;2;98;115;123m▀[48;2;197;205;222m▀▀▀▀[38;2;0;0;0;48;2;0;0;0m▀[38;2;98;115;123m▀▀[38;2;197;205;222m▀[38;2;148;156;156m▀[38;2;0;0;0;49m▀▀▀▀[38;2;238;238;230;48;2;0;0;0m▀▀[48;2;238;238;230m▀[38;2;148;156;156m▀[48;2;98;115;123m▀[0m
[38;2;98;115;123;49m▀[38;2;197;205;222;48;2;0;0;0m▀▀▀[38;2;0;0;0;49m▀▀[0m        [38;2;0;0;0m▀▀▀[38;2;98;115;123m▀[38;2;197;205;222;48;2;148;156;156m▀[38;2;238;238;230;48;2;238;238;230m▀[38;2;197;205;222m▀[48;2;98;115;123m▀[38;2;0;0;0m▀[0m          [38;2;0;0;0m▀[38;2;238;238;230;48;2;0;0;0m▀▀[38;2;98;115;123;48;2;238;238;230m▀[49m▄[0m
[0m                  [38;2;148;156;156;48;2;148;156;156m▀[38;2;197;205;222;48;2;197;205;222m▀[38;2;238;238;230;48;2;238;238;230m▀[38;2;0;0;0;48;2;0;0;0m▀[0m              [38;2;0;0;0m▀[38;2;238;238;230;48;2;0;0;0m▀[38;2;98;115;123m▀[0m
[0m                   [38;2;148;156;156;48;2;148;156;156m▀[38;2;238;238;230;48;2;238;238;230m▀[38;2;0;0;0;48;2;0;0;0m▀[0m
[0m                   [38;2;148;156;156;48;2;148;156;156m▀[38;2;238;238;230;48;2;238;238;230m▀[38;2;0;0;0;48;2;0;0;0m▀[0m
[0m                    [38;2;0;0;0m▀[0m
