[0m                [38;2;106;98;115;48;2;106;98;115m▀[38;2;0;0;0;48;2;222;189;230m▀[49m▄[0m                      [38;2;131;131;148m▄[48;2;238;213;239m▀[38;2;0;0;0;48;2;0;0;0m▀[0m
[0m                [38;2;106;98;115m▀[38;2;222;189;230;48;2;106;98;115m▀[38;2;0;0;0;48;2;222;189;230m▀[49m▄[0m                   [38;2;131;131;148m▄[48;2;180;156;205m▀[38;2;238;213;239;48;2;238;213;239m▀[38;2;0;0;0;48;2;0;0;0m▀[0m
[0m     [38;2;131;131;148m▄▄[0m          [38;2;106;98;115;48;2;106;98;115m▀[38;2;222;189;230;48;2;222;189;230m▀[38;2;180;156;205m▀[38;2;0;0;0;48;2;0;0;0m▀[0m                 [38;2;131;131;148m▄[48;2;238;213;239m▀[38;2;238;213;239m▀[38;2;0;0;0;48;2;0;0;0m▀[0m
[0m     [38;2;0;0;0m▀[38;2;238;213;239;48;2;0;0;0m▀[38;2;131;131;148;48;2;238;213;239m▀[49m▄▄[0m        [38;2;106;98;115;48;2;106;98;115m▀[38;2;222;189;230;48;2;222;189;230m▀[48;2;131;131;148m▀[38;2;0;0;0m▀[38;2;106;98;115;49m▄▄[48;2;180;156;205m▀[48;2;222;189;230m▀▀▀▀▀▀[38;2;131;131;148;49m▄▄▄[0m  [38;2;131;131;148m▄[48;2;238;213;239m▀[38;2;238;213;239m▀▀[38;2;0;0;0;48;2;0;0;0m▀[0m
[0m       [38;2;0;0;0m▀[38;2;238;213;239;48;2;0;0;0m▀[48;2;238;213;239m▀[38;2;131;131;148m▀[49m▄[0m    [38;2;131;131;148m▄▄[48;2;222;189;230m▀▀[38;2;180;156;205;48;2;238;213;239m▀[38;2;222;189;230m▀▀[38;2;238;213;239m▀▀▀▀▀▀▀[38;2;222;189;230m▀▀[48;2;222;189;230m▀[48;2;106;98;115m▀[38;2;131;131;148m▀[38;2;106;98;115;48;2;222;189;230m▀[38;2;222;189;230m▀[38;2;238;213;239m▀▀[38;2;0;0;0;48;2;0;0;0m▀[0m
[0m         [38;2;0;0;0;48;2;0;0;0m▀[38;2;238;213;239;48;2;180;156;205m▀[48;2;238;213;239m▀[38;2;131;131;148;48;2;222;189;230m▀[38;2;106;98;115;49m▄[38;2;131;131;148;48;2;106;98;115m▀[48;2;222;189;230m▀[38;2;222;189;230;48;2;238;213;239m▀▀[38;2;238;213;239m▀▀▀▀▀▀▀▀▀▀▀▀▀▀▀[38;2;222;189;230m▀[48;2;222;189;230m▀▀▀▀[38;2;0;0;0;48;2;0;0;0m▀[38;2;222;189;230;48;2;222;189;230m▀[38;2;106;98;115m▀[49m▄[0m     [38;2;106;98;115m▄▄[48;2;180;156;205m▀▀[38;2;0;0;0;48;2;0;0;0m▀[0m
[0m          [38;2;0;0;0m▀[38;2;222;189;230;48;2;0;0;0m▀[48;2;222;189;230m▀▀▀[38;2;131;131;148m▀[48;2;238;213;239m▀[38;2;238;213;239m▀▀▀▀▀▀▀▀▀▀▀▀▀▀▀▀▀▀[38;2;222;189;230;48;2;131;131;148m▀[48;2;222;189;230m▀▀▀[38;2;0;0;0m▀[38;2;222;189;230m▀[38;2;180;156;205m▀[38;2;0;0;0;48;2;0;0;0m▀[38;2;106;98;115;49m▄[48;2;180;156;205m▀▀▀[38;2;180;156;205m▀[48;2;0;0;0m▀[38;2;0;0;0;49m▀▀[0m
[0m          [38;2;0;0;0m▄[48;2;180;156;205m▀[38;2;180;156;205;48;2;0;0;0m▀[38;2;222;189;230;48;2;222;189;230m▀▀▀[38;2;238;213;239;48;2;238;213;239m▀▀[48;2;180;156;205m▀[38;2;180;156;205;48;2;238;213;239m▀[38;2;238;213;239m▀▀▀▀▀▀▀▀▀▀▀▀[38;2;180;156;205m▀[38;2;238;213;239;48;2;180;156;205m▀[48;2;238;213;239m▀[38;2;222;189;230;48;2;222;189;230m▀[38;2;131;131;148m▀[38;2;222;189;230;48;2;131;131;148m▀[48;2;222;189;230m▀▀▀▀[38;2;180;156;205;48;2;180;156;205m▀[38;2;0;0;0;48;2;0;0;0m▀[38;2;180;156;205;48;2;180;156;205m▀[48;2;0;0;0m▀[38;2;0;0;0;49m▀▀[0m
[0m         [38;2;0;0;0m▄[48;2;222;189;230m▀[38;2;222;189;230m▀[38;2;106;98;115;48;2;180;156;205m▀[38;2;222;189;230;48;2;222;189;230m▀[48;2;238;213;239m▀[38;2;238;213;239m▀[48;2;131;131;148m▀[38;2;180;156;205;48;2;238;213;239m▀[38;2;238;213;239m▀▀▀▀▀▀▀▀▀▀▀▀▀▀▀▀[38;2;131;131;148;48;2;131;131;148m▀[38;2;222;189;230;48;2;222;189;230m▀▀[38;2;131;131;148m▀[38;2;222;189;230;48;2;131;131;148m▀[48;2;222;189;230m▀[48;2;180;156;205m▀[38;2;180;156;205;48;2;222;189;230m▀[48;2;180;156;205m▀▀[38;2;0;0;0;48;2;0;0;0m▀[0m
[0m         [38;2;0;0;0;48;2;0;0;0m▀[38;2;222;189;230;48;2;180;156;205m▀[38;2;131;131;148;48;2;106;98;115m▀[38;2;222;189;230;48;2;222;189;230m▀▀▀[38;2;238;213;239;48;2;131;131;148m▀[38;2;131;131;148;48;2;222;189;230m▀[38;2;238;213;239;48;2;238;213;239m▀▀▀▀[48;2;0;0;0m▀[38;2;0;0;0;48;2;189;49;82m▀▀[38;2;238;213;239;48;2;0;0;0m▀[48;2;238;213;239m▀▀▀▀▀▀▀[48;2;222;189;230m▀[38;2;222;189;230m▀▀[38;2;131;131;148;48;2;131;131;148m▀[38;2;222;189;230;48;2;222;189;230m▀▀[38;2;131;131;148;48;2;131;131;148m▀[38;2;222;189;230;48;2;222;189;230m▀[48;2;180;156;205m▀[38;2;180;156;205m▀[38;2;131;131;148;48;2;106;98;115m▀[38;2;180;156;205;48;2;180;156;205m▀[38;2;0;0;0;48;2;0;0;0m▀[0m
[0m         [38;2;0;0;0;48;2;0;0;0m▀[38;2;106;98;115;48;2;106;98;115m▀[38;2;222;189;230;48;2;180;156;205m▀[48;2;222;189;230m▀▀[48;2;131;131;148m▀[38;2;131;131;148;48;2;222;189;230m▀[38;2;222;189;230m▀▀[38;2;238;213;239m▀[48;2;0;0;0m▀[38;2;0;0;0;48;2;139;0;32m▀[38;2;189;49;82;48;2;189;49;82m▀[48;2;238;213;239m▀[48;2;189;49;82m▀▀[38;2;106;98;115;48;2;106;98;115m▀[38;2;238;213;239;48;2;222;189;230m▀▀▀▀[38;2;222;189;230m▀▀▀▀▀[38;2;131;131;148m▀[38;2;222;189;230;48;2;131;131;148m▀[48;2;222;189;230m▀[38;2;131;131;148;48;2;106;98;115m▀[38;2;180;156;205;48;2;222;189;230m▀[38;2;222;189;230;48;2;180;156;205m▀[38;2;180;156;205m▀[38;2;106;98;115m▀[38;2;180;156;205;48;2;0;0;0m▀[38;2;0;0;0;49m▀[0m
[0m      [38;2;131;131;148m▄▄[48;2;180;156;205m▀[38;2;0;0;0m▀[38;2;106;98;115;48;2;0;0;0m▀[38;2;180;156;205;48;2;180;156;205m▀[38;2;222;189;230m▀[48;2;222;189;230m▀[38;2;131;131;148;48;2;106;98;115m▀[38;2;222;189;230;48;2;222;189;230m▀▀▀[48;2;0;0;0m▀[38;2;0;0;0;48;2;180;156;205m▀[38;2;139;0;32;48;2;139;0;32m▀[38;2;189;49;82;48;2;255;106;131m▀[38;2;238;213;239m▀[38;2;255;106;131m▀▀[38;2;106;98;115;48;2;180;156;205m▀[38;2;222;189;230;48;2;222;189;230m▀▀▀▀▀▀[48;2;131;131;148m▀[48;2;222;189;230m▀▀[48;2;180;156;205m▀[38;2;131;131;148;48;2;106;98;115m▀[38;2;180;156;205m▀[38;2;106;98;115;48;2;180;156;205m▀[38;2;180;156;205m▀▀▀▀▀[38;2;0;0;0m▀[49m▄▄[0m
[0m [38;2;131;131;148m▄▄[48;2;180;156;205m▀▀▀[38;2;180;156;205m▀[48;2;0;0;0m▀▀▀[38;2;0;0;0m▀[38;2;106;98;115m▀[38;2;180;156;205;48;2;180;156;205m▀▀[38;2;106;98;115m▀[38;2;222;189;230;48;2;106;98;115m▀[48;2;180;156;205m▀[48;2;222;189;230m▀[38;2;106;98;115m▀[38;2;180;156;205;48;2;106;98;115m▀[48;2;180;156;205m▀[38;2;139;0;32m▀[38;2;255;106;131;48;2;106;98;115m▀▀[38;2;106;98;115;48;2;180;156;205m▀[38;2;180;156;205m▀▀[38;2;222;189;230;48;2;131;131;148m▀[48;2;180;156;205m▀▀▀▀[38;2;106;98;115;48;2;106;98;115m▀[38;2;180;156;205;48;2;180;156;205m▀▀▀[38;2;106;98;115;48;2;106;98;115m▀[48;2;180;156;205m▀[38;2;180;156;205m▀▀[48;2;0;0;0m▀[38;2;106;98;115m▀[38;2;180;156;205m▀▀[38;2;222;189;230m▀[48;2;222;189;230m▀▀[38;2;106;98;115m▀▀▀[49m▄▄▄[0m
[38;2;131;131;148;49m▀[38;2;0;0;0m▀▀▀▀▀▀[0m     [38;2;0;0;0m▀[38;2;180;156;205;48;2;0;0;0m▀▀[38;2;106;98;115;48;2;180;156;205m▀[38;2;180;156;205;48;2;106;98;115m▀[48;2;180;156;205m▀▀▀▀[48;2;106;98;115m▀[48;2;180;156;205m▀▀▀▀[48;2;106;98;115m▀[38;2;106;98;115;48;2;180;156;205m▀[38;2;180;156;205m▀▀▀[38;2;106;98;115;48;2;106;98;115m▀[38;2;180;156;205;48;2;180;156;205m▀▀▀[48;2;106;98;115m▀[38;2;106;98;115;48;2;180;156;205m▀[38;2;180;156;205;48;2;0;0;0m▀[38;2;106;98;115m▀[38;2;0;0;0;49m▀[0m     [38;2;106;98;115m▀[38;2;0;0;0m▀▀▀[38;2;131;131;148;48;2;106;98;115m▀[38;2;222;189;230;48;2;0;0;0m▀▀▀[38;2;106;98;115m▀[0m
[0m               [38;2;0;0;0m▀▀[38;2;106;98;115;48;2;0;0;0m▀[38;2;180;156;205m▀▀[48;2;180;156;205m▀▀[38;2;106;98;115;48;2;106;98;115m▀[38;2;180;156;205;48;2;180;156;205m▀[48;2;222;189;230m▀[48;2;180;156;205m▀[38;2;0;0;0;48;2;0;0;0m▀[38;2;180;156;205;48;2;180;156;205m▀[48;2;106;98;115m▀▀[38;2;106;98;115;48;2;180;156;205m▀[38;2;180;156;205m▀[48;2;0;0;0m▀▀▀[38;2;0;0;0;49m▀▀[0m
[0m                    [38;2;0;0;0m▀▀▀[38;2;106;98;115;48;2;106;98;115m▀[38;2;222;189;230;48;2;222;189;230m▀▀[38;2;0;0;0;48;2;106;98;115m▀[49m▀▀▀▀▀[0m
[0m                        [38;2;106;98;115;48;2;106;98;115m▀[38;2;222;189;230;48;2;180;156;205m▀[38;2;180;156;205;48;2;222;189;230m▀[38;2;106;98;115;48;2;0;0;0m▀[0m
[0m                         [38;2;106;98;115;48;2;106;98;115m▀[38;2;222;189;230;48;2;222;189;230m▀[38;2;0;0;0;48;2;180;156;205m▀[38;2;106;98;115;49m▄[0m
[0m                          [38;2;106;98;115m▀[38;2;222;189;230;48;2;106;98;115m▀[38;2;0;0;0;48;2;0;0;0m▀[0m
