[0m                        [38;2;156;106;57m▄[48;2;255;238;115m▀▀[38;2;90;82;82;49m▄[0m
[0m                       [38;2;156;106;57m▄[48;2;255;238;115m▀[38;2;255;238;115m▀▀[38;2;90;82;82m▀[49m▄[0m
[0m                       [38;2;156;106;57;48;2;213;180;82m▀[38;2;213;180;82;48;2;255;238;115m▀[38;2;255;238;115;48;2;156;106;57m▀▀[38;2;213;180;82;48;2;255;238;115m▀[38;2;90;82;82;48;2;213;180;82m▀[38;2;0;0;0;49m▄[0m
[0m                      [38;2;156;106;57;48;2;156;106;57m▀[38;2;255;238;115;48;2;255;238;115m▀▀▀▀▀[38;2;213;180;82;48;2;213;180;82m▀[38;2;0;0;0;48;2;0;0;0m▀[0m
[0m     [38;2;0;0;0m▄[38;2;156;106;57;48;2;255;238;115m▀▀▀▀[49m▄▄[0m          [38;2;156;106;57;48;2;156;106;57m▀[38;2;213;180;82;48;2;255;238;115m▀[38;2;255;238;115;48;2;156;106;57m▀▀▀[38;2;213;180;82m▀[38;2;156;106;57;48;2;213;180;82m▀[38;2;0;0;0;48;2;0;0;0m▀[0m
[0m     [38;2;0;0;0m▀[38;2;213;180;82;48;2;0;0;0m▀[38;2;255;238;115;48;2;255;238;115m▀[48;2;213;180;82m▀[38;2;213;180;82;48;2;255;238;115m▀[38;2;255;238;115m▀▀[38;2;156;106;57;48;2;213;180;82m▀[48;2;255;238;115m▀[49m▄[0m    [38;2;164;115;189m▄▄▄[38;2;156;106;57;48;2;156;106;57m▀[38;2;213;180;82;48;2;213;180;82m▀[38;2;255;238;115m▀▀▀[38;2;213;180;82m▀▀[38;2;0;0;0;48;2;0;0;0m▀[0m
[0m      [38;2;0;0;0m▀[38;2;213;180;82;48;2;0;0;0m▀[38;2;156;106;57;48;2;156;106;57m▀[38;2;255;238;115;48;2;213;180;82m▀[48;2;156;106;57m▀[38;2;213;180;82;48;2;255;238;115m▀[38;2;255;238;115m▀▀▀[38;2;156;106;57;48;2;156;106;57m▀[49m▄[38;2;90;82;82m▄[48;2;197;148;213m▀[38;2;230;197;213;48;2;230;197;213m▀▀[48;2;197;148;213m▀[38;2;197;148;213m▀[38;2;156;106;57;48;2;156;106;57m▀[38;2;213;180;82m▀▀▀▀[38;2;0;0;0;48;2;0;0;0m▀[38;2;90;82;82;49m▄[0m
[0m        [38;2;0;0;0m▀[38;2;213;180;82;48;2;0;0;0m▀[38;2;156;106;57m▀[38;2;213;180;82;48;2;213;180;82m▀[38;2;255;238;115m▀[48;2;156;106;57m▀[38;2;156;106;57;48;2;213;180;82m▀[38;2;213;180;82m▀▀[38;2;90;82;82;48;2;90;82;82m▀[38;2;197;148;213;48;2;197;148;213m▀[38;2;230;197;213;48;2;230;197;213m▀▀[38;2;197;148;213;48;2;197;148;213m▀▀▀[38;2;156;106;57;48;2;156;106;57m▀[38;2;213;180;82;48;2;213;180;82m▀▀[38;2;0;0;0;48;2;0;0;0m▀[38;2;197;148;213;48;2;197;148;213m▀▀[38;2;90;82;82m▀[49m▄[0m                     [38;2;115;148;82m▄▄▄▄▄[48;2;189;238;156m▀[48;2;139;180;90m▀▀▀[48;2;115;148;82m▀[38;2;65;90;32;49m▄[0m
[0m           [38;2;0;0;0m▀▀[38;2;156;106;57;48;2;0;0;0m▀[38;2;213;180;82m▀▀[38;2;90;82;82;48;2;90;82;82m▀[38;2;164;115;189;48;2;197;148;213m▀[38;2;197;148;213m▀▀[38;2;230;197;213;48;2;230;197;213m▀[38;2;197;148;213m▀[48;2;197;148;213m▀▀▀[38;2;156;106;57m▀[38;2;0;0;0m▀[38;2;197;148;213m▀▀▀▀▀[38;2;0;0;0;48;2;164;115;189m▀[49m▄[0m        [38;2;115;148;82m▄▄▄▄▄[48;2;189;238;156m▀▀▀▀▀▀[38;2;189;238;156m▀[48;2;172;205;106m▀▀▀▀[38;2;172;205;106m▀[38;2;115;148;82;48;2;115;148;82m▀▀▀▀[38;2;65;90;32;48;2;65;90;32m▀[0m
[0m                [38;2;90;82;82;48;2;90;82;82m▀[38;2;197;148;213;48;2;197;148;213m▀▀▀▀[38;2;230;197;213m▀[38;2;197;148;213;48;2;230;197;213m▀[48;2;197;148;213m▀▀▀[48;2;90;82;82m▀[38;2;90;82;82;48;2;255;238;115m▀▀[38;2;197;148;213;48;2;90;82;82m▀[48;2;197;148;213m▀▀▀[38;2;0;0;0;48;2;164;115;189m▀[49m▄[38;2;115;148;82m▄▄▄[48;2;189;238;156m▀▀▀▀[38;2;189;238;156m▀[48;2;172;205;106m▀▀▀▀▀[38;2;172;205;106m▀▀▀▀▀▀▀▀▀▀▀[38;2;115;148;82;48;2;115;148;82m▀▀▀▀[38;2;0;0;0;48;2;0;0;0m▀[0m
[38;2;65;90;32;49m▄[38;2;115;148;82;48;2;115;148;82m▀[48;2;139;180;90m▀▀▀[48;2;189;238;156m▀▀▀▀▀[49m▄▄▄▄▄[0m [38;2;90;82;82;48;2;90;82;82m▀[38;2;197;148;213;48;2;197;148;213m▀▀▀▀▀▀▀[48;2;156;106;57m▀[38;2;90;82;82;48;2;213;180;82m▀[38;2;255;238;115;48;2;255;238;115m▀[48;2;90;82;82m▀[48;2;0;0;0m▀[48;2;255;238;115m▀[38;2;90;82;82;48;2;90;82;82m▀[38;2;197;148;213;48;2;197;148;213m▀[48;2;164;115;189m▀[38;2;164;115;189m▀[38;2;0;0;0m▀[38;2;189;238;156;48;2;0;0;0m▀[48;2;172;205;106m▀▀▀[38;2;172;205;106m▀▀▀▀[48;2;213;57;98m▀▀[38;2;156;106;57m▀[38;2;213;57;98m▀▀▀▀▀▀[38;2;156;106;57m▀[38;2;172;205;106;48;2;156;106;57m▀[48;2;172;205;106m▀▀▀▀[38;2;139;180;90;48;2;115;148;82m▀[38;2;115;148;82m▀▀▀[48;2;0;0;0m▀[38;2;0;0;0;49m▀[0m
[38;2;0;0;0;48;2;0;0;0m▀[38;2;115;148;82;48;2;115;148;82m▀▀▀▀[38;2;139;180;90;48;2;139;180;90m▀[38;2;172;205;106;48;2;172;205;106m▀▀▀▀[38;2;189;238;156m▀▀▀▀▀[38;2;115;148;82;48;2;0;0;0m▀[38;2;0;0;0;48;2;255;238;115m▀[38;2;164;115;189;48;2;90;82;82m▀[38;2;197;148;213;48;2;197;148;213m▀▀▀▀▀[48;2;90;82;82m▀[38;2;90;82;82;48;2;255;238;115m▀[38;2;255;238;115;48;2;90;82;82m▀[48;2;0;0;0m▀[38;2;90;82;82;48;2;255;238;115m▀[38;2;0;0;0m▀[38;2;255;238;115m▀[38;2;213;180;82;48;2;213;180;82m▀[38;2;164;115;189;48;2;90;82;82m▀[48;2;164;115;189m▀▀▀[38;2;0;0;0;48;2;90;82;82m▀[38;2;172;205;106;48;2;0;0;0m▀[48;2;172;205;106m▀▀▀▀[48;2;156;106;57m▀[38;2;213;57;98;48;2;213;57;98m▀▀▀[48;2;172;205;106m▀[38;2;172;205;106m▀▀▀[48;2;213;57;98m▀[38;2;213;57;98m▀▀▀[38;2;156;106;57;48;2;172;205;106m▀[38;2;172;205;106m▀▀▀[48;2;139;180;90m▀[38;2;115;148;82;48;2;115;148;82m▀▀▀▀[38;2;0;0;0;48;2;0;0;0m▀[0m
[0m [38;2;0;0;0;48;2;0;0;0m▀[38;2;115;148;82;48;2;115;148;82m▀▀▀▀[38;2;172;205;106;48;2;139;180;90m▀[48;2;172;205;106m▀▀▀[48;2;156;106;57m▀[38;2;156;106;57;48;2;213;57;98m▀[38;2;213;57;98m▀▀[48;2;156;106;57m▀[38;2;0;0;0;48;2;0;0;0m▀[38;2;255;238;115;48;2;213;180;82m▀[48;2;255;238;115m▀[38;2;156;106;57;48;2;156;106;57m▀[38;2;197;148;213;48;2;197;148;213m▀▀▀▀[38;2;90;82;82m▀[38;2;255;238;115;48;2;90;82;82m▀[38;2;90;82;82;48;2;255;238;115m▀[38;2;0;0;0m▀[38;2;255;238;115m▀[38;2;90;82;82;48;2;0;0;0m▀[38;2;0;0;0m▀[38;2;213;180;82;48;2;213;180;82m▀[38;2;90;82;82;48;2;90;82;82m▀[38;2;164;115;189;48;2;164;115;189m▀▀[38;2;90;82;82;48;2;90;82;82m▀[38;2;164;115;189;48;2;164;115;189m▀[38;2;0;0;0;48;2;0;0;0m▀[38;2;172;205;106;48;2;172;205;106m▀▀▀▀[38;2;156;106;57m▀[38;2;213;57;98;48;2;156;106;57m▀[48;2;213;57;98m▀▀▀▀▀▀[48;2;156;106;57m▀[48;2;172;205;106m▀▀[38;2;172;205;106m▀▀▀▀[48;2;139;180;90m▀[38;2;115;148;82;48;2;115;148;82m▀▀▀▀[38;2;0;0;0;48;2;0;0;0m▀[0m
[0m  [38;2;0;0;0;48;2;0;0;0m▀[38;2;115;148;82;48;2;115;148;82m▀▀▀▀[38;2;172;205;106;48;2;139;180;90m▀[48;2;172;205;106m▀▀[38;2;156;106;57;48;2;156;106;57m▀[38;2;213;57;98;48;2;213;57;98m▀[38;2;156;106;57m▀[38;2;172;205;106;48;2;156;106;57m▀[48;2;139;180;90m▀[48;2;172;205;106m▀[38;2;0;0;0;48;2;0;0;0m▀[38;2;213;180;82;48;2;156;106;57m▀[48;2;213;180;82m▀[38;2;156;106;57;48;2;156;106;57m▀[38;2;197;148;213;48;2;197;148;213m▀▀[48;2;164;115;189m▀[48;2;0;0;0m▀[38;2;90;82;82m▀[48;2;197;148;213m▀[38;2;213;180;82;48;2;90;82;82m▀▀▀▀[38;2;90;82;82;48;2;164;115;189m▀[38;2;164;115;189m▀▀[38;2;90;82;82;48;2;90;82;82m▀[38;2;164;115;189;48;2;0;0;0m▀[48;2;164;115;189m▀[38;2;90;82;82;48;2;90;82;82m▀[38;2;0;0;0;48;2;0;0;0m▀[38;2;172;205;106;48;2;139;180;90m▀[48;2;172;205;106m▀▀▀▀▀▀▀▀▀▀▀[48;2;115;148;82m▀[48;2;65;90;32m▀▀[48;2;0;0;0m▀▀▀[38;2;115;148;82m▀▀[38;2;0;0;0;49m▀▀▀[0m
[0m   [38;2;0;0;0m▀[38;2;115;148;82;48;2;0;0;0m▀[48;2;115;148;82m▀▀▀[38;2;139;180;90m▀[38;2;172;205;106;48;2;139;180;90m▀▀[38;2;156;106;57m▀[38;2;213;57;98m▀[48;2;156;106;57m▀▀[48;2;213;57;98m▀▀[38;2;0;0;0m▀[48;2;139;180;90m▀[38;2;156;106;57;48;2;0;0;0m▀[38;2;0;0;0;48;2;164;115;189m▀[48;2;90;82;82m▀[48;2;0;0;0m▀▀[48;2;197;148;213m▀[38;2;197;148;213;48;2;164;115;189m▀[38;2;164;115;189m▀▀▀▀▀[48;2;0;0;0m▀[38;2;0;0;0;48;2;213;57;98m▀[38;2;213;57;98;48;2;90;82;82m▀[48;2;213;57;98m▀[38;2;90;82;82;48;2;0;0;0m▀[38;2;164;115;189;48;2;164;115;189m▀[38;2;0;0;0;48;2;0;0;0m▀[38;2;139;180;90;48;2;139;180;90m▀▀▀[38;2;172;205;106m▀[48;2;156;106;57m▀[38;2;156;106;57;48;2;213;57;98m▀[38;2;213;57;98m▀▀▀[38;2;156;106;57m▀[38;2;172;205;106;48;2;156;106;57m▀[48;2;172;205;106m▀▀[48;2;139;180;90m▀▀[38;2;139;180;90m▀[38;2;115;148;82;48;2;115;148;82m▀▀[38;2;65;90;32m▀▀[48;2;0;0;0m▀[0m
[0m     [38;2;0;0;0m▀▀[38;2;65;90;32;48;2;0;0;0m▀[38;2;115;148;82m▀▀[38;2;139;180;90;48;2;65;90;32m▀▀[48;2;115;148;82m▀[48;2;139;180;90m▀▀[48;2;156;106;57m▀[48;2;213;57;98m▀▀[48;2;90;82;82m▀[38;2;0;0;0;48;2;213;57;98m▀[38;2;164;115;189;48;2;0;0;0m▀[48;2;90;82;82m▀[48;2;164;115;189m▀▀▀▀▀[48;2;90;82;82m▀▀[38;2;90;82;82;48;2;164;115;189m▀[38;2;0;0;0;48;2;0;0;0m▀[38;2;246;106;131;48;2;246;106;131m▀▀[38;2;213;57;98;48;2;0;0;0m▀[38;2;0;0;0;48;2;213;57;98m▀[38;2;90;82;82;48;2;0;0;0m▀[38;2;164;115;189;48;2;90;82;82m▀[38;2;0;0;0;48;2;0;0;0m▀[38;2;65;90;32;48;2;139;180;90m▀[38;2;139;180;90;48;2;65;90;32m▀▀[48;2;139;180;90m▀▀[38;2;156;106;57m▀[38;2;213;57;98m▀▀▀[38;2;156;106;57m▀[38;2;139;180;90m▀▀▀▀▀[38;2;115;148;82;48;2;115;148;82m▀▀▀▀[48;2;65;90;32m▀[38;2;0;0;0;49m▀[0m
[0m       [38;2;0;0;0m▀[38;2;115;148;82;48;2;0;0;0m▀[48;2;115;148;82m▀▀▀[38;2;139;180;90m▀[48;2;139;180;90m▀[38;2;156;106;57m▀[38;2;213;57;98;48;2;156;106;57m▀[48;2;213;57;98m▀[38;2;0;0;0;48;2;0;0;0m▀[38;2;246;106;131;48;2;246;106;131m▀▀[38;2;213;57;98;48;2;0;0;0m▀[38;2;0;0;0;48;2;90;82;82m▀[38;2;90;82;82;48;2;213;57;98m▀[48;2;90;82;82m▀[48;2;164;115;189m▀▀▀[38;2;164;115;189m▀[48;2;90;82;82m▀▀[38;2;90;82;82;48;2;164;115;189m▀[38;2;0;0;0;48;2;0;0;0m▀[48;2;246;106;131m▀[38;2;213;57;98m▀[38;2;90;82;82;48;2;213;57;98m▀[38;2;0;0;0;48;2;0;0;0m▀[38;2;90;82;82;48;2;164;115;189m▀[38;2;0;0;0m▀[48;2;0;0;0m▀[38;2;139;180;90;48;2;139;180;90m▀▀[38;2;65;90;32m▀[38;2;0;0;0m▀▀[38;2;115;148;82;48;2;65;90;32m▀[38;2;139;180;90;48;2;0;0;0m▀▀[48;2;139;180;90m▀▀▀▀[48;2;115;148;82m▀[38;2;115;148;82m▀▀▀▀[48;2;0;0;0m▀[38;2;0;0;0;49m▀[0m
[0m        [38;2;0;0;0m▀[38;2;115;148;82;48;2;0;0;0m▀[48;2;115;148;82m▀▀▀▀[38;2;139;180;90m▀[48;2;139;180;90m▀▀▀[38;2;0;0;0m▀[48;2;65;90;32m▀[38;2;90;82;82;48;2;0;0;0m▀[38;2;246;106;131;48;2;246;106;131m▀▀[38;2;213;57;98;48;2;0;0;0m▀[38;2;0;0;0;48;2;139;180;90m▀▀[38;2;90;82;82;48;2;0;0;0m▀▀[38;2;164;115;189m▀▀▀[38;2;0;0;0;48;2;164;115;189m▀[38;2;246;106;131;48;2;0;0;0m▀▀[38;2;0;0;0;48;2;164;115;189m▀[38;2;164;115;189m▀▀[38;2;0;0;0m▀[38;2;139;180;90;48;2;0;0;0m▀[48;2;139;180;90m▀▀▀▀▀▀▀▀[38;2;0;0;0m▀[48;2;115;148;82m▀▀[38;2;115;148;82;48;2;0;0;0m▀▀▀▀[38;2;65;90;32m▀[38;2;0;0;0;49m▀[0m
[0m          [38;2;0;0;0m▀▀[38;2;115;148;82;48;2;0;0;0m▀▀[48;2;115;148;82m▀▀[48;2;0;0;0m▀[38;2;139;180;90m▀[38;2;0;0;0;48;2;115;148;82m▀▀[38;2;139;180;90;48;2;139;180;90m▀[38;2;0;0;0m▀▀[38;2;139;180;90m▀▀▀[48;2;115;148;82m▀[38;2;0;0;0;48;2;139;180;90m▀[38;2;164;115;189;48;2;0;0;0m▀[48;2;164;115;189m▀▀[48;2;0;0;0m▀[48;2;164;115;189m▀▀[48;2;90;82;82m▀[48;2;0;0;0m▀[48;2;164;115;189m▀[38;2;0;0;0;48;2;90;82;82m▀[48;2;139;180;90m▀[38;2;139;180;90m▀▀▀▀▀[48;2;115;148;82m▀▀[38;2;115;148;82m▀▀▀▀▀[48;2;0;0;0m▀[38;2;0;0;0;49m▀[0m
[0m              [38;2;0;0;0m▀▀[38;2;65;90;32m▀[38;2;115;148;82;48;2;0;0;0m▀[48;2;115;148;82m▀▀▀▀[38;2;139;180;90m▀▀▀▀[38;2;65;90;32;48;2;0;0;0m▀[38;2;139;180;90;48;2;115;148;82m▀[38;2;0;0;0m▀[38;2;164;115;189;48;2;0;0;0m▀[38;2;0;0;0;48;2;139;180;90m▀[38;2;139;180;90m▀[38;2;0;0;0m▀[38;2;164;115;189;48;2;0;0;0m▀[38;2;0;0;0;48;2;65;90;32m▀[38;2;65;90;32;49m▀[38;2;0;0;0;48;2;65;90;32m▀[48;2;115;148;82m▀[38;2;139;180;90m▀▀[38;2;115;148;82m▀▀[38;2;65;90;32m▀▀[38;2;115;148;82;48;2;65;90;32m▀▀[48;2;115;148;82m▀[48;2;0;0;0m▀▀[38;2;0;0;0;49m▀▀[0m
[0m                  [38;2;0;0;0m▀▀[38;2;115;148;82;48;2;0;0;0m▀▀▀▀▀[38;2;0;0;0;49m▀[48;2;0;0;0m▀[38;2;115;148;82;48;2;65;90;32m▀[48;2;115;148;82m▀▀▀▀▀▀[38;2;65;90;32;48;2;0;0;0m▀[0m  [38;2;65;90;32m▀[38;2;115;148;82;48;2;0;0;0m▀▀▀▀▀▀[38;2;0;0;0;49m▀▀▀[0m
[0m                           [38;2;0;0;0m▀▀▀▀▀▀▀[0m
