[0m         [38;2;65;82;32m▄▄[48;2;106;139;57m▀▀▀▀▀▀[38;2;0;0;0m▀[49m▄[0m       [38;2;65;82;32m▄[48;2;139;172;57m▀▀▀[49m▄▄▄[0m
[0m   [38;2;106;139;57m▄[48;2;172;213;98m▀[38;2;65;82;32;48;2;65;82;32m▀[0m  [38;2;65;82;32;48;2;65;82;32m▀[38;2;172;213;98;48;2;172;213;98m▀[38;2;106;139;57;48;2;106;139;57m▀▀▀[48;2;139;172;57m▀▀▀[48;2;172;213;98m▀▀[38;2;0;0;0;48;2;0;0;0m▀[0m       [38;2;0;0;0;48;2;0;0;0m▀[38;2;106;139;57;48;2;106;139;57m▀▀▀▀[38;2;139;172;57m▀▀[38;2;65;82;32;48;2;139;172;57m▀▀[49m▄[0m
[0m  [38;2;106;139;57;48;2;106;139;57m▀[38;2;172;213;98;48;2;172;213;98m▀[38;2;106;139;57;48;2;65;82;32m▀[48;2;106;139;57m▀[38;2;0;0;0;48;2;65;82;32m▀[49m▄[48;2;65;82;32m▀[38;2;65;82;32;48;2;106;139;57m▀▀[38;2;139;172;57m▀[38;2;172;213;98m▀[48;2;139;172;57m▀[48;2;172;213;98m▀▀▀▀[38;2;139;172;57m▀[38;2;0;0;0;48;2;0;0;0m▀[0m  [38;2;65;82;32m▄[38;2;0;0;0m▄[38;2;65;82;32;48;2;172;213;98m▀[38;2;0;0;0m▀[38;2;139;172;57m▀[38;2;65;82;32m▀▀[48;2;139;172;57m▀[38;2;106;139;57;48;2;65;82;32m▀▀[48;2;106;139;57m▀▀[38;2;65;82;32;48;2;0;0;0m▀[38;2;139;172;57;48;2;139;172;57m▀[38;2;65;82;32;48;2;65;82;32m▀[0m
[0m  [38;2;65;82;32;48;2;65;82;32m▀[38;2;172;213;98;48;2;172;213;98m▀[38;2;0;0;0;48;2;0;0;0m▀[38;2;106;139;57;48;2;65;82;32m▀[38;2;65;82;32;48;2;106;139;57m▀[38;2;106;139;57m▀▀▀▀[48;2;139;172;57m▀▀[48;2;172;213;98m▀[38;2;139;172;57m▀[38;2;172;213;98m▀▀▀▀[38;2;106;139;57m▀[38;2;0;0;0m▀▀[38;2;172;213;98m▀▀▀▀[48;2;139;172;57m▀[48;2;106;139;57m▀[38;2;139;172;57m▀▀[38;2;106;139;57m▀▀[38;2;65;82;32m▀[48;2;0;0;0m▀[38;2;0;0;0;48;2;139;172;57m▀[38;2;139;172;57;48;2;106;139;57m▀[38;2;0;0;0;48;2;0;0;0m▀[0m
[0m  [38;2;65;82;32;48;2;65;82;32m▀[38;2;139;172;57;48;2;139;172;57m▀[38;2;172;213;98m▀[38;2;0;0;0;48;2;172;213;98m▀[38;2;106;139;57;48;2;0;0;0m▀▀[38;2;139;172;57;48;2;172;213;98m▀▀[38;2;172;213;98m▀▀▀[48;2;139;172;57m▀[48;2;106;139;57m▀[38;2;139;172;57m▀[38;2;106;139;57m▀▀▀[38;2;139;172;57m▀[38;2;172;213;98;48;2;139;172;57m▀[48;2;172;213;98m▀▀▀[38;2;139;172;57m▀[38;2;106;139;57;48;2;139;172;57m▀▀[48;2;0;0;0m▀▀▀▀[38;2;0;0;0;48;2;139;172;57m▀▀[38;2;139;172;57;48;2;106;139;57m▀[38;2;106;139;57m▀▀[38;2;0;0;0;48;2;0;0;0m▀[0m
[0m  [38;2;65;82;32m▀[38;2;139;172;57;48;2;65;82;32m▀[48;2;139;172;57m▀▀▀[38;2;172;213;98m▀[38;2;0;0;0m▀[48;2;172;213;98m▀▀[38;2;106;139;57;48;2;0;0;0m▀▀▀▀▀▀▀▀▀▀▀[38;2;0;0;0;48;2;172;213;98m▀▀▀▀[48;2;139;172;57m▀[38;2;106;139;57;48;2;106;139;57m▀[38;2;172;213;98m▀[38;2;139;172;57m▀▀[38;2;106;139;57m▀▀▀▀[48;2;0;0;0m▀[38;2;0;0;0;49m▀[0m
[0m   [38;2;0;0;0m▀[38;2;139;172;57;48;2;0;0;0m▀[48;2;139;172;57m▀▀▀▀▀▀▀[38;2;172;213;98m▀▀▀▀▀▀▀[48;2;106;139;57m▀[48;2;139;172;57m▀[38;2;139;172;57;48;2;106;139;57m▀[38;2;106;139;57m▀▀▀▀▀▀▀▀▀▀▀▀[48;2;0;0;0m▀[38;2;0;0;0;49m▀[0m
[0m     [38;2;0;0;0m▀▀[38;2;139;172;57;48;2;0;0;0m▀▀[48;2;139;172;57m▀▀▀▀▀▀▀▀▀[38;2;106;139;57m▀[38;2;139;172;57;48;2;106;139;57m▀[38;2;106;139;57;48;2;139;172;57m▀[48;2;106;139;57m▀▀▀▀▀▀▀▀▀[48;2;0;0;0m▀▀[38;2;0;0;0;49m▀▀[0m
[0m         [38;2;0;0;0;48;2;65;82;32m▀[48;2;255;255;255m▀[48;2;131;139;156m▀[38;2;139;172;57;48;2;0;0;0m▀▀▀▀▀▀[38;2;106;139;57m▀[38;2;139;172;57;48;2;65;82;32m▀[38;2;106;139;57m▀▀▀[48;2;0;0;0m▀▀▀[38;2;65;82;32m▀[38;2;0;0;0;48;2;74;148;98m▀▀[48;2;0;0;0m▀[0m
[0m         [38;2;65;82;32;48;2;65;82;32m▀[38;2;255;255;255;48;2;131;139;156m▀[38;2;131;139;156;48;2;123;189;156m▀[38;2;123;189;156;48;2;148;49;65m▀▀▀[48;2;123;189;156m▀[38;2;131;139;156m▀[38;2;255;255;255;48;2;131;139;156m▀[48;2;255;255;255m▀[38;2;0;0;0;48;2;131;139;156m▀[38;2;255;255;255;48;2;255;255;255m▀▀[38;2;131;139;156m▀[48;2;131;139;156m▀[38;2;65;82;32;48;2;123;189;156m▀[48;2;65;82;32m▀[38;2;0;0;0m▀[38;2;74;148;98;48;2;0;0;0m▀▀[38;2;0;0;0;49m▀[0m
[0m          [38;2;65;82;32;48;2;0;0;0m▀[38;2;205;65;98;48;2;255;115;148m▀[38;2;255;115;148m▀▀[38;2;205;65;98m▀[38;2;148;49;65;48;2;205;65;98m▀▀[38;2;172;222;180;48;2;148;49;65m▀[38;2;131;139;156m▀[38;2;255;255;255;48;2;172;222;180m▀▀▀[38;2;131;139;156m▀[38;2;123;189;156;48;2;123;189;156m▀▀[38;2;106;139;57;48;2;106;139;57m▀[38;2;65;82;32;48;2;65;82;32m▀[48;2;0;0;0m▀[38;2;0;0;0;49m▀[0m
[0m          [38;2;0;0;0m▀[38;2;255;115;148;48;2;0;0;0m▀[48;2;255;115;148m▀▀[48;2;205;65;98m▀[38;2;205;65;98m▀[48;2;148;49;65m▀▀[48;2;123;189;156m▀[38;2;148;49;65m▀[38;2;172;222;180m▀▀[38;2;123;189;156m▀[48;2;106;139;57m▀[38;2;106;139;57m▀[48;2;0;0;0m▀[38;2;0;0;0;48;2;74;148;98m▀[49m▄[0m
[0m            [38;2;0;0;0m▀[38;2;148;49;65;48;2;0;0;0m▀▀[38;2;74;148;98m▀[38;2;123;189;156;48;2;74;148;98m▀[48;2;123;189;156m▀▀[48;2;74;148;98m▀▀[48;2;65;82;32m▀[38;2;106;139;57m▀[38;2;65;82;32;48;2;123;189;156m▀[38;2;0;0;0m▀[38;2;123;189;156m▀▀▀[38;2;0;0;0m▀▀[49m▄[0m
[0m          [38;2;74;148;98m▄▄[48;2;123;189;156m▀▀[38;2;123;189;156m▀▀[38;2;0;0;0;48;2;74;148;98m▀[48;2;0;0;0m▀[38;2;65;82;32;48;2;106;139;57m▀[48;2;139;172;57m▀▀[38;2;139;172;57;48;2;106;139;57m▀[38;2;106;139;57;48;2;123;189;156m▀[38;2;123;189;156m▀[38;2;74;148;98;48;2;172;222;180m▀[38;2;123;189;156;48;2;74;148;98m▀[48;2;0;0;0m▀[48;2;123;189;156m▀▀▀[38;2;74;148;98;48;2;172;222;180m▀[38;2;0;0;0;48;2;123;189;156m▀[49m▄[0m
[0m        [38;2;74;148;98m▄[48;2;123;189;156m▀[38;2;123;189;156;48;2;172;222;180m▀▀▀[48;2;123;189;156m▀[48;2;0;0;0m▀[38;2;0;0;0;49m▀[48;2;0;0;0m▀[38;2;172;222;180;48;2;172;222;180m▀[38;2;106;139;57;48;2;106;139;57m▀[38;2;139;172;57;48;2;139;172;57m▀[48;2;172;213;98m▀[38;2;106;139;57m▀[38;2;172;222;180;48;2;139;172;57m▀[48;2;172;222;180m▀▀▀▀[38;2;0;0;0;48;2;139;172;57m▀[38;2;123;189;156;48;2;0;0;0m▀[38;2;172;222;180;48;2;172;222;180m▀▀▀▀[38;2;0;0;0;48;2;0;0;0m▀[0m
[0m      [38;2;74;148;98m▄[48;2;172;222;180m▀[38;2;172;222;180m▀▀▀▀[48;2;0;0;0m▀[38;2;0;0;0;49m▀[0m  [38;2;0;0;0;48;2;0;0;0m▀[38;2;106;139;57;48;2;65;82;32m▀[38;2;139;172;57;48;2;139;172;57m▀[38;2;172;213;98;48;2;172;213;98m▀▀▀[38;2;139;172;57m▀[38;2;172;222;180;48;2;139;172;57m▀▀▀[38;2;139;172;57m▀[48;2;106;139;57m▀[38;2;106;139;57m▀[38;2;0;0;0;48;2;0;0;0m▀[38;2;172;222;180;48;2;172;222;180m▀▀▀▀[38;2;0;0;0m▀[49m▄[0m
[0m     [38;2;74;148;98;48;2;74;148;98m▀[38;2;123;189;156;48;2;123;189;156m▀[38;2;172;222;180;48;2;172;222;180m▀▀▀▀[38;2;0;0;0;48;2;0;0;0m▀[0m   [38;2;106;139;57;48;2;106;139;57m▀[38;2;172;213;98;48;2;172;213;98m▀[38;2;106;139;57m▀[48;2;65;82;32m▀[48;2;106;139;57m▀[38;2;139;172;57m▀[38;2;172;213;98m▀▀[38;2;139;172;57m▀▀[38;2;106;139;57m▀[48;2;65;82;32m▀[48;2;106;139;57m▀[38;2;65;82;32m▀▀[38;2;0;0;0;48;2;65;82;32m▀[38;2;172;222;180;48;2;0;0;0m▀[48;2;172;222;180m▀▀▀[38;2;0;0;0m▀[49m▄[0m
[0m  [38;2;0;0;0m▄▄[38;2;74;148;98;48;2;74;148;98m▀[38;2;123;189;156;48;2;123;189;156m▀▀▀[38;2;172;222;180m▀▀[38;2;0;0;0;48;2;0;0;0m▀[0m   [38;2;65;82;32;48;2;0;0;0m▀[38;2;172;213;98;48;2;172;213;98m▀▀▀[48;2;139;172;57m▀[38;2;65;82;32;48;2;106;139;57m▀[48;2;0;0;0m▀[38;2;106;139;57m▀▀▀▀[38;2;65;82;32m▀[38;2;0;0;0;48;2;65;82;32m▀[38;2;106;139;57;48;2;106;139;57m▀[48;2;139;172;57m▀[38;2;139;172;57m▀▀[38;2;0;0;0m▀[38;2;172;222;180;48;2;0;0;0m▀[48;2;172;222;180m▀[48;2;123;189;156m▀▀[38;2;123;189;156m▀[38;2;0;0;0;48;2;0;0;0m▀[0m
[0m [38;2;0;0;0;48;2;0;0;0m▀[38;2;255;115;148;48;2;148;49;65m▀▀[38;2;148;49;65;48;2;123;189;156m▀[38;2;123;189;156m▀▀▀▀[38;2;0;0;0;48;2;0;0;0m▀[0m  [38;2;0;0;0m▄▄[48;2;106;139;57m▀[38;2;65;82;32;48;2;65;82;32m▀[38;2;139;172;57;48;2;106;139;57m▀▀[38;2;106;139;57m▀▀[38;2;0;0;0;48;2;65;82;32m▀[49m▄[0m    [38;2;0;0;0m▀[38;2;106;139;57;48;2;0;0;0m▀[38;2;139;172;57;48;2;106;139;57m▀[48;2;139;172;57m▀▀[48;2;106;139;57m▀[38;2;0;0;0;48;2;0;0;0m▀[38;2;123;189;156;48;2;123;189;156m▀▀▀▀▀[38;2;0;0;0m▀[49m▄[0m
[38;2;0;0;0;48;2;0;0;0m▀[38;2;255;115;148;48;2;148;49;65m▀[48;2;0;0;0m▀[38;2;0;0;0;48;2;255;115;148m▀[38;2;148;49;65m▀[38;2;123;189;156;48;2;74;148;98m▀[48;2;123;189;156m▀▀[48;2;0;0;0m▀[38;2;0;0;0;49m▀[0m [38;2;0;0;0;48;2;0;0;0m▀[38;2;255;115;148;48;2;148;49;65m▀[38;2;148;49;65;48;2;0;0;0m▀[38;2;106;139;57;48;2;148;49;65m▀[48;2;106;139;57m▀[48;2;148;49;65m▀[48;2;255;115;148m▀[48;2;106;139;57m▀[48;2;0;0;0m▀▀[38;2;0;0;0;49m▀[0m    [38;2;0;0;0m▄[48;2;65;82;32m▀[38;2;106;139;57;48;2;106;139;57m▀▀▀▀[38;2;0;0;0m▀[38;2;123;189;156;48;2;0;0;0m▀[48;2;123;189;156m▀▀▀▀▀[38;2;0;0;0;48;2;148;49;65m▀▀[49m▄▄[0m
[0m [38;2;0;0;0;48;2;0;0;0m▀[38;2;255;115;148;48;2;148;49;65m▀[48;2;0;0;0m▀[38;2;148;49;65m▀[38;2;0;0;0;49m▀[38;2;123;189;156;48;2;0;0;0m▀[48;2;123;189;156m▀[38;2;0;0;0;48;2;0;0;0m▀[0m   [38;2;0;0;0;48;2;0;0;0m▀[38;2;148;49;65;48;2;255;115;148m▀[38;2;255;115;148;48;2;0;0;0m▀[38;2;148;49;65m▀[38;2;255;115;148;48;2;255;115;148m▀[48;2;0;0;0m▀[38;2;0;0;0;49m▀▀[0m      [38;2;0;0;0m▀[38;2;106;139;57;48;2;0;0;0m▀[48;2;106;139;57m▀[48;2;148;49;65m▀[48;2;106;139;57m▀[38;2;148;49;65;48;2;255;115;148m▀[38;2;106;139;57;48;2;148;49;65m▀[38;2;0;0;0;48;2;0;0;0m▀[38;2;123;189;156;48;2;123;189;156m▀▀[48;2;148;49;65m▀[38;2;148;49;65;48;2;255;115;148m▀[48;2;148;49;65m▀[38;2;255;115;148;48;2;255;115;148m▀[38;2;205;65;98m▀[38;2;148;49;65;48;2;0;0;0m▀▀[38;2;0;0;0m▀[0m
[0m [38;2;0;0;0m▀▀[0m    [38;2;0;0;0m▀[0m    [38;2;0;0;0m▀▀▀[0m [38;2;0;0;0m▀[0m           [38;2;0;0;0;48;2;0;0;0m▀[38;2;255;115;148;48;2;255;115;148m▀[38;2;0;0;0;48;2;0;0;0m▀[38;2;148;49;65m▀[38;2;255;115;148;48;2;255;115;148m▀[38;2;0;0;0;48;2;0;0;0m▀[38;2;123;189;156;48;2;123;189;156m▀[38;2;74;148;98;48;2;0;0;0m▀[38;2;0;0;0;49m▀[38;2;148;49;65;48;2;0;0;0m▀[38;2;255;115;148;48;2;255;115;148m▀[38;2;0;0;0;48;2;0;0;0m▀[38;2;205;65;98m▀[38;2;255;115;148m▀[38;2;0;0;0m▀[0m
[0m                             [38;2;0;0;0m▀[0m  [38;2;0;0;0m▀[0m [38;2;0;0;0m▀[0m   [38;2;0;0;0m▀▀[0m
