[0m              [38;2;82;82;74m▄[48;2;123;115;106m▀▀[49m▄[0m
[0m             [38;2;82;82;74m▄[48;2;123;115;106m▀[38;2;123;115;106m▀▀▀[38;2;0;0;0;48;2;0;0;0m▀[0m
[0m            [38;2;82;82;74m▄[48;2;82;82;74m▀[38;2;123;115;106;48;2;123;115;106m▀▀[48;2;0;0;0m▀[38;2;0;0;0;49m▀[0m
[0m       [38;2;82;82;74m▄▄[48;2;123;115;106m▀▀▀[38;2;172;172;172m▀▀[48;2;82;82;74m▀[38;2;82;82;74m▀[38;2;0;0;0;48;2;123;115;106m▀▀[49m▄▄[0m
[0m     [38;2;82;82;74m▄[48;2;172;172;172m▀[38;2;123;115;106m▀[48;2;213;213;213m▀[38;2;213;213;213m▀▀[48;2;172;172;172m▀[38;2;172;172;172m▀▀▀▀[38;2;82;82;74;48;2;123;115;106m▀▀▀[38;2;123;115;106;48;2;82;82;74m▀[38;2;0;0;0m▀[49m▄[0m
[0m    [38;2;82;82;74;48;2;82;82;74m▀[38;2;172;172;172;48;2;123;115;106m▀▀[38;2;123;115;106;48;2;172;172;172m▀[48;2;213;213;213m▀▀[48;2;172;172;172m▀▀▀▀▀[38;2;82;82;74m▀▀[38;2;123;115;106;48;2;82;82;74m▀▀▀[48;2;123;115;106m▀[38;2;82;82;74m▀[38;2;0;0;0;48;2;0;0;0m▀[0m
[0m   [38;2;82;82;74;48;2;82;82;74m▀[38;2;123;115;106;48;2;172;172;172m▀[38;2;172;172;172;48;2;82;82;74m▀▀▀▀▀▀▀▀▀▀▀▀[48;2;123;115;106m▀[38;2;123;115;106m▀▀[38;2;82;82;74m▀▀[38;2;123;115;106;48;2;82;82;74m▀[38;2;0;0;0;48;2;0;0;0m▀[0m
[0m [38;2;82;82;74m▄[48;2;123;115;106m▀[48;2;172;172;172m▀▀[38;2;172;172;172m▀[38;2;213;213;213m▀[48;2;213;213;213m▀▀▀▀[48;2;172;172;172m▀[38;2;172;172;172m▀▀▀▀▀[38;2;82;82;74m▀[48;2;123;115;106m▀▀[38;2;123;115;106;48;2;82;82;74m▀▀[48;2;123;115;106m▀[38;2;82;82;74m▀[38;2;0;0;0;48;2;0;0;0m▀[0m
[38;2;82;82;74;48;2;82;82;74m▀[38;2;123;115;106;48;2;123;115;106m▀[38;2;172;172;172m▀▀[48;2;82;82;74m▀[38;2;123;115;106;48;2;53;50;42m▀[38;2;82;82;74;48;2;0;0;0m▀▀▀▀▀▀▀▀[38;2;123;115;106m▀[38;2;172;172;172m▀▀▀[38;2;123;115;106;48;2;82;82;74m▀[48;2;123;115;106m▀▀▀[38;2;82;82;74m▀[38;2;0;0;0m▀[48;2;82;82;74m▀[49m▄[0m
[38;2;0;0;0;49m▀[38;2;123;115;106;48;2;0;0;0m▀[38;2;82;82;74m▀[38;2;0;0;0m▀[38;2;131;98;90;48;2;222;189;148m▀[38;2;189;172;131;48;2;255;238;189m▀[38;2;0;0;0;48;2;53;50;42m▀▀[38;2;189;172;131;48;2;255;238;189m▀▀[38;2;172;148;115;48;2;189;172;131m▀[38;2;0;0;0;48;2;0;0;0m▀▀[38;2;189;172;131;48;2;255;238;189m▀▀[48;2;189;172;131m▀[38;2;0;0;0;48;2;0;0;0m▀▀[48;2;172;148;115m▀[48;2;189;172;131m▀[48;2;131;98;90m▀[38;2;123;115;106;48;2;0;0;0m▀▀[48;2;123;115;106m▀▀▀[38;2;0;0;0;48;2;0;0;0m▀[0m
[0m  [38;2;0;0;0;48;2;0;0;0m▀[38;2;53;50;42;48;2;53;50;42m▀[38;2;255;238;189;48;2;255;238;189m▀[48;2;82;82;74m▀[38;2;53;50;42;48;2;53;50;42m▀[48;2;172;148;115m▀[38;2;255;238;189;48;2;255;238;189m▀▀[38;2;189;172;131m▀[38;2;53;50;42;48;2;53;50;42m▀▀[38;2;255;238;189;48;2;172;148;115m▀[48;2;255;238;189m▀[48;2;82;82;74m▀[38;2;53;50;42;48;2;53;50;42m▀▀[38;2;172;148;115;48;2;255;238;189m▀[38;2;189;172;131;48;2;189;172;131m▀▀[38;2;131;98;90;48;2;131;98;90m▀▀[38;2;0;0;0;48;2;0;0;0m▀[38;2;123;115;106;48;2;123;115;106m▀[48;2;0;0;0m▀[38;2;0;0;0;49m▀[0m
[0m  [38;2;0;0;0;48;2;0;0;0m▀[38;2;53;50;42;48;2;222;189;148m▀[48;2;53;50;42m▀▀[48;2;255;238;189m▀[38;2;255;238;189m▀[48;2;222;189;148m▀[48;2;255;238;189m▀▀[38;2;172;148;115m▀[38;2;53;50;42;48;2;172;148;115m▀[48;2;53;50;42m▀▀▀[48;2;172;148;115m▀[38;2;172;148;115;48;2;255;238;189m▀[38;2;255;238;189m▀[38;2;189;172;131;48;2;189;172;131m▀[38;2;172;148;115;48;2;131;98;90m▀[38;2;131;98;90m▀▀[38;2;0;0;0;48;2;0;0;0m▀[49m▀[0m
[0m   [38;2;0;0;0;48;2;0;0;0m▀[38;2;255;238;189;48;2;255;238;189m▀▀[48;2;222;189;148m▀[38;2;222;189;148;48;2;172;148;115m▀[38;2;172;148;115m▀[38;2;222;189;148m▀[38;2;255;238;189;48;2;222;189;148m▀[48;2;255;238;189m▀▀▀▀▀▀▀[48;2;172;148;115m▀[38;2;172;148;115;48;2;131;98;90m▀[38;2;131;98;90m▀▀[48;2;0;0;0m▀[38;2;0;0;0;49m▀[0m
[0m    [38;2;131;98;90;48;2;131;98;90m▀[38;2;222;189;148m▀[38;2;172;148;115;48;2;172;148;115m▀▀▀▀▀▀[38;2;222;189;148m▀[38;2;255;238;189m▀▀▀[38;2;222;189;148m▀[38;2;172;148;115;48;2;131;98;90m▀[38;2;131;98;90m▀▀▀[48;2;0;0;0m▀[38;2;0;0;0;49m▀[0m
[0m     [38;2;53;50;42m▀[38;2;131;98;90;48;2;0;0;0m▀[38;2;172;148;115;48;2;131;98;90m▀▀[48;2;172;148;115m▀▀▀[48;2;131;98;90m▀▀▀[38;2;131;98;90m▀▀▀▀▀[48;2;0;0;0m▀[38;2;0;0;0;49m▀[0m
[0m   [38;2;131;98;90m▄▄▄[48;2;189;172;131m▀[38;2;53;50;42;48;2;131;98;90m▀▀[38;2;131;98;90;48;2;53;50;42m▀[48;2;0;0;0m▀[48;2;131;98;90m▀▀▀▀▀[48;2;0;0;0m▀▀[38;2;0;0;0;48;2;53;50;42m▀[49m▀[0m
[0m [38;2;131;98;90m▄[48;2;255;238;189m▀[38;2;255;238;189m▀▀▀[38;2;189;172;131;48;2;189;172;131m▀▀▀[38;2;131;98;90;48;2;131;98;90m▀▀[38;2;0;0;0;48;2;0;0;0m▀[38;2;131;98;90m▀▀[38;2;0;0;0;48;2;53;50;42m▀[48;2;172;148;115m▀[38;2;172;148;115;48;2;131;98;90m▀[38;2;131;98;90;48;2;189;172;131m▀[48;2;255;238;189m▀[38;2;53;50;42m▀▀[38;2;0;0;0;49m▄[0m
[0m [38;2;0;0;0m▀[38;2;189;172;131;48;2;0;0;0m▀[38;2;255;238;189m▀▀[38;2;189;172;131m▀▀[48;2;53;50;42m▀[38;2;53;50;42;49m▀[38;2;0;0;0m▀▀[0m   [38;2;53;50;42;48;2;53;50;42m▀[38;2;131;98;90;48;2;131;98;90m▀[38;2;189;172;131;48;2;189;172;131m▀[38;2;255;238;189m▀[48;2;255;238;189m▀▀▀▀[38;2;0;0;0;48;2;0;0;0m▀[0m
[0m               [38;2;53;50;42m▀[38;2;131;98;90;48;2;53;50;42m▀[38;2;189;172;131;48;2;0;0;0m▀▀[38;2;255;238;189m▀▀[38;2;0;0;0;49m▀[0m
