[0m                     [38;2;49;98;139m▄[38;2;90;164;205m▄[38;2;49;98;139;48;2;164;230;255m▀▀[48;2;123;205;238m▀[48;2;90;164;205m▀[38;2;16;16;16m▀▀▀[38;2;49;98;139;49m▄[38;2;16;16;16m▄▄[0m
[0m                  [38;2;49;98;139m▄[48;2;164;230;255m▀[38;2;90;164;205m▀[38;2;164;230;255m▀▀▀▀▀[38;2;123;205;238;48;2;123;205;238m▀[38;2;90;164;205;48;2;90;164;205m▀[48;2;205;213;238m▀▀▀▀▀[38;2;49;98;139;48;2;90;164;205m▀[38;2;16;16;16m▀[49m▄[0m
[0m                 [38;2;49;98;139;48;2;16;16;16m▀[38;2;123;205;238;48;2;205;213;238m▀[38;2;164;230;255;48;2;123;205;238m▀[48;2;164;230;255m▀▀▀[48;2;123;205;238m▀▀[38;2;123;205;238;48;2;205;213;238m▀[38;2;205;213;238m▀▀▀▀▀▀▀▀▀[38;2;90;164;205m▀[38;2;16;16;16m▀[49m▄[0m
[0m                  [38;2;115;115;131;48;2;16;16;16m▀[38;2;205;213;238;48;2;255;255;255m▀[38;2;90;164;205;48;2;90;164;205m▀▀▀▀[38;2;255;255;255;48;2;255;255;255m▀[48;2;16;16;16m▀[38;2;16;16;16;48;2;255;255;255m▀▀▀[38;2;205;213;238;48;2;16;16;16m▀[48;2;255;255;255m▀[48;2;205;213;238m▀▀▀▀▀[48;2;16;16;16m▀[38;2;16;16;16;49m▀[0m
[0m                   [38;2;16;16;16;48;2;16;16;16m▀[38;2;90;164;205;48;2;139;65;49m▀▀[48;2;90;164;205m▀[38;2;255;255;255;48;2;255;255;255m▀[38;2;16;16;16;48;2;16;16;16m▀[38;2;255;255;255;48;2;255;255;255m▀[38;2;115;115;131;48;2;16;16;16m▀[38;2;16;16;16m▀[38;2;115;115;131m▀[38;2;255;255;255;48;2;255;255;255m▀[38;2;16;16;16;48;2;16;16;16m▀[38;2;255;255;255;48;2;255;255;255m▀▀[38;2;205;213;238m▀[48;2;16;16;16m▀[38;2;16;16;16;49m▀[0m
[0m                  [38;2;139;65;49m▄[48;2;255;222;74m▀[38;2;255;222;74m▀▀[38;2;139;65;49m▀[38;2;255;255;255;48;2;139;65;49m▀[38;2;115;115;131;48;2;205;213;238m▀[38;2;255;255;255;48;2;255;255;255m▀[48;2;16;16;16m▀▀▀[48;2;255;255;255m▀[38;2;16;16;16;48;2;115;115;131m▀[38;2;255;255;255;48;2;255;255;255m▀▀[48;2;16;16;16m▀[38;2;16;16;16;49m▀[0m
[0m     [38;2;197;123;49m▄▄▄▄▄▄[48;2;255;222;74m▀▀▀▀▀[38;2;139;65;49m▀▀[38;2;255;222;74m▀▀▀[48;2;246;180;49m▀[38;2;246;180;49;48;2;139;65;49m▀[48;2;197;123;49m▀[38;2;16;16;16;48;2;246;180;49m▀[38;2;255;255;255;48;2;16;16;16m▀[38;2;115;115;131;48;2;255;255;255m▀[38;2;16;16;16m▀[38;2;115;115;131m▀[38;2;255;255;255m▀[38;2;205;213;238m▀[38;2;255;255;255m▀▀[38;2;16;16;16;48;2;16;16;16m▀[0m
[0m  [38;2;197;123;49m▄[48;2;255;255;172m▀▀[38;2;255;255;172m▀[48;2;255;222;74m▀[38;2;255;222;74m▀▀▀▀▀[48;2;246;180;49m▀▀▀▀▀▀▀▀[38;2;246;180;49m▀[38;2;139;65;49m▀[38;2;197;123;49m▀[38;2;246;180;49;48;2;255;222;74m▀▀▀[38;2;16;16;16;48;2;246;180;49m▀▀[38;2;139;65;49m▀[38;2;255;255;255;48;2;16;16;16m▀[48;2;139;65;49m▀▀[48;2;255;255;255m▀▀[38;2;16;16;16;48;2;16;16;16m▀[0m
[0m  [38;2;139;65;49m▀[38;2;16;16;16m▀▀▀▀[38;2;139;65;49m▀[38;2;246;180;49;48;2;16;16;16m▀▀▀▀▀[38;2;139;65;49;49m▀[38;2;16;16;16m▀▀▀[48;2;16;16;16m▀[38;2;139;65;49;48;2;197;123;49m▀[38;2;246;180;49;48;2;16;16;16m▀▀[38;2;255;222;74;48;2;139;65;49m▀[48;2;246;180;49m▀▀▀[38;2;246;180;49m▀▀▀▀▀▀▀[38;2;139;65;49m▀[38;2;255;255;255;48;2;139;65;49m▀[48;2;197;123;49m▀[38;2;16;16;16;48;2;205;213;238m▀[49m▄[0m
[0m  [38;2;139;65;49m▄▄[48;2;246;180;49m▀▀▀▀[49m▄[38;2;16;16;16m▄▄▄▄▄▄[48;2;197;123;49m▀▀[38;2;197;123;49m▀[48;2;139;65;49m▀▀[38;2;139;65;49;48;2;205;65;82m▀[38;2;205;65;82m▀[38;2;16;16;16m▀▀[38;2;139;65;49m▀[38;2;246;180;49;48;2;16;16;16m▀▀▀▀▀[48;2;139;65;49m▀[38;2;197;123;49m▀[48;2;255;222;74m▀[38;2;246;180;49m▀[38;2;139;65;49;48;2;246;180;49m▀[38;2;205;213;238;48;2;139;65;49m▀[48;2;205;213;238m▀[38;2;16;16;16m▀[49m▄▄[0m     [38;2;115;115;131m▄▄▄▄[0m
[38;2;139;65;49;49m▄[48;2;255;222;74m▀[38;2;255;222;74;48;2;197;123;49m▀[38;2;246;180;49m▀[38;2;197;123;49m▀▀[48;2;139;65;49m▀▀▀▀▀[48;2;205;65;82m▀▀▀▀▀[38;2;139;65;49m▀▀[38;2;205;65;82;48;2;139;65;49m▀[48;2;16;16;16m▀▀▀▀▀▀▀▀[48;2;139;65;49m▀[38;2;139;65;49;48;2;246;180;49m▀[48;2;255;222;74m▀[38;2;246;180;49m▀[38;2;255;222;74m▀▀▀[38;2;246;180;49;48;2;246;180;49m▀[38;2;139;65;49;48;2;139;65;49m▀[38;2;205;213;238;48;2;205;213;238m▀▀▀▀[38;2;16;16;16m▀▀▀▀[38;2;115;115;131;48;2;255;255;255m▀[38;2;255;255;255m▀▀▀▀[38;2;115;115;131m▀[38;2;16;16;16;49m▄[0m
[38;2;139;65;49;48;2;139;65;49m▀[38;2;255;255;172;48;2;255;255;172m▀[38;2;197;123;49m▀[48;2;139;65;49m▀[38;2;139;65;49;48;2;255;255;172m▀▀[38;2;255;255;172;48;2;255;222;74m▀▀[38;2;255;222;74m▀▀▀[38;2;139;65;49m▀[38;2;16;16;16m▀▀▀▀▀[38;2;139;65;49m▀[38;2;255;255;172m▀▀▀[38;2;255;222;74m▀▀▀▀▀▀▀▀▀▀▀▀[48;2;246;180;49m▀[38;2;246;180;49m▀[38;2;139;65;49;48;2;139;65;49m▀[38;2;205;213;238;48;2;205;213;238m▀▀▀▀▀▀▀▀▀▀[38;2;255;255;255m▀▀[38;2;205;213;238m▀▀[38;2;16;16;16;48;2;16;16;16m▀[0m
[38;2;139;65;49;48;2;139;65;49m▀[38;2;255;255;172;48;2;255;255;172m▀▀▀[38;2;255;222;74;48;2;255;222;74m▀▀▀▀▀▀▀▀▀▀▀▀▀▀▀▀▀▀▀▀▀▀▀▀▀▀▀▀▀[38;2;246;180;49;48;2;246;180;49m▀▀[38;2;139;65;49;48;2;139;65;49m▀[38;2;205;213;238;48;2;205;213;238m▀▀▀▀▀▀▀[48;2;115;115;131m▀[48;2;205;213;238m▀▀▀▀▀▀[38;2;16;16;16;48;2;16;16;16m▀[0m
[38;2;139;65;49;49m▀[38;2;255;255;172;48;2;139;65;49m▀[48;2;255;255;172m▀▀[38;2;255;222;74;48;2;255;222;74m▀▀▀▀▀▀▀▀▀▀▀▀▀▀▀▀▀▀▀▀▀▀▀▀▀▀▀▀[38;2;246;180;49;48;2;246;180;49m▀▀[48;2;139;65;49m▀[38;2;139;65;49;48;2;197;123;49m▀[38;2;205;213;238;48;2;205;213;238m▀[38;2;115;115;131;48;2;115;115;131m▀[38;2;205;213;238;48;2;205;213;238m▀▀▀▀▀[38;2;115;115;131m▀[38;2;205;213;238;48;2;115;115;131m▀[48;2;205;213;238m▀▀▀▀[38;2;197;123;49;48;2;197;123;49m▀[38;2;16;16;16;48;2;16;16;16m▀[0m
[0m [38;2;139;65;49;48;2;139;65;49m▀[38;2;255;255;172;48;2;255;255;172m▀▀[38;2;255;222;74m▀[48;2;255;222;74m▀▀▀▀▀▀▀▀▀▀▀▀▀▀▀▀▀▀▀▀▀▀▀▀▀▀[48;2;246;180;49m▀[38;2;246;180;49m▀▀[38;2;139;65;49;48;2;139;65;49m▀[38;2;197;123;49;48;2;246;180;49m▀[38;2;205;213;238;48;2;197;123;49m▀[38;2;115;115;131;48;2;115;115;131m▀[38;2;205;213;238;48;2;205;213;238m▀▀▀▀▀▀[38;2;115;115;131m▀[38;2;205;213;238;48;2;16;16;16m▀[48;2;205;213;238m▀▀[38;2;197;123;49;48;2;197;123;49m▀[48;2;16;16;16m▀[38;2;16;16;16;49m▀[0m
[0m  [38;2;139;65;49;48;2;139;65;49m▀[38;2;255;255;172;48;2;255;255;172m▀▀[38;2;255;222;74;48;2;255;222;74m▀▀▀▀▀▀▀▀▀▀▀▀▀▀▀▀▀▀▀▀▀▀▀▀▀[48;2;246;180;49m▀[38;2;246;180;49m▀▀[48;2;139;65;49m▀[38;2;139;65;49;48;2;246;180;49m▀[38;2;246;180;49m▀[38;2;197;123;49;48;2;197;123;49m▀[38;2;205;213;238;48;2;205;213;238m▀[38;2;115;115;131;48;2;115;115;131m▀[38;2;255;255;255;48;2;255;255;255m▀[38;2;205;213;238;48;2;205;213;238m▀▀▀▀▀[38;2;16;16;16m▀[38;2;205;213;238;48;2;16;16;16m▀[38;2;197;123;49;48;2;246;180;49m▀[38;2;246;180;49;48;2;197;123;49m▀[38;2;16;16;16;48;2;16;16;16m▀[0m
[0m  [38;2;139;65;49m▀[38;2;255;255;172;48;2;139;65;49m▀[48;2;255;255;172m▀[38;2;255;222;74m▀[48;2;255;222;74m▀▀▀▀▀▀▀▀▀▀▀▀▀▀▀▀▀▀▀▀▀▀▀[48;2;246;180;49m▀[38;2;246;180;49m▀▀[48;2;197;123;49m▀[38;2;197;123;49;48;2;246;180;49m▀[38;2;246;180;49m▀▀▀[38;2;197;123;49;48;2;197;123;49m▀[38;2;16;16;16;48;2;16;16;16m▀[38;2;255;255;255;48;2;255;255;255m▀▀[38;2;205;213;238;48;2;205;213;238m▀▀▀▀▀[38;2;16;16;16m▀[38;2;246;180;49;48;2;16;16;16m▀[38;2;16;16;16;48;2;139;65;49m▀[0m
[0m   [38;2;139;65;49m▀[38;2;255;255;172;48;2;139;65;49m▀[48;2;255;255;172m▀[38;2;255;222;74m▀[48;2;255;222;74m▀▀▀▀▀▀▀▀▀▀▀▀▀▀▀▀▀▀▀▀[48;2;246;180;49m▀[38;2;246;180;49m▀▀▀▀▀▀▀▀▀▀[38;2;197;123;49m▀[38;2;16;16;16;48;2;16;16;16m▀[38;2;255;255;255;48;2;255;255;255m▀[38;2;205;213;238m▀[48;2;205;213;238m▀▀▀▀▀▀[38;2;16;16;16;48;2;16;16;16m▀[0m
[0m    [38;2;139;65;49m▀[38;2;255;255;172;48;2;139;65;49m▀[48;2;255;255;172m▀[38;2;255;222;74m▀[48;2;255;222;74m▀▀▀▀▀▀▀▀▀▀▀▀▀▀▀▀[48;2;246;180;49m▀[48;2;255;222;74m▀[48;2;246;180;49m▀[38;2;246;180;49;48;2;255;222;74m▀[48;2;246;180;49m▀▀▀▀▀▀▀▀▀▀▀[38;2;16;16;16;48;2;16;16;16m▀[38;2;255;255;255;48;2;255;255;255m▀▀[38;2;205;213;238;48;2;205;213;238m▀▀▀▀▀▀▀[38;2;16;16;16;48;2;16;16;16m▀[0m
[0m      [38;2;139;65;49m▀[38;2;255;255;172;48;2;139;65;49m▀[38;2;255;222;74;48;2;255;255;172m▀[48;2;255;222;74m▀▀▀▀▀▀▀▀▀▀▀[48;2;246;180;49m▀▀▀[38;2;246;180;49;48;2;255;222;74m▀[38;2;255;222;74;48;2;246;180;49m▀[38;2;246;180;49;48;2;255;222;74m▀[38;2;255;222;74;48;2;246;180;49m▀[38;2;246;180;49;48;2;255;222;74m▀[48;2;246;180;49m▀▀▀▀▀▀▀▀▀▀▀▀[38;2;16;16;16;48;2;16;16;16m▀[38;2;255;255;255;48;2;255;255;255m▀▀[38;2;205;213;238;48;2;205;213;238m▀▀▀▀▀▀▀[38;2;16;16;16;48;2;16;16;16m▀[0m
[0m        [38;2;16;16;16m▀[38;2;255;222;74;48;2;16;16;16m▀[48;2;255;222;74m▀▀▀[48;2;246;180;49m▀▀▀▀[38;2;246;180;49m▀▀▀▀▀[38;2;255;222;74m▀[38;2;246;180;49m▀[38;2;255;222;74m▀[38;2;246;180;49m▀[38;2;255;222;74m▀[38;2;246;180;49m▀▀▀▀▀▀▀▀▀▀▀▀▀[38;2;16;16;16m▀[38;2;255;255;255;48;2;16;16;16m▀[48;2;255;255;255m▀▀[38;2;205;213;238;48;2;205;213;238m▀▀▀▀▀▀▀[38;2;16;16;16;48;2;16;16;16m▀[0m
[0m         [38;2;115;115;131;48;2;115;115;131m▀[38;2;16;16;16;48;2;255;255;255m▀[38;2;246;180;49;48;2;16;16;16m▀[38;2;255;222;74m▀[48;2;255;222;74m▀[38;2;246;180;49m▀[48;2;246;180;49m▀▀▀▀▀▀▀▀▀▀▀▀▀▀▀▀▀▀▀▀▀▀[48;2;139;65;49m▀[48;2;16;16;16m▀[38;2;139;65;49;48;2;90;164;205m▀[38;2;16;16;16m▀[48;2;16;16;16m▀[38;2;255;255;255;48;2;255;255;255m▀▀[38;2;205;213;238m▀[48;2;205;213;238m▀▀▀▀▀▀▀[38;2;16;16;16m▀[49m▄[0m
[0m       [38;2;49;98;139m▄[48;2;123;205;238m▀[38;2;255;255;255;48;2;49;98;139m▀[48;2;255;255;255m▀[48;2;205;213;238m▀[38;2;205;213;238m▀[38;2;16;16;16;48;2;49;98;139m▀[48;2;205;213;238m▀▀[38;2;255;222;74;48;2;16;16;16m▀▀[38;2;246;180;49m▀[48;2;246;180;49m▀▀▀▀▀▀▀▀▀▀[48;2;139;65;49m▀[48;2;16;16;16m▀▀▀▀[38;2;139;65;49;49m▀[38;2;16;16;16m▀[48;2;16;16;16m▀[38;2;90;164;205;48;2;90;164;205m▀[48;2;49;98;139m▀[48;2;90;164;205m▀▀[38;2;49;98;139;48;2;49;98;139m▀[38;2;16;16;16;48;2;16;16;16m▀[38;2;255;255;255;48;2;255;255;255m▀▀[38;2;205;213;238;48;2;205;213;238m▀▀▀▀▀▀▀▀▀[38;2;16;16;16m▀[49m▄[0m
[0m     [38;2;49;98;139m▄[48;2;123;205;238m▀[38;2;123;205;238m▀▀[48;2;90;164;205m▀[38;2;49;98;139m▀▀[48;2;16;16;16m▀[38;2;90;164;205;48;2;90;164;205m▀[38;2;49;98;139m▀▀[48;2;16;16;16m▀[48;2;90;164;205m▀[38;2;90;164;205;48;2;16;16;16m▀[38;2;16;16;16;49m▀▀▀▀▀▀[48;2;16;16;16m▀[48;2;90;164;205m▀[48;2;49;98;139m▀[48;2;90;164;205m▀▀[38;2;49;98;139;48;2;49;98;139m▀[38;2;90;164;205;48;2;90;164;205m▀▀[38;2;16;16;16;48;2;16;16;16m▀[0m  [38;2;16;16;16;48;2;16;16;16m▀[38;2;90;164;205;48;2;49;98;139m▀[38;2;49;98;139;48;2;90;164;205m▀[38;2;90;164;205;48;2;49;98;139m▀[48;2;90;164;205m▀▀[38;2;16;16;16;48;2;49;98;139m▀[38;2;255;255;255;48;2;16;16;16m▀[48;2;255;255;255m▀▀[38;2;205;213;238;48;2;49;98;139m▀▀▀[48;2;205;213;238m▀[48;2;49;98;139m▀[38;2;49;98;139;48;2;90;164;205m▀▀[48;2;49;98;139m▀[38;2;205;213;238;48;2;16;16;16m▀[38;2;49;98;139;48;2;90;164;205m▀[38;2;16;16;16m▀[49m▄[38;2;49;98;139m▄[0m
[0m    [38;2;49;98;139;48;2;49;98;139m▀[38;2;90;164;205;48;2;123;205;238m▀[38;2;123;205;238m▀▀[38;2;90;164;205;48;2;90;164;205m▀▀[48;2;49;98;139m▀[38;2;16;16;16m▀[38;2;90;164;205;48;2;90;164;205m▀▀▀[38;2;49;98;139;48;2;16;16;16m▀[48;2;90;164;205m▀[38;2;90;164;205;48;2;16;16;16m▀[38;2;16;16;16;49m▀[0m       [38;2;16;16;16m▀[38;2;90;164;205;48;2;16;16;16m▀[38;2;16;16;16;49m▀[38;2;90;164;205;48;2;16;16;16m▀[48;2;90;164;205m▀[38;2;16;16;16;48;2;16;16;16m▀[38;2;90;164;205m▀[38;2;16;16;16;49m▀[0m   [38;2;16;16;16m▀[38;2;90;164;205;48;2;16;16;16m▀[38;2;49;98;139m▀[49m▀[38;2;90;164;205;48;2;16;16;16m▀[38;2;16;16;16;49m▀[48;2;16;16;16m▀[38;2;255;255;255;48;2;49;98;139m▀[38;2;49;98;139;48;2;123;205;238m▀[38;2;90;164;205m▀[48;2;90;164;205m▀▀[38;2;49;98;139m▀[38;2;90;164;205;48;2;16;16;16m▀[48;2;90;164;205m▀▀▀▀[38;2;16;16;16m▀[38;2;90;164;205;48;2;49;98;139m▀[48;2;90;164;205m▀[38;2;49;98;139m▀[38;2;16;16;16m▀[49m▄[0m
[0m  [38;2;49;98;139m▄[48;2;123;205;238m▀[38;2;123;205;238m▀▀[48;2;90;164;205m▀[38;2;90;164;205m▀▀[48;2;16;16;16m▀[38;2;16;16;16;48;2;90;164;205m▀[38;2;90;164;205m▀▀[48;2;49;98;139m▀[38;2;16;16;16;48;2;16;16;16m▀[38;2;90;164;205;48;2;49;98;139m▀[38;2;16;16;16;48;2;16;16;16m▀[0m             [38;2;16;16;16m▀▀[0m           [38;2;16;16;16m▀[38;2;49;98;139;48;2;16;16;16m▀[38;2;123;205;238;48;2;90;164;205m▀[48;2;123;205;238m▀[38;2;90;164;205m▀[48;2;90;164;205m▀▀▀[38;2;16;16;16m▀[38;2;90;164;205;48;2;49;98;139m▀[48;2;90;164;205m▀▀▀▀[38;2;49;98;139m▀[38;2;90;164;205;48;2;16;16;16m▀[48;2;90;164;205m▀▀[38;2;16;16;16m▀[49m▄[0m
[0m [38;2;16;16;16m▄[38;2;49;98;139;48;2;123;205;238m▀[38;2;123;205;238m▀[48;2;90;164;205m▀[38;2;90;164;205m▀▀▀[38;2;49;98;139;48;2;16;16;16m▀[48;2;90;164;205m▀[38;2;90;164;205m▀▀[48;2;16;16;16m▀[38;2;16;16;16;48;2;90;164;205m▀[38;2;90;164;205;48;2;16;16;16m▀[38;2;16;16;16;49m▀[0m                             [38;2;16;16;16m▀[38;2;123;205;238;48;2;16;16;16m▀[48;2;123;205;238m▀▀[38;2;90;164;205m▀[48;2;90;164;205m▀▀▀[38;2;49;98;139m▀[38;2;90;164;205;48;2;16;16;16m▀[48;2;90;164;205m▀▀▀▀[38;2;16;16;16m▀[38;2;90;164;205;48;2;16;16;16m▀[48;2;90;164;205m▀▀[38;2;16;16;16m▀[49m▄[0m
[0m [38;2;16;16;16;48;2;16;16;16m▀[38;2;90;164;205;48;2;49;98;139m▀[48;2;90;164;205m▀▀▀[48;2;16;16;16m▀[38;2;16;16;16;48;2;90;164;205m▀[38;2;90;164;205m▀▀[48;2;16;16;16m▀[38;2;16;16;16m▀[49m▀▀[0m                                 [38;2;16;16;16;48;2;49;98;139m▀[38;2;123;205;238m▀[48;2;123;205;238m▀[38;2;90;164;205m▀[48;2;90;164;205m▀▀▀▀[38;2;16;16;16m▀[38;2;90;164;205;48;2;16;16;16m▀[48;2;90;164;205m▀▀▀▀[38;2;49;98;139m▀[38;2;90;164;205;48;2;16;16;16m▀▀[38;2;16;16;16;49m▀[0m
[0m  [38;2;16;16;16m▀▀▀▀[0m [38;2;16;16;16m▀▀▀[0m                                      [38;2;16;16;16m▀[38;2;123;205;238;48;2;16;16;16m▀[48;2;123;205;238m▀▀[38;2;90;164;205m▀[48;2;90;164;205m▀▀▀[38;2;16;16;16m▀[38;2;90;164;205;48;2;16;16;16m▀[48;2;90;164;205m▀▀▀[48;2;16;16;16m▀[38;2;16;16;16;49m▀[0m
[0m                                                  [38;2;16;16;16m▀[38;2;123;205;238;48;2;16;16;16m▀▀[48;2;123;205;238m▀[38;2;90;164;205;48;2;90;164;205m▀▀[48;2;49;98;139m▀[38;2;16;16;16;48;2;16;16;16m▀[49m▀▀▀[0m
[0m                                                     [38;2;16;16;16m▀▀▀▀[0m
