[0m  [38;2;131;41;74m▄▄▄▄[0m       [38;2;49;123;65m▄▄▄▄▄[0m    [38;2;131;41;74m▄▄[48;2;255;123;148m▀▀[48;2;213;74;115m▀[49m▄[0m
[0m [38;2;16;16;16;48;2;16;16;16m▀[38;2;255;123;148;48;2;255;123;148m▀[38;2;213;74;115;48;2;213;74;115m▀▀▀[38;2;131;41;74m▀▀[38;2;16;16;16;49m▄[38;2;49;123;65m▄[48;2;180;246;148m▀▀[48;2;115;189;115m▀[38;2;180;246;148m▀[38;2;115;189;115;48;2;180;246;148m▀▀▀▀[38;2;49;123;65m▀▀[38;2;131;41;74;49m▄[48;2;255;123;148m▀[38;2;255;123;148;48;2;213;74;115m▀▀[38;2;213;74;115m▀▀▀[38;2;16;16;16;48;2;16;16;16m▀[0m
[0m [38;2;16;16;16m▀[38;2;255;123;148;48;2;16;16;16m▀[38;2;213;74;115;48;2;255;123;148m▀[48;2;213;74;115m▀▀[48;2;16;16;16m▀[38;2;16;16;16;48;2;180;246;148m▀[38;2;180;246;148m▀▀[48;2;115;189;115m▀[38;2;115;189;115;48;2;180;246;148m▀[38;2;180;246;148m▀▀▀▀▀▀[48;2;131;41;74m▀[38;2;131;41;74;48;2;255;123;148m▀[38;2;255;123;148;48;2;213;74;115m▀[38;2;213;74;115m▀▀▀▀▀▀[38;2;16;16;16;48;2;16;16;16m▀[0m
[0m  [38;2;16;16;16m▀[38;2;255;123;148;48;2;16;16;16m▀[38;2;213;74;115;48;2;255;123;148m▀[38;2;49;123;65;48;2;16;16;16m▀[48;2;180;246;148m▀[38;2;180;246;148m▀[48;2;115;189;115m▀[38;2;115;189;115;48;2;180;246;148m▀[38;2;180;246;148m▀▀▀▀▀▀▀[48;2;131;41;74m▀[38;2;131;41;74;48;2;255;123;148m▀[38;2;255;123;148;48;2;213;74;115m▀[38;2;213;74;115m▀▀[48;2;131;41;74m▀▀▀[48;2;213;74;115m▀[38;2;16;16;16;48;2;16;16;16m▀[0m
[0m    [38;2;49;123;65;48;2;16;16;16m▀[48;2;139;230;139m▀[38;2;180;246;148;48;2;180;246;148m▀[48;2;115;189;115m▀[38;2;115;189;115;48;2;180;246;148m▀[38;2;180;246;148m▀▀▀▀▀▀[48;2;139;230;139m▀[38;2;139;230;139m▀[38;2;131;41;74;48;2;49;123;65m▀[38;2;255;123;148;48;2;131;41;74m▀[38;2;131;41;74;48;2;115;189;115m▀▀[38;2;49;123;65m▀[38;2;115;189;115m▀▀▀[38;2;16;16;16;48;2;16;16;16m▀[0m
[0m    [38;2;16;16;16;48;2;16;16;16m▀[38;2;139;230;139;48;2;139;230;139m▀[38;2;180;246;148m▀[38;2;49;123;65;48;2;49;123;65m▀[38;2;180;246;148;48;2;180;246;148m▀▀▀[48;2;139;230;139m▀▀[38;2;139;230;139m▀▀▀▀▀[48;2;49;123;65m▀[48;2;139;230;139m▀▀[38;2;115;189;115m▀[48;2;115;189;115m▀▀▀▀[38;2;16;16;16;48;2;16;16;16m▀[0m
[0m   [38;2;49;123;65;48;2;49;123;65m▀[38;2;16;16;16;48;2;16;16;16m▀[38;2;139;230;139;48;2;139;230;139m▀▀[38;2;49;123;65;48;2;49;123;65m▀[38;2;139;230;139;48;2;139;230;139m▀▀▀▀▀▀[48;2;49;123;65m▀▀[38;2;49;123;65;48;2;255;255;255m▀▀[48;2;115;131;172m▀[38;2;115;189;115;48;2;49;123;65m▀[38;2;139;230;139;48;2;139;230;139m▀▀▀[38;2;115;189;115;48;2;115;189;115m▀[48;2;49;123;65m▀[48;2;115;189;115m▀[38;2;49;123;65m▀[38;2;16;16;16;49m▄[0m
[0m  [38;2;49;123;65;48;2;49;123;65m▀[38;2;139;230;139;48;2;139;230;139m▀[38;2;16;16;16;48;2;115;189;115m▀[38;2;115;189;115;48;2;16;16;16m▀[38;2;139;230;139;48;2;115;189;115m▀[38;2;49;123;65m▀[38;2;139;230;139;48;2;49;123;65m▀[48;2;115;189;115m▀▀▀[38;2;115;189;115;48;2;49;123;65m▀[38;2;49;123;65;48;2;131;41;74m▀[38;2;131;41;74;48;2;16;16;16m▀[48;2;255;255;255m▀[48;2;131;41;74m▀[38;2;255;255;255;48;2;255;255;255m▀[38;2;115;131;172;48;2;115;131;172m▀[38;2;49;123;65;48;2;49;123;65m▀[38;2;139;230;139;48;2;139;230;139m▀▀▀▀[38;2;49;123;65;48;2;49;123;65m▀[38;2;115;189;115;48;2;115;189;115m▀▀[38;2;49;123;65m▀[38;2;16;16;16;49m▄[0m
[0m [38;2;49;123;65m▄[48;2;139;230;139m▀[38;2;139;230;139;48;2;115;189;115m▀[38;2;115;189;115m▀[38;2;16;16;16m▀[38;2;115;189;115;48;2;16;16;16m▀[48;2;115;189;115m▀[38;2;49;123;65m▀[38;2;115;189;115;48;2;49;123;65m▀[48;2;115;189;115m▀[48;2;49;123;65m▀[38;2;49;123;65;48;2;205;205;230m▀[38;2;213;74;115m▀[38;2;16;16;16;48;2;213;74;115m▀[38;2;213;74;115m▀[38;2;255;255;255;48;2;115;131;172m▀[38;2;115;131;172;48;2;255;255;255m▀[38;2;255;255;255m▀[38;2;49;123;65;48;2;49;123;65m▀[38;2;139;230;139;48;2;139;230;139m▀▀▀[48;2;115;189;115m▀[38;2;115;189;115m▀[38;2;49;123;65;48;2;49;123;65m▀[38;2;115;189;115;48;2;115;189;115m▀▀[38;2;16;16;16;48;2;16;16;16m▀[0m
[0m [38;2;49;123;65;48;2;49;123;65m▀[38;2;139;230;139;48;2;139;230;139m▀[38;2;115;189;115;48;2;115;189;115m▀▀▀[38;2;49;123;65;48;2;49;123;65m▀[38;2;16;16;16;48;2;115;189;115m▀[38;2;49;123;65;48;2;49;123;65m▀[38;2;115;189;115;48;2;16;16;16m▀[38;2;49;123;65;48;2;115;189;115m▀▀[38;2;205;205;230;48;2;49;123;65m▀[48;2;205;205;230m▀[38;2;255;255;255m▀[48;2;255;255;255m▀[48;2;115;131;172m▀[48;2;16;16;16m▀[38;2;115;189;115;48;2;49;123;65m▀[48;2;139;230;139m▀[38;2;139;230;139m▀▀▀[38;2;115;189;115;48;2;115;189;115m▀▀[38;2;49;123;65m▀[38;2;115;189;115;48;2;49;123;65m▀[48;2;115;189;115m▀▀[38;2;16;16;16;48;2;16;16;16m▀[0m
[38;2;49;123;65;48;2;49;123;65m▀[38;2;139;230;139;48;2;139;230;139m▀[38;2;115;189;115;48;2;115;189;115m▀▀▀[48;2;49;123;65m▀[38;2;49;123;65;48;2;115;189;115m▀[38;2;115;189;115m▀▀[38;2;49;123;65;48;2;49;123;65m▀[38;2;16;16;16;49m▀▀▀▀[48;2;16;16;16m▀[48;2;205;205;230m▀[48;2;16;16;16m▀[0m [38;2;49;123;65;48;2;49;123;65m▀[38;2;139;230;139;48;2;139;230;139m▀▀▀[48;2;115;189;115m▀[38;2;115;189;115m▀▀▀[38;2;16;16;16;48;2;16;16;16m▀[38;2;115;189;115;48;2;115;189;115m▀▀[38;2;16;16;16;48;2;16;16;16m▀[0m
[38;2;16;16;16;49m▀[38;2;139;230;139;48;2;16;16;16m▀[38;2;115;189;115m▀[48;2;115;189;115m▀▀[38;2;49;123;65;48;2;49;123;65m▀[38;2;115;189;115;48;2;115;189;115m▀▀▀[38;2;49;123;65;48;2;49;123;65m▀[38;2;16;16;16;49m▄▄[48;2;205;205;230m▀▀[38;2;115;131;172m▀[38;2;205;205;230m▀▀[38;2;16;16;16m▀[38;2;49;123;65;48;2;49;123;65m▀[38;2;139;230;139;48;2;139;230;139m▀▀[48;2;115;189;115m▀[38;2;115;189;115m▀▀[48;2;16;16;16m▀▀[38;2;16;16;16;49m▀▀▀[0m
[0m   [38;2;16;16;16m▀[48;2;16;16;16m▀[38;2;49;123;65m▀[38;2;16;16;16;48;2;205;205;230m▀▀▀[48;2;115;131;172m▀[38;2;205;205;230;48;2;16;16;16m▀▀[38;2;16;16;16m▀[48;2;255;255;255m▀[38;2;205;205;230m▀▀[48;2;205;205;230m▀[38;2;16;16;16;48;2;115;131;172m▀[38;2;49;123;65;48;2;16;16;16m▀[38;2;139;230;139m▀[38;2;115;189;115m▀[38;2;16;16;16;48;2;205;205;230m▀▀[48;2;16;16;16m▀[49m▄[0m
[0m   [38;2;16;16;16;48;2;16;16;16m▀[38;2;255;255;255;48;2;255;255;255m▀▀[38;2;205;205;230m▀[38;2;115;131;172m▀[38;2;16;16;16m▀[48;2;205;205;230m▀[49m▄[48;2;16;16;16m▀[38;2;205;205;230;48;2;255;255;255m▀[38;2;255;255;255m▀▀▀▀[38;2;115;131;172;48;2;16;16;16m▀[38;2;16;16;16;49m▄▄[48;2;255;255;255m▀▀[38;2;115;131;172;48;2;205;205;230m▀[38;2;205;205;230m▀▀[38;2;16;16;16;48;2;16;16;16m▀[0m
[0m    [38;2;16;16;16m▀▀[38;2;255;255;255;48;2;16;16;16m▀▀[48;2;255;255;255m▀[38;2;115;131;172m▀▀[38;2;255;255;255;48;2;115;131;172m▀[38;2;16;16;16;48;2;16;16;16m▀[38;2;255;255;255;48;2;255;255;255m▀▀[48;2;16;16;16m▀[38;2;16;16;16;48;2;255;255;255m▀[38;2;255;255;255;48;2;115;131;172m▀▀[48;2;255;255;255m▀▀▀[48;2;16;16;16m▀[38;2;205;205;230m▀[38;2;16;16;16;49m▀[0m
[0m [38;2;16;16;16m▄[38;2;115;131;172m▄▄[48;2;255;255;255m▀▀[38;2;255;255;255m▀▀[38;2;16;16;16m▀[48;2;115;131;172m▀[48;2;255;255;255m▀▀[38;2;255;255;255m▀[38;2;16;16;16;48;2;16;16;16m▀[38;2;255;255;255;48;2;255;255;255m▀[38;2;16;16;16m▀[38;2;115;131;172;48;2;16;16;16m▀[38;2;255;255;255m▀▀▀[38;2;16;16;16;48;2;255;255;255m▀▀[38;2;115;131;172;49m▄▄[0m
[38;2;16;16;16;48;2;16;16;16m▀[38;2;205;205;230;48;2;255;255;255m▀[38;2;255;255;255m▀▀▀▀[48;2;115;131;172m▀[38;2;205;205;230;48;2;205;205;230m▀[38;2;115;131;172;48;2;255;255;255m▀[38;2;255;255;255m▀▀▀[38;2;16;16;16;48;2;16;16;16m▀[38;2;115;189;115;48;2;115;189;115m▀[38;2;16;16;16;48;2;16;16;16m▀[38;2;255;255;255;48;2;255;255;255m▀▀▀[38;2;115;131;172m▀[38;2;255;255;255;48;2;115;131;172m▀[48;2;205;205;230m▀[48;2;255;255;255m▀▀▀[38;2;115;131;172m▀[38;2;16;16;16m▀▀[49m▄[0m
[0m [38;2;16;16;16m▀[38;2;255;255;255;48;2;16;16;16m▀▀[38;2;16;16;16;48;2;255;255;255m▀[38;2;115;131;172m▀[38;2;255;255;255m▀▀▀▀[48;2;16;16;16m▀[38;2;16;16;16;48;2;115;189;115m▀[38;2;115;189;115;48;2;16;16;16m▀▀▀[38;2;16;16;16;48;2;49;123;65m▀[38;2;255;255;255;48;2;16;16;16m▀[48;2;255;255;255m▀▀▀[38;2;205;205;230m▀[38;2;115;131;172m▀[38;2;255;255;255;48;2;115;131;172m▀[48;2;16;16;16m▀[48;2;255;255;255m▀▀[48;2;16;16;16m▀[38;2;16;16;16;49m▀[0m
[0m    [38;2;16;16;16m▀[38;2;205;205;230;48;2;16;16;16m▀[38;2;255;255;255;48;2;255;255;255m▀▀[48;2;16;16;16m▀[38;2;16;16;16;48;2;49;123;65m▀[38;2;115;189;115;48;2;115;189;115m▀▀[38;2;16;16;16;48;2;16;16;16m▀[0m  [38;2;49;123;65;48;2;49;123;65m▀[38;2;115;189;115;48;2;115;189;115m▀[38;2;16;16;16;48;2;49;123;65m▀[38;2;255;255;255;48;2;16;16;16m▀[48;2;255;255;255m▀▀▀[48;2;16;16;16m▀▀[38;2;16;16;16;49m▀▀[0m
[0m      [38;2;16;16;16m▀▀[0m  [38;2;49;123;65;48;2;49;123;65m▀[38;2;139;230;139;48;2;139;230;139m▀[38;2;115;189;115m▀[38;2;16;16;16;48;2;16;16;16m▀[0m [38;2;49;123;65;48;2;49;123;65m▀[38;2;115;189;115;48;2;139;230;139m▀[38;2;16;16;16;48;2;16;16;16m▀[0m [38;2;16;16;16m▀▀▀[0m
[0m           [38;2;49;123;65;48;2;49;123;65m▀[38;2;139;230;139;48;2;139;230;139m▀[38;2;16;16;16m▀[38;2;49;123;65;48;2;16;16;16m▀[38;2;139;230;139;48;2;139;230;139m▀[48;2;49;123;65m▀[38;2;16;16;16m▀[0m
[0m           [38;2;49;123;65m▀[38;2;139;230;139;48;2;49;123;65m▀[48;2;139;230;139m▀[38;2;16;16;16;48;2;16;16;16m▀[38;2;139;230;139;48;2;115;189;115m▀[38;2;16;16;16;48;2;16;16;16m▀[0m
[0m            [38;2;49;123;65;48;2;49;123;65m▀[38;2;139;230;139;48;2;139;230;139m▀[38;2;16;16;16;48;2;16;16;16m▀[38;2;115;189;115;48;2;115;189;115m▀[38;2;16;16;16;48;2;16;16;16m▀[0m
[0m           [38;2;49;123;65;48;2;49;123;65m▀[38;2;115;189;115;48;2;139;230;139m▀[38;2;139;230;139m▀[38;2;16;16;16m▀[38;2;115;189;115;48;2;16;16;16m▀[38;2;16;16;16;49m▀[0m
[0m           [38;2;49;123;65;48;2;49;123;65m▀[38;2;139;230;139;48;2;139;230;139m▀▀▀[38;2;16;16;16;48;2;16;16;16m▀[0m
[0m           [38;2;49;123;65m▀[38;2;139;230;139;48;2;49;123;65m▀[48;2;139;230;139m▀[48;2;16;16;16m▀[38;2;16;16;16;49m▀[0m
[0m            [38;2;49;123;65m▀[38;2;139;230;139;48;2;16;16;16m▀[38;2;16;16;16;49m▀[0m
