[0m                  [38;2;49;123;65m▄▄[48;2;180;246;148m▀▀▀[48;2;139;230;139m▀[49m▄▄▄[0m
[0m               [38;2;49;123;65m▄[48;2;180;246;148m▀[48;2;115;189;115m▀[38;2;115;189;115;48;2;180;246;148m▀[38;2;180;246;148m▀▀▀▀▀[38;2;139;230;139m▀[48;2;139;230;139m▀▀[38;2;49;123;65m▀▀[49m▄[0m
[0m             [38;2;49;123;65m▄[48;2;180;246;148m▀[38;2;180;246;148;48;2;115;189;115m▀[38;2;115;189;115;48;2;180;246;148m▀[38;2;180;246;148m▀▀▀[48;2;115;189;115m▀[38;2;115;189;115;48;2;180;246;148m▀▀[38;2;180;246;148m▀[48;2;139;230;139m▀[38;2;139;230;139m▀▀▀[48;2;123;139;180m▀▀[38;2;49;123;65;48;2;139;230;139m▀[38;2;0;0;0;49m▄[0m
[0m            [38;2;49;123;65;48;2;49;123;65m▀[38;2;180;246;148;48;2;180;246;148m▀[38;2;115;189;115;48;2;115;189;115m▀[38;2;180;246;148;48;2;180;246;148m▀▀▀[48;2;115;189;115m▀[38;2;115;189;115;48;2;180;246;148m▀[38;2;180;246;148m▀▀▀[48;2;139;230;139m▀[38;2;139;230;139m▀[48;2;123;139;180m▀[38;2;115;189;115m▀[38;2;123;139;180;48;2;239;239;255m▀[38;2;239;239;255m▀[38;2;0;0;0;48;2;0;0;0m▀[38;2;139;230;139;48;2;115;189;115m▀[48;2;139;230;139m▀[38;2;0;0;0;48;2;0;0;0m▀[0m
[0m           [38;2;49;123;65;48;2;49;123;65m▀[38;2;180;246;148;48;2;180;246;148m▀[38;2;115;189;115;48;2;115;189;115m▀[38;2;180;246;148;48;2;180;246;148m▀▀▀[48;2;115;189;115m▀[38;2;115;189;115;48;2;180;246;148m▀[38;2;180;246;148m▀▀[48;2;139;230;139m▀[38;2;139;230;139m▀[48;2;49;123;65m▀[38;2;49;123;65;48;2;239;239;255m▀[38;2;205;205;230m▀[38;2;239;239;255m▀▀[38;2;0;0;0;48;2;0;0;0m▀[38;2;115;189;115;48;2;115;189;115m▀▀▀[38;2;139;230;139m▀[38;2;0;0;0;48;2;0;0;0m▀[0m
[0m          [38;2;49;123;65;48;2;49;123;65m▀[38;2;180;246;148;48;2;139;230;139m▀[48;2;115;189;115m▀[38;2;115;189;115;48;2;180;246;148m▀[38;2;180;246;148m▀▀▀[38;2;115;189;115;48;2;115;189;115m▀[38;2;180;246;148;48;2;180;246;148m▀▀[48;2;49;123;65m▀[38;2;49;123;65;48;2;213;74;115m▀[48;2;255;123;148m▀[38;2;123;139;180;48;2;239;239;255m▀[38;2;239;239;255;48;2;123;139;180m▀[48;2;239;239;255m▀▀[38;2;123;139;180;48;2;205;205;230m▀[48;2;239;239;255m▀▀[48;2;0;0;0m▀[38;2;115;189;115;48;2;115;189;115m▀▀▀[38;2;0;0;0;48;2;0;0;0m▀[0m
[0m          [38;2;0;0;0;48;2;0;0;0m▀[38;2;139;230;139;48;2;139;230;139m▀[38;2;49;123;65;48;2;49;123;65m▀[38;2;139;230;139;48;2;139;230;139m▀[38;2;180;246;148m▀▀[38;2;115;189;115;48;2;115;189;115m▀[38;2;180;246;148;48;2;139;230;139m▀▀[38;2;115;189;115;48;2;49;123;65m▀[38;2;239;239;255;48;2;213;74;115m▀[38;2;0;0;0;48;2;0;0;0m▀[38;2;213;74;115;48;2;213;74;115m▀[38;2;239;239;255;48;2;239;239;255m▀[38;2;123;139;180;48;2;164;180;205m▀[38;2;239;239;255;48;2;239;239;255m▀▀[48;2;205;205;230m▀[48;2;123;139;180m▀[38;2;0;0;0m▀[38;2;115;189;115;48;2;115;189;115m▀▀▀▀[38;2;0;0;0;48;2;0;0;0m▀[0m
[0m          [38;2;0;0;0m▀[38;2;139;230;139;48;2;0;0;0m▀[38;2;115;189;115;48;2;139;230;139m▀[48;2;49;123;65m▀[38;2;139;230;139;48;2;139;230;139m▀▀[38;2;115;189;115;48;2;49;123;65m▀[38;2;139;230;139;48;2;139;230;139m▀▀[38;2;49;123;65;48;2;49;123;65m▀[38;2;213;74;115;48;2;164;180;205m▀[48;2;213;74;115m▀[38;2;255;123;148;48;2;239;239;255m▀[38;2;239;239;255;48;2;205;205;230m▀[38;2;205;205;230;48;2;239;239;255m▀[38;2;239;239;255m▀[48;2;164;180;205m▀[48;2;0;0;0m▀▀[38;2;0;0;0;48;2;49;123;65m▀[38;2;115;189;115;48;2;115;189;115m▀▀▀[48;2;0;0;0m▀[38;2;0;0;0;49m▀[0m
[0m           [38;2;0;0;0m▀[38;2;115;189;115;48;2;0;0;0m▀[38;2;49;123;65;48;2;115;189;115m▀[38;2;115;189;115;48;2;49;123;65m▀[38;2;139;230;139;48;2;115;189;115m▀[38;2;49;123;65m▀[38;2;139;230;139;48;2;49;123;65m▀[38;2;115;189;115;48;2;115;189;115m▀[38;2;49;123;65;48;2;49;123;65m▀[38;2;239;239;255;48;2;239;239;255m▀[38;2;205;205;230m▀▀[38;2;239;239;255m▀▀[48;2;123;139;180m▀[38;2;0;0;0;48;2;0;0;0m▀[38;2;49;123;65;48;2;49;123;65m▀▀[48;2;115;189;115m▀[38;2;115;189;115m▀▀▀[38;2;0;0;0;48;2;0;0;0m▀[0m
[0m             [38;2;0;0;0m▀[38;2;115;189;115;48;2;0;0;0m▀[38;2;49;123;65m▀[38;2;115;189;115;48;2;49;123;65m▀[38;2;49;123;65;48;2;115;189;115m▀[38;2;115;189;115;48;2;49;123;65m▀▀[38;2;49;123;65;48;2;0;0;0m▀[38;2;239;239;255m▀▀[38;2;0;0;0;48;2;164;180;205m▀[38;2;123;139;180m▀[38;2;0;0;0;48;2;0;0;0m▀[38;2;49;123;65;48;2;49;123;65m▀▀[48;2;115;189;115m▀[38;2;115;189;115;48;2;139;230;139m▀[38;2;139;230;139m▀[38;2;115;189;115;48;2;115;189;115m▀[38;2;0;0;0;48;2;0;0;0m▀[0m
[0m               [38;2;0;0;0m▄[48;2;49;123;65m▀▀▀▀[38;2;49;123;65;48;2;123;139;180m▀[38;2;0;0;0m▀[38;2;164;180;205;48;2;205;205;230m▀[48;2;0;0;0m▀[38;2;0;0;0;48;2;49;123;65m▀[38;2;49;123;65m▀[48;2;139;230;139m▀[38;2;115;189;115m▀[38;2;139;230;139m▀[48;2;0;0;0m▀▀[38;2;0;0;0;49m▀[0m
[0m              [38;2;131;41;74m▄[48;2;255;123;148m▀[48;2;213;74;115m▀▀[38;2;49;123;65;48;2;131;41;74m▀[38;2;123;139;180m▀[38;2;205;205;230;48;2;239;239;255m▀[38;2;239;239;255m▀[38;2;205;205;230;48;2;123;139;180m▀[38;2;123;139;180;48;2;115;189;115m▀[38;2;0;0;0m▀▀▀[48;2;0;0;0m▀[49m▀[0m
[0m              [38;2;131;41;74;48;2;131;41;74m▀[38;2;255;123;148;48;2;255;123;148m▀[38;2;213;74;115;48;2;213;74;115m▀▀▀▀[38;2;205;205;230;48;2;205;205;230m▀[38;2;239;239;255;48;2;123;139;180m▀[38;2;123;139;180;48;2;115;189;115m▀[38;2;115;189;115;48;2;49;123;65m▀[38;2;49;123;65;48;2;0;0;0m▀[38;2;115;189;115m▀[48;2;115;189;115m▀[38;2;0;0;0m▀[49m▄[0m
[0m               [38;2;131;41;74;48;2;131;41;74m▀[38;2;255;123;148;48;2;255;123;148m▀[38;2;213;74;115;48;2;213;74;115m▀▀[48;2;123;139;180m▀[38;2;123;139;180;48;2;115;189;115m▀[38;2;115;189;115m▀[48;2;49;123;65m▀[38;2;0;0;0;48;2;0;0;0m▀[0m  [38;2;0;0;0m▀[38;2;115;189;115;48;2;0;0;0m▀[48;2;115;189;115m▀[38;2;0;0;0m▀[38;2;49;123;65;49m▄▄[0m
[0m          [38;2;49;123;65m▄▄▄[48;2;115;189;115m▀▀[38;2;115;189;115m▀[38;2;131;41;74;48;2;0;0;0m▀[38;2;213;74;115;48;2;131;41;74m▀▀[38;2;49;123;65;48;2;205;205;230m▀[38;2;115;189;115m▀[38;2;49;123;65;48;2;49;123;65m▀[38;2;213;74;115;48;2;213;74;115m▀[38;2;0;0;0;48;2;0;0;0m▀[0m    [38;2;0;0;0m▀[38;2;115;189;115;48;2;0;0;0m▀[38;2;139;230;139;48;2;139;230;139m▀▀[38;2;49;123;65m▀▀[49m▄▄▄[0m
[0m  [38;2;49;123;65m▄▄[48;2;139;230;139m▀▀▀▀▀▀[38;2;139;230;139m▀▀[38;2;115;189;115m▀[48;2;0;0;0m▀▀[38;2;0;0;0;49m▀▄[48;2;205;205;230m▀[38;2;123;139;180;48;2;123;139;180m▀[38;2;205;205;230;48;2;205;205;230m▀[38;2;123;139;180;48;2;123;139;180m▀[38;2;213;74;115;48;2;0;0;0m▀[38;2;0;0;0;49m▀[0m       [38;2;0;0;0m▀▀[38;2;139;230;139;48;2;0;0;0m▀▀[48;2;139;230;139m▀▀▀[38;2;49;123;65m▀▀▀[49m▄▄▄▄▄▄[0m
[38;2;0;0;0;49m▄[38;2;49;123;65;48;2;49;123;65m▀[38;2;139;230;139m▀[38;2;115;189;115;48;2;115;189;115m▀[38;2;49;123;65;48;2;139;230;139m▀[38;2;115;189;115m▀[38;2;139;230;139m▀▀▀[48;2;0;0;0m▀▀[38;2;0;0;0;49m▀▀[0m  [38;2;0;0;0m▄[48;2;239;239;255m▀[38;2;239;239;255;48;2;123;139;180m▀[38;2;123;139;180;48;2;239;239;255m▀[38;2;205;205;230m▀[38;2;0;0;0;48;2;0;0;0m▀[0m             [38;2;0;0;0m▀▀[38;2;139;230;139;48;2;0;0;0m▀[48;2;139;230;139m▀▀▀▀▀▀[38;2;115;189;115m▀▀▀[38;2;49;123;65m▀▀[38;2;0;0;0;49m▄[0m
[38;2;0;0;0;49m▀[38;2;139;230;139;48;2;0;0;0m▀▀▀[38;2;0;0;0;49m▀▀▀▀▀[0m      [38;2;0;0;0;48;2;0;0;0m▀[38;2;239;239;255;48;2;239;239;255m▀[38;2;123;139;180;48;2;164;180;205m▀[38;2;239;239;255;48;2;239;239;255m▀▀[38;2;123;139;180;48;2;205;205;230m▀[49m▄[0m               [38;2;0;0;0m▀▀[38;2;139;230;139;48;2;0;0;0m▀▀▀▀[48;2;139;230;139m▀[38;2;115;189;115m▀[38;2;49;123;65m▀[48;2;0;0;0m▀[38;2;0;0;0;49m▀[0m
[0m              [38;2;0;0;0;48;2;0;0;0m▀[38;2;239;239;255;48;2;239;239;255m▀▀[38;2;164;180;205;48;2;164;180;205m▀[38;2;239;239;255;48;2;239;239;255m▀▀▀[38;2;123;139;180m▀[49m▄[0m                    [38;2;0;0;0m▀▀▀[0m
[0m             [38;2;0;0;0;48;2;0;0;0m▀[38;2;239;239;255;48;2;239;239;255m▀▀[38;2;164;180;205;48;2;164;180;205m▀[38;2;239;239;255;48;2;239;239;255m▀▀▀▀▀▀[38;2;123;139;180;48;2;123;139;180m▀[0m
[0m            [38;2;0;0;0;48;2;0;0;0m▀[38;2;239;239;255;48;2;239;239;255m▀▀[48;2;205;205;230m▀[38;2;164;180;205;48;2;123;139;180m▀[38;2;239;239;255;48;2;239;239;255m▀▀▀▀▀▀▀[38;2;123;139;180;48;2;123;139;180m▀[0m
[0m           [38;2;0;0;0;48;2;0;0;0m▀[38;2;239;239;255;48;2;239;239;255m▀▀[38;2;205;205;230;48;2;123;139;180m▀[38;2;123;139;180;48;2;0;0;0m▀[38;2;239;239;255;48;2;239;239;255m▀▀▀▀▀▀▀▀▀[38;2;123;139;180;48;2;164;180;205m▀[0m
[0m          [38;2;0;0;0;48;2;0;0;0m▀[38;2;239;239;255;48;2;239;239;255m▀▀[38;2;205;205;230;48;2;123;139;180m▀[38;2;49;123;65;48;2;49;123;65m▀[38;2;0;0;0;48;2;0;0;0m▀[38;2;239;239;255;48;2;239;239;255m▀▀▀▀▀▀▀▀▀▀[38;2;164;180;205m▀[38;2;123;139;180m▀[49m▄[0m
[0m         [38;2;0;0;0m▄[48;2;239;239;255m▀[38;2;239;239;255m▀[38;2;205;205;230;48;2;205;205;230m▀[38;2;49;123;65;48;2;49;123;65m▀▀[38;2;0;0;0;48;2;0;0;0m▀[38;2;239;239;255;48;2;239;239;255m▀▀▀▀▀▀▀▀▀▀▀▀▀[38;2;123;139;180m▀[49m▄▄[0m
[0m         [38;2;0;0;0;48;2;0;0;0m▀[38;2;239;239;255;48;2;205;205;230m▀[38;2;205;205;230m▀[38;2;123;139;180;48;2;49;123;65m▀[38;2;49;123;65m▀[38;2;0;0;0;48;2;0;0;0m▀[38;2;205;205;230;48;2;239;239;255m▀[38;2;239;239;255m▀▀▀▀▀▀▀[38;2;205;205;230m▀[38;2;239;239;255;48;2;205;205;230m▀▀[48;2;239;239;255m▀▀▀▀▀[48;2;205;205;230m▀[38;2;123;139;180;48;2;239;239;255m▀[48;2;205;205;230m▀[48;2;239;239;255m▀[48;2;205;205;230m▀[49m▄▄▄▄[0m
[0m        [38;2;0;0;0;48;2;0;0;0m▀[38;2;239;239;255;48;2;205;205;230m▀[38;2;205;205;230m▀[38;2;123;139;180;48;2;49;123;65m▀[38;2;49;123;65m▀▀[38;2;0;0;0;48;2;0;0;0m▀[38;2;239;239;255;48;2;239;239;255m▀▀▀▀▀▀▀▀▀▀▀[38;2;205;205;230m▀[38;2;164;180;205m▀[38;2;239;239;255;48;2;164;180;205m▀▀[38;2;205;205;230;48;2;123;139;180m▀[38;2;239;239;255m▀[38;2;205;205;230m▀[38;2;239;239;255;48;2;205;205;230m▀[38;2;205;205;230m▀[38;2;239;239;255m▀[38;2;205;205;230m▀▀▀▀[38;2;123;139;180m▀▀▀▀▀[49m▄▄▄▄▄▄[0m
[0m        [38;2;0;0;0;48;2;0;0;0m▀[38;2;205;205;230;48;2;205;205;230m▀[48;2;123;139;180m▀[38;2;49;123;65;48;2;49;123;65m▀▀▀[38;2;0;0;0;48;2;0;0;0m▀[38;2;239;239;255;48;2;239;239;255m▀▀▀▀▀[38;2;205;205;230;48;2;205;205;230m▀[38;2;239;239;255;48;2;239;239;255m▀▀▀▀▀▀▀▀▀▀▀[38;2;205;205;230m▀[38;2;123;139;180m▀▀[48;2;205;205;230m▀[38;2;205;205;230;48;2;123;139;180m▀▀▀[48;2;205;205;230m▀▀▀▀▀▀▀▀▀▀▀▀[38;2;123;139;180m▀▀▀▀[49m▄▄▄[0m
[0m       [38;2;0;0;0m▄[48;2;205;205;230m▀[38;2;205;205;230m▀[38;2;49;123;65;48;2;49;123;65m▀▀▀[48;2;115;189;115m▀[38;2;0;0;0;48;2;0;0;0m▀[38;2;239;239;255;48;2;205;205;230m▀[48;2;239;239;255m▀▀▀▀[38;2;205;205;230m▀[38;2;239;239;255;48;2;205;205;230m▀[48;2;239;239;255m▀▀▀▀▀▀▀▀▀▀▀▀▀▀▀▀[38;2;205;205;230m▀[38;2;123;139;180m▀▀[48;2;205;205;230m▀[38;2;205;205;230;48;2;123;139;180m▀▀▀▀▀[48;2;205;205;230m▀▀▀▀▀▀▀▀▀▀▀[38;2;123;139;180m▀▀[49m▄▄[0m
[0m       [38;2;0;0;0;48;2;0;0;0m▀[38;2;205;205;230;48;2;205;205;230m▀[48;2;123;139;180m▀[38;2;49;123;65;48;2;49;123;65m▀[48;2;115;189;115m▀[38;2;115;189;115;48;2;49;123;65m▀[38;2;49;123;65;48;2;115;189;115m▀[38;2;115;189;115;48;2;49;123;65m▀[38;2;0;0;0;48;2;0;0;0m▀[38;2;239;239;255;48;2;239;239;255m▀▀▀▀▀[38;2;205;205;230m▀[38;2;239;239;255;48;2;205;205;230m▀[48;2;239;239;255m▀▀▀▀▀▀▀▀▀▀▀▀▀▀▀▀▀▀▀▀▀▀▀[38;2;205;205;230m▀[38;2;123;139;180m▀[48;2;205;205;230m▀[38;2;205;205;230;48;2;0;0;0m▀▀[48;2;205;205;230m▀▀▀▀▀▀▀▀▀▀▀[38;2;123;139;180m▀[49m▄▄[0m
[0m       [38;2;0;0;0;48;2;0;0;0m▀[38;2;205;205;230;48;2;205;205;230m▀[38;2;49;123;65;48;2;49;123;65m▀▀[48;2;115;189;115m▀[38;2;115;189;115;48;2;49;123;65m▀[38;2;49;123;65;48;2;115;189;115m▀[38;2;115;189;115m▀[38;2;0;0;0m▀[38;2;239;239;255;48;2;0;0;0m▀[48;2;239;239;255m▀▀▀▀▀▀[38;2;205;205;230m▀[38;2;239;239;255;48;2;205;205;230m▀▀[48;2;239;239;255m▀▀▀▀▀▀▀▀▀▀▀▀▀▀▀▀▀▀[38;2;205;205;230;48;2;123;139;180m▀[38;2;123;139;180;48;2;115;189;115m▀▀▀▀[38;2;205;205;230;48;2;123;139;180m▀[48;2;205;205;230m▀[38;2;0;0;0m▀[38;2;205;205;230;48;2;0;0;0m▀[48;2;123;139;180m▀[48;2;205;205;230m▀▀▀▀▀▀▀▀▀▀▀[38;2;0;0;0m▀[49m▄[0m
[0m       [38;2;0;0;0;48;2;0;0;0m▀[38;2;205;205;230;48;2;205;205;230m▀[38;2;49;123;65;48;2;49;123;65m▀[38;2;115;189;115;48;2;115;189;115m▀▀▀▀▀▀[38;2;0;0;0;48;2;0;0;0m▀[38;2;239;239;255;48;2;239;239;255m▀▀▀▀▀▀▀▀▀[38;2;164;180;205m▀[38;2;239;239;255;48;2;164;180;205m▀▀[48;2;239;239;255m▀▀▀▀▀▀▀▀▀▀▀▀▀[48;2;123;139;180m▀[38;2;123;139;180;48;2;0;0;0m▀[38;2;0;0;0;49m▀▀▀▀▀[38;2;115;189;115;48;2;0;0;0m▀[38;2;123;139;180;48;2;123;139;180m▀[38;2;205;205;230;48;2;205;205;230m▀[38;2;0;0;0;48;2;0;0;0m▀[49m▀▀▀▀[38;2;205;205;230;48;2;0;0;0m▀▀▀▀[48;2;205;205;230m▀▀▀▀▀▀[38;2;0;0;0;48;2;0;0;0m▀[0m
[0m       [38;2;0;0;0;48;2;0;0;0m▀[38;2;205;205;230;48;2;205;205;230m▀[38;2;49;123;65;48;2;49;123;65m▀[38;2;115;189;115;48;2;115;189;115m▀▀▀▀[48;2;139;230;139m▀[48;2;115;189;115m▀[48;2;139;230;139m▀[38;2;0;0;0;48;2;0;0;0m▀[38;2;239;239;255;48;2;239;239;255m▀▀▀▀▀▀▀▀▀▀▀[38;2;164;180;205m▀▀▀[38;2;239;239;255;48;2;164;180;205m▀[48;2;123;139;180m▀▀[48;2;239;239;255m▀▀[48;2;205;205;230m▀[38;2;205;205;230;48;2;239;239;255m▀[38;2;239;239;255;48;2;205;205;230m▀[38;2;205;205;230;48;2;239;239;255m▀[38;2;123;139;180;48;2;0;0;0m▀[38;2;0;0;0;49m▀[0m       [38;2;0;0;0m▀▀[0m         [38;2;0;0;0m▀▀▀[38;2;205;205;230;48;2;0;0;0m▀▀[48;2;205;205;230m▀▀[38;2;0;0;0;48;2;0;0;0m▀[0m
[0m       [38;2;0;0;0m▀[38;2;205;205;230;48;2;0;0;0m▀[48;2;205;205;230m▀[38;2;49;123;65;48;2;49;123;65m▀[38;2;115;189;115;48;2;115;189;115m▀[48;2;139;230;139m▀[38;2;139;230;139;48;2;115;189;115m▀[38;2;115;189;115;48;2;139;230;139m▀[38;2;139;230;139;48;2;115;189;115m▀[38;2;115;189;115;48;2;139;230;139m▀[38;2;139;230;139m▀[38;2;0;0;0;48;2;0;0;0m▀[38;2;239;239;255;48;2;239;239;255m▀▀▀▀▀▀▀▀▀▀▀▀▀▀▀▀[38;2;123;139;180m▀[38;2;0;0;0m▀[38;2;239;239;255;48;2;0;0;0m▀[38;2;205;205;230;48;2;239;239;255m▀[38;2;239;239;255;48;2;205;205;230m▀[38;2;205;205;230;48;2;0;0;0m▀[38;2;0;0;0;49m▀[0m                        [38;2;0;0;0m▀▀▀[0m
[0m        [38;2;0;0;0m▀[38;2;205;205;230;48;2;0;0;0m▀[48;2;205;205;230m▀[38;2;49;123;65;48;2;49;123;65m▀[38;2;115;189;115;48;2;139;230;139m▀[38;2;139;230;139m▀▀▀▀[48;2;0;0;0m▀[38;2;0;0;0;49m▀▀[38;2;239;239;255;48;2;0;0;0m▀[48;2;239;239;255m▀▀▀▀▀▀▀▀▀▀▀▀[48;2;0;0;0m▀[38;2;0;0;0;49m▀[48;2;0;0;0m▀[48;2;123;139;180m▀[48;2;205;205;230m▀[38;2;205;205;230m▀[48;2;0;0;0m▀[38;2;0;0;0;49m▀[0m
[0m         [38;2;0;0;0m▀[38;2;205;205;230;48;2;0;0;0m▀[48;2;205;205;230m▀[38;2;49;123;65m▀[38;2;139;230;139;48;2;49;123;65m▀▀[48;2;139;230;139m▀[38;2;0;0;0;48;2;0;0;0m▀[0m    [38;2;0;0;0m▀[38;2;239;239;255;48;2;0;0;0m▀[48;2;239;239;255m▀▀▀▀▀▀▀▀▀[38;2;0;0;0;48;2;0;0;0m▀[0m   [38;2;0;0;0m▀▀▀[0m
[0m           [38;2;0;0;0m▀[38;2;205;205;230;48;2;0;0;0m▀▀▀[38;2;0;0;0;49m▀[0m       [38;2;0;0;0m▀▀[38;2;239;239;255;48;2;0;0;0m▀▀[48;2;239;239;255m▀▀▀[48;2;0;0;0m▀▀[38;2;0;0;0;49m▀[0m
[0m                           [38;2;0;0;0m▀▀▀[0m
