[0m                        [38;2;180;139;0m▄[48;2;246;213;106m▀[48;2;0;0;0m▀[49m▀[0m
[0m                      [38;2;180;139;0m▄[48;2;246;213;106m▀[38;2;246;213;106;48;2;0;0;0m▀[38;2;0;0;0;49m▀[0m
[0m                     [38;2;180;139;0;48;2;180;139;0m▀[38;2;246;213;106;48;2;246;213;106m▀[38;2;222;164;0;48;2;0;0;0m▀[38;2;0;0;0;49m▀[0m
[0m               [38;2;180;139;0m▄▄[48;2;246;213;106m▀[38;2;123;98;49m▀▀[38;2;180;139;0;48;2;180;139;0m▀[38;2;246;213;106;48;2;246;213;106m▀[48;2;222;164;0m▀[38;2;0;0;0;48;2;123;98;49m▀[49m▄▄[0m
[0m             [38;2;32;82;139m▄[38;2;180;139;0;48;2;222;164;0m▀[38;2;246;213;106;48;2;246;213;106m▀▀[48;2;180;139;0m▀[48;2;246;213;106m▀▀▀▀[38;2;123;98;49m▀[38;2;222;164;0;48;2;222;164;0m▀▀▀[38;2;0;0;0m▀[48;2;180;139;0m▀[49m▄[0m
[0m            [38;2;32;82;139;48;2;32;82;139m▀[38;2;131;197;230;48;2;131;197;230m▀[38;2;123;98;49;48;2;49;164;213m▀[38;2;246;213;106;48;2;123;98;49m▀[38;2;123;98;49m▀[38;2;246;213;106;48;2;180;139;0m▀[48;2;246;213;106m▀▀[38;2;180;139;0;48;2;123;98;49m▀[38;2;246;213;106;48;2;246;213;106m▀▀▀[38;2;222;164;0;48;2;222;164;0m▀[48;2;123;98;49m▀▀[38;2;123;98;49;48;2;131;197;230m▀[38;2;49;164;213;48;2;49;164;213m▀[38;2;0;0;0m▀[49m▄[0m
[0m           [38;2;32;82;139;48;2;32;82;139m▀[38;2;49;164;213;48;2;131;197;230m▀[38;2;255;255;255;48;2;0;0;0m▀[38;2;0;0;0m▀[38;2;131;197;230;48;2;131;197;230m▀▀[38;2;180;139;0m▀[38;2;123;98;49m▀▀▀[48;2;65;65;65m▀[48;2;131;197;230m▀▀▀[38;2;131;197;230m▀▀▀[38;2;49;164;213;48;2;49;164;213m▀▀[38;2;0;0;0m▀[49m▄[0m
[0m       [38;2;0;0;0m▄▄[48;2;49;164;213m▀▀[38;2;32;82;139;48;2;32;82;139m▀[38;2;131;197;230;48;2;238;115;98m▀[38;2;65;65;65;48;2;131;197;230m▀[38;2;131;197;230m▀▀▀▀▀▀[38;2;65;65;65;48;2;0;0;0m▀[38;2;255;255;255m▀[38;2;0;0;0m▀[38;2;131;197;230;48;2;131;197;230m▀▀▀▀[48;2;49;164;213m▀[38;2;49;164;213m▀▀▀[38;2;0;0;0;48;2;0;0;0m▀[0m
[0m    [38;2;32;82;139m▄[48;2;131;197;230m▀▀[38;2;49;164;213;48;2;0;0;0m▀▀▀[38;2;0;0;0;49m▀▀[38;2;197;82;65;48;2;0;0;0m▀[38;2;238;115;98;48;2;131;197;230m▀[38;2;131;197;230m▀▀▀▀▀[48;2;238;115;98m▀[48;2;131;197;230m▀[38;2;65;65;65m▀[38;2;131;197;230;48;2;238;115;98m▀▀[48;2;131;197;230m▀▀[48;2;49;164;213m▀[38;2;49;164;213m▀▀▀[48;2;0;0;0m▀[38;2;0;0;0;48;2;49;164;213m▀▀[49m▄▄[0m
[0m  [38;2;32;82;139m▄[48;2;131;197;230m▀[38;2;131;197;230m▀[48;2;0;0;0m▀[38;2;0;0;0;49m▀[0m      [38;2;0;0;0m▀[38;2;131;197;230;48;2;0;0;0m▀[48;2;49;164;213m▀[48;2;131;197;230m▀▀▀[38;2;238;115;98m▀[48;2;238;115;98m▀[48;2;197;82;65m▀▀[38;2;197;82;65;48;2;49;164;213m▀[38;2;131;197;230m▀[38;2;49;164;213m▀▀▀▀[48;2;0;0;0m▀[38;2;0;0;0;49m▀[38;2;32;82;139m▀▀[38;2;49;164;213;48;2;32;82;139m▀▀[38;2;0;0;0;48;2;49;164;213m▀▀[49m▄[0m
[0m [38;2;32;82;139m▄[48;2;131;197;230m▀[38;2;131;197;230;48;2;0;0;0m▀[38;2;0;0;0;49m▀[0m        [38;2;32;82;139;48;2;32;82;139m▀▀[38;2;0;0;0;48;2;0;0;0m▀[49m▀▀[38;2;49;164;213;48;2;0;0;0m▀▀▀[38;2;32;82;139m▀[38;2;49;164;213;48;2;49;164;213m▀▀[38;2;32;82;139;48;2;32;82;139m▀[38;2;49;164;213;48;2;0;0;0m▀▀[38;2;0;0;0;49m▀▀[0m      [38;2;32;82;139m▀▀[38;2;49;164;213;48;2;32;82;139m▀[38;2;0;0;0;48;2;49;164;213m▀[49m▄[0m
[0m [38;2;32;82;139;48;2;32;82;139m▀[38;2;131;197;230;48;2;131;197;230m▀[38;2;0;0;0;48;2;0;0;0m▀[0m        [38;2;32;82;139;48;2;32;82;139m▀[48;2;0;0;0m▀[38;2;0;0;0;49m▀[0m       [38;2;32;82;139m▀[38;2;49;164;213;48;2;32;82;139m▀[48;2;131;197;230m▀[38;2;0;0;0m▀[49m▄[0m           [38;2;32;82;139m▀[38;2;49;164;213;48;2;32;82;139m▀[38;2;0;0;0;48;2;49;164;213m▀[49m▄[0m
[38;2;32;82;139;48;2;32;82;139m▀[38;2;131;197;230;48;2;49;164;213m▀[38;2;0;0;0;48;2;0;0;0m▀[0m         [38;2;32;82;139m▀[38;2;0;0;0;48;2;0;0;0m▀[0m          [38;2;32;82;139;48;2;32;82;139m▀[38;2;131;197;230;48;2;131;197;230m▀[38;2;0;0;0m▀[49m▄[0m            [38;2;32;82;139;48;2;32;82;139m▀[38;2;0;0;0;48;2;49;164;213m▀[49m▄[0m
[38;2;32;82;139;48;2;32;82;139m▀[38;2;49;164;213;48;2;49;164;213m▀[38;2;0;0;0;48;2;0;0;0m▀[0m                      [38;2;32;82;139;48;2;32;82;139m▀[38;2;131;197;230;48;2;131;197;230m▀[38;2;0;0;0;48;2;0;0;0m▀[0m             [38;2;32;82;139m▀[38;2;0;0;0;48;2;32;82;139m▀[49m▄[0m
[38;2;32;82;139;49m▀[38;2;49;164;213;48;2;32;82;139m▀[38;2;0;0;0;48;2;49;164;213m▀[49m▄[0m                      [38;2;32;82;139;48;2;32;82;139m▀[38;2;131;197;230;48;2;131;197;230m▀[38;2;0;0;0;48;2;0;0;0m▀[0m             [38;2;32;82;139;48;2;0;0;0m▀[38;2;0;0;0m▀[0m
[0m [38;2;32;82;139m▀[38;2;49;164;213;48;2;0;0;0m▀[38;2;0;0;0m▀[0m                      [38;2;32;82;139;48;2;32;82;139m▀[38;2;131;197;230;48;2;49;164;213m▀[38;2;0;0;0;48;2;0;0;0m▀[0m              [38;2;0;0;0m▀[0m
[0m                          [38;2;32;82;139;48;2;32;82;139m▀[38;2;49;164;213;48;2;49;164;213m▀[38;2;0;0;0;48;2;0;0;0m▀[0m
[0m                          [38;2;32;82;139;48;2;32;82;139m▀[38;2;49;164;213;48;2;49;164;213m▀[38;2;0;0;0;48;2;0;0;0m▀[0m
[0m                          [38;2;32;82;139;48;2;32;82;139m▀[38;2;49;164;213;48;2;49;164;213m▀[38;2;0;0;0;48;2;0;0;0m▀[0m
[0m                         [38;2;32;82;139;48;2;32;82;139m▀[38;2;49;164;213;48;2;49;164;213m▀[38;2;0;0;0;48;2;0;0;0m▀[0m
[0m                         [38;2;32;82;139m▀[38;2;49;164;213;48;2;0;0;0m▀[38;2;0;0;0;49m▀[0m
