[0m      [38;2;156;74;32m▄[48;2;230;106;41m▀[38;2;0;0;0;49m▄[0m
[0m      [38;2;156;74;32;48;2;156;74;32m▀[38;2;230;106;41;48;2;230;106;41m▀[38;2;0;0;0;48;2;0;0;0m▀[0m
[0m     [38;2;156;74;32m▄[48;2;230;106;41m▀[38;2;230;106;41m▀▀[38;2;0;0;0;48;2;0;0;0m▀[0m
[0m     [38;2;156;74;32;48;2;156;74;32m▀[38;2;230;106;41;48;2;230;106;41m▀▀▀▀[38;2;0;0;0;48;2;0;0;0m▀[0m
[0m   [38;2;156;74;32m▄[48;2;230;106;41m▀[38;2;230;106;41m▀▀[48;2;255;148;98m▀▀▀[38;2;0;0;0;48;2;222;222;230m▀[49m▄[0m
[0m  [38;2;156;74;32m▄[48;2;222;222;230m▀[38;2;222;222;230;48;2;255;255;246m▀[38;2;255;148;98m▀[48;2;255;148;98m▀[48;2;222;222;230m▀[48;2;255;255;246m▀[38;2;222;222;230m▀[38;2;255;255;246m▀[38;2;0;0;0m▀[49m▄[0m                  [38;2;32;90;115m▄▄[0m                          [38;2;156;74;32m▄▄[48;2;230;106;41m▀[48;2;0;0;0m▀[0m
[0m [38;2;156;74;32m▄[48;2;230;106;41m▀[38;2;255;148;98;48;2;255;148;98m▀[38;2;222;222;230m▀[38;2;255;255;246m▀[38;2;255;148;98;48;2;255;255;246m▀[38;2;255;255;246m▀▀▀[48;2;180;74;131m▀[38;2;180;74;131m▀[38;2;0;0;0;48;2;139;32;74m▀[38;2;139;32;74;49m▄[0m                [38;2;32;90;115;48;2;32;90;115m▀[38;2;238;246;255;48;2;238;246;255m▀[38;2;0;0;0;48;2;0;0;0m▀[0m                       [38;2;156;74;32m▄▄[48;2;230;106;41m▀[38;2;230;106;41m▀▀[48;2;0;0;0m▀[38;2;0;0;0;49m▀[0m
[0m [38;2;156;74;32;48;2;156;74;32m▀[38;2;230;106;41;48;2;255;148;98m▀[38;2;255;148;98m▀▀[48;2;222;222;230m▀[38;2;255;255;246;48;2;255;255;246m▀▀▀[38;2;180;74;131;48;2;180;74;131m▀▀▀▀[38;2;0;0;0;48;2;0;0;0m▀[0m               [38;2;32;90;115m▄[48;2;238;246;255m▀[38;2;238;246;255m▀[38;2;0;0;0;48;2;0;0;0m▀[0m                     [38;2;156;74;32m▄[48;2;230;106;41m▀[38;2;230;106;41m▀▀▀▀[48;2;0;0;0m▀[38;2;0;0;0;49m▀[0m
[38;2;156;74;32;49m▄[48;2;222;222;230m▀[38;2;255;255;246m▀[48;2;255;255;246m▀[38;2;255;148;98;48;2;255;148;98m▀[38;2;255;255;246;48;2;255;255;246m▀▀▀[38;2;180;74;131;48;2;180;74;131m▀▀▀▀▀▀[38;2;0;0;0;48;2;0;0;0m▀[0m              [38;2;32;90;115;48;2;32;90;115m▀[38;2;238;246;255;48;2;238;246;255m▀[48;2;139;164;205m▀[38;2;0;0;0;48;2;0;0;0m▀[0m                  [38;2;32;90;115m▄[48;2;255;255;246m▀[38;2;156;74;32m▀[38;2;230;106;41;48;2;255;148;98m▀[48;2;230;106;41m▀▀▀▀[48;2;0;0;0m▀[38;2;0;0;0;49m▀[0m
[38;2;156;74;32;48;2;156;74;32m▀[38;2;255;148;98;48;2;255;148;98m▀▀▀▀[38;2;255;255;246;48;2;255;255;246m▀▀▀[38;2;180;74;131;48;2;180;74;131m▀▀▀▀▀▀[38;2;139;32;74m▀[48;2;0;0;0m▀[0m            [38;2;32;90;115;48;2;32;90;115m▀[38;2;238;246;255;48;2;238;246;255m▀▀[38;2;32;90;115;48;2;0;0;0m▀[0m                [38;2;139;32;74m▄▄[38;2;32;90;115;48;2;180;74;131m▀[38;2;255;255;246;48;2;222;222;230m▀[48;2;255;255;246m▀▀▀[38;2;255;148;98;48;2;255;148;98m▀[38;2;230;106;41;48;2;230;106;41m▀▀▀[38;2;0;0;0;48;2;156;74;32m▀[38;2;156;74;32;49m▄[0m
[38;2;156;74;32;48;2;156;74;32m▀[38;2;255;148;98;48;2;255;148;98m▀[48;2;255;255;246m▀▀[48;2;255;148;98m▀[38;2;255;255;246;48;2;255;255;246m▀▀▀▀[38;2;180;74;131;48;2;180;74;131m▀▀▀▀▀▀[38;2;0;0;0m▀[49m▄[0m          [38;2;32;90;115m▄[48;2;238;246;255m▀[38;2;238;246;255m▀▀[38;2;0;0;0;48;2;0;0;0m▀[0m             [38;2;139;32;74m▄▄[48;2;180;74;131m▀[38;2;180;74;131m▀▀▀▀[38;2;255;255;246;48;2;255;255;246m▀▀▀[38;2;255;148;98;48;2;255;148;98m▀▀[38;2;230;106;41;48;2;230;106;41m▀▀▀[38;2;0;0;0;48;2;0;0;0m▀[0m
[38;2;156;74;32;49m▀[38;2;222;222;230;48;2;156;74;32m▀[48;2;222;222;230m▀[38;2;255;255;246;48;2;255;148;98m▀[38;2;255;148;98m▀▀[38;2;255;255;246;48;2;255;255;246m▀▀▀▀[38;2;180;74;131m▀[48;2;180;74;131m▀▀▀▀[48;2;139;32;74m▀[38;2;0;0;0;48;2;222;222;230m▀[49m▄[0m        [38;2;32;90;115m▄[48;2;238;246;255m▀[38;2;238;246;255m▀▀▀[38;2;0;0;0;48;2;0;0;0m▀[0m          [38;2;139;32;74m▄▄[48;2;180;74;131m▀[38;2;180;74;131m▀▀▀▀▀▀▀[38;2;255;255;246;48;2;255;255;246m▀▀▀[38;2;255;148;98;48;2;255;148;98m▀[48;2;255;255;246m▀[38;2;230;106;41;48;2;222;222;230m▀▀[48;2;230;106;41m▀[38;2;0;0;0;48;2;0;0;0m▀[0m
[0m [38;2;156;74;32m▀[38;2;255;148;98;48;2;156;74;32m▀[48;2;255;148;98m▀▀[48;2;255;255;246m▀▀[38;2;255;255;246;48;2;255;148;98m▀[48;2;222;222;230m▀[48;2;255;255;246m▀▀▀▀[48;2;222;222;230m▀[38;2;222;222;230;48;2;255;255;246m▀[48;2;222;222;230m▀▀[38;2;0;0;0m▀[49m▄[0m     [38;2;32;90;115m▄▄[48;2;238;246;255m▀[38;2;238;246;255m▀▀▀[38;2;197;205;230;48;2;197;205;230m▀[38;2;0;0;0;48;2;0;0;0m▀[0m       [38;2;32;90;115m▄[38;2;139;32;74m▄[48;2;180;74;131m▀[38;2;180;74;131m▀▀▀▀▀▀▀▀▀[48;2;222;222;230m▀[38;2;255;255;246;48;2;255;255;246m▀▀▀[38;2;255;148;98;48;2;255;148;98m▀[38;2;255;255;246m▀[38;2;222;222;230m▀[48;2;230;106;41m▀[48;2;222;222;230m▀[38;2;0;0;0;48;2;0;0;0m▀[0m
[0m  [38;2;156;74;32m▀[38;2;255;148;98;48;2;156;74;32m▀[38;2;255;255;246;48;2;222;222;230m▀[48;2;255;255;246m▀[48;2;255;148;98m▀[38;2;255;148;98m▀▀▀[38;2;222;222;230m▀[38;2;255;255;246;48;2;230;106;41m▀[38;2;222;222;230;48;2;255;148;98m▀[38;2;255;255;246;48;2;230;106;41m▀[38;2;222;222;230;48;2;255;148;98m▀[48;2;230;106;41m▀▀[38;2;230;106;41m▀[38;2;0;0;0m▀[49m▄[0m [38;2;32;90;115m▄▄[48;2;197;205;230m▀[38;2;238;246;255;48;2;238;246;255m▀▀▀[48;2;197;205;230m▀[48;2;238;246;255m▀[38;2;197;205;230;48;2;197;205;230m▀▀[38;2;0;0;0;48;2;32;90;115m▀[0m     [38;2;32;90;115m▄[48;2;255;255;246m▀[38;2;255;255;246m▀[38;2;180;74;131;48;2;222;222;230m▀[48;2;180;74;131m▀▀▀▀▀▀▀▀▀[48;2;255;255;246m▀[38;2;255;255;246m▀▀▀[48;2;255;148;98m▀[38;2;255;148;98m▀▀▀[38;2;230;106;41;48;2;230;106;41m▀[48;2;156;74;32m▀[38;2;0;0;0m▀[0m
[0m    [38;2;0;0;0m▀[38;2;222;222;230;48;2;0;0;0m▀[38;2;230;106;41m▀[38;2;255;148;98;48;2;230;106;41m▀[48;2;255;148;98m▀▀[38;2;222;222;230;48;2;255;255;246m▀[38;2;255;255;246m▀[38;2;230;106;41;48;2;255;148;98m▀[38;2;255;148;98;48;2;230;106;41m▀[38;2;230;106;41m▀▀▀[48;2;156;74;32m▀[48;2;230;106;41m▀[38;2;0;0;0;48;2;32;90;115m▀[38;2;32;90;115;48;2;238;246;255m▀[38;2;139;164;205m▀[38;2;238;246;255m▀▀▀▀▀[48;2;197;205;230m▀[38;2;197;205;230;48;2;238;246;255m▀[38;2;238;246;255;48;2;197;205;230m▀[38;2;197;205;230m▀▀[38;2;0;0;0;48;2;0;0;0m▀[0m [38;2;156;74;32m▄[48;2;230;106;41m▀[48;2;255;148;98m▀[38;2;255;148;98;48;2;230;106;41m▀[38;2;255;255;246;48;2;255;255;246m▀▀▀[38;2;222;222;230m▀▀[38;2;180;74;131m▀▀▀▀▀[38;2;222;222;230m▀[38;2;255;255;246m▀▀▀▀[48;2;255;148;98m▀[38;2;255;148;98m▀[38;2;255;255;246;48;2;255;255;246m▀▀[38;2;255;148;98m▀[38;2;230;106;41;48;2;230;106;41m▀[38;2;0;0;0;48;2;0;0;0m▀[0m
[0m       [38;2;0;0;0m▀▀[38;2;230;106;41;48;2;0;0;0m▀[38;2;222;222;230m▀▀[38;2;230;106;41m▀▀▀▀[38;2;0;0;0;49m▀▀[38;2;32;90;115;48;2;32;90;115m▀[38;2;238;246;255;48;2;238;246;255m▀▀▀▀▀▀▀▀▀[38;2;197;205;230;48;2;197;205;230m▀▀▀[48;2;156;74;32m▀[38;2;156;74;32;48;2;230;106;41m▀▀[38;2;230;106;41m▀[38;2;255;148;98m▀[38;2;230;106;41;48;2;255;148;98m▀[38;2;255;148;98;48;2;230;106;41m▀[48;2;255;148;98m▀[38;2;255;255;246m▀[48;2;255;255;246m▀▀▀▀▀▀▀▀▀▀▀[48;2;255;148;98m▀[38;2;255;148;98m▀▀▀▀[38;2;255;255;246m▀[38;2;222;222;230;48;2;222;222;230m▀[48;2;0;0;0m▀[38;2;0;0;0;49m▀[0m
[0m                 [38;2;0;0;0;48;2;32;90;115m▀[38;2;197;205;230;48;2;0;0;0m▀[38;2;238;246;255;48;2;197;205;230m▀[48;2;0;0;0m▀[48;2;156;74;32m▀[48;2;230;106;41m▀[48;2;238;246;255m▀▀▀▀▀▀[38;2;197;205;230;48;2;197;205;230m▀▀▀[38;2;230;106;41;48;2;0;0;0m▀▀[48;2;230;106;41m▀▀▀[38;2;255;148;98m▀[48;2;255;148;98m▀▀▀[48;2;255;255;246m▀[48;2;222;222;230m▀[38;2;255;255;246;48;2;255;148;98m▀▀▀▀▀▀[38;2;255;148;98m▀▀[38;2;222;222;230;48;2;255;255;246m▀▀[38;2;255;148;98m▀[48;2;255;148;98m▀[48;2;230;106;41m▀[38;2;230;106;41m▀[48;2;0;0;0m▀[38;2;0;0;0;49m▀[0m
[0m                 [38;2;32;90;115;48;2;32;90;115m▀[38;2;197;205;230;48;2;197;205;230m▀[38;2;0;0;0;48;2;0;0;0m▀[38;2;255;255;246m▀[38;2;230;106;41;48;2;255;148;98m▀[38;2;255;148;98m▀[38;2;230;106;41m▀[38;2;255;148;98m▀▀[48;2;230;106;41m▀[38;2;230;106;41;48;2;0;0;0m▀▀[38;2;139;164;205;48;2;139;164;205m▀[38;2;197;205;230;48;2;0;0;0m▀[48;2;197;205;230m▀▀▀[38;2;0;0;0;48;2;0;0;0m▀[49m▀[38;2;230;106;41;48;2;0;0;0m▀[48;2;230;106;41m▀▀[48;2;222;222;230m▀[38;2;255;255;246m▀[48;2;255;255;246m▀[48;2;255;148;98m▀[38;2;255;148;98m▀▀▀[48;2;222;222;230m▀[38;2;255;255;246;48;2;255;255;246m▀[38;2;222;222;230m▀[38;2;255;148;98;48;2;255;148;98m▀▀[38;2;222;222;230m▀[38;2;255;255;246;48;2;222;222;230m▀▀[38;2;222;222;230m▀[38;2;230;106;41;48;2;0;0;0m▀[38;2;0;0;0;49m▀[0m
[0m                 [38;2;32;90;115;48;2;32;90;115m▀[38;2;197;205;230;48;2;197;205;230m▀[38;2;230;106;41;48;2;139;164;205m▀[48;2;230;106;41m▀[38;2;255;148;98m▀[48;2;255;148;98m▀▀▀[48;2;230;106;41m▀[38;2;156;74;32;48;2;156;74;32m▀[38;2;238;246;255;48;2;0;0;0m▀[38;2;0;0;0m▀[48;2;139;164;205m▀[38;2;197;205;230;48;2;197;205;230m▀▀▀▀[38;2;0;0;0;48;2;0;0;0m▀[0m  [38;2;0;0;0m▀▀[38;2;222;222;230;48;2;0;0;0m▀▀[48;2;156;74;32m▀[38;2;230;106;41;48;2;230;106;41m▀▀▀[38;2;255;148;98m▀[38;2;255;255;246;48;2;222;222;230m▀▀▀[38;2;255;148;98;48;2;230;106;41m▀[38;2;230;106;41m▀[48;2;0;0;0m▀[38;2;222;222;230m▀[38;2;0;0;0;49m▀▀[0m
[0m       [38;2;32;90;115m▄▄▄[48;2;197;205;230m▀▀▀[49m▄▄[0m   [38;2;32;90;115;48;2;0;0;0m▀[38;2;197;205;230;48;2;197;205;230m▀[38;2;230;106;41m▀[48;2;230;106;41m▀▀▀▀▀▀▀[48;2;139;164;205m▀[38;2;139;164;205;48;2;197;205;230m▀[38;2;197;205;230m▀▀▀[38;2;0;0;0;48;2;0;0;0m▀[0m       [38;2;156;74;32m▀[38;2;0;0;0m▀▀▀▀▀▀▀▀▀[0m
[0m [38;2;32;90;115m▄▄▄[48;2;197;205;230m▀▀▀[38;2;197;205;230m▀▀▀▀▀▀▀▀[38;2;32;90;115m▀▀[49m▄▄[38;2;0;0;0;48;2;32;90;115m▀[38;2;197;205;230;48;2;0;0;0m▀[48;2;197;205;230m▀▀[38;2;230;106;41m▀▀▀[38;2;139;164;205m▀[38;2;197;205;230m▀▀▀[48;2;0;0;0m▀▀[38;2;0;0;0;49m▀[0m
[38;2;0;0;0;49m▀[38;2;197;205;230;48;2;0;0;0m▀▀▀[48;2;197;205;230m▀▀▀▀▀▀▀▀▀▀▀▀[48;2;0;0;0m▀▀▀[38;2;32;90;115;48;2;197;205;230m▀[48;2;139;164;205m▀[38;2;0;0;0m▀[38;2;32;90;115m▀[38;2;197;205;230m▀▀▀▀[38;2;32;90;115m▀[38;2;0;0;0m▀▀[38;2;139;164;205m▀[38;2;32;90;115m▀[48;2;197;205;230m▀▀▀▀▀[49m▄▄▄▄[0m
[0m    [38;2;0;0;0m▀▀▀[38;2;197;205;230;48;2;32;90;115m▀▀▀[48;2;197;205;230m▀[48;2;0;0;0m▀▀[38;2;0;0;0;48;2;197;205;230m▀▀[38;2;32;90;115m▀[38;2;197;205;230m▀▀▀▀[48;2;32;90;115m▀[38;2;32;90;115;48;2;139;164;205m▀[38;2;139;164;205m▀▀▀▀▀▀▀[48;2;32;90;115m▀[38;2;197;205;230;48;2;197;205;230m▀▀[38;2;32;90;115m▀[38;2;197;205;230;48;2;32;90;115m▀▀[48;2;197;205;230m▀▀▀▀▀▀[38;2;32;90;115m▀[49m▄[0m
[0m         [38;2;0;0;0m▄[48;2;238;246;255m▀[38;2;238;246;255m▀▀▀▀[38;2;197;205;230m▀[48;2;197;205;230m▀▀▀[38;2;0;0;0;48;2;0;0;0m▀[38;2;32;90;115;49m▀[38;2;197;205;230;48;2;0;0;0m▀[48;2;32;90;115m▀[48;2;197;205;230m▀[38;2;139;164;205m▀▀▀[38;2;197;205;230m▀[48;2;32;90;115m▀[48;2;0;0;0m▀[38;2;0;0;0m▀[38;2;197;205;230;48;2;197;205;230m▀▀▀▀[38;2;32;90;115m▀▀[38;2;197;205;230;48;2;32;90;115m▀▀[48;2;197;205;230m▀▀▀▀[38;2;32;90;115m▀[49m▄[0m
[0m        [38;2;0;0;0m▄[48;2;238;246;255m▀[38;2;238;246;255m▀▀▀▀▀▀▀[38;2;197;205;230;48;2;197;205;230m▀[38;2;0;0;0;48;2;0;0;0m▀[0m    [38;2;0;0;0m▀▀▀▀▀[0m  [38;2;0;0;0m▀[38;2;197;205;230;48;2;0;0;0m▀[48;2;197;205;230m▀▀▀▀[48;2;238;246;255m▀▀[38;2;238;246;255m▀[38;2;32;90;115;48;2;32;90;115m▀[38;2;197;205;230;48;2;197;205;230m▀▀▀▀▀[38;2;32;90;115m▀▀[49m▄[0m
[0m       [38;2;32;90;115m▄[48;2;238;246;255m▀[38;2;238;246;255m▀▀[48;2;139;164;205m▀[48;2;0;0;0m▀▀▀[38;2;0;0;0;49m▀▀▀[0m             [38;2;0;0;0m▀[38;2;197;205;230;48;2;0;0;0m▀[48;2;197;205;230m▀[48;2;238;246;255m▀[38;2;238;246;255m▀▀▀▀▀[38;2;32;90;115;48;2;32;90;115m▀[38;2;0;0;0;49m▀▀[38;2;32;90;115;48;2;32;90;115m▀[38;2;197;205;230;48;2;0;0;0m▀▀▀▀[38;2;32;90;115;48;2;32;90;115m▀[0m
[0m      [38;2;32;90;115;48;2;32;90;115m▀[38;2;238;246;255;48;2;0;0;0m▀▀[38;2;0;0;0;49m▀▀▀[0m                    [38;2;0;0;0m▀[38;2;197;205;230;48;2;0;0;0m▀[38;2;238;246;255m▀[48;2;238;246;255m▀▀▀▀▀[38;2;139;164;205m▀[49m▄[0m
[0m                                   [38;2;0;0;0m▀▀[38;2;238;246;255;48;2;0;0;0m▀▀[48;2;238;246;255m▀▀[38;2;139;164;205m▀[49m▄[0m
[0m                                       [38;2;0;0;0m▀▀[38;2;238;246;255;48;2;0;0;0m▀[38;2;32;90;115m▀[0m
