[0m        [38;2;32;82;49m▄▄▄[48;2;131;180;115m▀▀▀▀▀▀[49m▄▄▄[0m
[0m     [38;2;32;82;49m▄[48;2;98;148;82m▀[48;2;131;180;115m▀[38;2;131;180;115m▀▀▀▀▀▀▀▀▀▀[38;2;98;148;82;48;2;98;148;82m▀▀[38;2;32;82;49m▀▀[38;2;131;32;57;49m▄[48;2;246;98;106m▀▀▀[49m▄[0m
[0m    [38;2;32;82;49;48;2;32;82;49m▀[38;2;98;148;82;48;2;98;148;82m▀▀▀[38;2;131;180;115m▀[48;2;0;0;0m▀▀▀▀▀[48;2;98;148;82m▀▀▀[38;2;98;148;82m▀▀▀▀[38;2;0;0;0;48;2;0;0;0m▀[38;2;246;98;106;48;2;189;49;74m▀[48;2;246;98;106m▀[38;2;32;82;49;48;2;0;0;0m▀[38;2;0;0;0m▀[38;2;189;49;74;48;2;189;49;74m▀[38;2;131;32;57;48;2;0;0;0m▀[0m
[0m   [38;2;0;0;0;48;2;0;0;0m▀[38;2;98;148;82;48;2;98;148;82m▀▀[48;2;0;0;0m▀[38;2;0;0;0;48;2;180;156;123m▀▀[38;2;180;156;123m▀[38;2;98;74;57m▀[38;2;180;156;123;48;2;98;74;57m▀[48;2;180;156;123m▀▀[38;2;0;0;0m▀▀[38;2;32;82;49;48;2;98;74;57m▀[38;2;98;148;82;48;2;0;0;0m▀▀[48;2;32;82;49m▀[48;2;98;148;82m▀[38;2;0;0;0m▀[38;2;189;49;74;48;2;0;0;0m▀[48;2;189;49;74m▀▀▀[48;2;0;0;0m▀[38;2;0;0;0;48;2;98;148;82m▀[49m▄[0m
[0m   [38;2;0;0;0m▀[38;2;98;148;82;48;2;0;0;0m▀[38;2;32;82;49;48;2;32;82;49m▀[38;2;180;156;123;48;2;98;74;57m▀▀[48;2;180;156;123m▀▀▀▀[38;2;98;74;57;48;2;0;0;0m▀[38;2;180;156;123;48;2;180;156;123m▀▀▀[38;2;98;74;57m▀[38;2;180;156;123m▀▀▀[38;2;0;0;0m▀[38;2;32;82;49;48;2;98;74;57m▀[38;2;98;148;82;48;2;0;0;0m▀[38;2;0;0;0;48;2;98;148;82m▀▀▀[38;2;98;148;82m▀▀[38;2;0;0;0m▀[49m▄[0m
[0m    [38;2;0;0;0m▀[38;2;32;82;49;48;2;0;0;0m▀[38;2;180;156;123;48;2;32;82;49m▀[48;2;180;156;123m▀[38;2;98;74;57m▀▀[38;2;180;156;123;48;2;0;0;0m▀[38;2;0;0;0;48;2;247;223;173m▀[38;2;222;189;139m▀▀▀[38;2;180;156;123;48;2;222;189;139m▀▀[48;2;180;156;123m▀▀▀[38;2;98;74;57m▀[38;2;180;156;123m▀▀[38;2;0;0;0m▀[38;2;98;148;82;48;2;0;0;0m▀[48;2;98;148;82m▀▀▀▀[38;2;0;0;0m▀[49m▄[0m
[0m     [38;2;0;0;0m▀[38;2;32;82;49;48;2;0;0;0m▀[38;2;180;156;123;48;2;32;82;49m▀[48;2;180;156;123m▀[38;2;0;0;0;48;2;0;0;0m▀[38;2;222;189;139;48;2;247;223;173m▀[38;2;247;223;173m▀▀▀▀[48;2;98;74;57m▀[38;2;0;0;0;48;2;247;223;173m▀[38;2;98;74;57;48;2;0;0;0m▀[38;2;180;156;123;48;2;98;74;57m▀[48;2;180;156;123m▀▀▀▀[38;2;98;74;57m▀▀[38;2;0;0;0m▀[38;2;98;148;82;48;2;32;82;49m▀[48;2;98;148;82m▀▀▀[38;2;0;0;0;48;2;0;0;0m▀[0m         [38;2;32;82;49m▄▄▄[0m
[0m       [38;2;32;82;49m▀[38;2;0;0;0;48;2;0;0;0m▀[38;2;222;189;139;48;2;247;223;173m▀[38;2;247;223;173m▀▀▀▀▀[38;2;0;0;0;48;2;98;74;57m▀[48;2;0;0;0m▀▀[48;2;98;74;57m▀[38;2;222;189;139;48;2;222;189;139m▀[38;2;180;156;123m▀[48;2;180;156;123m▀[48;2;0;0;0m▀[48;2;98;74;57m▀▀[48;2;180;156;123m▀[38;2;0;0;0m▀[38;2;98;148;82;48;2;32;82;49m▀[48;2;98;148;82m▀▀[38;2;0;0;0;48;2;0;0;0m▀[0m   [38;2;98;74;57m▄▄[38;2;32;82;49;48;2;98;148;82m▀▀[48;2;32;82;49m▀[48;2;98;148;82m▀[38;2;98;148;82;48;2;131;180;115m▀[38;2;131;180;115m▀▀[38;2;32;82;49;48;2;98;148;82m▀[38;2;0;0;0;49m▄[0m
[0m        [38;2;98;74;57;48;2;98;74;57m▀[38;2;247;223;173;48;2;247;223;173m▀▀▀▀[48;2;98;74;57m▀▀[48;2;180;156;123m▀[38;2;98;74;57;48;2;222;189;139m▀▀[38;2;222;189;139m▀▀▀[38;2;180;156;123;48;2;0;0;0m▀[38;2;0;0;0;48;2;180;156;123m▀[38;2;180;156;123m▀▀[38;2;98;74;57m▀▀[38;2;0;0;0;48;2;0;0;0m▀[38;2;98;148;82;48;2;98;148;82m▀[38;2;0;0;0;48;2;0;0;0m▀[0m   [38;2;98;74;57;48;2;0;0;0m▀[38;2;247;223;173;48;2;180;156;123m▀[38;2;180;156;123;48;2;247;223;173m▀[38;2;98;74;57;48;2;222;189;139m▀[38;2;98;148;82;48;2;0;0;0m▀[38;2;0;0;0;48;2;98;148;82m▀▀▀[38;2;131;180;115;48;2;32;82;49m▀[38;2;98;148;82;48;2;98;148;82m▀▀[38;2;0;0;0;48;2;0;0;0m▀[0m
[0m        [38;2;98;74;57m▀[38;2;247;223;173;48;2;0;0;0m▀▀[38;2;0;0;0;48;2;98;74;57m▀[48;2;222;189;139m▀[38;2;222;189;139m▀▀[38;2;180;156;123m▀[38;2;222;189;139m▀▀▀▀[48;2;0;0;0m▀[38;2;0;0;0;48;2;180;156;123m▀[38;2;98;74;57m▀[38;2;180;156;123;48;2;98;74;57m▀[48;2;180;156;123m▀[48;2;32;82;49m▀[38;2;0;0;0m▀[38;2;32;82;49m▀[38;2;0;0;0;48;2;0;0;0m▀[0m    [38;2;32;82;49m▄[38;2;0;0;0;48;2;98;148;82m▀[38;2;222;189;139m▀[38;2;0;0;0;48;2;32;82;49m▀[38;2;98;148;82;48;2;131;180;115m▀[38;2;131;180;115m▀▀[38;2;98;148;82m▀[48;2;98;148;82m▀[38;2;32;82;49;48;2;32;82;49m▀[38;2;98;148;82;48;2;0;0;0m▀[38;2;0;0;0;49m▀[0m
[0m            [38;2;98;74;57m▀[38;2;0;0;0m▀[38;2;222;189;139;48;2;0;0;0m▀[48;2;222;189;139m▀▀▀[48;2;0;0;0m▀[38;2;0;0;0;49m▀▀▀[38;2;32;82;49;48;2;0;0;0m▀▀▀▀[38;2;0;0;0;49m▀▀[0m    [38;2;32;82;49;48;2;32;82;49m▀[38;2;98;148;82;48;2;131;180;115m▀[38;2;131;180;115m▀[38;2;98;148;82m▀[38;2;32;82;49;48;2;32;82;49m▀[38;2;98;148;82;48;2;98;148;82m▀[38;2;131;180;115m▀▀[38;2;98;148;82m▀▀[38;2;0;0;0;48;2;0;0;0m▀[0m
[0m              [38;2;0;0;0;48;2;0;0;0m▀[38;2;222;189;139;48;2;222;189;139m▀▀▀[38;2;0;0;0;48;2;0;0;0m▀[0m             [38;2;32;82;49m▀[38;2;98;148;82;48;2;32;82;49m▀[38;2;131;180;115;48;2;98;148;82m▀[38;2;98;148;82m▀▀[38;2;0;0;0;48;2;32;82;49m▀[38;2;98;148;82;48;2;0;0;0m▀▀▀[38;2;0;0;0;48;2;180;156;123m▀[38;2;98;74;57m▀[49m▄[0m
[0m        [38;2;98;74;57m▄▄▄[48;2;222;189;139m▀▀[38;2;0;0;0m▀[38;2;222;189;139m▀▀▀▀▀[38;2;0;0;0m▀[38;2;98;74;57;48;2;180;156;123m▀▀▀[49m▄▄▄[0m        [38;2;32;82;49m▀▀▀[0m    [38;2;98;74;57;48;2;0;0;0m▀[38;2;180;156;123;48;2;180;156;123m▀[38;2;0;0;0m▀[49m▄[0m
[0m     [38;2;98;74;57m▄[48;2;222;189;139m▀▀[38;2;222;189;139m▀[48;2;0;0;0m▀[48;2;98;74;57m▀[38;2;98;74;57;48;2;247;223;173m▀▀[38;2;222;189;139m▀[48;2;222;189;139m▀▀▀▀▀▀[38;2;98;74;57m▀[38;2;0;0;0m▀[38;2;180;156;123;48;2;98;74;57m▀[48;2;0;0;0m▀▀[48;2;180;156;123m▀[38;2;98;74;57m▀▀[49m▄[0m             [38;2;98;74;57;48;2;0;0;0m▀[38;2;180;156;123;48;2;180;156;123m▀[38;2;0;0;0m▀[49m▄[0m
[0m      [38;2;98;74;57m▀[48;2;0;0;0m▀[38;2;0;0;0;48;2;247;223;173m▀[38;2;247;223;173m▀▀▀[48;2;222;189;139m▀[48;2;0;0;0m▀[38;2;222;189;139;48;2;98;74;57m▀[48;2;247;223;173m▀[38;2;247;223;173m▀▀[38;2;222;189;139m▀[38;2;180;156;123;48;2;98;74;57m▀[38;2;222;189;139;48;2;180;156;123m▀[48;2;222;189;139m▀▀▀▀[38;2;0;0;0m▀[38;2;98;74;57;48;2;0;0;0m▀[38;2;180;156;123m▀[38;2;98;74;57;49m▀[0m             [38;2;0;0;0;48;2;0;0;0m▀[38;2;180;156;123;48;2;222;189;139m▀[38;2;222;189;139m▀[38;2;0;0;0;48;2;0;0;0m▀[0m
[0m      [38;2;0;0;0;48;2;0;0;0m▀[38;2;247;223;173;48;2;180;156;123m▀[48;2;247;223;173m▀[48;2;180;156;123m▀[48;2;0;0;0m▀[38;2;180;156;123m▀[38;2;0;0;0;48;2;98;148;82m▀[38;2;98;148;82m▀[38;2;98;74;57;48;2;98;74;57m▀[38;2;247;223;173;48;2;222;189;139m▀[48;2;247;223;173m▀▀▀[38;2;98;74;57m▀[38;2;0;0;0;48;2;0;0;0m▀[48;2;98;148;82m▀[38;2;180;156;123;48;2;0;0;0m▀[38;2;222;189;139m▀[48;2;180;156;123m▀[48;2;222;189;139m▀▀[48;2;180;156;123m▀[38;2;0;0;0;48;2;0;0;0m▀[0m            [38;2;98;74;57m▄[48;2;222;189;139m▀[38;2;222;189;139;48;2;247;223;173m▀[48;2;222;189;139m▀[38;2;0;0;0;48;2;0;0;0m▀[0m
[0m    [38;2;131;32;57m▄[48;2;246;98;106m▀[48;2;189;49;74m▀[38;2;0;0;0m▀[48;2;98;148;82m▀▀[38;2;98;148;82;48;2;32;82;49m▀[38;2;32;82;49;48;2;98;148;82m▀[38;2;98;148;82;48;2;131;180;115m▀▀▀[38;2;0;0;0;48;2;0;0;0m▀[38;2;247;223;173;48;2;222;189;139m▀[48;2;247;223;173m▀▀[48;2;222;189;139m▀[38;2;0;0;0;48;2;0;0;0m▀[38;2;98;148;82;48;2;131;32;57m▀[38;2;131;32;57m▀[48;2;189;49;74m▀[38;2;0;0;0m▀[48;2;131;32;57m▀[48;2;0;0;0m▀[49m▀[0m            [38;2;98;74;57m▄[48;2;247;223;173m▀[38;2;247;223;173m▀[48;2;222;189;139m▀[38;2;222;189;139;48;2;180;156;123m▀[38;2;0;0;0;48;2;0;0;0m▀[0m
[0m   [38;2;131;32;57;48;2;131;32;57m▀[38;2;246;98;106;48;2;189;49;74m▀[38;2;189;49;74;48;2;246;98;106m▀[38;2;246;98;106m▀▀[38;2;131;32;57;48;2;131;32;57m▀[38;2;98;148;82;48;2;0;0;0m▀[38;2;32;82;49;48;2;32;82;49m▀[38;2;131;180;115;48;2;131;180;115m▀▀▀▀▀[38;2;0;0;0m▀[38;2;222;189;139;48;2;0;0;0m▀▀[38;2;0;0;0;48;2;131;180;115m▀[38;2;32;82;49;48;2;0;0;0m▀[38;2;246;98;106;48;2;246;98;106m▀▀[38;2;131;32;57m▀[38;2;189;49;74;48;2;131;32;57m▀[48;2;189;49;74m▀[38;2;131;32;57;48;2;131;32;57m▀[38;2;0;0;0;48;2;98;148;82m▀[49m▄[0m          [38;2;98;74;57m▄[48;2;247;223;173m▀[38;2;247;223;173m▀[48;2;222;189;139m▀[38;2;222;189;139m▀[38;2;0;0;0;48;2;0;0;0m▀[0m
[0m  [38;2;131;32;57;48;2;131;32;57m▀[38;2;246;98;106;48;2;189;49;74m▀[38;2;189;49;74;48;2;246;98;106m▀[38;2;246;98;106;48;2;131;32;57m▀[48;2;0;0;0m▀[38;2;0;0;0;48;2;98;148;82m▀▀[38;2;32;82;49;48;2;32;82;49m▀[38;2;131;180;115;48;2;131;180;115m▀▀▀▀▀▀▀▀▀▀[38;2;0;0;0m▀[48;2;0;0;0m▀[38;2;246;98;106;48;2;246;98;106m▀▀[38;2;131;32;57m▀[38;2;189;49;74;48;2;131;32;57m▀[38;2;131;32;57;48;2;0;0;0m▀[38;2;32;82;49;48;2;98;148;82m▀[38;2;0;0;0;48;2;32;82;49m▀[49m▄[0m    [38;2;98;74;57m▄▄▄[48;2;247;223;173m▀▀[38;2;247;223;173m▀▀[48;2;222;189;139m▀[38;2;222;189;139m▀[38;2;180;156;123;48;2;0;0;0m▀[38;2;0;0;0;49m▀[0m
[0m   [38;2;0;0;0m▀▀[0m [38;2;32;82;49;48;2;32;82;49m▀[38;2;131;180;115;48;2;131;180;115m▀▀[38;2;32;82;49;48;2;32;82;49m▀[38;2;131;180;115;48;2;131;180;115m▀▀▀▀▀▀▀▀▀▀[48;2;98;148;82m▀[38;2;98;148;82;48;2;32;82;49m▀[38;2;0;0;0;48;2;131;180;115m▀▀[38;2;246;98;106;48;2;0;0;0m▀[38;2;131;32;57m▀[38;2;0;0;0;48;2;131;180;115m▀[38;2;98;148;82m▀[48;2;98;148;82m▀[38;2;0;0;0m▀[38;2;98;74;57;48;2;0;0;0m▀[48;2;180;156;123m▀▀▀[38;2;180;156;123m▀[38;2;222;189;139m▀[38;2;247;223;173;48;2;222;189;139m▀[48;2;247;223;173m▀▀[48;2;222;189;139m▀[38;2;222;189;139m▀▀[38;2;180;156;123;48;2;0;0;0m▀[38;2;0;0;0;49m▀[0m
[0m     [38;2;32;82;49;48;2;32;82;49m▀[38;2;131;180;115;48;2;131;180;115m▀▀▀[38;2;32;82;49;48;2;98;148;82m▀[38;2;98;148;82;48;2;32;82;49m▀[38;2;131;180;115;48;2;98;148;82m▀▀[48;2;131;180;115m▀▀▀▀[48;2;98;148;82m▀▀[38;2;98;148;82m▀[48;2;32;82;49m▀[38;2;32;82;49;48;2;131;180;115m▀[38;2;131;180;115m▀▀▀▀▀▀[38;2;98;148;82;48;2;98;148;82m▀▀[38;2;0;0;0;48;2;0;0;0m▀[38;2;180;156;123;48;2;180;156;123m▀▀▀▀▀▀[38;2;222;189;139;48;2;222;189;139m▀▀▀[48;2;0;0;0m▀[38;2;0;0;0;49m▀[0m
[0m     [38;2;0;0;0m▀[38;2;98;148;82;48;2;32;82;49m▀[38;2;131;180;115;48;2;98;148;82m▀[38;2;98;148;82m▀▀[38;2;32;82;49m▀[38;2;98;148;82;48;2;0;0;0m▀[48;2;98;148;82m▀▀▀▀▀▀▀▀[38;2;32;82;49;48;2;32;82;49m▀[38;2;131;180;115;48;2;98;148;82m▀[48;2;131;180;115m▀▀▀▀[48;2;98;148;82m▀[38;2;98;148;82m▀▀▀▀[38;2;0;0;0;48;2;0;0;0m▀[38;2;180;156;123;48;2;180;156;123m▀▀▀▀▀[48;2;0;0;0m▀[38;2;222;189;139m▀[38;2;0;0;0;49m▀[0m
[0m      [38;2;0;0;0m▀[38;2;98;148;82;48;2;0;0;0m▀▀[48;2;98;148;82m▀▀▀[38;2;0;0;0m▀[38;2;98;148;82;48;2;0;0;0m▀▀[48;2;98;148;82m▀▀▀▀▀▀[38;2;32;82;49;48;2;32;82;49m▀[38;2;98;148;82;48;2;98;148;82m▀▀▀▀▀▀▀▀[48;2;0;0;0m▀[38;2;0;0;0m▀[38;2;180;156;123m▀▀[38;2;0;0;0;49m▀▀▀[0m
[0m         [38;2;0;0;0m▀[38;2;32;82;49;48;2;32;82;49m▀[38;2;98;148;82;48;2;98;148;82m▀▀[38;2;32;82;49m▀[38;2;0;0;0;49m▄▀▀▀[38;2;98;148;82;48;2;0;0;0m▀▀▀▀[38;2;32;82;49m▀[38;2;98;148;82;48;2;32;82;49m▀[48;2;98;148;82m▀▀▀▀▀[48;2;32;82;49m▀[38;2;0;0;0;49m▀[0m
[0m        [38;2;32;82;49m▄▄[48;2;131;180;115m▀[38;2;98;148;82m▀[48;2;98;148;82m▀▀[38;2;0;0;0;48;2;0;0;0m▀[0m         [38;2;32;82;49m▀▀[38;2;98;148;82;48;2;32;82;49m▀[48;2;98;148;82m▀▀[38;2;32;82;49;48;2;32;82;49m▀[0m
[0m   [38;2;131;32;57m▄▄[48;2;246;98;106m▀▀[38;2;32;82;49;48;2;0;0;0m▀[38;2;131;180;115m▀[48;2;131;180;115m▀▀[48;2;98;148;82m▀[38;2;98;148;82m▀[38;2;0;0;0;48;2;0;0;0m▀[0m            [38;2;32;82;49;48;2;32;82;49m▀[38;2;98;148;82;48;2;131;180;115m▀▀[48;2;98;148;82m▀[38;2;32;82;49;48;2;32;82;49m▀[0m
[0m [38;2;131;32;57m▄[48;2;246;98;106m▀[38;2;189;49;74m▀[38;2;246;98;106;48;2;131;32;57m▀[38;2;131;32;57;48;2;246;98;106m▀▀[38;2;246;98;106;48;2;189;49;74m▀▀[38;2;0;0;0m▀[38;2;98;148;82;48;2;0;0;0m▀▀▀[38;2;0;0;0;49m▀[0m         [38;2;131;32;57m▄▄[38;2;32;82;49;48;2;131;180;115m▀[38;2;131;180;115m▀▀[48;2;0;0;0m▀▀[38;2;98;148;82;48;2;98;148;82m▀[38;2;0;0;0;48;2;0;0;0m▀[0m
[38;2;131;32;57;48;2;0;0;0m▀[38;2;246;98;106m▀▀[38;2;131;32;57;48;2;246;98;106m▀[38;2;246;98;106;48;2;189;49;74m▀[38;2;189;49;74m▀▀[48;2;0;0;0m▀▀▀[38;2;0;0;0;49m▀[0m           [38;2;131;32;57;48;2;131;32;57m▀[38;2;246;98;106;48;2;246;98;106m▀[38;2;189;49;74;48;2;189;49;74m▀[38;2;131;32;57;48;2;131;32;57m▀[38;2;131;180;115;48;2;98;148;82m▀[38;2;0;0;0;48;2;0;0;0m▀[38;2;246;98;106;48;2;246;98;106m▀[48;2;189;49;74m▀[38;2;0;0;0m▀[38;2;32;82;49;48;2;0;0;0m▀[0m
[0m  [38;2;0;0;0m▀▀▀▀▀[0m              [38;2;131;32;57;48;2;131;32;57m▀[38;2;246;98;106;48;2;246;98;106m▀[38;2;189;49;74;48;2;189;49;74m▀▀▀[38;2;0;0;0;48;2;0;0;0m▀[38;2;246;98;106;48;2;246;98;106m▀[48;2;189;49;74m▀[38;2;189;49;74m▀▀▀[38;2;0;0;0;48;2;0;0;0m▀[0m
[0m                     [38;2;131;32;57;48;2;131;32;57m▀[38;2;246;98;106;48;2;189;49;74m▀[38;2;189;49;74;48;2;0;0;0m▀▀[38;2;0;0;0;49m▀[48;2;0;0;0m▀[38;2;246;98;106;48;2;246;98;106m▀[38;2;189;49;74;48;2;189;49;74m▀▀▀[38;2;0;0;0;48;2;0;0;0m▀[0m
[0m                     [38;2;0;0;0m▀▀[0m    [38;2;131;32;57;48;2;0;0;0m▀[38;2;189;49;74m▀[38;2;0;0;0;49m▀▀[0m
