[0m                        [38;2;16;16;16m▄▄▄[0m                            [38;2;90;98;123m▄[38;2;16;16;16;48;2;239;239;255m▀[49m▄[0m
[0m                      [38;2;90;65;49m▄[48;2;164;131;106m▀[38;2;164;131;106m▀▀▀[38;2;16;16;16m▀▀[49m▄▄[0m                       [38;2;90;98;123;48;2;90;98;123m▀[38;2;213;213;238;48;2;213;213;238m▀[38;2;239;239;255;48;2;239;239;255m▀[38;2;16;16;16m▀[49m▄[0m
[0m                     [38;2;90;65;49;48;2;90;65;49m▀[38;2;123;98;74;48;2;164;131;106m▀[38;2;164;131;106m▀▀▀▀▀▀▀[38;2;123;98;74m▀[38;2;16;16;16;48;2;123;98;74m▀[49m▄▄[0m               [38;2;90;98;123m▄▄▄▄▄[48;2;90;98;123m▀[38;2;213;213;238;48;2;213;213;238m▀[38;2;239;239;255m▀[48;2;239;239;255m▀[38;2;16;16;16;48;2;16;16;16m▀[38;2;90;98;123;49m▄▄[48;2;239;239;255m▀▀▀[49m▄[38;2;16;16;16m▄[0m
[0m                   [38;2;90;65;49m▄[48;2;164;131;106m▀[38;2;164;131;106m▀▀▀▀▀▀▀▀▀▀▀[38;2;123;98;74;48;2;123;98;74m▀▀[38;2;16;16;16m▀[49m▄▄[0m       [38;2;90;65;49m▄▄[48;2;238;222;189m▀▀▀[38;2;164;131;106m▀▀▀[38;2;213;213;238;48;2;164;131;106m▀[48;2;90;65;49m▀[48;2;213;213;238m▀[38;2;90;98;123m▀[38;2;239;239;255;48;2;90;98;123m▀[38;2;16;16;16;48;2;213;213;238m▀[38;2;90;98;123m▀[38;2;239;239;255;48;2;239;239;255m▀▀▀▀[48;2;213;213;238m▀[38;2;213;213;238;48;2;16;16;16m▀[38;2;16;16;16;49m▀[0m
[0m                  [38;2;90;65;49m▄[48;2;164;131;106m▀[38;2;164;131;106m▀▀▀▀▀▀▀▀▀▀▀▀▀[38;2;123;98;74;48;2;123;98;74m▀▀▀▀[38;2;16;16;16m▀[49m▄▄[0m  [38;2;16;16;16m▄[48;2;238;222;189m▀[38;2;238;222;189m▀▀▀▀▀▀▀▀▀[48;2;164;131;106m▀[38;2;90;65;49m▀[48;2;123;98;74m▀[38;2;213;213;238;48;2;90;65;49m▀▀[48;2;213;213;238m▀[38;2;90;98;123m▀[38;2;213;213;238;48;2;16;16;16m▀[38;2;239;239;255m▀[38;2;16;16;16;49m▀▀[0m
[0m                 [38;2;90;65;49m▄[48;2;164;131;106m▀[38;2;164;131;106m▀▀▀▀▀▀▀▀▀▀▀▀▀▀[38;2;123;98;74;48;2;123;98;74m▀[48;2;16;16;16m▀[48;2;123;98;74m▀▀▀[48;2;16;16;16m▀[38;2;90;65;49;48;2;123;98;74m▀[38;2;16;16;16;48;2;90;65;49m▀[49m▄[48;2;238;222;189m▀[38;2;123;98;74m▀▀[38;2;238;222;189;48;2;123;98;74m▀[48;2;238;222;189m▀▀▀▀[48;2;164;131;106m▀[38;2;164;131;106;48;2;238;222;189m▀▀[38;2;238;222;189m▀▀▀[38;2;189;180;148;48;2;189;180;148m▀▀[38;2;90;65;49m▀[38;2;213;213;238;48;2;90;65;49m▀[48;2;213;213;238m▀[38;2;16;16;16m▀[49m▄[0m
[0m                [38;2;90;65;49;48;2;90;65;49m▀[38;2;123;98;74;48;2;164;131;106m▀[38;2;164;131;106m▀▀▀▀▀▀▀▀▀▀▀▀[48;2;123;98;74m▀[38;2;123;98;74m▀▀[38;2;16;16;16;48;2;16;16;16m▀[38;2;239;239;255;48;2;239;239;255m▀[38;2;16;16;16m▀[38;2;123;98;74;48;2;16;16;16m▀[38;2;16;16;16m▀[38;2;239;239;255;48;2;239;239;255m▀[38;2;16;16;16m▀[38;2;123;98;74;48;2;16;16;16m▀[38;2;16;16;16m▀[38;2;238;222;189;48;2;164;131;106m▀[48;2;238;222;189m▀▀[38;2;164;131;106m▀[48;2;123;98;74m▀[38;2;238;222;189;48;2;238;222;189m▀▀[38;2;164;131;106;48;2;164;131;106m▀[38;2;123;98;74;48;2;238;222;189m▀[38;2;238;222;189m▀▀▀▀▀▀[38;2;189;180;148;48;2;189;180;148m▀▀▀[38;2;90;65;49;48;2;90;65;49m▀[38;2;213;213;238;48;2;213;213;238m▀[38;2;16;16;16m▀[49m▄[0m
[0m               [38;2;90;65;49;48;2;90;65;49m▀[38;2;164;131;106;48;2;164;131;106m▀▀▀▀▀▀▀▀▀▀▀▀▀[38;2;90;65;49;48;2;16;16;16m▀[38;2;123;98;74m▀[48;2;123;98;74m▀▀[38;2;16;16;16m▀[38;2;239;239;255;48;2;90;98;123m▀[48;2;239;239;255m▀▀[38;2;90;98;123;48;2;16;16;16m▀[38;2;16;16;16;48;2;239;239;255m▀[48;2;213;213;238m▀[38;2;189;180;148;48;2;16;16;16m▀[38;2;164;131;106;48;2;164;131;106m▀[38;2;90;65;49;48;2;90;65;49m▀[38;2;164;131;106;48;2;239;239;255m▀[38;2;238;222;189;48;2;16;16;16m▀[48;2;238;222;189m▀[38;2;90;65;49m▀[38;2;238;222;189;48;2;164;131;106m▀[38;2;164;131;106;48;2;189;180;148m▀[38;2;238;222;189;48;2;238;222;189m▀▀▀▀▀▀▀▀[38;2;189;180;148;48;2;189;180;148m▀▀▀[38;2;90;65;49m▀[38;2;213;213;238;48;2;90;65;49m▀[48;2;213;213;238m▀[38;2;16;16;16;48;2;16;16;16m▀[0m
[0m           [38;2;90;65;49;48;2;16;16;16m▀[48;2;164;131;106m▀▀[48;2;123;98;74m▀[38;2;123;98;74;48;2;164;131;106m▀[38;2;164;131;106m▀▀▀▀▀▀▀▀▀▀▀[48;2;123;98;74m▀[38;2;16;16;16;48;2;16;16;16m▀[38;2;90;65;49;48;2;90;65;49m▀[48;2;189;180;148m▀[38;2;16;16;16m▀[38;2;123;98;74;48;2;16;16;16m▀[48;2;123;98;74m▀[38;2;16;16;16;48;2;16;16;16m▀[38;2;239;239;255;48;2;239;239;255m▀▀[38;2;16;16;16;48;2;90;65;49m▀[38;2;213;213;238;48;2;16;16;16m▀[38;2;16;16;16;48;2;189;180;148m▀[38;2;189;180;148m▀[38;2;164;131;106m▀[38;2;90;65;49;48;2;148;65;90m▀[38;2;16;16;16m▀[38;2;239;239;255m▀[38;2;16;16;16;48;2;90;65;49m▀[38;2;238;222;189;48;2;16;16;16m▀[38;2;123;98;74;48;2;189;180;148m▀[38;2;238;222;189;48;2;238;222;189m▀[48;2;123;98;74m▀[38;2;123;98;74;48;2;238;222;189m▀▀▀▀▀[38;2;238;222;189;48;2;90;65;49m▀[38;2;189;180;148m▀[48;2;189;180;148m▀▀▀▀[38;2;90;65;49;48;2;90;65;49m▀[38;2;213;213;238;48;2;213;213;238m▀▀[38;2;16;16;16;48;2;16;16;16m▀[0m
[0m            [38;2;16;16;16;48;2;16;16;16m▀[38;2;164;131;106;48;2;90;65;49m▀[48;2;164;131;106m▀▀▀▀▀▀▀▀▀▀▀[48;2;123;98;74m▀[38;2;123;98;74m▀[38;2;90;65;49;48;2;16;16;16m▀[48;2;189;180;148m▀[38;2;189;180;148;48;2;16;16;16m▀[38;2;90;98;123;48;2;239;239;255m▀▀▀▀[38;2;239;239;255m▀▀[38;2;90;65;49;48;2;90;65;49m▀[38;2;238;222;189;48;2;238;222;189m▀[38;2;90;65;49;48;2;164;131;106m▀[38;2;189;180;148;48;2;90;65;49m▀[48;2;148;65;90m▀[38;2;148;65;90;48;2;220;126;153m▀[38;2;220;126;153m▀[48;2;148;65;90m▀[48;2;220;126;153m▀[48;2;148;65;90m▀[38;2;189;180;148;48;2;189;180;148m▀[38;2;90;65;49m▀[38;2;123;98;74;48;2;90;65;49m▀[38;2;238;222;189;48;2;16;16;16m▀[48;2;189;180;148m▀[48;2;238;222;189m▀▀▀▀▀[38;2;189;180;148;48;2;189;180;148m▀[38;2;90;65;49m▀[38;2;189;180;148;48;2;90;65;49m▀[48;2;189;180;148m▀▀[38;2;90;98;123;48;2;90;98;123m▀[38;2;213;213;238;48;2;213;213;238m▀▀[38;2;16;16;16;48;2;16;16;16m▀[0m
[0m          [38;2;16;16;16m▄[48;2;164;131;106m▀[38;2;90;65;49m▀[38;2;164;131;106m▀▀▀▀▀[48;2;123;98;74m▀[48;2;164;131;106m▀[48;2;123;98;74m▀▀▀[38;2;123;98;74m▀▀▀▀[38;2;16;16;16;48;2;16;16;16m▀[38;2;189;180;148;48;2;189;180;148m▀▀[38;2;16;16;16m▀[38;2;239;239;255;48;2;16;16;16m▀▀[48;2;239;239;255m▀▀[38;2;164;131;106;48;2;90;65;49m▀[48;2;238;222;189m▀[38;2;238;222;189m▀▀[38;2;16;16;16m▀[38;2;148;65;90;48;2;16;16;16m▀[38;2;220;126;153;48;2;220;126;153m▀[38;2;148;65;90;48;2;16;16;16m▀[38;2;16;16;16;48;2;220;126;153m▀[38;2;220;126;153m▀▀[38;2;148;65;90m▀[38;2;16;16;16m▀[38;2;164;131;106;48;2;16;16;16m▀[38;2;90;65;49;48;2;90;65;49m▀[38;2;16;16;16m▀[38;2;90;65;49;48;2;239;239;255m▀[38;2;189;180;148;48;2;90;65;49m▀[38;2;238;222;189;48;2;164;131;106m▀[48;2;189;180;148m▀[38;2;189;180;148m▀▀▀[38;2;90;65;49m▀[38;2;189;180;148;48;2;90;65;49m▀[48;2;189;180;148m▀[38;2;90;98;123;48;2;90;98;123m▀[38;2;213;213;238;48;2;213;213;238m▀▀[38;2;16;16;16;48;2;16;16;16m▀[0m
[0m         [38;2;16;16;16m▀[38;2;164;131;106;48;2;16;16;16m▀▀[48;2;90;65;49m▀[38;2;90;65;49;48;2;164;131;106m▀[38;2;164;131;106m▀▀▀[38;2;123;98;74;48;2;16;16;16m▀[38;2;164;131;106;48;2;123;98;74m▀[38;2;123;98;74;48;2;164;131;106m▀[38;2;164;131;106;48;2;123;98;74m▀[38;2;123;98;74m▀▀▀▀▀[48;2;90;65;49m▀[48;2;123;98;74m▀[38;2;16;16;16m▀[38;2;189;180;148;48;2;16;16;16m▀[48;2;189;180;148m▀[48;2;90;98;123m▀[38;2;90;98;123;48;2;213;213;238m▀[38;2;16;16;16;48;2;239;239;255m▀[38;2;239;239;255m▀[38;2;90;65;49;48;2;90;65;49m▀[38;2;238;222;189;48;2;238;222;189m▀▀▀▀[38;2;16;16;16m▀[38;2;220;126;153;48;2;148;65;90m▀[48;2;220;126;153m▀▀▀[48;2;16;16;16m▀[38;2;16;16;16;48;2;148;65;90m▀[38;2;148;65;90;48;2;220;126;153m▀[38;2;220;126;153m▀[38;2;16;16;16;48;2;16;16;16m▀[38;2;90;65;49;48;2;90;65;49m▀[38;2;16;16;16;48;2;16;16;16m▀[38;2;239;239;255;48;2;213;213;238m▀[38;2;90;65;49m▀[48;2;164;131;106m▀[38;2;189;180;148;48;2;90;65;49m▀▀[48;2;189;180;148m▀▀[38;2;90;65;49;48;2;90;98;123m▀[38;2;90;98;123;48;2;213;213;238m▀[38;2;213;213;238m▀▀[48;2;16;16;16m▀[38;2;16;16;16;48;2;164;131;106m▀[38;2;90;65;49m▀[49m▄[0m
[0m      [38;2;90;65;49m▄▄[48;2;123;98;74m▀▀▀[38;2;123;98;74m▀[38;2;16;16;16;48;2;16;16;16m▀[38;2;164;131;106;48;2;164;131;106m▀▀[48;2;16;16;16m▀[38;2;16;16;16;48;2;189;180;148m▀[38;2;189;180;148m▀[38;2;16;16;16;48;2;16;16;16m▀[38;2;123;98;74;48;2;123;98;74m▀[48;2;16;16;16m▀[38;2;16;16;16;48;2;189;180;148m▀[48;2;16;16;16m▀[38;2;123;98;74;48;2;123;98;74m▀▀[48;2;16;16;16m▀[38;2;16;16;16;48;2;189;180;148m▀[48;2;16;16;16m▀[48;2;189;180;148m▀[38;2;189;180;148m▀[38;2;90;98;123m▀[38;2;239;239;255;48;2;90;98;123m▀[48;2;239;239;255m▀▀▀▀[38;2;90;65;49;48;2;90;65;49m▀[38;2;238;222;189;48;2;189;180;148m▀[48;2;238;222;189m▀▀▀▀[38;2;16;16;16m▀[38;2;220;126;153;48;2;16;16;16m▀[48;2;220;126;153m▀▀▀▀[48;2;16;16;16m▀[38;2;16;16;16;48;2;189;180;148m▀[38;2;164;131;106m▀[38;2;90;65;49;48;2;164;131;106m▀[48;2;16;16;16m▀[48;2;90;65;49m▀[48;2;164;131;106m▀[48;2;90;98;123m▀[38;2;90;98;123;48;2;213;213;238m▀▀▀[38;2;213;213;238m▀▀[48;2;90;65;49m▀▀[38;2;16;16;16m▀[38;2;90;65;49;48;2;164;131;106m▀[38;2;164;131;106m▀[38;2;90;65;49m▀[49m▄[0m
[0m    [38;2;16;16;16m▄[38;2;90;65;49;48;2;123;98;74m▀[38;2;123;98;74m▀▀▀▀▀▀[38;2;16;16;16m▀[38;2;164;131;106;48;2;16;16;16m▀[38;2;16;16;16;48;2;238;222;189m▀[38;2;189;180;148;48;2;90;65;49m▀[48;2;238;222;189m▀[48;2;189;180;148m▀▀[38;2;16;16;16m▀[38;2;189;180;148m▀▀▀[38;2;16;16;16m▀[38;2;123;98;74;48;2;16;16;16m▀[38;2;16;16;16;48;2;189;180;148m▀[38;2;189;180;148m▀[38;2;16;16;16;48;2;16;16;16m▀[38;2;189;180;148;48;2;189;180;148m▀▀▀[48;2;90;98;123m▀[38;2;90;98;123;48;2;239;239;255m▀[38;2;239;239;255m▀▀▀▀[38;2;90;65;49;48;2;90;65;49m▀[38;2;189;180;148;48;2;189;180;148m▀[38;2;238;222;189m▀▀[48;2;238;222;189m▀▀▀[38;2;148;65;90;48;2;189;180;148m▀[38;2;16;16;16m▀▀[48;2;90;65;49m▀[38;2;189;180;148m▀[48;2;189;180;148m▀[48;2;16;16;16m▀[38;2;16;16;16;48;2;239;239;255m▀[38;2;239;239;255m▀[38;2;16;16;16;48;2;16;16;16m▀[38;2;189;180;148;48;2;189;180;148m▀[38;2;90;98;123;48;2;16;16;16m▀[38;2;213;213;238;48;2;213;213;238m▀▀[48;2;90;65;49m▀[38;2;90;65;49;48;2;238;222;189m▀▀[38;2;238;222;189m▀▀[38;2;189;180;148m▀[38;2;90;65;49;48;2;189;180;148m▀[38;2;164;131;106m▀[48;2;164;131;106m▀[38;2;16;16;16;48;2;16;16;16m▀[0m
[0m   [38;2;16;16;16m▄[48;2;90;65;49m▀[38;2;123;98;74;48;2;123;98;74m▀▀▀▀▀▀▀[38;2;16;16;16;48;2;16;16;16m▀[38;2;238;222;189;48;2;238;222;189m▀[48;2;16;16;16m▀[38;2;90;65;49;48;2;238;222;189m▀[38;2;238;222;189m▀▀[38;2;90;65;49;48;2;90;65;49m▀[38;2;189;180;148;48;2;238;222;189m▀▀[48;2;189;180;148m▀▀[48;2;238;222;189m▀[48;2;90;65;49m▀[38;2;238;222;189;48;2;238;222;189m▀[38;2;189;180;148m▀▀[38;2;16;16;16m▀[38;2;189;180;148;48;2;16;16;16m▀[38;2;90;98;123;48;2;189;180;148m▀[38;2;239;239;255;48;2;16;16;16m▀▀[48;2;239;239;255m▀▀▀▀▀[38;2;16;16;16;48;2;213;213;238m▀[38;2;189;180;148;48;2;16;16;16m▀[48;2;189;180;148m▀▀▀▀▀▀▀▀▀[38;2;90;65;49m▀▀[38;2;239;239;255;48;2;90;65;49m▀▀[38;2;16;16;16;48;2;189;180;148m▀[38;2;189;180;148;48;2;16;16;16m▀[38;2;16;16;16;48;2;213;213;238m▀[38;2;213;213;238;48;2;90;65;49m▀[38;2;90;65;49;48;2;238;222;189m▀[38;2;238;222;189m▀▀▀▀▀[48;2;189;180;148m▀[38;2;189;180;148m▀▀[38;2;164;131;106;48;2;164;131;106m▀[38;2;16;16;16;48;2;16;16;16m▀[0m
[0m   [38;2;16;16;16;48;2;16;16;16m▀[38;2;90;65;49;48;2;90;65;49m▀▀[38;2;123;98;74m▀[48;2;123;98;74m▀▀▀▀▀[38;2;16;16;16m▀[38;2;189;180;148;48;2;16;16;16m▀[38;2;16;16;16m▀[38;2;189;180;148;48;2;189;180;148m▀[38;2;238;222;189m▀[38;2;90;65;49;48;2;16;16;16m▀[38;2;238;222;189;48;2;238;222;189m▀▀▀[38;2;90;65;49;48;2;90;65;49m▀[38;2;238;222;189;48;2;238;222;189m▀▀[38;2;16;16;16;48;2;16;16;16m▀[38;2;90;65;49;48;2;189;180;148m▀[38;2;238;222;189;48;2;90;65;49m▀[48;2;238;222;189m▀▀[38;2;16;16;16;48;2;16;16;16m▀[38;2;189;180;148;48;2;189;180;148m▀▀[48;2;90;98;123m▀[38;2;90;98;123;48;2;239;239;255m▀[38;2;239;239;255m▀▀▀▀▀[38;2;213;213;238;48;2;213;213;238m▀[38;2;16;16;16m▀[38;2;189;180;148;48;2;16;16;16m▀▀[48;2;189;180;148m▀▀▀▀▀▀▀▀▀▀[48;2;16;16;16m▀[38;2;16;16;16;48;2;213;213;238m▀[38;2;213;213;238;48;2;164;131;106m▀[38;2;164;131;106;48;2;189;180;148m▀[38;2;238;222;189;48;2;16;16;16m▀[48;2;238;222;189m▀▀[48;2;90;65;49m▀[38;2;16;16;16;48;2;123;98;74m▀[38;2;189;180;148;48;2;16;16;16m▀[48;2;189;180;148m▀[48;2;164;131;106m▀[38;2;164;131;106;48;2;90;65;49m▀[38;2;16;16;16m▀[49m▄[0m
[0m   [38;2;16;16;16;48;2;16;16;16m▀[38;2;90;65;49;48;2;90;65;49m▀▀▀▀[38;2;123;98;74m▀▀▀[38;2;90;65;49m▀▀▀[38;2;16;16;16;48;2;16;16;16m▀[38;2;123;98;74m▀[38;2;189;180;148m▀[38;2;16;16;16;48;2;189;180;148m▀[38;2;238;222;189m▀▀[38;2;189;180;148;48;2;16;16;16m▀[38;2;16;16;16;48;2;238;222;189m▀[38;2;238;222;189m▀[48;2;189;180;148m▀[38;2;16;16;16;48;2;16;16;16m▀[38;2;189;180;148m▀[38;2;123;98;74;48;2;189;180;148m▀[38;2;90;65;49;48;2;123;98;74m▀[48;2;189;180;148m▀[38;2;189;180;148m▀[48;2;90;98;123m▀[38;2;90;98;123;48;2;239;239;255m▀[38;2;239;239;255m▀▀▀▀▀▀▀▀[38;2;213;213;238;48;2;213;213;238m▀▀▀[38;2;16;16;16m▀▀[38;2;189;180;148;48;2;16;16;16m▀▀▀▀▀[38;2;90;65;49;48;2;90;65;49m▀[38;2;16;16;16;48;2;213;213;238m▀[48;2;90;65;49m▀[38;2;213;213;238m▀[48;2;16;16;16m▀[38;2;164;131;106m▀[38;2;90;65;49;48;2;90;65;49m▀[38;2;164;131;106;48;2;164;131;106m▀[38;2;16;16;16;48;2;123;98;74m▀[38;2;90;65;49;48;2;16;16;16m▀[38;2;123;98;74;48;2;123;98;74m▀▀▀[38;2;16;16;16;48;2;90;65;49m▀[38;2;90;65;49;48;2;123;98;74m▀[38;2;123;98;74m▀[48;2;16;16;16m▀[38;2;16;16;16;48;2;90;65;49m▀[38;2;90;65;49;49m▄[0m
[0m  [38;2;16;16;16m▄[48;2;16;16;16m▀[38;2;90;65;49;48;2;90;65;49m▀▀▀▀▀▀▀▀▀▀▀▀[38;2;16;16;16m▀[38;2;189;180;148;48;2;16;16;16m▀[48;2;189;180;148m▀▀[38;2;16;16;16m▀[38;2;189;180;148;48;2;16;16;16m▀[48;2;189;180;148m▀▀▀▀[38;2;16;16;16;48;2;16;16;16m▀[38;2;123;98;74;48;2;189;180;148m▀[38;2;189;180;148;48;2;123;98;74m▀[48;2;189;180;148m▀[48;2;238;222;189m▀[38;2;16;16;16m▀[48;2;189;180;148m▀▀[38;2;90;98;123;48;2;90;98;123m▀[38;2;213;213;238;48;2;16;16;16m▀▀[38;2;239;239;255;48;2;239;239;255m▀▀▀[38;2;213;213;238m▀[48;2;213;213;238m▀▀▀▀▀▀▀▀▀▀▀[38;2;90;65;49m▀[38;2;164;131;106;48;2;90;65;49m▀[48;2;164;131;106m▀[38;2;123;98;74m▀[38;2;16;16;16;48;2;123;98;74m▀[38;2;164;131;106m▀[38;2;123;98;74m▀▀▀▀▀▀▀▀[38;2;90;65;49m▀[38;2;123;98;74m▀[48;2;16;16;16m▀[38;2;16;16;16;49m▀[0m
[38;2;16;16;16;49m▄[48;2;90;65;49m▀[38;2;90;65;49m▀[38;2;16;16;16m▀[38;2;90;65;49;48;2;16;16;16m▀[48;2;90;65;49m▀▀▀▀▀▀▀▀▀▀▀▀[48;2;16;16;16m▀[38;2;16;16;16;48;2;164;131;106m▀[48;2;90;65;49m▀[48;2;189;180;148m▀[38;2;189;180;148m▀[38;2;16;16;16m▀▀▀▀[38;2;189;180;148m▀▀▀[38;2;123;98;74m▀[38;2;189;180;148;48;2;123;98;74m▀[38;2;238;222;189m▀[48;2;238;222;189m▀▀[38;2;189;180;148m▀[48;2;90;98;123m▀[38;2;90;98;123;48;2;239;239;255m▀[38;2;239;239;255m▀▀▀▀[38;2;213;213;238m▀[48;2;213;213;238m▀▀▀▀▀▀▀▀▀[38;2;90;65;49;48;2;16;16;16m▀[48;2;164;131;106m▀▀[38;2;164;131;106m▀▀▀[38;2;123;98;74m▀▀[48;2;123;98;74m▀[48;2;164;131;106m▀[48;2;123;98;74m▀▀▀▀▀▀[38;2;16;16;16;48;2;16;16;16m▀[0m
[0m [38;2;16;16;16m▀▀[38;2;90;65;49;48;2;16;16;16m▀▀[38;2;16;16;16m▀[38;2;90;65;49m▀[38;2;16;16;16;48;2;90;65;49m▀[38;2;90;65;49;48;2;16;16;16m▀[38;2;16;16;16;48;2;90;65;49m▀[38;2;90;65;49;48;2;16;16;16m▀[48;2;90;65;49m▀[48;2;16;16;16m▀▀[38;2;16;16;16;48;2;164;131;106m▀▀▀[38;2;164;131;106m▀▀[38;2;90;65;49;48;2;90;65;49m▀[38;2;189;180;148;48;2;189;180;148m▀▀[48;2;238;222;189m▀[38;2;238;222;189m▀▀▀▀▀▀[38;2;189;180;148m▀▀[48;2;189;180;148m▀[38;2;123;98;74;48;2;123;98;74m▀[38;2;238;222;189;48;2;238;222;189m▀[48;2;90;98;123m▀[38;2;90;98;123;48;2;239;239;255m▀[38;2;239;239;255m▀[48;2;90;98;123m▀[48;2;16;16;16m▀▀[48;2;90;98;123m▀[48;2;213;213;238m▀[38;2;213;213;238;48;2;239;239;255m▀[48;2;213;213;238m▀▀▀▀▀▀▀▀[48;2;90;65;49m▀[38;2;16;16;16;48;2;164;131;106m▀[38;2;164;131;106m▀[48;2;90;65;49m▀[48;2;164;131;106m▀▀▀[38;2;123;98;74m▀[38;2;164;131;106;48;2;123;98;74m▀[38;2;123;98;74;48;2;164;131;106m▀[38;2;164;131;106;48;2;123;98;74m▀[38;2;123;98;74;48;2;164;131;106m▀[48;2;123;98;74m▀[48;2;164;131;106m▀[48;2;123;98;74m▀▀[38;2;90;65;49m▀[38;2;16;16;16;49m▄[0m
[0m  [38;2;16;16;16m▄[48;2;90;65;49m▀[38;2;189;180;148;48;2;164;131;106m▀[48;2;16;16;16m▀[38;2;16;16;16m▀[38;2;90;65;49;48;2;90;65;49m▀[38;2;16;16;16m▀[38;2;90;65;49m▀[48;2;16;16;16m▀[38;2;16;16;16;48;2;123;98;74m▀[38;2;164;131;106;48;2;164;131;106m▀▀▀▀▀▀▀[38;2;90;65;49;48;2;90;65;49m▀[38;2;189;180;148;48;2;189;180;148m▀[38;2;238;222;189;48;2;238;222;189m▀▀▀▀▀▀▀▀▀▀▀[38;2;123;98;74;48;2;123;98;74m▀[38;2;189;180;148;48;2;189;180;148m▀[38;2;16;16;16;48;2;238;222;189m▀▀▀[38;2;90;98;123m▀[38;2;238;222;189m▀[48;2;90;98;123m▀[38;2;90;98;123;48;2;239;239;255m▀[38;2;239;239;255m▀[38;2;213;213;238m▀[38;2;239;239;255;48;2;213;213;238m▀[38;2;90;98;123;48;2;16;16;16m▀[38;2;213;213;238;48;2;213;213;238m▀▀▀▀▀▀[38;2;16;16;16m▀▀▀[48;2;16;16;16m▀[38;2;164;131;106;48;2;164;131;106m▀▀▀▀▀▀▀[38;2;123;98;74m▀[38;2;164;131;106m▀▀▀▀▀[38;2;16;16;16;48;2;16;16;16m▀[0m
[38;2;16;16;16;49m▄[48;2;164;131;106m▀[38;2;189;180;148;48;2;189;180;148m▀▀[38;2;16;16;16;48;2;164;131;106m▀[38;2;90;65;49;48;2;16;16;16m▀[48;2;90;65;49m▀▀▀[38;2;16;16;16;48;2;16;16;16m▀[38;2;123;98;74;48;2;123;98;74m▀[38;2;164;131;106;48;2;164;131;106m▀▀▀▀▀▀▀▀[38;2;123;98;74m▀[38;2;189;180;148;48;2;90;65;49m▀[38;2;238;222;189;48;2;238;222;189m▀▀▀▀▀▀▀▀▀▀▀▀[38;2;123;98;74;48;2;123;98;74m▀[38;2;189;180;148;48;2;189;180;148m▀[38;2;238;222;189;48;2;238;222;189m▀▀▀▀[38;2;90;98;123;48;2;90;98;123m▀[38;2;239;239;255;48;2;239;239;255m▀[48;2;213;213;238m▀[48;2;16;16;16m▀[38;2;16;16;16;48;2;189;180;148m▀▀[38;2;213;213;238;48;2;16;16;16m▀[48;2;213;213;238m▀▀▀[38;2;90;98;123;48;2;16;16;16m▀[38;2;213;213;238;48;2;213;213;238m▀▀▀[48;2;90;98;123m▀[48;2;213;213;238m▀[38;2;16;16;16;48;2;16;16;16m▀[38;2;164;131;106;48;2;164;131;106m▀▀▀▀▀▀▀▀▀▀▀▀[38;2;90;65;49;48;2;123;98;74m▀[38;2;16;16;16;49m▄[0m
[38;2;16;16;16;48;2;16;16;16m▀[38;2;189;180;148;48;2;189;180;148m▀▀[38;2;164;131;106;48;2;164;131;106m▀▀▀[38;2;16;16;16;48;2;16;16;16m▀[38;2;90;65;49;48;2;90;65;49m▀[38;2;16;16;16;48;2;16;16;16m▀[38;2;123;98;74;48;2;123;98;74m▀[38;2;164;131;106;48;2;164;131;106m▀▀▀▀▀▀▀▀▀▀[38;2;90;65;49;48;2;90;65;49m▀[38;2;238;222;189;48;2;189;180;148m▀[48;2;238;222;189m▀▀▀▀▀▀▀▀▀▀▀[38;2;90;65;49;48;2;90;65;49m▀[38;2;189;180;148;48;2;189;180;148m▀▀[38;2;238;222;189m▀[48;2;238;222;189m▀▀[38;2;90;98;123m▀[38;2;16;16;16m▀▀[38;2;238;222;189;48;2;189;180;148m▀[38;2;189;180;148m▀▀[38;2;16;16;16m▀[38;2;213;213;238;48;2;16;16;16m▀[48;2;213;213;238m▀[48;2;16;16;16m▀[38;2;16;16;16;48;2;189;180;148m▀[38;2;90;98;123;48;2;16;16;16m▀[38;2;213;213;238;48;2;213;213;238m▀▀[38;2;16;16;16;48;2;16;16;16m▀[38;2;90;98;123;48;2;90;65;49m▀[38;2;16;16;16;48;2;90;98;123m▀[38;2;123;98;74;48;2;16;16;16m▀[38;2;164;131;106;48;2;164;131;106m▀▀▀▀▀▀▀▀▀▀▀[38;2;123;98;74;48;2;123;98;74m▀[38;2;16;16;16;48;2;16;16;16m▀[0m
[38;2;16;16;16;48;2;16;16;16m▀[38;2;189;180;148;48;2;189;180;148m▀[38;2;164;131;106;48;2;164;131;106m▀▀[48;2;16;16;16m▀[38;2;16;16;16;48;2;90;65;49m▀[38;2;90;65;49m▀▀[38;2;123;98;74;48;2;123;98;74m▀▀[38;2;164;131;106;48;2;164;131;106m▀▀▀▀▀▀▀▀▀▀[38;2;123;98;74m▀[38;2;189;180;148;48;2;90;65;49m▀[38;2;238;222;189;48;2;189;180;148m▀[48;2;238;222;189m▀▀▀▀▀▀▀▀▀▀▀[38;2;90;65;49;48;2;90;65;49m▀[38;2;189;180;148;48;2;189;180;148m▀▀▀▀▀▀▀▀▀▀▀[38;2;16;16;16m▀[38;2;213;213;238;48;2;16;16;16m▀[38;2;16;16;16;48;2;189;180;148m▀[38;2;189;180;148m▀▀[38;2;16;16;16m▀[38;2;213;213;238;48;2;90;98;123m▀[38;2;16;16;16;48;2;16;16;16m▀[38;2;90;65;49;48;2;90;65;49m▀▀[38;2;16;16;16;48;2;16;16;16m▀[38;2;164;131;106;48;2;123;98;74m▀[48;2;164;131;106m▀▀▀▀▀▀▀▀▀[38;2;123;98;74;48;2;123;98;74m▀▀[38;2;90;65;49m▀[38;2;16;16;16;48;2;16;16;16m▀[0m
[38;2;16;16;16;48;2;16;16;16m▀[38;2;164;131;106;48;2;164;131;106m▀▀[38;2;16;16;16;48;2;16;16;16m▀[38;2;90;65;49;48;2;90;65;49m▀▀▀▀[38;2;123;98;74;48;2;123;98;74m▀▀[38;2;164;131;106m▀[48;2;164;131;106m▀▀▀▀▀▀▀▀▀▀[38;2;90;65;49m▀[38;2;189;180;148;48;2;90;65;49m▀[38;2;238;222;189;48;2;189;180;148m▀[48;2;238;222;189m▀▀▀▀▀▀▀▀▀▀[38;2;189;180;148;48;2;189;180;148m▀[38;2;90;65;49m▀[38;2;189;180;148;48;2;90;65;49m▀▀[48;2;189;180;148m▀▀▀▀▀▀▀▀▀▀▀▀[48;2;16;16;16m▀[38;2;90;65;49;48;2;90;65;49m▀[38;2;16;16;16m▀[38;2;90;65;49m▀▀▀[38;2;16;16;16m▀[38;2;123;98;74;48;2;123;98;74m▀▀[38;2;164;131;106m▀[48;2;164;131;106m▀[48;2;123;98;74m▀[48;2;164;131;106m▀[48;2;123;98;74m▀[48;2;164;131;106m▀[48;2;123;98;74m▀[38;2;123;98;74m▀▀▀▀[38;2;16;16;16;48;2;90;65;49m▀[0m
[38;2;16;16;16;49m▀[38;2;90;65;49;48;2;16;16;16m▀[38;2;164;131;106m▀[48;2;164;131;106m▀[38;2;16;16;16m▀▀[38;2;90;65;49;48;2;16;16;16m▀[48;2;90;65;49m▀[48;2;16;16;16m▀[38;2;123;98;74;48;2;123;98;74m▀▀[38;2;164;131;106m▀[48;2;164;131;106m▀▀▀▀▀▀▀▀▀▀[38;2;90;65;49;48;2;123;98;74m▀[38;2;189;180;148;48;2;90;65;49m▀[48;2;189;180;148m▀[38;2;238;222;189m▀▀[48;2;238;222;189m▀▀▀▀▀[48;2;189;180;148m▀[38;2;189;180;148m▀▀▀▀▀[38;2;90;65;49m▀▀[38;2;189;180;148;48;2;90;65;49m▀▀▀▀[48;2;16;16;16m▀▀▀[38;2;16;16;16;48;2;189;180;148m▀[48;2;123;98;74m▀[48;2;90;65;49m▀[38;2;90;65;49m▀▀▀▀▀▀▀▀[38;2;123;98;74;48;2;123;98;74m▀▀▀[38;2;164;131;106m▀[38;2;123;98;74m▀[38;2;164;131;106m▀[38;2;123;98;74;48;2;164;131;106m▀[38;2;164;131;106;48;2;123;98;74m▀[38;2;123;98;74m▀▀▀▀▀[38;2;16;16;16;48;2;16;16;16m▀[0m
[0m   [38;2;16;16;16m▀▀▀▀[38;2;90;65;49;48;2;16;16;16m▀[48;2;90;65;49m▀[38;2;16;16;16;48;2;16;16;16m▀[38;2;123;98;74;48;2;90;65;49m▀[48;2;123;98;74m▀▀▀[38;2;164;131;106m▀▀▀▀▀▀▀[38;2;123;98;74m▀▀▀[38;2;90;65;49m▀[38;2;189;180;148;48;2;16;16;16m▀[48;2;90;65;49m▀[48;2;189;180;148m▀▀▀▀▀▀▀▀▀▀▀▀▀▀▀▀▀▀[48;2;16;16;16m▀[38;2;123;98;74m▀[38;2;16;16;16;49m▀▀▀▀▀▀[38;2;90;65;49;48;2;16;16;16m▀▀▀▀[48;2;90;65;49m▀▀[38;2;123;98;74m▀[48;2;123;98;74m▀▀▀▀▀▀▀▀▀▀[48;2;16;16;16m▀[38;2;16;16;16;49m▀[0m
[0m        [38;2;16;16;16m▀[0m [38;2;16;16;16m▀▀[38;2;123;98;74;48;2;16;16;16m▀▀[48;2;123;98;74m▀▀▀▀▀▀▀▀[48;2;90;65;49m▀▀[48;2;16;16;16m▀▀▀[38;2;16;16;16m▀[49m▀▀[38;2;189;180;148;48;2;16;16;16m▀▀▀▀▀▀▀▀▀▀▀[38;2;16;16;16;49m▀▀▀▀[0m            [38;2;16;16;16m▀▀▀▀▀[38;2;123;98;74;48;2;16;16;16m▀▀▀▀▀▀[38;2;90;65;49;49m▀[38;2;16;16;16m▀[0m
[0m              [38;2;16;16;16m▀▀▀▀▀▀▀▀▀[0m
