[0m                [38;2;124;90;57;48;2;124;90;57m▀[48;2;255;222;106m▀▀[49m▄▄[0m         [38;2;124;90;57m▄▄▄▄[0m
[0m                [38;2;16;16;16;48;2;16;16;16m▀[38;2;255;222;106;48;2;255;222;106m▀▀▀▀[38;2;16;16;16m▀[49m▄[38;2;124;90;57m▄▄[0m [38;2;124;90;57m▄[48;2;255;222;106m▀▀▀[38;2;255;222;106m▀[48;2;238;197;115m▀[48;2;222;180;98m▀[38;2;16;16;16;48;2;16;16;16m▀[0m
[0m                 [38;2;16;16;16;48;2;16;16;16m▀[38;2;255;222;106;48;2;255;222;106m▀[48;2;222;180;98m▀[38;2;222;180;98;48;2;124;90;57m▀[38;2;124;90;57;48;2;255;222;106m▀[38;2;255;238;139m▀▀[38;2;255;222;106m▀[38;2;124;90;57;48;2;124;90;57m▀[38;2;255;222;106;48;2;255;222;106m▀[48;2;238;197;115m▀[48;2;222;180;98m▀▀[38;2;222;180;98m▀▀[38;2;16;16;16;48;2;16;16;16m▀[0m
[0m                  [38;2;16;16;16m▀[38;2;222;180;98;48;2;16;16;16m▀[38;2;124;90;57;48;2;124;90;57m▀[38;2;255;222;106;48;2;238;197;115m▀▀[38;2;238;197;115;48;2;222;180;98m▀[38;2;124;90;57;48;2;124;90;57m▀[38;2;255;222;106;48;2;222;180;98m▀[38;2;238;197;115m▀[38;2;222;180;98m▀▀▀[48;2;16;16;16m▀[38;2;16;16;16;49m▀[0m
[0m                 [38;2;124;90;57m▄▄[48;2;255;238;139m▀[38;2;16;16;16;48;2;222;180;98m▀[38;2;238;197;115;48;2;16;16;16m▀[48;2;222;180;98m▀[38;2;222;180;98m▀[38;2;124;90;57m▀[38;2;222;180;98;48;2;16;16;16m▀▀▀[38;2;16;16;16;48;2;222;180;98m▀[48;2;124;90;57m▀[49m▄[0m
[0m              [38;2;124;90;57m▄[48;2;222;180;98m▀[48;2;255;238;139m▀[38;2;255;238;139m▀▀▀▀[38;2;255;222;106m▀[38;2;16;16;16;48;2;255;222;106m▀▀▀[38;2;255;222;106m▀▀▀▀▀▀[38;2;16;16;16m▀▀[49m▄[0m
[0m            [38;2;16;16;16m▄[48;2;255;222;106m▀[38;2;255;238;139;48;2;255;238;139m▀[48;2;222;180;98m▀[48;2;124;90;57m▀[48;2;255;238;139m▀▀▀▀[48;2;255;222;106m▀[38;2;255;222;106m▀▀▀▀▀[48;2;124;90;57m▀▀[48;2;222;180;98m▀[48;2;255;222;106m▀▀▀▀[38;2;16;16;16m▀[49m▄[0m
[0m           [38;2;16;16;16m▄[48;2;255;222;106m▀[38;2;255;222;106m▀▀▀[38;2;255;238;139m▀[38;2;124;90;57m▀[38;2;255;238;139;48;2;124;90;57m▀[48;2;255;222;106m▀[38;2;255;222;106m▀▀▀▀[48;2;124;90;57m▀[38;2;124;90;57;48;2;222;180;98m▀[48;2;255;222;106m▀[38;2;255;222;106m▀▀▀▀▀▀▀▀[38;2;222;180;98;48;2;222;180;98m▀[38;2;16;16;16;48;2;16;16;16m▀[0m
[0m          [38;2;16;16;16m▄[48;2;222;106;139m▀[38;2;255;222;106;48;2;222;180;98m▀[48;2;255;222;106m▀▀▀▀▀[38;2;124;90;57m▀[38;2;255;222;106;48;2;124;90;57m▀[48;2;255;222;106m▀▀▀[48;2;124;90;57m▀[38;2;124;90;57;48;2;255;222;106m▀[38;2;255;222;106m▀▀▀▀▀▀▀▀▀[48;2;222;180;98m▀[38;2;222;180;98m▀▀[38;2;16;16;16;48;2;16;16;16m▀[0m
[0m          [38;2;16;16;16;48;2;16;16;16m▀[38;2;197;74;123;48;2;255;222;106m▀[38;2;222;106;139;48;2;222;106;139m▀[38;2;222;180;98m▀[38;2;255;222;106;48;2;255;222;106m▀▀▀[48;2;222;180;98m▀[48;2;255;222;106m▀[38;2;124;90;57;48;2;222;180;98m▀[38;2;255;222;106;48;2;255;222;106m▀▀▀[38;2;124;90;57;48;2;222;180;98m▀[38;2;255;222;106;48;2;255;222;106m▀▀▀[48;2;222;180;98m▀[48;2;255;222;106m▀▀▀[48;2;222;106;139m▀[38;2;222;106;139m▀[48;2;197;74;123m▀[38;2;197;74;123m▀[38;2;222;180;98m▀[48;2;222;180;98m▀[38;2;16;16;16;48;2;16;16;16m▀[0m
[0m          [38;2;16;16;16m▀[38;2;255;222;106;48;2;16;16;16m▀[38;2;197;74;123;48;2;255;222;106m▀[38;2;222;106;139;48;2;222;106;139m▀[38;2;222;180;98m▀[38;2;255;222;106;48;2;255;222;106m▀▀[38;2;222;180;98;48;2;124;90;57m▀[38;2;255;222;106;48;2;255;222;106m▀[38;2;222;180;98m▀[38;2;255;222;106m▀▀▀[38;2;222;180;98m▀[38;2;255;222;106m▀▀▀[38;2;222;180;98;48;2;124;90;57m▀[38;2;255;222;106;48;2;255;222;106m▀▀[38;2;222;106;139;48;2;222;106;139m▀[48;2;197;74;123m▀[38;2;197;74;123;48;2;238;197;115m▀[38;2;238;197;115m▀[38;2;164;131;65m▀[38;2;197;74;123;48;2;197;74;123m▀[38;2;124;90;57m▀[38;2;16;16;16;48;2;16;16;16m▀[0m
[0m           [38;2;16;16;16m▀[38;2;255;222;106;48;2;16;16;16m▀[38;2;197;74;123;48;2;197;74;123m▀[38;2;222;106;139m▀[38;2;255;222;106;48;2;255;222;106m▀▀▀[38;2;124;90;57m▀[38;2;255;222;106;48;2;124;90;57m▀▀▀▀▀▀[38;2;222;180;98;48;2;222;180;98m▀[38;2;124;90;57;48;2;255;222;106m▀[38;2;255;222;106m▀▀▀[38;2;222;106;139;48;2;197;74;123m▀[38;2;197;74;123m▀[38;2;238;197;115m▀[48;2;238;197;115m▀[48;2;164;131;65m▀[38;2;197;74;123;48;2;124;90;57m▀[38;2;16;16;16;48;2;16;16;16m▀[0m
[0m         [38;2;124;90;57m▄▄[48;2;255;222;106m▀[48;2;123;123;123m▀[38;2;16;16;16m▀[38;2;222;180;98;48;2;16;16;16m▀▀[48;2;222;180;98m▀[38;2;255;222;106m▀▀▀▀▀▀▀▀▀▀[38;2;238;197;115m▀[38;2;222;180;98m▀▀▀[38;2;197;74;123m▀[48;2;197;74;123m▀[48;2;16;16;16m▀[38;2;124;90;57m▀[38;2;16;16;16;48;2;222;180;98m▀▀▀[49m▄▄[0m
[0m       [38;2;124;90;57m▄[48;2;255;222;106m▀[38;2;255;222;106m▀▀▀[38;2;164;131;65m▀[38;2;123;123;123;48;2;123;123;123m▀[38;2;81;81;81m▀▀[38;2;16;16;16m▀[48;2;81;81;81m▀[38;2;124;90;57m▀[38;2;222;180;98;48;2;16;16;16m▀▀▀▀▀▀▀▀▀▀▀[38;2;16;16;16;48;2;81;81;81m▀▀▀[38;2;81;81;81;48;2;222;180;98m▀[38;2;222;180;98m▀▀▀▀▀▀[38;2;16;16;16m▀[49m▄[0m
[0m     [38;2;16;16;16m▄[38;2;124;90;57;48;2;222;180;98m▀[38;2;255;222;106;48;2;255;222;106m▀▀[48;2;222;180;98m▀[38;2;222;180;98;48;2;124;90;57m▀[38;2;124;90;57;48;2;255;222;106m▀[38;2;255;222;106m▀▀[38;2;164;131;65m▀▀[38;2;123;123;123;48;2;123;123;123m▀▀[38;2;81;81;81m▀▀[48;2;81;81;81m▀▀▀▀▀▀▀▀▀▀[48;2;164;131;65m▀[48;2;222;180;98m▀[38;2;222;180;98m▀▀▀[38;2;124;90;57m▀[38;2;222;180;98;48;2;124;90;57m▀[48;2;222;180;98m▀▀▀▀▀[38;2;16;16;16m▀[49m▄[0m
[0m   [38;2;16;16;16m▄[48;2;123;123;123m▀[38;2;123;123;123m▀▀[38;2;81;81;81m▀[38;2;222;180;98;48;2;81;81;81m▀[48;2;16;16;16m▀[38;2;16;16;16;48;2;255;222;106m▀[38;2;255;222;106m▀▀▀▀▀▀[38;2;123;123;123;48;2;123;123;123m▀▀▀▀[38;2;81;81;81m▀▀[48;2;81;81;81m▀▀▀▀[48;2;164;131;65m▀[38;2;164;131;65;48;2;222;180;98m▀▀[38;2;222;180;98m▀▀▀▀▀▀▀[38;2;124;90;57;48;2;124;90;57m▀[38;2;222;180;98;48;2;222;180;98m▀▀▀[48;2;164;131;65m▀▀▀[38;2;16;16;16;48;2;16;16;16m▀[0m
[0m [38;2;16;16;16m▄[48;2;81;81;81m▀[38;2;81;81;81m▀▀▀[38;2;123;123;123m▀[38;2;81;81;81m▀[48;2;16;16;16m▀[38;2;16;16;16;48;2;255;222;106m▀[38;2;255;222;106m▀▀[48;2;255;238;139m▀▀[48;2;255;222;106m▀▀▀[38;2;123;123;123;48;2;123;123;123m▀▀▀▀▀▀[38;2;81;81;81m▀▀▀[48;2;81;81;81m▀[38;2;164;131;65;48;2;164;131;65m▀[38;2;222;180;98;48;2;222;180;98m▀▀▀▀▀▀▀▀▀▀[38;2;124;90;57;48;2;16;16;16m▀[38;2;164;131;65;48;2;81;81;81m▀[38;2;81;81;81m▀▀▀▀▀[38;2;16;16;16;48;2;16;16;16m▀[0m
[38;2;16;16;16;48;2;16;16;16m▀[38;2;81;81;81;48;2;123;123;123m▀[38;2;123;123;123m▀▀[38;2;81;81;81m▀[48;2;81;81;81m▀▀▀[38;2;16;16;16;48;2;16;16;16m▀[38;2;255;222;106;48;2;255;222;106m▀▀[38;2;255;238;139;48;2;255;238;139m▀▀▀[38;2;255;222;106;48;2;255;222;106m▀▀▀[38;2;123;123;123;48;2;164;131;65m▀[48;2;123;123;123m▀▀▀▀▀▀▀▀[48;2;222;180;98m▀[38;2;255;222;106;48;2;255;222;106m▀▀▀[38;2;222;180;98m▀[48;2;222;180;98m▀▀▀▀▀▀▀[38;2;16;16;16;48;2;16;16;16m▀[48;2;81;81;81m▀▀[38;2;81;81;81m▀▀▀▀▀[38;2;16;16;16;48;2;16;16;16m▀[0m
[38;2;16;16;16;48;2;16;16;16m▀[38;2;123;123;123;48;2;81;81;81m▀[48;2;123;123;123m▀▀[48;2;81;81;81m▀[38;2;81;81;81m▀▀[38;2;16;16;16;48;2;16;16;16m▀[38;2;255;222;106;48;2;255;222;106m▀▀▀[38;2;255;238;139;48;2;255;238;139m▀▀▀[38;2;255;222;106;48;2;255;222;106m▀▀▀▀[38;2;123;123;123m▀[48;2;123;123;123m▀▀▀▀▀[48;2;164;131;65m▀[38;2;164;131;65;48;2;255;222;106m▀[38;2;255;222;106m▀▀▀▀▀▀[38;2;222;180;98m▀[48;2;222;180;98m▀▀▀▀[38;2;16;16;16;48;2;16;16;16m▀[38;2;81;81;81;48;2;81;81;81m▀[48;2;123;123;123m▀[38;2;123;123;123m▀▀[38;2;81;81;81m▀[48;2;81;81;81m▀▀▀[38;2;16;16;16m▀[49m▄[0m
[38;2;16;16;16;48;2;16;16;16m▀[38;2;81;81;81;48;2;81;81;81m▀▀▀▀▀▀[38;2;16;16;16;48;2;16;16;16m▀[38;2;255;222;106;48;2;255;222;106m▀▀▀[38;2;255;238;139m▀▀[38;2;255;222;106m▀▀▀▀▀▀▀▀▀▀▀▀▀▀▀▀▀▀▀▀[38;2;222;180;98m▀[48;2;222;180;98m▀▀▀[38;2;16;16;16;48;2;16;16;16m▀[38;2;81;81;81;48;2;81;81;81m▀[38;2;123;123;123m▀[48;2;123;123;123m▀▀[48;2;81;81;81m▀[38;2;81;81;81m▀▀▀▀[38;2;16;16;16;48;2;16;16;16m▀[0m
[0m [38;2;16;16;16m▀[38;2;81;81;81;48;2;16;16;16m▀▀▀▀[38;2;16;16;16;49m▀▀[38;2;255;222;106;48;2;16;16;16m▀[48;2;255;222;106m▀▀▀▀▀▀▀▀▀▀▀▀▀▀▀▀▀▀▀▀▀▀▀▀▀[38;2;222;180;98;48;2;222;180;98m▀▀▀[38;2;16;16;16m▀[38;2;81;81;81;48;2;16;16;16m▀[48;2;81;81;81m▀▀▀▀▀▀▀[48;2;16;16;16m▀[38;2;16;16;16;49m▀[0m
[0m        [38;2;16;16;16m▀[38;2;222;180;98;48;2;16;16;16m▀[38;2;255;222;106;48;2;222;180;98m▀▀▀▀[48;2;255;222;106m▀▀▀▀▀▀▀▀▀▀▀▀▀▀▀▀▀▀▀▀[38;2;222;180;98;48;2;222;180;98m▀▀▀▀▀[38;2;16;16;16m▀[38;2;81;81;81;48;2;16;16;16m▀▀▀▀▀[38;2;16;16;16;49m▀[0m
[0m          [38;2;16;16;16m▀[38;2;222;180;98;48;2;16;16;16m▀▀[48;2;124;90;57m▀▀▀[48;2;222;180;98m▀[38;2;255;222;106m▀▀▀[48;2;16;16;16m▀▀▀▀▀[48;2;255;222;106m▀▀▀▀▀▀[48;2;222;180;98m▀▀[38;2;222;180;98m▀▀▀▀[48;2;16;16;16m▀[38;2;164;131;65m▀[38;2;16;16;16;49m▀[0m
[0m        [38;2;16;16;16m▄[48;2;222;180;98m▀[48;2;255;222;106m▀[38;2;222;180;98;48;2;124;90;57m▀▀[48;2;222;180;98m▀▀▀[38;2;124;90;57m▀[48;2;16;16;16m▀[38;2;16;16;16;49m▀▀[0m     [38;2;16;16;16m▀▀▀[38;2;255;222;106;48;2;16;16;16m▀[38;2;222;180;98m▀▀▀▀[48;2;222;180;98m▀▀[38;2;16;16;16m▀▀[49m▄[0m
[0m        [38;2;16;16;16m▀[38;2;255;222;106;48;2;16;16;16m▀[38;2;124;90;57m▀[38;2;222;180;98;48;2;255;222;106m▀[38;2;255;222;106m▀[38;2;222;180;98m▀[48;2;16;16;16m▀▀[38;2;16;16;16;49m▀▀[0m            [38;2;16;16;16;48;2;16;16;16m▀[38;2;222;180;98;48;2;222;180;98m▀[48;2;255;222;106m▀[38;2;255;222;106m▀[38;2;222;180;98m▀[38;2;255;222;106;48;2;164;131;65m▀[48;2;255;222;106m▀[38;2;222;180;98m▀[38;2;16;16;16;48;2;222;180;98m▀[49m▄[0m
[0m          [38;2;16;16;16m▀▀▀▀[0m                 [38;2;16;16;16m▀[38;2;222;180;98;48;2;16;16;16m▀[38;2;255;222;106;48;2;222;180;98m▀▀[38;2;124;90;57m▀[38;2;255;222;106;48;2;124;90;57m▀[48;2;255;222;106m▀[38;2;222;180;98;48;2;222;180;98m▀[38;2;16;16;16;48;2;16;16;16m▀[0m
[0m                                 [38;2;16;16;16m▀▀▀[38;2;124;90;57m▀[38;2;16;16;16m▀▀[0m
