[0m           [38;2;0;0;0m▄[48;2;238;156;98m▀▀▀▀▀[49m▄[0m   [38;2;131;74;49m▄▄▄[0m
[0m          [38;2;0;0;0m▄[48;2;238;156;98m▀[38;2;238;156;98m▀▀▀▀▀[38;2;0;0;0;48;2;0;0;0m▀[0m [38;2;131;74;49m▄[48;2;238;156;98m▀[38;2;238;156;98;48;2;213;131;90m▀[48;2;180;106;82m▀▀[38;2;131;74;49m▀[38;2;0;0;0m▀[49m▄[0m
[0m          [38;2;0;0;0;48;2;0;0;0m▀[38;2;238;156;98;48;2;238;156;98m▀▀▀▀▀▀[38;2;0;0;0;48;2;0;0;0m▀[0m [38;2;131;74;49;48;2;131;74;49m▀[38;2;238;156;98;48;2;238;156;98m▀[38;2;213;131;90;48;2;180;106;82m▀[38;2;180;106;82m▀▀▀▀[38;2;0;0;0;48;2;0;0;0m▀[0m
[0m         [38;2;0;0;0m▄[48;2;238;156;98m▀[38;2;238;156;98m▀▀▀▀▀[38;2;131;74;49;48;2;0;0;0m▀[49m▀[0m [38;2;131;74;49;48;2;131;74;49m▀[38;2;238;156;98;48;2;213;131;90m▀[38;2;180;106;82;48;2;180;106;82m▀▀▀▀▀[38;2;0;0;0;48;2;0;0;0m▀[0m       [38;2;0;0;0m▄▄▄▄▄[0m
[0m   [38;2;0;0;0m▄▄[0m    [38;2;0;0;0;48;2;0;0;0m▀[38;2;238;156;98;48;2;238;156;98m▀▀▀▀▀▀[38;2;0;0;0;48;2;0;0;0m▀[0m [38;2;131;74;49;48;2;131;74;49m▀[38;2;213;131;90;48;2;213;131;90m▀[38;2;180;106;82;48;2;180;106;82m▀▀▀▀▀[38;2;0;0;0;48;2;0;0;0m▀[0m     [38;2;0;0;0m▄[48;2;213;180;131m▀[48;2;246;230;197m▀[38;2;213;180;131m▀▀[48;2;230;213;164m▀[48;2;213;180;131m▀▀[38;2;0;0;0m▀[49m▄[0m
[0m [38;2;0;0;0m▄[48;2;238;156;98m▀[38;2;238;156;98m▀▀[38;2;0;0;0m▀[49m▄[0m  [38;2;0;0;0;48;2;0;0;0m▀[38;2;238;156;98;48;2;238;156;98m▀▀▀▀▀▀[38;2;0;0;0;48;2;213;131;90m▀[49m▄[38;2;131;74;49;48;2;180;106;82m▀[38;2;213;131;90m▀[38;2;180;106;82m▀▀▀▀[48;2;0;0;0m▀[38;2;0;0;0;49m▀▄▄[48;2;57;65;106m▀▀[48;2;230;213;164m▀[38;2;230;213;164;48;2;246;230;197m▀[38;2;246;230;197m▀▀▀▀▀[38;2;230;213;164;48;2;230;213;164m▀[38;2;213;180;131;48;2;213;180;131m▀▀▀[38;2;0;0;0;48;2;0;0;0m▀[0m
[38;2;0;0;0;48;2;0;0;0m▀[38;2;238;156;98;48;2;238;156;98m▀▀▀▀▀▀[38;2;0;0;0m▀[48;2;180;106;82m▀[48;2;0;0;0m▀[38;2;238;156;98;48;2;238;156;98m▀▀▀▀▀▀[38;2;213;131;90m▀[48;2;213;131;90m▀[38;2;180;106;82;48;2;180;106;82m▀▀▀▀▀▀[38;2;0;0;0;48;2;0;0;0m▀[48;2;98;98;148m▀[38;2;57;65;106;48;2;57;65;106m▀▀▀[38;2;213;180;131;48;2;246;230;197m▀[38;2;246;230;197m▀▀▀▀▀▀[48;2;230;213;164m▀[38;2;213;180;131;48;2;213;180;131m▀▀▀[48;2;139;106;82m▀[38;2;139;106;82;48;2;57;65;106m▀[38;2;0;0;0m▀▀[49m▄[0m
[38;2;0;0;0;49m▀[38;2;238;156;98;48;2;0;0;0m▀▀[48;2;238;156;98m▀▀▀▀▀▀[38;2;180;106;82m▀[38;2;238;156;98m▀▀▀▀▀▀▀[38;2;213;131;90;48;2;180;106;82m▀[38;2;180;106;82m▀▀▀▀[48;2;0;0;0m▀[38;2;0;0;0;48;2;98;98;148m▀[38;2;98;98;148m▀[38;2;57;65;106;48;2;57;65;106m▀▀▀[38;2;213;180;131;48;2;213;180;131m▀[38;2;246;230;197;48;2;246;230;197m▀▀▀▀▀▀[48;2;230;213;164m▀[38;2;230;213;164;48;2;213;180;131m▀[38;2;213;180;131;48;2;139;106;82m▀[48;2;57;65;106m▀[38;2;57;65;106m▀▀▀▀▀▀[38;2;0;0;0m▀[49m▄[0m
[0m   [38;2;0;0;0m▀[38;2;238;156;98;48;2;0;0;0m▀[48;2;238;156;98m▀▀▀▀▀▀▀▀▀▀▀[38;2;213;131;90;48;2;180;106;82m▀[38;2;180;106;82m▀▀▀▀[38;2;0;0;0;48;2;0;0;0m▀[38;2;98;98;148;48;2;98;98;148m▀▀[38;2;57;65;106;48;2;57;65;106m▀▀▀[48;2;213;180;131m▀[38;2;246;230;197;48;2;246;230;197m▀▀▀▀▀[48;2;230;213;164m▀[38;2;230;213;164;48;2;57;65;106m▀[38;2;139;106;82m▀[38;2;57;65;106m▀▀▀▀▀▀[48;2;139;106;82m▀[38;2;139;106;82;48;2;230;213;164m▀▀[38;2;0;0;0m▀▀[49m▄[0m
[0m     [38;2;0;0;0;48;2;0;0;0m▀[38;2;238;156;98;48;2;238;156;98m▀▀▀▀▀▀▀▀▀[38;2;180;106;82;48;2;180;106;82m▀▀▀▀▀▀[38;2;0;0;0m▀[38;2;98;98;148;48;2;0;0;0m▀[48;2;98;98;148m▀[38;2;57;65;106m▀[48;2;57;65;106m▀▀[38;2;213;180;131;48;2;246;230;197m▀[38;2;246;230;197m▀▀▀▀[48;2;98;98;148m▀[38;2;98;98;148m▀▀▀[38;2;57;65;106m▀[48;2;57;65;106m▀▀▀▀[38;2;139;106;82;48;2;213;180;131m▀[38;2;230;213;164;48;2;230;213;164m▀[48;2;139;106;82m▀▀▀[48;2;230;213;164m▀▀[38;2;0;0;0;48;2;0;0;0m▀[0m
[0m      [38;2;0;0;0;48;2;0;0;0m▀[38;2;238;156;98;48;2;180;106;82m▀[48;2;213;131;90m▀[48;2;238;156;98m▀▀▀[48;2;180;106;82m▀[38;2;213;131;90m▀[38;2;180;106;82m▀[48;2;213;180;131m▀[38;2;131;74;49;48;2;246;230;197m▀▀[48;2;213;180;131m▀▀[38;2;180;106;82;48;2;131;74;49m▀▀[38;2;0;0;0;48;2;0;0;0m▀[38;2;98;98;148;48;2;98;98;148m▀▀[38;2;57;65;106;48;2;57;65;106m▀▀[38;2;246;230;197;48;2;246;230;197m▀▀▀▀[38;2;213;180;131;48;2;98;98;148m▀[38;2;98;98;148m▀▀▀▀[48;2;57;65;106m▀[38;2;57;65;106;48;2;0;0;0m▀▀[38;2;0;0;0;48;2;213;180;131m▀[48;2;139;106;82m▀[38;2;230;213;164;48;2;230;213;164m▀[38;2;139;106;82;48;2;139;106;82m▀[38;2;0;0;0;48;2;0;0;0m▀▀▀[38;2;230;213;164;48;2;230;213;164m▀▀[38;2;0;0;0;48;2;0;0;0m▀[0m        [38;2;131;74;49m▄▄▄[0m
[0m       [38;2;0;0;0;48;2;0;0;0m▀[38;2;180;106;82;48;2;180;106;82m▀▀▀▀▀▀[38;2;213;180;131;48;2;246;230;197m▀[38;2;246;230;197m▀▀▀▀▀▀[38;2;213;180;131m▀[48;2;0;0;0m▀[38;2;0;0;0m▀[38;2;57;65;106;48;2;57;65;106m▀[38;2;98;98;148;48;2;98;98;148m▀[38;2;57;65;106;48;2;57;65;106m▀[38;2;213;180;131;48;2;213;180;131m▀[38;2;246;230;197;48;2;246;230;197m▀▀[48;2;98;98;148m▀[38;2;98;98;148m▀▀▀[48;2;57;65;106m▀[38;2;57;65;106;48;2;0;0;0m▀[38;2;0;0;0;48;2;230;213;164m▀[38;2;230;213;164m▀[38;2;139;106;82;48;2;139;106;82m▀[38;2;213;180;131;48;2;213;180;131m▀[38;2;139;106;82m▀[38;2;230;213;164m▀[38;2;139;106;82;48;2;0;0;0m▀[38;2;0;0;0;48;2;139;106;82m▀▀[38;2;139;106;82;48;2;213;180;131m▀[38;2;230;213;164;48;2;0;0;0m▀[38;2;0;0;0m▀[0m       [38;2;131;74;49m▄[48;2;238;156;98m▀[38;2;238;156;98m▀▀▀[38;2;131;74;49m▀▀▀[49m▄▄[0m
[0m        [38;2;0;0;0m▀[38;2;180;106;82;48;2;0;0;0m▀▀[48;2;180;106;82m▀▀[38;2;131;74;49;48;2;131;74;49m▀[38;2;246;230;197;48;2;213;180;131m▀[48;2;246;230;197m▀▀▀▀▀[48;2;0;0;0m▀[38;2;0;0;0;48;2;246;230;197m▀[38;2;246;230;197m▀[38;2;0;0;0m▀[38;2;255;255;255;48;2;0;0;0m▀[38;2;57;65;106;48;2;57;65;106m▀[38;2;98;98;148;48;2;98;98;148m▀[38;2;139;106;82m▀[38;2;246;230;197;48;2;246;230;197m▀[48;2;98;98;148m▀[38;2;98;98;148m▀▀[48;2;57;65;106m▀[38;2;57;65;106;48;2;0;0;0m▀[38;2;0;0;0;48;2;230;213;164m▀[48;2;0;0;0m▀[38;2;255;255;255;48;2;255;255;255m▀[48;2;139;106;82m▀[38;2;213;180;131;48;2;230;213;164m▀[38;2;230;213;164m▀▀[38;2;213;180;131;48;2;139;106;82m▀[48;2;0;0;0m▀▀▀[38;2;0;0;0;48;2;213;180;131m▀[38;2;213;180;131m▀▀[38;2;0;0;0m▀[49m▄[0m    [38;2;131;74;49m▄[48;2;238;156;98m▀[38;2;238;156;98m▀[48;2;180;106;82m▀[38;2;213;131;90m▀▀[38;2;238;156;98m▀[48;2;213;131;90m▀[48;2;238;156;98m▀▀▀[38;2;131;74;49m▀[49m▄[0m
[0m           [38;2;0;0;0m▀▀▀▀[38;2;246;230;197;48;2;0;0;0m▀[48;2;246;230;197m▀▀▀[38;2;0;0;0;48;2;0;0;0m▀[38;2;246;230;197;48;2;246;230;197m▀▀▀▀[38;2;0;0;0m▀[38;2;139;106;82;48;2;0;0;0m▀[38;2;57;65;106m▀[38;2;98;98;148;48;2;98;98;148m▀[38;2;139;106;82m▀[38;2;98;98;148m▀[38;2;57;65;106;48;2;0;0;0m▀[38;2;0;0;0;48;2;213;180;131m▀[38;2;139;106;82m▀[48;2;230;213;164m▀[38;2;255;255;255m▀[38;2;213;180;131m▀[38;2;230;213;164m▀▀[48;2;213;180;131m▀[38;2;213;180;131;48;2;0;0;0m▀▀[38;2;0;0;0;48;2;213;180;131m▀[38;2;213;180;131m▀▀▀▀[48;2;139;106;82m▀▀▀▀[38;2;0;0;0;48;2;0;0;0m▀[0m  [38;2;0;0;0m▄[38;2;131;74;49;48;2;238;156;98m▀[38;2;238;156;98m▀[38;2;180;106;82;48;2;180;106;82m▀▀▀▀▀▀▀[38;2;213;131;90m▀[38;2;238;156;98m▀[48;2;213;131;90m▀[38;2;0;0;0;48;2;0;0;0m▀[0m
[0m                [38;2;0;0;0m▀[38;2;246;230;197;48;2;0;0;0m▀[38;2;0;0;0m▀[38;2;246;230;197;48;2;246;230;197m▀▀▀▀▀▀▀[38;2;0;0;0m▀[38;2;57;65;106;48;2;139;106;82m▀[38;2;98;98;148;48;2;57;65;106m▀[38;2;57;65;106;48;2;139;106;82m▀[38;2;139;106;82m▀[38;2;213;180;131m▀▀[48;2;0;0;0m▀[38;2;230;213;164m▀▀[38;2;0;0;0;48;2;213;180;131m▀▀▀[38;2;213;180;131m▀[48;2;131;74;49m▀[48;2;0;0;0m▀▀▀[38;2;139;106;82m▀[48;2;213;180;131m▀[38;2;213;180;131m▀▀▀▀[38;2;139;106;82m▀[38;2;0;0;0m▀[49m▄[48;2;238;156;98m▀[38;2;238;156;98m▀[38;2;213;131;90;48;2;180;106;82m▀[38;2;180;106;82m▀▀▀▀▀▀▀▀▀[38;2;0;0;0;48;2;0;0;0m▀[49m▀[0m
[0m        [38;2;131;74;49m▄▄▄▄[48;2;255;213;123m▀▀▀▀▀[38;2;0;0;0;48;2;0;0;0m▀[38;2;246;230;197;48;2;246;230;197m▀▀▀▀▀▀▀▀▀[38;2;230;213;164m▀[38;2;213;180;131m▀[48;2;213;180;131m▀▀▀▀▀▀▀▀[48;2;131;74;49m▀[38;2;131;74;49;48;2;238;156;98m▀▀[38;2;238;156;98m▀▀▀▀▀[38;2;0;0;0m▀[38;2;213;180;131;48;2;0;0;0m▀[48;2;213;180;131m▀▀▀▀[38;2;0;0;0;48;2;0;0;0m▀[38;2;238;156;98;48;2;238;156;98m▀▀[38;2;213;131;90;48;2;180;106;82m▀[38;2;180;106;82m▀▀▀▀▀▀▀▀▀[38;2;0;0;0;48;2;0;0;0m▀[0m   [38;2;131;74;49m▄▄▄[0m
[0m     [38;2;131;74;49m▄[48;2;255;213;123m▀▀[38;2;255;213;123m▀▀▀▀[48;2;172;123;74m▀▀▀[38;2;172;123;74;48;2;255;213;123m▀▀[38;2;0;0;0;48;2;0;0;0m▀[38;2;246;230;197;48;2;246;230;197m▀▀▀▀▀▀▀▀▀▀▀▀[38;2;213;180;131m▀[48;2;213;180;131m▀▀▀▀▀[38;2;131;74;49;48;2;131;74;49m▀[38;2;238;156;98;48;2;213;131;90m▀[48;2;180;106;82m▀[38;2;213;131;90m▀[38;2;180;106;82m▀▀▀▀▀[38;2;238;156;98;48;2;238;156;98m▀[38;2;0;0;0m▀[38;2;213;180;131;48;2;0;0;0m▀▀▀[38;2;0;0;0;48;2;131;74;49m▀[38;2;238;156;98;48;2;213;131;90m▀[38;2;213;131;90;48;2;180;106;82m▀▀[38;2;180;106;82m▀▀▀▀▀▀▀▀[48;2;0;0;0m▀[38;2;0;0;0;49m▀[0m  [38;2;131;74;49m▄[48;2;238;156;98m▀[38;2;238;156;98m▀▀▀[38;2;131;74;49m▀[49m▄[0m
[0m    [38;2;131;74;49;48;2;131;74;49m▀[38;2;255;213;123;48;2;255;213;123m▀▀▀▀▀▀[38;2;172;123;74m▀[38;2;255;213;123m▀▀▀▀[48;2;172;123;74m▀[38;2;131;74;49m▀[38;2;246;230;197;48;2;131;74;49m▀[48;2;230;213;164m▀[48;2;238;156;98m▀▀▀▀▀[48;2;213;131;90m▀[48;2;230;213;164m▀[48;2;246;230;197m▀▀▀▀[38;2;213;180;131;48;2;213;180;131m▀▀▀▀▀[38;2;131;74;49;48;2;131;74;49m▀[38;2;180;106;82;48;2;180;106;82m▀▀▀▀▀▀▀▀▀[38;2;238;156;98;48;2;238;156;98m▀[38;2;131;74;49;48;2;131;74;49m▀[38;2;238;156;98;48;2;238;156;98m▀▀[38;2;180;106;82;48;2;180;106;82m▀▀▀▀▀▀▀▀▀▀▀▀[38;2;0;0;0;48;2;0;0;0m▀[0m  [38;2;131;74;49m▄[48;2;238;156;98m▀[38;2;238;156;98m▀[38;2;213;131;90;48;2;180;106;82m▀[38;2;180;106;82m▀[38;2;213;131;90m▀[38;2;238;156;98;48;2;238;156;98m▀▀[38;2;131;74;49m▀[49m▄[0m
[0m   [38;2;131;74;49;48;2;131;74;49m▀[38;2;172;123;74;48;2;255;213;123m▀[38;2;255;213;123m▀▀▀▀▀▀[48;2;172;123;74m▀▀[38;2;172;123;74;48;2;255;213;123m▀▀▀[38;2;255;213;123m▀▀[38;2;131;74;49;48;2;0;0;0m▀[38;2;238;156;98;48;2;238;156;98m▀▀▀▀▀▀▀▀[38;2;213;131;90m▀[38;2;246;230;197;48;2;213;131;90m▀[48;2;246;230;197m▀▀▀[38;2;213;180;131;48;2;213;180;131m▀▀▀▀[38;2;0;0;0m▀[38;2;180;106;82;48;2;0;0;0m▀[48;2;180;106;82m▀▀▀▀▀▀▀▀[38;2;238;156;98m▀[38;2;131;74;49m▀[38;2;213;131;90m▀[38;2;180;106;82m▀▀▀▀▀▀▀▀▀▀▀[48;2;0;0;0m▀[38;2;0;0;0;49m▀▄▄[48;2;238;156;98m▀[38;2;238;156;98;48;2;213;131;90m▀[48;2;180;106;82m▀[38;2;180;106;82m▀▀▀▀▀[38;2;238;156;98m▀[48;2;238;156;98m▀[38;2;180;106;82m▀[48;2;131;74;49m▀[0m
[0m   [38;2;0;0;0;48;2;0;0;0m▀[38;2;255;213;123;48;2;255;213;123m▀▀▀▀▀▀▀▀▀▀▀▀▀▀▀[38;2;0;0;0;48;2;0;0;0m▀[38;2;238;156;98;48;2;238;156;98m▀▀▀▀▀▀▀▀▀[38;2;213;131;90m▀[38;2;246;230;197;48;2;213;131;90m▀[48;2;246;230;197m▀▀[38;2;213;180;131;48;2;213;180;131m▀▀▀▀[38;2;0;0;0;48;2;139;106;82m▀[38;2;180;106;82;48;2;0;0;0m▀[48;2;180;106;82m▀▀▀▀▀▀▀▀▀▀▀▀▀▀▀▀▀▀▀▀[38;2;0;0;0m▀[48;2;213;131;90m▀▀[38;2;213;131;90;48;2;180;106;82m▀▀[38;2;180;106;82m▀▀▀▀▀▀▀▀▀▀[38;2;238;156;98;48;2;213;131;90m▀[38;2;0;0;0;48;2;0;0;0m▀[0m
[0m   [38;2;0;0;0;48;2;0;0;0m▀[38;2;255;213;123;48;2;255;213;123m▀▀▀▀▀▀▀[48;2;0;0;0m▀▀▀▀[38;2;0;0;0;48;2;255;213;123m▀[38;2;255;213;123m▀▀[38;2;172;123;74;48;2;172;123;74m▀[38;2;255;213;123;48;2;255;213;123m▀[38;2;0;0;0;48;2;0;0;0m▀[38;2;238;156;98;48;2;238;156;98m▀▀▀▀▀[48;2;213;131;90m▀[48;2;131;74;49m▀[48;2;0;0;0m▀▀[38;2;213;131;90m▀[38;2;246;230;197m▀[38;2;131;74;49;48;2;172;123;74m▀[38;2;0;0;0;48;2;213;164;98m▀▀[38;2;139;106;82m▀▀[38;2;213;164;98;48;2;172;123;74m▀[48;2;213;164;98m▀[38;2;0;0;0m▀[38;2;180;106;82;48;2;0;0;0m▀[48;2;180;106;82m▀▀▀▀▀▀▀▀▀▀▀▀▀▀▀▀▀▀▀▀▀▀▀▀▀▀▀▀▀▀▀▀▀[48;2;0;0;0m▀[38;2;0;0;0;49m▀[0m
[0m   [38;2;0;0;0;48;2;0;0;0m▀[38;2;255;213;123;48;2;255;213;123m▀▀[48;2;0;0;0m▀▀[38;2;0;0;0;48;2;57;65;106m▀▀[48;2;98;98;148m▀[38;2;57;65;106m▀[38;2;98;98;148m▀[48;2;0;0;0m▀[38;2;0;0;0;48;2;255;213;123m▀[38;2;255;213;123m▀▀[38;2;172;123;74;48;2;172;123;74m▀[38;2;255;213;123;48;2;255;213;123m▀▀▀[38;2;0;0;0m▀[38;2;213;131;90;48;2;0;0;0m▀▀[38;2;131;74;49;48;2;172;123;74m▀[38;2;0;0;0;48;2;213;164;98m▀▀[38;2;213;164;98m▀[48;2;172;123;74m▀[38;2;172;123;74;48;2;213;164;98m▀[38;2;213;164;98m▀▀▀▀▀▀▀[38;2;172;123;74m▀[38;2;213;164;98;48;2;172;123;74m▀[48;2;213;164;98m▀▀[38;2;0;0;0;48;2;0;0;0m▀[38;2;180;106;82;48;2;180;106;82m▀▀▀▀▀▀▀▀▀▀▀▀▀▀▀▀▀▀▀▀▀▀▀▀▀▀▀▀▀[48;2;0;0;0m▀▀[38;2;0;0;0;49m▀[0m
[0m    [38;2;0;0;0m▀▀[0m [38;2;0;0;0;48;2;0;0;0m▀[38;2;57;65;106;48;2;57;65;106m▀[38;2;98;98;148;48;2;98;98;148m▀▀▀[48;2;0;0;0m▀[38;2;0;0;0;48;2;255;213;123m▀[38;2;255;213;123m▀▀[38;2;172;123;74;48;2;172;123;74m▀[38;2;255;213;123;48;2;255;213;123m▀▀▀▀[38;2;172;123;74;48;2;172;123;74m▀[38;2;255;213;123;48;2;255;213;123m▀▀[38;2;213;164;98m▀▀[48;2;213;164;98m▀[38;2;172;123;74;48;2;172;123;74m▀[38;2;213;164;98;48;2;213;164;98m▀▀▀▀▀▀▀▀▀▀[38;2;172;123;74m▀[38;2;213;164;98;48;2;172;123;74m▀[48;2;213;164;98m▀▀[38;2;0;0;0;48;2;0;0;0m▀[38;2;180;106;82;48;2;180;106;82m▀▀▀▀▀▀▀▀▀▀▀▀▀▀▀▀▀▀▀▀▀▀▀[48;2;0;0;0m▀▀[38;2;0;0;0;49m▀▀▀[0m
[0m      [38;2;0;0;0;48;2;0;0;0m▀[38;2;57;65;106;48;2;57;65;106m▀[38;2;98;98;148;48;2;98;98;148m▀▀▀[48;2;0;0;0m▀[38;2;0;0;0;48;2;255;213;123m▀[38;2;255;213;123m▀▀[38;2;172;123;74;48;2;172;123;74m▀[38;2;255;213;123;48;2;255;213;123m▀▀▀▀[38;2;172;123;74;48;2;172;123;74m▀[38;2;255;213;123;48;2;255;213;123m▀▀▀▀▀[38;2;172;123;74;48;2;172;123;74m▀[38;2;213;164;98;48;2;255;213;123m▀[48;2;213;164;98m▀▀▀▀▀[48;2;172;123;74m▀[48;2;213;164;98m▀▀▀▀▀[38;2;172;123;74m▀[38;2;213;164;98;48;2;172;123;74m▀[48;2;213;164;98m▀▀[38;2;0;0;0;48;2;0;0;0m▀[38;2;180;106;82;48;2;180;106;82m▀▀▀▀▀▀▀▀▀▀▀▀▀▀▀▀▀▀▀[48;2;0;0;0m▀[38;2;0;0;0;49m▀▀[0m
[0m      [38;2;0;0;0;48;2;0;0;0m▀[38;2;57;65;106;48;2;57;65;106m▀[38;2;98;98;148;48;2;98;98;148m▀▀[48;2;0;0;0m▀[38;2;0;0;0;48;2;255;213;123m▀[38;2;255;213;123m▀▀▀▀▀▀▀[38;2;172;123;74;48;2;172;123;74m▀[38;2;255;213;123;48;2;255;213;123m▀▀▀▀▀[38;2;172;123;74;48;2;172;123;74m▀[38;2;255;213;123;48;2;255;213;123m▀▀▀[38;2;213;164;98;48;2;213;164;98m▀▀▀[48;2;0;0;0m▀[38;2;0;0;0;48;2;57;65;106m▀[38;2;213;164;98;48;2;0;0;0m▀[48;2;213;164;98m▀▀▀▀▀[38;2;172;123;74m▀[38;2;213;164;98m▀▀▀[38;2;0;0;0m▀[38;2;180;106;82;48;2;0;0;0m▀[48;2;180;106;82m▀▀▀▀▀▀▀▀▀▀▀▀▀▀▀[48;2;0;0;0m▀[38;2;0;0;0;48;2;213;164;98m▀[38;2;213;164;98m▀[38;2;0;0;0m▀[49m▄[0m
[0m      [38;2;0;0;0m▀[38;2;57;65;106;48;2;0;0;0m▀[38;2;98;98;148;48;2;57;65;106m▀[48;2;98;98;148m▀[38;2;0;0;0;48;2;0;0;0m▀[38;2;255;213;123;48;2;255;213;123m▀▀▀▀▀▀▀▀▀▀▀▀▀[48;2;172;123;74m▀[38;2;172;123;74;48;2;255;213;123m▀[38;2;255;213;123m▀▀▀[38;2;213;164;98m▀[48;2;213;164;98m▀▀[38;2;0;0;0;48;2;0;0;0m▀[38;2;57;65;106;48;2;57;65;106m▀[38;2;0;0;0;48;2;0;0;0m▀[38;2;213;164;98;48;2;213;164;98m▀▀▀▀▀▀▀▀▀▀▀[38;2;0;0;0m▀[38;2;180;106;82;48;2;0;0;0m▀▀[48;2;180;106;82m▀▀▀▀▀▀▀[48;2;0;0;0m▀▀▀[38;2;0;0;0;48;2;213;164;98m▀▀[38;2;213;164;98m▀▀▀▀▀[38;2;0;0;0;48;2;0;0;0m▀[0m
[0m       [38;2;0;0;0;48;2;0;0;0m▀[38;2;57;65;106;48;2;57;65;106m▀[38;2;98;98;148m▀[38;2;0;0;0;48;2;98;98;148m▀[38;2;255;213;123;48;2;0;0;0m▀[48;2;255;213;123m▀▀▀▀▀▀▀▀▀▀▀▀[38;2;172;123;74m▀[38;2;255;213;123m▀▀▀▀▀[38;2;213;164;98;48;2;213;164;98m▀[48;2;0;0;0m▀[38;2;0;0;0;48;2;57;65;106m▀[38;2;57;65;106m▀▀[38;2;0;0;0;48;2;0;0;0m▀[38;2;213;164;98;48;2;213;164;98m▀▀▀▀▀▀▀▀▀▀▀▀▀[38;2;0;0;0m▀▀▀[48;2;0;0;0m▀[48;2;57;65;106m▀▀[48;2;0;0;0m▀[38;2;213;164;98;48;2;213;164;98m▀▀▀▀▀▀▀▀▀[48;2;0;0;0m▀[38;2;0;0;0;49m▀[0m
[0m        [38;2;0;0;0;48;2;0;0;0m▀[38;2;57;65;106;48;2;57;65;106m▀▀▀[38;2;0;0;0m▀[38;2;172;123;74;48;2;0;0;0m▀[38;2;255;213;123m▀[48;2;255;213;123m▀▀▀▀▀▀▀▀▀▀▀▀▀▀▀[38;2;213;164;98;48;2;213;164;98m▀[38;2;0;0;0;48;2;0;0;0m▀[38;2;57;65;106;48;2;57;65;106m▀▀▀[38;2;0;0;0m▀[38;2;213;164;98;48;2;0;0;0m▀[48;2;213;164;98m▀▀▀▀▀▀▀▀▀▀▀▀▀▀▀[38;2;0;0;0m▀[38;2;57;65;106;48;2;0;0;0m▀[48;2;57;65;106m▀▀[38;2;0;0;0;48;2;0;0;0m▀[38;2;213;164;98;48;2;213;164;98m▀▀▀▀▀▀[48;2;0;0;0m▀[38;2;0;0;0;49m▀[0m
[0m         [38;2;0;0;0m▀[38;2;57;65;106;48;2;0;0;0m▀[48;2;57;65;106m▀▀▀▀[38;2;0;0;0m▀▀[38;2;255;213;123;48;2;0;0;0m▀▀[48;2;255;213;123m▀▀▀▀▀▀▀▀▀▀[48;2;213;164;98m▀[38;2;0;0;0;48;2;0;0;0m▀[38;2;57;65;106;48;2;57;65;106m▀▀▀▀▀[38;2;0;0;0;48;2;0;0;0m▀[38;2;213;164;98;48;2;213;164;98m▀▀▀▀▀▀▀▀▀▀▀▀▀▀▀▀[38;2;0;0;0m▀[38;2;57;65;106;48;2;0;0;0m▀[48;2;57;65;106m▀▀[38;2;0;0;0;48;2;0;0;0m▀[38;2;213;164;98;48;2;213;164;98m▀▀[48;2;172;123;74m▀[48;2;0;0;0m▀[38;2;0;0;0;49m▀[0m
[0m           [38;2;0;0;0m▀[38;2;57;65;106;48;2;0;0;0m▀[48;2;57;65;106m▀▀▀▀▀▀[38;2;0;0;0m▀▀[38;2;255;213;123;48;2;0;0;0m▀▀▀[48;2;255;213;123m▀▀▀▀▀[38;2;0;0;0;48;2;0;0;0m▀[49m▀[38;2;57;65;106;48;2;0;0;0m▀[48;2;57;65;106m▀▀▀▀▀[38;2;0;0;0;48;2;0;0;0m▀[38;2;213;164;98;48;2;213;164;98m▀▀▀▀▀▀▀▀▀▀▀▀▀▀▀[48;2;172;123;74m▀[38;2;0;0;0;48;2;0;0;0m▀[38;2;57;65;106;48;2;57;65;106m▀▀▀[38;2;0;0;0m▀▀[48;2;0;0;0m▀[0m
[0m          [38;2;0;0;0m▄[48;2;131;74;49m▀[38;2;131;74;49m▀[38;2;0;0;0m▀▀[38;2;57;65;106;48;2;0;0;0m▀▀▀▀[48;2;57;65;106m▀▀▀▀▀[38;2;0;0;0m▀[48;2;0;0;0m▀▀[49m▀▀[0m  [38;2;0;0;0m▀[38;2;57;65;106;48;2;0;0;0m▀[48;2;57;65;106m▀▀▀▀[38;2;0;0;0m▀[38;2;213;164;98;48;2;0;0;0m▀[48;2;213;164;98m▀▀▀▀▀[48;2;172;123;74m▀[48;2;0;0;0m▀▀▀▀[38;2;172;123;74;48;2;57;65;106m▀[38;2;0;0;0m▀▀▀[38;2;57;65;106m▀▀▀▀▀▀▀[38;2;0;0;0;48;2;0;0;0m▀[0m
[0m          [38;2;0;0;0m▀[38;2;131;74;49;48;2;0;0;0m▀▀[38;2;0;0;0m▀[38;2;180;106;82;48;2;180;106;82m▀▀▀▀[38;2;131;74;49;48;2;131;74;49m▀[38;2;0;0;0m▀[48;2;0;0;0m▀▀[49m▀▀▀[0m       [38;2;0;0;0m▀[38;2;57;65;106;48;2;0;0;0m▀[48;2;57;65;106m▀▀▀▀▀[38;2;0;0;0m▀▀▀▀▀[38;2;57;65;106m▀▀▀▀▀▀▀▀▀▀▀▀▀▀▀[38;2;0;0;0;48;2;0;0;0m▀[0m
[0m             [38;2;0;0;0m▀[38;2;180;106;82;48;2;0;0;0m▀▀▀[38;2;131;74;49m▀▀[38;2;0;0;0;49m▀[0m              [38;2;0;0;0m▀[38;2;57;65;106;48;2;0;0;0m▀[48;2;57;65;106m▀▀▀▀▀▀▀▀▀▀▀▀▀▀▀▀▀▀▀▀▀[48;2;0;0;0m▀[38;2;0;0;0;49m▀[0m
[0m                                    [38;2;0;0;0m▀▀[38;2;57;65;106;48;2;0;0;0m▀▀▀[48;2;57;65;106m▀▀▀▀▀▀▀▀▀[48;2;0;0;0m▀▀▀▀[38;2;0;0;0;48;2;131;74;49m▀[48;2;180;106;82m▀▀[49m▄[0m
[0m                                         [38;2;0;0;0m▀▀▀[48;2;0;0;0m▀[48;2;180;106;82m▀▀▀▀▀[38;2;131;74;49m▀[38;2;180;106;82m▀▀▀▀▀[48;2;213;131;90m▀[38;2;131;74;49m▀[38;2;0;0;0;48;2;0;0;0m▀[0m
[0m                                            [38;2;0;0;0;48;2;0;0;0m▀[38;2;180;106;82;48;2;131;74;49m▀[48;2;180;106;82m▀▀[48;2;213;131;90m▀[38;2;131;74;49m▀[38;2;180;106;82;48;2;131;74;49m▀[48;2;180;106;82m▀[48;2;213;131;90m▀▀[38;2;213;131;90m▀▀▀[48;2;180;106;82m▀[38;2;131;74;49m▀[38;2;0;0;0;48;2;0;0;0m▀[0m
[0m                                             [38;2;0;0;0;48;2;0;0;0m▀[38;2;180;106;82;48;2;180;106;82m▀[38;2;213;131;90m▀▀▀▀[38;2;0;0;0;48;2;0;0;0m▀[38;2;180;106;82;48;2;180;106;82m▀▀▀▀▀[48;2;0;0;0m▀▀[38;2;0;0;0;49m▀[0m
[0m                                              [38;2;0;0;0m▀[38;2;131;74;49;48;2;0;0;0m▀[38;2;180;106;82m▀▀[38;2;0;0;0;49m▀▀▀▀▀▀▀[0m
