[0m                   [38;2;65;82;156m▄▄▄[48;2;139;164;230m▀▀[38;2;49;48;73m▀▀▀[38;2;65;82;156;49m▄[38;2;49;48;73m▄[0m
[0m             [38;2;65;82;156m▄▄[38;2;98;123;189m▄[38;2;65;82;156;48;2;139;164;230m▀▀[38;2;98;123;189m▀[38;2;139;164;230m▀▀▀▀▀▀▀[38;2;98;123;189;48;2;65;82;156m▀[38;2;172;189;246;48;2;172;189;246m▀▀[38;2;65;82;156m▀[38;2;49;48;73m▀[49m▄[0m
[0m          [38;2;65;82;156m▄[48;2;139;164;230m▀▀[38;2;139;164;230m▀▀▀▀▀▀▀▀▀▀▀[48;2;65;82;156m▀[38;2;65;82;156;48;2;98;123;189m▀▀▀▀[38;2;98;123;189m▀[38;2;65;82;156m▀▀[38;2;0;0;0m▀[49m▄[0m
[0m        [38;2;65;82;156m▄[38;2;49;48;73;48;2;49;48;73m▀[38;2;98;123;189;48;2;0;0;0m▀[38;2;139;164;230;48;2;98;123;189m▀[48;2;139;164;230m▀▀▀▀▀▀▀▀▀▀[48;2;65;82;156m▀[38;2;65;82;156;48;2;98;123;189m▀[38;2;98;123;189m▀▀▀▀▀▀▀▀▀▀[38;2;0;0;0;48;2;0;0;0m▀[0m
[0m      [38;2;65;82;156m▄[48;2;98;123;189m▀[38;2;98;123;189;48;2;156;49;74m▀[38;2;49;48;73m▀[38;2;0;0;0m▀▀[38;2;49;48;73m▀[38;2;139;164;230;48;2;49;48;73m▀▀▀▀▀▀▀[48;2;65;82;156m▀[38;2;65;82;156;48;2;98;123;189m▀[38;2;98;123;189m▀▀▀▀▀▀▀▀▀▀▀▀[38;2;0;0;0;48;2;0;0;0m▀[0m
[0m  [38;2;156;49;74m▄[48;2;255;148;148m▀▀▀▀[38;2;222;82;82m▀[38;2;255;148;148m▀▀[38;2;255;106;123m▀▀[38;2;222;82;82;48;2;255;106;123m▀[38;2;0;0;0;48;2;222;82;82m▀[48;2;0;0;0m▀▀▀▀▀▀[38;2;49;48;73m▀[38;2;98;123;189;48;2;49;48;73m▀[48;2;98;123;189m▀▀▀▀▀▀▀▀▀▀▀▀[38;2;0;0;0;48;2;0;0;0m▀[0m
[0m [38;2;0;0;0;48;2;0;0;0m▀[38;2;255;148;148;48;2;156;49;74m▀[48;2;222;82;82m▀[48;2;255;106;123m▀▀▀▀[38;2;255;106;123m▀▀▀▀▀[38;2;222;82;82m▀[38;2;0;0;0;48;2;222;82;82m▀[48;2;0;0;0m▀▀[38;2;98;123;189;48;2;139;164;230m▀[38;2;0;0;0;48;2;49;48;73m▀[48;2;0;0;0m▀▀▀[38;2;49;48;73m▀[38;2;98;123;189;48;2;49;48;73m▀[48;2;98;123;189m▀▀▀▀▀[48;2;49;48;73m▀▀▀[48;2;98;123;189m▀▀▀[38;2;0;0;0;48;2;0;0;0m▀[0m
[0m [38;2;0;0;0;48;2;0;0;0m▀[38;2;156;49;74;48;2;156;49;74m▀▀▀[38;2;255;106;123m▀[48;2;222;82;82m▀[48;2;255;106;123m▀▀▀[38;2;222;82;82m▀[38;2;156;49;74m▀[48;2;156;49;74m▀▀▀[38;2;0;0;0;48;2;0;0;0m▀▀▀[38;2;139;164;230m▀[38;2;49;48;73;48;2;139;164;230m▀[38;2;0;0;0m▀[48;2;98;123;189m▀[48;2;0;0;0m▀▀[38;2;49;48;73m▀[38;2;98;123;189;48;2;65;82;156m▀[48;2;98;123;189m▀▀[38;2;49;48;73;48;2;0;0;0m▀[38;2;65;82;156;48;2;65;82;156m▀[38;2;49;48;73;48;2;49;48;73m▀[38;2;98;123;189;48;2;98;123;189m▀[38;2;49;48;73m▀[38;2;98;123;189;48;2;49;48;73m▀[48;2;98;123;189m▀[38;2;0;0;0;48;2;0;0;0m▀[0m
[0m  [38;2;0;0;0;48;2;0;0;0m▀[38;2;156;49;74;48;2;156;49;74m▀▀▀▀▀[38;2;255;106;123m▀[48;2;222;82;82m▀[48;2;255;106;123m▀▀▀[38;2;222;82;82m▀[38;2;156;49;74m▀[38;2;0;0;0;48;2;156;49;74m▀[48;2;49;48;73m▀▀▀▀[48;2;0;0;0m▀▀▀▀▀[48;2;49;48;73m▀[38;2;98;123;189;48;2;98;123;189m▀[38;2;49;48;73;48;2;0;0;0m▀[38;2;65;82;156;48;2;65;82;156m▀[48;2;49;48;73m▀[38;2;98;123;189;48;2;98;123;189m▀▀▀[38;2;49;48;73;48;2;49;48;73m▀[38;2;98;123;189;48;2;98;123;189m▀[38;2;0;0;0;48;2;0;0;0m▀[0m
[0m  [38;2;0;0;0m▀[38;2;156;49;74;48;2;0;0;0m▀[48;2;156;49;74m▀[38;2;0;0;0;48;2;0;0;0m▀[38;2;156;49;74m▀[48;2;49;48;73m▀[48;2;156;49;74m▀▀▀[38;2;255;106;123m▀[48;2;222;82;82m▀[48;2;255;106;123m▀▀▀[38;2;0;0;0m▀[38;2;98;123;189;48;2;0;0;0m▀[48;2;98;123;189m▀▀[38;2;65;82;156;48;2;65;82;156m▀[38;2;98;123;189;48;2;98;123;189m▀▀▀▀▀[38;2;49;48;73;48;2;0;0;0m▀[38;2;65;82;156;48;2;65;82;156m▀▀[38;2;49;48;73;48;2;98;123;189m▀[38;2;98;123;189m▀▀▀[38;2;49;48;73m▀[38;2;98;123;189;48;2;49;48;73m▀[38;2;0;0;0;48;2;0;0;0m▀[0m
[0m  [38;2;0;0;0m▄[48;2;65;82;156m▀[38;2;156;49;74;48;2;0;0;0m▀[38;2;49;48;73m▀[38;2;0;0;0m▀[48;2;49;48;73m▀[48;2;65;82;156m▀[38;2;156;49;74;48;2;0;0;0m▀[48;2;156;49;74m▀▀▀▀[38;2;255;106;123m▀[48;2;255;106;123m▀[48;2;156;49;74m▀[38;2;0;0;0;48;2;98;123;189m▀[38;2;98;123;189m▀[38;2;65;82;156;48;2;65;82;156m▀[38;2;98;123;189;48;2;98;123;189m▀▀▀▀▀[38;2;49;48;73;48;2;0;0;0m▀[38;2;65;82;156;48;2;65;82;156m▀▀[38;2;49;48;73;48;2;49;48;73m▀[38;2;98;123;189;48;2;98;123;189m▀▀▀▀▀[38;2;49;48;73;48;2;49;48;73m▀[38;2;98;123;189;48;2;98;123;189m▀[38;2;0;0;0;48;2;0;0;0m▀[0m
[0m [38;2;0;0;0m▄[48;2;98;123;189m▀[38;2;98;123;189m▀[38;2;65;82;156m▀[48;2;65;82;156m▀▀▀▀▀[38;2;0;0;0m▀▀[38;2;156;49;74;48;2;0;0;0m▀▀▀▀[38;2;0;0;0;48;2;98;123;189m▀[38;2;98;123;189m▀▀[38;2;65;82;156m▀[38;2;98;123;189m▀▀▀▀[38;2;49;48;73;48;2;0;0;0m▀[38;2;65;82;156;48;2;65;82;156m▀▀[38;2;49;48;73;48;2;49;48;73m▀[38;2;98;123;189;48;2;98;123;189m▀▀▀▀▀▀[38;2;49;48;73;48;2;0;0;0m▀[38;2;98;123;189;48;2;98;123;189m▀[38;2;0;0;0;48;2;0;0;0m▀[0m
[38;2;0;0;0;49m▄[48;2;98;123;189m▀[38;2;98;123;189m▀▀▀[48;2;65;82;156m▀[38;2;65;82;156m▀▀▀▀▀[48;2;98;123;189m▀▀▀▀[38;2;98;123;189m▀▀▀▀▀▀▀▀▀[38;2;0;0;0;48;2;0;0;0m▀[38;2;65;82;156;48;2;65;82;156m▀▀[38;2;49;48;73;48;2;49;48;73m▀[48;2;65;82;156m▀[38;2;65;82;156m▀[38;2;98;123;189;48;2;49;48;73m▀▀[48;2;98;123;189m▀▀[38;2;0;0;0;48;2;0;0;0m▀[38;2;98;123;189;48;2;98;123;189m▀[38;2;0;0;0;48;2;0;0;0m▀[0m
[38;2;0;0;0;48;2;0;0;0m▀[38;2;98;123;189;48;2;49;48;73m▀[48;2;98;123;189m▀▀▀▀▀▀▀▀▀▀▀▀▀▀▀[48;2;65;82;156m▀[48;2;98;123;189m▀▀▀▀▀▀[38;2;0;0;0;48;2;0;0;0m▀[38;2;65;82;156;48;2;65;82;156m▀[48;2;49;48;73m▀[38;2;49;48;73;48;2;65;82;156m▀[38;2;65;82;156m▀▀▀▀▀[38;2;0;0;0;48;2;0;0;0m▀[38;2;98;123;189;48;2;98;123;189m▀▀[38;2;0;0;0;48;2;0;0;0m▀[0m
[38;2;0;0;0;48;2;0;0;0m▀[38;2;65;82;156;48;2;65;82;156m▀[38;2;49;48;73m▀[38;2;98;123;189;48;2;49;48;73m▀[48;2;98;123;189m▀▀▀▀▀▀▀▀▀▀▀▀▀[38;2;65;82;156;48;2;65;82;156m▀[38;2;98;123;189;48;2;98;123;189m▀▀▀▀▀▀[38;2;0;0;0;48;2;0;0;0m▀[38;2;65;82;156;48;2;65;82;156m▀[38;2;49;48;73;48;2;49;48;73m▀[38;2;65;82;156;48;2;65;82;156m▀▀▀▀[48;2;0;0;0m▀[38;2;0;0;0;48;2;98;123;189m▀[38;2;98;123;189m▀▀▀[38;2;0;0;0;48;2;0;0;0m▀[0m
[38;2;0;0;0;49m▀[38;2;65;82;156;48;2;0;0;0m▀[48;2;65;82;156m▀▀[48;2;98;123;189m▀▀▀[38;2;98;123;189;48;2;65;82;156m▀▀▀[48;2;98;123;189m▀▀▀▀▀▀[38;2;65;82;156;48;2;65;82;156m▀[38;2;98;123;189;48;2;98;123;189m▀▀▀▀▀▀▀[38;2;0;0;0;48;2;0;0;0m▀[38;2;65;82;156;48;2;49;48;73m▀[38;2;49;48;73;48;2;65;82;156m▀[38;2;65;82;156m▀▀▀[48;2;0;0;0m▀[38;2;0;0;0;48;2;65;82;156m▀[38;2;98;123;189;48;2;98;123;189m▀▀▀[48;2;65;82;156m▀[38;2;0;0;0;48;2;0;0;0m▀[0m
[0m [38;2;0;0;0m▀[38;2;65;82;156;48;2;0;0;0m▀[48;2;65;82;156m▀[38;2;98;123;189;48;2;98;123;189m▀▀▀▀▀▀[38;2;65;82;156m▀▀▀▀[38;2;98;123;189;48;2;65;82;156m▀▀[38;2;65;82;156;48;2;49;48;73m▀[38;2;98;123;189m▀▀▀▀▀▀▀[38;2;0;0;0;48;2;0;0;0m▀[38;2;49;48;73;48;2;49;48;73m▀[38;2;65;82;156;48;2;65;82;156m▀▀[48;2;0;0;0m▀[38;2;0;0;0;48;2;49;48;73m▀[38;2;65;82;156m▀▀[38;2;49;48;73;48;2;65;82;156m▀▀▀[38;2;0;0;0;48;2;0;0;0m▀[0m
[0m  [38;2;0;0;0;48;2;0;0;0m▀[48;2;49;48;73m▀[38;2;98;123;189;48;2;0;0;0m▀▀[48;2;98;123;189m▀▀▀▀▀▀▀▀▀▀▀[38;2;65;82;156;48;2;65;82;156m▀▀▀▀▀▀▀▀[38;2;0;0;0m▀▀▀[38;2;65;82;156m▀▀▀▀▀▀[48;2;0;0;0m▀[38;2;0;0;0;49m▀[0m
[0m  [38;2;0;0;0;48;2;0;0;0m▀[38;2;49;48;73;48;2;49;48;73m▀[38;2;65;82;156;48;2;65;82;156m▀▀[38;2;0;0;0m▀▀[38;2;98;123;189;48;2;0;0;0m▀▀▀[48;2;98;123;189m▀▀▀▀▀▀[38;2;65;82;156;48;2;65;82;156m▀▀▀▀▀▀▀▀▀▀▀▀▀▀▀[48;2;0;0;0m▀[38;2;0;0;0;49m▀[0m
[0m  [38;2;0;0;0m▀[38;2;49;48;73;48;2;0;0;0m▀[38;2;65;82;156;48;2;65;82;156m▀▀▀▀[38;2;49;48;73;48;2;49;48;73m▀▀▀[38;2;0;0;0m▀▀[48;2;0;0;0m▀[38;2;98;123;189m▀[48;2;49;48;73m▀[48;2;0;0;0m▀[38;2;65;82;156m▀▀▀▀▀▀▀▀▀[38;2;0;0;0;48;2;49;48;73m▀[48;2;65;82;156m▀▀▀[48;2;0;0;0m▀[49m▀[0m
[0m    [38;2;0;0;0m▀[38;2;65;82;156;48;2;0;0;0m▀▀[48;2;65;82;156m▀[38;2;49;48;73;48;2;49;48;73m▀▀▀▀▀[38;2;0;0;0;48;2;0;0;0m▀[38;2;65;82;156;48;2;65;82;156m▀▀[48;2;98;123;189m▀[38;2;98;123;189m▀[38;2;49;48;73;48;2;49;48;73m▀[38;2;65;82;156;48;2;65;82;156m▀▀▀▀▀▀▀[38;2;49;48;73;48;2;49;48;73m▀[38;2;65;82;156;48;2;65;82;156m▀▀▀[38;2;0;0;0;48;2;0;0;0m▀[0m
[0m       [38;2;0;0;0m▀▀▀▀▀▀▀[38;2;49;48;73;48;2;0;0;0m▀[38;2;98;123;189;48;2;98;123;189m▀▀▀[38;2;65;82;156;48;2;49;48;73m▀[48;2;65;82;156m▀▀▀▀▀▀▀[38;2;49;48;73;48;2;49;48;73m▀[38;2;65;82;156;48;2;65;82;156m▀[48;2;0;0;0m▀▀[38;2;0;0;0;49m▀[0m
[0m               [38;2;0;0;0m▀▀[38;2;98;123;189;48;2;0;0;0m▀[38;2;49;48;73m▀[38;2;65;82;156m▀▀▀▀▀▀▀[38;2;0;0;0;49m▀▀[0m
