[0m [38;2;65;41;98m▄▄[0m    [38;2;65;41;98m▄[38;2;97;74;121;48;2;164;115;197m▀[38;2;65;41;98;49m▄[0m                        [38;2;65;41;98m▄[0m
[0m [38;2;0;0;0;48;2;0;0;0m▀[38;2;164;115;197;48;2;164;115;197m▀[38;2;97;74;121m▀[38;2;65;41;98m▀[38;2;97;74;121;49m▄[38;2;65;41;98m▄[38;2;97;74;121;48;2;164;115;197m▀[38;2;164;115;197m▀[38;2;0;0;0;48;2;0;0;0m▀[0m                       [38;2;65;41;98;48;2;65;41;98m▀[38;2;131;82;164;48;2;131;82;164m▀[38;2;0;0;0;48;2;0;0;0m▀[0m  [38;2;65;41;98m▄▄[48;2;164;115;197m▀[38;2;0;0;0;48;2;0;0;0m▀[0m
[0m  [38;2;0;0;0;48;2;0;0;0m▀[38;2;164;115;197;48;2;164;115;197m▀▀▀[38;2;97;74;121m▀[38;2;164;115;197m▀▀[38;2;0;0;0;48;2;0;0;0m▀[0m                      [38;2;65;41;98;48;2;65;41;98m▀[38;2;131;82;164;48;2;131;82;164m▀▀[38;2;0;0;0;48;2;97;74;121m▀[48;2;164;115;197m▀[38;2;65;41;98m▀[38;2;164;115;197m▀[48;2;131;82;164m▀[38;2;131;82;164;48;2;0;0;0m▀[38;2;0;0;0;49m▀[0m
[0m   [38;2;0;0;0;48;2;0;0;0m▀[38;2;164;115;197;48;2;164;115;197m▀▀▀▀▀▀[38;2;0;0;0m▀[49m▄[0m                 [38;2;65;41;98m▄▄[48;2;65;41;98m▀[38;2;131;82;164;48;2;131;82;164m▀▀▀▀[38;2;164;115;197m▀▀[38;2;131;82;164m▀[48;2;0;0;0m▀[38;2;0;0;0;49m▀[0m
[38;2;0;0;0;49m▄[38;2;97;74;121;48;2;164;115;197m▀[38;2;65;41;98m▀[38;2;164;115;197m▀▀▀▀▀▀▀▀▀[38;2;65;41;98m▀[38;2;0;0;0m▀[38;2;65;41;98;49m▄[38;2;0;0;0m▄▄[0m     [38;2;65;41;98m▄▄▄▄[48;2;131;82;164m▀▀▀[38;2;131;82;164m▀▀▀▀▀▀▀▀▀▀[38;2;0;0;0m▀[38;2;65;41;98;49m▄▄[0m
[0m [38;2;0;0;0m▀▀▀[38;2;97;74;121;48;2;0;0;0m▀[38;2;131;82;164m▀[38;2;164;115;197;48;2;131;82;164m▀▀[48;2;164;115;197m▀▀▀▀▀▀▀▀▀[38;2;65;41;98m▀[38;2;0;0;0m▀▀[38;2;65;41;98m▀▀[38;2;164;115;197;48;2;131;82;164m▀[38;2;131;82;164m▀▀▀▀▀▀▀▀▀▀▀▀▀[48;2;97;74;121m▀▀[48;2;0;0;0m▀▀▀▀[38;2;0;0;0;49m▀[0m
[0m      [38;2;0;0;0;48;2;0;0;0m▀[38;2;97;74;121;48;2;97;74;121m▀[38;2;131;82;164;48;2;65;41;98m▀[38;2;164;115;197;48;2;131;82;164m▀[48;2;164;115;197m▀▀▀▀▀▀▀▀▀▀▀[48;2;131;82;164m▀[38;2;131;82;164m▀▀▀▀▀▀▀▀▀[48;2;65;41;98m▀[48;2;0;0;0m▀[48;2;65;41;98m▀[38;2;97;74;121;48;2;97;74;121m▀[48;2;0;0;0m▀[38;2;0;0;0;49m▀▀[0m
[0m      [38;2;0;0;0;48;2;0;0;0m▀[38;2;97;74;121;48;2;97;74;121m▀[38;2;65;41;98;48;2;65;41;98m▀[38;2;0;0;0;48;2;0;0;0m▀[38;2;131;82;164m▀[48;2;131;82;164m▀[38;2;164;115;197m▀▀[48;2;164;115;197m▀▀▀▀[48;2;131;82;164m▀▀[38;2;131;82;164m▀▀▀▀▀▀▀[48;2;65;41;98m▀[48;2;0;0;0m▀[38;2;65;41;98m▀[38;2;0;0;0m▀▀▀[38;2;65;41;98;48;2;97;74;121m▀[38;2;97;74;121;48;2;0;0;0m▀[38;2;0;0;0;49m▀[0m         [38;2;65;41;98m▄[0m
[0m       [38;2;0;0;0;48;2;0;0;0m▀[38;2;97;74;121;48;2;97;74;121m▀[38;2;0;0;0;48;2;0;0;0m▀▀▀[38;2;131;82;164m▀[48;2;131;82;164m▀▀▀▀▀▀▀▀▀▀[48;2;65;41;98m▀[48;2;0;0;0m▀[38;2;65;41;98;48;2;230;180;98m▀[38;2;0;0;0;48;2;115;82;57m▀[48;2;0;0;0m▀▀▀▀▀[38;2;65;41;98;48;2;97;74;121m▀[38;2;97;74;121;48;2;0;0;0m▀[38;2;0;0;0;49m▀[0m       [38;2;65;41;98m▄[0m [38;2;65;41;98;48;2;97;74;121m▀[38;2;131;82;164;48;2;131;82;164m▀[38;2;0;0;0m▀[49m▄[48;2;131;82;164m▀[49m▄[0m
[0m       [38;2;0;0;0m▀[38;2;97;74;121;48;2;0;0;0m▀[38;2;65;41;98;48;2;97;74;121m▀[38;2;0;0;0;48;2;0;0;0m▀[38;2;115;82;57;48;2;115;82;57m▀[38;2;230;180;98;48;2;230;180;98m▀[38;2;65;41;98;48;2;254;246;193m▀[38;2;0;0;0m▀[38;2;131;82;164;48;2;65;41;98m▀▀[48;2;0;0;0m▀▀▀▀[38;2;65;41;98;48;2;230;180;98m▀[38;2;0;0;0m▀[38;2;230;180;98m▀▀▀[38;2;115;82;57m▀[38;2;0;0;0;48;2;115;82;57m▀[48;2;0;0;0m▀▀▀[38;2;65;41;98;48;2;97;74;121m▀[38;2;97;74;121;48;2;0;0;0m▀[38;2;0;0;0;49m▀[0m       [38;2;65;41;98;48;2;65;41;98m▀[38;2;131;82;164;48;2;131;82;164m▀[38;2;65;41;98;48;2;97;74;121m▀[38;2;131;82;164;48;2;131;82;164m▀▀▀[38;2;97;74;121;48;2;97;74;121m▀[38;2;131;82;164m▀[38;2;0;0;0;48;2;131;82;164m▀[49m▄[0m
[0m        [38;2;0;0;0m▀[38;2;97;74;121;48;2;115;82;57m▀[38;2;115;82;57;48;2;254;246;193m▀[38;2;230;180;98m▀[38;2;97;74;121;48;2;0;0;0m▀[48;2;254;246;193m▀[38;2;230;180;98;48;2;0;0;0m▀[38;2;254;246;193;48;2;254;246;193m▀[38;2;255;222;139;48;2;255;222;139m▀[38;2;230;180;98m▀▀▀[48;2;97;74;121m▀[38;2;97;74;121;48;2;254;246;193m▀[38;2;0;0;0;48;2;0;0;0m▀▀[38;2;230;180;98;48;2;115;82;57m▀[38;2;255;222;139;48;2;255;222;139m▀[38;2;230;180;98m▀[38;2;115;82;57;48;2;230;180;98m▀[38;2;0;0;0;48;2;115;82;57m▀[48;2;65;41;98m▀[38;2;65;41;98;48;2;97;74;121m▀[48;2;0;0;0m▀[38;2;0;0;0;49m▀[0m        [38;2;65;41;98;48;2;65;41;98m▀[38;2;131;82;164;48;2;131;82;164m▀▀▀▀▀[38;2;97;74;121;48;2;97;74;121m▀▀▀[38;2;0;0;0;48;2;0;0;0m▀[0m
[0m       [38;2;0;0;0m▄[38;2;115;82;57;48;2;254;246;193m▀[38;2;254;246;193;48;2;255;222;139m▀▀[38;2;255;222;139m▀[38;2;0;0;0m▀[48;2;0;0;0m▀▀[38;2;254;246;193;48;2;254;246;193m▀▀[38;2;255;222;139;48;2;255;222;139m▀▀▀[38;2;0;0;0;48;2;0;0;0m▀[38;2;156;156;156m▀[38;2;0;0;0m▀[48;2;205;148;74m▀[38;2;205;148;74;48;2;255;222;139m▀[38;2;255;222;139m▀▀▀[38;2;115;82;57m▀[38;2;97;74;121;48;2;115;82;57m▀[38;2;0;0;0;49m▀[0m           [38;2;65;41;98;48;2;0;0;0m▀[38;2;131;82;164;48;2;97;74;121m▀▀▀[38;2;97;74;121m▀▀▀[38;2;0;0;0;48;2;0;0;0m▀[0m
[0m        [38;2;0;0;0m▀▀▀▀[38;2;230;180;98;48;2;0;0;0m▀[38;2;255;222;139;48;2;230;180;98m▀[48;2;255;222;139m▀[38;2;254;246;193;48;2;205;148;74m▀[38;2;205;148;74;48;2;255;222;139m▀[38;2;115;82;57m▀[38;2;255;222;139m▀▀[48;2;115;82;57m▀[48;2;255;222;139m▀▀▀[48;2;230;180;98m▀▀[48;2;115;82;57m▀[48;2;0;0;0m▀▀▀[38;2;0;0;0;49m▀[0m            [38;2;0;0;0m▀[38;2;65;41;98m▀[38;2;97;74;121;48;2;0;0;0m▀▀▀[38;2;0;0;0;49m▀[0m
[0m            [38;2;0;0;0m▄[48;2;97;74;121m▀[38;2;230;180;98;48;2;0;0;0m▀[38;2;255;222;139m▀[38;2;115;82;57;48;2;230;180;98m▀[38;2;0;0;0m▀▀▀[38;2;230;180;98m▀▀[48;2;0;0;0m▀▀[38;2;0;0;0;48;2;97;74;121m▀▀▀[49m▄[0m                 [38;2;0;0;0;48;2;115;82;57m▀[38;2;205;148;74;48;2;205;148;74m▀[38;2;0;0;0;48;2;0;0;0m▀[0m
[0m          [38;2;0;0;0m▄[48;2;131;82;164m▀[38;2;97;74;121;48;2;164;115;197m▀▀[48;2;131;82;164m▀[48;2;97;74;121m▀[38;2;0;0;0;48;2;115;82;57m▀[38;2;115;82;57;48;2;205;148;74m▀[38;2;205;148;74m▀▀[38;2;0;0;0m▀[48;2;115;82;57m▀[38;2;97;74;121;48;2;97;74;121m▀▀[48;2;131;82;164m▀[38;2;131;82;164;48;2;164;115;197m▀▀▀[38;2;0;0;0;48;2;97;74;121m▀[49m▄[0m               [38;2;115;82;57;48;2;115;82;57m▀[38;2;205;148;74;48;2;205;148;74m▀[38;2;0;0;0;48;2;0;0;0m▀[0m
[0m     [38;2;97;74;121m▄[48;2;164;115;197m▀[38;2;65;41;98;48;2;131;82;164m▀[38;2;97;74;121;49m▄[38;2;65;41;98;48;2;65;41;98m▀[38;2;97;74;121;48;2;164;115;197m▀[38;2;164;115;197m▀▀▀▀[38;2;65;41;98;48;2;97;74;121m▀[38;2;230;180;98;48;2;230;180;98m▀[38;2;205;148;74m▀[48;2;205;148;74m▀▀▀▀[38;2;65;41;98;48;2;97;74;121m▀[38;2;131;82;164;48;2;164;115;197m▀[38;2;164;115;197m▀▀▀▀[48;2;65;41;98m▀[38;2;0;0;0;48;2;0;0;0m▀[38;2;65;41;98;49m▄[48;2;164;115;197m▀[48;2;131;82;164m▀[49m▄[0m          [38;2;115;82;57;48;2;115;82;57m▀[38;2;205;148;74;48;2;230;180;98m▀[38;2;0;0;0;48;2;0;0;0m▀[0m
[0m     [38;2;65;41;98m▀[38;2;131;82;164;48;2;0;0;0m▀▀[38;2;0;0;0;49m▀[38;2;97;74;121;48;2;0;0;0m▀[38;2;164;115;197;48;2;164;115;197m▀▀▀▀▀▀[38;2;65;41;98m▀[38;2;230;180;98;48;2;65;41;98m▀[48;2;230;180;98m▀[48;2;65;41;98m▀[38;2;65;41;98;48;2;164;115;197m▀[38;2;97;74;121m▀[38;2;164;115;197m▀▀▀▀▀▀[48;2;131;82;164m▀[38;2;0;0;0;48;2;0;0;0m▀[38;2;65;41;98;48;2;205;148;74m▀[38;2;131;82;164;48;2;0;0;0m▀▀[38;2;0;0;0;49m▀[0m       [38;2;115;82;57m▄▄[48;2;230;180;98m▀[38;2;230;180;98;48;2;0;0;0m▀[38;2;0;0;0;49m▀[0m
[0m         [38;2;0;0;0m▀[38;2;131;82;164;48;2;65;41;98m▀[38;2;164;115;197;48;2;164;115;197m▀▀▀▀▀▀[48;2;131;82;164m▀[38;2;97;74;121;48;2;65;41;98m▀[38;2;164;115;197;48;2;164;115;197m▀▀▀▀▀▀▀[48;2;65;41;98m▀[48;2;131;82;164m▀[38;2;131;82;164;48;2;0;0;0m▀[38;2;65;41;98;48;2;205;148;74m▀[38;2;205;148;74m▀▀▀[38;2;115;82;57m▀[49m▄[38;2;0;0;0m▄▄[38;2;115;82;57m▄[48;2;205;148;74m▀▀[48;2;230;180;98m▀[38;2;230;180;98;48;2;0;0;0m▀▀[38;2;0;0;0;49m▀[0m
[0m       [38;2;97;74;121m▄[48;2;164;115;197m▀[38;2;65;41;98;48;2;131;82;164m▀[38;2;0;0;0;48;2;65;41;98m▀[38;2;131;82;164;48;2;0;0;0m▀[38;2;164;115;197;48;2;131;82;164m▀▀▀▀[38;2;131;82;164;48;2;97;74;121m▀[48;2;0;0;0m▀[38;2;0;0;0;48;2;255;222;139m▀[38;2;164;115;197;48;2;65;41;98m▀[48;2;164;115;197m▀▀▀▀[48;2;131;82;164m▀▀[38;2;131;82;164m▀[38;2;97;74;121;48;2;0;0;0m▀[38;2;65;41;98;48;2;164;115;197m▀[48;2;131;82;164m▀[38;2;205;148;74;48;2;0;0;0m▀[48;2;205;148;74m▀▀▀[38;2;115;82;57;48;2;0;0;0m▀[38;2;205;148;74m▀▀▀[38;2;0;0;0;49m▀▀▀[0m
[0m       [38;2;65;41;98m▀[38;2;131;82;164;48;2;0;0;0m▀▀[38;2;0;0;0;49m▀[0m [38;2;0;0;0m▀[48;2;0;0;0m▀[48;2;205;148;74m▀[48;2;230;180;98m▀[48;2;255;222;139m▀[38;2;255;222;139m▀▀▀[38;2;0;0;0m▀[38;2;131;82;164;48;2;115;82;57m▀[48;2;0;0;0m▀▀▀[38;2;97;74;121m▀[38;2;0;0;0;48;2;205;148;74m▀▀[38;2;131;82;164;48;2;0;0;0m▀▀[38;2;0;0;0;48;2;205;148;74m▀[38;2;205;148;74m▀▀▀[38;2;0;0;0;48;2;0;0;0m▀[0m
[0m             [38;2;0;0;0;48;2;0;0;0m▀[38;2;205;148;74;48;2;205;148;74m▀▀[38;2;255;222;139;48;2;115;82;57m▀[48;2;255;222;139m▀▀[48;2;205;148;74m▀[48;2;255;222;139m▀▀[38;2;230;180;98m▀[38;2;205;148;74m▀[48;2;230;180;98m▀[48;2;205;148;74m▀▀▀▀▀[48;2;115;82;57m▀[48;2;205;148;74m▀▀▀[38;2;0;0;0;48;2;0;0;0m▀[0m
[0m              [38;2;0;0;0;48;2;0;0;0m▀[38;2;205;148;74;48;2;205;148;74m▀▀[38;2;0;0;0m▀[38;2;255;222;139;48;2;0;0;0m▀[38;2;115;82;57;48;2;115;82;57m▀[38;2;255;222;139;48;2;255;222;139m▀▀▀▀[48;2;230;180;98m▀[38;2;230;180;98;48;2;205;148;74m▀[38;2;205;148;74;48;2;115;82;57m▀[48;2;0;0;0m▀▀[38;2;0;0;0;48;2;115;82;57m▀[38;2;205;148;74;48;2;205;148;74m▀▀▀▀[38;2;0;0;0m▀[49m▄[0m
[0m              [38;2;0;0;0m▀[38;2;205;148;74;48;2;0;0;0m▀[48;2;205;148;74m▀▀▀[38;2;115;82;57;48;2;115;82;57m▀[38;2;255;222;139;48;2;255;222;139m▀▀▀▀[38;2;230;180;98;48;2;230;180;98m▀[38;2;0;0;0;48;2;0;0;0m▀[38;2;115;82;57;48;2;205;148;74m▀[38;2;0;0;0;48;2;0;0;0m▀[0m  [38;2;115;82;57;48;2;0;0;0m▀[38;2;205;148;74;48;2;205;148;74m▀▀▀▀[38;2;0;0;0;48;2;0;0;0m▀[0m
[0m               [38;2;0;0;0;48;2;0;0;0m▀[38;2;205;148;74;48;2;205;148;74m▀▀[48;2;115;82;57m▀[38;2;115;82;57;48;2;230;180;98m▀[38;2;255;222;139;48;2;255;222;139m▀▀▀[48;2;230;180;98m▀[38;2;0;0;0;48;2;0;0;0m▀[38;2;205;148;74;48;2;205;148;74m▀▀[38;2;0;0;0;48;2;0;0;0m▀[0m   [38;2;115;82;57;48;2;0;0;0m▀[38;2;205;148;74;48;2;205;148;74m▀▀▀[38;2;0;0;0;48;2;0;0;0m▀[0m
[0m                [38;2;0;0;0;48;2;0;0;0m▀[38;2;205;148;74;48;2;205;148;74m▀[38;2;115;82;57;48;2;115;82;57m▀[38;2;255;222;139;48;2;255;222;139m▀▀▀[48;2;0;0;0m▀[38;2;0;0;0;49m▀[38;2;205;148;74;48;2;115;82;57m▀[48;2;205;148;74m▀[48;2;0;0;0m▀[38;2;0;0;0;49m▀[0m    [38;2;115;82;57;48;2;0;0;0m▀[38;2;205;148;74;48;2;205;148;74m▀▀[38;2;0;0;0;48;2;0;0;0m▀[0m
[0m                [38;2;0;0;0m▀[38;2;205;148;74;48;2;115;82;57m▀[38;2;115;82;57;48;2;230;180;98m▀[38;2;255;222;139;48;2;255;222;139m▀▀[48;2;0;0;0m▀[38;2;0;0;0;49m▀[0m [38;2;115;82;57;48;2;0;0;0m▀[38;2;205;148;74m▀[38;2;0;0;0;49m▀[0m     [38;2;0;0;0;48;2;0;0;0m▀[38;2;205;148;74;48;2;205;148;74m▀[48;2;0;0;0m▀[38;2;0;0;0;49m▀[0m
[0m                 [38;2;115;82;57;48;2;115;82;57m▀[38;2;255;222;139;48;2;255;222;139m▀▀[48;2;0;0;0m▀[38;2;0;0;0;49m▀[0m           [38;2;0;0;0m▀[0m
[0m                  [38;2;0;0;0m▀▀[0m
