[0m         [38;2;90;74;148;48;2;90;74;148m▀[48;2;172;164;246m▀[38;2;0;0;0;49m▄[0m
[0m         [38;2;90;74;148;48;2;90;74;148m▀[38;2;172;164;246;48;2;172;164;246m▀[38;2;0;0;0;48;2;139;115;213m▀[49m▄[0m                      [38;2;57;57;82m▄[48;2;172;164;246m▀[38;2;0;0;0;48;2;0;0;0m▀[0m
[0m         [38;2;90;74;148;48;2;90;74;148m▀[38;2;172;164;246;48;2;172;164;246m▀[38;2;139;115;213;48;2;139;115;213m▀[38;2;0;0;0;48;2;0;0;0m▀[38;2;90;74;148;49m▄[48;2;139;115;213m▀[38;2;0;0;0;48;2;0;0;0m▀[0m  [38;2;90;74;148m▄▄[38;2;57;57;82m▄▄▄[0m           [38;2;90;74;148;48;2;57;57;82m▀[48;2;172;164;246m▀[38;2;172;164;246;48;2;139;115;213m▀[38;2;0;0;0;48;2;0;0;0m▀[0m
[0m        [38;2;90;74;148m▄[48;2;172;164;246m▀[38;2;172;164;246m▀[38;2;139;115;213;48;2;139;115;213m▀▀[48;2;90;74;148m▀▀[38;2;57;57;82;48;2;172;164;246m▀[38;2;90;74;148m▀▀[38;2;139;115;213;48;2;90;74;148m▀[38;2;90;74;148;48;2;139;115;213m▀▀[38;2;139;115;213m▀▀[38;2;57;57;82m▀▀[49m▄▄[0m     [38;2;90;74;148m▄[38;2;57;57;82;48;2;90;74;148m▀[38;2;172;164;246;48;2;172;164;246m▀[48;2;139;115;213m▀[38;2;0;0;0;48;2;0;0;0m▀[0m
[0m        [38;2;90;74;148;48;2;90;74;148m▀[38;2;172;164;246;48;2;172;164;246m▀[38;2;139;115;213;48;2;57;57;82m▀[38;2;90;74;148;48;2;172;164;246m▀▀[38;2;172;164;246m▀▀▀[48;2;115;90;172m▀[38;2;115;90;172;48;2;172;164;246m▀[38;2;172;164;246m▀[38;2;139;115;213;48;2;139;115;213m▀▀▀▀▀▀▀▀[38;2;57;57;82m▀▀[49m▄[0m [38;2;57;57;82m▄[48;2;172;164;246m▀[38;2;172;164;246;48;2;139;115;213m▀[38;2;139;115;213m▀[48;2;0;0;0m▀[38;2;0;0;0;49m▀[0m
[0m        [38;2;90;74;148;48;2;57;57;82m▀[38;2;57;57;82;48;2;90;74;148m▀[38;2;172;164;246m▀[48;2;172;164;246m▀▀▀▀[48;2;115;90;172m▀[38;2;115;90;172;48;2;139;115;213m▀[38;2;172;164;246m▀[38;2;139;115;213m▀▀▀[48;2;90;74;148m▀▀▀[48;2;139;115;213m▀▀▀▀▀▀[38;2;57;57;82;48;2;90;74;148m▀[38;2;90;74;148;48;2;139;115;213m▀[38;2;139;115;213m▀▀▀[38;2;0;0;0;48;2;0;0;0m▀[0m [38;2;57;57;82m▄▄[38;2;0;0;0m▄[0m
[0m       [38;2;131;197;213m▄[38;2;57;57;82;48;2;255;255;255m▀[38;2;131;197;213;48;2;180;230;246m▀[38;2;180;230;246;48;2;103;142;175m▀[38;2;90;74;148;48;2;180;230;246m▀[38;2;172;164;246;48;2;57;57;82m▀[48;2;172;164;246m▀[48;2;90;74;148m▀[38;2;90;74;148;48;2;139;115;213m▀[38;2;139;115;213m▀▀▀[48;2;90;74;148m▀[38;2;90;74;148;48;2;180;230;246m▀[38;2;180;230;246m▀[38;2;131;197;213;48;2;103;142;175m▀[38;2;103;142;175;48;2;180;230;246m▀[38;2;90;74;148m▀[38;2;139;115;213;48;2;57;57;82m▀[48;2;115;90;172m▀[48;2;139;115;213m▀▀[38;2;90;74;148m▀[38;2;139;115;213m▀▀▀▀[38;2;0;0;0;48;2;57;57;82m▀[38;2;57;57;82;48;2;139;115;213m▀▀[38;2;139;115;213m▀[48;2;0;0;0m▀[38;2;0;0;0;49m▀[0m
[0m       [38;2;131;197;213;48;2;131;197;213m▀[38;2;255;255;255;48;2;255;255;255m▀▀[38;2;180;230;246;48;2;131;197;213m▀[38;2;131;197;213m▀[38;2;57;57;82;48;2;57;57;82m▀[38;2;172;164;246;48;2;172;164;246m▀[38;2;90;74;148;48;2;90;74;148m▀[38;2;139;115;213;48;2;139;115;213m▀▀▀[38;2;90;74;148;48;2;90;74;148m▀[38;2;180;230;246;48;2;180;230;246m▀[38;2;103;142;175;48;2;255;255;255m▀[38;2;255;255;255m▀▀[38;2;180;230;246m▀[38;2;103;142;175;48;2;180;230;246m▀[38;2;131;197;213m▀[38;2;57;57;82;48;2;57;57;82m▀[38;2;139;115;213;48;2;139;115;213m▀▀▀▀▀▀▀▀▀[48;2;90;74;148m▀[38;2;0;0;0;48;2;0;0;0m▀[0m
[0m       [38;2;103;142;175m▀[38;2;255;255;255;48;2;103;142;175m▀[38;2;180;230;246;48;2;131;197;213m▀[38;2;103;142;175;48;2;180;230;246m▀[38;2;131;197;213;48;2;90;74;148m▀[38;2;90;74;148;48;2;172;164;246m▀[38;2;172;164;246m▀[38;2;90;74;148;48;2;90;74;148m▀[38;2;139;115;213;48;2;139;115;213m▀▀▀[38;2;90;74;148;48;2;90;74;148m▀[38;2;180;230;246;48;2;180;230;246m▀[38;2;255;255;255;48;2;103;142;175m▀[48;2;255;255;255m▀▀[48;2;180;230;246m▀[38;2;103;142;175;48;2;131;197;213m▀[38;2;180;230;246;48;2;103;142;175m▀[38;2;57;57;82;48;2;57;57;82m▀[38;2;139;115;213;48;2;139;115;213m▀[48;2;115;90;172m▀[48;2;90;74;148m▀▀▀[48;2;115;90;172m▀[48;2;139;115;213m▀▀[48;2;0;0;0m▀[38;2;0;0;0;49m▀[0m
[0m        [38;2;0;0;0m▀[38;2;103;142;175;48;2;0;0;0m▀[38;2;131;197;213;48;2;90;74;148m▀[38;2;57;57;82;48;2;115;90;172m▀[38;2;172;164;246;48;2;139;115;213m▀[48;2;172;164;246m▀[38;2;90;74;148;48;2;90;74;148m▀[38;2;139;115;213;48;2;139;115;213m▀▀▀▀[38;2;103;142;175;48;2;115;90;172m▀[38;2;131;197;213;48;2;57;57;82m▀[48;2;131;197;213m▀[38;2;103;142;175;48;2;103;142;175m▀[38;2;131;197;213m▀[48;2;57;57;82m▀[38;2;57;57;82;48;2;90;74;148m▀[38;2;115;90;172m▀[38;2;90;74;148m▀▀[48;2;0;0;0m▀[38;2;0;0;0;49m▀▀[38;2;90;74;148;48;2;0;0;0m▀▀▀[38;2;0;0;0;49m▀[0m
[0m        [38;2;57;57;82m▄▄[38;2;0;0;0;48;2;57;57;82m▀[38;2;90;74;148;48;2;0;0;0m▀[48;2;90;74;148m▀[38;2;115;90;172m▀▀[38;2;90;74;148;48;2;57;57;82m▀[38;2;115;90;172;48;2;90;74;148m▀▀▀[38;2;90;74;148m▀▀[38;2;57;57;82m▀▀▀[38;2;90;74;148m▀▀▀[48;2;0;0;0m▀[38;2;57;57;82m▀[38;2;0;0;0m▀[49m▄[38;2;57;57;82m▄▄[0m    [38;2;57;57;82m▄[38;2;0;0;0m▄[0m
[0m [38;2;57;57;82m▄▄[38;2;90;74;148m▄[38;2;57;57;82;48;2;115;90;172m▀▀▀▀[38;2;115;90;172m▀▀[38;2;90;74;148m▀[48;2;90;74;148m▀[38;2;0;0;0m▀[48;2;57;57;82m▀[38;2;90;74;148;48;2;0;0;0m▀▀[38;2;57;57;82;48;2;57;57;82m▀[38;2;90;74;148;48;2;90;74;148m▀▀▀[48;2;0;0;0m▀▀▀▀[38;2;0;0;0;48;2;90;74;148m▀▀▀[38;2;90;74;148m▀▀▀▀▀▀[38;2;57;57;82m▀▀[48;2;115;90;172m▀[38;2;90;74;148;48;2;139;115;213m▀[38;2;115;90;172m▀[38;2;0;0;0;48;2;115;90;172m▀[38;2;57;57;82;48;2;90;74;148m▀[48;2;0;0;0m▀[49m▀[0m
[38;2;0;0;0;48;2;0;0;0m▀[38;2;115;90;172;48;2;57;57;82m▀[38;2;90;74;148;48;2;115;90;172m▀[38;2;115;90;172m▀[48;2;0;0;0m▀▀[48;2;57;57;82m▀[48;2;115;90;172m▀▀[48;2;0;0;0m▀[38;2;90;74;148m▀[38;2;57;57;82m▀[38;2;0;0;0;49m▀▀[0m  [38;2;0;0;0m▀▀▀▀[38;2;90;74;148;48;2;57;57;82m▀[48;2;197;16;32m▀[38;2;197;16;32;48;2;255;148;172m▀[38;2;90;74;148;48;2;255;74;90m▀[48;2;90;74;148m▀▀[38;2;0;0;0m▀[48;2;57;57;82m▀[48;2;180;230;246m▀[48;2;103;142;175m▀[38;2;90;74;148;48;2;0;0;0m▀▀[48;2;57;57;82m▀[38;2;57;57;82;48;2;139;115;213m▀[38;2;139;115;213m▀▀▀▀[38;2;90;74;148;48;2;90;74;148m▀[38;2;0;0;0m▀[38;2;57;57;82;49m▄[0m
[0m [38;2;0;0;0m▀[38;2;139;115;213;48;2;0;0;0m▀[38;2;0;0;0;49m▀[38;2;57;57;82m▄[48;2;139;115;213m▀[38;2;90;74;148;48;2;115;90;172m▀[38;2;115;90;172;48;2;0;0;0m▀[38;2;0;0;0;49m▀[0m         [38;2;57;57;82m▄▄[48;2;90;74;148m▀[38;2;197;16;32;48;2;197;16;32m▀[38;2;255;148;172;48;2;255;74;90m▀[38;2;255;74;90m▀[38;2;90;74;148;48;2;90;74;148m▀▀▀[38;2;57;57;82m▀[38;2;131;197;213;48;2;57;57;82m▀[38;2;90;74;148;49m▀[38;2;0;0;0m▄[38;2;57;57;82;48;2;139;115;213m▀[38;2;139;115;213;48;2;172;164;246m▀[38;2;172;164;246m▀▀[48;2;139;115;213m▀[38;2;139;115;213;48;2;115;90;172m▀[38;2;115;90;172;48;2;0;0;0m▀[38;2;90;74;148m▀[38;2;0;0;0;49m▀▀[0m
[0m    [38;2;0;0;0m▀▀▀[0m       [38;2;90;74;148m▄[38;2;57;57;82m▄[48;2;139;115;213m▀▀[38;2;90;74;148;48;2;115;90;172m▀[48;2;90;74;148m▀▀▀[38;2;197;16;32m▀[38;2;90;74;148m▀▀▀[48;2;115;90;172m▀▀[38;2;57;57;82;48;2;0;0;0m▀[38;2;0;0;0;48;2;139;115;213m▀[38;2;139;115;213;48;2;90;74;148m▀[38;2;90;74;148;48;2;139;115;213m▀[38;2;172;164;246m▀[48;2;57;57;82m▀[48;2;172;164;246m▀[38;2;139;115;213;48;2;0;0;0m▀[38;2;0;0;0;49m▀[0m
[0m            [38;2;90;74;148m▄[48;2;139;115;213m▀[38;2;139;115;213m▀▀▀▀[38;2;115;90;172;48;2;115;90;172m▀[38;2;90;74;148;48;2;0;0;0m▀▀[38;2;0;0;0;49m▀▀▀[38;2;90;74;148;48;2;0;0;0m▀[38;2;115;90;172;48;2;115;90;172m▀[38;2;139;115;213;48;2;139;115;213m▀▀[38;2;0;0;0m▀[38;2;172;164;246;48;2;0;0;0m▀[38;2;57;57;82m▀[38;2;139;115;213;48;2;172;164;246m▀[38;2;57;57;82;48;2;57;57;82m▀[38;2;0;0;0;48;2;0;0;0m▀[38;2;139;115;213;48;2;172;164;246m▀[38;2;0;0;0;48;2;0;0;0m▀[0m
[0m            [38;2;0;0;0;48;2;0;0;0m▀[38;2;139;115;213;48;2;90;74;148m▀[48;2;115;90;172m▀▀▀[38;2;115;90;172;48;2;0;0;0m▀[38;2;0;0;0;49m▀[0m      [38;2;0;0;0m▀[38;2;115;90;172;48;2;0;0;0m▀[38;2;139;115;213;48;2;115;90;172m▀[48;2;139;115;213m▀▀[38;2;57;57;82;48;2;115;90;172m▀[38;2;0;0;0;48;2;0;0;0m▀[49m▀[0m [38;2;57;57;82m▀[38;2;0;0;0m▀[0m
[0m             [38;2;0;0;0m▀[38;2;90;74;148;48;2;0;0;0m▀[48;2;90;74;148m▀[38;2;57;57;82m▀[38;2;90;74;148m▀[38;2;0;0;0m▀[49m▄[0m      [38;2;0;0;0m▀[38;2;90;74;148;48;2;57;57;82m▀[38;2;115;90;172;48;2;90;74;148m▀▀[38;2;90;74;148m▀▀[38;2;0;0;0;48;2;0;0;0m▀[0m
[0m              [38;2;57;57;82m▄[38;2;0;0;0;48;2;115;90;172m▀[38;2;90;74;148m▀[48;2;90;74;148m▀[48;2;0;0;0m▀[38;2;0;0;0;49m▀[0m       [38;2;0;0;0m▀[38;2;90;74;148;48;2;0;0;0m▀[48;2;90;74;148m▀▀▀[38;2;0;0;0;48;2;0;0;0m▀[0m
[0m             [38;2;57;57;82;48;2;0;0;0m▀[38;2;139;115;213m▀[38;2;90;74;148;48;2;57;57;82m▀[38;2;139;115;213;48;2;139;115;213m▀[38;2;115;90;172;48;2;0;0;0m▀[38;2;0;0;0;49m▀[0m         [38;2;0;0;0;48;2;57;57;82m▀[38;2;90;74;148;48;2;90;74;148m▀▀▀▀[38;2;0;0;0;48;2;0;0;0m▀[0m
[0m               [38;2;0;0;0m▀▀[0m          [38;2;0;0;0;48;2;0;0;0m▀[38;2;139;115;213m▀[38;2;90;74;148;48;2;90;74;148m▀[38;2;139;115;213;48;2;172;164;246m▀[38;2;90;74;148;48;2;0;0;0m▀[38;2;139;115;213;48;2;172;164;246m▀[38;2;0;0;0;48;2;0;0;0m▀[0m
[0m                             [38;2;0;0;0m▀▀[0m [38;2;0;0;0m▀[0m
