[0m                      [38;2;123;131;148m▄[38;2;106;106;123;48;2;255;255;255m▀▀▀[49m▄[0m      [38;2;123;131;148m▄▄▄[0m
[0m                    [38;2;123;131;148m▄[48;2;255;255;255m▀[38;2;255;255;255m▀[48;2;197;205;213m▀[38;2;197;205;213m▀▀[38;2;0;0;0;48;2;0;0;0m▀[0m    [38;2;123;131;148m▄[48;2;255;255;255m▀[38;2;255;255;255m▀[48;2;197;205;213m▀▀[38;2;123;131;148;48;2;0;0;0m▀[0m
[0m           [38;2;106;106;123m▄[38;2;0;0;0m▄[0m     [38;2;123;131;148m▄[48;2;197;205;213m▀[38;2;255;255;255;48;2;255;255;255m▀[48;2;197;205;213m▀[38;2;197;205;213m▀▀▀▀[38;2;0;0;0;48;2;106;106;123m▀[38;2;106;106;123;49m▄[0m [38;2;123;131;148m▄[48;2;255;255;255m▀[38;2;255;255;255m▀[48;2;197;205;213m▀[38;2;197;205;213m▀▀▀[38;2;0;0;0;48;2;0;0;0m▀[0m
[0m         [38;2;106;106;123m▄[48;2;255;255;255m▀[38;2;255;255;255m▀[48;2;197;205;213m▀[38;2;0;0;0m▀[49m▄[0m  [38;2;123;131;148m▄[48;2;255;255;255m▀[38;2;255;255;255m▀[48;2;197;205;213m▀[38;2;197;205;213m▀▀▀▀▀▀[38;2;0;0;0;48;2;0;0;0m▀[38;2;123;131;148;48;2;197;205;213m▀[38;2;255;255;255m▀▀[38;2;197;205;213m▀▀▀▀▀[38;2;106;106;123m▀[49m▄[0m [38;2;123;131;148m▄▄[48;2;255;255;255m▀▀[38;2;0;0;0m▀[49m▄[0m
[0m        [38;2;106;106;123m▄[48;2;255;255;255m▀[38;2;255;255;255m▀[38;2;197;205;213;48;2;197;205;213m▀▀▀[38;2;123;131;148m▀[38;2;0;0;0;48;2;0;0;0m▀[38;2;123;131;148;49m▄[48;2;197;205;213m▀[38;2;255;255;255m▀[38;2;197;205;213m▀▀▀▀▀▀▀▀▀[38;2;0;0;0m▀[38;2;197;205;213;48;2;0;0;0m▀▀[48;2;197;205;213m▀▀▀▀▀▀[38;2;0;0;0;48;2;0;0;0m▀[38;2;123;131;148;48;2;197;205;213m▀[38;2;197;205;213;48;2;255;255;255m▀[38;2;255;255;255m▀[48;2;197;205;213m▀[38;2;197;205;213m▀[48;2;106;106;123m▀[38;2;0;0;0m▀[0m
[0m       [38;2;106;106;123m▄[48;2;255;255;255m▀[38;2;255;255;255m▀[38;2;197;205;213;48;2;197;205;213m▀▀▀▀▀▀[38;2;0;0;0m▀[38;2;197;205;213;48;2;0;0;0m▀[48;2;197;205;213m▀▀▀▀▀▀▀▀[48;2;106;106;123m▀[48;2;65;74;82m▀▀[48;2;106;106;123m▀[48;2;197;205;213m▀[38;2;0;0;0m▀▀[38;2;197;205;213;48;2;0;0;0m▀[48;2;197;205;213m▀[38;2;65;74;82;48;2;123;131;148m▀[48;2;0;0;0m▀[38;2;197;205;213m▀[38;2;0;0;0;48;2;197;205;213m▀[38;2;255;255;255;48;2;0;0;0m▀[38;2;197;205;213;48;2;197;205;213m▀▀▀[38;2;0;0;0;48;2;0;0;0m▀[0m
[0m       [38;2;106;106;123;48;2;106;106;123m▀[38;2;255;255;255;48;2;255;255;255m▀[38;2;197;205;213;48;2;197;205;213m▀▀▀▀▀▀▀▀▀[38;2;0;0;0m▀[38;2;197;205;213;48;2;0;0;0m▀▀[48;2;197;205;213m▀▀▀▀[38;2;65;74;82;48;2;65;74;82m▀[38;2;0;0;0;48;2;0;0;0m▀▀[48;2;106;106;123m▀[38;2;106;106;123;48;2;197;205;213m▀[38;2;197;205;213m▀▀▀▀[38;2;0;0;0m▀[38;2;197;205;213;48;2;0;0;0m▀[48;2;123;131;148m▀[48;2;161;161;172m▀[48;2;197;205;213m▀▀[38;2;106;106;123m▀[48;2;0;0;0m▀[38;2;197;205;213;48;2;197;205;213m▀[38;2;106;106;123m▀[48;2;0;0;0m▀[0m   [38;2;123;131;148m▄[38;2;0;0;0m▄[0m
[0m     [38;2;106;106;123m▄[48;2;123;131;148m▀[38;2;255;255;255;48;2;255;255;255m▀[48;2;197;205;213m▀[38;2;197;205;213m▀▀▀▀▀▀▀▀[48;2;123;131;148m▀▀▀▀[38;2;0;0;0;48;2;255;255;255m▀▀[38;2;65;74;82;48;2;161;161;172m▀[38;2;197;205;213;48;2;65;74;82m▀[48;2;0;0;0m▀▀[48;2;197;205;213m▀[48;2;123;131;148m▀▀[38;2;161;161;172m▀[38;2;123;131;148;48;2;65;65;65m▀[48;2;0;0;0m▀▀▀[38;2;0;0;0;48;2;65;65;65m▀▀▀[38;2;123;131;148;48;2;0;0;0m▀▀▀[38;2;0;0;0;48;2;65;65;65m▀[38;2;123;131;148;48;2;65;74;82m▀[38;2;161;161;172;48;2;123;131;148m▀[38;2;197;205;213;48;2;161;161;172m▀[38;2;0;0;0;48;2;0;0;0m▀[38;2;123;131;148;48;2;161;161;172m▀[48;2;197;205;213m▀[38;2;197;205;213;48;2;161;161;172m▀▀[38;2;0;0;0;48;2;0;0;0m▀[0m
[0m  [38;2;123;131;148m▄[38;2;106;106;123;48;2;255;255;255m▀▀[38;2;255;255;255;48;2;161;161;172m▀[38;2;123;131;148;48;2;255;255;255m▀[38;2;255;255;255m▀[38;2;197;205;213;48;2;197;205;213m▀▀▀▀▀▀▀[48;2;123;131;148m▀[38;2;123;131;148;48;2;0;0;0m▀[38;2;0;0;0m▀▀▀[38;2;65;74;82m▀[38;2;123;131;148;48;2;65;74;82m▀[38;2;255;255;255;48;2;255;255;255m▀▀[48;2;197;205;213m▀[38;2;197;205;213m▀[48;2;161;161;172m▀[38;2;0;0;0;48;2;0;0;0m▀[48;2;65;65;65m▀[48;2;0;0;0m▀[48;2;65;65;65m▀[38;2;65;65;65m▀▀[48;2;106;106;106m▀[38;2;0;0;0m▀[38;2;65;65;65;48;2;0;0;0m▀[48;2;106;106;106m▀▀[38;2;0;0;0;48;2;65;65;65m▀[38;2;65;65;65;48;2;0;0;0m▀[48;2;106;106;106m▀[38;2;106;106;106m▀[38;2;0;0;0m▀▀[38;2;123;131;148;48;2;0;0;0m▀[38;2;161;161;172;48;2;123;131;148m▀[38;2;0;0;0;48;2;0;0;0m▀[38;2;161;161;172;48;2;161;161;172m▀▀[38;2;0;0;0;48;2;0;0;0m▀[0m
[0m [38;2;106;106;123;48;2;106;106;123m▀[38;2;255;255;255;48;2;65;74;82m▀[38;2;65;74;82;48;2;0;0;0m▀[38;2;0;0;0m▀[38;2;161;161;172;48;2;161;161;172m▀[38;2;255;255;255;48;2;255;255;255m▀[38;2;197;205;213;48;2;197;205;213m▀▀▀▀▀▀▀▀[38;2;123;131;148;48;2;161;161;172m▀[38;2;0;0;0;48;2;0;0;0m▀▀▀▀[48;2;65;74;82m▀[38;2;65;74;82;48;2;197;205;213m▀[38;2;255;255;255;48;2;255;255;255m▀[48;2;197;205;213m▀[38;2;197;205;213;48;2;161;161;172m▀[38;2;161;161;172m▀[48;2;0;0;0m▀[38;2;0;0;0;48;2;65;65;65m▀[38;2;65;65;65m▀▀[38;2;0;0;0;48;2;0;0;0m▀[38;2;106;106;106;48;2;161;161;172m▀[48;2;139;139;139m▀[48;2;106;106;106m▀[48;2;139;139;139m▀[38;2;0;0;0;48;2;106;106;106m▀[38;2;106;106;106;48;2;0;0;0m▀[48;2;106;106;106m▀▀[38;2;65;65;65m▀[38;2;0;0;0;48;2;0;0;0m▀[38;2;161;161;172;48;2;161;161;172m▀[38;2;106;106;106;48;2;106;106;106m▀▀[38;2;65;65;65m▀[38;2;0;0;0;48;2;0;0;0m▀[38;2;106;106;123;48;2;106;106;123m▀[38;2;161;161;172m▀[38;2;0;0;0;48;2;0;0;0m▀[0m
[0m [38;2;106;106;123;48;2;106;106;123m▀[38;2;65;74;82;48;2;65;74;82m▀[38;2;0;0;0;48;2;0;0;0m▀[48;2;106;106;123m▀[38;2;161;161;172;48;2;255;255;255m▀[38;2;255;255;255m▀[38;2;197;205;213;48;2;197;205;213m▀▀▀▀▀▀▀▀▀[38;2;123;131;148m▀[38;2;65;74;82m▀▀▀[38;2;197;205;213;48;2;255;255;255m▀[38;2;255;255;255m▀[48;2;197;205;213m▀[38;2;197;205;213;48;2;161;161;172m▀[38;2;161;161;172m▀[48;2;0;0;0m▀[38;2;0;0;0;48;2;65;65;65m▀[38;2;65;65;65m▀▀[48;2;106;106;106m▀▀[38;2;0;0;0;48;2;0;0;0m▀[38;2;161;161;172;48;2;161;161;172m▀[38;2;139;139;139;48;2;139;139;139m▀[38;2;106;106;106m▀[38;2;139;139;139m▀[38;2;0;0;0m▀[38;2;106;106;106;48;2;0;0;0m▀[48;2;106;106;106m▀▀▀[38;2;0;0;0;48;2;0;0;0m▀[38;2;161;161;172;48;2;161;161;172m▀[38;2;106;106;106;48;2;139;139;139m▀[38;2;139;139;139;48;2;106;106;106m▀[38;2;106;106;106;48;2;139;139;139m▀[38;2;0;0;0;48;2;0;0;0m▀[38;2;106;106;123;48;2;106;106;123m▀[38;2;0;0;0m▀[49m▄[0m
[38;2;106;106;123;48;2;106;106;123m▀[38;2;197;205;213;48;2;255;255;255m▀[38;2;255;255;255m▀[38;2;106;106;123m▀[48;2;161;161;172m▀[38;2;255;255;255;48;2;255;255;255m▀[38;2;197;205;213;48;2;197;205;213m▀▀▀▀▀▀▀[48;2;123;131;148m▀▀▀[48;2;197;205;213m▀▀▀▀▀[48;2;161;161;172m▀[38;2;161;161;172m▀▀[48;2;0;0;0m▀[38;2;0;0;0;48;2;65;65;65m▀[48;2;0;0;0m▀[38;2;65;65;65;48;2;106;106;106m▀[38;2;106;106;106m▀▀▀▀[38;2;0;0;0;48;2;0;0;0m▀[38;2;161;161;172;48;2;161;161;172m▀[38;2;139;139;139;48;2;139;139;139m▀▀▀[38;2;0;0;0;48;2;65;65;65m▀[38;2;106;106;106m▀[48;2;106;106;106m▀▀▀[38;2;0;0;0;48;2;0;0;0m▀[38;2;161;161;172;48;2;161;161;172m▀[38;2;139;139;139;48;2;139;139;139m▀▀▀[38;2;0;0;0;48;2;0;0;0m▀[38;2;106;106;123;48;2;106;106;123m▀[38;2;0;0;0;48;2;65;65;65m▀[49m▄[0m
[38;2;106;106;123;48;2;0;0;0m▀[38;2;255;255;255;48;2;197;205;213m▀[38;2;123;131;148;48;2;0;0;0m▀[38;2;0;0;0m▀[38;2;197;205;213;48;2;255;255;255m▀[38;2;255;255;255m▀[38;2;197;205;213;48;2;197;205;213m▀▀▀▀▀[48;2;123;131;148m▀[38;2;123;131;148;48;2;0;0;0m▀[38;2;0;0;0m▀▀▀[38;2;123;131;148;48;2;65;74;82m▀[38;2;197;205;213;48;2;197;205;213m▀▀▀[48;2;161;161;172m▀[38;2;161;161;172m▀[38;2;106;106;123;48;2;0;0;0m▀[38;2;0;0;0;48;2;65;65;65m▀[38;2;65;65;65m▀▀[48;2;106;106;106m▀[38;2;0;0;0;48;2;0;0;0m▀[38;2;106;106;106;48;2;106;106;106m▀▀▀▀[38;2;65;65;65m▀[38;2;161;161;172;48;2;65;65;65m▀[38;2;139;139;139;48;2;161;161;172m▀[48;2;139;139;139m▀▀▀[38;2;0;0;0;48;2;0;0;0m▀[38;2;106;106;106;48;2;106;106;106m▀▀▀▀[38;2;0;0;0;48;2;0;0;0m▀[38;2;161;161;172;48;2;161;161;172m▀[38;2;139;139;139;48;2;0;0;0m▀▀[38;2;65;65;65m▀[38;2;0;0;0;48;2;161;161;172m▀[38;2;161;161;172m▀[38;2;106;106;106;48;2;139;139;139m▀[38;2;0;0;0;48;2;0;0;0m▀[0m
[38;2;0;0;0;48;2;0;0;0m▀[38;2;123;131;148;48;2;123;131;148m▀[38;2;0;0;0;48;2;0;0;0m▀▀[38;2;255;255;255;48;2;255;255;255m▀[38;2;197;205;213;48;2;197;205;213m▀▀▀▀▀▀[38;2;123;131;148;48;2;123;131;148m▀[38;2;0;0;0;48;2;0;0;0m▀▀▀[48;2;65;74;82m▀[38;2;65;74;82;48;2;197;205;213m▀[38;2;197;205;213m▀[48;2;161;161;172m▀[38;2;161;161;172;48;2;65;74;82m▀[38;2;65;74;82;48;2;106;189;255m▀[38;2;161;161;172;48;2;65;74;82m▀[48;2;161;161;172m▀[38;2;0;0;0;48;2;0;0;0m▀[38;2;65;65;65;48;2;106;106;106m▀[38;2;106;106;106m▀▀▀[38;2;0;0;0m▀[48;2;0;0;0m▀[38;2;106;106;106;48;2;106;106;106m▀[48;2;0;0;0m▀▀[38;2;0;0;0m▀[38;2;161;161;172m▀[38;2;139;139;139;48;2;65;65;65m▀[48;2;139;139;139m▀[48;2;65;65;65m▀[38;2;65;65;65;48;2;161;161;172m▀[38;2;0;0;0;48;2;139;139;139m▀[38;2;106;106;106;48;2;0;0;0m▀[48;2;106;106;106m▀[48;2;0;0;0m▀[38;2;0;0;0;48;2;139;139;139m▀[38;2;65;65;65m▀[38;2;139;139;139m▀▀[38;2;65;65;65;48;2;106;106;106m▀[38;2;161;161;172;48;2;139;139;139m▀[38;2;139;139;139m▀[48;2;0;0;0m▀[38;2;0;0;0;48;2;106;106;106m▀[48;2;65;65;65m▀[49m▄[0m
[0m [38;2;0;0;0;48;2;0;0;0m▀[38;2;123;131;148;48;2;255;255;255m▀[38;2;0;0;0;48;2;106;106;123m▀[38;2;255;255;255;48;2;255;255;255m▀[38;2;197;205;213;48;2;197;205;213m▀▀▀▀▀▀▀[38;2;123;131;148m▀[38;2;65;74;82m▀▀[38;2;197;205;213m▀▀[38;2;161;161;172;48;2;106;106;123m▀[38;2;106;106;123;48;2;65;74;82m▀[38;2;65;74;82;48;2;106;189;255m▀[38;2;106;189;255m▀[38;2;65;74;82;48;2;65;74;82m▀[38;2;161;161;172;48;2;161;161;172m▀[38;2;0;0;0;48;2;0;0;0m▀[38;2;106;106;106;48;2;106;106;106m▀▀▀▀[48;2;65;65;65m▀[38;2;65;65;65;48;2;139;139;139m▀▀[38;2;106;106;106m▀[38;2;139;139;139m▀[48;2;106;106;106m▀[38;2;106;106;106;48;2;139;139;139m▀[48;2;65;65;65m▀[38;2;65;65;65;48;2;106;106;106m▀[38;2;106;106;106;48;2;161;161;172m▀[38;2;161;161;172m▀[38;2;139;139;139;48;2;106;106;106m▀[38;2;0;0;0;48;2;0;0;0m▀[48;2;106;106;106m▀[38;2;106;106;106m▀[38;2;139;139;139;48;2;139;139;139m▀▀▀[48;2;106;106;106m▀▀[38;2;106;106;106m▀[48;2;0;0;0m▀▀[48;2;65;65;65m▀[38;2;0;0;0;48;2;0;0;0m▀[38;2;65;65;65;48;2;65;65;65m▀[38;2;0;0;0;48;2;0;0;0m▀[0m
[0m [38;2;0;0;0m▀[38;2;197;205;213;48;2;0;0;0m▀[38;2;106;106;123;48;2;255;255;255m▀[38;2;255;255;255;48;2;106;106;123m▀[38;2;197;205;213;48;2;197;205;213m▀▀▀▀▀▀▀▀▀▀[48;2;161;161;172m▀[38;2;161;161;172;48;2;65;74;82m▀[38;2;106;106;123;48;2;106;189;255m▀[38;2;0;0;0;48;2;0;0;0m▀[38;2;106;189;255;48;2;106;189;255m▀[48;2;65;74;82m▀[38;2;161;161;172;48;2;161;161;172m▀[38;2;106;106;123;48;2;0;0;0m▀[38;2;65;74;82;48;2;161;161;172m▀[38;2;106;106;106;48;2;106;106;106m▀▀[48;2;65;65;65m▀[38;2;0;0;0m▀[38;2;139;139;139;48;2;139;139;139m▀▀▀▀▀[48;2;106;106;106m▀[38;2;106;106;106;48;2;139;139;139m▀[48;2;106;106;106m▀▀[38;2;161;161;172m▀[38;2;139;139;139m▀[38;2;106;106;106;48;2;0;0;0m▀[38;2;0;0;0;48;2;106;106;106m▀[38;2;106;106;106m▀▀▀[38;2;139;139;139m▀[38;2;106;106;106;48;2;0;0;0m▀▀[38;2;0;0;0;48;2;106;106;106m▀▀[38;2;106;106;106;48;2;0;0;0m▀▀▀[38;2;0;0;0;48;2;106;106;123m▀[48;2;161;161;172m▀[38;2;106;106;123;48;2;197;205;213m▀[38;2;0;0;0;48;2;161;161;172m▀[49m▄[0m
[0m  [38;2;0;0;0m▀[38;2;197;205;213;48;2;0;0;0m▀[38;2;106;106;123;48;2;106;106;123m▀[38;2;197;205;213;48;2;197;205;213m▀▀▀[48;2;123;131;148m▀[38;2;123;131;148;48;2;0;0;0m▀▀[38;2;197;205;213;48;2;197;205;213m▀▀[48;2;161;161;172m▀[38;2;161;161;172;48;2;0;0;0m▀▀[38;2;106;106;123;48;2;161;161;172m▀[38;2;106;189;255m▀▀[38;2;161;161;172;48;2;106;106;123m▀[48;2;0;0;0m▀[38;2;0;0;0;48;2;172;57;74m▀[38;2;65;65;65;48;2;65;65;65m▀[38;2;161;161;172;48;2;161;161;172m▀[38;2;106;106;106;48;2;106;106;106m▀[48;2;65;65;65m▀[38;2;0;0;0;48;2;0;0;0m▀[38;2;106;106;106;48;2;106;106;106m▀[38;2;139;139;139m▀[48;2;65;65;65m▀[38;2;106;106;106m▀[48;2;0;0;0m▀▀▀▀▀[48;2;65;65;65m▀[48;2;106;106;106m▀[38;2;65;65;65m▀[38;2;106;106;106m▀[38;2;0;0;0;48;2;0;0;0m▀[38;2;106;106;106;48;2;65;65;65m▀[48;2;106;106;106m▀[48;2;0;0;0m▀[38;2;0;0;0;48;2;106;106;106m▀[38;2;106;106;106;48;2;0;0;0m▀[38;2;65;74;82;48;2;65;74;82m▀[38;2;0;0;0;48;2;161;161;172m▀[48;2;197;205;213m▀[38;2;197;205;213m▀[38;2;161;161;172m▀[38;2;106;106;123;48;2;161;161;172m▀[38;2;197;205;213m▀▀[48;2;65;74;82m▀[38;2;161;161;172;48;2;0;0;0m▀[38;2;0;0;0;49m▀[0m
[0m   [38;2;0;0;0m▀[38;2;255;255;255;48;2;0;0;0m▀[38;2;106;106;123;48;2;106;106;123m▀[38;2;197;205;213;48;2;197;205;213m▀▀[38;2;123;131;148m▀[38;2;0;0;0m▀▀[38;2;197;205;213;48;2;106;106;123m▀[38;2;161;161;172;48;2;0;0;0m▀[38;2;0;0;0;48;2;172;57;74m▀[38;2;172;57;74m▀▀[38;2;0;0;0m▀▀▀[38;2;65;74;82m▀[38;2;172;57;74m▀▀[38;2;0;0;0;48;2;0;0;0m▀[38;2;161;161;172;48;2;161;161;172m▀[38;2;106;106;106;48;2;106;106;106m▀[38;2;65;65;65m▀[38;2;0;0;0;48;2;0;0;0m▀[38;2;106;106;106m▀[38;2;0;0;0;48;2;106;106;106m▀[48;2;65;65;65m▀[38;2;106;106;106m▀▀▀▀▀[48;2;106;106;106m▀[38;2;0;0;0m▀▀[38;2;106;106;106;48;2;0;0;0m▀[48;2;106;106;106m▀[38;2;0;0;0;48;2;0;0;0m▀[48;2;65;65;65m▀[38;2;65;65;65;48;2;0;0;0m▀[38;2;0;0;0m▀[48;2;65;74;82m▀[38;2;106;106;123;48;2;161;161;172m▀[38;2;161;161;172m▀▀[38;2;197;205;213m▀[48;2;197;205;213m▀[48;2;161;161;172m▀[38;2;161;161;172m▀[48;2;65;74;82m▀[38;2;65;74;82;48;2;0;0;0m▀[38;2;106;106;123m▀[38;2;0;0;0;49m▀[0m
[0m     [38;2;0;0;0;48;2;65;65;65m▀[38;2;106;106;123;48;2;0;0;0m▀[38;2;197;205;213;48;2;197;205;213m▀[48;2;161;161;172m▀[38;2;161;161;172;48;2;0;0;0m▀[38;2;0;0;0;48;2;106;106;106m▀[48;2;0;0;0m▀[38;2;65;65;65;48;2;139;139;139m▀[38;2;172;57;74;48;2;0;0;0m▀[48;2;222;106;106m▀[38;2;222;106;106m▀▀▀[48;2;172;57;74m▀[38;2;172;57;74;48;2;222;106;106m▀[48;2;172;57;74m▀[48;2;0;0;0m▀[38;2;0;0;0;48;2;161;161;172m▀[38;2;161;161;172;48;2;106;106;106m▀[38;2;106;106;106m▀[48;2;0;0;0m▀[38;2;0;0;0;48;2;197;205;213m▀[38;2;197;205;213;48;2;255;255;255m▀[38;2;255;255;255m▀▀▀▀[48;2;197;205;213m▀[38;2;197;205;213;48;2;255;255;255m▀[38;2;161;161;172;48;2;161;161;172m▀[38;2;65;65;65m▀[48;2;197;205;213m▀[48;2;255;255;255m▀▀[38;2;0;0;0;48;2;0;0;0m▀[38;2;65;65;65;48;2;65;65;65m▀[38;2;106;106;106m▀[38;2;65;65;65;49m▀[0m [38;2;0;0;0;48;2;0;0;0m▀[38;2;161;161;172;48;2;106;106;123m▀[48;2;65;74;82m▀▀[38;2;65;74;82;48;2;106;106;106m▀▀[38;2;0;0;0m▀▀[38;2;106;106;106m▀▀[38;2;65;65;65m▀[48;2;0;0;0m▀[0m
[0m   [38;2;65;65;65m▄[48;2;255;255;255m▀[38;2;106;106;106;48;2;106;106;106m▀▀[38;2;0;0;0m▀[48;2;139;139;139m▀[38;2;106;106;106m▀[48;2;106;106;106m▀[38;2;0;0;0m▀[38;2;139;139;139;48;2;0;0;0m▀[38;2;0;0;0;48;2;255;255;255m▀[38;2;222;106;106;48;2;172;57;74m▀[48;2;222;106;106m▀▀▀[48;2;172;57;74m▀[38;2;172;57;74;48;2;255;255;255m▀[48;2;0;0;0m▀[38;2;0;0;0;48;2;161;161;172m▀[38;2;161;161;172;48;2;106;106;106m▀[38;2;106;106;106m▀[38;2;65;65;65m▀[38;2;0;0;0;48;2;0;0;0m▀[38;2;197;205;213;48;2;197;205;213m▀[38;2;255;255;255m▀[48;2;255;255;255m▀▀▀▀[48;2;197;205;213m▀[38;2;197;205;213;48;2;255;255;255m▀[48;2;197;205;213m▀▀[48;2;161;161;172m▀[48;2;0;0;0m▀▀[38;2;0;0;0;49m▀[0m    [38;2;65;65;65m▄[38;2;0;0;0;48;2;161;161;172m▀[38;2;161;161;172m▀[38;2;106;106;106;48;2;0;0;0m▀[48;2;65;65;65m▀[38;2;65;65;65;48;2;197;205;213m▀[38;2;161;161;172m▀[38;2;65;65;65;48;2;161;161;172m▀[38;2;106;106;106;48;2;65;65;65m▀[48;2;0;0;0m▀[38;2;65;65;65;48;2;161;161;172m▀[38;2;161;161;172m▀[38;2;65;65;65m▀[49m▄[0m
[0m [38;2;65;65;65m▄[48;2;197;205;213m▀[38;2;255;255;255;48;2;161;161;172m▀[38;2;197;205;213m▀[38;2;161;161;172;48;2;65;65;65m▀[38;2;65;65;65;48;2;255;255;255m▀[38;2;255;255;255m▀[38;2;65;65;65;48;2;65;65;65m▀[38;2;139;139;139;48;2;139;139;139m▀[38;2;106;106;106;48;2;106;106;106m▀▀[38;2;0;0;0;48;2;0;0;0m▀[38;2;139;139;139;48;2;106;106;106m▀[38;2;0;0;0;48;2;161;161;172m▀[38;2;172;57;74;48;2;0;0;0m▀▀▀▀[38;2;0;0;0;48;2;161;161;172m▀[38;2;161;161;172;48;2;106;106;106m▀[38;2;106;106;106m▀[48;2;65;65;65m▀[48;2;0;0;0m▀[38;2;65;65;65m▀[38;2;0;0;0;49m▀[48;2;0;0;0m▀[38;2;197;205;213m▀▀▀▀▀[48;2;65;74;82m▀[48;2;106;106;123m▀[48;2;161;161;172m▀[38;2;106;106;123m▀[38;2;0;0;0m▀[38;2;161;161;172m▀[38;2;0;0;0;48;2;0;0;0m▀[0m     [38;2;0;0;0m▀▀▀[0m [38;2;0;0;0;48;2;0;0;0m▀[38;2;197;205;213;48;2;197;205;213m▀▀[38;2;161;161;172;48;2;161;161;172m▀[38;2;0;0;0;48;2;0;0;0m▀[0m [38;2;0;0;0m▀▀▀▀[0m
[0m [38;2;65;65;65m▀[38;2;0;0;0m▀▀▀[48;2;0;0;0m▀[38;2;255;255;255;48;2;255;255;255m▀[38;2;197;205;213;48;2;161;161;172m▀[38;2;161;161;172;48;2;0;0;0m▀[38;2;106;106;106m▀▀[38;2;0;0;0;49m▀[0m [38;2;0;0;0m▀[38;2;139;139;139;48;2;0;0;0m▀[38;2;161;161;172m▀▀[48;2;65;65;65m▀▀[38;2;139;139;139m▀[38;2;65;65;65;49m▀[38;2;0;0;0m▀▀[0m   [38;2;0;0;0;48;2;65;65;65m▀[38;2;106;106;106;48;2;139;139;139m▀[48;2;106;106;106m▀▀[48;2;65;65;65m▀[48;2;106;106;106m▀[38;2;65;74;82m▀[38;2;0;0;0m▀▀▀[38;2;65;74;82;48;2;65;74;82m▀[38;2;106;106;123;48;2;0;0;0m▀[38;2;0;0;0;49m▀[0m          [38;2;0;0;0m▀[38;2;197;205;213;48;2;0;0;0m▀[38;2;0;0;0;49m▀[0m
[0m      [38;2;0;0;0m▀[38;2;65;65;65m▀[0m                [38;2;65;65;65m▄[48;2;255;255;255m▀[38;2;255;255;255m▀[38;2;139;139;139;48;2;65;65;65m▀[38;2;65;65;65;48;2;255;255;255m▀[38;2;255;255;255m▀[38;2;161;161;172m▀[38;2;65;65;65;48;2;65;65;65m▀[38;2;106;106;106;48;2;106;106;106m▀[48;2;65;65;65m▀[38;2;161;161;172;48;2;255;255;255m▀[38;2;65;65;65m▀[38;2;106;106;106;48;2;65;65;65m▀[38;2;0;0;0;49m▀[0m
[0m                        [38;2;0;0;0m▀▀▀[38;2;65;65;65;48;2;65;65;65m▀[38;2;255;255;255;48;2;197;205;213m▀[38;2;197;205;213;48;2;0;0;0m▀▀[38;2;0;0;0;49m▀▀▀[38;2;197;205;213;48;2;0;0;0m▀[38;2;255;255;255;48;2;197;205;213m▀[38;2;0;0;0;48;2;0;0;0m▀[0m
[0m                           [38;2;65;65;65m▀[38;2;0;0;0m▀[0m      [38;2;0;0;0m▀▀[0m
