[0m                   [38;2;123;106;106m▄[48;2;230;222;222m▀[38;2;0;0;0;48;2;180;172;172m▀[49m▄[0m
[0m                  [38;2;123;106;106m▄[48;2;230;222;222m▀[38;2;180;172;172;48;2;180;172;172m▀[38;2;230;222;222;48;2;230;222;222m▀[38;2;0;0;0;48;2;180;172;172m▀[49m▄[0m
[0m               [38;2;123;106;106m▄▄[48;2;230;222;222m▀[38;2;230;222;222m▀[48;2;180;172;172m▀[38;2;180;172;172;48;2;230;222;222m▀[38;2;230;222;222m▀▀[38;2;0;0;0;48;2;180;172;172m▀[49m▄▄[0m
[0m            [38;2;123;106;106m▄[48;2;230;222;222m▀▀[38;2;230;222;222m▀▀▀[48;2;180;172;172m▀[38;2;180;172;172;48;2;230;222;222m▀[38;2;230;222;222m▀▀▀▀[38;2;180;172;172;48;2;180;172;172m▀▀[38;2;0;0;0m▀▀[49m▄[0m
[0m       [38;2;123;106;106m▄▄▄▄[48;2;230;222;222m▀[38;2;230;222;222m▀▀▀▀▀[48;2;180;172;172m▀[38;2;180;172;172;48;2;230;222;222m▀[38;2;230;222;222m▀▀▀▀▀▀[38;2;180;172;172;48;2;180;172;172m▀▀▀▀[38;2;0;0;0m▀[49m▄[38;2;123;106;106m▄▄▄[0m
[0m     [38;2;123;106;106m▄[48;2;230;222;222m▀[38;2;180;172;172m▀[38;2;230;222;222;48;2;123;106;106m▀▀[38;2;123;106;106;48;2;230;222;222m▀[38;2;230;222;222m▀▀▀▀▀▀[38;2;180;172;172;48;2;180;172;172m▀[38;2;230;222;222;48;2;230;222;222m▀▀▀▀▀▀▀[38;2;180;172;172;48;2;180;172;172m▀▀▀▀[48;2;123;106;106m▀[38;2;123;106;106;48;2;230;222;222m▀[38;2;230;222;222m▀▀[38;2;180;172;172m▀[38;2;123;106;106m▀[49m▄[0m
[0m     [38;2;123;106;106;48;2;0;0;0m▀[38;2;230;222;222;48;2;230;222;222m▀[38;2;180;172;172;48;2;123;106;106m▀[38;2;230;222;222;48;2;230;222;222m▀[38;2;123;106;106;48;2;0;0;0m▀[38;2;230;222;222;48;2;230;222;222m▀▀▀▀▀▀[38;2;180;172;172;48;2;180;172;172m▀[38;2;230;222;222;48;2;230;222;222m▀▀▀▀▀▀▀[38;2;180;172;172;48;2;180;172;172m▀▀▀▀▀▀[38;2;230;222;222;48;2;123;106;106m▀▀▀[48;2;230;222;222m▀▀[38;2;180;172;172;48;2;180;172;172m▀[38;2;0;0;0;48;2;0;0;0m▀[0m
[0m     [38;2;0;0;0;48;2;0;0;0m▀[38;2;230;222;222;48;2;180;172;172m▀[38;2;180;172;172m▀[38;2;230;222;222m▀[38;2;0;0;0;48;2;0;0;0m▀[38;2;230;222;222;48;2;180;172;172m▀[48;2;230;222;222m▀▀▀▀▀[38;2;180;172;172;48;2;180;172;172m▀[38;2;230;222;222;48;2;230;222;222m▀▀▀▀[48;2;180;172;172m▀▀[38;2;180;172;172m▀▀▀▀▀▀[38;2;123;106;106;48;2;123;106;106m▀[38;2;180;172;172;48;2;180;172;172m▀[38;2;230;222;222m▀[48;2;230;222;222m▀[38;2;123;106;106;48;2;123;106;106m▀[38;2;230;222;222;48;2;180;172;172m▀[38;2;180;172;172m▀[38;2;0;0;0;48;2;0;0;0m▀[0m
[0m      [38;2;123;106;106m▀[38;2;180;172;172;48;2;123;106;106m▀▀[38;2;0;0;0;48;2;0;0;0m▀[38;2;180;172;172;48;2;180;172;172m▀[48;2;123;106;106m▀[38;2;123;106;106;48;2;255;255;255m▀[38;2;99;65;69;48;2;0;0;0m▀[38;2;180;172;172;48;2;99;65;69m▀[38;2;230;222;222;48;2;180;172;172m▀[38;2;123;106;106;48;2;123;106;106m▀[38;2;230;222;222;48;2;180;172;172m▀▀[38;2;180;172;172m▀▀[48;2;0;0;0m▀[38;2;123;106;106;48;2;99;65;69m▀[38;2;99;65;69;48;2;0;0;0m▀[38;2;123;106;106;48;2;99;65;69m▀[48;2;180;172;172m▀[38;2;180;172;172;48;2;0;0;0m▀[48;2;180;172;172m▀▀[38;2;123;106;106m▀[38;2;180;172;172;48;2;123;106;106m▀[48;2;180;172;172m▀▀▀[48;2;0;0;0m▀[38;2;0;0;0;49m▀[0m
[0m [38;2;57;74;90m▄[0m [38;2;0;0;0m▄[38;2;57;74;90;48;2;180;213;255m▀[49m▄[0m   [38;2;123;106;106m▀[38;2;0;0;0m▀[38;2;123;106;106;48;2;0;0;0m▀[38;2;255;255;255;48;2;255;255;255m▀[38;2;0;0;0;48;2;99;65;69m▀[48;2;0;0;0m▀[48;2;123;106;106m▀[38;2;180;172;172;48;2;0;0;0m▀[38;2;123;106;106m▀[38;2;180;172;172m▀[38;2;99;65;69;48;2;99;65;69m▀[38;2;0;0;0;48;2;180;172;172m▀[38;2;255;255;255;48;2;255;255;255m▀[38;2;0;0;0;48;2;0;0;0m▀▀▀[38;2;255;255;255;48;2;255;255;255m▀[38;2;180;172;172;48;2;180;172;172m▀[38;2;0;0;0;48;2;0;0;0m▀[38;2;180;172;172;48;2;123;106;106m▀[48;2;0;0;0m▀[38;2;123;106;106m▀[38;2;0;0;0;49m▀▀▀[0m   [38;2;57;74;90m▄[48;2;180;213;255m▀[38;2;0;0;0;49m▄[0m [38;2;57;74;90m▄[0m
[38;2;57;74;90;48;2;0;0;0m▀[38;2;180;213;255;48;2;106;205;230m▀[38;2;57;74;90;48;2;57;131;180m▀[48;2;0;0;0m▀[38;2;106;205;230;48;2;57;131;180m▀[38;2;57;74;90;48;2;90;164;205m▀[49m▄[0m    [38;2;0;0;0m▀[38;2;123;106;106;48;2;0;0;0m▀[38;2;255;255;255;48;2;213;82;99m▀[38;2;123;106;106m▀[38;2;180;172;172;48;2;255;255;255m▀[38;2;230;222;222;48;2;230;222;222m▀[48;2;99;65;69m▀▀▀[48;2;230;222;222m▀[38;2;255;255;255;48;2;180;172;172m▀[38;2;180;172;172;48;2;255;255;255m▀[38;2;0;0;0m▀[38;2;180;172;172m▀[38;2;255;255;255;48;2;180;172;172m▀[38;2;180;172;172m▀[38;2;123;106;106;48;2;0;0;0m▀[38;2;0;0;0;49m▀[0m      [38;2;57;74;90m▄[48;2;90;164;205m▀[48;2;106;205;230m▀[38;2;106;205;230;48;2;57;131;180m▀[38;2;0;0;0;48;2;57;74;90m▀[38;2;57;74;90;48;2;57;131;180m▀[38;2;180;213;255;48;2;106;205;230m▀[38;2;57;74;90;48;2;0;0;0m▀[0m
[38;2;0;0;0;49m▀[38;2;90;164;205;48;2;0;0;0m▀[38;2;0;0;0m▀[38;2;180;213;255;48;2;106;205;230m▀[38;2;57;131;180m▀[38;2;90;164;205m▀[38;2;106;205;230;48;2;90;164;205m▀[38;2;57;74;90;48;2;230;222;222m▀▀[49m▄▄▄[0m [38;2;0;0;0m▀[38;2;230;222;222;48;2;0;0;0m▀[48;2;230;222;222m▀[38;2;99;65;69m▀[48;2;123;106;106m▀[38;2;213;82;99;48;2;213;82;99m▀▀[38;2;99;65;69;48;2;230;222;222m▀[38;2;230;222;222m▀[38;2;180;172;172m▀[48;2;180;172;172m▀[38;2;213;82;99m▀[48;2;123;106;106m▀[38;2;123;106;106;48;2;0;0;0m▀[38;2;0;0;0;49m▀[0m [38;2;57;74;90m▄▄▄▄[48;2;106;205;230m▀[48;2;230;222;222m▀[38;2;57;131;180m▀[38;2;106;205;230;48;2;90;164;205m▀[48;2;106;205;230m▀[38;2;57;131;180m▀[38;2;180;213;255;48;2;90;164;205m▀[38;2;0;0;0;48;2;0;0;0m▀[38;2;90;164;205m▀[38;2;0;0;0;49m▀[0m
[0m   [38;2;0;0;0m▀▀▀▀[38;2;180;172;172;48;2;0;0;0m▀[38;2;230;222;222m▀[38;2;106;205;230;48;2;90;164;205m▀[48;2;106;205;230m▀▀[38;2;57;74;90m▀▀[48;2;90;164;205m▀[38;2;0;0;0;48;2;57;131;180m▀▀[38;2;230;222;222;48;2;0;0;0m▀▀▀▀▀[38;2;180;172;172;48;2;57;74;90m▀[38;2;123;106;106;48;2;123;106;106m▀[38;2;0;0;0;48;2;57;131;180m▀▀[38;2;57;74;90m▀[48;2;90;164;205m▀[48;2;106;205;230m▀[38;2;90;164;205m▀[38;2;106;205;230m▀▀[48;2;90;164;205m▀[48;2;0;0;0m▀[38;2;230;222;222m▀[38;2;180;172;172m▀[38;2;0;0;0;49m▀▀▀▀[0m
[0m         [38;2;0;0;0m▀▀▀[38;2;57;74;90;48;2;57;74;90m▀[38;2;106;205;230;48;2;0;0;0m▀▀[38;2;90;164;205m▀[38;2;57;131;180m▀[48;2;57;74;90m▀[48;2;90;164;205m▀[48;2;57;131;180m▀▀▀▀[48;2;90;164;205m▀[48;2;57;74;90m▀[48;2;0;0;0m▀[38;2;90;164;205m▀[38;2;106;205;230m▀▀[38;2;0;0;0;49m▀▀▀▀[0m
[0m                [38;2;0;0;0m▄[38;2;57;74;90;48;2;230;222;222m▀[38;2;106;205;230;48;2;106;205;230m▀▀[38;2;90;164;205m▀▀[38;2;106;205;230m▀▀[38;2;57;74;90;48;2;230;222;222m▀[38;2;0;0;0;49m▄[0m
[0m            [38;2;57;74;90m▄▄▄[38;2;0;0;0;48;2;57;74;90m▀[38;2;180;172;172;48;2;123;106;106m▀[38;2;230;222;222;48;2;180;172;172m▀[38;2;180;172;172;48;2;230;222;222m▀[38;2;106;205;230m▀▀▀▀[38;2;180;172;172m▀[38;2;230;222;222;48;2;180;172;172m▀[38;2;180;172;172;48;2;123;106;106m▀[38;2;0;0;0;48;2;57;74;90m▀[38;2;57;74;90;49m▄▄[0m
[0m         [38;2;57;74;90m▄[48;2;57;131;180m▀[48;2;90;164;205m▀[38;2;57;131;180;48;2;57;74;90m▀▀▀[48;2;57;131;180m▀[38;2;57;74;90;48;2;0;0;0m▀[38;2;123;106;106m▀[38;2;180;172;172;48;2;180;172;172m▀[48;2;0;0;0m▀▀[48;2;180;172;172m▀▀[48;2;57;74;90m▀[38;2;57;74;90;48;2;57;131;180m▀[38;2;57;131;180m▀[48;2;57;74;90m▀▀[48;2;57;131;180m▀[38;2;57;74;90m▀▀[38;2;0;0;0m▀[49m▄[0m
[0m         [38;2;0;0;0;48;2;0;0;0m▀[38;2;90;164;205;48;2;90;164;205m▀[38;2;106;205;230;48;2;106;205;230m▀▀▀[38;2;57;131;180m▀[38;2;0;0;0;48;2;0;0;0m▀[38;2;255;255;255;48;2;230;222;222m▀▀[38;2;123;106;106;48;2;0;0;0m▀[38;2;255;255;255;48;2;230;222;222m▀[48;2;255;255;255m▀[38;2;0;0;0;48;2;230;222;222m▀▀[48;2;57;131;180m▀[48;2;106;205;230m▀[38;2;57;74;90m▀[38;2;57;131;180m▀[38;2;90;164;205m▀▀[38;2;57;131;180;48;2;90;164;205m▀[48;2;57;131;180m▀▀[38;2;0;0;0;48;2;0;0;0m▀[0m
[0m          [38;2;0;0;0m▀▀[38;2;90;164;205;48;2;0;0;0m▀[38;2;106;205;230m▀[48;2;57;74;90m▀[38;2;57;131;180;48;2;0;0;0m▀[38;2;0;0;0;48;2;180;172;172m▀[38;2;180;172;172;48;2;123;106;106m▀[38;2;0;0;0;48;2;230;222;222m▀[38;2;123;106;106m▀[38;2;230;222;222m▀▀[38;2;57;131;180;48;2;57;131;180m▀[38;2;106;205;230;48;2;106;205;230m▀▀▀[48;2;57;131;180m▀[48;2;0;0;0m▀▀[38;2;57;131;180m▀[38;2;0;0;0;49m▀▀[0m
[0m              [38;2;57;74;90m▀[38;2;0;0;0;48;2;0;0;0m▀[38;2;180;172;172;48;2;180;172;172m▀[38;2;0;0;0;48;2;0;0;0m▀[38;2;230;222;222;48;2;230;222;222m▀▀▀[48;2;180;172;172m▀[38;2;180;172;172m▀[38;2;57;74;90;48;2;0;0;0m▀[38;2;0;0;0;49m▀▀▀[0m
[0m                [38;2;0;0;0m▀[38;2;180;172;172;48;2;0;0;0m▀[38;2;0;0;0m▀[38;2;180;172;172m▀▀▀[38;2;0;0;0;49m▀[0m
