[0m                  [38;2;131;65;74m▄[48;2;230;115;139m▀▀[38;2;16;16;16;48;2;131;65;74m▀[49m▄[0m
[0m                 [38;2;131;65;74;48;2;131;65;74m▀[38;2;230;115;139;48;2;230;115;139m▀[38;2;238;156;164m▀[38;2;230;115;139m▀[38;2;205;90;115;48;2;205;90;115m▀[38;2;16;16;16;48;2;16;16;16m▀[0m
[0m                [38;2;131;65;74;48;2;131;65;74m▀[38;2;230;115;139;48;2;230;115;139m▀▀▀[38;2;205;90;115;48;2;205;90;115m▀▀[38;2;16;16;16;48;2;16;16;16m▀[0m
[0m                [38;2;131;65;74;48;2;16;16;16m▀[38;2;230;115;139;48;2;205;90;115m▀▀[38;2;205;90;115m▀▀[38;2;16;16;16;48;2;16;16;16m▀[0m
[0m                [38;2;16;16;16m▀[38;2;131;65;74;48;2;16;16;16m▀[38;2;205;90;115;48;2;205;90;115m▀▀[38;2;16;16;16;48;2;16;16;16m▀[0m
[0m                [38;2;131;65;74m▄[38;2;16;16;16;48;2;131;65;74m▀[38;2;205;90;115m▀[38;2;16;16;16;48;2;16;16;16m▀[0m         [38;2;16;16;16m▄[38;2;82;65;74;48;2;222;222;222m▀▀[49m▄[0m
[0m             [38;2;205;90;115m▄[48;2;238;156;164m▀[38;2;131;65;74;48;2;230;115;139m▀[38;2;230;115;139m▀▀▀▀[38;2;16;16;16m▀▀[49m▄[0m    [38;2;16;16;16m▄[38;2;82;65;74;48;2;222;222;222m▀[38;2;16;16;16m▀[38;2;222;222;222;48;2;82;65;74m▀[48;2;222;222;222m▀▀[38;2;82;65;74m▀[49m▄[0m
[0m           [38;2;205;90;115m▄[48;2;238;156;164m▀[38;2;238;156;164m▀▀▀[38;2;230;115;139;48;2;230;115;139m▀▀▀▀▀▀▀[38;2;16;16;16;48;2;16;16;16m▀[0m  [38;2;82;65;74;48;2;16;16;16m▀[38;2;16;16;16;48;2;222;222;222m▀[38;2;82;65;74;48;2;139;131;139m▀[38;2;222;222;222;48;2;82;65;74m▀[48;2;172;164;172m▀[38;2;139;131;139m▀[38;2;222;222;222m▀[48;2;222;222;222m▀▀[38;2;16;16;16;48;2;16;16;16m▀[0m
[0m          [38;2;131;65;74m▄[48;2;230;115;139m▀[38;2;230;115;139m▀[38;2;238;156;164m▀▀[38;2;230;115;139m▀▀▀▀▀▀▀▀▀[38;2;16;16;16;48;2;16;16;16m▀[0m [38;2;16;16;16m▀▀[38;2;197;197;197;48;2;16;16;16m▀[38;2;222;222;222m▀[38;2;139;131;139m▀[38;2;172;164;172;48;2;172;164;172m▀▀[38;2;197;197;197m▀[38;2;222;222;222;48;2;222;222;222m▀[38;2;16;16;16;48;2;197;197;197m▀[49m▄[0m
[0m       [38;2;131;65;74m▄[48;2;180;74;90m▀▀[38;2;205;90;115m▀[38;2;230;115;139;48;2;230;115;139m▀▀[38;2;246;222;131;48;2;238;189;90m▀[38;2;238;189;90m▀[38;2;230;115;139;48;2;230;115;139m▀▀[38;2;246;222;131;48;2;238;189;90m▀[38;2;238;189;90m▀[38;2;230;115;139;48;2;230;115;139m▀▀▀▀[38;2;131;65;74m▀[38;2;172;164;172;48;2;131;65;74m▀[38;2;16;16;16m▀[49m▄[0m    [38;2;16;16;16;48;2;16;16;16m▀[38;2;172;164;172;48;2;172;164;172m▀▀[38;2;222;222;222;48;2;197;197;197m▀[48;2;222;222;222m▀[38;2;16;16;16;48;2;16;16;16m▀[0m
[0m      [38;2;16;16;16;48;2;16;16;16m▀[38;2;180;74;90;48;2;180;74;90m▀▀[48;2;16;16;16m▀[38;2;16;16;16;48;2;82;65;74m▀[38;2;230;115;139;48;2;131;65;74m▀[48;2;230;115;139m▀▀[48;2;246;222;131m▀[48;2;238;189;90m▀[48;2;230;115;139m▀▀▀▀▀[48;2;82;65;74m▀[38;2;16;16;16;48;2;172;164;172m▀[38;2;230;115;139;48;2;16;16;16m▀[48;2;230;115;139m▀▀[38;2;205;90;115m▀[38;2;16;16;16;48;2;205;90;115m▀[49m▄[0m   [38;2;16;16;16;48;2;16;16;16m▀[38;2;172;164;172;48;2;172;164;172m▀▀[38;2;222;222;222;48;2;222;222;222m▀[38;2;16;16;16;48;2;16;16;16m▀[0m
[0m       [38;2;16;16;16m▀▀[0m [38;2;82;65;74;48;2;82;65;74m▀[38;2;255;255;255;48;2;255;255;255m▀[38;2;16;16;16;48;2;16;16;16m▀[38;2;230;115;139;48;2;131;65;74m▀[38;2;238;189;90;48;2;205;90;115m▀▀[38;2;230;115;139m▀[48;2;180;74;90m▀[48;2;82;65;74m▀[38;2;82;65;74;48;2;16;16;16m▀[38;2;16;16;16m▀[38;2;255;255;255;48;2;255;255;255m▀[38;2;172;164;172;48;2;172;164;172m▀▀[38;2;16;16;16;48;2;16;16;16m▀[38;2;230;115;139m▀▀▀[38;2;16;16;16;49m▀[0m   [38;2;16;16;16;48;2;16;16;16m▀[38;2;172;164;172;48;2;172;164;172m▀▀[38;2;222;222;222;48;2;197;197;197m▀[38;2;16;16;16;48;2;172;164;172m▀[49m▄[0m
[0m          [38;2;82;65;74m▀[38;2;222;222;222;48;2;139;131;139m▀[38;2;255;255;255;48;2;222;222;222m▀[38;2;222;222;222m▀[38;2;139;131;139m▀▀▀[38;2;197;197;197m▀[38;2;222;222;222m▀[38;2;255;255;255m▀▀[38;2;222;222;222;48;2;197;197;197m▀[38;2;172;164;172;48;2;172;164;172m▀[48;2;16;16;16m▀[38;2;16;16;16;49m▀[0m        [38;2;16;16;16;48;2;16;16;16m▀[38;2;172;164;172;48;2;172;164;172m▀▀▀[38;2;16;16;16;48;2;16;16;16m▀[0m
[0m [38;2;139;131;139m▄▄[38;2;82;65;74m▄▄[0m      [38;2;82;65;74m▀[38;2;222;222;222;48;2;16;16;16m▀[48;2;222;222;222m▀[38;2;197;197;197;48;2;230;115;139m▀[38;2;230;115;139;48;2;131;65;74m▀[38;2;172;164;172;48;2;205;90;115m▀[38;2;222;222;222;48;2;172;164;172m▀[48;2;222;222;222m▀▀▀[38;2;197;197;197;48;2;172;164;172m▀[38;2;172;164;172;48;2;16;16;16m▀[38;2;16;16;16;49m▀[0m      [38;2;82;65;74m▄▄[38;2;16;16;16m▄[48;2;172;164;172m▀[38;2;172;164;172m▀▀▀[38;2;16;16;16;48;2;16;16;16m▀[0m
[38;2;16;16;16;48;2;16;16;16m▀[38;2;222;222;222;48;2;172;164;172m▀[48;2;222;222;222m▀▀[38;2;139;131;139m▀[38;2;82;65;74;48;2;139;131;139m▀▀[49m▄▄▄▄[0m  [38;2;16;16;16m▀[38;2;82;65;74m▀[38;2;205;90;115;48;2;82;65;74m▀[38;2;131;65;74;48;2;205;90;115m▀[38;2;205;90;115m▀[38;2;222;222;222;48;2;16;16;16m▀[48;2;139;131;139m▀[38;2;172;164;172;48;2;82;65;74m▀[38;2;16;16;16;48;2;16;16;16m▀[0m  [38;2;82;65;74m▄▄▄[48;2;172;164;172m▀▀▀[38;2;172;164;172;48;2;16;16;16m▀▀▀▀[38;2;16;16;16;49m▀▀▀[0m
[0m [38;2;16;16;16m▀[38;2;172;164;172;48;2;16;16;16m▀[38;2;222;222;222m▀[48;2;222;222;222m▀▀▀[38;2;139;131;139m▀[38;2;82;65;74m▀[38;2;172;164;172;48;2;16;16;16m▀▀[38;2;82;65;74;48;2;172;164;172m▀▀▀▀[49m▄[38;2;16;16;16;48;2;82;65;74m▀▀[38;2;82;65;74;49m▄[38;2;16;16;16;48;2;172;164;172m▀[38;2;172;164;172m▀[38;2;16;16;16m▀[38;2;82;65;74m▀▀[38;2;172;164;172;48;2;16;16;16m▀▀▀[38;2;16;16;16;49m▀▀▀[0m
[0m    [38;2;16;16;16m▀[38;2;172;164;172;48;2;16;16;16m▀[38;2;222;222;222m▀[48;2;172;164;172m▀[48;2;222;222;222m▀▀[38;2;172;164;172m▀[38;2;16;16;16;48;2;172;164;172m▀[38;2;82;65;74;48;2;16;16;16m▀[38;2;16;16;16m▀[49m▀[38;2;172;164;172;48;2;16;16;16m▀▀▀▀[48;2;172;164;172m▀▀▀[38;2;16;16;16;48;2;16;16;16m▀[49m▀[0m
[0m       [38;2;16;16;16;48;2;16;16;16m▀[38;2;172;164;172;48;2;172;164;172m▀▀[38;2;82;65;74;48;2;82;65;74m▀[38;2;172;164;172;48;2;139;131;139m▀[38;2;82;65;74;48;2;172;164;172m▀[38;2;139;131;139;48;2;82;65;74m▀[38;2;16;16;16;48;2;16;16;16m▀[0m  [38;2;139;131;139m▄[38;2;82;65;74;48;2;222;222;222m▀[38;2;197;197;197m▀▀[38;2;172;164;172;48;2;16;16;16m▀[38;2;16;16;16;49m▀[0m
[0m        [38;2;16;16;16;48;2;16;16;16m▀[38;2;172;164;172;48;2;172;164;172m▀▀[38;2;82;65;74;48;2;16;16;16m▀[38;2;172;164;172m▀[38;2;139;131;139m▀[38;2;16;16;16;49m▀[0m [38;2;139;131;139m▄[48;2;222;222;222m▀[38;2;222;222;222m▀▀▀[38;2;16;16;16;48;2;82;65;74m▀[49m▄▄[0m
[0m         [38;2;16;16;16m▀▀[0m  [38;2;164;115;41m▄▄[38;2;82;65;74;48;2;164;115;41m▀[38;2;222;222;222m▀[48;2;222;222;222m▀▀▀[48;2;197;197;197m▀[38;2;82;65;74;48;2;172;164;172m▀[38;2;164;115;41;48;2;16;16;16m▀[48;2;164;115;41m▀[38;2;16;16;16m▀[49m▄[0m
[0m           [38;2;180;74;90m▄[38;2;164;115;41;48;2;180;74;90m▀[38;2;246;222;131;48;2;16;16;16m▀▀▀[48;2;246;222;131m▀[38;2;164;115;41m▀▀[38;2;197;197;197;48;2;164;115;41m▀[38;2;172;164;172;48;2;172;164;172m▀▀[38;2;82;65;74m▀[38;2;16;16;16;48;2;82;65;74m▀[38;2;164;115;41;48;2;164;115;41m▀▀[38;2;16;16;16;48;2;16;16;16m▀[0m
[0m        [38;2;180;74;90m▄[48;2;230;115;139m▀▀[38;2;230;115;139m▀▀▀▀▀[38;2;131;65;74m▀[38;2;16;16;16m▀[38;2;238;189;90;48;2;16;16;16m▀[48;2;238;189;90m▀[38;2;16;16;16m▀[38;2;172;164;172;48;2;16;16;16m▀[48;2;172;164;172m▀[38;2;82;65;74;48;2;82;65;74m▀[38;2;238;189;90;48;2;238;189;90m▀[38;2;164;115;41;48;2;16;16;16m▀[38;2;16;16;16;48;2;180;74;90m▀▀[49m▄[0m
[0m       [38;2;180;74;90;48;2;180;74;90m▀[38;2;230;115;139;48;2;230;115;139m▀▀▀▀▀▀▀▀▀▀▀[38;2;16;16;16;48;2;16;16;16m▀[38;2;238;189;90;48;2;238;189;90m▀[38;2;164;115;41m▀[38;2;16;16;16;48;2;16;16;16m▀[38;2;238;189;90;48;2;238;189;90m▀[48;2;16;16;16m▀[38;2;16;16;16;48;2;180;74;90m▀[38;2;180;74;90m▀▀▀[38;2;16;16;16;48;2;16;16;16m▀[0m
[0m      [38;2;180;74;90;48;2;180;74;90m▀[38;2;230;115;139;48;2;230;115;139m▀▀▀▀▀▀▀▀▀▀▀[48;2;180;74;90m▀[38;2;131;65;74;48;2;131;65;74m▀[38;2;16;16;16;48;2;16;16;16m▀[38;2;238;189;90;48;2;238;189;90m▀[38;2;82;65;74;48;2;16;16;16m▀[38;2;16;16;16;48;2;180;74;90m▀[38;2;180;74;90m▀▀▀▀▀▀[38;2;16;16;16;48;2;16;16;16m▀[0m
[0m      [38;2;180;74;90;48;2;180;74;90m▀[38;2;230;115;139;48;2;230;115;139m▀[48;2;246;222;131m▀[38;2;246;222;131m▀▀▀[38;2;230;115;139m▀[48;2;230;115;139m▀▀▀▀[48;2;131;65;74m▀[38;2;131;65;74m▀▀▀[38;2;164;115;41;48;2;16;16;16m▀[38;2;16;16;16;48;2;180;74;90m▀[38;2;180;74;90m▀▀▀▀▀▀▀▀[38;2;16;16;16;48;2;16;16;16m▀[0m
[0m      [38;2;131;65;74;48;2;131;65;74m▀[38;2;180;74;90;48;2;180;74;90m▀[38;2;246;222;131;48;2;238;189;90m▀▀[48;2;246;222;131m▀▀▀[38;2;230;115;139;48;2;230;115;139m▀[48;2;180;74;90m▀[48;2;131;65;74m▀[38;2;131;65;74m▀▀▀▀▀[38;2;16;16;16;48;2;16;16;16m▀[38;2;131;65;74;48;2;180;74;90m▀[38;2;180;74;90;48;2;131;65;74m▀[38;2;131;65;74;48;2;180;74;90m▀[38;2;180;74;90;48;2;131;65;74m▀[48;2;180;74;90m▀▀▀▀▀[38;2;131;65;74;48;2;131;65;74m▀[38;2;16;16;16;48;2;16;16;16m▀[0m
[0m       [38;2;131;65;74;48;2;16;16;16m▀[38;2;180;74;90;48;2;131;65;74m▀[38;2;238;189;90m▀▀▀[38;2;180;74;90m▀[38;2;131;65;74m▀▀▀▀▀▀▀[38;2;16;16;16;48;2;16;16;16m▀[38;2;131;65;74;48;2;131;65;74m▀▀[38;2;180;74;90m▀[38;2;131;65;74;48;2;180;74;90m▀[38;2;180;74;90;48;2;131;65;74m▀[48;2;180;74;90m▀▀▀[48;2;131;65;74m▀[38;2;131;65;74;48;2;238;189;90m▀[48;2;164;115;41m▀[38;2;16;16;16;48;2;16;16;16m▀[0m
[0m        [38;2;16;16;16m▀[38;2;131;65;74;48;2;16;16;16m▀▀[48;2;131;65;74m▀▀▀▀▀▀[48;2;16;16;16m▀▀[38;2;16;16;16;48;2;131;65;74m▀[38;2;131;65;74m▀▀▀▀▀▀▀▀[48;2;238;189;90m▀[38;2;238;189;90m▀▀▀[38;2;16;16;16;48;2;16;16;16m▀[0m
[0m           [38;2;16;16;16;48;2;16;16;16m▀[48;2;172;164;172m▀▀[48;2;16;16;16m▀[49m▀[48;2;16;16;16m▀[38;2;131;65;74;48;2;131;65;74m▀▀▀▀▀▀▀▀▀▀▀[38;2;238;189;90;48;2;164;115;41m▀[48;2;238;189;90m▀▀[38;2;16;16;16;48;2;16;16;16m▀[0m
[0m           [38;2;82;65;74;48;2;82;65;74m▀[38;2;172;164;172;48;2;172;164;172m▀[48;2;82;65;74m▀[38;2;16;16;16;48;2;16;16;16m▀[0m  [38;2;16;16;16m▀[38;2;131;65;74;48;2;16;16;16m▀[48;2;131;65;74m▀▀▀▀▀▀▀▀▀[48;2;16;16;16m▀[38;2;164;115;41m▀[38;2;16;16;16;49m▀[0m
[0m            [38;2;16;16;16m▀▀[0m     [38;2;16;16;16;48;2;16;16;16m▀[48;2;139;131;139m▀[38;2;131;65;74;48;2;16;16;16m▀▀▀▀▀[38;2;16;16;16;49m▀▀[0m
[0m                   [38;2;16;16;16;48;2;16;16;16m▀[38;2;172;164;172;48;2;139;131;139m▀[48;2;172;164;172m▀[38;2;16;16;16;48;2;16;16;16m▀[0m
[0m                    [38;2;16;16;16m▀[38;2;172;164;172;48;2;16;16;16m▀[38;2;16;16;16m▀[0m
