[0m                                           [38;2;131;94;77m▄[48;2;255;238;65m▀[38;2;16;16;16;49m▄[0m
[0m                  [38;2;98;156;98m▄▄▄▄▄▄▄[38;2;57;90;82m▄▄▄▄▄▄[0m           [38;2;131;94;77m▄[48;2;255;238;65m▀[38;2;255;238;65m▀[38;2;16;16;16;48;2;16;16;16m▀[0m
[0m          [38;2;57;90;82m▄▄[38;2;98;156;98m▄[48;2;180;238;156m▀▀▀▀▀[38;2;180;238;156m▀▀[48;2;131;213;123m▀▀[38;2;131;213;123m▀▀▀▀▀▀[48;2;98;156;98m▀▀[38;2;98;156;98m▀[38;2;16;16;16;48;2;16;16;16m▀[0m         [38;2;131;94;77m▄[48;2;255;238;65m▀[38;2;255;238;65m▀[48;2;205;164;57m▀[38;2;16;16;16;48;2;16;16;16m▀[0m
[0m      [38;2;57;90;82m▄▄[48;2;180;238;156m▀▀[38;2;180;238;156m▀▀▀▀[48;2;131;213;123m▀▀▀[38;2;131;213;123m▀▀▀▀▀▀▀[48;2;98;156;98m▀▀[38;2;98;156;98m▀▀[48;2;16;16;16m▀▀[38;2;16;16;16m▀[49m▄▄▄▄[0m     [38;2;57;90;82m▄[38;2;131;94;77;48;2;131;213;123m▀[38;2;255;238;65;48;2;255;238;65m▀▀[38;2;205;164;57;48;2;205;164;57m▀[38;2;16;16;16;48;2;16;16;16m▀[0m
[0m    [38;2;57;90;82m▄[48;2;180;238;156m▀[38;2;180;238;156m▀▀▀▀[48;2;131;213;123m▀▀[38;2;131;213;123m▀▀▀▀▀▀▀▀[48;2;98;156;98m▀▀[38;2;98;156;98;48;2;57;90;82m▀▀▀[38;2;57;90;82;48;2;131;213;123m▀▀▀[38;2;131;213;123m▀▀▀▀[48;2;180;238;156m▀[38;2;180;238;156;48;2;255;238;65m▀[38;2;255;238;65m▀[38;2;16;16;16;48;2;16;16;16m▀[38;2;57;90;82;49m▄[48;2;98;156;98m▀[49m▄[0m [38;2;16;16;16;48;2;16;16;16m▀[38;2;131;213;123;48;2;131;213;123m▀[38;2;205;164;57;48;2;205;164;57m▀[38;2;98;156;98;48;2;98;156;98m▀[38;2;205;164;57;48;2;205;164;57m▀[38;2;16;16;16;48;2;16;16;16m▀[0m
[0m    [38;2;57;90;82;48;2;16;16;16m▀[38;2;131;213;123;48;2;98;156;98m▀[38;2;180;238;156;48;2;131;94;77m▀[48;2;57;90;82m▀[38;2;131;213;123;48;2;98;156;98m▀[48;2;131;213;123m▀[48;2;98;156;98m▀[38;2;98;156;98;48;2;180;238;156m▀[38;2;180;238;156;48;2;131;213;123m▀▀[38;2;131;213;123m▀[48;2;98;156;98m▀▀▀[38;2;98;156;98;48;2;57;90;82m▀▀[38;2;57;90;82;48;2;255;238;65m▀▀[38;2;131;213;123m▀▀[48;2;205;164;57m▀[48;2;131;213;123m▀▀▀▀[48;2;180;238;156m▀[48;2;255;238;65m▀[38;2;180;238;156m▀[38;2;255;238;65m▀[48;2;16;16;16m▀[38;2;16;16;16;49m▀[38;2;57;90;82m▄[48;2;98;156;98m▀[38;2;98;156;98m▀[38;2;57;90;82m▀[38;2;16;16;16;48;2;16;16;16m▀[38;2;131;213;123;48;2;131;213;123m▀▀[38;2;98;189;98;48;2;98;156;98m▀[38;2;98;156;98m▀[38;2;205;164;57;48;2;205;164;57m▀[38;2;16;16;16;48;2;16;16;16m▀[0m [38;2;57;90;82m▄[38;2;16;16;16m▄[0m
[0m     [38;2;16;16;16;48;2;131;94;77m▀[38;2;205;164;57;48;2;255;238;65m▀[38;2;255;238;65m▀[38;2;57;90;82;48;2;205;164;57m▀[38;2;98;156;98;48;2;57;90;82m▀[38;2;131;213;123;48;2;98;156;98m▀▀[38;2;98;156;98m▀[48;2;57;90;82m▀▀▀[38;2;57;90;82;48;2;205;164;57m▀[48;2;255;238;65m▀[38;2;205;164;57m▀[38;2;255;238;65m▀▀[48;2;205;164;57m▀▀[38;2;205;164;57;48;2;131;213;123m▀[38;2;131;213;123m▀[48;2;180;238;156m▀[48;2;255;238;65m▀[38;2;180;238;156m▀[38;2;255;238;65m▀▀[48;2;205;164;57m▀[48;2;16;16;16m▀[38;2;16;16;16;48;2;57;90;82m▀[38;2;57;90;82;49m▄▄[48;2;98;156;98m▀[38;2;98;156;98m▀▀[38;2;16;16;16;48;2;16;16;16m▀[38;2;131;213;123;48;2;131;213;123m▀▀[38;2;98;189;98;48;2;98;189;98m▀[38;2;98;156;98;48;2;98;156;98m▀▀▀[38;2;16;16;16;48;2;57;90;82m▀[38;2;57;90;82;48;2;131;213;123m▀[38;2;131;213;123;48;2;98;189;98m▀[38;2;16;16;16;48;2;16;16;16m▀[0m
[0m [38;2;131;94;77m▄▄[48;2;255;238;65m▀▀[38;2;255;238;65m▀[48;2;205;164;57m▀▀▀[38;2;16;16;16;48;2;255;238;65m▀[48;2;16;16;16m▀[48;2;255;255;255m▀[48;2;16;16;16m▀[38;2;189;189;197;48;2;255;255;255m▀▀[38;2;131;94;77;48;2;131;94;77m▀[38;2;255;238;65;48;2;255;238;65m▀▀▀▀▀▀▀▀▀[48;2;205;164;57m▀▀▀[38;2;205;164;57;48;2;16;16;16m▀▀[38;2;16;16;16;48;2;205;164;57m▀[38;2;205;164;57m▀[48;2;98;156;98m▀[38;2;255;238;65;48;2;131;213;123m▀▀[38;2;131;94;77m▀[38;2;57;90;82m▀▀[38;2;131;213;123m▀[48;2;98;156;98m▀[38;2;98;189;98;48;2;98;189;98m▀[38;2;98;156;98;48;2;98;156;98m▀▀[48;2;57;90;82m▀[38;2;57;90;82;48;2;131;213;123m▀[38;2;131;213;123m▀▀[38;2;98;189;98;48;2;98;156;98m▀[38;2;16;16;16;48;2;16;16;16m▀[0m
[38;2;16;16;16;48;2;16;16;16m▀[38;2;255;238;65;48;2;255;238;65m▀▀[48;2;205;164;57m▀[38;2;205;164;57;48;2;131;213;123m▀▀[38;2;131;213;123m▀▀▀[38;2;205;164;57m▀[38;2;131;94;77m▀[38;2;16;16;16m▀[38;2;255;255;255;48;2;98;189;98m▀[48;2;98;156;98m▀[38;2;189;189;197m▀[38;2;205;164;57m▀▀[48;2;131;94;77m▀[38;2;255;238;65;48;2;205;164;57m▀▀▀[38;2;205;164;57m▀▀▀[48;2;16;16;16m▀▀[38;2;16;16;16;48;2;98;156;98m▀▀[38;2;98;156;98m▀▀[48;2;131;213;123m▀▀[38;2;131;213;123m▀▀▀▀▀▀▀▀[38;2;57;90;82m▀[38;2;98;156;98;48;2;57;90;82m▀[38;2;57;90;82;48;2;98;189;98m▀[38;2;98;189;98;48;2;131;213;123m▀[38;2;131;213;123m▀▀▀[38;2;16;16;16;48;2;16;16;16m▀[0m
[0m [38;2;16;16;16;48;2;16;16;16m▀[38;2;205;164;57;48;2;57;90;82m▀[38;2;98;156;98;48;2;98;156;98m▀[38;2;98;189;98m▀[38;2;131;213;123m▀[48;2;98;189;98m▀[48;2;131;213;123m▀[48;2;16;16;16m▀▀▀[48;2;57;90;82m▀[48;2;131;213;123m▀▀[38;2;98;189;98;48;2;98;156;98m▀[38;2;98;156;98m▀▀[38;2;131;94;77;48;2;16;16;16m▀[38;2;205;164;57m▀▀▀[38;2;16;16;16;48;2;98;156;98m▀▀▀[38;2;98;156;98m▀▀▀▀[48;2;131;213;123m▀[38;2;131;213;123m▀▀▀▀▀▀▀▀▀▀▀▀▀▀▀▀▀[38;2;98;156;98;48;2;98;156;98m▀[38;2;16;16;16;48;2;16;16;16m▀[0m
[0m  [38;2;16;16;16m▀[38;2;255;255;255;48;2;16;16;16m▀[38;2;16;16;16;49m▀[48;2;16;16;16m▀[38;2;57;90;82;48;2;255;255;255m▀[38;2;16;16;16;48;2;16;16;16m▀[38;2;131;94;77;48;2;131;94;77m▀▀▀[38;2;57;90;82m▀[38;2;16;16;16m▀[38;2;57;90;82;48;2;16;16;16m▀[38;2;98;156;98;48;2;98;156;98m▀▀▀▀▀▀▀▀▀▀▀▀▀[38;2;131;213;123;48;2;131;213;123m▀▀▀▀▀▀[48;2;57;90;82m▀[48;2;98;156;98m▀[48;2;131;213;123m▀▀▀[48;2;57;90;82m▀[48;2;131;213;123m▀▀▀▀▀▀[38;2;98;156;98;48;2;57;90;82m▀[38;2;16;16;16;48;2;16;16;16m▀[0m
[0m      [38;2;16;16;16m▀[0m [38;2;16;16;16;48;2;16;16;16m▀[38;2;131;94;77;48;2;131;94;77m▀[48;2;230;106;164m▀[38;2;230;106;164m▀▀[38;2;16;16;16;48;2;16;16;16m▀[38;2;98;156;98;48;2;98;156;98m▀▀▀▀▀▀▀▀▀▀▀▀[38;2;131;213;123;48;2;131;213;123m▀▀▀▀▀▀▀▀[38;2;98;156;98;48;2;16;16;16m▀[48;2;98;156;98m▀▀[48;2;57;90;82m▀[38;2;16;16;16;48;2;16;16;16m▀[38;2;98;156;98;48;2;98;156;98m▀[38;2;131;213;123m▀▀▀▀[38;2;98;156;98m▀▀[38;2;16;16;16;48;2;16;16;16m▀[0m
[0m       [38;2;57;90;82;48;2;57;90;82m▀[38;2;255;255;255;48;2;98;156;98m▀[38;2;230;106;164;48;2;230;106;164m▀▀[48;2;255;255;255m▀[38;2;16;16;16;48;2;16;16;16m▀[38;2;98;156;98;48;2;98;156;98m▀▀[48;2;16;16;16m▀▀[38;2;16;16;16;48;2;57;90;82m▀[48;2;98;156;98m▀[38;2;98;156;98;48;2;16;16;16m▀[48;2;98;156;98m▀▀▀▀▀▀[48;2;16;16;16m▀[38;2;131;213;123;48;2;98;156;98m▀▀[48;2;131;213;123m▀▀▀[48;2;98;156;98m▀[38;2;98;156;98m▀▀[38;2;16;16;16;48;2;16;16;16m▀[38;2;57;90;82m▀▀[38;2;16;16;16;49m▀[38;2;57;90;82;48;2;16;16;16m▀[38;2;98;156;98;48;2;98;156;98m▀▀▀▀▀▀[38;2;16;16;16;48;2;16;16;16m▀[0m
[0m       [38;2;16;16;16;48;2;16;16;16m▀[38;2;131;213;123m▀[38;2;57;90;82;48;2;180;238;156m▀[48;2;131;213;123m▀[38;2;98;156;98;48;2;98;156;98m▀▀[48;2;16;16;16m▀[38;2;16;16;16;49m▀[0m [38;2;57;90;82m▄[48;2;98;189;98m▀[38;2;98;156;98;48;2;98;156;98m▀▀[38;2;16;16;16;48;2;57;90;82m▀[38;2;98;156;98;48;2;16;16;16m▀[38;2;16;16;16;48;2;98;156;98m▀[38;2;98;156;98;48;2;16;16;16m▀[48;2;98;156;98m▀[38;2;57;90;82;48;2;16;16;16m▀[38;2;16;16;16;48;2;57;90;82m▀[38;2;98;156;98;48;2;16;16;16m▀[48;2;98;156;98m▀▀▀▀▀▀▀▀[38;2;16;16;16;48;2;57;90;82m▀[49m▄▄[0m [38;2;16;16;16m▀▀[38;2;98;156;98;48;2;16;16;16m▀[48;2;98;189;98m▀▀▀[48;2;98;156;98m▀[38;2;16;16;16;48;2;16;16;16m▀[0m
[0m         [38;2;16;16;16m▀▀▀▀[38;2;57;90;82m▄▄[48;2;98;189;98m▀[38;2;98;189;98;48;2;98;156;98m▀[38;2;98;156;98m▀▀▀▀▀[48;2;57;90;82m▀[38;2;16;16;16m▀[38;2;98;156;98;48;2;16;16;16m▀[38;2;16;16;16;49m▀[0m  [38;2;16;16;16m▀[38;2;98;156;98;48;2;16;16;16m▀[48;2;98;156;98m▀▀▀▀▀▀[48;2;57;90;82m▀[48;2;16;16;16m▀[38;2;16;16;16;49m▀[0m  [38;2;57;90;82m▄[48;2;131;213;123m▀[38;2;131;213;123m▀▀▀[38;2;98;189;98;48;2;98;156;98m▀[38;2;16;16;16;48;2;16;16;16m▀[0m
[0m           [38;2;57;90;82m▄[48;2;131;213;123m▀[38;2;131;213;123;48;2;57;90;82m▀[38;2;98;189;98;48;2;131;213;123m▀[48;2;98;156;98m▀[38;2;98;156;98m▀▀▀[48;2;16;16;16m▀[38;2;16;16;16;49m▀[38;2;57;90;82m▀[0m     [38;2;57;90;82m▄[48;2;131;213;123m▀[38;2;98;156;98;48;2;57;90;82m▀[48;2;131;213;123m▀[48;2;57;90;82m▀[48;2;98;156;98m▀▀[48;2;16;16;16m▀[38;2;16;16;16;49m▀▀[0m    [38;2;16;16;16m▀[38;2;57;90;82;48;2;16;16;16m▀[38;2;98;156;98m▀[38;2;57;90;82m▀[38;2;98;156;98m▀[38;2;16;16;16;49m▀[0m
[0m           [38;2;16;16;16m▀[38;2;98;156;98;48;2;16;16;16m▀[38;2;57;90;82m▀[38;2;98;156;98m▀▀[48;2;57;90;82m▀[38;2;16;16;16;49m▀▀[0m       [38;2;57;90;82;48;2;16;16;16m▀[38;2;131;213;123;48;2;131;213;123m▀[38;2;57;90;82;48;2;57;90;82m▀[38;2;131;213;123;48;2;98;189;98m▀[38;2;57;90;82;48;2;57;90;82m▀[38;2;131;213;123;48;2;98;156;98m▀[38;2;98;156;98m▀[38;2;16;16;16;48;2;16;16;16m▀[0m
[0m                           [38;2;16;16;16m▀▀▀▀▀▀[0m
