[0m                [38;2;115;98;82m▄[38;2;16;16;16;48;2;255;238;98m▀[49m▄[0m
[0m               [38;2;115;98;82;48;2;115;98;82m▀[38;2;255;238;98;48;2;255;238;98m▀▀[38;2;16;16;16;48;2;197;172;90m▀[49m▄[0m
[0m              [38;2;115;98;82;48;2;115;98;82m▀[38;2;255;238;98;48;2;255;238;98m▀▀▀[38;2;197;172;90;48;2;197;172;90m▀[38;2;16;16;16m▀[49m▄[0m
[0m             [38;2;115;98;82;48;2;115;98;82m▀[38;2;255;238;98;48;2;255;238;98m▀▀▀▀[38;2;197;172;90;48;2;197;172;90m▀▀[38;2;16;16;16;48;2;16;16;16m▀[38;2;115;98;82;49m▄[0m
[0m          [38;2;164;123;90m▄[48;2;255;238;98m▀[38;2;115;98;82;48;2;115;98;82m▀[38;2;255;238;98;48;2;255;238;98m▀▀▀▀▀[38;2;197;172;90;48;2;197;172;90m▀[48;2;115;98;82m▀[38;2;115;98;82;48;2;255;238;98m▀[38;2;255;238;98m▀[38;2;16;16;16;48;2;197;172;90m▀[49m▄[0m
[0m         [38;2;164;123;90m▄[48;2;255;238;98m▀[38;2;255;238;98;48;2;164;123;90m▀[38;2;115;98;82;48;2;255;238;98m▀[38;2;255;238;98m▀▀▀▀[38;2;197;172;90;48;2;197;172;90m▀[48;2;115;98;82m▀[38;2;115;98;82;48;2;255;238;98m▀[38;2;255;238;98m▀▀[38;2;197;172;90;48;2;197;172;90m▀[38;2;16;16;16m▀[49m▄[0m
[0m         [38;2;164;123;90;48;2;164;123;90m▀[38;2;255;238;98;48;2;255;238;98m▀[38;2;164;123;90;48;2;115;98;82m▀[38;2;255;238;98;48;2;255;238;98m▀▀▀▀▀[38;2;197;172;90;48;2;197;172;90m▀[38;2;115;98;82;48;2;115;98;82m▀[38;2;255;238;98;48;2;255;238;98m▀▀[48;2;197;172;90m▀[38;2;197;172;90m▀▀[38;2;16;16;16;48;2;16;16;16m▀[0m
[0m        [38;2;115;98;82;48;2;115;98;82m▀[38;2;255;238;98;48;2;255;238;98m▀[48;2;164;123;90m▀[38;2;115;98;82;48;2;255;238;98m▀[38;2;255;238;98m▀▀▀▀[38;2;197;172;90;48;2;197;172;90m▀[38;2;115;98;82;48;2;115;98;82m▀[38;2;255;238;98;48;2;255;238;98m▀▀▀[38;2;197;172;90;48;2;197;172;90m▀▀▀▀[38;2;16;16;16;48;2;16;16;16m▀[0m               [38;2;74;82;90m▄▄[0m
[0m       [38;2;115;98;82m▄[48;2;255;238;98m▀[38;2;255;238;98m▀[38;2;164;123;90;48;2;164;123;90m▀[38;2;255;238;98;48;2;255;238;98m▀▀▀▀[48;2;197;172;90m▀[38;2;115;98;82;48;2;115;98;82m▀[38;2;255;238;98;48;2;255;238;98m▀▀▀[38;2;197;172;90;48;2;197;172;90m▀▀▀▀▀[38;2;16;16;16m▀[49m▄[0m              [38;2;16;16;16;48;2;16;16;16m▀[38;2;115;180;213;48;2;115;180;213m▀[38;2;74;82;90;48;2;16;16;16m▀[0m
[0m      [38;2;115;98;82m▄[48;2;255;238;98m▀[38;2;255;238;98m▀[38;2;197;172;90;48;2;197;172;90m▀[38;2;255;238;98;48;2;255;238;98m▀▀▀▀▀[38;2;197;172;90m▀[38;2;255;238;98m▀▀▀[48;2;197;172;90m▀[38;2;197;172;90m▀▀▀▀▀▀[38;2;16;16;16;48;2;16;16;16m▀[0m              [38;2;74;82;90m▀[38;2;115;180;213;48;2;16;16;16m▀[48;2;115;180;213m▀[38;2;16;16;16m▀[38;2;74;82;90;49m▄[0m
[0m      [38;2;115;98;82m▀[38;2;197;172;90;48;2;164;123;90m▀[38;2;255;238;98;48;2;255;238;98m▀▀▀▀▀▀▀[48;2;197;172;90m▀▀▀[38;2;197;172;90m▀▀▀▀▀▀[48;2;115;98;82m▀[48;2;197;172;90m▀▀[38;2;16;16;16;48;2;16;16;16m▀[0m              [38;2;16;16;16;48;2;74;82;90m▀[38;2;115;180;213;48;2;115;180;213m▀▀[38;2;16;16;16m▀[49m▄[0m
[0m     [38;2;115;98;82m▄[38;2;164;123;90;48;2;255;238;98m▀[38;2;255;238;98m▀▀▀[48;2;164;123;90m▀▀[38;2;197;172;90;48;2;205;32;32m▀[48;2;16;16;16m▀[38;2;115;98;82;48;2;205;32;32m▀[48;2;255;255;255m▀▀[48;2;115;98;82m▀[38;2;197;172;90;48;2;197;172;90m▀▀▀▀▀[48;2;115;98;82m▀[38;2;16;16;16;48;2;16;16;16m▀[38;2;115;98;82m▀[38;2;197;172;90;48;2;197;172;90m▀[38;2;16;16;16m▀[49m▄[0m              [38;2;16;16;16;48;2;16;16;16m▀[38;2;115;180;213;48;2;115;180;213m▀[38;2;98;156;197;48;2;98;156;197m▀[38;2;115;180;213;48;2;90;131;172m▀[38;2;74;82;90;48;2;16;16;16m▀[0m
[0m  [38;2;115;98;82m▄▄[48;2;255;238;98m▀[38;2;255;238;98m▀▀[48;2;197;172;90m▀[48;2;115;98;82m▀[38;2;164;123;90;48;2;115;180;213m▀[38;2;115;180;213m▀[38;2;90;131;172;48;2;162;200;225m▀[38;2;255;115;115;48;2;90;131;172m▀[38;2;205;32;32m▀[38;2;255;115;115m▀[38;2;255;255;255m▀[38;2;90;131;172;48;2;115;180;213m▀[38;2;115;180;213m▀[38;2;164;123;90;48;2;115;98;82m▀[38;2;197;172;90;48;2;197;172;90m▀▀▀▀[38;2;115;98;82m▀[38;2;16;16;16;48;2;16;16;16m▀[48;2;115;98;82m▀[38;2;197;172;90;48;2;197;172;90m▀▀[38;2;16;16;16;48;2;16;16;16m▀[0m    [38;2;115;98;82m▄[0m      [38;2;115;98;82m▄[0m  [38;2;74;82;90m▀[38;2;115;180;213;48;2;16;16;16m▀[48;2;115;180;213m▀[38;2;90;131;172;48;2;98;156;197m▀[48;2;90;131;172m▀[38;2;74;82;90m▀[38;2;16;16;16;49m▄[0m
[38;2;115;98;82;49m▄[48;2;197;172;90m▀[38;2;255;238;98;48;2;255;238;98m▀[48;2;164;123;90m▀[48;2;115;98;82m▀[38;2;197;172;90m▀[38;2;164;123;90;48;2;162;200;225m▀▀[38;2;115;180;213m▀[38;2;162;200;225m▀▀▀▀[48;2;115;180;213m▀▀[38;2;115;180;213;48;2;115;98;82m▀▀▀[38;2;115;98;82;48;2;115;180;213m▀[38;2;197;172;90;48;2;115;98;82m▀[48;2;197;172;90m▀▀▀▀▀▀▀[48;2;16;16;16m▀[38;2;16;16;16;49m▀[0m   [38;2;115;98;82;48;2;115;98;82m▀[38;2;255;238;98;48;2;255;238;98m▀[38;2;115;98;82;48;2;115;98;82m▀[0m    [38;2;16;16;16;48;2;16;16;16m▀[38;2;255;238;98;48;2;255;238;98m▀[38;2;16;16;16;48;2;16;16;16m▀[0m  [38;2;16;16;16;48;2;74;82;90m▀[38;2;115;180;213;48;2;115;180;213m▀▀[38;2;90;131;172;48;2;90;131;172m▀▀[38;2;74;82;90m▀[38;2;16;16;16;49m▄[0m
[38;2;16;16;16;49m▀[38;2;197;172;90;48;2;16;16;16m▀[48;2;115;98;82m▀[38;2;115;98;82;48;2;98;156;197m▀[38;2;98;156;197;48;2;115;180;213m▀[38;2;162;200;225m▀▀▀▀[38;2;115;180;213m▀[48;2;74;82;90m▀▀[48;2;90;131;172m▀▀[38;2;90;131;172m▀[38;2;115;98;82;48;2;115;98;82m▀[38;2;197;172;90;48;2;197;172;90m▀▀[38;2;164;123;90m▀[38;2;115;98;82m▀[38;2;197;172;90m▀▀▀▀▀▀[48;2;16;16;16m▀[38;2;16;16;16;49m▀[0m   [38;2;115;98;82;48;2;115;98;82m▀[38;2;197;172;90;48;2;197;172;90m▀▀[38;2;115;98;82m▀[49m▄[0m  [38;2;16;16;16;48;2;16;16;16m▀[38;2;197;172;90;48;2;255;238;98m▀[38;2;255;238;98m▀[38;2;16;16;16;48;2;16;16;16m▀[0m   [38;2;16;16;16;48;2;16;16;16m▀[38;2;115;180;213;48;2;115;180;213m▀[38;2;98;156;197m▀[38;2;90;131;172;48;2;90;131;172m▀▀▀[38;2;16;16;16;48;2;74;82;90m▀[0m
[0m [38;2;74;82;90m▀[38;2;98;156;197;48;2;74;82;90m▀[48;2;16;16;16m▀[38;2;16;16;16;48;2;90;131;172m▀▀[38;2;74;82;90m▀[38;2;115;180;213;48;2;74;82;90m▀▀[38;2;74;82;90;48;2;90;131;172m▀[38;2;90;131;172m▀▀[38;2;74;82;90m▀[38;2;90;131;172m▀▀▀[38;2;115;98;82;48;2;115;98;82m▀[38;2;197;172;90;48;2;197;172;90m▀▀▀▀▀▀▀[48;2;115;98;82m▀[38;2;16;16;16;48;2;16;16;16m▀[0m  [38;2;115;98;82m▄[38;2;16;16;16;48;2;197;172;90m▀[49m▄[38;2;115;98;82;48;2;115;98;82m▀[38;2;197;172;90;48;2;197;172;90m▀▀▀[38;2;115;98;82;48;2;115;98;82m▀[0m [38;2;16;16;16m▄[48;2;197;172;90m▀[38;2;255;238;98;48;2;255;238;98m▀▀[38;2;16;16;16;48;2;16;16;16m▀[0m  [38;2;74;82;90m▄[48;2;115;180;213m▀[38;2;115;180;213m▀[48;2;98;156;197m▀[38;2;90;131;172;48;2;90;131;172m▀▀▀▀[38;2;74;82;90m▀[49m▄[0m
[0m    [38;2;16;16;16m▀▀▀▀▀▀[38;2;90;131;172;48;2;16;16;16m▀▀▀[48;2;74;82;90m▀▀[48;2;164;123;90m▀[38;2;164;123;90;48;2;197;172;90m▀[38;2;197;172;90m▀▀▀▀▀▀▀[38;2;16;16;16m▀[38;2;197;172;90m▀[38;2;16;16;16m▀[49m▄[38;2;115;98;82;48;2;197;172;90m▀[38;2;197;172;90m▀[38;2;16;16;16;48;2;115;98;82m▀[38;2;197;172;90;48;2;197;172;90m▀▀[38;2;115;98;82;48;2;16;16;16m▀[48;2;255;238;98m▀[38;2;197;172;90;48;2;115;98;82m▀[38;2;115;98;82;48;2;16;16;16m▀[38;2;16;16;16;48;2;197;172;90m▀[38;2;197;172;90m▀[38;2;255;238;98;48;2;255;238;98m▀▀[38;2;164;123;90;48;2;164;123;90m▀[38;2;16;16;16;48;2;16;16;16m▀[38;2;74;82;90;48;2;90;131;172m▀[38;2;115;180;213m▀[38;2;98;156;197m▀[38;2;90;131;172;48;2;115;98;82m▀▀[38;2;115;98;82;48;2;255;238;98m▀[38;2;16;16;16;48;2;16;16;16m▀[38;2;90;131;172;48;2;90;131;172m▀▀▀[38;2;74;82;90;48;2;74;82;90m▀[0m
[0m           [38;2;115;98;82;48;2;115;98;82m▀[38;2;255;238;98;48;2;255;238;98m▀[38;2;197;172;90m▀[48;2;197;172;90m▀▀▀[48;2;164;123;90m▀[48;2;197;172;90m▀▀▀▀▀▀▀[38;2;164;123;90;48;2;115;98;82m▀[48;2;90;131;172m▀[38;2;197;172;90m▀[38;2;74;82;90m▀▀[38;2;197;172;90;48;2;74;82;90m▀▀▀[38;2;16;16;16;48;2;16;16;16m▀[38;2;255;238;98;48;2;255;238;98m▀[38;2;115;98;82m▀[38;2;197;172;90;48;2;164;123;90m▀[48;2;197;172;90m▀[38;2;255;238;98;48;2;255;238;98m▀▀▀▀[38;2;16;16;16;48;2;16;16;16m▀[38;2;90;131;172;48;2;115;98;82m▀[38;2;115;98;82;48;2;255;238;98m▀▀[38;2;255;238;98m▀[48;2;16;16;16m▀[38;2;16;16;16;48;2;90;131;172m▀[38;2;90;131;172m▀▀[48;2;74;82;90m▀[38;2;74;82;90;49m▀[0m
[0m          [38;2;115;98;82;48;2;115;98;82m▀[38;2;255;238;98;48;2;197;172;90m▀[48;2;255;238;98m▀▀[48;2;164;123;90m▀▀[38;2;164;123;90;48;2;115;180;213m▀[38;2;115;180;213m▀[38;2;115;98;82m▀[38;2;197;172;90;48;2;197;172;90m▀▀▀[48;2;115;98;82m▀▀[38;2;115;98;82;48;2;115;180;213m▀[48;2;98;156;197m▀[38;2;90;131;172;48;2;90;131;172m▀▀▀▀▀▀▀[38;2;16;16;16;48;2;16;16;16m▀[38;2;197;172;90;48;2;115;98;82m▀[38;2;255;238;98;48;2;255;238;98m▀▀[38;2;164;123;90m▀[38;2;255;238;98m▀▀▀▀[38;2;115;98;82;48;2;164;123;90m▀[38;2;255;238;98;48;2;255;238;98m▀▀▀[48;2;16;16;16m▀[38;2;16;16;16;48;2;90;131;172m▀[38;2;90;131;172;48;2;74;82;90m▀[38;2;74;82;90;49m▀▀[0m
[0m        [38;2;16;16;16m▄[38;2;74;82;90;48;2;98;156;197m▀[48;2;115;180;213m▀[38;2;115;180;213m▀[38;2;255;238;98;48;2;164;123;90m▀[38;2;164;123;90;48;2;115;180;213m▀[38;2;115;180;213m▀▀▀▀▀▀[38;2;115;98;82m▀▀[38;2;115;180;213m▀▀▀▀▀[38;2;90;131;172m▀[48;2;90;131;172m▀▀▀▀▀▀[38;2;16;16;16;48;2;16;16;16m▀[38;2;255;238;98;48;2;255;238;98m▀▀▀▀▀▀▀▀▀▀[38;2;16;16;16;48;2;115;98;82m▀[38;2;90;131;172m▀[38;2;16;16;16;48;2;197;172;90m▀▀[48;2;16;16;16m▀[0m
[0m         [38;2;16;16;16m▀[38;2;115;180;213;48;2;16;16;16m▀[48;2;115;180;213m▀▀▀▀▀▀▀▀▀▀▀▀▀▀▀▀▀[38;2;98;156;197;48;2;98;156;197m▀[38;2;90;131;172;48;2;90;131;172m▀▀▀▀[38;2;16;16;16;48;2;16;16;16m▀[38;2;115;98;82;48;2;197;172;90m▀[38;2;255;238;98;48;2;255;238;98m▀▀▀▀▀▀▀▀▀[38;2;115;98;82;48;2;115;98;82m▀[38;2;197;172;90;48;2;197;172;90m▀▀[48;2;16;16;16m▀[38;2;16;16;16;49m▀[0m
[0m        [38;2;74;82;90m▄[48;2;115;180;213m▀[38;2;115;180;213m▀▀▀▀▀▀▀▀▀▀▀▀▀▀▀▀▀[48;2;98;156;197m▀[38;2;90;131;172;48;2;90;131;172m▀▀▀▀▀[38;2;16;16;16;48;2;16;16;16m▀[38;2;255;238;98;48;2;197;172;90m▀[48;2;255;238;98m▀▀▀▀▀▀▀[48;2;197;172;90m▀[38;2;197;172;90m▀▀▀[48;2;16;16;16m▀[38;2;16;16;16;49m▀[0m
[0m         [38;2;16;16;16m▀▀[48;2;16;16;16m▀[38;2;74;82;90;48;2;115;180;213m▀[38;2;115;180;213m▀[48;2;16;16;16m▀[48;2;90;131;172m▀▀[48;2;115;180;213m▀▀▀▀▀▀▀▀▀▀[38;2;90;131;172;48;2;90;131;172m▀[48;2;74;82;90m▀[48;2;90;131;172m▀[48;2;74;82;90m▀▀▀[38;2;16;16;16m▀[38;2;197;172;90;48;2;16;16;16m▀[48;2;197;172;90m▀▀[38;2;255;238;98m▀[38;2;197;172;90;48;2;255;238;98m▀[38;2;255;238;98;48;2;197;172;90m▀[38;2;197;172;90;48;2;255;238;98m▀[48;2;197;172;90m▀▀▀▀▀[38;2;16;16;16;48;2;16;16;16m▀[0m  [38;2;74;82;90m▄[38;2;16;16;16m▄[0m
[0m            [38;2;16;16;16m▀[48;2;16;16;16m▀[38;2;90;131;172;48;2;90;131;172m▀▀[38;2;74;82;90m▀[38;2;90;131;172;48;2;74;82;90m▀[48;2;16;16;16m▀[38;2;74;82;90;48;2;74;82;90m▀[38;2;115;180;213;48;2;115;180;213m▀▀▀▀▀▀▀[38;2;90;131;172;48;2;74;82;90m▀[38;2;16;16;16;48;2;16;16;16m▀[38;2;74;82;90;48;2;164;123;90m▀[38;2;164;123;90m▀▀▀▀[38;2;16;16;16m▀[38;2;197;172;90;48;2;16;16;16m▀[48;2;197;172;90m▀▀▀▀▀▀▀▀▀[38;2;16;16;16;48;2;16;16;16m▀[38;2;90;131;172;48;2;90;131;172m▀[38;2;16;16;16m▀[38;2;74;82;90m▀[38;2;90;131;172;48;2;16;16;16m▀[38;2;16;16;16;49m▀[0m
[0m             [38;2;16;16;16m▀[38;2;90;131;172;48;2;16;16;16m▀[48;2;90;131;172m▀▀▀▀[38;2;16;16;16m▀[38;2;74;82;90;48;2;16;16;16m▀[38;2;115;180;213;48;2;115;180;213m▀▀▀▀▀▀[38;2;16;16;16;48;2;16;16;16m▀[49m▀[38;2;115;98;82m▀▀[38;2;164;123;90;48;2;115;98;82m▀▀▀▀[38;2;115;98;82;48;2;90;131;172m▀[38;2;16;16;16m▀▀[38;2;197;172;90;48;2;16;16;16m▀▀▀▀▀[38;2;16;16;16;48;2;90;131;172m▀▀[38;2;90;131;172m▀▀▀[38;2;74;82;90m▀[38;2;90;131;172;48;2;16;16;16m▀[38;2;16;16;16;49m▀[0m
[0m              [38;2;16;16;16;48;2;16;16;16m▀[38;2;90;131;172;48;2;90;131;172m▀▀▀▀▀[38;2;74;82;90;48;2;74;82;90m▀[38;2;16;16;16;48;2;16;16;16m▀[38;2;115;180;213;48;2;115;180;213m▀▀▀▀▀[38;2;16;16;16;48;2;16;16;16m▀[0m    [38;2;74;82;90;48;2;74;82;90m▀[38;2;90;131;172;48;2;90;131;172m▀▀▀▀[38;2;74;82;90;48;2;74;82;90m▀[0m   [38;2;74;82;90;48;2;74;82;90m▀[38;2;90;131;172;48;2;90;131;172m▀▀▀▀▀▀[48;2;16;16;16m▀[38;2;16;16;16;49m▀[0m
[0m               [38;2;16;16;16;48;2;16;16;16m▀[38;2;98;156;197;48;2;115;180;213m▀[38;2;90;131;172m▀[48;2;98;156;197m▀[48;2;90;131;172m▀[38;2;74;82;90;48;2;74;82;90m▀[0m [38;2;16;16;16;48;2;16;16;16m▀[38;2;115;180;213;48;2;115;180;213m▀▀▀▀[38;2;16;16;16;48;2;16;16;16m▀[0m    [38;2;74;82;90;48;2;74;82;90m▀[38;2;90;131;172;48;2;90;131;172m▀▀▀[38;2;74;82;90;48;2;16;16;16m▀[0m    [38;2;74;82;90;48;2;74;82;90m▀[38;2;90;131;172;48;2;98;156;197m▀[48;2;90;131;172m▀▀▀▀[38;2;16;16;16;48;2;16;16;16m▀[0m
[0m               [38;2;16;16;16;48;2;16;16;16m▀[38;2;115;180;213;48;2;115;180;213m▀▀▀[38;2;74;82;90;48;2;74;82;90m▀[0m  [38;2;16;16;16m▀[38;2;90;131;172;48;2;16;16;16m▀[38;2;115;180;213;48;2;115;180;213m▀▀▀[38;2;90;131;172m▀[38;2;16;16;16;48;2;16;16;16m▀[0m  [38;2;74;82;90;48;2;74;82;90m▀[38;2;90;131;172;48;2;90;131;172m▀▀▀[48;2;74;82;90m▀[38;2;16;16;16;49m▀[0m    [38;2;74;82;90;48;2;74;82;90m▀[38;2;115;180;213;48;2;115;180;213m▀▀[38;2;98;156;197m▀[38;2;90;131;172;48;2;90;131;172m▀[38;2;16;16;16;48;2;16;16;16m▀[0m
[0m               [38;2;115;98;82;48;2;115;98;82m▀[38;2;115;180;213;48;2;197;172;90m▀[48;2;115;180;213m▀[48;2;197;172;90m▀[38;2;74;82;90;48;2;90;131;172m▀[49m▄[0m  [38;2;16;16;16;48;2;16;16;16m▀[38;2;115;180;213;48;2;115;180;213m▀[48;2;115;98;82m▀[48;2;115;180;213m▀▀[38;2;16;16;16;48;2;197;172;90m▀[38;2;115;98;82;49m▄[48;2;197;172;90m▀[38;2;16;16;16m▀[48;2;16;16;16m▀[38;2;90;131;172;48;2;90;131;172m▀▀[38;2;16;16;16;48;2;16;16;16m▀[0m    [38;2;74;82;90;48;2;74;82;90m▀[38;2;115;180;213;48;2;115;180;213m▀▀▀▀[38;2;90;131;172;48;2;90;131;172m▀▀[38;2;16;16;16;48;2;16;16;16m▀[0m
[0m              [38;2;115;98;82;48;2;115;98;82m▀[38;2;255;238;98;48;2;255;238;98m▀▀[38;2;197;172;90m▀[38;2;255;238;98m▀[38;2;197;172;90m▀[38;2;16;16;16;48;2;197;172;90m▀▀[38;2;115;98;82;48;2;115;98;82m▀[38;2;255;238;98;48;2;255;238;98m▀[38;2;197;172;90m▀[38;2;255;238;98m▀[38;2;115;98;82m▀▀[38;2;197;172;90;48;2;197;172;90m▀▀[48;2;16;16;16m▀[38;2;16;16;16;48;2;90;131;172m▀[38;2;90;131;172m▀[48;2;74;82;90m▀▀[38;2;16;16;16;49m▀[0m [38;2;74;82;90m▄▄[48;2;115;180;213m▀[38;2;115;180;213m▀▀▀[48;2;98;156;197m▀[38;2;98;156;197;48;2;90;131;172m▀[38;2;90;131;172;48;2;16;16;16m▀[38;2;16;16;16;49m▀[0m
[0m            [38;2;74;82;90m▄[38;2;115;98;82;48;2;255;255;255m▀[38;2;115;180;213;48;2;90;131;172m▀[48;2;115;180;213m▀▀[38;2;255;238;98;48;2;90;131;172m▀[48;2;197;172;90m▀[38;2;197;172;90m▀▀[38;2;115;98;82;48;2;115;98;82m▀[38;2;255;238;98;48;2;90;131;172m▀[48;2;115;180;213m▀[48;2;90;131;172m▀[48;2;255;238;98m▀▀[48;2;197;172;90m▀[38;2;197;172;90m▀[48;2;16;16;16m▀▀[38;2;16;16;16m▀[38;2;74;82;90;49m▀[0m   [38;2;16;16;16;48;2;16;16;16m▀[38;2;162;200;225m▀[38;2;74;82;90;48;2;255;255;255m▀[38;2;90;131;172;48;2;162;200;225m▀[38;2;115;180;213;48;2;74;82;90m▀[38;2;90;131;172;48;2;255;255;255m▀[48;2;90;131;172m▀[48;2;16;16;16m▀▀[38;2;16;16;16;49m▀[0m
[0m           [38;2;74;82;90;48;2;16;16;16m▀[38;2;255;255;255m▀[38;2;74;82;90;48;2;255;255;255m▀▀[38;2;255;255;255;48;2;162;200;225m▀[38;2;90;131;172;48;2;74;82;90m▀[48;2;16;16;16m▀[38;2;197;172;90m▀▀[38;2;74;82;90;48;2;74;82;90m▀[38;2;90;131;172;48;2;162;200;225m▀[38;2;115;180;213m▀[48;2;115;180;213m▀▀[38;2;90;131;172m▀[48;2;90;131;172m▀[38;2;197;172;90m▀[48;2;197;172;90m▀▀[38;2;115;98;82m▀[49m▄[0m     [38;2;16;16;16m▀▀[48;2;16;16;16m▀[38;2;255;255;255m▀[38;2;16;16;16;49m▀▀[0m
[0m             [38;2;16;16;16m▀▀▀▀[0m  [38;2;115;98;82;48;2;16;16;16m▀[38;2;255;255;255m▀[38;2;162;200;225m▀[38;2;115;98;82;48;2;255;255;255m▀[38;2;255;255;255;48;2;162;200;225m▀[38;2;162;200;225;48;2;16;16;16m▀[38;2;90;131;172m▀[38;2;255;255;255;48;2;255;255;255m▀[38;2;162;200;225;48;2;16;16;16m▀[38;2;16;16;16;49m▀▀▀▀[0m
[0m                     [38;2;16;16;16m▀▀▀[0m [38;2;16;16;16m▀▀[0m
