[0m        [38;2;222;74;65m▄▄[0m            [38;2;179;52;47m▄▄[48;2;222;74;65m▀▀▀[49m▄[0m
[0m     [38;2;222;74;65m▄[48;2;238;131;131m▀▀[38;2;238;131;131m▀▀[38;2;179;52;47;48;2;16;16;16m▀[0m         [38;2;179;52;47m▄[48;2;222;74;65m▀[38;2;222;74;65m▀▀▀▀▀[38;2;179;52;47;48;2;179;52;47m▀[0m
[0m   [38;2;222;74;65m▄[48;2;238;131;131m▀[38;2;238;131;131m▀▀▀▀[38;2;222;74;65;48;2;179;52;47m▀[38;2;16;16;16;49m▀[0m       [38;2;179;52;47m▄[48;2;222;74;65m▀[38;2;222;74;65m▀▀▀▀▀▀[48;2;179;52;47m▀[38;2;179;52;47;49m▀[0m
[0m  [38;2;179;52;47;48;2;179;52;47m▀[38;2;238;131;131;48;2;238;131;131m▀▀▀▀▀[38;2;222;74;65;48;2;179;52;47m▀[38;2;16;16;16;49m▀[0m       [38;2;179;52;47;48;2;179;52;47m▀[38;2;222;74;65;48;2;222;74;65m▀▀▀▀▀▀▀▀[38;2;179;52;47;48;2;179;52;47m▀[0m
[0m [38;2;179;52;47;48;2;179;52;47m▀[38;2;238;131;131;48;2;238;131;131m▀▀▀▀[48;2;222;74;65m▀[38;2;222;74;65;48;2;179;52;47m▀[38;2;16;16;16;49m▀[0m      [38;2;16;16;16m▄[48;2;222;74;65m▀[38;2;222;74;65m▀▀▀▀▀▀▀▀[38;2;16;16;16;48;2;16;16;16m▀[0m
[38;2;16;16;16;48;2;16;16;16m▀[38;2;222;74;65;48;2;222;74;65m▀[38;2;238;131;131m▀▀[38;2;222;74;65m▀▀▀[38;2;16;16;16;49m▀[0m      [38;2;16;16;16m▄[48;2;222;74;65m▀[38;2;222;74;65m▀▀▀▀▀▀▀▀[38;2;16;16;16;48;2;16;16;16m▀[0m
[38;2;16;16;16;48;2;16;16;16m▀[38;2;222;74;65;48;2;222;74;65m▀▀▀▀▀▀[38;2;179;52;47;48;2;16;16;16m▀[0m      [38;2;16;16;16;48;2;16;16;16m▀[38;2;222;74;65;48;2;222;74;65m▀[38;2;238;131;131;48;2;255;238;180m▀[38;2;255;238;180m▀▀[38;2;238;131;131m▀[38;2;222;74;65;48;2;222;74;65m▀▀[48;2;16;16;16m▀[38;2;16;16;16;49m▀[0m
[0m [38;2;16;16;16;48;2;16;16;16m▀[38;2;222;74;65;48;2;222;74;65m▀▀[48;2;238;131;131m▀[48;2;255;238;180m▀▀[48;2;238;131;131m▀[38;2;16;16;16;48;2;16;16;16m▀[0m   [38;2;123;98;82m▄▄▄[38;2;16;16;16;48;2;123;98;82m▀[38;2;255;238;180;48;2;238;131;131m▀[48;2;255;238;180m▀▀[48;2;16;16;16m▀[38;2;222;74;65m▀[38;2;16;16;16;49m▀[0m
[0m  [38;2;16;16;16;48;2;16;16;16m▀[38;2;222;74;65;48;2;222;74;65m▀[38;2;255;238;180;48;2;255;238;180m▀▀▀▀[38;2;16;16;16;48;2;16;16;16m▀[38;2;123;98;82;49m▄[48;2;255;238;180m▀▀[38;2;255;238;180m▀▀▀▀▀[38;2;230;197;115m▀[38;2;123;98;82;48;2;230;197;115m▀▀[49m▄[0m
[0m   [38;2;16;16;16m▀[38;2;238;131;131;48;2;16;16;16m▀[38;2;255;238;180m▀[48;2;180;156;98m▀[48;2;123;98;82m▀[48;2;255;238;180m▀▀▀▀▀▀▀[48;2;180;156;98m▀▀[48;2;255;238;180m▀▀[38;2;230;197;115;48;2;230;197;115m▀▀[38;2;16;16;16;48;2;16;16;16m▀[0m
[0m      [38;2;16;16;16;48;2;16;16;16m▀[38;2;255;238;180;48;2;180;156;98m▀▀[48;2;255;238;180m▀▀▀▀▀▀[38;2;255;255;255;48;2;16;16;16m▀[38;2;16;16;16m▀[38;2;255;238;180;48;2;255;238;180m▀[48;2;238;131;131m▀[38;2;230;197;115;48;2;222;74;65m▀▀[48;2;230;197;115m▀[38;2;16;16;16;48;2;16;16;16m▀[0m
[0m     [38;2;16;16;16;48;2;16;16;16m▀[38;2;255;238;180;48;2;255;238;180m▀[38;2;255;255;255;48;2;16;16;16m▀[38;2;16;16;16m▀[38;2;255;238;180;48;2;255;238;180m▀▀[48;2;180;156;98m▀[48;2;255;238;180m▀▀▀[38;2;16;16;16m▀[38;2;123;98;82m▀[38;2;238;131;131;48;2;238;131;131m▀[48;2;255;238;180m▀[38;2;255;238;180m▀[38;2;222;74;65m▀[48;2;222;74;65m▀[38;2;16;16;16;48;2;16;16;16m▀[0m
[0m     [38;2;16;16;16;48;2;16;16;16m▀[38;2;255;238;180;48;2;222;74;65m▀[38;2;123;98;82;48;2;255;238;180m▀[38;2;16;16;16m▀[38;2;255;238;180;48;2;180;156;98m▀[48;2;123;98;82m▀[48;2;16;16;16m▀[38;2;180;156;98;48;2;179;52;47m▀[38;2;123;98;82m▀[38;2;16;16;16m▀[38;2;255;238;180;48;2;180;156;98m▀[48;2;255;238;180m▀[38;2;222;74;65;48;2;230;197;115m▀[48;2;222;74;65m▀[38;2;255;238;180m▀[38;2;222;74;65m▀[38;2;179;52;47;48;2;179;52;47m▀[38;2;16;16;16;49m▄▄[0m
[0m      [38;2;16;16;16;48;2;16;16;16m▀[38;2;238;131;131;48;2;222;74;65m▀[38;2;255;238;180;48;2;255;238;180m▀▀▀[38;2;179;52;47m▀[48;2;179;52;47m▀[38;2;222;74;65;48;2;222;74;65m▀▀[38;2;179;52;47;48;2;179;52;47m▀[38;2;230;197;115;48;2;230;197;115m▀▀▀[48;2;16;16;16m▀[38;2;16;16;16;48;2;255;238;180m▀[48;2;238;131;131m▀[38;2;238;131;131m▀[48;2;222;74;65m▀[38;2;16;16;16;48;2;16;16;16m▀[0m
[0m       [38;2;16;16;16m▀[48;2;179;52;47m▀[38;2;230;197;115;48;2;16;16;16m▀▀[48;2;230;197;115m▀▀[38;2;179;52;47m▀▀[38;2;230;197;115m▀[48;2;255;238;180m▀[38;2;123;98;82m▀[48;2;230;197;115m▀[38;2;255;238;180;48;2;255;238;180m▀▀[48;2;230;197;115m▀[38;2;222;74;65m▀[38;2;16;16;16;48;2;16;16;16m▀[0m
[0m       [38;2;179;52;47;48;2;16;16;16m▀[38;2;222;74;65;48;2;222;74;65m▀[48;2;230;197;115m▀[38;2;230;197;115m▀[38;2;16;16;16m▀▀[38;2;123;98;82m▀[38;2;255;238;180;48;2;255;238;180m▀▀▀▀▀▀[38;2;230;197;115;48;2;230;197;115m▀[48;2;16;16;16m▀[38;2;16;16;16;49m▀[0m   [38;2;222;74;65m▄▄[0m
[0m        [38;2;16;16;16m▀▀[38;2;230;197;115;48;2;16;16;16m▀▀[48;2;230;197;115m▀[38;2;123;98;82;48;2;123;98;82m▀[38;2;255;238;180;48;2;255;238;180m▀▀▀[48;2;123;98;82m▀[38;2;123;98;82;48;2;255;238;180m▀▀[38;2;230;197;115;48;2;123;98;82m▀[38;2;123;98;82;48;2;230;197;115m▀[48;2;16;16;16m▀[0m  [38;2;179;52;47;48;2;222;74;65m▀[38;2;238;131;131;48;2;238;131;131m▀▀[38;2;222;74;65;48;2;222;74;65m▀[0m
[0m            [38;2;16;16;16;48;2;16;16;16m▀[38;2;255;238;180;48;2;255;238;180m▀▀▀▀[38;2;16;16;16;48;2;16;16;16m▀[38;2;230;197;115;48;2;230;197;115m▀▀[38;2;255;238;180;48;2;255;238;180m▀[38;2;123;98;82;48;2;123;98;82m▀[38;2;230;197;115;48;2;230;197;115m▀[38;2;16;16;16;48;2;16;16;16m▀[38;2;123;98;82;48;2;230;197;115m▀[38;2;222;74;65;48;2;123;98;82m▀[48;2;222;74;65m▀▀[38;2;179;52;47;49m▄▄[0m
[0m            [38;2;16;16;16;48;2;16;16;16m▀[38;2;255;238;180;48;2;230;197;115m▀[48;2;255;238;180m▀▀▀[48;2;230;197;115m▀[38;2;16;16;16m▀[38;2;230;197;115m▀▀▀[48;2;16;16;16m▀[38;2;16;16;16;48;2;230;197;115m▀[38;2;230;197;115;48;2;123;98;82m▀[38;2;123;98;82;48;2;16;16;16m▀[38;2;222;74;65;48;2;222;74;65m▀▀▀▀[38;2;179;52;47;48;2;179;52;47m▀[0m
[0m             [38;2;16;16;16;48;2;16;16;16m▀[38;2;230;197;115;48;2;230;197;115m▀▀▀▀[48;2;123;98;82m▀[48;2;16;16;16m▀[38;2;16;16;16;49m▀▀▀[48;2;16;16;16m▀[48;2;222;74;65m▀[38;2;222;74;65m▀[38;2;179;52;47;48;2;179;52;47m▀[49m▀[38;2;16;16;16m▀▀[0m
[0m              [38;2;16;16;16m▀[38;2;230;197;115;48;2;16;16;16m▀[48;2;230;197;115m▀▀[38;2;16;16;16;48;2;16;16;16m▀[0m    [38;2;16;16;16m▀[38;2;222;74;65;48;2;16;16;16m▀▀[38;2;16;16;16;49m▀[0m
[0m                [38;2;16;16;16m▀▀[0m
