[0m       [38;2;65;82;222m▄[48;2;115;156;246m▀▀[38;2;16;16;16;49m▄[0m
[0m      [38;2;65;82;222m▄[38;2;90;131;238;48;2;115;156;246m▀[38;2;115;156;246m▀▀▀[38;2;16;16;16;48;2;16;16;16m▀[0m
[0m      [38;2;65;82;222;48;2;90;131;238m▀[38;2;115;156;246;48;2;115;156;246m▀▀▀▀[38;2;65;82;222m▀[38;2;16;16;16;49m▄[0m
[0m     [38;2;65;82;222;48;2;16;16;16m▀[38;2;115;156;246;48;2;115;156;246m▀▀▀▀▀[48;2;90;131;238m▀[38;2;16;16;16;48;2;16;16;16m▀[0m
[0m     [38;2;16;16;16;48;2;16;16;16m▀[38;2;115;156;246;48;2;115;156;246m▀[48;2;90;131;238m▀▀[38;2;90;131;238m▀▀▀[38;2;65;82;222m▀[38;2;16;16;16;49m▄[0m             [38;2;65;82;222m▄▄▄[48;2;90;131;238m▀▀▀▀▀[38;2;16;16;16;49m▄[0m
[0m      [38;2;16;16;16;48;2;16;16;16m▀[38;2;90;131;238;48;2;90;131;238m▀▀▀▀▀▀[38;2;16;16;16;48;2;16;16;16m▀[0m         [38;2;65;82;222m▄▄[48;2;90;131;238m▀▀[38;2;90;131;238m▀▀▀▀▀▀▀[48;2;16;16;16m▀[38;2;16;16;16;49m▀[0m
[0m      [38;2;16;16;16m▀[38;2;90;131;238;48;2;16;16;16m▀[48;2;90;131;238m▀[38;2;115;156;246;48;2;255;238;180m▀[38;2;255;238;180m▀▀[38;2;115;156;246m▀[38;2;16;16;16;48;2;16;16;16m▀[0m       [38;2;16;16;16m▄[38;2;65;82;222;48;2;90;131;238m▀[38;2;90;131;238m▀▀▀▀▀▀▀▀▀▀[48;2;16;16;16m▀[38;2;16;16;16;49m▀[0m
[0m       [38;2;16;16;16m▀[38;2;90;131;238;48;2;16;16;16m▀[38;2;255;238;180;48;2;115;156;246m▀[48;2;255;238;180m▀▀[48;2;123;115;82m▀[38;2;16;16;16;48;2;16;16;16m▀[49m▄▄▄[0m   [38;2;16;16;16m▄[48;2;115;156;246m▀[38;2;90;131;238;48;2;255;238;180m▀▀[48;2;115;156;246m▀[48;2;90;131;238m▀▀▀▀▀▀[48;2;16;16;16m▀[38;2;16;16;16;49m▀[0m
[0m        [38;2;16;16;16m▄[48;2;255;238;180m▀▀[38;2;255;238;180m▀▀▀▀▀▀[38;2;123;115;82m▀▀[49m▄[38;2;16;16;16;48;2;16;16;16m▀[38;2;255;238;180;48;2;255;238;180m▀▀▀▀[38;2;90;131;238;48;2;90;131;238m▀▀▀[48;2;16;16;16m▀▀[38;2;16;16;16;49m▀[0m
[0m       [38;2;16;16;16;48;2;16;16;16m▀[38;2;255;238;180;48;2;180;156;98m▀▀[48;2;255;238;180m▀▀▀▀▀▀▀▀▀▀▀[48;2;180;156;98m▀▀[48;2;16;16;16m▀[38;2;115;156;246m▀[38;2;90;131;238m▀[38;2;16;16;16;49m▀▀[0m
[0m      [38;2;16;16;16;48;2;16;16;16m▀[38;2;255;238;180;48;2;255;238;180m▀[38;2;255;255;255;48;2;16;16;16m▀[38;2;16;16;16m▀[38;2;255;238;180;48;2;255;238;180m▀▀▀▀▀▀[48;2;180;156;98m▀▀[48;2;255;238;180m▀▀▀[48;2;230;197;115m▀[38;2;16;16;16;48;2;16;16;16m▀[0m
[0m      [38;2;65;82;222;48;2;65;82;222m▀[38;2;115;156;246;48;2;90;131;238m▀[38;2;16;16;16;48;2;255;238;180m▀[38;2;123;115;82m▀[38;2;255;238;180m▀[48;2;180;156;98m▀[48;2;255;238;180m▀▀▀▀[38;2;255;255;255;48;2;16;16;16m▀[38;2;16;16;16m▀[38;2;255;238;180;48;2;255;238;180m▀▀[48;2;230;197;115m▀[38;2;230;197;115m▀▀[38;2;16;16;16;48;2;16;16;16m▀[0m
[0m     [38;2;16;16;16m▄▄[38;2;90;131;238;48;2;65;82;222m▀[38;2;255;238;180;48;2;255;238;180m▀[38;2;180;156;98m▀[38;2;230;197;115;48;2;230;197;115m▀[38;2;255;238;180;48;2;123;115;82m▀▀▀[48;2;180;156;98m▀[48;2;255;238;180m▀[38;2;16;16;16m▀[38;2;123;115;82m▀[38;2;255;238;180;48;2;115;156;246m▀[38;2;115;156;246;48;2;90;131;238m▀[38;2;90;131;238m▀▀[38;2;230;197;115m▀[38;2;16;16;16;48;2;16;16;16m▀[0m
[0m    [38;2;16;16;16;48;2;16;16;16m▀[38;2;115;156;246;48;2;90;131;238m▀[48;2;115;156;246m▀[38;2;16;16;16m▀[48;2;255;238;180m▀[38;2;255;238;180;48;2;16;16;16m▀[48;2;255;238;180m▀▀▀▀▀▀[48;2;230;197;115m▀▀[38;2;90;131;238;48;2;90;131;238m▀[38;2;230;197;115m▀▀▀[38;2;16;16;16;48;2;16;16;16m▀[0m
[0m     [38;2;16;16;16;48;2;16;16;16m▀[38;2;90;131;238;48;2;230;197;115m▀[38;2;255;238;180m▀[48;2;255;238;180m▀▀[38;2;123;115;82m▀[48;2;230;197;115m▀[38;2;230;197;115m▀▀▀▀▀▀[38;2;115;156;246m▀[38;2;90;131;238;48;2;16;16;16m▀▀[38;2;16;16;16;49m▀[0m
[0m  [38;2;90;131;238m▄▄[0m  [38;2;16;16;16m▀[38;2;230;197;115;48;2;16;16;16m▀[48;2;255;238;180m▀[38;2;255;238;180m▀▀▀▀[38;2;230;197;115m▀[48;2;230;197;115m▀[38;2;123;115;82m▀[38;2;16;16;16m▀▀[48;2;65;82;222m▀[38;2;65;82;222;49m▄▄[0m
[38;2;90;131;238;48;2;90;131;238m▀[38;2;115;156;246;48;2;115;156;246m▀▀▀[38;2;90;131;238;48;2;90;131;238m▀[0m [38;2;123;115;82;48;2;123;115;82m▀[38;2;230;197;115;48;2;230;197;115m▀[38;2;255;238;180;48;2;123;115;82m▀[38;2;123;115;82;48;2;255;238;180m▀▀[38;2;255;238;180;48;2;123;115;82m▀[48;2;255;238;180m▀▀▀[38;2;123;115;82;48;2;123;115;82m▀[38;2;230;197;115m▀[48;2;230;197;115m▀▀[38;2;90;131;238;48;2;90;131;238m▀▀[38;2;65;82;222;48;2;16;16;16m▀[0m
[38;2;90;131;238;49m▀[38;2;115;156;246;48;2;65;82;222m▀[48;2;115;156;246m▀▀▀[38;2;16;16;16;48;2;16;16;16m▀[38;2;230;197;115;48;2;230;197;115m▀[38;2;123;115;82;48;2;123;115;82m▀[38;2;255;238;180;48;2;255;238;180m▀[38;2;230;197;115;48;2;230;197;115m▀▀[38;2;16;16;16;48;2;16;16;16m▀[38;2;255;238;180;48;2;255;238;180m▀▀▀▀[38;2;16;16;16;48;2;16;16;16m▀[49m▀▀▀[38;2;65;82;222m▀[0m
[0m [38;2;16;16;16;48;2;16;16;16m▀[38;2;115;156;246;48;2;115;156;246m▀[48;2;90;131;238m▀[38;2;90;131;238m▀[38;2;16;16;16m▀[38;2;230;197;115;48;2;16;16;16m▀[48;2;230;197;115m▀▀▀[38;2;16;16;16m▀[38;2;255;238;180m▀▀▀▀[38;2;230;197;115m▀[38;2;16;16;16;48;2;16;16;16m▀[0m
[0m  [38;2;65;82;222;48;2;16;16;16m▀[38;2;90;131;238;48;2;90;131;238m▀▀▀[38;2;65;82;222;48;2;65;82;222m▀[38;2;16;16;16;49m▀▀[38;2;230;197;115;48;2;16;16;16m▀[48;2;123;115;82m▀[48;2;230;197;115m▀▀▀▀[38;2;16;16;16;48;2;16;16;16m▀[0m
[0m  [38;2;16;16;16m▀[38;2;90;131;238;48;2;16;16;16m▀▀[38;2;65;82;222;48;2;65;82;222m▀[38;2;16;16;16;49m▀[0m   [38;2;16;16;16;48;2;16;16;16m▀[38;2;230;197;115;48;2;230;197;115m▀▀[48;2;16;16;16m▀[38;2;16;16;16;49m▀[0m
[0m           [38;2;16;16;16m▀▀[0m
