[0m    [38;2;230;180;74m▄▄[0m               [38;2;230;180;74m▄[38;2;156;131;82;48;2;255;230;115m▀▀[48;2;16;16;16m▀[0m
[0m    [38;2;230;180;74;48;2;230;180;74m▀[38;2;255;230;115;48;2;255;255;255m▀[38;2;156;131;82;48;2;255;230;115m▀[49m▄[38;2;156;82;189m▄▄[48;2;205;139;222m▀▀▀[38;2;106;90;148m▀▀▀▀[48;2;156;82;189m▀▀[38;2;156;131;82;49m▄[48;2;255;230;115m▀[38;2;255;230;115;48;2;255;255;255m▀[38;2;255;255;255;48;2;255;230;115m▀[38;2;255;230;115;48;2;16;16;16m▀[38;2;16;16;16;49m▀[0m
[0m    [38;2;156;131;82;48;2;16;16;16m▀[38;2;255;255;255;48;2;255;230;115m▀[38;2;255;230;115m▀[38;2;156;131;82m▀[38;2;205;139;222;48;2;156;131;82m▀[48;2;90;106;139m▀[48;2;139;172;205m▀[38;2;156;82;189;48;2;172;197;238m▀▀▀▀▀[48;2;139;172;205m▀[38;2;205;139;222;48;2;90;106;139m▀[38;2;156;131;82;48;2;156;131;82m▀[38;2;255;230;115;48;2;255;230;115m▀[38;2;255;255;255m▀[38;2;255;230;115m▀[48;2;16;16;16m▀[38;2;16;16;16;48;2;156;82;189m▀[38;2;106;90;148m▀[49m▄[0m
[0m   [38;2;156;82;189m▄[48;2;205;139;222m▀[38;2;16;16;16;48;2;16;16;16m▀[38;2;255;230;115;48;2;230;180;74m▀[48;2;255;230;115m▀[38;2;156;131;82;48;2;156;131;82m▀[38;2;139;172;205;48;2;172;197;238m▀[38;2;172;197;238m▀▀▀▀▀▀▀[38;2;156;131;82;48;2;156;131;82m▀[38;2;230;180;74;48;2;230;180;74m▀[38;2;255;230;115m▀[38;2;230;180;74m▀[38;2;156;131;82;48;2;16;16;16m▀[38;2;16;16;16;48;2;156;82;189m▀[38;2;156;82;189m▀▀▀[38;2;106;90;148;48;2;16;16;16m▀[0m
[0m  [38;2;156;82;189m▄[48;2;205;139;222m▀[38;2;205;139;222m▀[38;2;16;16;16m▀[38;2;230;180;74;48;2;16;16;16m▀[38;2;255;230;115;48;2;230;180;74m▀[38;2;156;131;82;48;2;156;131;82m▀[38;2;172;197;238;48;2;172;197;238m▀▀▀▀▀▀▀▀[38;2;156;131;82;48;2;156;131;82m▀[38;2;230;180;74;48;2;230;180;74m▀[48;2;156;131;82m▀[38;2;16;16;16;48;2;139;172;205m▀[38;2;139;172;205m▀[38;2;16;16;16m▀[38;2;156;82;189;48;2;106;90;148m▀[48;2;156;82;189m▀▀▀[38;2;16;16;16;48;2;16;16;16m▀[0m
[0m [38;2;16;16;16m▄[38;2;156;82;189;48;2;205;139;222m▀[38;2;205;139;222m▀▀[38;2;156;82;189;48;2;106;90;148m▀[38;2;139;172;205;48;2;156;82;189m▀[48;2;139;172;205m▀[38;2;172;197;238;48;2;172;197;238m▀▀▀▀▀▀▀▀▀[48;2;156;82;189m▀[38;2;139;172;205m▀▀[48;2;139;172;205m▀▀▀[38;2;16;16;16m▀[38;2;156;82;189;48;2;106;90;148m▀[48;2;156;82;189m▀▀▀[38;2;16;16;16;48;2;16;16;16m▀[0m
[0m [38;2;16;16;16;48;2;16;16;16m▀[38;2;205;139;222;48;2;106;90;148m▀▀[38;2;90;106;139;48;2;90;106;139m▀[38;2;156;82;189;48;2;156;82;189m▀[38;2;172;197;238;48;2;255;255;255m▀[38;2;156;82;189;48;2;0;90;213m▀[38;2;139;172;205;48;2;90;106;139m▀[38;2;172;197;238;48;2;172;197;238m▀▀▀▀▀▀[48;2;90;106;139m▀[38;2;90;106;139;48;2;0;90;213m▀[38;2;255;255;255;48;2;139;172;205m▀[48;2;255;255;255m▀[38;2;156;82;189;48;2;156;82;189m▀[38;2;139;172;205;48;2;139;172;205m▀▀▀▀[38;2;16;16;16;48;2;16;16;16m▀[38;2;156;82;189;48;2;156;82;189m▀▀▀[38;2;16;16;16m▀[49m▄[0m
[38;2;106;90;148;48;2;106;90;148m▀[38;2;205;139;222;48;2;205;139;222m▀▀▀[38;2;106;90;148m▀[38;2;90;106;139;48;2;139;172;205m▀[38;2;255;255;255;48;2;172;197;238m▀[38;2;16;16;16;48;2;0;90;213m▀[38;2;0;90;213m▀[38;2;172;197;238;48;2;139;172;205m▀[48;2;90;106;139m▀[48;2;172;197;238m▀▀[48;2;139;172;205m▀▀[38;2;0;90;213;48;2;0;90;213m▀[38;2;16;16;16m▀[38;2;0;90;213m▀[38;2;255;255;255;48;2;90;106;139m▀[38;2;172;197;238;48;2;139;172;205m▀[38;2;139;172;205;48;2;106;90;148m▀[38;2;106;90;148;48;2;205;139;222m▀▀▀[38;2;16;16;16;48;2;106;90;148m▀[38;2;156;82;189;48;2;16;16;16m▀[48;2;156;82;189m▀▀▀[38;2;16;16;16;48;2;16;16;16m▀[0m
[38;2;16;16;16;48;2;16;16;16m▀[38;2;205;139;222;48;2;156;82;189m▀▀▀[38;2;156;82;189m▀[38;2;16;16;16;48;2;106;90;148m▀[38;2;139;172;205;48;2;139;172;205m▀▀▀▀[48;2;90;106;139m▀[48;2;139;172;205m▀▀[48;2;57;57;57m▀[48;2;139;172;205m▀▀▀▀▀[38;2;106;90;148;48;2;106;90;148m▀[38;2;205;139;222;48;2;156;82;189m▀[48;2;205;139;222m▀▀▀[38;2;156;82;189;48;2;156;82;189m▀[38;2;16;16;16;48;2;16;16;16m▀[38;2;156;82;189;48;2;156;82;189m▀▀▀[38;2;16;16;16;48;2;16;16;16m▀[0m [38;2;90;106;139m▄▄[0m
[38;2;16;16;16;49m▀[38;2;156;82;189;48;2;16;16;16m▀[48;2;156;82;189m▀▀▀[48;2;106;90;148m▀[38;2;16;16;16;48;2;16;16;16m▀[38;2;139;172;205;48;2;139;172;205m▀▀▀▀[38;2;90;106;139m▀[38;2;57;57;57m▀[38;2;139;172;205m▀▀▀▀▀▀[38;2;16;16;16;48;2;16;16;16m▀[38;2;156;82;189;48;2;106;90;148m▀[48;2;156;82;189m▀▀▀▀[38;2;106;90;148m▀[38;2;156;82;189m▀▀[38;2;16;16;16;48;2;16;16;16m▀[38;2;90;106;139;48;2;139;172;205m▀[48;2;172;197;238m▀[38;2;172;197;238m▀▀[38;2;90;106;139;48;2;90;106;139m▀[0m
[0m  [38;2;16;16;16m▀▀▀[38;2;106;90;148;48;2;16;16;16m▀[38;2;16;16;16;48;2;156;82;189m▀[38;2;106;90;148;48;2;106;90;148m▀[38;2;139;172;205;48;2;156;131;82m▀▀[48;2;139;172;205m▀▀▀▀▀▀▀[48;2;156;131;82m▀[48;2;90;106;139m▀[38;2;90;106;139m▀[38;2;16;16;16m▀[38;2;156;82;189;48;2;16;16;16m▀[38;2;16;16;16;48;2;106;90;148m▀[48;2;205;139;222m▀[38;2;156;82;189;48;2;16;16;16m▀▀▀[38;2;16;16;16m▀[38;2;172;197;238m▀▀▀[48;2;172;197;238m▀[38;2;139;172;205;48;2;90;106;139m▀[38;2;90;106;139;49m▀[0m
[38;2;90;106;139;48;2;90;106;139m▀[48;2;172;197;238m▀▀▀▀[38;2;106;90;148m▀[38;2;156;82;189;48;2;16;16;16m▀▀[38;2;106;90;148;48;2;156;131;82m▀[38;2;230;180;74;48;2;230;180;74m▀[38;2;156;131;82m▀▀▀▀▀▀[38;2;230;180;74m▀▀[38;2;156;131;82m▀[38;2;16;16;16;48;2;57;57;57m▀[48;2;16;16;16m▀[38;2;106;90;148;48;2;156;82;189m▀[38;2;205;139;222;48;2;16;16;16m▀[38;2;16;16;16;48;2;57;57;57m▀[38;2;57;57;57m▀▀[38;2;123;123;123m▀▀[48;2;123;123;123m▀▀[48;2;57;57;57m▀[38;2;16;16;16;48;2;16;16;16m▀[38;2;90;106;139;49m▀[0m
[38;2;90;106;139;49m▀[38;2;172;197;238;48;2;90;106;139m▀[48;2;172;197;238m▀▀[48;2;16;16;16m▀[38;2;16;16;16;48;2;106;90;148m▀[38;2;106;90;148;48;2;16;16;16m▀[38;2;16;16;16;48;2;57;57;57m▀[38;2;230;180;74;48;2;230;180;74m▀▀▀▀[48;2;156;131;82m▀[48;2;230;180;74m▀[48;2;255;230;115m▀▀[38;2;255;230;115m▀▀▀[38;2;57;57;57;48;2;57;57;57m▀[38;2;16;16;16;48;2;16;16;16m▀[38;2;156;82;189;48;2;106;90;148m▀[38;2;16;16;16;48;2;16;16;16m▀[38;2;57;57;57;48;2;57;57;57m▀▀▀▀▀[48;2;16;16;16m▀▀[38;2;16;16;16;49m▀[0m
[0m [38;2;16;16;16m▄[38;2;90;106;139;48;2;16;16;16m▀[38;2;16;16;16;48;2;57;57;57m▀[48;2;16;16;16m▀[38;2;106;90;148;48;2;106;90;148m▀[38;2;16;16;16;48;2;57;57;57m▀[38;2;57;57;57m▀[38;2;156;131;82;48;2;90;106;139m▀[38;2;230;180;74;48;2;156;131;82m▀▀[38;2;156;131;82;48;2;139;172;205m▀[38;2;139;172;205m▀[38;2;156;131;82m▀[38;2;230;180;74;48;2;156;131;82m▀[38;2;255;230;115m▀▀▀[38;2;156;131;82;48;2;139;172;205m▀[38;2;57;57;57;48;2;57;57;57m▀[38;2;16;16;16m▀[38;2;106;90;148;48;2;16;16;16m▀[48;2;106;90;148m▀[38;2;16;16;16m▀[38;2;57;57;57;48;2;16;16;16m▀[38;2;16;16;16;49m▀▀▀[0m
[38;2;16;16;16;48;2;16;16;16m▀[38;2;57;57;57;48;2;57;57;57m▀▀▀▀[38;2;16;16;16;48;2;16;16;16m▀[38;2;57;57;57;48;2;57;57;57m▀▀[38;2;139;172;205;48;2;139;172;205m▀[38;2;90;106;139;48;2;90;106;139m▀[38;2;139;172;205;48;2;172;197;238m▀[38;2;172;197;238m▀▀[38;2;139;172;205m▀[38;2;90;106;139;48;2;90;106;139m▀[38;2;139;172;205;48;2;172;197;238m▀▀[38;2;172;197;238m▀[38;2;139;172;205;48;2;139;172;205m▀[38;2;57;57;57;48;2;57;57;57m▀▀▀[38;2;16;16;16m▀[48;2;16;16;16m▀[0m
[0m [38;2;16;16;16m▀▀▀[48;2;16;16;16m▀[48;2;57;57;57m▀[38;2;57;57;57;48;2;123;123;123m▀[48;2;90;106;139m▀[38;2;139;172;205;48;2;139;172;205m▀[38;2;90;106;139;48;2;90;106;139m▀[38;2;172;197;238;48;2;172;197;238m▀▀▀▀[38;2;90;106;139;48;2;90;106;139m▀[38;2;172;197;238;48;2;172;197;238m▀▀[48;2;139;172;205m▀[38;2;139;172;205m▀[38;2;57;57;57;48;2;123;123;123m▀[38;2;123;123;123m▀[38;2;57;57;57;48;2;57;57;57m▀▀[38;2;16;16;16;48;2;16;16;16m▀[0m
[0m     [38;2;16;16;16;48;2;16;16;16m▀[38;2;123;123;123;48;2;123;123;123m▀[38;2;57;57;57;48;2;57;57;57m▀[38;2;139;172;205;48;2;90;106;139m▀[38;2;90;106;139m▀[38;2;172;197;238;48;2;139;172;205m▀[48;2;172;197;238m▀▀▀[38;2;90;106;139;48;2;90;106;139m▀[38;2;172;197;238;48;2;139;172;205m▀▀[38;2;139;172;205;48;2;90;106;139m▀[38;2;57;57;57;48;2;57;57;57m▀[38;2;123;123;123;48;2;123;123;123m▀[48;2;57;57;57m▀[38;2;57;57;57;48;2;16;16;16m▀▀[38;2;16;16;16m▀[0m
[0m     [38;2;16;16;16;48;2;16;16;16m▀[38;2;123;123;123;48;2;57;57;57m▀[48;2;123;123;123m▀[38;2;57;57;57m▀▀[38;2;90;106;139;48;2;57;57;57m▀[38;2;139;172;205m▀▀▀▀[38;2;90;106;139m▀[38;2;57;57;57;48;2;123;123;123m▀▀[38;2;123;123;123;48;2;16;16;16m▀[38;2;16;16;16;48;2;106;90;148m▀[38;2;106;90;148;48;2;156;82;189m▀[38;2;156;82;189;48;2;205;139;222m▀[38;2;205;139;222m▀[38;2;106;90;148m▀[38;2;16;16;16;48;2;106;90;148m▀[49m▄[0m
[0m    [38;2;16;16;16;48;2;16;16;16m▀[38;2;205;139;222;48;2;205;139;222m▀[38;2;16;16;16;48;2;16;16;16m▀[38;2;57;57;57;48;2;57;57;57m▀[38;2;123;123;123m▀▀[48;2;123;123;123m▀▀▀▀▀[48;2;57;57;57m▀▀[38;2;57;57;57;48;2;16;16;16m▀[38;2;16;16;16;48;2;106;90;148m▀[38;2;156;82;189;48;2;156;82;189m▀[48;2;16;16;16m▀[38;2;16;16;16;48;2;123;123;123m▀▀[48;2;57;57;57m▀[38;2;106;90;148;48;2;16;16;16m▀[38;2;16;16;16m▀[0m
[0m    [38;2;16;16;16;48;2;57;57;57m▀[38;2;156;82;189;48;2;16;16;16m▀[38;2;106;90;148;48;2;156;82;189m▀[38;2;16;16;16;48;2;106;90;148m▀[38;2;57;57;57;48;2;16;16;16m▀▀[48;2;57;57;57m▀▀▀▀▀▀▀[38;2;16;16;16;48;2;16;16;16m▀[38;2;106;90;148;48;2;106;90;148m▀[38;2;16;16;16;48;2;16;16;16m▀[38;2;123;123;123;48;2;123;123;123m▀▀▀▀[38;2;57;57;57;48;2;57;57;57m▀[38;2;16;16;16;48;2;16;16;16m▀[49m▄[0m
[0m   [38;2;57;57;57m▄[48;2;123;123;123m▀[38;2;123;123;123m▀[38;2;16;16;16m▀[48;2;57;57;57m▀[38;2;106;90;148;48;2;16;16;16m▀▀[38;2;16;16;16;48;2;106;90;148m▀▀[38;2;57;57;57;48;2;16;16;16m▀▀▀▀[38;2;16;16;16;49m▀▀▀[38;2;57;57;57;48;2;16;16;16m▀▀[48;2;57;57;57m▀[38;2;123;123;123m▀▀[38;2;57;57;57m▀▀[38;2;16;16;16;48;2;16;16;16m▀[0m
[0m   [38;2;57;57;57;48;2;16;16;16m▀[38;2;123;123;123;48;2;57;57;57m▀▀[38;2;57;57;57m▀▀[48;2;16;16;16m▀▀[38;2;16;16;16;49m▀▀[0m         [38;2;16;16;16m▀▀[38;2;57;57;57;48;2;16;16;16m▀▀▀[38;2;16;16;16;49m▀[0m
[0m   [38;2;57;57;57m▀[38;2;16;16;16m▀▀▀▀[0m
