[0m            [38;2;98;74;57m▄[48;2;255;255;255m▀[38;2;16;16;16;49m▄[0m         [38;2;16;16;16m▄[0m
[0m           [38;2;98;74;57m▄[48;2;205;148;41m▀[38;2;255;205;82;48;2;255;205;82m▀[38;2;16;16;16;48;2;98;74;57m▀[0m       [38;2;98;74;57m▄[48;2;255;205;82m▀[38;2;255;255;255;48;2;238;189;41m▀[38;2;16;16;16;48;2;16;16;16m▀[0m
[0m           [38;2;98;74;57;48;2;98;74;57m▀[38;2;255;205;82;48;2;255;205;82m▀[38;2;238;189;41;48;2;238;189;41m▀[38;2;205;148;41;48;2;205;148;41m▀[38;2;98;74;57;48;2;16;16;16m▀[0m  [38;2;16;16;16m▄[0m  [38;2;98;74;57m▄[48;2;255;205;82m▀[38;2;255;205;82;48;2;238;189;41m▀[38;2;238;189;41m▀[38;2;16;16;16;48;2;16;16;16m▀[0m
[0m           [38;2;98;74;57;48;2;98;74;57m▀[38;2;255;205;82;48;2;238;189;41m▀[38;2;238;189;41m▀[38;2;205;148;41;48;2;205;148;41m▀[38;2;16;16;16m▀[49m▄[38;2;98;74;57;48;2;205;148;41m▀[38;2;238;189;41m▀[38;2;16;16;16;48;2;16;16;16m▀[38;2;98;74;57;49m▄[38;2;16;16;16;48;2;255;205;82m▀[38;2;255;205;82;48;2;238;189;41m▀[38;2;238;189;41m▀▀[38;2;16;16;16;48;2;16;16;16m▀[38;2;98;74;57;49m▄[48;2;238;189;41m▀[48;2;16;16;16m▀[0m        [38;2;123;57;57m▄[48;2;189;57;65m▀[48;2;16;16;16m▀[0m
[0m          [38;2;98;74;57m▄[48;2;205;148;41m▀[38;2;238;189;41;48;2;238;189;41m▀[48;2;205;148;41m▀[38;2;205;148;41m▀▀[38;2;98;74;57;48;2;238;189;41m▀[38;2;238;189;41;48;2;205;148;41m▀[38;2;205;148;41m▀[38;2;98;74;57m▀[38;2;16;16;16;48;2;16;16;16m▀[38;2;255;205;82;48;2;238;189;41m▀[38;2;238;189;41m▀▀▀[38;2;98;74;57;48;2;205;148;41m▀[38;2;205;148;41;48;2;238;189;41m▀[38;2;238;189;41m▀[38;2;16;16;16;48;2;16;16;16m▀[0m      [38;2;123;57;57m▄[48;2;189;57;65m▀[38;2;189;57;65;48;2;123;57;57m▀[38;2;123;57;57;48;2;16;16;16m▀[38;2;16;16;16;49m▀[0m
[0m          [38;2;98;74;57;48;2;98;74;57m▀[38;2;255;205;82;48;2;255;205;82m▀[38;2;238;189;41;48;2;238;189;41m▀[38;2;205;148;41;48;2;205;148;41m▀▀▀▀▀▀[38;2;98;74;57;48;2;16;16;16m▀[38;2;255;205;82;48;2;255;205;82m▀[38;2;238;189;41;48;2;238;189;41m▀▀▀▀[38;2;205;148;41m▀[38;2;238;189;41m▀[38;2;205;148;41;48;2;205;148;41m▀[38;2;16;16;16;48;2;98;74;57m▀[0m     [38;2;123;57;57;48;2;123;57;57m▀[38;2;189;57;65;48;2;189;57;65m▀[38;2;123;57;57;48;2;123;57;57m▀[38;2;205;148;41;48;2;16;16;16m▀[38;2;16;16;16;49m▀[0m
[0m          [38;2;98;74;57;48;2;98;74;57m▀[38;2;255;205;82;48;2;255;205;82m▀[38;2;238;189;41;48;2;238;189;41m▀[38;2;205;148;41;48;2;205;148;41m▀▀▀▀▀[48;2;98;74;57m▀[38;2;16;16;16;48;2;255;205;82m▀[38;2;238;189;41;48;2;238;189;41m▀▀▀▀▀▀▀[38;2;98;74;57;48;2;16;16;16m▀[0m     [38;2;123;57;57;48;2;123;57;57m▀[38;2;189;57;65;48;2;189;57;65m▀[38;2;123;57;57;48;2;123;57;57m▀[38;2;205;148;41;48;2;205;148;41m▀[38;2;16;16;16;48;2;16;16;16m▀[0m
[0m          [38;2;98;74;57;48;2;98;74;57m▀[38;2;255;205;82;48;2;238;189;41m▀[38;2;238;189;41m▀[38;2;205;148;41;48;2;205;148;41m▀▀[48;2;98;74;57m▀[38;2;98;74;57;48;2;49;74;156m▀▀[38;2;16;16;16;48;2;16;16;16m▀[38;2;255;205;82;48;2;255;205;82m▀[38;2;238;189;41;48;2;238;189;41m▀▀▀▀[48;2;205;148;41m▀[48;2;98;74;57m▀[38;2;205;148;41;48;2;16;16;16m▀[38;2;16;16;16;48;2;49;74;156m▀[49m▄▄[0m  [38;2;123;57;57;48;2;123;57;57m▀[38;2;189;57;65;48;2;189;57;65m▀[38;2;123;57;57;48;2;123;57;57m▀[38;2;205;148;41;48;2;238;189;41m▀[38;2;238;189;41m▀[38;2;16;16;16m▀[49m▄[0m
[0m          [38;2;98;74;57;48;2;98;74;57m▀[38;2;238;189;41;48;2;238;189;41m▀[48;2;205;148;41m▀[38;2;205;148;41;48;2;98;74;57m▀[38;2;98;74;57;48;2;49;74;156m▀[38;2;49;74;156m▀▀[38;2;98;74;57;48;2;98;74;57m▀[38;2;238;189;41;48;2;255;205;82m▀[48;2;238;189;41m▀▀[48;2;98;74;57m▀▀[38;2;98;74;57;48;2;49;74;156m▀[38;2;49;74;156m▀▀▀▀▀▀[38;2;16;16;16m▀[38;2;123;57;57;48;2;16;16;16m▀[38;2;189;57;65;48;2;189;57;65m▀[48;2;123;57;57m▀[38;2;123;57;57;48;2;205;148;41m▀[38;2;238;189;41;48;2;238;189;41m▀▀▀[38;2;16;16;16;48;2;16;16;16m▀[0m
[0m         [38;2;41;41;90m▄[38;2;98;74;57;48;2;49;74;156m▀[38;2;238;189;41;48;2;205;148;41m▀[38;2;205;148;41;48;2;98;74;57m▀[38;2;98;74;57;48;2;65;123;189m▀[38;2;65;123;189m▀▀[38;2;49;74;156m▀[38;2;98;74;57;48;2;98;74;57m▀[38;2;255;205;82;48;2;238;189;41m▀[38;2;238;189;41;48;2;98;74;57m▀[38;2;98;74;57;48;2;49;74;156m▀[38;2;49;74;156m▀▀▀▀▀▀▀▀▀▀▀[38;2;16;16;16m▀[38;2;123;57;57;48;2;16;16;16m▀[38;2;238;189;41;48;2;205;148;41m▀[38;2;205;148;41;48;2;238;189;41m▀[38;2;238;189;41;48;2;205;148;41m▀[38;2;205;148;41;48;2;238;189;41m▀[38;2;238;189;41;48;2;205;148;41m▀[38;2;16;16;16;48;2;16;16;16m▀[0m
[0m        [38;2;41;41;90m▄[48;2;65;123;189m▀[38;2;65;123;189;48;2;49;74;156m▀[38;2;98;74;57;48;2;65;123;189m▀[38;2;65;123;189m▀▀▀▀[48;2;41;41;90m▀[38;2;41;41;90;48;2;65;123;189m▀[38;2;98;74;57m▀[38;2;49;74;156m▀[48;2;49;74;156m▀▀▀▀[48;2;16;16;16m▀[48;2;49;74;156m▀▀▀▀▀▀▀▀[38;2;16;16;16m▀[38;2;205;148;41;48;2;16;16;16m▀[48;2;205;148;41m▀▀[48;2;16;16;16m▀[38;2;16;16;16;49m▀[0m
[0m        [38;2;41;41;90;48;2;41;41;90m▀[38;2;65;123;189;48;2;65;123;189m▀▀[38;2;49;74;156;48;2;49;74;156m▀[38;2;65;123;189;48;2;65;123;189m▀▀▀[38;2;41;41;90;48;2;41;41;90m▀[38;2;49;74;156;48;2;65;123;189m▀[38;2;65;123;189m▀▀▀▀[38;2;49;74;156;48;2;49;74;156m▀[48;2;123;57;57m▀[38;2;16;16;16m▀[48;2;255;255;255m▀[38;2;41;41;90;48;2;16;16;16m▀[38;2;49;74;156;48;2;49;74;156m▀[48;2;16;16;16m▀[48;2;49;74;156m▀▀▀▀▀▀[38;2;16;16;16m▀[38;2;205;148;41;48;2;16;16;16m▀[48;2;205;148;41m▀[38;2;16;16;16;48;2;16;16;16m▀[0m
[0m [38;2;98;74;57m▄▄▄▄[48;2;205;148;41m▀[48;2;238;189;41m▀[49m▄[38;2;41;41;90;48;2;98;74;57m▀[38;2;49;74;156;48;2;41;41;90m▀[38;2;65;123;189;48;2;164;189;213m▀[48;2;65;123;189m▀▀▀▀▀▀▀[48;2;164;189;213m▀[48;2;49;74;156m▀[38;2;49;74;156;48;2;41;41;90m▀[38;2;123;57;57;48;2;246;65;74m▀[38;2;16;16;16;48;2;16;16;16m▀[38;2;246;65;74;48;2;246;65;74m▀[38;2;255;255;255;48;2;164;189;213m▀[38;2;16;16;16;48;2;16;16;16m▀[38;2;41;41;90;48;2;41;41;90m▀[38;2;255;131;131;48;2;255;131;131m▀[38;2;16;16;16;48;2;123;57;57m▀[38;2;49;74;156;48;2;16;16;16m▀[48;2;49;74;156m▀▀▀[48;2;98;74;57m▀▀[38;2;16;16;16m▀[38;2;98;74;57m▀[49m▄[48;2;205;148;41m▀▀[48;2;238;189;41m▀[49m▄▄▄[48;2;238;189;41m▀▀▀[48;2;16;16;16m▀[0m
[38;2;16;16;16;49m▀[38;2;205;148;41;48;2;16;16;16m▀▀[38;2;238;189;41m▀[48;2;205;148;41m▀▀[48;2;238;189;41m▀▀[48;2;16;16;16m▀[38;2;41;41;90;48;2;164;189;213m▀[38;2;255;255;255;48;2;255;255;255m▀[38;2;49;74;156;48;2;123;57;57m▀[38;2;123;57;57;48;2;255;131;131m▀[38;2;65;123;189;48;2;123;57;57m▀[38;2;123;57;57;48;2;255;131;131m▀[38;2;65;123;189;48;2;123;57;57m▀[48;2;49;74;156m▀[38;2;49;74;156;48;2;164;189;213m▀[38;2;255;255;255;48;2;255;255;255m▀[38;2;41;41;90;48;2;164;189;213m▀[38;2;16;16;16;48;2;16;16;16m▀[38;2;164;189;213;48;2;255;131;131m▀[38;2;246;65;74;48;2;16;16;16m▀[38;2;164;189;213m▀[38;2;123;57;57;48;2;123;57;57m▀[38;2;246;65;74;48;2;246;65;74m▀[38;2;16;16;16;48;2;16;16;16m▀[38;2;189;57;65;48;2;189;57;65m▀[38;2;255;131;131m▀[38;2;16;16;16m▀[38;2;49;74;156;48;2;16;16;16m▀[38;2;98;74;57;48;2;205;148;41m▀▀[38;2;205;148;41m▀▀▀[48;2;238;189;41m▀▀[38;2;238;189;41m▀▀▀[48;2;205;148;41m▀[48;2;16;16;16m▀▀▀[38;2;16;16;16;49m▀▀[0m
[0m    [38;2;16;16;16m▀▀▀▀[48;2;16;16;16m▀[38;2;164;189;213;48;2;189;57;65m▀[48;2;164;189;213m▀[38;2;123;57;57;48;2;189;57;65m▀[38;2;246;65;74;48;2;246;65;74m▀[38;2;189;57;65;48;2;189;57;65m▀[38;2;246;65;74;48;2;246;65;74m▀▀[38;2;123;57;57;48;2;189;57;65m▀[38;2;164;189;213;48;2;123;57;57m▀[48;2;164;189;213m▀[48;2;123;57;57m▀[38;2;123;57;57;48;2;246;65;74m▀[38;2;255;131;131m▀[38;2;189;57;65;48;2;189;57;65m▀[38;2;16;16;16;48;2;123;57;57m▀[38;2;246;65;74;48;2;246;65;74m▀[38;2;189;57;65;48;2;189;57;65m▀[38;2;123;57;57m▀[38;2;189;57;65m▀▀▀[38;2;123;57;57;48;2;123;57;57m▀[48;2;189;57;65m▀[38;2;16;16;16m▀▀[48;2;16;16;16m▀[48;2;238;189;41m▀[48;2;16;16;16m▀[49m▀▀▀▀▀[0m
[0m         [38;2;123;57;57;48;2;16;16;16m▀[38;2;189;57;65;48;2;246;65;74m▀[38;2;246;65;74m▀▀[48;2;238;189;41m▀[48;2;246;65;74m▀▀▀[38;2;189;57;65m▀▀[38;2;246;65;74m▀▀[48;2;189;57;65m▀[38;2;189;57;65;48;2;246;65;74m▀▀[48;2;189;57;65m▀▀▀▀▀▀▀▀▀[38;2;123;57;57;48;2;16;16;16m▀[38;2;16;16;16;48;2;205;148;41m▀[38;2;205;148;41m▀[38;2;238;189;41m▀[38;2;16;16;16;48;2;16;16;16m▀[0m
[0m          [38;2;16;16;16;48;2;16;16;16m▀[38;2;246;65;74;48;2;246;65;74m▀[48;2;205;148;41m▀[38;2;238;189;41;48;2;238;189;41m▀[38;2;246;65;74m▀[48;2;246;65;74m▀▀[48;2;205;148;41m▀[48;2;238;189;41m▀▀[48;2;246;65;74m▀▀▀▀▀[38;2;189;57;65;48;2;189;57;65m▀▀▀▀▀▀▀[38;2;123;57;57;48;2;16;16;16m▀[38;2;16;16;16;48;2;205;148;41m▀[38;2;205;148;41m▀[48;2;16;16;16m▀[38;2;16;16;16;49m▀[0m
[0m           [38;2;16;16;16m▀[38;2;238;189;41;48;2;16;16;16m▀[48;2;238;189;41m▀▀▀▀[48;2;205;148;41m▀[48;2;246;65;74m▀[38;2;246;65;74m▀▀▀▀▀[38;2;189;57;65;48;2;189;57;65m▀▀▀▀▀▀[48;2;16;16;16m▀[38;2;16;16;16m▀[38;2;189;57;65;48;2;189;57;65m▀[38;2;205;148;41;48;2;123;57;57m▀[48;2;205;148;41m▀[38;2;16;16;16m▀[49m▄[0m
[0m             [38;2;16;16;16m▀[38;2;205;148;41;48;2;16;16;16m▀[38;2;238;189;41m▀[48;2;205;148;41m▀▀[38;2;246;65;74m▀▀[48;2;189;57;65m▀▀▀[38;2;189;57;65m▀▀▀▀[48;2;16;16;16m▀[38;2;123;57;57m▀[38;2;16;16;16;49m▀[0m [38;2;16;16;16m▀[38;2;189;57;65;48;2;16;16;16m▀[38;2;123;57;57;48;2;189;57;65m▀[38;2;205;148;41;48;2;123;57;57m▀[48;2;205;148;41m▀[38;2;98;74;57m▀[38;2;123;57;57;49m▄[0m
[0m                [38;2;16;16;16m▀[38;2;98;74;57;48;2;16;16;16m▀[48;2;205;148;41m▀[38;2;189;57;65;48;2;98;74;57m▀[48;2;16;16;16m▀▀▀▀[38;2;123;57;57m▀[38;2;16;16;16;49m▀▀[0m      [38;2;16;16;16m▀[38;2;189;57;65;48;2;16;16;16m▀▀[38;2;123;57;57;48;2;189;57;65m▀[38;2;205;148;41m▀[38;2;123;57;57m▀[38;2;16;16;16;49m▄[0m
[0m                 [38;2;16;16;16;48;2;16;16;16m▀[38;2;238;189;41;48;2;238;189;41m▀[38;2;205;148;41;48;2;205;148;41m▀▀▀▀▀[38;2;16;16;16;48;2;98;74;57m▀[0m           [38;2;16;16;16m▀▀▀[0m
[0m                  [38;2;16;16;16;48;2;16;16;16m▀[38;2;238;189;41;48;2;238;189;41m▀[38;2;205;148;41;48;2;205;148;41m▀▀▀▀▀[38;2;98;74;57;48;2;16;16;16m▀[0m
[0m                  [38;2;16;16;16m▀[38;2;238;189;41;48;2;98;74;57m▀[38;2;205;148;41;48;2;238;189;41m▀[48;2;205;148;41m▀▀[38;2;238;189;41;48;2;98;74;57m▀[38;2;205;148;41;48;2;238;189;41m▀[38;2;16;16;16;48;2;16;16;16m▀[0m
[0m                   [38;2;98;74;57m▀[38;2;238;189;41;48;2;98;74;57m▀[38;2;205;148;41;48;2;238;189;41m▀[48;2;205;148;41m▀[38;2;98;74;57;48;2;98;74;57m▀[38;2;16;16;16;49m▀▀[0m
[0m                    [38;2;98;74;57m▀[38;2;238;189;41;48;2;98;74;57m▀[38;2;205;148;41;48;2;238;189;41m▀[38;2;16;16;16;48;2;16;16;16m▀[0m
[0m                      [38;2;98;74;57m▀[0m
