[0m                         [38;2;49;74;115m▄▄▄▄[48;2;98;156;205m▀▀▀▀▀[48;2;74;131;180m▀▀▀▀▀▀[49m▄▄▄▄[0m
[0m                     [38;2;49;74;115m▄▄[48;2;74;131;180m▀▀[38;2;74;131;180m▀[48;2;98;156;205m▀[38;2;98;156;205m▀▀▀▀▀▀▀▀▀[38;2;74;131;180m▀[48;2;74;131;180m▀▀▀▀▀[38;2;49;90;148m▀[48;2;49;90;148m▀[38;2;49;74;115m▀▀[38;2;32;49;74;49m▄▄[0m
[0m                   [38;2;49;74;115m▄[48;2;74;131;180m▀[38;2;74;131;180m▀▀▀▀▀[38;2;98;156;205m▀[48;2;98;156;205m▀▀▀▀▀▀▀▀▀[48;2;74;131;180m▀[38;2;74;131;180m▀▀▀▀▀▀▀[38;2;49;90;148;48;2;49;90;148m▀▀▀▀[38;2;32;49;74m▀▀[49m▄[0m
[0m                 [38;2;49;74;115m▄[48;2;74;131;180m▀[38;2;74;131;180m▀▀▀▀▀▀▀▀▀▀[38;2;98;156;205m▀▀▀▀▀[38;2;74;131;180m▀▀▀▀▀▀▀▀▀▀▀[38;2;49;90;148;48;2;49;90;148m▀▀▀▀▀▀[38;2;32;49;74m▀[38;2;0;0;0;49m▄[0m
[0m                [38;2;32;49;74m▄[38;2;49;74;115;48;2;74;131;180m▀[38;2;74;131;180m▀▀▀[38;2;0;0;0m▀[38;2;74;131;180m▀▀▀▀▀▀▀▀▀▀▀▀▀▀▀▀▀▀▀▀▀▀▀[38;2;49;90;148;48;2;49;90;148m▀▀▀▀▀▀▀▀[38;2;0;0;0m▀[49m▄[0m
[0m             [38;2;49;74;115m▄▄[48;2;74;131;180m▀[38;2;32;49;74;48;2;32;49;74m▀[38;2;49;90;148;48;2;49;90;148m▀[38;2;74;131;180m▀[48;2;74;131;180m▀▀▀▀▀▀▀▀▀▀▀▀▀▀▀▀[48;2;0;0;0m▀[48;2;74;131;180m▀▀▀▀▀▀▀▀[38;2;49;90;148;48;2;49;90;148m▀▀▀▀▀▀▀▀▀▀▀[38;2;0;0;0;48;2;0;0;0m▀[0m
[0m      [38;2;49;74;115m▄▄▄▄▄[48;2;98;156;205m▀▀[38;2;98;156;205;48;2;74;131;180m▀[38;2;74;131;180;48;2;49;90;148m▀[38;2;49;90;148m▀▀[38;2;32;49;74;48;2;32;49;74m▀[48;2;180;189;197m▀[38;2;49;90;148;48;2;32;49;74m▀[38;2;74;131;180;48;2;49;90;148m▀▀[48;2;74;131;180m▀▀▀▀▀▀▀▀▀▀▀▀▀▀▀▀▀▀▀[48;2;49;90;148m▀▀[38;2;49;90;148m▀▀▀▀▀▀▀▀▀▀▀▀▀[38;2;0;0;0;48;2;0;0;0m▀[0m
[0m [38;2;0;0;0m▄[38;2;49;74;115;48;2;98;156;205m▀▀▀▀[38;2;98;156;205m▀[48;2;74;131;180m▀[48;2;49;90;148m▀▀▀[38;2;74;131;180m▀[38;2;49;90;148m▀▀▀[38;2;49;74;115;48;2;0;0;0m▀[38;2;0;0;0;48;2;238;213;164m▀[38;2;32;49;74;48;2;106;98;74m▀[38;2;180;189;197;48;2;180;189;197m▀[48;2;255;255;255m▀[38;2;32;49;74;48;2;180;189;197m▀[38;2;49;90;148;48;2;32;49;74m▀▀[48;2;49;90;148m▀▀[38;2;74;131;180m▀▀▀[48;2;74;131;180m▀▀▀▀▀▀▀[48;2;49;90;148m▀▀▀▀[38;2;49;90;148m▀▀▀▀▀▀▀▀▀▀▀▀▀▀▀▀▀▀[38;2;0;0;0;48;2;0;0;0m▀[0m
[38;2;0;0;0;49m▄[48;2;98;156;205m▀[38;2;98;156;205m▀[48;2;74;131;180m▀[38;2;74;131;180;48;2;49;90;148m▀[38;2;49;90;148m▀▀▀▀▀▀▀▀▀[38;2;0;0;0;48;2;0;0;0m▀[38;2;255;238;205;48;2;255;238;205m▀[38;2;238;213;164m▀[38;2;106;98;74;48;2;238;213;164m▀[38;2;180;189;197;48;2;106;98;74m▀[38;2;255;255;255;48;2;255;255;255m▀[38;2;180;189;197;48;2;180;189;197m▀[38;2;255;255;255;48;2;255;255;255m▀[38;2;131;139;156;48;2;180;189;197m▀[38;2;32;49;74;48;2;255;255;255m▀[48;2;131;139;156m▀[48;2;180;189;197m▀[38;2;49;90;148;48;2;32;49;74m▀▀▀▀▀[48;2;49;74;115m▀▀[48;2;49;90;148m▀▀▀[48;2;49;74;115m▀[48;2;32;49;74m▀▀[48;2;49;74;115m▀[48;2;49;90;148m▀▀▀▀▀▀▀▀▀▀▀▀▀▀▀▀▀▀[38;2;0;0;0;48;2;0;0;0m▀[0m
[38;2;0;0;0;48;2;0;0;0m▀[38;2;98;156;205;48;2;74;131;180m▀[38;2;74;131;180;48;2;49;90;148m▀[38;2;49;90;148m▀▀▀▀▀▀▀▀▀▀[48;2;0;0;0m▀[38;2;0;0;0;48;2;238;213;164m▀[38;2;255;238;205;48;2;255;238;205m▀[48;2;205;180;131m▀[38;2;205;180;131;48;2;255;238;205m▀[38;2;106;98;74;48;2;238;213;164m▀[38;2;180;189;197;48;2;106;98;74m▀[38;2;255;255;255;48;2;255;255;255m▀[38;2;180;189;197;48;2;180;189;197m▀[38;2;255;255;255;48;2;255;255;255m▀[38;2;180;189;197;48;2;180;189;197m▀[48;2;255;255;255m▀[38;2;255;255;255m▀[38;2;180;189;197;48;2;180;189;197m▀[38;2;255;255;255;48;2;255;255;255m▀[38;2;131;139;156;48;2;180;189;197m▀[38;2;180;189;197;48;2;255;255;255m▀[38;2;131;139;156;48;2;180;189;197m▀[38;2;180;189;197;48;2;255;255;255m▀[38;2;32;49;74;48;2;180;189;197m▀[48;2;255;255;255m▀[48;2;180;189;197m▀[48;2;255;255;255m▀[38;2;49;74;115;48;2;180;189;197m▀[38;2;180;189;197;48;2;255;255;255m▀[48;2;32;49;74m▀[38;2;32;49;74;48;2;106;98;74m▀[48;2;32;49;74m▀[38;2;49;90;148m▀[48;2;49;90;148m▀▀[48;2;49;74;115m▀[48;2;49;90;148m▀▀▀▀▀▀▀▀▀▀▀▀▀▀[38;2;0;0;0;48;2;0;0;0m▀[0m
[38;2;0;0;0;49m▀[38;2;49;90;148;48;2;0;0;0m▀[48;2;32;49;74m▀▀▀▀▀[38;2;49;74;115;48;2;49;74;115m▀[38;2;32;49;74;48;2;49;90;148m▀▀[38;2;49;74;115m▀[38;2;49;90;148m▀[38;2;0;0;0;48;2;0;0;0m▀[38;2;205;180;131;48;2;238;213;164m▀[38;2;238;213;164m▀[48;2;205;180;131m▀[38;2;205;180;131;48;2;238;213;164m▀[38;2;255;238;205;48;2;255;238;205m▀▀[38;2;238;213;164m▀[38;2;106;98;74;48;2;238;213;164m▀[38;2;180;189;197;48;2;106;98;74m▀[38;2;255;255;255m▀[38;2;180;189;197;48;2;180;189;197m▀[38;2;255;255;255;48;2;255;255;255m▀[38;2;180;189;197;48;2;180;189;197m▀[38;2;255;255;255;48;2;255;255;255m▀[48;2;180;189;197m▀[38;2;180;189;197;48;2;255;255;255m▀[38;2;255;255;255;48;2;180;189;197m▀[38;2;180;189;197;48;2;255;255;255m▀[38;2;255;255;255;48;2;180;189;197m▀[38;2;180;189;197;48;2;255;255;255m▀[38;2;255;255;255;48;2;180;189;197m▀[38;2;180;189;197;48;2;255;255;255m▀[38;2;255;255;255;48;2;32;49;74m▀[38;2;180;189;197m▀[38;2;32;49;74;48;2;238;213;164m▀[38;2;238;213;164m▀▀▀▀[38;2;32;49;74m▀[38;2;49;90;148;48;2;32;49;74m▀[38;2;0;0;0;48;2;0;0;0m▀[38;2;74;131;180;48;2;49;90;148m▀[48;2;74;131;180m▀[38;2;49;90;148m▀▀▀[48;2;49;90;148m▀▀▀▀▀▀[48;2;74;131;180m▀▀[38;2;32;49;74m▀[38;2;0;0;0;48;2;32;49;74m▀[38;2;32;49;74;49m▄[0m
[0m [38;2;0;0;0m▀[38;2;49;90;148;48;2;0;0;0m▀[48;2;49;90;148m▀▀▀▀[48;2;49;74;115m▀[48;2;32;49;74m▀▀[38;2;32;49;74;48;2;49;90;148m▀[48;2;0;0;0m▀[38;2;205;180;131;48;2;238;213;164m▀[38;2;238;213;164m▀[48;2;156;139;98m▀[38;2;156;139;98;48;2;238;213;164m▀[38;2;238;213;164m▀▀[38;2;255;238;205m▀[48;2;255;238;205m▀▀[48;2;205;180;131m▀[38;2;205;180;131;48;2;255;238;205m▀[38;2;106;98;74m▀▀[48;2;205;180;131m▀[38;2;255;255;255;48;2;106;98;74m▀[38;2;180;189;197m▀[38;2;255;255;255m▀[38;2;180;189;197m▀[38;2;255;255;255m▀[38;2;180;189;197m▀[38;2;32;49;74;48;2;238;213;164m▀▀[48;2;156;139;98m▀[38;2;238;213;164;48;2;238;213;164m▀▀▀▀▀▀▀▀▀[38;2;0;0;0m▀[38;2;49;74;115;48;2;0;0;0m▀[38;2;74;131;180;48;2;74;131;180m▀▀▀▀▀▀▀▀▀▀▀▀▀▀▀[38;2;32;49;74m▀▀[49m▄▄[0m
[0m   [38;2;0;0;0m▀▀[38;2;32;49;74;48;2;0;0;0m▀▀[38;2;49;74;115m▀[38;2;49;90;148;48;2;32;49;74m▀[48;2;49;74;115m▀▀[38;2;0;0;0;48;2;0;0;0m▀[38;2;238;213;164;48;2;238;213;164m▀▀[38;2;156;139;98;48;2;156;139;98m▀[38;2;238;213;164;48;2;238;213;164m▀▀▀▀▀[48;2;205;180;131m▀[38;2;156;139;98;48;2;156;139;98m▀[38;2;255;238;205;48;2;238;213;164m▀[48;2;255;238;205m▀▀▀▀[48;2;238;213;164m▀▀[38;2;238;213;164m▀▀▀▀[38;2;156;139;98;48;2;156;139;98m▀[38;2;238;213;164;48;2;238;213;164m▀▀▀▀▀▀▀▀▀▀▀[38;2;0;0;0;48;2;0;0;0m▀[38;2;74;131;180;48;2;49;74;115m▀[48;2;98;156;205m▀[48;2;74;131;180m▀▀▀▀▀▀▀▀▀▀▀▀▀▀▀▀[38;2;98;156;205m▀[38;2;32;49;74;48;2;98;156;205m▀▀[49m▄[0m
[0m        [38;2;0;0;0m▀▀▀[48;2;0;0;0m▀[38;2;238;213;164;48;2;205;180;131m▀[38;2;106;98;74;48;2;106;98;74m▀[38;2;238;213;164;48;2;238;213;164m▀▀▀▀▀▀[38;2;156;139;98;48;2;156;139;98m▀[38;2;238;213;164;48;2;238;213;164m▀▀▀▀▀▀▀▀▀▀▀▀[38;2;156;139;98;48;2;156;139;98m▀[38;2;238;213;164;48;2;238;213;164m▀▀▀▀▀▀▀▀▀▀▀▀[38;2;0;0;0;48;2;0;0;0m▀[38;2;98;156;205;48;2;49;74;115m▀[38;2;74;131;180;48;2;98;156;205m▀[48;2;74;131;180m▀▀▀▀▀▀▀▀▀▀▀▀▀▀▀▀▀[38;2;98;156;205;48;2;98;156;205m▀▀[38;2;32;49;74m▀[49m▄[0m
[0m           [38;2;0;0;0;48;2;0;0;0m▀[38;2;205;180;131;48;2;205;180;131m▀[38;2;106;98;74;48;2;106;98;74m▀[38;2;238;213;164;48;2;238;213;164m▀▀▀▀▀▀[38;2;156;139;98;48;2;106;98;74m▀[38;2;238;213;164;48;2;238;213;164m▀▀▀▀▀▀▀▀▀▀▀▀[38;2;156;139;98;48;2;156;139;98m▀[38;2;238;213;164;48;2;238;213;164m▀▀▀▀▀▀▀▀▀▀▀[48;2;205;180;131m▀[38;2;205;180;131;48;2;238;213;164m▀[38;2;0;0;0;48;2;0;0;0m▀[38;2;98;156;205;48;2;98;156;205m▀[38;2;74;131;180m▀[48;2;74;131;180m▀▀[38;2;49;74;115;48;2;49;74;115m▀[38;2;74;131;180;48;2;74;131;180m▀▀▀▀▀▀▀▀▀▀▀[38;2;49;74;115m▀[38;2;74;131;180;48;2;32;49;74m▀[38;2;98;156;205;48;2;98;156;205m▀▀▀▀[38;2;32;49;74m▀[49m▄[0m
[0m           [38;2;106;98;74m▀[38;2;0;0;0;48;2;0;0;0m▀[38;2;106;98;74;48;2;205;180;131m▀[38;2;205;180;131m▀[38;2;238;213;164;48;2;238;213;164m▀▀▀▀▀[38;2;106;98;74;48;2;106;98;74m▀[38;2;238;213;164;48;2;238;213;164m▀▀▀▀▀▀▀▀▀▀▀▀▀[38;2;106;98;74;48;2;106;98;74m▀[38;2;238;213;164;48;2;238;213;164m▀▀▀▀▀▀▀▀▀[38;2;205;180;131m▀[38;2;238;213;164;48;2;205;180;131m▀[38;2;205;180;131;48;2;238;213;164m▀[38;2;0;0;0;48;2;0;0;0m▀[38;2;98;156;205;48;2;49;74;115m▀[48;2;98;156;205m▀▀[38;2;74;131;180m▀▀[38;2;32;49;74;48;2;32;49;74m▀[38;2;74;131;180;48;2;98;156;205m▀[48;2;74;131;180m▀▀▀▀▀[48;2;32;49;74m▀[48;2;74;131;180m▀[48;2;98;156;205m▀▀[38;2;98;156;205m▀▀[38;2;32;49;74;48;2;49;74;115m▀[38;2;98;156;205m▀[48;2;98;156;205m▀▀[38;2;74;131;180;48;2;49;90;148m▀[38;2;32;49;74;48;2;32;49;74m▀[0m
[0m            [38;2;0;0;0m▀[38;2;205;180;131;48;2;0;0;0m▀[48;2;205;180;131m▀▀[38;2;238;213;164m▀[48;2;238;213;164m▀▀▀[38;2;106;98;74;48;2;106;98;74m▀[38;2;238;213;164;48;2;238;213;164m▀▀▀▀▀▀▀▀▀▀▀▀▀[38;2;106;98;74m▀[38;2;238;213;164;48;2;106;98;74m▀[48;2;238;213;164m▀▀▀▀▀▀▀[48;2;205;180;131m▀[38;2;205;180;131;48;2;238;213;164m▀[38;2;238;213;164;48;2;205;180;131m▀[38;2;205;180;131;48;2;238;213;164m▀[48;2;205;180;131m▀[38;2;0;0;0;48;2;0;0;0m▀[38;2;98;156;205;48;2;74;131;180m▀[48;2;98;156;205m▀▀▀[38;2;49;74;115m▀[38;2;98;156;205;48;2;32;49;74m▀[48;2;98;156;205m▀▀▀▀▀[38;2;32;49;74;48;2;49;74;115m▀[38;2;98;156;205m▀[48;2;98;156;205m▀▀▀▀▀[38;2;32;49;74m▀[38;2;98;156;205;48;2;32;49;74m▀[38;2;74;131;180;48;2;49;90;148m▀[38;2;49;90;148m▀[38;2;0;0;0;48;2;0;0;0m▀[0m
[0m             [38;2;0;0;0m▀[38;2;205;180;131;48;2;0;0;0m▀[48;2;205;180;131m▀▀▀[38;2;238;213;164m▀▀[38;2;106;98;74;48;2;238;213;164m▀[38;2;238;213;164;48;2;106;98;74m▀[48;2;238;213;164m▀▀▀▀▀▀▀▀▀▀▀▀▀[38;2;106;98;74m▀[38;2;238;213;164;48;2;106;98;74m▀[48;2;238;213;164m▀▀▀[48;2;205;180;131m▀▀[38;2;205;180;131m▀▀▀[38;2;238;213;164m▀[38;2;205;180;131m▀▀▀[38;2;49;74;115;48;2;0;0;0m▀[38;2;74;131;180;48;2;49;90;148m▀[38;2;98;156;205m▀[48;2;74;131;180m▀[48;2;98;156;205m▀[38;2;32;49;74;48;2;32;49;74m▀[38;2;98;156;205;48;2;98;156;205m▀▀▀▀▀▀[38;2;0;0;0;48;2;0;0;0m▀[38;2;98;156;205;48;2;98;156;205m▀▀▀▀▀▀[38;2;32;49;74;48;2;74;131;180m▀[38;2;49;90;148;48;2;32;49;74m▀[38;2;0;0;0;48;2;0;0;0m▀[0m
[0m              [38;2;106;98;74m▀[48;2;0;0;0m▀[38;2;205;180;131;48;2;205;180;131m▀▀▀▀▀[38;2;106;98;74;48;2;106;98;74m▀[38;2;238;213;164;48;2;205;180;131m▀▀▀[48;2;238;213;164m▀▀▀▀▀▀▀▀[48;2;205;180;131m▀▀▀[38;2;106;98;74m▀[38;2;205;180;131;48;2;106;98;74m▀[48;2;205;180;131m▀▀▀▀▀▀▀▀▀▀▀▀[38;2;0;0;0m▀▀[38;2;49;90;148;48;2;0;0;0m▀▀[38;2;32;49;74m▀[38;2;74;131;180;48;2;49;90;148m▀[38;2;98;156;205m▀[48;2;74;131;180m▀[48;2;98;156;205m▀▀▀[48;2;74;131;180m▀[38;2;0;0;0;48;2;0;0;0m▀[38;2;98;156;205;48;2;98;156;205m▀▀[48;2;74;131;180m▀[48;2;49;90;148m▀[38;2;74;131;180m▀[38;2;49;90;148;48;2;32;49;74m▀[38;2;0;0;0;48;2;0;0;0m▀[0m
[0m                [38;2;0;0;0m▀[38;2;205;180;131;48;2;0;0;0m▀[48;2;205;180;131m▀▀▀▀[38;2;106;98;74;48;2;106;98;74m▀[38;2;205;180;131;48;2;205;180;131m▀▀▀▀▀▀▀▀▀▀▀▀▀▀[38;2;106;98;74m▀[38;2;205;180;131;48;2;106;98;74m▀[48;2;205;180;131m▀▀▀▀▀▀▀▀▀▀▀▀▀▀▀[38;2;106;98;74;48;2;0;0;0m▀[38;2;0;0;0;49m▀▀[38;2;49;90;148;48;2;0;0;0m▀▀▀▀▀[38;2;0;0;0;49m▀[38;2;49;90;148;48;2;0;0;0m▀▀▀▀[38;2;0;0;0;49m▀[38;2;32;49;74m▀[0m
[0m                  [38;2;0;0;0m▀[38;2;205;180;131;48;2;0;0;0m▀▀[48;2;205;180;131m▀▀[38;2;106;98;74;48;2;106;98;74m▀[38;2;205;180;131;48;2;205;180;131m▀▀▀▀▀▀▀▀▀▀▀▀▀▀▀[38;2;106;98;74m▀[38;2;205;180;131;48;2;106;98;74m▀▀[48;2;205;180;131m▀▀▀▀▀▀▀▀▀▀[48;2;0;0;0m▀[38;2;0;0;0;49m▀[0m
[0m                     [38;2;0;0;0m▀▀[38;2;205;180;131;48;2;0;0;0m▀[38;2;106;98;74m▀[38;2;205;180;131;48;2;106;98;74m▀[48;2;205;180;131m▀▀▀▀▀▀▀▀▀▀▀▀▀▀▀▀[38;2;106;98;74m▀▀[38;2;205;180;131;48;2;106;98;74m▀▀▀[48;2;205;180;131m▀[48;2;0;0;0m▀▀[38;2;0;0;0;49m▀▀[0m
[0m                         [38;2;0;0;0m▀▀[38;2;106;98;74;48;2;106;98;74m▀[38;2;205;180;131;48;2;0;0;0m▀▀▀[48;2;205;180;131m▀▀▀▀▀▀▀▀▀▀[48;2;0;0;0m▀▀▀▀[38;2;0;0;0;49m▀▀▀[0m
[0m                               [38;2;0;0;0m▀▀▀▀▀▀▀▀▀▀[0m
