[0m                                                            [38;2;41;57;156m▄▄▄[0m               [38;2;41;57;156m▄▄[38;2;16;82;205m▄[38;2;41;57;156;48;2;16;82;205m▀▀▀[48;2;53;59;88m▀[0m
[0m                                                            [38;2;41;57;156m▀[38;2;16;82;205;48;2;41;57;156m▀[48;2;16;82;205m▀[38;2;41;57;156m▀▀▀▀[49m▄▄▄▄▄▄▄[38;2;16;82;205m▄[38;2;41;57;156;48;2;16;82;205m▀▀[38;2;16;82;205m▀▀▀[48;2;41;57;156m▀[48;2;53;59;88m▀[38;2;53;59;88;49m▀▀[0m
[0m                                                              [38;2;41;57;156m▀[38;2;16;82;205;48;2;41;57;156m▀▀[48;2;16;82;205m▀▀▀▀▀▀▀▀▀▀[48;2;41;57;156m▀[48;2;53;59;88m▀▀[38;2;41;57;156;49m▀[38;2;53;59;88m▀[0m
[0m                                                                 [38;2;53;59;88m▀[38;2;16;82;205;48;2;53;59;88m▀▀[48;2;16;82;205m▀[48;2;53;59;88m▀▀▀[38;2;41;57;156m▀[38;2;53;59;88;49m▀▀[0m
[0m                                                                  [38;2;41;57;156;48;2;41;57;156m▀[38;2;16;82;205;48;2;16;82;205m▀▀▀▀[38;2;53;59;88;48;2;53;59;88m▀[0m
[0m                                                                 [38;2;53;59;88m▄[38;2;41;57;156;48;2;16;82;205m▀[38;2;16;82;205m▀▀▀▀[38;2;53;59;88;48;2;53;59;88m▀[0m
[0m                                                              [38;2;53;59;88m▄[38;2;41;57;156m▄[38;2;53;59;88;48;2;16;82;205m▀[38;2;16;82;205m▀▀▀▀▀[38;2;41;57;156;48;2;53;59;88m▀[0m
[0m                                             [38;2;53;59;88m▄▄▄▄▄[38;2;41;57;156m▄[48;2;90;131;238m▀[38;2;53;59;88;48;2;180;172;180m▀[48;2;213;205;222m▀▀[48;2;180;172;180m▀[48;2;16;82;205m▀▀[48;2;180;172;180m▀[48;2;213;205;222m▀[48;2;131;115;131m▀[48;2;16;82;205m▀[38;2;16;82;205;48;2;213;205;222m▀▀[48;2;131;115;131m▀[38;2;41;57;156;48;2;16;82;205m▀▀▀▀[38;2;53;59;88m▀[48;2;41;57;156m▀[38;2;41;57;156;49m▄▄[0m
[0m                 [38;2;90;131;238m▄[38;2;16;82;205m▄▄[38;2;41;57;156m▄▄[38;2;16;82;205;48;2;32;115;222m▀[38;2;41;57;156m▀▀▀▀[38;2;16;82;205m▀▀▀▀▀[38;2;41;57;156m▀[48;2;16;82;205m▀▀▀▀▀▀▀[48;2;180;172;180m▀[38;2;131;115;131;48;2;213;205;222m▀▀▀▀[38;2;90;131;238m▀▀[38;2;16;82;205m▀[48;2;180;172;180m▀[48;2;90;131;238m▀[48;2;16;82;205m▀[38;2;180;172;180m▀[38;2;213;205;222;48;2;180;172;180m▀[48;2;213;205;222m▀▀[48;2;180;172;180m▀[38;2;180;172;180;48;2;90;131;238m▀[38;2;16;82;205;48;2;16;82;205m▀[38;2;90;131;238m▀[38;2;213;205;222m▀[38;2;180;172;180m▀[38;2;16;82;205m▀[38;2;131;115;131m▀▀[38;2;16;82;205m▀▀▀▀▀▀▀▀▀[38;2;41;57;156m▀[49m▄[0m
[0m            [38;2;90;131;238m▄[38;2;16;82;205m▄[38;2;90;131;238m▄[48;2;148;172;255m▀[38;2;16;82;205m▀[38;2;148;172;255m▀▀▀[38;2;90;131;238m▀[48;2;90;131;238m▀[38;2;32;115;222m▀[48;2;32;115;222m▀▀▀▀▀▀▀▀▀▀▀▀▀▀▀[38;2;16;82;205m▀▀▀[38;2;180;172;180;48;2;16;82;205m▀[38;2;213;205;222m▀[48;2;180;172;180m▀▀[48;2;213;205;222m▀▀▀▀▀[38;2;180;172;180;48;2;180;172;180m▀[38;2;16;82;205;48;2;16;82;205m▀▀▀[38;2;90;131;238m▀▀[38;2;16;82;205m▀▀▀▀▀▀▀▀▀▀▀▀▀▀▀▀▀▀▀[38;2;41;57;156;48;2;41;57;156m▀[0m
[0m         [38;2;16;82;205m▄[38;2;90;131;238;48;2;148;172;255m▀[38;2;16;82;205m▀[38;2;148;172;255m▀▀▀▀▀▀▀▀▀[38;2;90;131;238;48;2;90;131;238m▀▀[38;2;32;115;222;48;2;32;115;222m▀▀▀▀▀▀▀▀▀▀▀▀▀▀▀▀▀▀▀▀[38;2;16;82;205m▀▀[38;2;90;131;238;48;2;16;82;205m▀[38;2;180;172;180m▀▀▀▀[38;2;16;82;205m▀▀▀▀▀▀▀▀▀▀▀▀▀▀▀▀▀▀▀▀▀▀▀▀[48;2;41;57;156m▀[38;2;41;57;156;48;2;180;172;180m▀[38;2;53;59;88;48;2;53;59;88m▀[0m
[0m       [38;2;16;82;205m▄[48;2;148;172;255m▀[38;2;148;172;255m▀▀▀▀▀▀▀▀▀▀[48;2;90;131;238m▀[38;2;90;131;238m▀▀[48;2;32;115;222m▀[38;2;32;115;222m▀▀▀▀▀▀▀▀▀▀▀▀▀▀▀▀▀▀▀▀▀▀▀[38;2;16;82;205m▀[48;2;16;82;205m▀▀▀▀▀▀▀▀▀▀▀▀▀▀▀▀▀▀▀▀▀▀▀▀▀▀[48;2;41;57;156m▀[38;2;41;57;156;48;2;180;172;180m▀[38;2;180;172;180m▀[38;2;53;59;88;48;2;131;115;131m▀[49m▄[0m
[0m     [38;2;41;57;156m▄[48;2;32;115;222m▀[38;2;90;131;238;48;2;90;131;238m▀▀[38;2;148;172;255m▀[48;2;148;172;255m▀▀▀▀▀▀[48;2;90;131;238m▀▀[38;2;90;131;238m▀▀[48;2;32;115;222m▀[38;2;32;115;222m▀▀▀▀▀▀▀▀▀▀▀▀▀▀▀▀▀▀▀▀▀▀▀▀▀▀▀[38;2;16;82;205m▀[48;2;16;82;205m▀▀▀▀▀▀▀▀▀▀▀▀▀▀▀▀▀▀▀▀▀▀▀▀[38;2;41;57;156;48;2;41;57;156m▀[38;2;180;172;180;48;2;180;172;180m▀▀▀[38;2;53;59;88;48;2;53;59;88m▀[0m
[0m    [38;2;41;57;156m▄[48;2;32;115;222m▀[38;2;32;115;222m▀▀[38;2;90;131;238m▀▀[48;2;90;131;238m▀▀▀▀▀[48;2;32;115;222m▀▀▀[38;2;32;115;222m▀▀▀▀▀▀▀▀▀▀▀▀▀▀▀▀▀▀▀▀▀▀▀▀▀▀▀▀▀▀▀▀[38;2;16;82;205m▀[48;2;16;82;205m▀▀▀▀▀▀▀▀▀▀▀▀▀▀▀▀▀▀▀▀▀▀[38;2;41;57;156;48;2;41;57;156m▀[38;2;180;172;180;48;2;180;172;180m▀▀▀[38;2;131;115;131;48;2;131;115;131m▀[38;2;53;59;88;48;2;180;172;180m▀[49m▄▄[0m
[0m   [38;2;41;57;156m▄[48;2;32;115;222m▀[38;2;32;115;222m▀▀▀▀▀▀▀[48;2;131;115;131m▀▀[38;2;131;115;131;48;2;213;205;222m▀[48;2;238;230;255m▀▀▀▀▀▀▀▀▀[48;2;213;205;222m▀[38;2;32;115;222;48;2;131;115;131m▀▀▀▀▀[48;2;32;115;222m▀▀▀▀▀▀▀▀▀▀▀▀▀▀▀▀▀▀▀▀▀[38;2;16;82;205m▀[48;2;16;82;205m▀▀▀▀▀▀▀▀▀▀▀▀▀▀▀▀▀▀▀▀▀[38;2;41;57;156;48;2;41;57;156m▀[38;2;180;172;180;48;2;180;172;180m▀▀▀▀▀▀▀[38;2;53;59;88m▀▀▀[48;2;131;115;131m▀[38;2;16;16;16;49m▄[0m
[0m  [38;2;41;57;156m▄[48;2;32;115;222m▀[38;2;32;115;222m▀▀▀▀[48;2;131;115;131m▀▀[38;2;131;115;131;48;2;213;205;222m▀[48;2;238;230;255m▀[38;2;213;205;222m▀[38;2;238;230;255m▀[48;2;213;205;222m▀[48;2;238;230;255m▀▀▀▀▀▀▀[38;2;213;205;222;48;2;213;205;222m▀[38;2;238;230;255;48;2;238;230;255m▀▀▀▀▀▀[48;2;213;205;222m▀[38;2;131;115;131;48;2;238;230;255m▀▀▀[48;2;213;205;222m▀[38;2;32;115;222;48;2;131;115;131m▀▀[48;2;32;115;222m▀▀▀▀▀▀▀▀▀▀▀▀▀▀▀▀[38;2;16;82;205m▀[48;2;16;82;205m▀▀▀▀▀▀▀▀▀▀▀▀▀▀▀▀▀▀▀▀▀[38;2;41;57;156;48;2;41;57;156m▀[38;2;180;172;180;48;2;180;172;180m▀▀▀▀[48;2;131;115;131m▀▀[38;2;131;115;131;48;2;16;16;16m▀▀▀[38;2;16;16;16;49m▀[0m
[0m  [38;2;41;57;156;48;2;41;57;156m▀[38;2;32;115;222;48;2;32;115;222m▀▀▀[48;2;131;115;131m▀[38;2;131;115;131;48;2;238;230;255m▀[38;2;238;230;255m▀▀▀▀▀▀[38;2;213;205;222;48;2;213;205;222m▀[38;2;238;230;255;48;2;238;230;255m▀▀▀▀▀▀▀[38;2;213;205;222;48;2;213;205;222m▀[38;2;238;230;255;48;2;238;230;255m▀▀▀▀▀▀[38;2;213;205;222;48;2;213;205;222m▀[38;2;238;230;255;48;2;238;230;255m▀▀▀▀▀▀[38;2;131;115;131m▀▀[38;2;32;115;222;48;2;131;115;131m▀▀[48;2;32;115;222m▀▀▀▀▀▀▀▀▀▀▀▀▀[38;2;16;82;205;48;2;16;82;205m▀▀▀▀▀▀▀▀▀▀▀▀▀▀▀▀▀▀▀▀▀[38;2;41;57;156m▀[38;2;180;172;180;48;2;41;57;156m▀[48;2;180;172;180m▀[38;2;131;115;131;48;2;131;115;131m▀[48;2;16;16;16m▀[38;2;16;16;16;49m▀▀[0m
[0m [38;2;41;57;156;48;2;41;57;156m▀[38;2;32;115;222;48;2;32;115;222m▀▀[48;2;131;115;131m▀[38;2;131;115;131;48;2;238;230;255m▀[38;2;238;230;255m▀▀[38;2;213;205;222;48;2;213;205;222m▀[38;2;238;230;255;48;2;238;230;255m▀▀▀▀▀[38;2;213;205;222;48;2;213;205;222m▀[38;2;238;230;255;48;2;238;230;255m▀▀▀▀▀▀▀[38;2;213;205;222;48;2;213;205;222m▀[38;2;238;230;255;48;2;238;230;255m▀▀▀▀▀▀[38;2;213;205;222m▀[38;2;238;230;255;48;2;213;205;222m▀[48;2;238;230;255m▀▀▀▀▀▀▀[38;2;213;205;222;48;2;213;205;222m▀[38;2;238;230;255;48;2;238;230;255m▀[38;2;131;115;131m▀[38;2;32;115;222;48;2;131;115;131m▀▀[48;2;32;115;222m▀▀▀▀▀▀▀▀▀▀▀[38;2;16;82;205;48;2;16;82;205m▀▀▀▀▀▀▀▀▀▀▀▀▀▀▀▀▀▀▀▀▀[38;2;41;57;156;48;2;41;57;156m▀[38;2;180;172;180;48;2;180;172;180m▀[38;2;16;16;16;48;2;16;16;16m▀[0m
[0m [38;2;41;57;156;48;2;41;57;156m▀[38;2;32;115;222;48;2;32;115;222m▀[38;2;131;115;131;48;2;131;115;131m▀[38;2;238;230;255;48;2;238;230;255m▀▀▀▀[38;2;213;205;222;48;2;213;205;222m▀[38;2;238;230;255;48;2;238;230;255m▀▀▀▀▀[38;2;213;205;222;48;2;213;205;222m▀[38;2;238;230;255;48;2;238;230;255m▀▀▀▀▀▀▀[38;2;213;205;222;48;2;213;205;222m▀[38;2;238;230;255;48;2;238;230;255m▀▀▀▀▀▀▀[38;2;213;205;222;48;2;213;205;222m▀[38;2;238;230;255;48;2;238;230;255m▀▀▀▀▀▀▀[38;2;213;205;222;48;2;213;205;222m▀[38;2;238;230;255;48;2;238;230;255m▀▀▀[38;2;180;172;180m▀[38;2;131;115;131m▀[38;2;32;115;222;48;2;131;115;131m▀[48;2;32;115;222m▀▀▀▀▀▀▀▀[48;2;16;82;205m▀[38;2;16;82;205;48;2;32;115;222m▀[48;2;16;82;205m▀▀▀▀▀▀▀▀▀▀▀▀▀▀▀▀▀▀▀▀[38;2;53;59;88;48;2;53;59;88m▀[38;2;180;172;180;48;2;180;172;180m▀[38;2;16;16;16;48;2;41;57;156m▀[38;2;41;57;156;49m▄▄▄▄▄▄▄[0m
[0m [38;2;41;57;156;48;2;41;57;156m▀[38;2;131;115;131;48;2;131;115;131m▀[38;2;238;230;255;48;2;238;230;255m▀▀▀▀▀[38;2;213;205;222;48;2;213;205;222m▀[38;2;238;230;255;48;2;238;230;255m▀▀▀▀▀[38;2;213;205;222;48;2;213;205;222m▀[38;2;238;230;255;48;2;238;230;255m▀▀▀▀▀▀▀▀[38;2;213;205;222;48;2;213;205;222m▀[38;2;238;230;255;48;2;238;230;255m▀▀▀▀▀▀[38;2;213;205;222;48;2;213;205;222m▀[38;2;238;230;255;48;2;238;230;255m▀▀▀▀▀▀▀▀[38;2;213;205;222;48;2;213;205;222m▀[38;2;238;230;255;48;2;238;230;255m▀▀▀▀▀[38;2;131;115;131m▀[38;2;32;115;222;48;2;131;115;131m▀[48;2;32;115;222m▀▀▀[48;2;16;16;16m▀[48;2;41;57;156m▀[48;2;32;115;222m▀[48;2;16;82;205m▀[38;2;16;82;205;48;2;32;115;222m▀[48;2;16;82;205m▀▀▀▀▀▀▀▀▀▀▀▀▀▀▀▀▀[48;2;41;57;156m▀▀[38;2;41;57;156;48;2;16;82;205m▀▀▀[38;2;16;82;205m▀▀[48;2;41;57;156m▀▀▀▀▀[38;2;41;57;156;48;2;16;82;205m▀▀[49m▄[0m
[0m [38;2;131;115;131;48;2;131;115;131m▀[38;2;238;230;255;48;2;238;230;255m▀[38;2;213;205;222;48;2;213;205;222m▀[38;2;238;230;255;48;2;238;230;255m▀▀▀▀[38;2;213;205;222;48;2;213;205;222m▀[38;2;238;230;255;48;2;238;230;255m▀▀▀▀▀[38;2;213;205;222;48;2;213;205;222m▀[38;2;238;230;255;48;2;238;230;255m▀▀▀▀▀▀▀▀[38;2;213;205;222;48;2;213;205;222m▀[38;2;238;230;255;48;2;238;230;255m▀▀▀▀▀▀▀[38;2;213;205;222;48;2;213;205;222m▀[38;2;238;230;255;48;2;238;230;255m▀▀▀▀▀▀▀[38;2;213;205;222;48;2;213;205;222m▀[38;2;238;230;255;48;2;238;230;255m▀▀▀▀▀▀▀[38;2;131;115;131m▀[38;2;32;115;222;48;2;131;115;131m▀[48;2;32;115;222m▀[38;2;16;16;16m▀[38;2;53;59;88m▀[38;2;32;115;222m▀[48;2;16;82;205m▀[38;2;16;82;205;48;2;32;115;222m▀[38;2;32;115;222;48;2;16;82;205m▀[38;2;16;82;205;48;2;32;115;222m▀[48;2;16;82;205m▀▀▀▀▀▀▀▀▀▀▀▀▀▀▀▀▀[48;2;90;131;238m▀▀▀▀▀▀[38;2;90;131;238;48;2;16;82;205m▀[48;2;41;57;156m▀▀▀▀▀[38;2;41;57;156;49m▀[0m
[38;2;131;115;131;48;2;131;115;131m▀[38;2;213;205;222;48;2;238;230;255m▀[38;2;238;230;255m▀[38;2;213;205;222;48;2;213;205;222m▀[38;2;238;230;255;48;2;238;230;255m▀▀▀▀▀[38;2;213;205;222;48;2;213;205;222m▀[38;2;238;230;255;48;2;238;230;255m▀▀▀▀▀[38;2;213;205;222;48;2;213;205;222m▀[38;2;238;230;255;48;2;238;230;255m▀▀▀▀▀▀▀[38;2;213;205;222m▀[38;2;238;230;255;48;2;213;205;222m▀[48;2;238;230;255m▀▀▀▀▀▀[38;2;213;205;222m▀[38;2;238;230;255;48;2;213;205;222m▀[48;2;238;230;255m▀▀▀▀▀▀▀[38;2;213;205;222;48;2;213;205;222m▀[38;2;238;230;255;48;2;238;230;255m▀▀▀▀▀▀▀▀[38;2;131;115;131;48;2;180;172;180m▀[38;2;32;115;222;48;2;16;82;205m▀[48;2;32;115;222m▀▀[48;2;16;82;205m▀[38;2;16;82;205;48;2;32;115;222m▀[38;2;32;115;222;48;2;16;82;205m▀[38;2;16;82;205;48;2;32;115;222m▀[48;2;16;82;205m▀▀▀▀▀▀▀▀▀▀▀▀[38;2;41;57;156m▀▀▀▀[48;2;53;59;88m▀[48;2;180;172;180m▀▀[48;2;16;16;16m▀[49m▀▀▀[0m
[38;2;131;115;131;48;2;131;115;131m▀[38;2;238;230;255;48;2;238;230;255m▀▀[38;2;213;205;222;48;2;213;205;222m▀[38;2;238;230;255;48;2;238;230;255m▀▀▀▀▀[38;2;213;205;222;48;2;213;205;222m▀[38;2;238;230;255;48;2;238;230;255m▀▀▀▀▀[38;2;213;205;222;48;2;213;205;222m▀[38;2;238;230;255;48;2;238;230;255m▀▀▀▀▀▀▀▀[38;2;213;205;222;48;2;213;205;222m▀[38;2;238;230;255;48;2;238;230;255m▀▀▀▀▀▀▀[38;2;213;205;222;48;2;213;205;222m▀[38;2;238;230;255;48;2;238;230;255m▀▀▀▀▀▀▀[38;2;213;205;222m▀[38;2;238;230;255;48;2;213;205;222m▀[48;2;238;230;255m▀▀▀▀▀▀▀▀[38;2;131;115;131;48;2;180;172;180m▀[38;2;32;115;222;48;2;16;82;205m▀[38;2;16;82;205;48;2;32;115;222m▀[38;2;32;115;222;48;2;16;82;205m▀[38;2;16;82;205;48;2;32;115;222m▀[38;2;32;115;222;48;2;16;82;205m▀[38;2;16;82;205m▀▀▀▀▀▀▀▀▀▀[38;2;41;57;156m▀▀▀▀▀▀[38;2;53;59;88;48;2;41;57;156m▀[38;2;180;172;180;48;2;53;59;88m▀▀[38;2;16;16;16m▀[38;2;53;59;88;49m▄[38;2;41;57;156m▄[0m
[38;2;131;115;131;48;2;131;115;131m▀[38;2;238;230;255;48;2;238;230;255m▀▀▀[38;2;213;205;222;48;2;213;205;222m▀[38;2;238;230;255;48;2;238;230;255m▀▀▀▀[38;2;213;205;222;48;2;213;205;222m▀[38;2;238;230;255;48;2;238;230;255m▀▀▀▀▀[38;2;213;205;222m▀[38;2;238;230;255;48;2;213;205;222m▀[48;2;238;230;255m▀▀▀▀▀▀▀[38;2;213;205;222m▀[38;2;238;230;255;48;2;213;205;222m▀[48;2;238;230;255m▀▀▀▀▀▀[38;2;213;205;222m▀[38;2;238;230;255;48;2;213;205;222m▀[48;2;238;230;255m▀▀▀▀▀▀▀[38;2;213;205;222;48;2;213;205;222m▀[38;2;238;230;255;48;2;238;230;255m▀▀▀▀▀▀▀▀▀[38;2;131;115;131;48;2;213;205;222m▀[38;2;16;82;205;48;2;53;59;88m▀[38;2;32;115;222;48;2;16;82;205m▀[38;2;16;82;205;48;2;32;115;222m▀[38;2;32;115;222;48;2;16;82;205m▀[38;2;16;82;205m▀▀▀▀▀▀▀▀▀▀▀▀▀[48;2;32;115;222m▀▀[38;2;32;115;222m▀▀[48;2;90;131;238m▀▀[38;2;90;131;238m▀▀▀[38;2;41;57;156m▀[38;2;53;59;88m▀[49m▄[0m
[38;2;131;115;131;48;2;131;115;131m▀[38;2;238;230;255;48;2;213;205;222m▀[48;2;238;230;255m▀▀[38;2;213;205;222;48;2;213;205;222m▀[38;2;238;230;255;48;2;238;230;255m▀▀▀▀[38;2;213;205;222m▀[38;2;238;230;255;48;2;213;205;222m▀[48;2;238;230;255m▀▀▀▀▀[38;2;213;205;222;48;2;213;205;222m▀[38;2;238;230;255;48;2;238;230;255m▀▀▀▀▀▀▀▀[38;2;213;205;222;48;2;213;205;222m▀[38;2;238;230;255;48;2;238;230;255m▀▀▀▀▀▀▀[38;2;213;205;222;48;2;213;205;222m▀[38;2;238;230;255;48;2;238;230;255m▀▀▀▀▀▀▀▀[38;2;213;205;222;48;2;213;205;222m▀[38;2;238;230;255;48;2;238;230;255m▀▀▀▀▀▀▀▀[48;2;213;205;222m▀[38;2;53;59;88;48;2;238;230;255m▀[38;2;32;115;222;48;2;53;59;88m▀[38;2;16;82;205;48;2;16;82;205m▀▀▀▀▀▀▀[48;2;41;57;156m▀[48;2;16;82;205m▀▀▀▀▀[48;2;32;115;222m▀[38;2;32;115;222m▀▀▀▀[48;2;90;131;238m▀[38;2;41;57;156m▀▀▀▀▀[38;2;16;82;205m▀[38;2;90;131;238;48;2;41;57;156m▀[38;2;53;59;88m▀[49m▄[0m
[0m [38;2;131;115;131;48;2;131;115;131m▀[38;2;238;230;255;48;2;213;205;222m▀[48;2;238;230;255m▀▀[38;2;213;205;222;48;2;213;205;222m▀[38;2;238;230;255;48;2;238;230;255m▀▀▀▀[38;2;213;205;222;48;2;213;205;222m▀[38;2;238;230;255;48;2;238;230;255m▀▀▀▀▀[38;2;213;205;222m▀[38;2;238;230;255;48;2;213;205;222m▀[48;2;238;230;255m▀▀▀▀▀▀▀[38;2;213;205;222m▀[38;2;238;230;255;48;2;213;205;222m▀[48;2;238;230;255m▀▀▀▀▀▀▀[38;2;213;205;222;48;2;213;205;222m▀[38;2;238;230;255;48;2;238;230;255m▀▀▀▀▀▀▀▀[38;2;213;205;222;48;2;213;205;222m▀[38;2;238;230;255;48;2;238;230;255m▀▀▀▀▀▀[38;2;213;205;222m▀[38;2;238;230;255;48;2;213;205;222m▀[38;2;213;205;222;48;2;238;230;255m▀[48;2;213;205;222m▀[38;2;53;59;88m▀[38;2;41;57;156m▀[38;2;16;82;205;48;2;53;59;88m▀▀▀[48;2;41;57;156m▀[48;2;16;82;205m▀▀[38;2;53;59;88m▀[38;2;41;57;156m▀[38;2;16;82;205;48;2;53;59;88m▀▀▀[38;2;32;115;222;48;2;41;57;156m▀[48;2;16;82;205m▀▀▀[38;2;41;57;156m▀[48;2;90;131;238m▀▀▀▀▀[38;2;16;82;205m▀[38;2;90;131;238;48;2;41;57;156m▀▀▀[38;2;41;57;156m▀[49m▄[0m
[0m [38;2;131;115;131;48;2;131;115;131m▀[38;2;213;205;222;48;2;213;205;222m▀[38;2;238;230;255;48;2;238;230;255m▀▀[38;2;213;205;222m▀[38;2;238;230;255;48;2;213;205;222m▀[48;2;238;230;255m▀▀▀[38;2;213;205;222m▀[38;2;238;230;255;48;2;213;205;222m▀[48;2;238;230;255m▀▀▀▀▀[38;2;213;205;222;48;2;213;205;222m▀[38;2;238;230;255;48;2;238;230;255m▀▀▀▀▀▀▀▀[38;2;213;205;222;48;2;213;205;222m▀[38;2;238;230;255;48;2;238;230;255m▀▀▀▀▀▀▀▀[38;2;213;205;222;48;2;213;205;222m▀[38;2;238;230;255;48;2;238;230;255m▀▀▀▀▀▀▀▀[38;2;213;205;222;48;2;213;205;222m▀[38;2;238;230;255;48;2;238;230;255m▀▀▀▀[48;2;213;205;222m▀[38;2;213;205;222m▀[38;2;238;230;255m▀[38;2;213;205;222m▀▀▀▀▀▀▀▀[38;2;53;59;88m▀▀[48;2;180;172;180m▀[48;2;213;205;222m▀[48;2;180;172;180m▀[38;2;180;172;180;48;2;213;205;222m▀[48;2;180;172;180m▀▀[38;2;53;59;88m▀▀▀▀[38;2;41;57;156;48;2;53;59;88m▀[38;2;16;82;205m▀▀▀[48;2;41;57;156m▀[38;2;90;131;238;48;2;16;82;205m▀▀▀▀▀[38;2;41;57;156;48;2;53;59;88m▀[0m
[0m  [38;2;131;115;131;48;2;131;115;131m▀[38;2;213;205;222;48;2;213;205;222m▀[38;2;238;230;255;48;2;238;230;255m▀▀[38;2;213;205;222;48;2;213;205;222m▀[38;2;238;230;255;48;2;238;230;255m▀▀▀▀[38;2;213;205;222;48;2;213;205;222m▀[38;2;238;230;255;48;2;238;230;255m▀▀▀▀▀▀[38;2;213;205;222;48;2;213;205;222m▀[38;2;238;230;255;48;2;238;230;255m▀▀▀▀▀▀▀▀[38;2;213;205;222;48;2;213;205;222m▀[38;2;238;230;255;48;2;238;230;255m▀▀▀▀▀▀▀▀[38;2;213;205;222;48;2;213;205;222m▀[38;2;238;230;255;48;2;238;230;255m▀▀▀▀▀▀▀▀[38;2;213;205;222m▀[38;2;238;230;255;48;2;180;172;180m▀[48;2;238;230;255m▀[48;2;213;205;222m▀[38;2;213;205;222m▀▀▀▀▀▀▀▀▀▀▀[48;2;180;172;180m▀[38;2;180;172;180;48;2;213;205;222m▀[38;2;213;205;222;48;2;180;172;180m▀[38;2;180;172;180;48;2;213;205;222m▀[38;2;213;205;222;48;2;180;172;180m▀[38;2;180;172;180m▀▀▀▀▀▀[48;2;16;16;16m▀[38;2;16;16;16;49m▀[0m    [38;2;53;59;88m▀▀▀▀▀[0m
[0m  [38;2;131;115;131m▀[38;2;213;205;222;48;2;131;115;131m▀[38;2;238;230;255;48;2;213;205;222m▀[48;2;238;230;255m▀▀[38;2;213;205;222;48;2;213;205;222m▀[38;2;238;230;255;48;2;238;230;255m▀▀▀▀[38;2;213;205;222;48;2;213;205;222m▀[38;2;238;230;255;48;2;238;230;255m▀▀▀▀▀▀[38;2;213;205;222;48;2;213;205;222m▀[38;2;238;230;255;48;2;238;230;255m▀▀▀▀▀▀▀▀[38;2;213;205;222;48;2;213;205;222m▀[38;2;238;230;255;48;2;238;230;255m▀▀▀▀▀▀▀▀[38;2;213;205;222;48;2;213;205;222m▀[38;2;238;230;255;48;2;238;230;255m▀▀▀▀▀▀▀▀▀[38;2;180;172;180;48;2;213;205;222m▀[38;2;213;205;222;48;2;180;172;180m▀[48;2;213;205;222m▀▀▀▀▀▀▀▀▀▀▀[48;2;180;172;180m▀[38;2;180;172;180;48;2;213;205;222m▀[38;2;213;205;222;48;2;180;172;180m▀[38;2;180;172;180;48;2;213;205;222m▀[38;2;213;205;222;48;2;180;172;180m▀[38;2;180;172;180m▀▀▀▀▀[38;2;131;115;131;48;2;16;16;16m▀[38;2;16;16;16;49m▀[0m
[0m   [38;2;131;115;131m▀[38;2;213;205;222;48;2;131;115;131m▀[38;2;238;230;255;48;2;213;205;222m▀[48;2;238;230;255m▀[38;2;213;205;222m▀[38;2;238;230;255;48;2;213;205;222m▀[48;2;238;230;255m▀▀▀[38;2;213;205;222m▀[38;2;238;230;255;48;2;213;205;222m▀[48;2;238;230;255m▀▀▀▀▀▀[38;2;213;205;222;48;2;213;205;222m▀[38;2;238;230;255;48;2;238;230;255m▀▀▀▀▀▀▀▀[38;2;213;205;222;48;2;213;205;222m▀[38;2;238;230;255;48;2;238;230;255m▀▀▀▀▀▀▀▀[38;2;213;205;222;48;2;180;172;180m▀[38;2;238;230;255;48;2;238;230;255m▀▀▀▀▀▀[48;2;213;205;222m▀[38;2;213;205;222m▀▀▀[38;2;180;172;180m▀[38;2;213;205;222;48;2;180;172;180m▀▀[48;2;213;205;222m▀▀▀▀▀▀[48;2;180;172;180m▀[38;2;180;172;180;48;2;213;205;222m▀[38;2;213;205;222;48;2;180;172;180m▀[38;2;180;172;180;48;2;213;205;222m▀[38;2;213;205;222;48;2;180;172;180m▀[38;2;180;172;180m▀▀▀▀▀[48;2;16;16;16m▀[38;2;16;16;16;49m▀[0m
[0m    [38;2;131;115;131m▀[38;2;213;205;222;48;2;131;115;131m▀[38;2;238;230;255;48;2;213;205;222m▀[48;2;238;230;255m▀▀[38;2;213;205;222;48;2;213;205;222m▀[38;2;238;230;255;48;2;238;230;255m▀▀▀[38;2;213;205;222m▀[38;2;238;230;255;48;2;213;205;222m▀[48;2;238;230;255m▀▀▀▀▀▀[38;2;213;205;222;48;2;213;205;222m▀[38;2;238;230;255;48;2;238;230;255m▀▀▀▀▀▀▀▀[38;2;213;205;222;48;2;180;172;180m▀[38;2;238;230;255;48;2;213;205;222m▀[48;2;238;230;255m▀▀▀▀▀▀▀[38;2;180;172;180m▀[38;2;238;230;255;48;2;180;172;180m▀[48;2;238;230;255m▀▀[48;2;213;205;222m▀[38;2;213;205;222m▀▀▀▀▀▀▀▀[38;2;180;172;180m▀▀[38;2;213;205;222;48;2;180;172;180m▀▀▀[38;2;180;172;180m▀[38;2;213;205;222m▀[38;2;180;172;180m▀▀▀▀▀▀▀[48;2;16;16;16m▀[38;2;16;16;16;49m▀[0m
[0m      [38;2;131;115;131m▀[38;2;213;205;222;48;2;53;59;88m▀[38;2;238;230;255;48;2;213;205;222m▀[38;2;180;172;180;48;2;238;230;255m▀[38;2;238;230;255;48;2;180;172;180m▀[48;2;238;230;255m▀▀▀[38;2;213;205;222m▀[38;2;238;230;255;48;2;213;205;222m▀[48;2;238;230;255m▀▀▀▀▀▀[38;2;213;205;222;48;2;180;172;180m▀[38;2;238;230;255;48;2;238;230;255m▀▀▀▀▀▀▀▀[38;2;180;172;180m▀[38;2;238;230;255;48;2;180;172;180m▀[48;2;238;230;255m▀▀▀▀▀▀[48;2;213;205;222m▀▀[38;2;180;172;180m▀[38;2;213;205;222;48;2;180;172;180m▀▀[48;2;213;205;222m▀▀▀▀▀▀▀▀▀▀▀[48;2;180;172;180m▀[38;2;180;172;180;48;2;213;205;222m▀[38;2;213;205;222;48;2;180;172;180m▀[38;2;180;172;180m▀▀▀▀▀▀[48;2;16;16;16m▀[38;2;16;16;16;49m▀[0m
[0m        [38;2;53;59;88m▀[38;2;213;205;222;48;2;53;59;88m▀[38;2;180;172;180;48;2;213;205;222m▀[38;2;238;230;255;48;2;180;172;180m▀[48;2;238;230;255m▀▀▀▀[38;2;213;205;222;48;2;180;172;180m▀[38;2;238;230;255;48;2;238;230;255m▀▀▀▀▀▀[38;2;180;172;180m▀[38;2;238;230;255;48;2;180;172;180m▀[48;2;238;230;255m▀▀▀▀▀▀▀▀[38;2;180;172;180;48;2;213;205;222m▀[38;2;238;230;255;48;2;180;172;180m▀[48;2;213;205;222m▀▀[38;2;213;205;222m▀▀▀▀▀▀▀[38;2;180;172;180m▀▀[38;2;213;205;222;48;2;180;172;180m▀▀▀[48;2;213;205;222m▀▀[48;2;180;172;180m▀[38;2;180;172;180;48;2;213;205;222m▀[38;2;213;205;222;48;2;180;172;180m▀[38;2;180;172;180;48;2;213;205;222m▀[38;2;213;205;222;48;2;180;172;180m▀[38;2;180;172;180m▀▀▀▀▀[48;2;53;59;88m▀[48;2;16;16;16m▀[38;2;16;16;16;49m▀[0m
[0m          [38;2;53;59;88m▀[38;2;213;205;222;48;2;53;59;88m▀[38;2;180;172;180;48;2;213;205;222m▀[38;2;213;205;222;48;2;180;172;180m▀[38;2;238;230;255;48;2;213;205;222m▀▀▀[38;2;180;172;180m▀[38;2;238;230;255;48;2;180;172;180m▀[48;2;238;230;255m▀▀▀▀▀▀[38;2;180;172;180m▀[38;2;238;230;255;48;2;180;172;180m▀▀[48;2;238;230;255m▀▀[48;2;213;205;222m▀▀[38;2;213;205;222m▀▀▀[38;2;180;172;180m▀▀[38;2;213;205;222;48;2;180;172;180m▀▀[48;2;213;205;222m▀▀▀▀▀▀▀▀▀▀[38;2;180;172;180;48;2;180;172;180m▀▀▀▀▀▀▀▀▀[48;2;16;16;16m▀▀[38;2;16;16;16;49m▀▀[0m
[0m            [38;2;16;16;16m▀▀[38;2;180;172;180;48;2;16;16;16m▀▀[38;2;213;205;222;48;2;180;172;180m▀[48;2;213;205;222m▀▀[38;2;180;172;180m▀▀[38;2;238;230;255;48;2;180;172;180m▀[38;2;213;205;222;48;2;213;205;222m▀[38;2;238;230;255m▀[38;2;213;205;222m▀▀▀▀[38;2;180;172;180m▀[38;2;213;205;222;48;2;180;172;180m▀[48;2;213;205;222m▀▀▀▀▀▀▀▀▀[38;2;180;172;180m▀▀[48;2;180;172;180m▀[38;2;213;205;222m▀▀▀▀[38;2;180;172;180m▀▀▀▀▀▀▀[48;2;16;16;16m▀▀[38;2;16;16;16;49m▀▀▀[0m
[0m                [38;2;16;16;16m▀▀▀[38;2;180;172;180;48;2;16;16;16m▀[38;2;213;205;222m▀▀[38;2;180;172;180;48;2;213;205;222m▀[48;2;180;172;180m▀[38;2;213;205;222m▀▀[48;2;213;205;222m▀▀▀▀[38;2;180;172;180m▀▀[38;2;213;205;222;48;2;180;172;180m▀▀[48;2;213;205;222m▀▀▀▀[48;2;180;172;180m▀▀▀▀▀[38;2;180;172;180m▀▀▀▀[48;2;16;16;16m▀▀▀[38;2;16;16;16;49m▀▀▀[0m
[0m                      [38;2;16;16;16m▀▀▀▀[38;2;180;172;180;48;2;16;16;16m▀[38;2;213;205;222m▀▀[38;2;180;172;180m▀▀▀▀▀▀▀▀▀▀▀▀▀[38;2;16;16;16;49m▀▀▀▀▀[0m
