[0m        [38;2;24;24;24m▄[48;2;246;222;82m▀▀[38;2;93;93;75;48;2;222;180;74m▀[38;2;24;24;24;49m▄▄[0m [38;2;93;93;75m▄▄▄[0m
[0m       [38;2;93;93;75;48;2;93;93;75m▀[38;2;246;222;82;48;2;246;222;82m▀▀[48;2;222;180;74m▀[38;2;222;180;74m▀[48;2;93;93;75m▀[38;2;93;93;75;48;2;246;222;82m▀▀[38;2;246;222;82m▀▀[38;2;222;180;74m▀[38;2;24;24;24;48;2;222;180;74m▀[49m▄[0m
[0m      [38;2;93;93;75;48;2;93;93;75m▀[38;2;222;180;74;48;2;222;180;74m▀▀▀▀[48;2;93;93;75m▀[38;2;93;93;75;48;2;246;222;82m▀[38;2;246;222;82m▀▀▀▀▀[48;2;222;180;74m▀[38;2;24;24;24;48;2;24;24;24m▀[0m
[0m     [38;2;24;24;24m▄[38;2;93;93;75;48;2;24;24;24m▀[38;2;24;24;24;48;2;246;222;82m▀▀[38;2;93;93;75m▀[48;2;222;180;74m▀[48;2;93;93;75m▀[38;2;246;222;82;48;2;222;180;74m▀[48;2;246;222;82m▀▀[48;2;222;180;74m▀▀[38;2;222;180;74m▀[38;2;24;24;24;48;2;24;24;24m▀[0m
[0m   [38;2;93;93;75m▄[38;2;24;24;24;48;2;246;222;82m▀[38;2;246;222;82;48;2;123;115;82m▀[38;2;123;115;82;48;2;246;222;82m▀[38;2;246;222;82m▀[48;2;123;115;82m▀[48;2;246;222;82m▀[48;2;222;180;74m▀[38;2;222;180;74m▀[38;2;93;93;75;48;2;93;93;75m▀[38;2;222;180;74;48;2;246;222;82m▀▀[48;2;222;180;74m▀[38;2;123;115;82m▀[38;2;24;24;24;48;2;24;24;24m▀[0m
[0m  [38;2;123;115;82m▄[38;2;93;93;75;48;2;222;180;74m▀[38;2;123;115;82;48;2;93;93;75m▀[38;2;246;222;82m▀[48;2;222;180;74m▀[38;2;123;115;82;48;2;93;93;75m▀[38;2;246;222;82;48;2;222;180;74m▀[38;2;222;180;74m▀[48;2;123;115;82m▀[48;2;93;93;75m▀[38;2;93;93;75;48;2;222;180;74m▀[38;2;246;222;82;48;2;123;115;82m▀[48;2;93;93;75m▀▀[38;2;222;180;74;48;2;222;180;74m▀▀[38;2;24;24;24;48;2;24;24;24m▀[0m
[0m [38;2;123;115;82;48;2;123;115;82m▀[38;2;222;180;74;48;2;246;222;82m▀[38;2;246;222;82m▀▀▀[38;2;93;93;75m▀▀▀▀[38;2;246;222;82m▀[48;2;222;180;74m▀[38;2;123;115;82;48;2;93;93;75m▀[38;2;93;93;75;48;2;123;115;82m▀[48;2;222;180;74m▀[48;2;123;115;82m▀[48;2;93;93;75m▀[38;2;222;180;74;48;2;222;180;74m▀▀[38;2;24;24;24;48;2;24;24;24m▀[0m      [38;2;93;93;75m▄▄▄▄▄▄[0m
[38;2;123;115;82;48;2;93;93;75m▀[38;2;246;222;82;48;2;246;246;164m▀[38;2;246;246;164m▀▀▀▀[38;2;213;213;148m▀[38;2;246;222;82m▀[48;2;213;213;148m▀[48;2;246;222;82m▀▀[38;2;123;115;82;48;2;93;93;75m▀[38;2;93;93;75m▀[38;2;222;180;74;48;2;222;180;74m▀▀▀[38;2;93;93;75;48;2;93;93;75m▀▀[38;2;222;180;74;48;2;222;180;74m▀[38;2;24;24;24;48;2;24;24;24m▀[0m  [38;2;93;93;75m▄▄[48;2;115;197;98m▀[48;2;148;230;156m▀[38;2;148;230;156m▀[38;2;24;24;24;48;2;93;93;75m▀[48;2;24;24;24m▀[48;2;93;93;75m▀[38;2;148;230;156;48;2;148;230;156m▀[38;2;115;197;98m▀[38;2;93;93;75m▀[48;2;115;197;98m▀[49m▄▄[0m
[38;2;93;93;75;48;2;93;93;75m▀[38;2;246;246;164;48;2;246;246;164m▀▀▀▀▀▀▀▀[38;2;213;213;148;48;2;213;213;148m▀[38;2;246;222;82m▀[38;2;93;93;75;48;2;93;93;75m▀▀[38;2;24;24;24;48;2;24;24;24m▀[38;2;255;255;255;48;2;255;255;255m▀[48;2;213;205;222m▀[38;2;93;93;75;48;2;93;93;75m▀▀[38;2;222;180;74;48;2;24;24;24m▀[38;2;24;24;24;49m▀[38;2;93;93;75m▄[48;2;115;197;98m▀[38;2;115;197;98m▀▀▀▀[38;2;148;230;156m▀▀▀▀▀[38;2;115;197;98m▀▀▀▀▀[38;2;93;93;75m▀[49m▄[0m
[38;2;24;24;24;48;2;24;24;24m▀[38;2;246;246;164;48;2;213;213;148m▀[48;2;246;246;164m▀▀▀▀▀▀[48;2;213;213;148m▀[38;2;213;213;148m▀▀[38;2;93;93;75m▀[48;2;93;93;75m▀[38;2;255;255;255;48;2;123;115;82m▀[48;2;213;205;222m▀[38;2;213;205;222;48;2;93;93;75m▀[38;2;93;93;75m▀[48;2;222;180;74m▀[38;2;24;24;24;48;2;24;24;24m▀[38;2;93;93;75;48;2;93;93;75m▀[38;2;115;197;98;48;2;246;222;82m▀[48;2;115;197;98m▀[48;2;222;180;74m▀[48;2;246;222;82m▀▀[48;2;115;197;98m▀▀▀▀▀▀▀▀▀▀[38;2;222;180;74;48;2;246;222;82m▀[38;2;115;197;98m▀[48;2;115;197;98m▀[38;2;93;93;75m▀[38;2;123;115;82;49m▄[0m
[0m [38;2;93;93;75;48;2;24;24;24m▀[38;2;213;213;148;48;2;213;213;148m▀[38;2;246;246;164m▀▀▀[38;2;213;213;148m▀▀▀▀▀▀[38;2;123;115;82m▀[38;2;93;93;75;48;2;123;115;82m▀[48;2;93;93;75m▀▀[38;2;222;180;74;48;2;222;180;74m▀[38;2;24;24;24;48;2;24;24;24m▀[38;2;93;93;75;48;2;93;93;75m▀[38;2;115;197;98;48;2;222;180;74m▀[48;2;115;197;98m▀[38;2;246;222;82;48;2;246;222;82m▀▀▀▀[38;2;222;180;74m▀[38;2;115;197;98;48;2;115;197;98m▀▀[48;2;246;222;82m▀[38;2;222;180;74m▀[38;2;246;222;82m▀[38;2;222;180;74m▀[38;2;115;197;98m▀▀[38;2;246;222;82;48;2;115;197;98m▀[38;2;115;197;98m▀▀[38;2;246;222;82;48;2;246;222;82m▀▀[38;2;123;115;82;48;2;222;180;74m▀[38;2;93;93;75;49m▄[0m
[0m  [38;2;24;24;24m▀[38;2;213;213;148;48;2;24;24;24m▀▀[48;2;213;213;148m▀▀▀▀▀▀[48;2;24;24;24m▀▀[38;2;24;24;24;48;2;222;180;74m▀[38;2;222;180;74m▀▀▀[38;2;24;24;24m▀[38;2;222;180;74;48;2;24;24;24m▀[48;2;222;180;74m▀[38;2;246;222;82m▀[48;2;246;222;82m▀▀▀▀▀▀▀▀[48;2;115;197;98m▀[38;2;115;197;98m▀[38;2;222;180;74m▀[38;2;246;222;82;48;2;246;222;82m▀▀[38;2;115;197;98m▀[48;2;115;197;98m▀▀[38;2;246;222;82;48;2;246;222;82m▀▀[38;2;222;180;74;48;2;222;180;74m▀[38;2;24;24;24;48;2;24;24;24m▀[0m
[0m     [38;2;24;24;24m▀▀▀▀▀[48;2;123;115;82m▀[38;2;222;180;74m▀[48;2;222;180;74m▀▀▀▀▀▀▀[38;2;93;93;75m▀[38;2;222;180;74m▀[38;2;246;222;82m▀[48;2;246;222;82m▀▀▀▀▀▀▀[38;2;115;197;98m▀▀[38;2;246;222;82m▀▀▀▀▀▀▀[38;2;222;180;74;48;2;222;180;74m▀▀▀[38;2;24;24;24;48;2;24;24;24m▀[0m
[0m           [38;2;93;93;75;48;2;93;93;75m▀[38;2;246;222;82;48;2;246;222;82m▀[38;2;222;180;74;48;2;222;180;74m▀▀▀▀▀▀▀▀▀▀▀[38;2;246;222;82m▀▀[48;2;246;222;82m▀▀▀▀▀▀▀▀▀[48;2;222;180;74m▀▀[38;2;222;180;74m▀▀▀▀[38;2;24;24;24;48;2;24;24;24m▀[0m
[0m          [38;2;93;93;75m▄[48;2;246;222;82m▀[38;2;246;222;82m▀▀[38;2;222;180;74;48;2;222;180;74m▀▀▀▀▀▀▀▀▀▀▀▀▀▀▀▀▀▀▀▀▀▀▀▀▀▀▀[38;2;24;24;24;48;2;24;24;24m▀[0m
[0m          [38;2;93;93;75;48;2;93;93;75m▀[38;2;246;222;82;48;2;246;222;82m▀[48;2;246;246;164m▀▀▀[38;2;222;180;74;48;2;246;222;82m▀[48;2;222;180;74m▀▀▀▀▀▀▀▀▀▀▀▀▀▀▀▀▀▀▀▀▀▀▀▀▀[38;2;24;24;24;48;2;24;24;24m▀[0m
[0m          [38;2;24;24;24;48;2;24;24;24m▀[38;2;246;246;164;48;2;246;246;164m▀▀▀▀▀[38;2;246;222;82m▀[38;2;222;180;74;48;2;246;222;82m▀[48;2;222;180;74m▀▀▀▀▀▀▀▀▀▀▀▀▀▀▀▀▀▀▀▀▀▀▀[38;2;93;93;75m▀[38;2;24;24;24;49m▄[0m
[0m         [38;2;93;93;75m▄[38;2;24;24;24;48;2;246;222;82m▀[38;2;246;246;164m▀[48;2;123;115;82m▀[48;2;246;246;164m▀▀▀▀▀▀[38;2;222;180;74;48;2;222;180;74m▀▀▀▀▀▀▀▀▀▀▀▀▀▀▀▀▀▀▀[48;2;213;213;148m▀[48;2;222;180;74m▀▀▀[38;2;24;24;24;48;2;24;24;24m▀[0m
[0m         [38;2;93;93;75;48;2;93;93;75m▀[38;2;246;222;82;48;2;246;222;82m▀▀[38;2;123;115;82m▀[38;2;246;246;164;48;2;93;93;75m▀[48;2;246;246;164m▀▀▀▀▀▀[38;2;222;180;74;48;2;123;115;82m▀[38;2;123;115;82;48;2;222;180;74m▀[38;2;222;180;74m▀▀▀▀▀[48;2;123;115;82m▀[48;2;222;180;74m▀▀▀▀[48;2;213;213;148m▀▀▀[38;2;213;213;148m▀▀[48;2;93;93;75m▀[38;2;93;93;75;48;2;222;180;74m▀[38;2;222;180;74m▀▀▀[38;2;24;24;24;48;2;24;24;24m▀[0m
[0m         [38;2;93;93;75;48;2;24;24;24m▀[38;2;246;222;82;48;2;246;222;82m▀▀▀[38;2;24;24;24m▀[38;2;213;213;148;48;2;24;24;24m▀[38;2;246;246;164;48;2;213;213;148m▀▀▀[38;2;213;213;148m▀▀[38;2;93;93;75;48;2;93;93;75m▀[38;2;222;180;74;48;2;246;222;82m▀[38;2;246;222;82m▀▀▀[38;2;222;180;74m▀[48;2;222;180;74m▀▀[38;2;123;115;82;48;2;93;93;75m▀[38;2;213;213;148;48;2;213;213;148m▀▀▀[48;2;93;93;75m▀[48;2;24;24;24m▀▀[38;2;93;93;75;48;2;222;180;74m▀▀[38;2;222;180;74m▀▀▀▀▀[38;2;24;24;24;48;2;24;24;24m▀[0m
[0m         [38;2;24;24;24m▀[38;2;246;222;82;48;2;24;24;24m▀[48;2;246;222;82m▀▀[48;2;222;180;74m▀[38;2;222;180;74m▀[38;2;24;24;24m▀▀[38;2;213;213;148;48;2;93;93;75m▀[48;2;24;24;24m▀[38;2;93;93;75m▀[38;2;246;222;82;48;2;246;222;82m▀▀▀▀▀▀[38;2;222;180;74;48;2;222;180;74m▀▀▀[38;2;24;24;24;48;2;24;24;24m▀[49m▀▀▀[48;2;24;24;24m▀[38;2;222;180;74;48;2;93;93;75m▀[48;2;222;180;74m▀▀▀▀▀▀[38;2;93;93;75;48;2;24;24;24m▀[49m▀[0m
[0m          [38;2;24;24;24m▀[38;2;93;93;75;48;2;24;24;24m▀[38;2;222;180;74m▀▀▀▀[38;2;93;93;75m▀[38;2;24;24;24;49m▀[0m [38;2;24;24;24;48;2;24;24;24m▀[38;2;246;222;82;48;2;222;180;74m▀[48;2;246;222;82m▀▀▀[48;2;222;180;74m▀▀[38;2;222;180;74m▀▀▀[38;2;24;24;24;48;2;24;24;24m▀[0m    [38;2;24;24;24m▀▀▀▀▀▀▀[0m
[0m                    [38;2;24;24;24;48;2;24;24;24m▀[38;2;222;180;74;48;2;93;93;75m▀[48;2;222;180;74m▀▀▀▀▀[48;2;93;93;75m▀[38;2;24;24;24;48;2;24;24;24m▀[0m
[0m                     [38;2;24;24;24m▀▀▀▀▀▀▀[0m
