[0m                        [38;2;189;172;164m▄▄▄[48;2;238;222;213m▀▀▀▀▀▀[49m▄▄▄[0m
[0m               [38;2;189;172;164m▄▄[48;2;238;222;213m▀▀▀▀[49m▄[48;2;213;205;197m▀[48;2;238;222;213m▀[38;2;238;222;213m▀▀▀▀▀▀▀▀▀▀▀▀[38;2;189;172;164m▀[49m▄▄▄▄▄[0m
[0m             [38;2;189;172;164m▄[48;2;238;222;213m▀[38;2;238;222;213m▀▀▀▀▀[48;2;189;172;164m▀[38;2;189;172;164;48;2;238;222;213m▀[38;2;238;222;213m▀▀▀▀▀▀▀▀▀▀▀[48;2;213;205;197m▀[38;2;213;205;197;48;2;238;222;213m▀[38;2;238;222;213;48;2;213;205;197m▀[38;2;213;205;197;48;2;238;222;213m▀[38;2;238;222;213;48;2;213;205;197m▀[38;2;189;172;164m▀[38;2;213;205;197m▀▀▀[38;2;189;172;164m▀▀[49m▄[0m  [38;2;189;172;164m▄▄[48;2;238;222;213m▀▀▀▀[49m▄▄[0m
[0m           [38;2;189;172;164m▄▄[48;2;189;172;164m▀[38;2;238;222;213;48;2;238;222;213m▀▀▀▀▀[48;2;213;205;197m▀[38;2;189;172;164;48;2;189;172;164m▀[38;2;238;222;213;48;2;238;222;213m▀▀▀▀▀▀▀▀▀▀▀▀▀[38;2;213;205;197m▀[38;2;238;222;213;48;2;213;205;197m▀[38;2;213;205;197m▀▀[48;2;238;222;213m▀▀[38;2;238;222;213m▀▀▀[38;2;213;205;197m▀▀[38;2;189;172;164;48;2;213;205;197m▀▀[38;2;213;205;197m▀[38;2;238;222;213m▀[48;2;238;222;213m▀▀▀▀[48;2;213;205;197m▀[38;2;213;205;197m▀[38;2;189;172;164m▀[49m▄[0m
[0m        [38;2;189;172;164m▄[48;2;238;222;213m▀▀[38;2;213;205;197m▀[38;2;238;222;213m▀▀▀[48;2;213;205;197m▀[38;2;213;205;197;48;2;238;222;213m▀[38;2;238;222;213;48;2;213;205;197m▀[38;2;213;205;197;48;2;238;222;213m▀[38;2;238;222;213;48;2;213;205;197m▀[38;2;213;205;197;48;2;238;222;213m▀[38;2;189;172;164m▀[38;2;238;222;213m▀▀▀▀▀▀▀▀▀▀▀▀▀▀▀[38;2;213;205;197m▀[38;2;238;222;213m▀▀▀▀▀▀▀▀▀[38;2;213;205;197m▀[48;2;213;205;197m▀▀▀▀▀▀▀[38;2;189;172;164m▀[38;2;213;205;197;48;2;189;172;164m▀[38;2;189;172;164m▀[0m
[0m       [38;2;189;172;164;48;2;189;172;164m▀[38;2;238;222;213;48;2;213;205;197m▀[48;2;238;222;213m▀▀▀▀▀▀[48;2;213;205;197m▀[38;2;213;205;197;48;2;238;222;213m▀[38;2;238;222;213;48;2;213;205;197m▀[38;2;213;205;197;48;2;189;172;164m▀[38;2;238;222;213;48;2;213;205;197m▀[38;2;213;205;197;48;2;238;222;213m▀[38;2;238;222;213m▀▀▀▀▀▀▀▀▀[48;2;213;205;197m▀[38;2;213;205;197m▀[38;2;189;172;164;48;2;189;172;164m▀[38;2;213;205;197m▀[38;2;238;222;213m▀[48;2;213;205;197m▀▀[48;2;238;222;213m▀▀▀▀▀▀▀▀▀▀[48;2;213;205;197m▀[38;2;213;205;197;48;2;189;172;164m▀[38;2;189;172;164m▀[38;2;213;205;197m▀[48;2;213;205;197m▀[48;2;189;172;164m▀[38;2;189;172;164;48;2;213;205;197m▀[38;2;213;205;197;48;2;189;172;164m▀[38;2;189;172;164m▀[38;2;213;205;197m▀[38;2;189;172;164m▀▀[0m
[0m      [38;2;131;131;131;48;2;131;131;131m▀[38;2;213;205;197;48;2;238;222;213m▀[38;2;238;222;213;48;2;213;205;197m▀[38;2;213;205;197;48;2;238;222;213m▀[38;2;238;222;213;48;2;213;205;197m▀[48;2;238;222;213m▀[48;2;213;205;197m▀[48;2;238;222;213m▀▀[48;2;213;205;197m▀[38;2;213;205;197;48;2;189;172;164m▀[38;2;189;172;164m▀▀▀[38;2;213;205;197m▀[38;2;238;222;213m▀[48;2;213;205;197m▀[48;2;238;222;213m▀▀[48;2;213;205;197m▀[48;2;189;172;164m▀[48;2;213;205;197m▀[38;2;213;205;197;48;2;189;172;164m▀[38;2;189;172;164;48;2;213;205;197m▀[38;2;213;205;197;48;2;189;172;164m▀[38;2;189;172;164;48;2;213;205;197m▀[38;2;213;205;197;48;2;189;172;164m▀[38;2;189;172;164m▀▀▀▀[38;2;213;205;197m▀[38;2;238;222;213m▀▀[48;2;213;205;197m▀▀▀▀[48;2;189;172;164m▀[38;2;213;205;197;48;2;213;205;197m▀[48;2;189;172;164m▀[38;2;189;172;164;48;2;213;205;197m▀[38;2;213;205;197;48;2;189;172;164m▀[38;2;189;172;164;48;2;213;205;197m▀[48;2;189;172;164m▀▀▀▀▀▀▀▀[38;2;131;131;131;48;2;131;131;131m▀[0m
[0m       [38;2;131;131;131;48;2;131;131;131m▀[38;2;238;222;213;48;2;213;205;197m▀[38;2;213;205;197;48;2;189;172;164m▀[38;2;238;222;213;48;2;213;205;197m▀[38;2;213;205;197;48;2;189;172;164m▀[38;2;238;222;213m▀[38;2;189;172;164m▀▀▀▀▀▀▀▀▀▀▀▀▀▀▀[38;2;213;205;197m▀[38;2;189;172;164m▀[38;2;213;205;197m▀[38;2;189;172;164m▀▀▀▀▀▀▀▀▀▀▀▀▀[38;2;213;205;197m▀[38;2;189;172;164;48;2;213;205;197m▀[38;2;213;205;197;48;2;189;172;164m▀[38;2;189;172;164;48;2;213;205;197m▀[38;2;213;205;197;48;2;189;172;164m▀[38;2;189;172;164m▀▀▀▀▀▀▀▀[38;2;131;131;131m▀[38;2;189;172;164;49m▄[38;2;131;131;131m▄[0m
[0m        [38;2;131;131;131m▀▀[38;2;189;172;164;48;2;96;46;51m▀▀▀▀[48;2;189;172;164m▀▀▀▀▀▀▀▀▀▀▀▀▀▀▀▀▀▀▀▀▀▀▀▀▀▀▀▀▀▀▀▀▀▀▀▀▀▀▀▀▀▀▀▀▀▀[38;2;131;131;131;48;2;131;131;131m▀[0m
[0m       [38;2;172;82;57m▄[38;2;96;46;51;48;2;238;131;65m▀▀[38;2;255;172;106m▀▀[48;2;205;98;74m▀[38;2;238;131;65m▀[38;2;96;46;51;48;2;238;131;65m▀▀[38;2;131;131;131;48;2;96;46;51m▀[38;2;189;172;164;48;2;131;131;131m▀[48;2;189;172;164m▀▀▀▀▀▀[48;2;131;131;131m▀[48;2;189;172;164m▀▀▀[48;2;131;131;131m▀[38;2;213;205;197;48;2;189;172;164m▀[38;2;189;172;164m▀[48;2;213;205;197m▀[48;2;189;172;164m▀[48;2;213;205;197m▀[48;2;189;172;164m▀▀[48;2;131;131;131m▀[48;2;189;172;164m▀▀▀▀▀▀▀[48;2;131;131;131m▀▀▀[48;2;189;172;164m▀▀▀▀▀▀▀[48;2;131;131;131m▀[48;2;189;172;164m▀▀▀▀[48;2;131;131;131m▀[38;2;131;131;131;49m▀[0m
[0m     [38;2;172;82;57m▄[48;2;255;172;106m▀[38;2;255;172;106m▀▀▀▀[48;2;238;131;65m▀[38;2;238;131;65m▀[48;2;172;82;57m▀[38;2;172;82;57;48;2;238;131;65m▀▀[38;2;205;98;74m▀[38;2;96;46;51;48;2;172;82;57m▀[38;2;131;131;131;48;2;96;46;51m▀[49m▀[38;2;189;172;164;48;2;131;131;131m▀▀▀[38;2;131;131;131;49m▀▀▀[38;2;189;172;164;48;2;131;131;131m▀▀▀[38;2;131;131;131m▀[38;2;213;205;197;48;2;213;205;197m▀[38;2;189;172;164m▀[38;2;213;205;197m▀[38;2;189;172;164m▀[38;2;213;205;197;48;2;189;172;164m▀[38;2;131;131;131;48;2;131;131;131m▀[38;2;189;172;164;49m▀[38;2;131;131;131m▀▀[38;2;189;172;164;48;2;131;131;131m▀▀▀[38;2;131;131;131;49m▀▀[0m   [38;2;131;131;131m▀▀[38;2;189;172;164;48;2;131;131;131m▀▀▀[38;2;131;131;131;49m▀▀[0m  [38;2;131;131;131m▀▀▀[0m
[0m    [38;2;57;57;57;48;2;57;57;57m▀[38;2;238;131;65;48;2;238;131;65m▀[38;2;255;172;106m▀▀▀[38;2;238;131;65m▀▀▀▀[48;2;172;82;57m▀[38;2;57;57;57;48;2;238;131;65m▀▀[48;2;172;82;57m▀[38;2;238;131;65;48;2;57;57;57m▀[38;2;0;0;0;48;2;238;131;65m▀[38;2;96;46;51;49m▄[0m         [38;2;0;0;0m▄[38;2;131;131;131;48;2;131;131;131m▀[38;2;213;205;197;48;2;213;205;197m▀▀[48;2;189;172;164m▀[38;2;131;131;131;48;2;131;131;131m▀[38;2;0;0;0;49m▄▄▄[38;2;57;57;57m▄[0m
[0m   [38;2;0;0;0;48;2;0;0;0m▀[38;2;238;131;65;48;2;238;131;65m▀▀▀▀[38;2;205;98;74;48;2;0;0;0m▀[38;2;0;0;0;48;2;238;222;213m▀[38;2;172;82;57;48;2;0;0;0m▀[38;2;238;131;65;48;2;238;131;65m▀▀[38;2;172;82;57;48;2;205;98;74m▀[38;2;238;131;65;48;2;172;82;57m▀[48;2;238;131;65m▀[48;2;205;98;74m▀[38;2;172;82;57;48;2;96;46;51m▀[38;2;238;131;65;48;2;238;131;65m▀[38;2;0;0;0;48;2;0;0;0m▀[0m    [38;2;0;0;0m▄▄[48;2;98;98;98m▀[48;2;131;131;131m▀[48;2;57;57;57m▀[38;2;57;57;57m▀[48;2;98;98;98m▀[48;2;131;131;131m▀[38;2;98;98;98m▀▀▀[48;2;57;57;57m▀[38;2;131;131;131;48;2;131;131;131m▀▀▀[38;2;0;0;0m▀▀[48;2;98;98;98m▀[49m▄▄[0m
[0m   [38;2;0;0;0m▀[38;2;238;131;65;48;2;0;0;0m▀[48;2;238;131;65m▀▀▀[38;2;172;82;57;48;2;205;98;74m▀[38;2;189;172;164;48;2;0;0;0m▀[38;2;213;205;197;48;2;213;205;197m▀[38;2;238;131;65;48;2;238;222;213m▀[48;2;0;0;0m▀[48;2;96;46;51m▀[38;2;205;98;74;48;2;238;131;65m▀[38;2;96;46;51m▀▀[38;2;238;131;65m▀▀[38;2;172;82;57;48;2;205;98;74m▀[38;2;0;0;0;48;2;0;0;0m▀[0m [38;2;0;0;0m▄[48;2;131;131;131m▀[38;2;131;131;131m▀[48;2;98;98;98m▀[48;2;0;0;0m▀[38;2;57;57;57m▀[48;2;131;131;131m▀[38;2;131;131;131m▀▀▀▀▀▀▀[38;2;57;57;57;48;2;0;0;0m▀[38;2;131;131;131m▀▀[48;2;98;98;98m▀[38;2;98;98;98;48;2;131;131;131m▀[38;2;131;131;131;48;2;98;98;98m▀[38;2;98;98;98m▀[48;2;0;0;0m▀[38;2;0;0;0;48;2;96;46;51m▀▀[49m▄[0m
[0m    [38;2;0;0;0;48;2;189;172;164m▀[38;2;205;98;74;48;2;0;0;0m▀▀[38;2;0;0;0;48;2;172;82;57m▀▀[38;2;172;82;57m▀[38;2;189;172;164m▀[38;2;238;222;213;48;2;213;205;197m▀[48;2;238;222;213m▀[38;2;205;98;74;48;2;213;205;197m▀[38;2;96;46;51;48;2;205;98;74m▀[38;2;172;82;57m▀[38;2;238;131;65;48;2;238;131;65m▀▀▀▀[38;2;172;82;57m▀[38;2;0;0;0;48;2;0;0;0m▀[38;2;131;131;131;48;2;98;98;98m▀[48;2;0;0;0m▀[38;2;57;57;57;48;2;57;57;57m▀[38;2;96;46;51;48;2;96;46;51m▀▀▀[38;2;0;0;0;48;2;0;0;0m▀[38;2;131;131;131;48;2;131;131;131m▀[48;2;98;98;98m▀[48;2;131;131;131m▀[48;2;98;98;98m▀[48;2;131;131;131m▀[48;2;0;0;0m▀[38;2;0;0;0;48;2;96;46;51m▀[38;2;96;46;51m▀▀▀[38;2;0;0;0m▀[38;2;98;98;98;48;2;0;0;0m▀[48;2;98;98;98m▀▀[38;2;0;0;0;48;2;57;57;57m▀[38;2;96;46;51;48;2;255;32;32m▀▀[48;2;96;46;51m▀[38;2;0;0;0m▀[49m▄[0m
[0m    [38;2;189;172;164;48;2;189;172;164m▀[38;2;213;205;197;48;2;213;205;197m▀[38;2;96;46;51;48;2;131;131;131m▀[38;2;172;82;57;48;2;96;46;51m▀▀[48;2;172;82;57m▀▀[38;2;189;172;164m▀[38;2;213;205;197;48;2;189;172;164m▀[38;2;238;222;213;48;2;213;205;197m▀[38;2;213;205;197;48;2;238;222;213m▀[38;2;205;98;74;48;2;213;205;197m▀[48;2;205;98;74m▀[38;2;238;131;65;48;2;238;131;65m▀▀▀▀[38;2;172;82;57m▀[38;2;0;0;0;48;2;213;205;197m▀[48;2;238;222;213m▀[38;2;96;46;51m▀[48;2;213;205;197m▀[38;2;255;32;32m▀[48;2;255;32;32m▀[38;2;0;0;0;48;2;0;0;0m▀[38;2;98;98;98;48;2;131;131;131m▀[38;2;131;131;131;48;2;98;98;98m▀[38;2;98;98;98;48;2;131;131;131m▀[38;2;131;131;131;48;2;98;98;98m▀[38;2;98;98;98;48;2;131;131;131m▀[38;2;0;0;0;48;2;57;57;57m▀[38;2;96;46;51;48;2;96;46;51m▀[48;2;255;32;32m▀[38;2;255;32;32m▀▀[38;2;96;46;51m▀[48;2;96;46;51m▀[38;2;0;0;0;48;2;0;0;0m▀[38;2;98;98;98;48;2;98;98;98m▀▀[38;2;0;0;0m▀[38;2;255;32;32;48;2;0;0;0m▀[48;2;255;32;32m▀[38;2;96;46;51m▀[38;2;0;0;0;48;2;0;0;0m▀[49m▄[0m
[0m    [38;2;189;172;164;48;2;189;172;164m▀[38;2;238;222;213;48;2;238;222;213m▀[38;2;131;131;131;48;2;131;131;131m▀[0m [38;2;189;172;164m▄[38;2;96;46;51;48;2;238;222;213m▀[38;2;172;82;57;48;2;96;46;51m▀[48;2;205;98;74m▀▀[38;2;189;172;164m▀[38;2;213;205;197;48;2;189;172;164m▀[38;2;238;222;213;48;2;213;205;197m▀[38;2;213;205;197m▀▀[38;2;238;131;65m▀▀[48;2;238;222;213m▀[38;2;213;205;197m▀[38;2;238;222;213;48;2;213;205;197m▀[48;2;238;222;213m▀▀▀▀[38;2;213;205;197m▀[38;2;57;57;57;48;2;98;98;98m▀[38;2;98;98;98m▀▀▀▀▀[48;2;57;57;57m▀[38;2;0;0;0;48;2;0;0;0m▀[38;2;255;32;32;48;2;96;46;51m▀[48;2;255;32;32m▀▀▀[38;2;96;46;51;48;2;96;46;51m▀[48;2;0;0;0m▀[38;2;0;0;0;48;2;98;98;98m▀[38;2;98;98;98;48;2;57;57;57m▀[48;2;98;98;98m▀▀[38;2;0;0;0;48;2;57;57;57m▀[38;2;57;57;57;48;2;98;98;98m▀[38;2;0;0;0m▀[38;2;98;98;98;48;2;57;57;57m▀[38;2;0;0;0;48;2;0;0;0m▀[48;2;57;57;57m▀[49m▄[0m
[0m   [38;2;189;172;164m▄[48;2;238;222;213m▀[38;2;238;222;213m▀▀[38;2;131;131;131;48;2;131;131;131m▀[38;2;238;222;213;48;2;238;222;213m▀[48;2;213;205;197m▀[38;2;96;46;51;48;2;172;82;57m▀[38;2;238;131;65;48;2;238;131;65m▀▀▀[38;2;205;98;74m▀[38;2;189;172;164;48;2;205;98;74m▀[38;2;213;205;197;48;2;189;172;164m▀[38;2;189;172;164m▀▀[38;2;238;222;213m▀[48;2;213;205;197m▀▀[38;2;189;172;164;48;2;189;172;164m▀[38;2;213;205;197;48;2;213;205;197m▀[38;2;238;222;213;48;2;238;222;213m▀▀▀▀[38;2;213;205;197;48;2;213;205;197m▀[38;2;98;98;98;48;2;98;98;98m▀▀▀▀[48;2;57;57;57m▀[38;2;0;0;0;48;2;131;131;131m▀[38;2;131;131;131;48;2;98;98;98m▀[38;2;57;57;57m▀▀[38;2;255;32;32;48;2;57;57;57m▀[38;2;96;46;51;48;2;0;0;0m▀▀[38;2;57;57;57;48;2;131;131;131m▀[38;2;98;98;98;48;2;98;98;98m▀▀[38;2;57;57;57m▀[38;2;98;98;98;48;2;57;57;57m▀[48;2;98;98;98m▀[38;2;57;57;57;48;2;57;57;57m▀[38;2;98;98;98;48;2;98;98;98m▀▀[38;2;57;57;57m▀[38;2;98;98;98;48;2;0;0;0m▀[48;2;131;131;131m▀[38;2;57;57;57m▀▀▀[38;2;0;0;0;49m▄[0m
[0m  [38;2;189;172;164;48;2;189;172;164m▀[38;2;238;222;213;48;2;238;222;213m▀▀▀▀[38;2;189;172;164m▀[38;2;213;205;197;48;2;213;205;197m▀[38;2;189;172;164;48;2;189;172;164m▀[38;2;172;82;57m▀[38;2;238;131;65;48;2;172;82;57m▀[48;2;238;131;65m▀▀▀▀[38;2;205;98;74m▀[38;2;189;172;164;48;2;189;172;164m▀▀▀▀▀[48;2;238;222;213m▀[38;2;213;205;197m▀[38;2;238;222;213m▀▀▀[48;2;213;205;197m▀[38;2;213;205;197m▀[38;2;98;98;98;48;2;57;57;57m▀[48;2;98;98;98m▀▀[48;2;57;57;57m▀[38;2;0;0;0;48;2;131;131;131m▀[38;2;131;131;131;48;2;98;98;98m▀[38;2;98;98;98m▀▀▀▀▀▀[38;2;57;57;57;48;2;0;0;0m▀[38;2;131;131;131;48;2;131;131;131m▀[38;2;98;98;98;48;2;98;98;98m▀▀[38;2;57;57;57m▀[38;2;98;98;98;48;2;57;57;57m▀[48;2;98;98;98m▀[38;2;57;57;57;48;2;57;57;57m▀[38;2;98;98;98;48;2;98;98;98m▀▀[38;2;0;0;0;48;2;0;0;0m▀[38;2;131;131;131;48;2;98;98;98m▀▀▀[48;2;57;57;57m▀[38;2;0;0;0m▀[0m
[0m  [38;2;189;172;164m▀[38;2;238;222;213;48;2;189;172;164m▀[48;2;238;222;213m▀▀▀▀[38;2;213;205;197m▀[38;2;189;172;164m▀[48;2;213;205;197m▀[38;2;172;82;57;48;2;0;0;0m▀[38;2;238;131;65;48;2;98;98;98m▀▀▀[38;2;205;98;74m▀[38;2;98;98;98m▀[38;2;189;172;164;48;2;189;172;164m▀▀[48;2;213;205;197m▀[38;2;213;205;197;48;2;189;172;164m▀[38;2;189;172;164;48;2;213;205;197m▀[38;2;238;222;213;48;2;238;222;213m▀▀▀▀▀[38;2;213;205;197m▀[38;2;131;131;131;48;2;213;205;197m▀[38;2;57;57;57;48;2;189;172;164m▀[38;2;98;98;98;48;2;57;57;57m▀[48;2;0;0;0m▀[38;2;0;0;0m▀[38;2;131;131;131;48;2;131;131;131m▀[38;2;98;98;98;48;2;98;98;98m▀▀▀▀▀▀▀▀[38;2;57;57;57;48;2;57;57;57m▀[38;2;131;131;131;48;2;131;131;131m▀[38;2;98;98;98;48;2;98;98;98m▀[48;2;189;172;164m▀[38;2;189;172;164;48;2;213;205;197m▀▀[38;2;57;57;57;48;2;189;172;164m▀[38;2;98;98;98;48;2;0;0;0m▀[38;2;0;0;0;48;2;131;131;131m▀[38;2;131;131;131;48;2;98;98;98m▀[38;2;98;98;98;48;2;189;172;164m▀[48;2;57;57;57m▀[48;2;189;172;164m▀[38;2;57;57;57m▀[38;2;131;131;131;49m▄[0m
[0m  [38;2;189;172;164m▄[48;2;238;222;213m▀[38;2;238;222;213m▀▀▀▀▀▀[38;2;189;172;164;48;2;213;205;197m▀[38;2;0;0;0;48;2;0;0;0m▀[38;2;98;98;98;48;2;205;98;74m▀▀[48;2;238;131;65m▀▀[38;2;205;98;74m▀[38;2;172;82;57m▀[38;2;189;172;164;48;2;131;131;131m▀[48;2;189;172;164m▀[38;2;213;205;197m▀[38;2;189;172;164;48;2;213;205;197m▀[38;2;238;222;213;48;2;189;172;164m▀[48;2;213;205;197m▀[48;2;238;222;213m▀▀▀▀▀[38;2;189;172;164m▀▀▀▀[38;2;98;98;98;48;2;189;172;164m▀[48;2;98;98;98m▀▀▀▀▀[48;2;189;172;164m▀[48;2;213;205;197m▀▀[38;2;0;0;0m▀[38;2;131;131;131;48;2;189;172;164m▀[38;2;189;172;164m▀[38;2;213;205;197;48;2;213;205;197m▀▀▀▀[38;2;189;172;164m▀▀[48;2;189;172;164m▀[48;2;213;205;197m▀[38;2;213;205;197;48;2;189;172;164m▀[38;2;189;172;164;48;2;213;205;197m▀[48;2;189;172;164m▀▀[38;2;131;131;131;48;2;131;131;131m▀[0m
[0m [38;2;189;172;164;48;2;131;131;131m▀[38;2;238;222;213;48;2;238;222;213m▀▀▀▀▀▀[48;2;213;205;197m▀[48;2;189;172;164m▀[38;2;189;172;164m▀[38;2;0;0;0;48;2;96;46;51m▀[38;2;238;131;65m▀[48;2;238;131;65m▀▀▀▀▀[38;2;131;131;131m▀[38;2;189;172;164;48;2;131;131;131m▀[48;2;189;172;164m▀▀▀▀[38;2;213;205;197m▀[38;2;238;222;213;48;2;213;205;197m▀[48;2;238;222;213m▀▀▀▀▀▀▀▀[38;2;189;172;164m▀[38;2;98;98;98;48;2;0;0;0m▀[48;2;57;57;57m▀▀[38;2;189;172;164;48;2;189;172;164m▀[38;2;213;205;197;48;2;213;205;197m▀▀▀▀▀▀▀▀▀▀▀[48;2;189;172;164m▀[48;2;213;205;197m▀[38;2;189;172;164;48;2;189;172;164m▀[38;2;213;205;197m▀[38;2;189;172;164;48;2;213;205;197m▀[38;2;213;205;197;48;2;189;172;164m▀[38;2;189;172;164m▀▀[38;2;131;131;131;48;2;131;131;131m▀[49m▄[0m
[38;2;131;131;131;49m▄[48;2;189;172;164m▀[38;2;238;222;213;48;2;238;222;213m▀▀▀▀[48;2;213;205;197m▀[38;2;213;205;197;48;2;189;172;164m▀[38;2;189;172;164m▀▀[38;2;96;46;51;48;2;96;46;51m▀[38;2;205;98;74;48;2;205;98;74m▀[38;2;96;46;51;48;2;96;46;51m▀[38;2;238;131;65;48;2;205;98;74m▀[48;2;238;131;65m▀▀▀▀[48;2;131;131;131m▀[38;2;189;172;164;48;2;189;172;164m▀▀▀▀▀▀▀[48;2;213;205;197m▀[38;2;213;205;197m▀▀[48;2;189;172;164m▀[38;2;189;172;164;48;2;213;205;197m▀[38;2;238;222;213;48;2;189;172;164m▀[48;2;213;205;197m▀[48;2;189;172;164m▀[38;2;189;172;164m▀▀[38;2;98;98;98m▀[48;2;0;0;0m▀[38;2;189;172;164m▀[38;2;213;205;197;48;2;189;172;164m▀▀[38;2;189;172;164;48;2;213;205;197m▀▀▀▀[38;2;213;205;197;48;2;189;172;164m▀[48;2;213;205;197m▀▀▀[38;2;189;172;164m▀[38;2;213;205;197;48;2;189;172;164m▀[38;2;189;172;164;48;2;213;205;197m▀[38;2;213;205;197;48;2;189;172;164m▀[38;2;189;172;164m▀▀▀▀[48;2;213;205;197m▀[38;2;213;205;197m▀▀[38;2;131;131;131m▀[49m▄[0m
[38;2;131;131;131;48;2;131;131;131m▀[38;2;189;172;164;48;2;189;172;164m▀▀[38;2;213;205;197m▀▀[38;2;189;172;164m▀▀▀[48;2;96;46;51m▀[38;2;96;46;51;48;2;205;98;74m▀[38;2;205;98;74m▀▀▀[38;2;172;82;57m▀[38;2;205;98;74;48;2;96;46;51m▀[48;2;172;82;57m▀▀▀[38;2;131;131;131m▀[38;2;189;172;164;48;2;189;172;164m▀▀▀▀▀▀[38;2;213;205;197;48;2;213;205;197m▀▀▀▀▀[38;2;189;172;164;48;2;189;172;164m▀[38;2;213;205;197m▀[38;2;189;172;164m▀▀▀▀▀▀[38;2;213;205;197m▀[48;2;213;205;197m▀▀▀▀[48;2;189;172;164m▀▀▀[38;2;189;172;164m▀▀[38;2;213;205;197m▀[38;2;189;172;164m▀[38;2;213;205;197m▀[38;2;189;172;164m▀▀▀▀[48;2;131;131;131m▀[48;2;189;172;164m▀▀[38;2;213;205;197m▀▀[38;2;189;172;164m▀[38;2;131;131;131;48;2;131;131;131m▀[0m
[0m [38;2;131;131;131m▀[38;2;189;172;164;48;2;131;131;131m▀[48;2;213;205;197m▀[38;2;213;205;197m▀▀[38;2;189;172;164m▀[48;2;96;46;51m▀[38;2;96;46;51;48;2;238;131;65m▀[38;2;238;131;65m▀▀[38;2;205;98;74m▀[48;2;205;98;74m▀▀▀[38;2;96;46;51m▀[38;2;172;82;57;48;2;0;0;0m▀[48;2;172;82;57m▀▀[38;2;131;131;131;48;2;131;131;131m▀[38;2;189;172;164;48;2;189;172;164m▀▀▀▀▀[38;2;213;205;197m▀[48;2;213;205;197m▀▀▀[48;2;189;172;164m▀[38;2;189;172;164m▀▀▀▀▀▀▀▀▀▀▀▀▀▀▀▀▀▀▀▀▀▀▀▀▀▀[38;2;131;131;131;48;2;131;131;131m▀[38;2;189;172;164;48;2;189;172;164m▀[48;2;131;131;131m▀▀[38;2;131;131;131;49m▀[0m
[0m  [38;2;131;131;131m▀[38;2;189;172;164;48;2;131;131;131m▀[38;2;213;205;197m▀[48;2;213;205;197m▀▀[38;2;96;46;51;48;2;96;46;51m▀[38;2;205;98;74;48;2;98;98;98m▀[38;2;238;131;65m▀[48;2;205;98;74m▀[48;2;238;131;65m▀▀[38;2;205;98;74;48;2;205;98;74m▀▀▀[38;2;172;82;57m▀[38;2;0;0;0m▀[48;2;0;0;0m▀[38;2;172;82;57m▀[38;2;131;131;131;48;2;57;57;57m▀[38;2;189;172;164m▀[48;2;131;131;131m▀[48;2;189;172;164m▀▀▀▀▀▀▀▀▀[48;2;131;131;131m▀[48;2;189;172;164m▀▀▀▀▀▀▀▀▀▀▀[48;2;131;131;131m▀[48;2;189;172;164m▀▀▀[48;2;131;131;131m▀[48;2;189;172;164m▀▀▀▀▀▀▀[48;2;131;131;131m▀[38;2;131;131;131;48;2;96;46;51m▀[0m
[0m     [38;2;131;131;131m▀[38;2;96;46;51;48;2;96;46;51m▀[38;2;238;131;65;48;2;238;131;65m▀[38;2;205;98;74m▀[38;2;98;98;98m▀[48;2;205;98;74m▀[48;2;98;98;98m▀[48;2;57;57;57m▀[38;2;57;57;57m▀▀▀[48;2;0;0;0m▀[38;2;0;0;0;49m▀[38;2;189;172;164;48;2;131;131;131m▀[48;2;189;172;164m▀[38;2;57;57;57m▀▀[48;2;131;131;131m▀[38;2;131;131;131;49m▀[38;2;189;172;164;48;2;131;131;131m▀▀[48;2;189;172;164m▀▀[48;2;131;131;131m▀▀[38;2;131;131;131;48;2;238;131;65m▀[38;2;238;131;65m▀[38;2;205;98;74;48;2;205;98;74m▀[38;2;131;131;131m▀[38;2;189;172;164m▀[48;2;131;131;131m▀▀[48;2;189;172;164m▀▀▀▀▀[48;2;131;131;131m▀▀[38;2;131;131;131;49m▀[38;2;57;57;57m▀▀▀[48;2;96;46;51m▀[38;2;131;131;131;48;2;172;82;57m▀▀[38;2;189;172;164;48;2;131;131;131m▀▀▀▀[38;2;131;131;131;48;2;172;82;57m▀[38;2;172;82;57m▀[38;2;96;46;51m▀[38;2;0;0;0;49m▄[0m
[0m      [38;2;0;0;0;48;2;0;0;0m▀[38;2;238;131;65;48;2;238;131;65m▀▀▀[48;2;205;98;74m▀▀[38;2;205;98;74m▀▀▀[38;2;96;46;51;48;2;96;46;51m▀[0m   [38;2;131;131;131m▀▀▀[0m    [38;2;0;0;0;48;2;0;0;0m▀[38;2;98;98;98;48;2;238;131;65m▀[48;2;205;98;74m▀[48;2;98;98;98m▀▀▀▀[38;2;57;57;57;48;2;57;57;57m▀▀[48;2;205;98;74m▀[38;2;0;0;0;48;2;96;46;51m▀[38;2;131;131;131;49m▀▀▀▀▀[0m      [38;2;96;46;51m▀[38;2;172;82;57;48;2;96;46;51m▀[48;2;172;82;57m▀[38;2;96;46;51;48;2;189;172;164m▀[38;2;172;82;57;48;2;172;82;57m▀[48;2;96;46;51m▀[38;2;96;46;51;48;2;189;172;164m▀[38;2;172;82;57;48;2;172;82;57m▀[38;2;96;46;51;48;2;0;0;0m▀[38;2;189;172;164;48;2;189;172;164m▀[38;2;0;0;0;48;2;0;0;0m▀[0m
[0m     [38;2;98;98;98;48;2;0;0;0m▀[38;2;189;172;164;48;2;238;222;213m▀[38;2;205;98;74;48;2;98;98;98m▀[38;2;96;46;51;48;2;189;172;164m▀[38;2;205;98;74;48;2;96;46;51m▀[48;2;205;98;74m▀[38;2;96;46;51;48;2;189;172;164m▀[38;2;205;98;74;48;2;96;46;51m▀[48;2;205;98;74m▀[38;2;96;46;51;48;2;0;0;0m▀[0m           [38;2;0;0;0m▀[38;2;205;98;74;48;2;96;46;51m▀[38;2;238;131;65;48;2;238;131;65m▀▀▀▀[38;2;205;98;74;48;2;205;98;74m▀▀▀▀▀[38;2;0;0;0;49m▄[0m           [38;2;0;0;0m▀▀[38;2;189;172;164;48;2;0;0;0m▀[38;2;0;0;0m▀[49m▀[38;2;189;172;164;48;2;0;0;0m▀[38;2;0;0;0m▀[0m [38;2;0;0;0m▀▀[0m
[0m     [38;2;0;0;0m▀▀[48;2;0;0;0m▀[38;2;238;222;213m▀[38;2;0;0;0;49m▀▀[38;2;238;222;213;48;2;0;0;0m▀[38;2;0;0;0;49m▀▀[0m             [38;2;96;46;51;48;2;0;0;0m▀[38;2;238;131;65;48;2;205;98;74m▀[48;2;0;0;0m▀[48;2;205;98;74m▀[38;2;205;98;74m▀[48;2;96;46;51m▀[48;2;205;98;74m▀▀[48;2;96;46;51m▀[48;2;205;98;74m▀[38;2;0;0;0;48;2;0;0;0m▀[0m
[0m                           [38;2;0;0;0m▀[38;2;205;98;74;48;2;0;0;0m▀[38;2;189;172;164;48;2;238;222;213m▀[38;2;96;46;51;48;2;0;0;0m▀[38;2;172;82;57m▀[38;2;189;172;164;48;2;238;222;213m▀[38;2;96;46;51;48;2;0;0;0m▀[38;2;172;82;57m▀[38;2;189;172;164;48;2;238;222;213m▀[38;2;96;46;51;48;2;0;0;0m▀[38;2;0;0;0;49m▀[0m
[0m                             [38;2;0;0;0m▀[0m  [38;2;0;0;0m▀[0m  [38;2;0;0;0m▀[0m
