[0m             [38;2;197;98;123m▄▄[48;2;238;131;172m▀[48;2;246;164;189m▀▀▀[48;2;238;131;172m▀[38;2;164;57;65;49m▄▄[0m
[0m           [38;2;197;98;123m▄[48;2;238;131;172m▀[38;2;246;164;189;48;2;255;232;241m▀[38;2;255;232;241m▀▀[38;2;246;164;189m▀[48;2;238;131;172m▀▀▀▀[38;2;238;131;172;48;2;246;164;189m▀[38;2;164;57;65;48;2;238;131;172m▀[49m▄[0m
[0m          [38;2;164;57;65m▄[38;2;197;98;123;48;2;238;131;172m▀[38;2;246;164;189;48;2;246;164;189m▀[38;2;255;232;241m▀[48;2;255;232;241m▀▀[48;2;197;98;123m▀[38;2;197;98;123m▀▀▀[38;2;238;131;172m▀[48;2;238;131;172m▀[38;2;246;164;189m▀[38;2;164;57;65m▀[49m▄[0m
[0m          [38;2;164;57;65;48;2;164;57;65m▀[38;2;246;164;189;48;2;246;164;189m▀▀[38;2;238;131;172;48;2;238;131;172m▀[38;2;197;98;123;48;2;197;98;123m▀▀▀▀▀▀▀▀[38;2;238;131;172;48;2;238;131;172m▀[38;2;246;164;189;48;2;246;164;189m▀[38;2;164;57;65;48;2;164;57;65m▀[0m
[0m          [38;2;164;57;65;48;2;164;57;65m▀[38;2;246;164;189;48;2;238;131;172m▀[48;2;246;164;189m▀[38;2;238;131;172;48;2;238;131;172m▀[38;2;197;98;123;48;2;197;98;123m▀▀▀▀▀▀▀▀[38;2;238;131;172;48;2;238;131;172m▀[38;2;246;164;189m▀[38;2;164;57;65;48;2;164;57;65m▀[0m
[0m         [38;2;91;91;115;48;2;123;123;139m▀[48;2;164;164;172m▀[38;2;164;57;65;48;2;164;57;65m▀[38;2;246;164;189;48;2;238;131;172m▀[38;2;238;131;172;48;2;246;164;189m▀[48;2;238;131;172m▀[38;2;197;98;123m▀[48;2;197;98;123m▀▀▀▀[48;2;238;131;172m▀[38;2;238;131;172m▀[48;2;246;164;189m▀[38;2;164;57;65;48;2;164;57;65m▀[0m
[0m        [38;2;91;91;115;48;2;91;91;115m▀[38;2;164;164;172;48;2;164;164;172m▀▀[38;2;123;123;139;48;2;123;123;139m▀[38;2;164;57;65m▀[38;2;238;131;172;48;2;164;57;65m▀[38;2;246;164;189m▀[38;2;238;131;172;48;2;246;164;189m▀▀▀▀[48;2;0;0;0m▀[38;2;57;65;82;48;2;164;164;172m▀[48;2;57;65;82m▀[38;2;164;57;65;49m▀[0m
[0m      [38;2;91;91;115m▄[48;2;164;164;172m▀[38;2;164;164;172m▀▀▀▀[38;2;123;123;139m▀▀[38;2;164;164;172m▀[38;2;164;57;65m▀▀[48;2;57;65;82m▀[38;2;57;65;82;48;2;164;164;172m▀[38;2;164;164;172m▀▀▀[38;2;57;65;82;48;2;0;0;0m▀[0m
[0m     [38;2;91;91;115;48;2;91;91;115m▀[38;2;123;123;139;48;2;164;164;172m▀[38;2;164;164;172m▀▀[48;2;255;232;241m▀[48;2;0;0;0m▀[48;2;164;164;172m▀▀▀▀▀▀▀▀▀▀▀[38;2;0;0;0m▀[38;2;57;65;82;49m▄[0m
[38;2;0;0;0;49m▄[48;2;164;164;172m▀[38;2;91;91;115m▀[49m▄[48;2;91;91;115m▀[38;2;164;164;172;48;2;238;131;172m▀▀▀[48;2;91;91;115m▀[38;2;57;65;82m▀[38;2;0;0;0m▀[38;2;164;164;172;48;2;164;164;172m▀▀▀▀▀[48;2;255;232;241m▀[48;2;0;0;0m▀[48;2;164;164;172m▀▀▀▀▀[38;2;0;0;0;48;2;0;0;0m▀[0m
[38;2;0;0;0;49m▀[38;2;164;164;172;48;2;0;0;0m▀[48;2;164;164;172m▀[38;2;123;123;139m▀[38;2;164;164;172m▀[38;2;238;131;172m▀[48;2;91;91;115m▀[38;2;91;91;115;48;2;164;164;172m▀[38;2;164;164;172;48;2;91;91;115m▀[48;2;164;164;172m▀▀[38;2;91;91;115m▀▀[38;2;57;65;82m▀[38;2;164;164;172;48;2;57;65;82m▀[48;2;164;164;172m▀[38;2;57;65;82m▀[38;2;0;0;0m▀[38;2;164;164;172m▀▀▀▀▀[38;2;0;0;0;48;2;57;65;82m▀[38;2;57;65;82;49m▄[0m
[0m [38;2;0;0;0m▀[38;2;164;164;172;48;2;0;0;0m▀[38;2;91;91;115;48;2;91;91;115m▀[38;2;164;164;172;48;2;164;164;172m▀▀[38;2;91;91;115;48;2;57;65;82m▀[38;2;123;123;139;48;2;123;123;139m▀[38;2;0;0;0m▀[38;2;164;164;172m▀[48;2;164;164;172m▀▀[38;2;0;0;0;48;2;0;0;0m▀[38;2;164;164;172;48;2;164;164;172m▀[48;2;123;123;139m▀[38;2;57;65;82;48;2;57;65;82m▀[38;2;164;164;172;48;2;164;164;172m▀▀[38;2;238;131;172;48;2;238;131;172m▀▀▀[38;2;164;164;172;48;2;164;164;172m▀▀[38;2;123;123;139;48;2;123;123;139m▀[38;2;0;0;0;48;2;0;0;0m▀[0m
[0m  [38;2;57;65;82;48;2;57;65;82m▀[38;2;164;164;172;48;2;164;164;172m▀▀▀▀[38;2;57;65;82m▀▀▀[38;2;123;123;139;48;2;57;65;82m▀▀[48;2;123;123;139m▀▀▀[38;2;57;65;82;48;2;57;65;82m▀[38;2;164;164;172;48;2;164;164;172m▀▀▀▀▀[38;2;91;91;115m▀▀[38;2;123;123;139;48;2;57;65;82m▀[38;2;0;0;0m▀[0m
[0m  [38;2;57;65;82;48;2;57;65;82m▀[38;2;164;164;172;48;2;123;123;139m▀[48;2;164;164;172m▀▀▀▀▀▀▀▀[38;2;57;65;82m▀▀▀[38;2;164;164;172m▀▀▀▀▀▀▀▀▀[48;2;123;123;139m▀[38;2;0;0;0;48;2;0;0;0m▀[0m
[0m  [38;2;57;65;82;48;2;91;91;115m▀[38;2;123;123;139m▀[38;2;164;164;172;48;2;123;123;139m▀[48;2;164;164;172m▀▀▀▀▀▀▀▀▀▀▀▀▀▀▀[48;2;123;123;139m▀[38;2;123;123;139;48;2;0;0;0m▀▀[38;2;0;0;0;48;2;123;123;139m▀[48;2;0;0;0m▀[0m
[0m   [38;2;0;0;0;48;2;0;0;0m▀[38;2;123;123;139;48;2;123;123;139m▀▀[38;2;164;164;172m▀[48;2;164;164;172m▀▀▀▀▀▀▀▀▀▀▀▀[48;2;123;123;139m▀[38;2;123;123;139m▀▀▀[48;2;0;0;0m▀[38;2;0;0;0;49m▀[0m
[0m    [38;2;0;0;0;48;2;0;0;0m▀[38;2;123;123;139;48;2;123;123;139m▀▀▀▀[38;2;164;164;172m▀▀▀▀▀▀▀[38;2;123;123;139m▀▀▀▀▀▀[48;2;0;0;0m▀[38;2;0;0;0;49m▀[0m
[0m     [38;2;0;0;0m▀[38;2;123;123;139;48;2;0;0;0m▀[48;2;123;123;139m▀▀▀▀▀▀▀▀▀▀▀▀[48;2;0;0;0m▀▀[38;2;0;0;0;49m▀[0m
[0m       [38;2;0;0;0m▀▀[38;2;123;123;139;48;2;0;0;0m▀▀▀▀▀▀▀▀[38;2;0;0;0;48;2;57;65;82m▀[48;2;0;0;0m▀[0m
[0m        [38;2;57;65;82;48;2;0;0;0m▀[38;2;123;123;139;48;2;123;123;139m▀[38;2;91;91;115;48;2;0;0;0m▀[38;2;57;65;82;49m▀▀[0m [38;2;0;0;0m▄[38;2;57;65;82;48;2;0;0;0m▀[38;2;0;0;0;48;2;91;91;115m▀[38;2;91;91;115;48;2;57;65;82m▀[38;2;0;0;0;48;2;0;0;0m▀[0m
[0m        [38;2;0;0;0m▀[38;2;164;164;172;48;2;0;0;0m▀[38;2;123;123;139;48;2;164;164;172m▀[38;2;57;65;82m▀▀[38;2;0;0;0;48;2;123;123;139m▀[38;2;57;65;82m▀[38;2;123;123;139;48;2;0;0;0m▀[38;2;91;91;115m▀[38;2;0;0;0;48;2;57;65;82m▀[38;2;57;65;82;49m▄[0m
[0m        [38;2;57;65;82m▄[48;2;123;123;139m▀[38;2;0;0;0m▀[48;2;57;65;82m▀▀[49m▀▀[38;2;57;65;82m▀[48;2;0;0;0m▀[48;2;91;91;115m▀[38;2;91;91;115m▀[38;2;0;0;0;48;2;0;0;0m▀[0m
[0m        [38;2;0;0;0;48;2;0;0;0m▀[38;2;123;123;139;48;2;123;123;139m▀[38;2;0;0;0;48;2;164;164;172m▀[49m▄▄[38;2;57;65;82m▄[38;2;0;0;0;48;2;91;91;115m▀▀[38;2;57;65;82m▀[38;2;91;91;115;48;2;0;0;0m▀[38;2;0;0;0m▀[0m
[0m         [38;2;0;0;0m▀[38;2;123;123;139;48;2;0;0;0m▀[38;2;164;164;172m▀▀[38;2;123;123;139m▀▀[38;2;0;0;0m▀[48;2;57;65;82m▀[38;2;57;65;82;48;2;0;0;0m▀[38;2;0;0;0;49m▀[0m
[0m              [38;2;0;0;0m▄[48;2;91;91;115m▀[38;2;57;65;82;48;2;0;0;0m▀[38;2;0;0;0;49m▀[0m
[0m              [38;2;0;0;0m▀▀[0m
