[0m               [38;2;74;74;82m▄[48;2;156;156;164m▀▀▀[49m▄▄[0m
[0m                [38;2;74;74;82m▀[38;2;156;156;164;48;2;74;74;82m▀[48;2;123;123;131m▀[48;2;156;156;164m▀▀[38;2;74;74;82;48;2;123;123;131m▀[49m▄[0m            [38;2;16;16;16m▄▄[38;2;98;98;115m▄[48;2;156;156;164m▀▀▀[38;2;74;74;82m▀▀[38;2;16;16;16m▀[49m▄[0m
[0m                 [38;2;16;16;16;48;2;16;16;16m▀[38;2;98;98;115;48;2;98;98;115m▀[38;2;123;123;131m▀▀▀[48;2;74;74;82m▀[38;2;16;16;16m▀[38;2;189;98;172;49m▄[38;2;213;131;205m▄[38;2;189;98;172;48;2;213;131;205m▀[48;2;230;164;222m▀▀▀▀[38;2;106;65;106;49m▄[38;2;16;16;16m▄[48;2;98;98;115m▀[48;2;123;123;131m▀[38;2;98;98;115;48;2;156;156;164m▀[38;2;156;156;164m▀▀▀[48;2;123;123;131m▀[48;2;164;65;90m▀▀[38;2;164;65;90;48;2;205;90;123m▀[48;2;16;16;16m▀[38;2;16;16;16;49m▀[0m
[0m                [38;2;74;74;82;48;2;16;16;16m▀[38;2;98;98;115;48;2;98;98;115m▀▀▀[48;2;189;98;172m▀[38;2;74;74;82;48;2;74;74;82m▀[38;2;255;255;255;48;2;98;98;115m▀[38;2;156;156;164;48;2;74;74;82m▀[38;2;16;16;16;48;2;16;16;16m▀[38;2;230;164;222;48;2;230;164;222m▀▀▀▀▀[48;2;16;16;16m▀[38;2;16;16;16;48;2;98;98;115m▀[38;2;98;98;115m▀[38;2;123;123;131;48;2;123;123;131m▀[48;2;156;156;164m▀[38;2;156;156;164;48;2;123;123;131m▀▀[38;2;123;123;131;48;2;164;65;90m▀[38;2;164;65;90;48;2;205;90;123m▀[48;2;238;123;148m▀[38;2;205;90;123m▀[48;2;205;90;123m▀[38;2;164;65;90;48;2;16;16;16m▀[38;2;16;16;16;49m▀[0m
[0m                [38;2;16;16;16;48;2;16;16;16m▀[38;2;98;98;115;48;2;98;98;115m▀[48;2;189;98;172m▀[38;2;189;98;172;48;2;98;98;115m▀[38;2;213;131;205m▀[38;2;230;164;222;48;2;230;164;222m▀[38;2;16;16;16m▀▀[38;2;230;164;222m▀▀▀▀▀▀[38;2;16;16;16m▀[38;2;98;98;115;48;2;16;16;16m▀[48;2;98;98;115m▀▀[38;2;123;123;131m▀[48;2;123;123;131m▀[38;2;164;65;90;48;2;164;65;90m▀[38;2;205;90;123;48;2;205;90;123m▀[38;2;238;123;148;48;2;238;123;148m▀▀[48;2;205;90;123m▀[38;2;16;16;16;48;2;16;16;16m▀[0m
[0m                 [38;2;16;16;16;48;2;189;98;172m▀[38;2;74;74;82;48;2;74;74;82m▀[38;2;255;255;255;48;2;98;98;115m▀[38;2;156;156;164;48;2;74;74;82m▀[38;2;16;16;16;48;2;16;16;16m▀[38;2;230;164;222;48;2;230;164;222m▀▀▀▀▀▀▀▀▀[38;2;16;16;16m▀[38;2;98;98;115;48;2;16;16;16m▀[48;2;98;98;115m▀▀[38;2;123;123;131m▀[38;2;164;65;90;48;2;164;65;90m▀[38;2;238;123;148;48;2;238;123;148m▀▀[38;2;205;90;123;48;2;164;65;90m▀[38;2;16;16;16;48;2;16;16;16m▀[0m
[0m                [38;2;189;98;172;48;2;189;98;172m▀[38;2;213;131;205;48;2;230;164;222m▀[38;2;230;164;222m▀[38;2;16;16;16m▀▀[38;2;230;164;222m▀▀▀▀▀[48;2;106;65;106m▀[38;2;106;65;106;48;2;16;16;16m▀[48;2;255;255;255m▀▀[38;2;230;164;222;48;2;106;65;106m▀[38;2;213;131;205;48;2;189;98;172m▀[38;2;189;98;172m▀[38;2;74;74;82;48;2;16;16;16m▀[38;2;98;98;115;48;2;98;98;115m▀[38;2;164;65;90;48;2;164;65;90m▀[38;2;205;90;123;48;2;205;90;123m▀[38;2;238;123;148m▀[38;2;205;90;123;48;2;164;65;90m▀[38;2;74;74;82;48;2;74;74;82m▀[38;2;16;16;16;48;2;16;16;16m▀[0m
[0m              [38;2;205;90;123m▄[48;2;205;90;123m▀[48;2;246;164;180m▀▀▀▀[38;2;164;65;90;48;2;238;123;148m▀[38;2;189;98;172;48;2;164;65;90m▀[38;2;230;164;222;48;2;189;98;172m▀[48;2;230;164;222m▀▀[38;2;106;65;106;48;2;16;16;16m▀[38;2;255;255;255m▀[38;2;16;16;16m▀[38;2;255;255;255;48;2;255;255;255m▀[48;2;230;164;222m▀[38;2;106;65;106;48;2;189;98;172m▀[38;2;189;98;172m▀▀[38;2;16;16;16;48;2;16;16;16m▀[38;2;98;98;115;48;2;98;98;115m▀[38;2;164;65;90;48;2;164;65;90m▀[38;2;205;90;123m▀▀[38;2;164;65;90;48;2;74;74;82m▀[38;2;74;74;82;48;2;16;16;16m▀[38;2;16;16;16;49m▀[0m
[0m              [38;2;164;65;90;48;2;16;16;16m▀[38;2;238;123;148;48;2;205;90;123m▀[38;2;164;65;90;48;2;16;16;16m▀[38;2;246;164;180;48;2;246;164;180m▀▀[38;2;164;65;90;48;2;16;16;16m▀[38;2;238;123;148;48;2;238;123;148m▀[48;2;205;90;123m▀[38;2;164;65;90;48;2;164;65;90m▀[38;2;213;131;205;48;2;189;98;172m▀▀[38;2;189;98;172m▀[38;2;106;65;106m▀▀▀[38;2;189;98;172m▀▀▀▀[38;2;74;74;82;48;2;74;74;82m▀[38;2;98;98;115m▀[48;2;98;98;115m▀[38;2;164;65;90;48;2;74;74;82m▀[38;2;74;74;82m▀[48;2;16;16;16m▀[38;2;16;16;16;49m▀[0m
[0m    [38;2;74;74;82m▄▄[48;2;156;156;164m▀▀▀▀[49m▄[38;2;16;16;16m▄[0m  [38;2;16;16;16m▀[38;2;164;65;90;48;2;16;16;16m▀[38;2;205;90;123m▀▀[48;2;164;65;90m▀▀▀[38;2;164;65;90;48;2;189;98;172m▀[38;2;189;98;172m▀▀[48;2;106;65;106m▀▀[48;2;189;98;172m▀▀▀▀▀▀▀[38;2;74;74;82m▀[48;2;74;74;82m▀[48;2;16;16;16m▀▀[38;2;16;16;16;48;2;189;98;172m▀[38;2;106;65;106;48;2;106;65;106m▀[0m
[0m  [38;2;74;74;82m▄[48;2;156;156;164m▀[38;2;156;156;164;48;2;106;65;106m▀▀▀▀[48;2;156;156;164m▀▀▀[38;2;123;123;131m▀[38;2;16;16;16;48;2;123;123;131m▀[49m▄[0m    [38;2;16;16;16m▀▀[38;2;106;65;106;48;2;16;16;16m▀[48;2;189;98;172m▀▀▀[38;2;189;98;172m▀▀▀▀▀▀▀▀▀▀▀▀▀▀[38;2;106;65;106m▀[49m▄[0m   [38;2;16;16;16m▄▄[38;2;74;74;82;48;2;156;156;164m▀▀▀[49m▄▄[0m
[0m [38;2;16;16;16m▄[48;2;230;164;222m▀[38;2;106;65;106m▀[38;2;230;164;222m▀[38;2;213;131;205;48;2;189;98;172m▀[38;2;230;164;222;48;2;230;164;222m▀[38;2;213;131;205m▀[38;2;106;65;106;48;2;189;98;172m▀[38;2;156;156;164;48;2;16;16;16m▀[48;2;123;123;131m▀[38;2;123;123;131m▀▀▀[38;2;16;16;16m▀[49m▄▄[0m    [38;2;16;16;16;48;2;16;16;16m▀[38;2;189;98;172m▀[48;2;213;131;205m▀[48;2;189;98;172m▀▀▀▀▀▀▀▀▀▀▀[48;2;16;16;16m▀▀[48;2;74;74;82m▀[38;2;16;16;16;48;2;98;98;115m▀[48;2;123;123;131m▀▀[38;2;74;74;82;48;2;16;16;16m▀[38;2;16;16;16;48;2;156;156;164m▀[38;2;156;156;164;48;2;106;65;106m▀▀▀▀[48;2;156;156;164m▀▀▀[38;2;74;74;82;48;2;74;74;82m▀[0m
[38;2;16;16;16;48;2;16;16;16m▀[38;2;230;164;222;48;2;230;164;222m▀[38;2;106;65;106;48;2;16;16;16m▀[38;2;230;164;222;48;2;189;98;172m▀[38;2;189;98;172;48;2;16;16;16m▀[38;2;16;16;16;48;2;74;74;82m▀[38;2;189;98;172;48;2;16;16;16m▀[38;2;230;164;222;48;2;189;98;172m▀[38;2;189;98;172;48;2;16;16;16m▀[38;2;16;16;16;48;2;74;74;82m▀[38;2;98;98;115;48;2;98;98;115m▀[38;2;123;123;131;48;2;123;123;131m▀▀▀▀[38;2;98;98;115m▀[38;2;74;74;82;48;2;98;98;115m▀[38;2;16;16;16;48;2;74;74;82m▀▀▀▀[38;2;74;74;82;48;2;16;16;16m▀[38;2;16;16;16;48;2;230;164;222m▀[38;2;230;164;222m▀[38;2;213;131;205m▀[38;2;189;98;172m▀[48;2;213;131;205m▀[48;2;189;98;172m▀▀▀▀▀▀[48;2;74;74;82m▀[38;2;16;16;16m▀[38;2;74;74;82;48;2;98;98;115m▀▀[38;2;98;98;115;48;2;123;123;131m▀[38;2;123;123;131m▀▀[48;2;16;16;16m▀[38;2;106;65;106;48;2;230;164;222m▀▀[38;2;230;164;222;48;2;106;65;106m▀[48;2;230;164;222m▀[48;2;213;131;205m▀[48;2;230;164;222m▀[38;2;106;65;106m▀[38;2;16;16;16;48;2;213;131;205m▀[38;2;156;156;164;48;2;16;16;16m▀[48;2;123;123;131m▀[38;2;16;16;16;48;2;16;16;16m▀[0m
[38;2;16;16;16;49m▀[38;2;189;98;172;48;2;16;16;16m▀[38;2;16;16;16;49m▀[48;2;16;16;16m▀[38;2;74;74;82m▀[48;2;74;74;82m▀[38;2;16;16;16m▀▀[38;2;74;74;82m▀▀▀[38;2;123;123;131m▀[48;2;98;98;115m▀[48;2;123;123;131m▀▀▀▀[38;2;98;98;115;48;2;98;98;115m▀[38;2;74;74;82;48;2;106;65;106m▀▀[38;2;16;16;16;48;2;230;164;222m▀[38;2;213;131;205m▀[38;2;230;164;222m▀▀▀▀▀▀[38;2;213;131;205m▀▀[38;2;189;98;172;48;2;213;131;205m▀[48;2;189;98;172m▀▀[38;2;16;16;16;48;2;16;16;16m▀[38;2;123;123;131;48;2;123;123;131m▀▀▀▀▀▀[38;2;16;16;16m▀[38;2;230;164;222;48;2;16;16;16m▀[38;2;106;65;106m▀[38;2;230;164;222;48;2;230;164;222m▀[48;2;16;16;16m▀[38;2;106;65;106m▀[38;2;230;164;222;48;2;230;164;222m▀[48;2;106;65;106m▀[38;2;189;98;172;48;2;16;16;16m▀[38;2;16;16;16;48;2;74;74;82m▀[38;2;98;98;115m▀[38;2;74;74;82m▀[38;2;16;16;16;48;2;16;16;16m▀[0m
[0m     [38;2;16;16;16m▀▀[38;2;74;74;82;48;2;16;16;16m▀[48;2;74;74;82m▀▀▀▀▀▀[38;2;98;98;115m▀▀[38;2;74;74;82;48;2;106;65;106m▀[38;2;106;65;106;48;2;213;131;205m▀[38;2;213;131;205;48;2;230;164;222m▀[38;2;230;164;222m▀▀▀▀▀▀▀▀▀▀▀▀[38;2;213;131;205m▀[38;2;189;98;172;48;2;213;131;205m▀[38;2;16;16;16;48;2;189;98;172m▀[38;2;98;98;115;48;2;74;74;82m▀[38;2;123;123;131m▀▀[48;2;123;123;131m▀▀▀[48;2;98;98;115m▀▀[38;2;16;16;16;48;2;74;74;82m▀▀[38;2;74;74;82m▀▀[38;2;16;16;16m▀▀[38;2;74;74;82m▀▀▀▀[38;2;16;16;16;48;2;16;16;16m▀[0m
[0m        [38;2;16;16;16m▀[38;2;74;74;82;48;2;16;16;16m▀▀[48;2;74;74;82m▀▀▀[48;2;16;16;16m▀[48;2;106;65;106m▀[38;2;106;65;106;48;2;230;164;222m▀[38;2;230;164;222m▀[48;2;74;74;82m▀▀[48;2;230;164;222m▀▀▀▀▀▀▀▀▀▀▀▀▀[38;2;213;131;205m▀[38;2;16;16;16;48;2;189;98;172m▀[38;2;74;74;82;48;2;16;16;16m▀▀[48;2;74;74;82m▀▀▀▀▀▀▀▀▀▀▀▀▀▀[38;2;16;16;16;48;2;16;16;16m▀[38;2;164;65;90;48;2;238;123;148m▀▀[49m▄[0m
[0m           [38;2;16;16;16m▀▀▀[38;2;106;65;106m▄[48;2;213;131;205m▀[38;2;230;164;222;48;2;16;16;16m▀[38;2;74;74;82;48;2;123;123;131m▀[38;2;156;156;164;48;2;255;255;255m▀[38;2;98;98;115;48;2;156;156;164m▀[38;2;74;74;82;48;2;98;98;115m▀[38;2;230;164;222;48;2;16;16;16m▀[48;2;230;164;222m▀▀▀▀▀▀▀▀▀▀▀▀[38;2;213;131;205m▀[38;2;189;98;172;48;2;189;98;172m▀▀[38;2;16;16;16m▀▀[38;2;74;74;82;48;2;16;16;16m▀▀[48;2;74;74;82m▀▀▀▀▀▀▀[48;2;16;16;16m▀▀[38;2;16;16;16;48;2;164;65;90m▀[38;2;205;90;123m▀[38;2;238;123;148;48;2;238;123;148m▀▀▀[38;2;164;65;90;48;2;164;65;90m▀[0m
[0m             [38;2;16;16;16m▄[38;2;106;65;106;48;2;213;131;205m▀[38;2;230;164;222;48;2;230;164;222m▀[38;2;16;16;16;48;2;16;16;16m▀[38;2;98;98;115;48;2;74;74;82m▀[38;2;156;156;164;48;2;98;98;115m▀[38;2;98;98;115;48;2;74;74;82m▀[38;2;74;74;82m▀[38;2;16;16;16;48;2;16;16;16m▀[38;2;213;131;205;48;2;213;131;205m▀[38;2;230;164;222;48;2;230;164;222m▀▀▀▀▀▀▀▀▀▀▀▀[38;2;213;131;205m▀[38;2;189;98;172;48;2;189;98;172m▀▀▀▀▀[38;2;16;16;16m▀[48;2;16;16;16m▀[48;2;205;90;123m▀▀▀▀[48;2;164;65;90m▀[0m   [38;2;16;16;16m▀[38;2;164;65;90;48;2;16;16;16m▀[38;2;238;123;148;48;2;238;123;148m▀▀▀[38;2;164;65;90;48;2;16;16;16m▀[0m
[0m           [38;2;16;16;16m▄[48;2;98;98;115m▀[38;2;74;74;82;48;2;74;74;82m▀[38;2;230;164;222;48;2;230;164;222m▀▀▀[38;2;16;16;16;48;2;74;74;82m▀[38;2;74;74;82;48;2;16;16;16m▀▀[38;2;16;16;16;48;2;74;74;82m▀[38;2;189;98;172;48;2;189;98;172m▀[38;2;213;131;205;48;2;230;164;222m▀[38;2;230;164;222m▀▀▀▀▀▀▀▀▀▀▀[48;2;74;74;82m▀▀[38;2;213;131;205m▀[38;2;189;98;172;48;2;16;16;16m▀▀▀[48;2;106;65;106m▀[38;2;106;65;106m▀[38;2;16;16;16;48;2;16;16;16m▀[38;2;164;65;90;49m▀▀[38;2;205;90;123;48;2;164;65;90m▀[38;2;238;123;148;48;2;238;123;148m▀▀[38;2;164;65;90m▀[49m▄[0m  [38;2;16;16;16m▀[38;2;205;90;123;48;2;16;16;16m▀[38;2;238;123;148;48;2;238;123;148m▀▀▀[38;2;16;16;16;48;2;16;16;16m▀[0m
[0m          [38;2;16;16;16m▄[48;2;98;98;115m▀[38;2;123;123;131;48;2;123;123;131m▀[48;2;74;74;82m▀[38;2;230;164;222;48;2;230;164;222m▀▀[48;2;213;131;205m▀[38;2;74;74;82;48;2;98;98;115m▀▀▀▀[38;2;213;131;205;48;2;230;164;222m▀[38;2;230;164;222m▀▀▀▀▀▀▀▀▀[38;2;213;131;205;48;2;74;74;82m▀[38;2;74;74;82;48;2;123;123;131m▀▀[38;2;123;123;131m▀▀▀▀[38;2;98;98;115m▀[38;2;74;74;82;48;2;74;74;82m▀[38;2;16;16;16m▀[38;2;106;65;106;48;2;16;16;16m▀[48;2;106;65;106m▀[38;2;16;16;16;48;2;16;16;16m▀[0m  [38;2;164;65;90;48;2;164;65;90m▀[38;2;238;123;148;48;2;238;123;148m▀▀[38;2;164;65;90m▀[38;2;16;16;16;49m▄[0m  [38;2;16;16;16;48;2;16;16;16m▀[38;2;205;90;123;48;2;205;90;123m▀[38;2;238;123;148;48;2;238;123;148m▀▀[38;2;16;16;16;48;2;16;16;16m▀[0m
[0m          [38;2;16;16;16;48;2;16;16;16m▀[38;2;123;123;131;48;2;123;123;131m▀▀[38;2;16;16;16;48;2;16;16;16m▀[38;2;230;164;222;48;2;213;131;205m▀[48;2;230;164;222m▀[38;2;189;98;172;48;2;98;98;115m▀[38;2;98;98;115m▀▀▀▀[38;2;213;131;205m▀[38;2;230;164;222;48;2;230;164;222m▀▀▀▀▀▀▀▀[38;2;74;74;82;48;2;74;74;82m▀[38;2;98;98;115;48;2;123;123;131m▀[38;2;123;123;131m▀▀▀▀▀▀▀[38;2;98;98;115;48;2;98;98;115m▀[38;2;74;74;82;48;2;74;74;82m▀▀[38;2;16;16;16m▀[48;2;16;16;16m▀[0m   [38;2;164;65;90;48;2;164;65;90m▀[38;2;238;123;148;48;2;238;123;148m▀▀[38;2;16;16;16;48;2;16;16;16m▀[0m  [38;2;16;16;16;48;2;16;16;16m▀[38;2;205;90;123;48;2;205;90;123m▀[38;2;238;123;148;48;2;238;123;148m▀▀[38;2;16;16;16;48;2;16;16;16m▀[0m
[0m          [38;2;16;16;16;48;2;16;16;16m▀[38;2;123;123;131;48;2;123;123;131m▀▀[38;2;16;16;16;48;2;98;98;115m▀[38;2;189;98;172;48;2;16;16;16m▀[38;2;230;164;222;48;2;213;131;205m▀[38;2;98;98;115;48;2;98;98;115m▀▀▀▀▀▀[38;2;213;131;205m▀[38;2;230;164;222;48;2;213;131;205m▀[48;2;230;164;222m▀▀▀▀[48;2;213;131;205m▀[38;2;213;131;205;48;2;74;74;82m▀[38;2;74;74;82;48;2;123;123;131m▀[38;2;123;123;131m▀▀▀▀▀▀▀▀[38;2;98;98;115;48;2;98;98;115m▀[38;2;74;74;82;48;2;74;74;82m▀▀▀[38;2;16;16;16m▀[49m▄[0m [38;2;164;65;90m▄[48;2;164;65;90m▀[38;2;238;123;148;48;2;205;90;123m▀[38;2;205;90;123m▀[38;2;16;16;16;48;2;16;16;16m▀[0m  [38;2;16;16;16;48;2;164;65;90m▀[38;2;205;90;123;48;2;205;90;123m▀[38;2;238;123;148m▀[38;2;205;90;123m▀[38;2;16;16;16;48;2;16;16;16m▀[0m
[0m          [38;2;16;16;16m▀[38;2;123;123;131;48;2;16;16;16m▀[38;2;98;98;115;48;2;74;74;82m▀[38;2;74;74;82m▀[38;2;16;16;16m▀[38;2;189;98;172;48;2;16;16;16m▀[38;2;98;98;115;48;2;74;74;82m▀[48;2;98;98;115m▀▀▀▀▀▀▀▀[38;2;213;131;205m▀[38;2;230;164;222;48;2;74;74;82m▀[38;2;189;98;172m▀▀[38;2;16;16;16;48;2;16;16;16m▀[38;2;123;123;131;48;2;123;123;131m▀▀▀▀▀▀▀▀[48;2;98;98;115m▀[38;2;74;74;82;48;2;74;74;82m▀▀▀▀▀[38;2;16;16;16;48;2;16;16;16m▀[38;2;164;65;90;48;2;164;65;90m▀▀[38;2;205;90;123m▀[48;2;205;90;123m▀[38;2;16;16;16;48;2;16;16;16m▀[0m  [38;2;164;65;90;48;2;16;16;16m▀[38;2;205;90;123;48;2;205;90;123m▀▀▀[48;2;16;16;16m▀[38;2;16;16;16;49m▀[0m
[0m           [38;2;16;16;16m▀[38;2;74;74;82;48;2;16;16;16m▀[48;2;74;74;82m▀▀[38;2;16;16;16m▀[38;2;74;74;82;48;2;16;16;16m▀[48;2;74;74;82m▀[38;2;98;98;115m▀▀▀▀▀[38;2;74;74;82m▀▀▀▀▀▀[38;2;16;16;16;48;2;16;16;16m▀[38;2;98;98;115;48;2;74;74;82m▀[38;2;123;123;131;48;2;123;123;131m▀▀▀▀▀[48;2;98;98;115m▀[48;2;74;74;82m▀[38;2;74;74;82m▀▀▀▀▀▀[38;2;16;16;16;48;2;16;16;16m▀[38;2;164;65;90m▀▀[38;2;16;16;16;49m▀▀[0m    [38;2;16;16;16m▀▀▀[0m
[0m             [38;2;16;16;16m▀[38;2;74;74;82;48;2;16;16;16m▀[48;2;74;74;82m▀▀[38;2;16;16;16m▀[38;2;74;74;82;48;2;16;16;16m▀[48;2;74;74;82m▀▀▀▀▀▀▀▀▀▀[38;2;16;16;16;48;2;16;16;16m▀[38;2;74;74;82;48;2;74;74;82m▀▀[38;2;98;98;115m▀▀▀[38;2;74;74;82m▀▀▀▀▀▀▀▀▀[38;2;16;16;16;48;2;16;16;16m▀[0m
[0m             [38;2;16;16;16m▄▄[48;2;74;74;82m▀▀[38;2;74;74;82m▀▀[38;2;16;16;16m▀▀[38;2;74;74;82;48;2;16;16;16m▀▀▀▀[48;2;74;74;82m▀▀▀▀▀[38;2;16;16;16;48;2;16;16;16m▀[38;2;74;74;82;48;2;74;74;82m▀▀▀▀▀▀▀▀▀▀▀▀[38;2;16;16;16;48;2;16;16;16m▀[0m
[0m          [38;2;106;65;106m▄[48;2;213;131;205m▀[48;2;189;98;172m▀[38;2;213;131;205m▀[38;2;189;98;172;48;2;106;65;106m▀[38;2;106;65;106;48;2;213;131;205m▀[38;2;74;74;82;48;2;189;98;172m▀[48;2;74;74;82m▀▀▀▀[48;2;16;16;16m▀[38;2;16;16;16;49m▀[0m  [38;2;16;16;16m▀▀▀▀▀▀▀[38;2;74;74;82;48;2;16;16;16m▀[48;2;74;74;82m▀▀▀▀▀▀▀▀[48;2;16;16;16m▀[38;2;16;16;16;49m▀[0m
[0m          [38;2;16;16;16m▀▀▀[38;2;106;65;106;48;2;16;16;16m▀[38;2;213;131;205;48;2;189;98;172m▀[38;2;189;98;172m▀[48;2;16;16;16m▀[38;2;74;74;82m▀▀[38;2;16;16;16;49m▀▀[0m            [38;2;16;16;16m▀▀[38;2;74;74;82;48;2;16;16;16m▀[48;2;74;74;82m▀▀▀▀[48;2;16;16;16m▀[38;2;16;16;16;49m▀[0m
[0m             [38;2;16;16;16m▀▀▀[0m                 [38;2;16;16;16m▄▄[48;2;74;74;82m▀[38;2;74;74;82m▀▀▀▀▀[38;2;16;16;16;48;2;16;16;16m▀[0m
[0m                               [38;2;106;65;106m▄[48;2;213;131;205m▀[38;2;213;131;205;48;2;189;98;172m▀[38;2;189;98;172;48;2;106;65;106m▀[38;2;74;74;82;48;2;74;74;82m▀[48;2;106;65;106m▀[38;2;106;65;106;48;2;213;131;205m▀[38;2;74;74;82;48;2;106;65;106m▀[48;2;74;74;82m▀[48;2;16;16;16m▀[38;2;16;16;16;49m▀[0m
[0m                               [38;2;16;16;16;48;2;16;16;16m▀[38;2;189;98;172m▀[38;2;16;16;16;49m▀▀[38;2;106;65;106;48;2;16;16;16m▀[38;2;213;131;205;48;2;213;131;205m▀[38;2;189;98;172;48;2;189;98;172m▀[48;2;16;16;16m▀[38;2;16;16;16;49m▀[0m
[0m                                   [38;2;16;16;16m▀[38;2;189;98;172;48;2;16;16;16m▀[38;2;16;16;16;49m▀[0m
