[0m   [38;2;123;65;49m▄[48;2;230;213;164m▀▀▀[38;2;115;82;65;49m▄[38;2;123;65;49m▄[0m
[0m [38;2;123;65;49m▄[38;2;16;16;16;48;2;230;213;164m▀[38;2;230;213;164m▀▀▀▀▀[38;2;205;164;115m▀[38;2;16;16;16;48;2;205;164;115m▀[49m▄[0m               [38;2;115;82;65m▄▄[48;2;230;213;164m▀▀▀▀[38;2;16;16;16;49m▄[0m
[0m [38;2;16;16;16;48;2;16;16;16m▀[38;2;230;213;164;48;2;230;213;164m▀▀[48;2;123;65;49m▀[38;2;123;65;49m▀[38;2;16;16;16;48;2;230;213;164m▀▀[38;2;230;213;164;48;2;16;16;16m▀[48;2;230;213;164m▀[38;2;16;16;16;48;2;205;164;115m▀[49m▄[0m            [38;2;16;16;16m▄[48;2;230;213;164m▀[38;2;230;213;164m▀▀[48;2;16;16;16m▀▀[48;2;123;65;49m▀[48;2;230;213;164m▀▀[38;2;16;16;16;48;2;16;16;16m▀[0m
[0m [38;2;16;16;16;48;2;16;16;16m▀[38;2;230;213;164;48;2;230;213;164m▀▀[38;2;16;16;16;48;2;16;16;16m▀[38;2;230;213;164;48;2;230;213;164m▀▀▀[38;2;123;65;49m▀[48;2;16;16;16m▀[38;2;230;213;164;48;2;230;213;164m▀[38;2;16;16;16;48;2;16;16;16m▀[0m           [38;2;115;82;65m▄[38;2;16;16;16;48;2;230;213;164m▀[38;2;230;213;164m▀[48;2;16;16;16m▀[38;2;16;16;16;48;2;230;213;164m▀[38;2;230;213;164m▀▀[38;2;123;65;49m▀[48;2;16;16;16m▀[38;2;230;213;164;48;2;230;213;164m▀[38;2;205;164;115;48;2;205;164;115m▀[38;2;16;16;16;48;2;16;16;16m▀[0m
[0m  [38;2;16;16;16;48;2;16;16;16m▀[38;2;230;213;164;48;2;230;213;164m▀[38;2;123;65;49m▀[48;2;16;16;16m▀[38;2;230;213;164;48;2;230;213;164m▀[38;2;123;65;49m▀[38;2;230;213;164;48;2;16;16;16m▀[38;2;16;16;16;48;2;123;65;49m▀[38;2;230;213;164;48;2;230;213;164m▀[38;2;205;164;115m▀[38;2;16;16;16;48;2;16;16;16m▀[0m          [38;2;16;16;16;48;2;16;16;16m▀[38;2;230;213;164;48;2;230;213;164m▀▀[38;2;16;16;16;48;2;123;65;49m▀[38;2;230;213;164;48;2;16;16;16m▀[38;2;16;16;16;48;2;230;213;164m▀[38;2;230;213;164m▀[48;2;16;16;16m▀[38;2;16;16;16;48;2;230;213;164m▀[38;2;205;164;115;48;2;205;164;115m▀[48;2;16;16;16m▀[38;2;16;16;16;49m▀[0m
[0m   [38;2;16;16;16;48;2;16;16;16m▀[38;2;230;213;164;48;2;230;213;164m▀▀[38;2;16;16;16m▀[38;2;230;213;164;48;2;16;16;16m▀[48;2;230;213;164m▀▀▀▀[38;2;16;16;16;48;2;16;16;16m▀[0m [38;2;115;82;65m▄▄▄▄▄▄[0m  [38;2;115;82;65;48;2;16;16;16m▀[38;2;230;213;164;48;2;230;213;164m▀▀▀▀▀▀[48;2;16;16;16m▀[38;2;16;16;16;48;2;205;164;115m▀[38;2;205;164;115m▀[48;2;16;16;16m▀[38;2;115;82;65;49m▀[0m
[0m    [38;2;16;16;16m▀[38;2;230;213;164;48;2;16;16;16m▀▀[48;2;230;213;164m▀[38;2;123;65;49m▀▀[38;2;230;213;164m▀▀[38;2;16;16;16m▀[38;2;115;82;65m▀[38;2;230;213;164m▀▀▀▀▀▀[38;2;115;82;65m▀▀[38;2;16;16;16;48;2;115;82;65m▀[38;2;230;213;164;48;2;230;213;164m▀▀[48;2;123;65;49m▀▀[38;2;16;16;16;48;2;205;164;115m▀[38;2;123;65;49m▀[38;2;205;164;115m▀[48;2;16;16;16m▀[38;2;16;16;16;49m▀[0m
[0m      [38;2;115;82;65m▄[38;2;16;16;16;48;2;230;213;164m▀▀[38;2;230;213;164m▀▀▀▀▀▀▀▀▀▀▀▀▀▀▀▀[48;2;205;164;115m▀[38;2;205;164;115;48;2;16;16;16m▀▀[38;2;16;16;16;49m▀▀[0m
[0m     [38;2;115;82;65;48;2;115;82;65m▀[38;2;230;213;164;48;2;230;213;164m▀▀▀▀▀▀▀▀▀▀▀▀▀▀▀▀▀▀▀▀[38;2;16;16;16;48;2;205;164;115m▀[49m▄[0m
[0m    [38;2;115;82;65;48;2;115;82;65m▀[38;2;230;213;164;48;2;230;213;164m▀▀[48;2;123;65;49m▀[48;2;16;16;16m▀▀[48;2;230;213;164m▀▀▀▀▀▀▀▀▀▀▀▀▀▀▀▀▀[38;2;205;164;115;48;2;205;164;115m▀[38;2;16;16;16;48;2;16;16;16m▀[0m
[0m   [38;2;115;82;65;48;2;16;16;16m▀[38;2;230;213;164;48;2;230;213;164m▀[48;2;123;65;49m▀[38;2;123;65;49;48;2;230;213;164m▀[38;2;230;213;164m▀[48;2;123;65;49m▀▀[38;2;123;65;49;48;2;230;213;164m▀[38;2;230;213;164;48;2;16;16;16m▀[48;2;230;213;164m▀▀▀▀▀▀[48;2;16;16;16m▀[38;2;123;65;49;48;2;123;65;49m▀[38;2;16;16;16;48;2;230;213;164m▀▀[38;2;123;65;49m▀[38;2;230;213;164;48;2;123;65;49m▀[48;2;230;213;164m▀▀▀[38;2;205;164;115;48;2;205;164;115m▀▀[38;2;115;82;65;48;2;16;16;16m▀[0m
[0m   [38;2;16;16;16;48;2;16;16;16m▀[38;2;230;213;164;48;2;230;213;164m▀[38;2;16;16;16;48;2;16;16;16m▀[38;2;230;213;164;48;2;230;213;164m▀[38;2;16;16;16;48;2;16;16;16m▀[38;2;230;213;164;48;2;230;213;164m▀[38;2;16;16;16m▀[38;2;230;213;164m▀[38;2;16;16;16;48;2;16;16;16m▀[38;2;230;213;164;48;2;230;213;164m▀▀▀▀▀[38;2;123;65;49;48;2;16;16;16m▀[48;2;230;213;164m▀[38;2;230;213;164;48;2;16;16;16m▀[38;2;123;65;49;48;2;230;213;164m▀▀[38;2;230;213;164;48;2;16;16;16m▀[48;2;230;213;164m▀[38;2;123;65;49;48;2;16;16;16m▀[38;2;230;213;164;48;2;230;213;164m▀[38;2;205;164;115;48;2;205;164;115m▀▀▀[38;2;16;16;16;48;2;16;16;16m▀[0m
[0m   [38;2;16;16;16;48;2;16;16;16m▀[38;2;230;213;164;48;2;205;164;115m▀[38;2;16;16;16;48;2;123;65;49m▀[38;2;230;213;164m▀[38;2;123;65;49;48;2;230;213;164m▀[48;2;16;16;16m▀[38;2;230;213;164m▀[38;2;123;65;49m▀[48;2;230;213;164m▀[38;2;230;213;164m▀▀▀▀▀[38;2;16;16;16m▀[38;2;230;213;164;48;2;123;65;49m▀[38;2;123;65;49;48;2;230;213;164m▀[38;2;230;213;164m▀[48;2;115;82;65m▀[38;2;16;16;16;48;2;123;65;49m▀[38;2;230;213;164;48;2;230;213;164m▀[38;2;16;16;16;48;2;16;16;16m▀[38;2;205;164;115;48;2;205;164;115m▀▀▀▀[38;2;16;16;16;48;2;16;16;16m▀[0m
[0m    [38;2;16;16;16;48;2;16;16;16m▀[38;2;205;164;115;48;2;205;164;115m▀[38;2;16;16;16m▀[38;2;230;213;164;48;2;16;16;16m▀[48;2;205;164;115m▀[48;2;230;213;164m▀▀▀▀[38;2;123;65;49m▀[38;2;16;16;16m▀[38;2;230;213;164m▀▀▀▀[38;2;16;16;16m▀▀[48;2;205;164;115m▀[38;2;230;213;164m▀[38;2;123;65;49;48;2;16;16;16m▀[48;2;205;164;115m▀[38;2;205;164;115m▀▀▀[38;2;16;16;16;48;2;16;16;16m▀[0m
[0m [38;2;115;82;65m▄▄[0m  [38;2;16;16;16m▀[38;2;205;164;115;48;2;16;16;16m▀[48;2;205;164;115m▀▀▀[38;2;115;82;65m▀[38;2;16;16;16;48;2;238;83;76m▀[38;2;115;82;65m▀▀▀▀[38;2;16;16;16;48;2;115;82;65m▀[38;2;115;82;65;48;2;205;164;115m▀[38;2;205;164;115m▀▀▀▀[38;2;16;16;16m▀[38;2;205;164;115m▀▀▀[48;2;16;16;16m▀[38;2;16;16;16;49m▀[0m
[38;2;115;82;65;48;2;16;16;16m▀[38;2;238;83;76;48;2;238;83;76m▀▀[38;2;123;65;49m▀▀▀[38;2;115;82;65;49m▄[38;2;16;16;16;48;2;115;82;65m▀[38;2;205;164;115;48;2;16;16;16m▀[48;2;115;82;65m▀[48;2;205;164;115m▀▀[38;2;115;82;65m▀[38;2;16;16;16m▀▀[38;2;115;82;65m▀[38;2;205;164;115m▀▀▀▀▀▀▀[48;2;16;16;16m▀▀[38;2;16;16;16;49m▀[0m
[38;2;16;16;16;49m▀[38;2;238;83;76;48;2;16;16;16m▀[48;2;238;83;76m▀▀▀[48;2;189;74;49m▀[38;2;189;74;49m▀▀[48;2;115;82;65m▀[38;2;16;16;16;48;2;230;213;164m▀[48;2;205;164;115m▀[38;2;115;82;65m▀[38;2;205;164;115m▀▀▀▀▀[48;2;115;82;65m▀[48;2;16;16;16m▀▀[38;2;16;16;16;49m▀▀▀[0m
[0m  [38;2;16;16;16m▀[38;2;115;82;65m▀[38;2;189;74;49;48;2;115;82;65m▀[48;2;16;16;16m▀[38;2;16;16;16;48;2;230;213;164m▀[38;2;230;213;164m▀▀▀▀[38;2;205;164;115m▀▀[48;2;205;164;115m▀▀▀▀[48;2;189;74;49m▀[38;2;189;74;49m▀[48;2;238;83;76m▀[38;2;115;82;65m▀▀[49m▄▄[0m
[0m    [38;2;16;16;16;48;2;16;16;16m▀[38;2;230;213;164;48;2;230;213;164m▀▀▀▀▀▀▀▀▀▀▀▀[38;2;238;83;76;48;2;238;83;76m▀▀▀▀▀▀▀[38;2;115;82;65m▀▀[48;2;16;16;16m▀[0m
[0m   [38;2;16;16;16;48;2;16;16;16m▀[38;2;238;148;123;48;2;238;83;76m▀[38;2;230;213;164;48;2;230;213;164m▀▀▀▀▀▀▀▀▀▀▀▀[38;2;115;82;65m▀[38;2;238;83;76;48;2;16;16;16m▀▀[48;2;238;83;76m▀▀▀[48;2;189;74;49m▀[38;2;189;74;49m▀[48;2;16;16;16m▀[38;2;16;16;16;49m▀[0m
[0m  [38;2;16;16;16;48;2;16;16;16m▀[38;2;238;83;76;48;2;238;83;76m▀▀[38;2;238;148;123m▀[38;2;230;213;164;48;2;238;148;123m▀[48;2;230;213;164m▀▀▀▀▀▀▀▀▀[48;2;238;148;123m▀[38;2;238;148;123;48;2;238;83;76m▀[38;2;189;74;49;48;2;189;74;49m▀▀[38;2;16;16;16;48;2;115;82;65m▀[48;2;205;164;115m▀[48;2;115;82;65m▀[49m▀▀[0m
[0m  [38;2;16;16;16;48;2;16;16;16m▀[38;2;238;83;76;48;2;238;148;123m▀[48;2;238;83;76m▀▀▀▀[38;2;238;148;123m▀[38;2;230;213;164m▀▀▀▀[38;2;238;148;123m▀[38;2;238;83;76m▀▀[48;2;189;74;49m▀[38;2;189;74;49m▀▀[48;2;205;164;115m▀[38;2;16;16;16;48;2;16;16;16m▀[38;2;205;164;115;48;2;205;164;115m▀[38;2;115;82;65;48;2;115;82;65m▀[0m
[0m   [38;2;16;16;16;48;2;16;16;16m▀[38;2;230;213;164;48;2;230;213;164m▀[38;2;238;148;123m▀[38;2;238;83;76m▀▀[48;2;115;82;65m▀▀[48;2;189;74;49m▀▀▀▀[48;2;115;82;65m▀[38;2;189;74;49m▀[48;2;205;164;115m▀[38;2;205;164;115m▀▀▀[38;2;16;16;16;48;2;16;16;16m▀[38;2;115;82;65;49m▀[0m
[0m    [38;2;16;16;16;48;2;16;16;16m▀[38;2;230;213;164;48;2;230;213;164m▀▀▀▀[38;2;205;164;115;48;2;205;164;115m▀[38;2;115;82;65m▀[38;2;16;16;16;48;2;16;16;16m▀[49m▀▀[38;2;205;164;115;48;2;16;16;16m▀[48;2;205;164;115m▀▀▀▀[38;2;16;16;16;48;2;16;16;16m▀[0m
[0m     [38;2;16;16;16m▀[38;2;230;213;164;48;2;16;16;16m▀▀[38;2;205;164;115m▀▀[38;2;16;16;16;49m▀[0m    [38;2;16;16;16m▀▀▀▀[0m
