[0m        [38;2;197;90;74m▄▄▄[48;2;255;148;123m▀▀▀[48;2;238;115;65m▀▀▀[38;2;115;65;65;49m▄▄▄[0m
[0m     [38;2;115;65;65m▄[48;2;238;115;65m▀[48;2;255;148;123m▀[38;2;255;148;123m▀▀▀▀▀▀▀▀[38;2;238;115;65m▀[48;2;238;115;65m▀▀▀[38;2;115;65;65m▀▀[49m▄[0m
[0m   [38;2;115;65;65m▄[48;2;32;32;32m▀[38;2;238;115;65m▀[48;2;238;115;65m▀▀[38;2;255;148;123m▀▀[48;2;255;148;123m▀▀▀▀[48;2;238;115;65m▀▀[38;2;238;115;65m▀▀▀▀▀▀▀[38;2;115;65;65m▀[49m▄[0m
[0m  [38;2;32;32;32m▄[48;2;238;115;65m▀[38;2;197;90;74m▀[38;2;238;115;65m▀[38;2;32;32;32;48;2;32;32;32m▀[38;2;238;115;65;48;2;238;115;65m▀▀▀▀▀▀▀▀▀▀▀▀▀▀▀▀▀▀[38;2;115;65;65;48;2;115;65;65m▀[0m
[0m [38;2;115;65;65;48;2;115;65;65m▀[38;2;238;115;65;48;2;238;115;65m▀▀▀▀[38;2;115;65;65m▀[48;2;32;32;32m▀[38;2;238;115;65;48;2;238;115;65m▀[48;2;115;65;65m▀▀[38;2;115;65;65;48;2;238;115;65m▀▀[48;2;32;32;32m▀[38;2;238;115;65;48;2;238;115;65m▀▀▀▀▀▀▀▀▀▀▀▀[38;2;115;65;65;48;2;115;65;65m▀[0m
[38;2;115;65;65;49m▄[48;2;238;115;65m▀[38;2;238;115;65m▀▀▀▀▀[38;2;32;32;32m▀[38;2;115;65;65m▀[38;2;238;115;65m▀▀▀▀[38;2;32;32;32;48;2;32;32;32m▀[38;2;238;115;65;48;2;238;115;65m▀▀▀▀▀▀▀▀▀▀▀▀▀[38;2;115;65;65;48;2;32;32;32m▀[0m
[38;2;115;65;65;48;2;115;65;65m▀[38;2;238;115;65;48;2;238;115;65m▀▀▀▀▀▀▀▀▀▀▀▀[38;2;32;32;32;48;2;115;65;65m▀[38;2;238;115;65;48;2;238;115;65m▀▀[48;2;115;65;65m▀▀▀[48;2;238;115;65m▀▀[48;2;115;65;65m▀[38;2;115;65;65;48;2;32;32;32m▀[38;2;32;32;32;48;2;205;205;197m▀[38;2;115;65;65;48;2;32;32;32m▀[38;2;238;115;65;48;2;115;65;65m▀[48;2;238;115;65m▀[38;2;32;32;32m▀[38;2;115;65;65;49m▄[0m
[38;2;32;32;32;48;2;32;32;32m▀[38;2;238;115;65;48;2;238;115;65m▀▀▀▀▀▀▀▀▀▀▀▀[38;2;32;32;32m▀▀[38;2;115;65;65m▀[38;2;238;115;65m▀▀[38;2;115;65;65;48;2;32;32;32m▀[38;2;238;115;65;48;2;238;115;65m▀▀[38;2;32;32;32;48;2;115;65;65m▀[38;2;205;205;197;48;2;32;32;32m▀[38;2;255;255;255;48;2;205;205;197m▀[38;2;205;205;197;48;2;32;32;32m▀[38;2;32;32;32;48;2;115;65;65m▀[38;2;238;115;65;48;2;238;115;65m▀▀[38;2;32;32;32;48;2;32;32;32m▀[0m
[38;2;32;32;32;49m▀[38;2;238;115;65;48;2;32;32;32m▀[48;2;238;115;65m▀▀▀▀▀▀▀▀▀▀▀▀▀▀▀▀[38;2;32;32;32;48;2;32;32;32m▀[38;2;238;115;65;48;2;238;115;65m▀▀▀[38;2;115;65;65m▀[38;2;32;32;32m▀[38;2;115;65;65m▀[38;2;238;115;65m▀▀[38;2;197;90;74;48;2;197;90;74m▀[38;2;32;32;32;48;2;32;32;32m▀[0m
[0m [38;2;32;32;32;48;2;32;32;32m▀[38;2;197;90;74;48;2;197;90;74m▀[38;2;238;115;65;48;2;238;115;65m▀▀▀▀▀▀▀▀▀▀▀▀▀▀▀[38;2;32;32;32;48;2;115;65;65m▀[38;2;238;115;65;48;2;32;32;32m▀[48;2;115;65;65m▀[48;2;238;115;65m▀▀▀▀[48;2;197;90;74m▀[38;2;197;90;74m▀▀[38;2;32;32;32;48;2;32;32;32m▀[0m
[0m  [38;2;32;32;32;48;2;32;32;32m▀[38;2;197;90;74;48;2;197;90;74m▀[38;2;238;115;65m▀[48;2;238;115;65m▀▀▀▀▀▀▀▀▀▀▀▀▀▀▀▀▀▀[48;2;197;90;74m▀[38;2;197;90;74m▀▀▀[38;2;32;32;32;48;2;32;32;32m▀[0m
[0m   [38;2;32;32;32;48;2;32;32;32m▀[38;2;197;90;74;48;2;197;90;74m▀▀[38;2;238;115;65m▀▀[48;2;238;115;65m▀[48;2;197;90;74m▀[48;2;238;115;65m▀▀▀▀▀▀[48;2;197;90;74m▀▀▀▀▀[38;2;197;90;74m▀▀▀▀▀[38;2;32;32;32;48;2;32;32;32m▀[38;2;115;65;65;48;2;238;115;65m▀▀[49m▄▄[0m
[0m    [38;2;32;32;32m▀[38;2;197;90;74;48;2;32;32;32m▀[48;2;197;90;74m▀[38;2;238;115;65m▀[38;2;197;90;74;48;2;238;115;65m▀[38;2;238;115;65;48;2;197;90;74m▀[38;2;197;90;74;48;2;238;115;65m▀[38;2;238;115;65;48;2;197;90;74m▀[38;2;197;90;74m▀▀▀▀▀▀▀▀▀▀▀▀[48;2;115;65;65m▀[38;2;32;32;32;48;2;32;32;32m▀[38;2;197;90;74;48;2;197;90;74m▀[38;2;238;115;65m▀▀[48;2;238;115;65m▀▀[38;2;115;65;65m▀[38;2;32;32;32;49m▄[0m
[0m      [38;2;32;32;32m▀[38;2;197;90;74;48;2;32;32;32m▀▀[48;2;197;90;74m▀▀▀▀▀▀▀▀▀▀▀▀[48;2;32;32;32m▀▀[38;2;32;32;32;48;2;197;90;74m▀[48;2;115;65;65m▀[38;2;197;90;74;48;2;197;90;74m▀▀▀▀▀[38;2;238;115;65m▀[48;2;238;115;65m▀[38;2;32;32;32;48;2;197;90;74m▀[49m▄[0m
[0m         [38;2;32;32;32m▀▀▀[38;2;197;90;74;48;2;32;32;32m▀▀▀▀▀▀▀[38;2;32;32;32;48;2;197;90;74m▀▀[38;2;197;90;74m▀[48;2;115;65;65m▀[38;2;115;65;65;48;2;197;90;74m▀[38;2;197;90;74m▀▀▀▀▀▀[48;2;205;205;197m▀[38;2;205;205;197;48;2;164;172;164m▀[38;2;164;172;164m▀[38;2;32;32;32;48;2;131;131;131m▀[49m▄[0m
[0m            [38;2;32;32;32m▄[48;2;197;90;74m▀[38;2;115;65;65m▀▀[38;2;197;90;74;48;2;115;65;65m▀▀▀▀[38;2;115;65;65;48;2;197;90;74m▀▀[38;2;197;90;74m▀▀[48;2;164;172;164m▀[38;2;164;172;164;48;2;131;131;131m▀[48;2;115;65;65m▀▀[38;2;197;90;74;48;2;131;131;131m▀[48;2;164;172;164m▀[38;2;205;205;197m▀[38;2;164;172;164;48;2;115;65;65m▀[38;2;115;65;65;48;2;197;90;74m▀[38;2;197;90;74m▀[48;2;238;115;65m▀[38;2;32;32;32;48;2;32;32;32m▀[0m
[0m           [38;2;32;32;32m▄[48;2;197;90;74m▀[38;2;115;65;65;48;2;238;115;65m▀[38;2;164;172;164;48;2;115;65;65m▀[38;2;197;90;74m▀[48;2;197;90;74m▀[38;2;115;65;65;48;2;115;65;65m▀[38;2;197;90;74;48;2;197;90;74m▀▀▀▀▀[38;2;164;172;164;48;2;164;172;164m▀[38;2;131;131;131;48;2;115;65;65m▀[38;2;115;65;65;48;2;197;90;74m▀[38;2;197;90;74m▀[48;2;238;115;65m▀[38;2;115;65;65;48;2;197;90;74m▀[38;2;164;172;164;48;2;32;32;32m▀[38;2;131;131;131;48;2;131;131;131m▀[38;2;32;32;32;48;2;32;32;32m▀[38;2;197;90;74;48;2;115;65;65m▀[38;2;238;115;65;48;2;238;115;65m▀▀▀[38;2;32;32;32;48;2;115;65;65m▀[0m
[0m          [38;2;115;65;65m▄[48;2;238;115;65m▀[38;2;238;115;65m▀▀[38;2;32;32;32m▀[38;2;164;172;164;48;2;32;32;32m▀[38;2;115;65;65;48;2;164;172;164m▀▀[48;2;115;65;65m▀[38;2;197;90;74m▀▀[38;2;115;65;65;48;2;164;172;164m▀▀[38;2;164;172;164;48;2;131;131;131m▀[38;2;115;65;65;48;2;32;32;32m▀[38;2;197;90;74;48;2;115;65;65m▀[38;2;238;115;65;48;2;238;115;65m▀▀▀[38;2;32;32;32;48;2;197;90;74m▀[48;2;32;32;32m▀[0m [38;2;32;32;32;48;2;32;32;32m▀[38;2;197;90;74;48;2;197;90;74m▀[38;2;238;115;65m▀▀[38;2;197;90;74m▀[38;2;32;32;32;48;2;32;32;32m▀[0m
[0m         [38;2;115;65;65m▄[48;2;197;90;74m▀[38;2;238;115;65;48;2;238;115;65m▀▀▀[48;2;197;90;74m▀[38;2;32;32;32;48;2;32;32;32m▀[38;2;65;65;49;49m▀▀[38;2;164;172;164;48;2;65;65;49m▀▀▀[38;2;131;131;131m▀▀[38;2;65;65;49;49m▀▀[38;2;32;32;32;48;2;32;32;32m▀[38;2;197;90;74;48;2;197;90;74m▀[38;2;238;115;65;48;2;238;115;65m▀▀▀[38;2;32;32;32;48;2;197;90;74m▀[49m▄▀[38;2;115;65;65;48;2;32;32;32m▀[38;2;197;90;74m▀▀[38;2;115;65;65m▀[38;2;32;32;32;49m▀[0m
[0m         [38;2;32;32;32;48;2;32;32;32m▀[38;2;197;90;74;48;2;115;65;65m▀[48;2;197;90;74m▀▀[48;2;115;65;65m▀[38;2;32;32;32;48;2;32;32;32m▀[0m           [38;2;32;32;32;48;2;32;32;32m▀[38;2;197;90;74;48;2;197;90;74m▀[38;2;238;115;65m▀▀[38;2;197;90;74m▀[38;2;32;32;32;48;2;32;32;32m▀[0m
[0m          [38;2;32;32;32m▀▀▀▀[0m            [38;2;32;32;32m▀[38;2;115;65;65;48;2;32;32;32m▀[38;2;197;90;74m▀▀[38;2;115;65;65m▀[38;2;32;32;32;49m▀[0m
