[0m                         [38;2;57;57;65m▄[48;2;106;115;115m▀[38;2;0;0;0;48;2;0;0;0m▀[0m
[0m                       [38;2;57;57;65m▄[48;2;106;115;115m▀[38;2;106;115;115;48;2;74;148;74m▀[48;2;106;115;115m▀[38;2;0;0;0;48;2;74;82;74m▀[38;2;74;82;74;49m▄[0m     [38;2;0;0;0;48;2;0;0;0m▀[38;2;57;57;65;48;2;74;82;74m▀[49m▄[0m         [38;2;57;57;65m▄[48;2;74;82;74m▀[48;2;0;0;0m▀[0m
[0m                     [38;2;57;57;65m▄[48;2;106;115;115m▀[38;2;106;115;115m▀[38;2;74;148;74;48;2;106;197;106m▀[38;2;106;197;106m▀[38;2;74;148;74;48;2;74;148;74m▀[38;2;106;115;115;48;2;106;115;115m▀[38;2;0;0;0;48;2;0;0;0m▀[0m     [38;2;0;0;0;48;2;0;0;0m▀[38;2;74;82;74;48;2;74;82;74m▀[48;2;74;148;74m▀[38;2;57;57;65;48;2;74;82;74m▀[49m▄[0m     [38;2;57;57;65m▄[48;2;74;82;74m▀[38;2;74;82;74;48;2;106;197;106m▀[48;2;74;82;74m▀[38;2;0;0;0;48;2;0;0;0m▀[0m
[0m                   [38;2;57;57;65m▄[38;2;74;82;74;48;2;106;115;115m▀▀[38;2;106;115;115;48;2;106;197;106m▀[38;2;106;197;106m▀▀▀[38;2;74;148;74;48;2;74;148;74m▀[38;2;106;115;115;48;2;106;115;115m▀[38;2;0;0;0;48;2;0;0;0m▀[0m     [38;2;0;0;0;48;2;0;0;0m▀[38;2;74;82;74;48;2;74;82;74m▀[38;2;106;197;106;48;2;106;197;106m▀[38;2;74;148;74m▀[38;2;74;82;74;48;2;74;82;74m▀[38;2;57;57;65;48;2;57;57;65m▀[0m   [38;2;57;57;65;48;2;0;0;0m▀[38;2;74;82;74;48;2;74;148;74m▀[38;2;74;148;74;48;2;106;197;106m▀[38;2;106;197;106m▀[38;2;74;82;74;48;2;57;57;65m▀[38;2;0;0;0;48;2;0;0;0m▀[0m
[0m                 [38;2;74;82;74m▄[48;2;106;115;115m▀[38;2;106;115;115;48;2;74;148;74m▀[38;2;74;148;74;48;2;106;197;106m▀[38;2;106;197;106m▀▀▀▀▀▀[38;2;106;115;115;48;2;74;148;74m▀[48;2;106;115;115m▀[38;2;0;0;0;48;2;0;0;0m▀[0m    [38;2;0;0;0;48;2;0;0;0m▀[38;2;57;57;65;48;2;57;57;65m▀[38;2;106;197;106;48;2;74;148;74m▀[38;2;74;148;74;48;2;106;197;106m▀[38;2;106;197;106;48;2;74;148;74m▀[38;2;74;82;74;48;2;74;82;74m▀[38;2;57;57;65;48;2;0;0;0m▀[0m [38;2;0;0;0;48;2;0;0;0m▀[38;2;74;82;74;48;2;74;82;74m▀[38;2;106;197;106;48;2;74;148;74m▀[38;2;74;148;74;48;2;106;197;106m▀[38;2;106;197;106;48;2;74;148;74m▀[38;2;57;57;65;48;2;0;0;0m▀[38;2;0;0;0;49m▀[0m
[0m                [38;2;74;82;74;48;2;74;82;74m▀[38;2;106;115;115;48;2;74;148;74m▀[38;2;74;148;74;48;2;106;197;106m▀[38;2;106;197;106m▀▀▀▀▀▀▀▀[38;2;74;148;74;48;2;74;148;74m▀[38;2;106;115;115;48;2;106;115;115m▀[38;2;0;0;0;48;2;0;0;0m▀[0m     [38;2;0;0;0;48;2;0;0;0m▀[38;2;57;57;65;48;2;57;57;65m▀[38;2;74;148;74m▀[48;2;74;148;74m▀[38;2;57;57;65;48;2;57;57;65m▀[38;2;0;0;0;48;2;0;0;0m▀[38;2;74;82;74;49m▄[38;2;0;0;0;48;2;0;0;0m▀[38;2;74;82;74;48;2;57;57;65m▀[38;2;74;148;74m▀▀[38;2;57;57;65;48;2;0;0;0m▀[38;2;0;0;0;49m▀[0m
[0m               [38;2;57;57;65;48;2;57;57;65m▀[38;2;106;115;115;48;2;106;115;115m▀[38;2;106;197;106;48;2;106;197;106m▀▀▀▀▀▀▀▀▀▀[38;2;74;148;74m▀[38;2;106;115;115;48;2;106;115;115m▀[38;2;74;82;74m▀[48;2;0;0;0m▀[0m     [38;2;0;0;0m▀▀[38;2;57;57;65;48;2;0;0;0m▀▀[38;2;74;82;74;48;2;74;82;74m▀[38;2;115;115;82;48;2;189;172;123m▀[38;2;74;82;74;48;2;74;82;74m▀[38;2;57;57;65;48;2;0;0;0m▀[38;2;0;0;0;49m▀▀[0m
[0m               [38;2;57;57;65;48;2;57;57;65m▀[38;2;106;115;115;48;2;106;115;115m▀[38;2;106;197;106;48;2;74;148;74m▀[48;2;106;197;106m▀▀▀▀▀▀▀▀▀▀[38;2;106;115;115;48;2;74;148;74m▀[48;2;106;115;115m▀[38;2;0;0;0;48;2;0;0;0m▀[0m         [38;2;115;115;82;48;2;115;115;82m▀[38;2;189;172;123;48;2;189;172;123m▀[38;2;115;115;82m▀[38;2;0;0;0;48;2;0;0;0m▀[0m    [38;2;74;82;74m▄[38;2;57;57;65m▄▄▄▄▄▄▄▄▄▄▄▄▄[0m
[0m               [38;2;57;57;65;48;2;74;82;74m▀[38;2;106;115;115m▀[48;2;106;115;115m▀[38;2;106;197;106;48;2;106;197;106m▀▀[48;2;74;148;74m▀[48;2;106;197;106m▀[48;2;74;148;74m▀[48;2;106;197;106m▀▀▀▀▀[38;2;74;148;74;48;2;74;82;74m▀[38;2;74;82;74;48;2;0;0;0m▀[38;2;0;0;0;49m▀[0m        [38;2;115;115;82;48;2;57;57;65m▀[38;2;189;172;123m▀▀[48;2;74;82;74m▀[38;2;57;57;65m▀[48;2;106;115;115m▀▀▀▀[38;2;74;82;74m▀[38;2;106;115;115m▀▀▀[48;2;74;148;74m▀▀▀▀▀▀[48;2;106;115;115m▀▀[48;2;0;0;0m▀[38;2;0;0;0;49m▀[0m
[0m                [38;2;57;57;65;48;2;57;57;65m▀[38;2;106;115;115;48;2;106;115;115m▀[38;2;106;197;106;48;2;74;148;74m▀[38;2;74;148;74;48;2;106;197;106m▀[38;2;106;197;106;48;2;74;148;74m▀[38;2;74;148;74;48;2;106;197;106m▀[38;2;106;197;106;48;2;74;148;74m▀[38;2;74;148;74;48;2;106;197;106m▀[38;2;106;197;106;48;2;74;148;74m▀[48;2;106;197;106m▀[48;2;106;115;115m▀[38;2;106;115;115;48;2;74;82;74m▀[38;2;74;82;74;48;2;0;0;0m▀[38;2;0;0;0;49m▀[0m      [38;2;57;57;65m▄[48;2;106;115;115m▀▀[38;2;106;115;115m▀[48;2;74;148;74m▀▀▀▀[48;2;106;197;106m▀[38;2;74;148;74m▀▀▀▀▀▀[38;2;106;197;106m▀▀▀▀▀[48;2;106;115;115m▀[38;2;106;115;115m▀▀[38;2;57;57;65;48;2;0;0;0m▀[49m▀[0m
[0m                [38;2;57;57;65;48;2;57;57;65m▀[38;2;106;115;115;48;2;106;115;115m▀[38;2;74;148;74;48;2;74;148;74m▀▀▀▀▀▀▀[38;2;106;115;115;48;2;74;82;74m▀[38;2;74;82;74;48;2;0;0;0m▀[38;2;0;0;0;49m▀[0m      [38;2;57;57;65m▄[48;2;106;115;115m▀[38;2;106;115;115m▀[48;2;74;148;74m▀[38;2;74;148;74;48;2;106;197;106m▀[38;2;106;197;106m▀▀▀▀▀▀▀▀▀▀▀▀▀▀▀[48;2;106;115;115m▀[38;2;106;115;115m▀[48;2;57;57;65m▀[48;2;0;0;0m▀[38;2;0;0;0;49m▀[0m
[0m                 [38;2;57;57;65;48;2;57;57;65m▀[38;2;106;115;115;48;2;106;115;115m▀[38;2;74;148;74;48;2;74;148;74m▀▀▀[48;2;106;115;115m▀[48;2;74;82;74m▀[38;2;74;82;74;48;2;0;0;0m▀[38;2;0;0;0;49m▀[0m      [38;2;0;0;0m▄[38;2;57;57;65;48;2;74;82;74m▀[38;2;106;115;115;48;2;106;115;115m▀▀[38;2;74;148;74;48;2;106;197;106m▀[38;2;106;197;106m▀▀▀▀▀▀▀▀▀▀▀▀▀▀▀[48;2;106;115;115m▀[38;2;106;115;115m▀[48;2;74;82;74m▀[38;2;74;82;74;48;2;0;0;0m▀[38;2;0;0;0;48;2;57;57;65m▀▀▀[48;2;0;0;0m▀[0m
[0m                 [38;2;57;57;65;48;2;0;0;0m▀[38;2;106;115;115;48;2;57;57;65m▀[38;2;74;148;74;48;2;189;189;222m▀▀[38;2;106;115;115;48;2;0;0;0m▀[38;2;74;82;74;48;2;74;82;74m▀[38;2;0;0;0;49m▀[0m [38;2;115;115;82m▄[38;2;57;57;65m▄▄[48;2;189;172;123m▀▀[48;2;0;0;0m▀[38;2;0;0;0;48;2;74;82;74m▀[38;2;74;82;74m▀[48;2;106;115;115m▀[38;2;106;115;115;48;2;74;148;74m▀[38;2;74;148;74m▀[38;2;106;197;106m▀[38;2;74;148;74;48;2;106;197;106m▀[38;2;106;197;106;48;2;74;148;74m▀[38;2;74;148;74;48;2;106;197;106m▀[38;2;106;197;106;48;2;74;148;74m▀[48;2;106;197;106m▀▀▀▀▀▀▀▀▀[48;2;106;115;115m▀[38;2;106;115;115m▀[48;2;0;0;0m▀[38;2;57;57;65;48;2;57;57;65m▀[38;2;0;0;0m▀[38;2;57;57;65m▀▀[48;2;0;0;0m▀[38;2;0;0;0;49m▀[0m
[0m           [38;2;0;0;0m▄[38;2;57;57;65m▄▄[0m   [38;2;0;0;0;48;2;0;0;0m▀[38;2;189;189;222;48;2;189;189;222m▀[38;2;255;255;255;48;2;255;255;255m▀▀[38;2;189;189;222;48;2;189;189;222m▀[38;2;0;0;0;48;2;0;0;0m▀[38;2;115;115;82;48;2;189;172;123m▀[48;2;230;213;139m▀[38;2;189;172;123m▀[38;2;230;213;139;48;2;0;0;0m▀[38;2;115;115;82m▀▀[38;2;0;0;0;48;2;74;82;74m▀[38;2;74;82;74m▀[48;2;74;148;74m▀[38;2;74;148;74m▀▀▀▀▀▀[38;2;106;197;106m▀[38;2;74;148;74;48;2;106;197;106m▀[38;2;106;197;106;48;2;74;148;74m▀[48;2;106;197;106m▀▀▀▀▀▀[48;2;74;148;74m▀[48;2;106;115;115m▀[38;2;106;115;115m▀[48;2;0;0;0m▀[38;2;0;0;0;48;2;57;57;65m▀[38;2;57;57;65m▀▀▀[48;2;0;0;0m▀[38;2;0;0;0;49m▀[0m
[0m          [38;2;0;0;0;48;2;0;0;0m▀[38;2;74;82;74;48;2;74;82;74m▀[48;2;57;57;65m▀▀[38;2;57;57;65;48;2;74;82;74m▀[48;2;0;0;0m▀▀[38;2;0;0;0m▀[38;2;189;189;222m▀[38;2;255;255;255;48;2;189;189;222m▀[38;2;189;189;222;48;2;0;0;0m▀[38;2;0;0;0;48;2;115;115;82m▀[38;2;115;115;82;48;2;189;172;123m▀▀[38;2;230;213;139;48;2;57;57;65m▀[38;2;57;57;65;48;2;255;255;255m▀[38;2;255;255;255m▀▀[38;2;57;57;65;48;2;57;57;65m▀[38;2;74;82;74m▀[38;2;74;148;74;48;2;74;82;74m▀[48;2;106;115;115m▀▀[48;2;74;148;74m▀▀▀▀▀[38;2;106;197;106m▀[38;2;74;148;74;48;2;106;197;106m▀[38;2;106;197;106m▀▀▀▀[48;2;74;148;74m▀[48;2;106;115;115m▀[38;2;74;148;74m▀[38;2;106;115;115m▀[48;2;0;0;0m▀[38;2;0;0;0;48;2;57;57;65m▀[38;2;57;57;65m▀▀[48;2;0;0;0m▀[38;2;0;0;0;49m▀[38;2;57;57;65m▀[0m
[0m       [38;2;0;0;0m▄[48;2;74;82;74m▀▀[38;2;57;57;65;48;2;0;0;0m▀[48;2;57;57;65m▀[38;2;74;148;74;49m▄[48;2;106;197;106m▀[38;2;0;0;0;48;2;230;213;139m▀[38;2;230;213;139;48;2;255;255;164m▀[38;2;255;255;164m▀▀▀[38;2;0;0;0m▀[48;2;230;213;139m▀[38;2;189;172;123;48;2;0;0;0m▀[48;2;189;172;123m▀[38;2;57;57;65;48;2;57;57;65m▀[38;2;255;255;255;48;2;189;189;222m▀[48;2;255;255;255m▀[48;2;189;189;222m▀[38;2;189;189;222;48;2;57;57;65m▀[38;2;0;0;0;48;2;0;0;0m▀[48;2;189;172;123m▀[38;2;57;57;65;48;2;0;0;0m▀▀[48;2;57;57;65m▀[38;2;74;82;74m▀▀[38;2;106;115;115m▀▀[48;2;74;82;74m▀[38;2;74;148;74m▀▀[48;2;106;115;115m▀▀▀[38;2;106;115;115m▀[48;2;74;82;74m▀[48;2;57;57;65m▀[38;2;74;82;74m▀[38;2;0;0;0m▀[38;2;57;57;65m▀[48;2;0;0;0m▀[48;2;57;57;65m▀[38;2;0;0;0;49m▀[0m
[0m      [38;2;0;0;0m▄[48;2;57;57;65m▀[38;2;57;57;65;48;2;0;0;0m▀[38;2;0;0;0;49m▀[38;2;74;82;74;48;2;0;0;0m▀[38;2;57;57;65;48;2;115;115;82m▀[38;2;115;115;82;48;2;230;213;139m▀[38;2;230;213;139;48;2;255;255;164m▀[38;2;255;255;164m▀▀▀▀▀▀▀[38;2;189;172;123;48;2;230;213;139m▀[38;2;0;0;0;48;2;189;172;123m▀[38;2;189;172;123;48;2;0;0;0m▀[38;2;0;0;0;48;2;189;172;123m▀▀[38;2;57;57;65m▀[38;2;115;115;82;48;2;115;115;82m▀[38;2;189;172;123;48;2;189;172;123m▀▀▀[38;2;115;115;82m▀[38;2;189;172;123;48;2;57;57;65m▀[38;2;0;0;0m▀▀▀▀[38;2;57;57;65;48;2;0;0;0m▀▀▀▀▀[48;2;57;57;65m▀▀▀▀▀[48;2;0;0;0m▀[38;2;0;0;0;49m▀[0m
[0m     [38;2;0;0;0m▄[48;2;115;115;82m▀[38;2;57;57;65m▀[38;2;115;115;82;48;2;255;255;164m▀▀[38;2;255;255;164;48;2;230;213;139m▀[48;2;189;172;123m▀[48;2;0;0;0m▀▀[48;2;230;213;139m▀[48;2;255;255;164m▀▀▀▀[48;2;106;197;106m▀[38;2;230;213;139;48;2;74;148;74m▀▀[38;2;189;172;123;48;2;106;197;106m▀[38;2;0;0;0;48;2;189;172;123m▀[38;2;189;172;123;48;2;0;0;0m▀[48;2;189;172;123m▀[48;2;0;0;0m▀▀[38;2;115;115;82;48;2;115;115;82m▀[38;2;189;172;123;48;2;189;172;123m▀[38;2;57;57;65;48;2;0;0;0m▀▀▀[38;2;0;0;0;48;2;115;115;82m▀[48;2;189;172;123m▀▀[48;2;0;0;0m▀[49m▀[38;2;57;57;65;48;2;0;0;0m▀[38;2;0;0;0;48;2;57;57;65m▀[49m▄[0m [38;2;0;0;0m▀▀▀▀▀[0m
[0m  [38;2;115;115;82m▄[48;2;255;255;164m▀▀[48;2;230;213;139m▀[38;2;255;255;164;48;2;189;172;123m▀[48;2;115;115;82m▀[38;2;230;213;139m▀[38;2;115;115;82;49m▀▀[38;2;0;0;0;48;2;0;0;0m▀[38;2;115;115;82;48;2;189;172;123m▀[38;2;189;172;123;48;2;115;115;82m▀[38;2;115;115;82;48;2;255;255;164m▀[38;2;255;255;164m▀[48;2;74;148;74m▀[38;2;106;197;106;48;2;148;222;131m▀[48;2;255;255;255m▀[38;2;148;222;131m▀[48;2;57;57;65m▀[48;2;74;148;74m▀[38;2;106;197;106;48;2;148;222;131m▀[38;2;74;148;74;48;2;74;148;74m▀[38;2;0;0;0;48;2;0;0;0m▀[38;2;74;82;74;48;2;115;115;82m▀[38;2;57;57;65;48;2;0;0;0m▀▀[38;2;0;0;0;48;2;57;57;65m▀[48;2;74;82;74m▀[38;2;189;172;123;48;2;0;0;0m▀▀[48;2;115;115;82m▀[38;2;115;115;82;48;2;0;0;0m▀[38;2;189;172;123m▀[38;2;0;0;0;49m▀[0m  [38;2;0;0;0m▀[38;2;74;82;74;48;2;0;0;0m▀[38;2;0;0;0;48;2;57;57;65m▀[49m▄[0m
[38;2;0;0;0;49m▄[48;2;57;57;65m▀▀[38;2;115;115;82m▀▀▀[38;2;0;0;0m▀▀▀[49m▄[0m [38;2;115;115;82m▄[48;2;255;255;164m▀[38;2;255;255;164;48;2;230;213;139m▀[48;2;0;0;0m▀[38;2;115;115;82;48;2;189;172;123m▀[38;2;0;0;0;48;2;0;0;0m▀[38;2;148;222;131;48;2;74;148;74m▀[38;2;255;255;255;48;2;106;197;106m▀[48;2;0;0;0m▀[38;2;0;0;0;48;2;57;57;65m▀[38;2;74;148;74;48;2;106;197;106m▀[38;2;148;222;131;48;2;74;148;74m▀[38;2;106;197;106;48;2;0;0;0m▀[38;2;0;0;0;49m▀▀[38;2;115;115;82;48;2;0;0;0m▀▀[38;2;0;0;0;49m▀▀[38;2;74;82;74;48;2;0;0;0m▀[48;2;74;82;74m▀[38;2;0;0;0;48;2;0;0;0m▀[0m    [38;2;0;0;0m▄▄[48;2;57;57;65m▀[38;2;74;82;74m▀[38;2;0;0;0m▀[38;2;57;57;65;49m▄[38;2;0;0;0m▄▄[0m
[38;2;0;0;0;49m▀▀▀[0m    [38;2;0;0;0m▀[48;2;115;115;82m▀[38;2;115;115;82;48;2;255;255;164m▀▀[38;2;255;255;164;48;2;0;0;0m▀[38;2;230;213;139m▀[38;2;0;0;0;49m▀[38;2;115;115;82m▀[48;2;0;0;0m▀[38;2;189;172;123m▀[38;2;0;0;0m▀[38;2;74;148;74m▀▀[48;2;57;57;65m▀[38;2;57;57;65;49m▀[38;2;0;0;0m▀[0m       [38;2;0;0;0;48;2;0;0;0m▀[38;2;74;82;74;48;2;57;57;65m▀[38;2;0;0;0;48;2;0;0;0m▀[0m   [38;2;0;0;0;48;2;0;0;0m▀[38;2;57;57;65m▀[38;2;0;0;0;49m▀▀▀▀▀▀[38;2;57;57;65;48;2;0;0;0m▀[38;2;0;0;0m▀[0m
[0m        [38;2;0;0;0m▀▀▀[0m                 [38;2;0;0;0m▄▄[48;2;57;57;65m▀[38;2;57;57;65m▀▀[38;2;0;0;0m▀[49m▄▄[0m
[0m                          [38;2;0;0;0m▄[48;2;74;82;74m▀[38;2;74;82;74;48;2;0;0;0m▀[38;2;57;57;65m▀[38;2;0;0;0;49m▀▀▀▀[38;2;57;57;65;48;2;0;0;0m▀[38;2;74;82;74m▀[38;2;0;0;0;48;2;74;82;74m▀[49m▄[0m
[0m                          [38;2;0;0;0m▀▀[0m        [38;2;0;0;0m▀▀[0m
