[0m                         [38;2;90;148;205;48;2;60;105;130m▀[48;2;123;205;255m▀▀[49m▄▄[0m
[0m       [38;2;156;156;197m▄▄▄▄[0m               [38;2;60;105;130m▀▀[38;2;123;205;255;48;2;60;105;130m▀[48;2;123;205;255m▀[38;2;90;148;205m▀[49m▄[0m      [38;2;60;105;130m▄▄[48;2;123;205;255m▀▀▀▀▀[48;2;98;172;230m▀[38;2;16;16;16;49m▄[0m
[0m  [38;2;156;156;197m▄▄▄▄[48;2;255;255;255m▀[38;2;255;255;255m▀▀▀[38;2;205;205;230m▀[38;2;156;156;197m▀[49m▄[0m                [38;2;60;105;130m▀[38;2;123;205;255;48;2;16;16;16m▀[48;2;123;205;255m▀[38;2;90;148;205m▀[38;2;60;105;130;49m▄[0m  [38;2;60;105;130m▄[48;2;90;148;205m▀[38;2;123;205;255;48;2;123;205;255m▀[48;2;98;172;230m▀[48;2;16;16;16m▀[38;2;98;172;230m▀[38;2;16;16;16;49m▀▀▀▀[0m
[38;2;131;131;148;49m▄[38;2;156;156;197;48;2;255;255;255m▀[38;2;255;255;255m▀▀▀[38;2;205;205;230m▀[38;2;255;255;255m▀▀▀▀▀▀▀[38;2;156;156;197;48;2;156;156;197m▀[0m                 [38;2;16;16;16;48;2;60;105;130m▀[38;2;123;205;255;48;2;123;205;255m▀▀[38;2;60;105;130;48;2;98;172;230m▀[48;2;60;105;130m▀[38;2;98;172;230;48;2;98;172;230m▀[48;2;16;16;16m▀[38;2;16;16;16;49m▀▀[0m
[38;2;131;131;148;48;2;131;131;148m▀[38;2;205;205;230;48;2;205;205;230m▀[38;2;255;255;255;48;2;255;255;255m▀▀▀[48;2;205;205;230m▀[48;2;255;255;255m▀▀▀▀▀▀▀▀[38;2;156;156;197;48;2;156;156;197m▀[48;2;205;205;230m▀[48;2;255;255;255m▀▀▀[49m▄[0m            [38;2;16;16;16;48;2;60;105;130m▀[38;2;123;205;255;48;2;123;205;255m▀[38;2;60;105;130;48;2;90;148;205m▀[38;2;98;172;230;48;2;98;172;230m▀[38;2;16;16;16;48;2;16;16;16m▀[0m                          [38;2;156;156;197m▄▄▄[0m
[0m [38;2;131;131;148m▀[38;2;205;205;230;48;2;131;131;148m▀[38;2;255;255;255;48;2;205;205;230m▀[38;2;205;205;230m▀[38;2;255;255;255;48;2;255;255;255m▀▀▀▀▀▀▀▀▀[38;2;205;205;230m▀[38;2;255;255;255m▀▀▀▀▀[38;2;156;156;197;48;2;156;156;197m▀[0m            [38;2;16;16;16;48;2;16;16;16m▀[38;2;98;172;230;48;2;90;148;205m▀[38;2;16;16;16;48;2;16;16;16m▀[0m                   [38;2;156;156;197m▄▄▄[0m  [38;2;156;156;197m▄[48;2;255;255;255m▀▀[38;2;255;255;255m▀▀[38;2;205;205;230m▀[38;2;156;156;197m▀[48;2;205;205;230m▀[49m▄[0m
[0m   [38;2;156;156;197;48;2;156;156;197m▀[38;2;205;205;230;48;2;205;205;230m▀[38;2;255;255;255m▀[48;2;255;255;255m▀▀▀[48;2;205;205;230m▀▀[38;2;205;205;230;48;2;255;255;255m▀[38;2;255;255;255m▀▀▀▀▀▀▀▀[48;2;205;205;230m▀[38;2;156;156;197;48;2;156;156;197m▀[0m      [38;2;60;105;130m▄▄[48;2;123;205;255m▀▀▀▀▀[38;2;16;16;16;48;2;60;105;130m▀[38;2;60;105;130;49m▄[0m               [38;2;156;156;197m▄[48;2;205;205;230m▀[48;2;255;255;255m▀[38;2;205;205;230m▀[38;2;255;255;255m▀▀[38;2;156;156;197m▀▀[38;2;255;255;255;48;2;205;205;230m▀[48;2;255;255;255m▀▀▀▀▀▀▀[38;2;156;156;197;48;2;205;205;230m▀[38;2;131;131;148;49m▄[0m
[0m    [38;2;156;156;197;48;2;131;131;148m▀[38;2;205;205;230;48;2;205;205;230m▀▀▀▀▀▀[38;2;255;255;255m▀[48;2;255;255;255m▀[48;2;205;205;230m▀[48;2;255;255;255m▀▀▀▀▀[38;2;205;205;230m▀[38;2;255;255;255m▀▀[38;2;156;156;197m▀[49m▄[0m  [38;2;60;105;130m▄[48;2;123;205;255m▀[38;2;123;205;255m▀▀▀▀▀▀▀▀▀[38;2;60;105;130m▀[49m▄[0m      [38;2;156;156;197m▄▄▄▄[0m  [38;2;156;156;197;48;2;156;156;197m▀[38;2;205;205;230;48;2;255;255;255m▀[38;2;255;255;255m▀▀▀▀▀▀▀▀▀▀▀▀▀▀[48;2;205;205;230m▀[38;2;205;205;230m▀[38;2;131;131;148;48;2;131;131;148m▀[0m
[0m     [38;2;131;131;148m▀[38;2;205;205;230;48;2;131;131;148m▀▀[48;2;156;156;197m▀[48;2;205;205;230m▀▀▀▀[38;2;255;255;255;48;2;255;255;255m▀▀▀▀[48;2;205;205;230m▀[48;2;255;255;255m▀▀▀▀▀[48;2;205;205;230m▀[38;2;156;156;197;48;2;156;156;197m▀[38;2;60;105;130;48;2;16;16;16m▀[38;2;90;148;205;48;2;255;255;255m▀[38;2;123;205;255;48;2;156;156;197m▀[38;2;156;156;197;48;2;255;255;255m▀▀▀[38;2;123;205;255;48;2;156;156;197m▀[48;2;123;205;255m▀[48;2;98;172;230m▀[48;2;60;105;130m▀[48;2;98;172;230m▀[48;2;123;205;255m▀▀▀[38;2;60;105;130;48;2;60;105;130m▀[0m  [38;2;156;156;197m▄[48;2;255;255;255m▀▀[38;2;255;255;255m▀▀▀[38;2;205;205;230m▀[38;2;156;156;197m▀[48;2;205;205;230m▀[38;2;205;205;230;48;2;156;156;197m▀[38;2;255;255;255;48;2;255;255;255m▀▀▀▀▀▀▀▀▀[38;2;205;205;230;48;2;205;205;230m▀[38;2;255;255;255m▀▀▀▀[38;2;205;205;230m▀▀[38;2;131;131;148;48;2;131;131;148m▀[0m
[0m       [38;2;131;131;148;48;2;131;131;148m▀[38;2;205;205;230;48;2;205;205;230m▀▀▀▀▀▀[38;2;255;255;255m▀[48;2;255;255;255m▀▀[48;2;205;205;230m▀[38;2;205;205;230m▀[38;2;255;255;255m▀▀▀[38;2;205;205;230m▀▀[38;2;60;105;130;48;2;60;105;130m▀[38;2;90;148;205;48;2;123;205;255m▀[38;2;16;16;16;48;2;156;156;197m▀[38;2;205;205;230;48;2;255;255;255m▀[38;2;255;255;255m▀▀▀▀[38;2;156;156;197;48;2;156;156;197m▀[38;2;60;105;130;48;2;98;172;230m▀[38;2;255;255;255;48;2;16;16;16m▀[38;2;16;16;16;48;2;60;105;130m▀[38;2;123;205;255;48;2;123;205;255m▀▀▀▀[38;2;60;105;130;48;2;156;156;197m▀[38;2;156;156;197;48;2;255;255;255m▀[38;2;255;255;255m▀▀▀▀▀▀▀▀▀▀▀▀▀▀▀▀▀▀▀[38;2;205;205;230;48;2;205;205;230m▀▀▀▀▀[48;2;131;131;148m▀[38;2;131;131;148;49m▀[0m
[0m        [38;2;131;131;148m▀[38;2;205;205;230;48;2;131;131;148m▀▀[38;2;156;156;197;48;2;156;156;197m▀[38;2;205;205;230;48;2;205;205;230m▀▀▀▀▀▀▀▀▀▀▀[38;2;60;105;130;48;2;60;105;130m▀[38;2;123;205;255;48;2;123;205;255m▀▀[38;2;131;131;148;48;2;131;131;148m▀[38;2;255;255;255;48;2;205;205;230m▀[48;2;255;255;255m▀[48;2;156;156;197m▀▀[38;2;205;205;230m▀[38;2;156;156;197;48;2;131;131;148m▀[38;2;123;205;255;48;2;123;205;255m▀▀▀▀▀▀[48;2;156;156;197m▀[38;2;156;156;197;48;2;255;255;255m▀[38;2;255;255;255m▀▀▀▀▀▀▀▀▀▀▀▀▀[38;2;205;205;230;48;2;205;205;230m▀[38;2;255;255;255m▀▀▀▀▀[38;2;205;205;230m▀▀▀[38;2;156;156;197m▀▀[38;2;131;131;148;48;2;131;131;148m▀[0m
[0m           [38;2;131;131;148m▀[38;2;205;205;230;48;2;131;131;148m▀[48;2;156;156;197m▀[48;2;205;205;230m▀▀[48;2;156;156;197m▀[48;2;205;205;230m▀▀▀▀▀▀[38;2;60;105;130;48;2;16;16;16m▀[38;2;123;205;255;48;2;98;172;230m▀[48;2;123;205;255m▀▀[38;2;131;131;148;48;2;131;131;148m▀[38;2;156;156;197;48;2;205;205;230m▀[38;2;205;205;230m▀▀[48;2;131;131;148m▀[38;2;156;156;197;48;2;123;205;255m▀[38;2;123;205;255m▀▀▀▀▀[38;2;156;156;197;48;2;156;156;197m▀[38;2;255;255;255;48;2;205;205;230m▀[48;2;255;255;255m▀▀▀▀[48;2;205;205;230m▀[48;2;255;255;255m▀▀▀▀▀▀▀▀[48;2;205;205;230m▀[38;2;205;205;230m▀▀▀▀▀▀▀▀▀▀▀[38;2;131;131;148;48;2;131;131;148m▀[0m
[0m             [38;2;131;131;148m▀▀▀▀[38;2;156;156;197;48;2;131;131;148m▀[38;2;205;205;230;48;2;205;205;230m▀▀▀[48;2;156;156;197m▀[38;2;156;156;197;48;2;131;131;148m▀[38;2;16;16;16;48;2;16;16;16m▀[38;2;90;148;205;48;2;90;148;205m▀[38;2;98;172;230m▀[38;2;123;205;255;48;2;123;205;255m▀▀[38;2;131;131;148m▀▀▀[38;2;123;205;255m▀▀▀▀[48;2;98;172;230m▀[48;2;90;148;205m▀[38;2;98;172;230m▀[38;2;156;156;197m▀[38;2;205;205;230;48;2;131;131;148m▀[48;2;205;205;230m▀[38;2;255;255;255m▀▀[38;2;205;205;230m▀[38;2;255;255;255m▀▀[38;2;205;205;230;48;2;255;255;255m▀[38;2;255;255;255;48;2;205;205;230m▀[38;2;205;205;230;48;2;255;255;255m▀[38;2;255;255;255;48;2;205;205;230m▀[38;2;205;205;230m▀▀▀▀▀▀▀▀▀▀▀[48;2;131;131;148m▀▀▀[38;2;131;131;148;49m▀[0m
[0m                  [38;2;131;131;148m▀▀▀▀[0m  [38;2;16;16;16;48;2;16;16;16m▀[38;2;90;148;205;48;2;90;148;205m▀▀[38;2;98;172;230m▀[38;2;123;205;255m▀▀▀▀[38;2;98;172;230m▀▀[38;2;90;148;205m▀▀▀▀▀▀[38;2;131;131;148m▀[48;2;16;16;16m▀[38;2;205;205;230;48;2;131;131;148m▀▀[48;2;205;205;230m▀▀▀▀▀▀▀▀▀▀▀▀▀▀▀▀▀[38;2;156;156;197;48;2;131;131;148m▀[0m
[0m                         [38;2;16;16;16m▀[38;2;90;148;205;48;2;16;16;16m▀[48;2;60;105;130m▀[48;2;90;148;205m▀▀▀▀▀▀▀▀▀▀▀[48;2;16;16;16m▀[38;2;16;16;16;48;2;60;105;130m▀[38;2;60;105;130;49m▄[0m  [38;2;156;156;197m▀[38;2;205;205;230;48;2;156;156;197m▀[48;2;205;205;230m▀▀▀▀[48;2;131;131;148m▀[38;2;131;131;148;49m▀[38;2;205;205;230;48;2;156;156;197m▀▀[48;2;205;205;230m▀▀▀▀[48;2;131;131;148m▀▀[38;2;131;131;148;49m▀[0m
[0m                         [38;2;16;16;16m▄[48;2;255;255;255m▀[38;2;60;105;130;48;2;60;105;130m▀[38;2;16;16;16;48;2;156;156;197m▀[38;2;60;105;130;48;2;16;16;16m▀[38;2;90;148;205m▀▀▀▀▀▀[38;2;60;105;130;48;2;156;156;197m▀[38;2;16;16;16;48;2;60;105;130m▀[48;2;16;16;16m▀[38;2;60;105;130;48;2;60;105;130m▀[48;2;16;16;16m▀[38;2;90;148;205;48;2;90;148;205m▀[38;2;60;105;130;48;2;60;105;130m▀[0m   [38;2;131;131;148m▀▀▀▀[0m    [38;2;131;131;148m▀▀▀▀[0m
[0m                         [38;2;16;16;16m▀▀[38;2;255;255;255;48;2;16;16;16m▀[38;2;16;16;16;49m▀[0m    [38;2;60;105;130;48;2;16;16;16m▀[38;2;156;156;197;48;2;255;255;255m▀[38;2;60;105;130;48;2;16;16;16m▀[38;2;156;156;197;48;2;255;255;255m▀[38;2;60;105;130;48;2;16;16;16m▀[0m [38;2;16;16;16m▀[38;2;60;105;130;48;2;16;16;16m▀[38;2;16;16;16;48;2;60;105;130m▀[38;2;90;148;205m▀[38;2;60;105;130;48;2;90;148;205m▀[49m▄[0m
[0m                                  [38;2;16;16;16m▀[0m [38;2;16;16;16m▀[0m    [38;2;16;16;16m▀▀[38;2;60;105;130;48;2;16;16;16m▀[38;2;16;16;16m▀[0m
