[0m                                         [38;2;74;98;148m▄▄[48;2;0;0;0m▀▀[38;2;0;0;0;49m▀[0m
[0m                                      [38;2;74;98;148m▄▄[48;2;16;156;205m▀[38;2;16;156;205;48;2;0;0;0m▀[38;2;0;0;0;49m▀[0m
[0m                                  [38;2;74;98;148m▄▄[48;2;16;156;205m▀▀[38;2;16;156;205;48;2;0;0;0m▀▀[38;2;0;0;0;49m▀[0m              [38;2;74;98;148m▄▄[38;2;0;0;0m▄[0m
[0m                            [38;2;74;98;148m▄▄▄[48;2;16;156;205m▀▀▀[38;2;16;156;205;48;2;0;0;0m▀▀[38;2;0;0;0;49m▀▀[0m              [38;2;74;98;148m▄[48;2;16;156;205m▀▀[38;2;16;156;205;48;2;0;0;0m▀[38;2;0;0;0;49m▀[0m
[0m                         [38;2;74;98;148m▄[48;2;16;156;205m▀[38;2;16;156;205;48;2;74;98;148m▀[48;2;0;0;0m▀▀[38;2;0;0;0;49m▀▀▀▀[0m [38;2;16;156;205m▄▄▄▄▄[0m       [38;2;74;98;148m▄▄▄[48;2;16;156;205m▀▀[38;2;16;156;205;48;2;0;0;0m▀[38;2;0;0;0;49m▀▀[0m
[0m                        [38;2;74;98;148;48;2;74;98;148m▀[38;2;16;156;205m▀[38;2;74;98;148;48;2;0;0;0m▀[38;2;0;0;0;49m▀[0m [38;2;16;156;205m▄▄[48;2;90;197;255m▀▀▀▀[38;2;90;197;255m▀▀▀▀▀[38;2;16;156;205m▀▀▀[38;2;74;98;148m▀▀[48;2;16;156;205m▀▀[38;2;16;156;205m▀▀[48;2;0;0;0m▀▀[38;2;0;0;0;49m▀[0m
[0m                      [38;2;74;98;148m▄▄[38;2;41;57;90;48;2;74;98;148m▀[38;2;74;98;148m▀[38;2;0;0;0;48;2;16;156;205m▀[38;2;16;156;205;49m▄[48;2;16;156;205m▀[38;2;90;197;255;48;2;0;0;0m▀[38;2;16;156;205m▀[38;2;41;57;90;49m▀[38;2;0;0;0m▀▀▀[38;2;41;57;90m▀[38;2;16;156;205;48;2;0;0;0m▀[38;2;90;197;255m▀▀▀▀▀▀[38;2;16;156;205m▀▀▀[38;2;0;0;0;49m▀▀▀[0m
[0m                   [38;2;16;156;205m▄[48;2;90;197;255m▀[48;2;156;222;255m▀[38;2;156;222;255m▀▀▀▀[38;2;90;197;255m▀[48;2;90;197;255m▀[38;2;74;98;148m▀[38;2;41;57;90m▀[49m▄[0m
[0m                  [38;2;74;98;148m▄[38;2;16;156;205;48;2;16;156;205m▀[38;2;90;197;255;48;2;90;197;255m▀▀[38;2;156;222;255m▀▀▀▀[38;2;90;197;255m▀▀▀▀▀[38;2;74;98;148;48;2;74;98;148m▀[0m
[0m                 [38;2;115;115;156m▄[38;2;74;98;148;48;2;74;98;148m▀[38;2;255;255;255;48;2;0;0;0m▀[38;2;90;197;255;48;2;90;197;255m▀▀▀▀▀▀▀[48;2;0;0;0m▀[38;2;16;156;205;48;2;255;255;255m▀[38;2;90;197;255;48;2;90;197;255m▀▀▀[38;2;41;57;90;48;2;0;0;0m▀[0m
[0m                [38;2;115;115;156;48;2;74;98;148m▀[38;2;255;255;255;48;2;222;230;238m▀[38;2;115;115;156;48;2;255;255;255m▀[38;2;0;0;0;48;2;74;98;148m▀[38;2;74;98;148;48;2;255;255;255m▀▀▀[38;2;16;156;205;48;2;222;230;238m▀[38;2;90;197;255;48;2;74;98;148m▀[48;2;90;197;255m▀▀[38;2;0;0;0;48;2;74;98;148m▀[48;2;41;57;90m▀[38;2;90;197;255;48;2;90;197;255m▀▀▀[38;2;0;0;0;48;2;0;0;0m▀[0m
[0m                 [38;2;74;98;148m▀[38;2;115;115;156;48;2;41;57;90m▀[38;2;255;255;255;48;2;74;98;148m▀[48;2;255;255;255m▀▀▀[48;2;172;180;197m▀[38;2;222;230;238;48;2;115;115;156m▀[38;2;172;180;197m▀[38;2;115;115;156;48;2;255;255;255m▀[38;2;255;255;255m▀▀[38;2;222;230;238;48;2;222;230;238m▀[38;2;16;156;205;48;2;172;180;197m▀[48;2;0;0;0m▀[38;2;0;0;0;49m▀[0m
[0m                 [38;2;115;115;156m▄▄[38;2;41;57;90;48;2;115;115;156m▀[38;2;115;115;156;48;2;41;57;90m▀[48;2;74;98;148m▀[38;2;172;180;197m▀[38;2;74;98;148;48;2;16;156;205m▀▀[38;2;16;156;205m▀[38;2;115;115;156m▀[38;2;222;230;238m▀▀[38;2;115;115;156;48;2;0;0;0m▀[38;2;0;0;0;49m▀[0m
[0m               [38;2;115;115;156m▄[48;2;205;205;230m▀[38;2;205;205;230m▀▀▀▀[38;2;0;0;0;48;2;0;0;0m▀[38;2;16;156;205;48;2;16;156;205m▀▀▀▀▀▀[48;2;0;0;0m▀[38;2;0;0;0;48;2;205;205;230m▀[38;2;115;115;156m▀▀[49m▄[0m   [38;2;115;115;156m▄▄▄▄[0m
[0m          [38;2;115;115;156m▄▄▄[48;2;205;205;230m▀[48;2;115;115;156m▀[38;2;205;205;230;48;2;205;205;230m▀[48;2;255;255;255m▀▀[48;2;205;205;230m▀▀▀[38;2;41;57;90;48;2;74;98;148m▀[38;2;16;156;205;48;2;16;156;205m▀▀▀▀▀[48;2;0;0;0m▀[38;2;0;0;0;48;2;205;205;230m▀[38;2;205;205;230m▀▀▀▀[38;2;115;115;156m▀[49m▄[48;2;222;230;238m▀[38;2;205;205;230m▀▀[48;2;205;205;230m▀▀[38;2;115;115;156m▀[49m▄[0m
[0m        [38;2;115;115;156m▄[48;2;255;255;255m▀[38;2;255;255;255m▀▀▀▀[38;2;205;205;230;48;2;222;230;238m▀[38;2;222;230;238;48;2;255;255;255m▀[38;2;255;255;255m▀▀▀[38;2;205;205;230;48;2;205;205;230m▀[38;2;74;98;148;48;2;74;98;148m▀[38;2;16;156;205;48;2;90;197;255m▀[48;2;16;156;205m▀▀▀▀[48;2;0;0;0m▀[38;2;0;0;0;48;2;205;205;230m▀[38;2;205;205;230m▀▀▀▀▀[38;2;115;115;156;48;2;115;115;156m▀[38;2;222;230;238;48;2;255;255;255m▀[38;2;255;255;255m▀▀▀[38;2;222;230;238m▀[38;2;205;205;230;48;2;222;230;238m▀[48;2;205;205;230m▀[38;2;115;115;156m▀[48;2;115;115;156m▀[48;2;205;205;230m▀▀▀[49m▄▄[0m
[0m       [38;2;115;115;156;48;2;115;115;156m▀[38;2;222;230;238;48;2;222;230;238m▀[38;2;255;255;255;48;2;255;255;255m▀▀▀▀▀▀▀▀▀[38;2;222;230;238;48;2;74;98;148m▀[38;2;74;98;148;48;2;90;197;255m▀[38;2;90;197;255m▀▀▀[38;2;16;156;205m▀▀[48;2;16;156;205m▀[38;2;0;0;0;48;2;0;0;0m▀[38;2;205;205;230;48;2;205;205;230m▀[48;2;115;115;156m▀▀[38;2;115;115;156;48;2;255;255;255m▀▀[48;2;115;115;156m▀[38;2;222;230;238m▀[38;2;255;255;255;48;2;255;255;255m▀▀▀▀▀▀[38;2;205;205;230;48;2;205;205;230m▀▀[38;2;115;115;156m▀[38;2;205;205;230m▀▀▀▀▀[38;2;115;115;156;48;2;115;115;156m▀[0m
[0m      [38;2;115;115;156;48;2;115;115;156m▀[38;2;205;205;230;48;2;205;205;230m▀▀[38;2;255;255;255;48;2;222;230;238m▀[48;2;255;255;255m▀▀▀▀▀▀[48;2;16;156;205m▀[38;2;16;156;205;48;2;90;197;255m▀[38;2;90;197;255m▀▀▀▀▀▀▀[38;2;0;0;0;48;2;0;0;0m▀[38;2;205;205;230;48;2;115;115;156m▀[38;2;115;115;156;48;2;255;255;255m▀[38;2;255;255;255m▀▀▀▀▀▀[38;2;222;230;238m▀[38;2;255;255;255m▀▀▀[38;2;222;230;238m▀[38;2;205;205;230m▀[48;2;222;230;238m▀[48;2;205;205;230m▀▀▀▀▀▀▀▀[38;2;115;115;156;48;2;115;115;156m▀[0m
[0m     [38;2;115;115;156m▄[48;2;205;205;230m▀[38;2;205;205;230m▀▀▀[38;2;222;230;238m▀[38;2;255;255;255m▀▀[48;2;255;255;255m▀[48;2;222;230;238m▀[38;2;16;156;205;48;2;74;98;148m▀[38;2;90;197;255;48;2;90;197;255m▀▀▀▀▀▀▀▀[48;2;16;156;205m▀[38;2;16;156;205m▀[38;2;0;0;0m▀[38;2;205;205;230;48;2;0;0;0m▀[38;2;255;255;255;48;2;115;115;156m▀[48;2;205;205;230m▀[48;2;255;255;255m▀▀▀▀▀▀▀▀▀▀▀[38;2;222;230;238m▀[38;2;205;205;230;48;2;205;205;230m▀▀▀▀▀▀[48;2;115;115;156m▀[38;2;115;115;156m▀[0m
[0m    [38;2;115;115;156;48;2;115;115;156m▀[38;2;205;205;230;48;2;205;205;230m▀▀▀▀[48;2;115;115;156m▀[38;2;115;115;156;48;2;255;255;255m▀[38;2;255;255;255m▀▀▀▀▀[38;2;115;115;156;48;2;115;115;156m▀[38;2;90;197;255m▀[38;2;115;115;156;48;2;255;255;255m▀▀▀▀▀[38;2;90;197;255;48;2;115;115;156m▀[38;2;16;156;205m▀[48;2;16;156;205m▀▀[38;2;115;115;156;48;2;115;115;156m▀[38;2;205;205;230;48;2;255;255;255m▀[38;2;255;255;255m▀▀▀▀▀▀▀▀▀▀▀▀▀[38;2;205;205;230;48;2;205;205;230m▀▀▀▀▀[38;2;115;115;156m▀[38;2;205;205;230m▀▀[38;2;115;115;156m▀[49m▄[0m
[0m    [38;2;115;115;156;48;2;115;115;156m▀[38;2;205;205;230;48;2;205;205;230m▀[48;2;172;180;197m▀[48;2;115;115;156m▀[38;2;115;115;156;48;2;255;255;255m▀[38;2;255;255;255m▀▀▀▀▀▀[38;2;115;115;156m▀[38;2;255;255;255m▀▀▀▀▀▀▀▀[38;2;222;230;238m▀[38;2;115;115;156;48;2;222;230;238m▀[38;2;16;156;205;48;2;115;115;156m▀▀[38;2;115;115;156;48;2;205;205;230m▀[38;2;205;205;230;48;2;255;255;255m▀▀[38;2;255;255;255;48;2;205;205;230m▀[48;2;255;255;255m▀▀▀▀▀▀▀▀[38;2;222;230;238;48;2;205;205;230m▀[38;2;205;205;230;48;2;222;230;238m▀[48;2;205;205;230m▀▀▀▀▀▀▀▀▀[38;2;115;115;156;48;2;115;115;156m▀[0m
[0m    [38;2;115;115;156m▀[38;2;172;180;197;48;2;115;115;156m▀[38;2;115;115;156m▀[48;2;205;205;230m▀[38;2;255;255;255;48;2;255;255;255m▀▀▀▀▀▀▀▀▀▀▀▀▀▀▀▀▀[38;2;115;115;156;48;2;115;115;156m▀[38;2;222;230;238;48;2;255;255;255m▀[38;2;255;255;255m▀▀▀▀▀▀▀▀[48;2;205;205;230m▀[38;2;205;205;230;48;2;255;255;255m▀[38;2;255;255;255;48;2;205;205;230m▀[38;2;222;230;238m▀[38;2;205;205;230;48;2;222;230;238m▀[38;2;222;230;238;48;2;205;205;230m▀[38;2;205;205;230;48;2;222;230;238m▀[48;2;205;205;230m▀▀▀▀▀▀▀▀▀[38;2;115;115;156;48;2;115;115;156m▀[0m
[0m      [38;2;115;115;156;48;2;115;115;156m▀[38;2;205;205;230;48;2;205;205;230m▀[38;2;222;230;238m▀[38;2;255;255;255;48;2;255;255;255m▀▀▀▀▀▀▀▀▀▀▀▀▀▀▀▀▀▀▀▀▀▀▀▀▀▀▀[38;2;205;205;230;48;2;222;230;238m▀[48;2;205;205;230m▀▀▀▀▀▀▀▀▀▀▀▀▀[38;2;115;115;156;48;2;115;115;156m▀[0m
[0m  [38;2;74;98;148m▄▄[0m [38;2;115;115;156;48;2;115;115;156m▀[38;2;205;205;230;48;2;205;205;230m▀▀▀[38;2;255;255;255;48;2;222;230;238m▀[48;2;255;255;255m▀▀▀[48;2;222;230;238m▀[38;2;222;230;238;48;2;255;255;255m▀[38;2;255;255;255m▀▀▀▀▀▀▀▀▀▀▀▀▀▀▀▀▀▀▀▀[48;2;222;230;238m▀[38;2;205;205;230;48;2;205;205;230m▀▀▀▀▀▀▀▀▀▀▀[48;2;115;115;156m▀▀[38;2;115;115;156;49m▀[0m
[0m [38;2;74;98;148;48;2;74;98;148m▀[38;2;156;222;255;48;2;90;197;255m▀[48;2;16;156;205m▀[38;2;74;98;148;48;2;90;197;255m▀[38;2;115;115;156;48;2;115;115;156m▀[38;2;205;205;230;48;2;205;205;230m▀▀▀▀▀[38;2;222;230;238m▀[38;2;255;255;255m▀[38;2;222;230;238m▀[38;2;255;255;255;48;2;222;230;238m▀[48;2;255;255;255m▀▀▀▀▀[48;2;222;230;238m▀▀[38;2;222;230;238;48;2;205;205;230m▀[38;2;205;205;230m▀[38;2;255;255;255m▀[48;2;222;230;238m▀[48;2;255;255;255m▀▀▀▀▀▀[48;2;222;230;238m▀[48;2;205;205;230m▀[38;2;222;230;238m▀[38;2;205;205;230m▀▀▀▀▀▀▀▀▀▀▀[38;2;115;115;156;48;2;115;115;156m▀[49m▀[0m
[38;2;74;98;148;49m▄[38;2;0;0;0;48;2;90;197;255m▀[38;2;41;57;90m▀[38;2;16;156;205;48;2;16;156;205m▀▀[38;2;115;115;156m▀[38;2;205;205;230;48;2;115;115;156m▀[48;2;205;205;230m▀▀▀▀▀▀▀▀[38;2;222;230;238m▀[38;2;255;255;255m▀▀▀[38;2;222;230;238m▀[38;2;205;205;230m▀▀▀▀▀▀▀[38;2;222;230;238m▀[38;2;255;255;255m▀▀[38;2;222;230;238m▀[38;2;205;205;230m▀▀▀▀▀▀▀▀▀▀▀▀▀▀[48;2;115;115;156m▀[38;2;115;115;156;49m▀[0m
[38;2;74;98;148;48;2;0;0;0m▀[38;2;90;197;255m▀[38;2;0;0;0;49m▀▀[38;2;16;156;205;48;2;0;0;0m▀[48;2;16;156;205m▀[38;2;115;115;156m▀[38;2;205;205;230;48;2;115;115;156m▀[48;2;205;205;230m▀▀▀▀[48;2;172;180;197m▀[48;2;205;205;230m▀▀▀▀▀▀▀▀▀[48;2;74;98;148m▀▀▀[38;2;74;98;148;48;2;41;57;90m▀[48;2;90;197;255m▀▀[38;2;205;205;230;48;2;74;98;148m▀[48;2;205;205;230m▀▀▀▀▀▀[38;2;115;115;156m▀[38;2;205;205;230;48;2;115;115;156m▀[48;2;205;205;230m▀▀[48;2;115;115;156m▀▀▀▀[38;2;115;115;156;49m▀▀[0m
[0m     [38;2;0;0;0;48;2;0;0;0m▀[38;2;16;156;205;48;2;16;156;205m▀[38;2;41;57;90;48;2;0;0;0m▀[38;2;115;115;156;49m▀[38;2;205;205;230;48;2;115;115;156m▀▀▀[38;2;115;115;156m▀[38;2;205;205;230;48;2;205;205;230m▀▀▀▀▀▀▀▀[38;2;0;0;0m▀[38;2;156;222;255;48;2;0;0;0m▀[38;2;90;197;255;48;2;16;156;205m▀[38;2;41;57;90;48;2;0;0;0m▀[38;2;156;222;255m▀[38;2;90;197;255;48;2;41;57;90m▀[38;2;41;57;90;48;2;90;197;255m▀[38;2;74;98;148m▀[38;2;205;205;230;48;2;0;0;0m▀[48;2;205;205;230m▀▀▀▀▀▀[48;2;115;115;156m▀[38;2;115;115;156;48;2;16;156;205m▀[38;2;74;98;148m▀[38;2;41;57;90m▀[38;2;74;98;148;48;2;41;57;90m▀[48;2;74;98;148m▀[38;2;0;0;0m▀▀▀▀[38;2;41;57;90;49m▄[38;2;0;0;0m▄▄[38;2;74;98;148m▄[0m
[0m      [38;2;0;0;0m▀[0m      [38;2;115;115;156m▀[38;2;205;205;230;48;2;115;115;156m▀[48;2;205;205;230m▀▀▀▀▀▀▀▀[38;2;0;0;0;48;2;41;57;90m▀[38;2;16;156;205;48;2;74;98;148m▀[48;2;16;156;205m▀[38;2;41;57;90;48;2;0;0;0m▀[38;2;156;222;255m▀[38;2;74;98;148m▀[38;2;0;0;0;48;2;205;205;230m▀[38;2;205;205;230m▀▀▀[48;2;115;115;156m▀▀[48;2;41;57;90m▀[38;2;115;115;156;48;2;74;98;148m▀[38;2;41;57;90m▀[38;2;16;156;205;48;2;0;0;0m▀[48;2;41;57;90m▀[48;2;16;156;205m▀▀[38;2;0;0;0m▀[48;2;41;57;90m▀▀[49m▀[38;2;74;98;148;48;2;0;0;0m▀▀[48;2;16;156;205m▀[38;2;16;156;205m▀[38;2;74;98;148m▀▀▀[49m▄▄[0m
[0m               [38;2;115;115;156m▀▀[38;2;205;205;230;48;2;115;115;156m▀▀▀▀▀▀[38;2;115;115;156;49m▀[38;2;41;57;90;48;2;41;57;90m▀[38;2;16;156;205;48;2;16;156;205m▀▀[38;2;0;0;0;48;2;0;0;0m▀[38;2;115;115;156;49m▀▀▀▀▀[38;2;0;0;0m▀[38;2;74;98;148;48;2;0;0;0m▀▀[38;2;0;0;0;49m▀[38;2;74;98;148;48;2;0;0;0m▀[48;2;74;98;148m▀[38;2;0;0;0m▀▀[38;2;41;57;90;48;2;0;0;0m▀[38;2;16;156;205;48;2;41;57;90m▀[48;2;16;156;205m▀▀[38;2;41;57;90m▀[49m▄[0m [38;2;0;0;0m▀▀[38;2;16;156;205;48;2;0;0;0m▀[48;2;41;57;90m▀[48;2;16;156;205m▀▀▀[38;2;74;98;148m▀[38;2;0;0;0;49m▄[0m
[0m                        [38;2;41;57;90;48;2;0;0;0m▀[38;2;90;197;255m▀[38;2;0;0;0;49m▀[0m           [38;2;0;0;0m▀[38;2;74;98;148;48;2;0;0;0m▀▀[38;2;0;0;0m▀[49m▀▀[38;2;16;156;205;48;2;0;0;0m▀[48;2;16;156;205m▀▀[38;2;0;0;0;48;2;0;0;0m▀[0m    [38;2;0;0;0m▀▀▀▀▀[0m
[0m                                             [38;2;0;0;0m▀▀[0m
