[0m         [38;2;139;123;32m▄▄▄[48;2;222;180;32m▀[48;2;238;230;90m▀▀[48;2;139;123;32m▀[38;2;74;82;106;48;2;98;106;139m▀▀[48;2;74;82;106m▀[38;2;57;65;82m▀[48;2;74;49;82m▀▀[49m▄▄▄[0m
[0m     [38;2;74;82;106m▄[38;2;139;123;32m▄[48;2;222;180;32m▀▀[38;2;238;230;90m▀▀▀[38;2;222;180;32;48;2;238;230;90m▀[38;2;238;230;90;48;2;139;123;32m▀▀[38;2;139;123;32;48;2;0;0;0m▀[38;2;57;65;82m▀[48;2;139;123;32m▀[38;2;98;106;139;48;2;74;49;82m▀[38;2;74;49;82;48;2;115;90;148m▀[38;2;115;90;148;48;2;74;49;82m▀[38;2;74;49;82;48;2;57;65;82m▀[38;2;98;106;139m▀▀[38;2;74;82;106m▀[38;2;57;65;82;48;2;74;82;106m▀[48;2;98;106;139m▀▀[49m▄▄[0m
[0m   [38;2;74;82;106m▄[48;2;139;123;32m▀[38;2;222;180;32;48;2;238;230;90m▀[38;2;238;230;90m▀[48;2;74;49;82m▀▀[48;2;139;123;32m▀[38;2;139;123;32;48;2;222;180;32m▀[48;2;238;230;90m▀▀[38;2;238;230;90m▀[48;2;98;24;24m▀▀▀[38;2;222;180;32;48;2;115;90;148m▀[38;2;115;90;148m▀[48;2;74;49;82m▀[38;2;74;49;82;48;2;57;65;82m▀[38;2;57;65;82m▀▀▀▀▀▀▀[38;2;74;82;106m▀[38;2;98;106;139m▀[38;2;57;65;82;48;2;74;82;106m▀[38;2;0;0;0m▀[49m▄[0m                        [38;2;98;24;24;48;2;0;0;0m▀[48;2;172;65;57m▀[49m▄▄[0m
[0m  [38;2;74;82;106;48;2;98;106;139m▀[38;2;98;106;139m▀[38;2;139;123;32;48;2;74;49;82m▀[48;2;115;90;148m▀[38;2;74;49;82;48;2;164;115;230m▀[38;2;164;115;230m▀▀[48;2;222;180;32m▀[38;2;222;180;32;48;2;238;230;90m▀[38;2;238;230;90m▀[48;2;98;24;24m▀[38;2;98;24;24;48;2;213;82;74m▀[38;2;172;65;57;48;2;0;0;0m▀[38;2;213;82;74m▀[38;2;172;65;57;48;2;213;82;74m▀[38;2;98;24;24m▀[38;2;115;90;148;48;2;0;0;0m▀[38;2;74;49;82;48;2;57;65;82m▀[38;2;57;65;82m▀▀▀▀▀▀▀▀▀▀▀[48;2;0;0;0m▀[38;2;0;0;0;49m▀[0m                        [38;2;0;0;0m▀[38;2;172;65;57;48;2;0;0;0m▀[38;2;213;82;74;48;2;213;82;74m▀[38;2;172;65;57m▀[38;2;98;24;24m▀[38;2;172;65;57;49m▄[0m
[0m [38;2;57;65;82;48;2;57;65;82m▀[38;2;98;106;139;48;2;98;106;139m▀[38;2;74;49;82;48;2;74;49;82m▀[38;2;115;90;148;48;2;164;115;230m▀[38;2;164;115;230m▀▀▀▀[38;2;222;180;32m▀[38;2;238;230;90;48;2;222;180;32m▀[48;2;238;230;90m▀[38;2;98;24;24;48;2;98;24;24m▀[38;2;0;0;0m▀[38;2;255;255;255;48;2;74;49;82m▀[38;2;0;0;0;48;2;115;90;148m▀▀▀[38;2;74;49;82;48;2;74;49;82m▀[38;2;57;65;82;48;2;57;65;82m▀▀▀▀▀▀▀▀▀▀▀[38;2;0;0;0;48;2;0;0;0m▀[0m                           [38;2;0;0;0m▀[38;2;57;65;82;48;2;57;65;82m▀[38;2;213;82;74;48;2;74;82;106m▀[48;2;213;82;74m▀▀[38;2;172;65;57m▀[38;2;98;24;24;49m▄[0m
[38;2;57;65;82;48;2;57;65;82m▀[38;2;98;106;139;48;2;98;106;139m▀[38;2;74;49;82;48;2;74;49;82m▀[38;2;115;90;148;48;2;164;115;230m▀[38;2;164;115;230m▀▀▀▀[48;2;115;90;148m▀▀▀[38;2;222;180;32;48;2;164;115;230m▀[38;2;238;230;90;48;2;222;180;32m▀▀[38;2;222;180;32;48;2;164;115;230m▀[38;2;164;115;230m▀▀[38;2;115;90;148m▀[38;2;74;49;82;48;2;115;90;148m▀[38;2;57;65;82;48;2;74;49;82m▀[48;2;57;65;82m▀▀▀▀▀▀▀▀[48;2;0;0;0m▀[38;2;0;0;0;49m▀[0m                             [38;2;57;65;82;48;2;57;65;82m▀[38;2;74;82;106;48;2;74;82;106m▀[38;2;57;65;82;48;2;57;65;82m▀[38;2;213;82;74;48;2;213;82;74m▀▀▀[38;2;98;24;24m▀[49m▄[0m
[38;2;57;65;82;48;2;0;0;0m▀[38;2;98;106;139;48;2;57;65;82m▀[38;2;74;49;82;48;2;74;49;82m▀[38;2;164;115;230;48;2;164;115;230m▀[38;2;0;0;0m▀[38;2;164;115;230;48;2;0;0;0m▀[38;2;115;90;148m▀[38;2;0;0;0;48;2;172;65;57m▀▀[48;2;0;0;0m▀[48;2;222;180;32m▀▀[38;2;115;90;148;48;2;0;0;0m▀[38;2;164;115;230m▀[48;2;115;90;148m▀▀▀[38;2;115;90;148m▀▀[48;2;0;0;0m▀[38;2;0;0;0;48;2;222;180;32m▀[48;2;139;123;32m▀[38;2;57;65;82;48;2;57;65;82m▀▀▀▀▀[48;2;0;0;0m▀[38;2;0;0;0;49m▀[0m                               [38;2;57;65;82;48;2;57;65;82m▀[38;2;74;82;106;48;2;74;82;106m▀[38;2;57;65;82;48;2;57;65;82m▀[38;2;213;82;74;48;2;172;65;57m▀[48;2;213;82;74m▀▀▀[38;2;98;24;24;48;2;172;65;57m▀[38;2;172;65;57;49m▄[0m
[0m [38;2;0;0;0;48;2;98;24;24m▀[48;2;172;65;57m▀▀[48;2;0;0;0m▀[38;2;222;180;32;48;2;222;180;32m▀[38;2;98;24;24;48;2;98;24;24m▀[38;2;172;65;57;48;2;172;65;57m▀▀[38;2;0;0;0;48;2;0;0;0m▀[38;2;222;180;32;48;2;222;180;32m▀▀▀▀[38;2;74;49;82m▀[38;2;0;0;0m▀▀▀[38;2;222;180;32m▀▀▀▀[38;2;0;0;0m▀[38;2;57;65;82;48;2;57;65;82m▀▀▀[48;2;0;0;0m▀[38;2;0;0;0;49m▀[0m                                [38;2;57;65;82;48;2;57;65;82m▀[38;2;74;82;106;48;2;74;82;106m▀[38;2;57;65;82;48;2;57;65;82m▀▀[38;2;213;82;74m▀[48;2;213;82;74m▀▀▀[38;2;98;24;24m▀[38;2;0;0;0;49m▄[0m
[0m [38;2;98;24;24;48;2;98;24;24m▀[38;2;172;65;57;48;2;172;65;57m▀[48;2;213;82;74m▀[38;2;0;0;0;48;2;0;0;0m▀[38;2;222;180;32;48;2;238;230;90m▀[38;2;98;24;24m▀[38;2;172;65;57;48;2;98;24;24m▀[38;2;213;82;74;48;2;213;82;74m▀[38;2;0;0;0;48;2;0;0;0m▀[38;2;222;180;32;48;2;238;230;90m▀▀[48;2;222;180;32m▀▀▀▀▀▀▀▀▀▀[48;2;139;123;32m▀[38;2;57;65;82;48;2;57;65;82m▀▀▀[38;2;0;0;0;48;2;0;0;0m▀[0m                                 [38;2;57;65;82m▀[38;2;74;82;106;48;2;57;65;82m▀[38;2;57;65;82m▀▀▀[38;2;213;82;74m▀[48;2;213;82;74m▀▀[48;2;172;65;57m▀[38;2;98;24;24m▀[38;2;0;0;0;49m▄[0m
[0m  [38;2;98;24;24;48;2;98;24;24m▀[38;2;213;82;74;48;2;213;82;74m▀[38;2;98;24;24;48;2;172;65;57m▀[38;2;139;123;32;49m▀[38;2;238;230;90;48;2;139;123;32m▀[38;2;98;24;24;48;2;98;24;24m▀[38;2;213;82;74;48;2;172;65;57m▀[38;2;172;65;57;48;2;213;82;74m▀[38;2;98;24;24;48;2;0;0;0m▀[38;2;238;230;90;48;2;238;230;90m▀▀▀[38;2;222;180;32m▀[48;2;222;180;32m▀▀▀▀▀▀[48;2;0;0;0m▀[38;2;0;0;0;48;2;57;65;82m▀[38;2;57;65;82m▀▀▀[38;2;0;0;0;48;2;0;0;0m▀[0m                                  [38;2;57;65;82;48;2;57;65;82m▀[38;2;74;82;106;48;2;74;82;106m▀[38;2;57;65;82;48;2;57;65;82m▀▀▀[38;2;172;65;57;48;2;172;65;57m▀▀▀▀[38;2;98;24;24m▀[38;2;0;0;0;49m▄[0m
[0m   [38;2;98;24;24;48;2;98;24;24m▀[38;2;213;82;74;48;2;213;82;74m▀[38;2;0;0;0;48;2;0;0;0m▀[0m [38;2;139;123;32m▀[38;2;98;24;24;48;2;98;24;24m▀[38;2;213;82;74;48;2;213;82;74m▀[38;2;0;0;0;48;2;0;0;0m▀[38;2;238;230;90;48;2;139;123;32m▀▀[48;2;222;180;32m▀[48;2;238;230;90m▀▀[38;2;222;180;32;48;2;222;180;32m▀[48;2;139;123;32m▀[48;2;0;0;0m▀▀[38;2;0;0;0;48;2;57;65;82m▀[38;2;57;65;82m▀▀▀▀[48;2;0;0;0m▀[38;2;0;0;0;49m▀[0m                                  [38;2;57;65;82;48;2;57;65;82m▀[38;2;74;82;106;48;2;74;82;106m▀[38;2;57;65;82;48;2;57;65;82m▀▀▀▀[38;2;172;65;57;48;2;172;65;57m▀▀▀▀[38;2;98;24;24m▀[38;2;0;0;0;49m▄[0m
[0m    [38;2;0;0;0m▀[38;2;98;24;24m▀[0m   [38;2;0;0;0m▀▀[0m  [38;2;0;0;0m▀▀[48;2;0;0;0m▀[48;2;57;65;82m▀▀[38;2;57;65;82m▀▀▀▀▀▀▀[38;2;0;0;0;48;2;0;0;0m▀[0m                                   [38;2;0;0;0;48;2;0;0;0m▀[38;2;74;82;106;48;2;74;82;106m▀[38;2;57;65;82;48;2;57;65;82m▀▀▀▀[38;2;172;65;57;48;2;172;65;57m▀▀▀▀▀[38;2;98;24;24;48;2;98;24;24m▀[0m
[0m               [38;2;0;0;0;48;2;0;0;0m▀[38;2;57;65;82;48;2;57;65;82m▀▀▀▀▀▀▀▀▀[38;2;0;0;0;48;2;0;0;0m▀[0m                                   [38;2;0;0;0;48;2;0;0;0m▀[38;2;74;82;106;48;2;74;82;106m▀[38;2;57;65;82;48;2;57;65;82m▀▀▀▀[38;2;172;65;57m▀[48;2;172;65;57m▀▀▀▀[38;2;98;24;24m▀[38;2;0;0;0;49m▄[0m
[0m              [38;2;0;0;0;48;2;0;0;0m▀[38;2;57;65;82;48;2;57;65;82m▀▀▀[48;2;74;49;82m▀▀[38;2;74;49;82;48;2;115;90;148m▀[48;2;74;49;82m▀[38;2;57;65;82;48;2;57;65;82m▀▀[38;2;0;0;0;48;2;0;0;0m▀[0m                                   [38;2;0;0;0;48;2;0;0;0m▀[38;2;74;82;106;48;2;74;82;106m▀▀[38;2;57;65;82;48;2;57;65;82m▀▀▀▀▀[38;2;172;65;57;48;2;172;65;57m▀▀▀▀▀[38;2;0;0;0;48;2;98;24;24m▀[0m
[0m             [38;2;0;0;0m▄[48;2;57;65;82m▀[38;2;57;65;82m▀[48;2;115;90;148m▀[38;2;74;49;82m▀[38;2;115;90;148m▀▀[48;2;74;49;82m▀[38;2;74;49;82;48;2;57;65;82m▀[38;2;57;65;82m▀▀[38;2;0;0;0;48;2;0;0;0m▀[0m      [38;2;57;65;82m▄▄[38;2;139;123;32;48;2;222;180;32m▀[48;2;238;230;90m▀▀▀[38;2;57;65;82;49m▄▄[0m                     [38;2;0;0;0m▀[38;2;74;82;106;48;2;0;0;0m▀[48;2;57;65;82m▀[38;2;57;65;82m▀▀▀▀▀[38;2;172;65;57;48;2;172;65;57m▀▀▀▀▀[38;2;98;24;24;48;2;98;24;24m▀[0m
[0m            [38;2;0;0;0m▄[48;2;74;49;82m▀[38;2;74;49;82;48;2;115;90;148m▀[38;2;115;90;148m▀▀▀▀[48;2;74;49;82m▀[38;2;74;49;82;48;2;57;65;82m▀[38;2;57;65;82m▀▀▀[38;2;0;0;0;48;2;0;0;0m▀[0m [38;2;57;65;82m▄▄[48;2;139;123;32m▀[48;2;222;180;32m▀▀[38;2;74;82;106;48;2;139;123;32m▀[38;2;139;123;32;48;2;74;82;106m▀▀[38;2;222;180;32m▀▀▀▀[38;2;139;123;32m▀[38;2;57;65;82m▀▀[49m▄[0m   [38;2;139;123;32m▄▄▄▄[0m             [38;2;0;0;0m▀[48;2;0;0;0m▀[38;2;57;65;82m▀[48;2;74;82;106m▀[48;2;57;65;82m▀▀[38;2;172;65;57;48;2;172;65;57m▀▀▀▀▀[38;2;98;24;24;48;2;0;0;0m▀[0m
[0m           [38;2;74;49;82m▄[48;2;164;115;230m▀[38;2;115;90;148;48;2;115;90;148m▀▀▀[48;2;74;49;82m▀[38;2;74;49;82m▀[48;2;57;65;82m▀[38;2;57;65;82m▀▀▀▀▀[38;2;0;0;0;48;2;0;0;0m▀[38;2;57;65;82;48;2;139;123;32m▀[38;2;222;180;32;48;2;238;230;90m▀[38;2;238;230;90m▀▀[38;2;139;123;32;48;2;222;180;32m▀[38;2;222;180;32;48;2;139;123;32m▀[48;2;222;180;32m▀[38;2;74;82;106;48;2;139;123;32m▀[48;2;74;82;106m▀▀▀▀▀▀▀▀▀[38;2;57;65;82m▀[38;2;0;0;0;49m▄[48;2;222;180;32m▀[38;2;139;123;32m▀[38;2;238;230;90m▀▀▀[38;2;139;123;32m▀[38;2;0;0;0;48;2;139;123;32m▀[49m▄[0m         [38;2;0;0;0;48;2;0;0;0m▀[48;2;74;82;106m▀[38;2;74;82;106;48;2;57;65;82m▀▀▀[38;2;57;65;82m▀▀[38;2;172;65;57;48;2;0;0;0m▀▀[38;2;98;24;24;48;2;98;24;24m▀[38;2;0;0;0;49m▀▀[0m
[0m          [38;2;57;65;82m▄[38;2;74;49;82;48;2;164;115;230m▀[38;2;164;115;230m▀▀[38;2;115;90;148;48;2;74;49;82m▀[38;2;74;49;82;48;2;57;65;82m▀[38;2;57;65;82m▀▀▀▀▀▀▀▀[38;2;0;0;0;48;2;0;0;0m▀[38;2;222;180;32;48;2;222;180;32m▀[38;2;238;230;90;48;2;238;230;90m▀▀[48;2;222;180;32m▀[38;2;222;180;32;48;2;139;123;32m▀[38;2;139;123;32;48;2;222;180;32m▀[38;2;222;180;32m▀▀[38;2;74;82;106;48;2;74;82;106m▀▀▀▀▀▀▀▀▀▀[38;2;0;0;0m▀[38;2;139;123;32;48;2;0;0;0m▀[38;2;222;180;32;48;2;139;123;32m▀▀▀[38;2;139;123;32;48;2;74;82;106m▀▀[38;2;74;82;106m▀[38;2;57;65;82m▀[38;2;0;0;0;48;2;0;0;0m▀[0m         [38;2;0;0;0m▀[38;2;57;65;82;48;2;0;0;0m▀[48;2;57;65;82m▀▀▀[38;2;0;0;0;48;2;0;0;0m▀[0m
[0m         [38;2;57;65;82m▄[48;2;164;115;230m▀[38;2;164;115;230m▀▀[38;2;74;49;82;48;2;74;49;82m▀[38;2;98;106;139;48;2;98;106;139m▀[38;2;74;82;106m▀[38;2;57;65;82;48;2;74;82;106m▀[48;2;57;65;82m▀▀▀▀▀▀▀[38;2;0;0;0;48;2;0;0;0m▀[38;2;222;180;32;48;2;139;123;32m▀▀▀[38;2;139;123;32;48;2;222;180;32m▀[38;2;222;180;32m▀▀[48;2;139;123;32m▀[38;2;139;123;32;48;2;74;82;106m▀[38;2;74;82;106m▀▀▀▀▀▀▀▀▀▀[38;2;139;123;32;48;2;139;123;32m▀[38;2;0;0;0;48;2;0;0;0m▀[38;2;74;82;106;48;2;74;82;106m▀▀▀▀▀▀▀[38;2;57;65;82;48;2;57;65;82m▀[38;2;0;0;0;48;2;0;0;0m▀[0m         [38;2;0;0;0;48;2;0;0;0m▀[38;2;57;65;82;48;2;57;65;82m▀▀[48;2;0;0;0m▀[38;2;0;0;0;49m▀[0m
[0m        [38;2;57;65;82;48;2;57;65;82m▀[38;2;164;115;230m▀[48;2;164;115;230m▀▀▀[38;2;74;49;82;48;2;115;90;148m▀[38;2;98;106;139;48;2;74;49;82m▀[48;2;98;106;139m▀▀[38;2;57;65;82;48;2;74;82;106m▀[48;2;57;65;82m▀▀▀▀▀▀[38;2;0;0;0m▀[38;2;222;180;32;48;2;0;0;0m▀[48;2;222;180;32m▀▀[48;2;139;123;32m▀▀[38;2;139;123;32;48;2;74;82;106m▀[38;2;74;82;106m▀▀▀▀▀[48;2;0;0;0m▀[48;2;74;82;106m▀[48;2;0;0;0m▀[48;2;74;82;106m▀▀▀▀[38;2;139;123;32;48;2;139;123;32m▀[38;2;222;180;32;48;2;222;180;32m▀[38;2;0;0;0;48;2;0;0;0m▀[38;2;74;82;106;48;2;74;82;106m▀▀▀▀▀▀[38;2;57;65;82;48;2;57;65;82m▀▀[38;2;0;0;0;48;2;0;0;0m▀[0m       [38;2;74;49;82;48;2;74;49;82m▀[38;2;164;115;230;48;2;164;115;230m▀[48;2;115;90;148m▀[38;2;57;65;82m▀[38;2;0;0;0;48;2;0;0;0m▀[0m
[0m       [38;2;57;65;82;48;2;57;65;82m▀[38;2;98;106;139;48;2;98;106;139m▀[48;2;57;65;82m▀[38;2;57;65;82;48;2;164;115;230m▀[38;2;164;115;230m▀▀▀[38;2;74;49;82;48;2;74;49;82m▀[38;2;98;106;139;48;2;98;106;139m▀▀▀[38;2;57;65;82;48;2;57;65;82m▀▀▀▀▀▀▀[38;2;0;0;0;48;2;0;0;0m▀[38;2;139;123;32;48;2;74;82;106m▀▀[38;2;74;82;106m▀▀▀▀▀▀▀▀[38;2;0;0;0;48;2;0;0;0m▀[38;2;74;82;106m▀[38;2;0;0;0;48;2;74;82;106m▀[38;2;74;82;106m▀▀▀▀[38;2;139;123;32;48;2;139;123;32m▀[38;2;222;180;32;48;2;222;180;32m▀[38;2;0;0;0;48;2;0;0;0m▀[38;2;74;82;106;48;2;74;82;106m▀▀▀▀▀[48;2;57;65;82m▀[38;2;57;65;82m▀▀[38;2;0;0;0;48;2;0;0;0m▀[0m      [38;2;0;0;0;48;2;0;0;0m▀[38;2;164;115;230;48;2;74;82;106m▀[48;2;115;90;148m▀[38;2;115;90;148m▀[48;2;74;49;82m▀[38;2;74;49;82;49m▀[0m
[0m      [38;2;57;65;82;48;2;57;65;82m▀[38;2;98;106;139m▀[38;2;57;65;82;48;2;164;115;230m▀[38;2;164;115;230m▀▀▀▀[48;2;115;90;148m▀[38;2;115;90;148m▀[38;2;74;49;82;48;2;74;49;82m▀[38;2;98;106;139;48;2;98;106;139m▀[48;2;74;82;106m▀[38;2;57;65;82;48;2;57;65;82m▀▀▀▀▀▀▀▀[38;2;0;0;0;48;2;0;0;0m▀[38;2;74;82;106m▀[48;2;74;82;106m▀▀▀▀▀▀▀▀[38;2;0;0;0;48;2;0;0;0m▀[38;2;57;65;82;48;2;57;65;82m▀[38;2;74;82;106;48;2;74;82;106m▀▀▀▀▀▀[38;2;139;123;32;48;2;139;123;32m▀[38;2;0;0;0;48;2;0;0;0m▀[38;2;74;82;106;48;2;57;65;82m▀[48;2;74;82;106m▀▀▀[48;2;57;65;82m▀[38;2;57;65;82m▀▀▀[38;2;0;0;0;48;2;0;0;0m▀[0m    [38;2;0;0;0m▄[48;2;74;82;106m▀[38;2;74;82;106m▀▀[48;2;57;65;82m▀[38;2;115;90;148m▀[38;2;74;49;82;48;2;0;0;0m▀[0m
[0m     [38;2;0;0;0;48;2;0;0;0m▀[38;2;115;90;148;48;2;164;115;230m▀[38;2;164;115;230m▀▀▀[48;2;74;49;82m▀▀[38;2;74;49;82;48;2;98;106;139m▀▀▀[38;2;98;106;139m▀[48;2;74;82;106m▀[38;2;57;65;82;48;2;57;65;82m▀▀▀▀▀▀▀▀▀[38;2;0;0;0;48;2;0;0;0m▀[38;2;57;65;82;48;2;57;65;82m▀[38;2;0;0;0;48;2;0;0;0m▀[38;2;74;82;106;48;2;57;65;82m▀[48;2;74;82;106m▀▀▀▀[48;2;57;65;82m▀[38;2;0;0;0;48;2;0;0;0m▀[38;2;57;65;82;48;2;57;65;82m▀▀▀[38;2;74;82;106m▀▀▀▀[38;2;57;65;82m▀[38;2;0;0;0;48;2;0;0;0m▀[38;2;57;65;82;48;2;57;65;82m▀▀▀▀▀▀▀▀▀▀[38;2;0;0;0;48;2;0;0;0m▀[49m▄▄[48;2;57;65;82m▀[38;2;57;65;82m▀▀▀▀▀[48;2;0;0;0m▀[38;2;0;0;0;49m▀[0m
[0m    [38;2;0;0;0;48;2;0;0;0m▀[38;2;164;115;230;48;2;57;65;82m▀[38;2;74;49;82;48;2;98;106;139m▀▀[38;2;98;106;139m▀▀▀▀▀▀[48;2;57;65;82m▀[38;2;57;65;82m▀▀▀▀▀▀▀▀▀▀▀▀▀▀▀[38;2;74;82;106m▀▀▀[38;2;57;65;82m▀[48;2;0;0;0m▀[38;2;0;0;0;48;2;57;65;82m▀[38;2;57;65;82m▀▀▀▀▀▀▀[38;2;0;0;0;48;2;0;0;0m▀[38;2;57;65;82;48;2;57;65;82m▀▀▀▀▀▀▀▀▀▀▀[38;2;0;0;0;48;2;0;0;0m▀[38;2;57;65;82;48;2;57;65;82m▀▀▀▀▀▀▀▀[38;2;0;0;0;48;2;0;0;0m▀[0m
[0m    [38;2;0;0;0m▀[38;2;98;106;139;48;2;0;0;0m▀[48;2;98;106;139m▀▀▀▀▀[48;2;74;82;106m▀[38;2;74;82;106;48;2;57;65;82m▀[38;2;57;65;82m▀▀▀▀▀▀▀▀▀▀▀▀▀▀▀▀▀▀▀▀▀[38;2;0;0;0;48;2;0;0;0m▀[38;2;57;65;82;48;2;57;65;82m▀▀▀▀▀▀▀▀▀▀▀▀▀▀[38;2;0;0;0;48;2;0;0;0m▀[38;2;57;65;82;48;2;57;65;82m▀▀▀▀▀▀[38;2;0;0;0m▀[38;2;57;65;82m▀▀▀▀▀▀[38;2;0;0;0;48;2;0;0;0m▀[0m
[0m    [38;2;57;65;82;48;2;57;65;82m▀[38;2;0;0;0;48;2;0;0;0m▀[38;2;98;106;139;48;2;57;65;82m▀▀▀[38;2;74;82;106m▀[38;2;57;65;82m▀▀▀▀▀▀▀▀[48;2;222;180;32m▀[38;2;139;123;32;48;2;238;230;90m▀[38;2;222;180;32m▀[38;2;139;123;32m▀[38;2;57;65;82;48;2;139;123;32m▀[48;2;57;65;82m▀▀▀▀▀▀▀▀▀▀[38;2;0;0;0;48;2;0;0;0m▀[38;2;57;65;82;48;2;57;65;82m▀▀▀▀▀▀▀▀▀▀▀▀▀▀[38;2;0;0;0;48;2;0;0;0m▀[38;2;57;65;82;48;2;57;65;82m▀▀▀▀▀▀[48;2;139;123;32m▀[48;2;57;65;82m▀▀▀▀▀▀[38;2;0;0;0;48;2;0;0;0m▀[0m
[0m    [38;2;57;65;82;48;2;57;65;82m▀[38;2;238;230;90;48;2;222;180;32m▀[38;2;0;0;0;48;2;0;0;0m▀[38;2;57;65;82;48;2;57;65;82m▀▀▀▀▀▀▀▀▀▀[38;2;139;123;32;48;2;222;180;32m▀[38;2;238;230;90;48;2;238;230;90m▀▀▀[48;2;222;180;32m▀[38;2;139;123;32;48;2;139;123;32m▀[38;2;57;65;82;48;2;57;65;82m▀▀▀▀▀▀▀▀[48;2;0;0;0m▀[38;2;0;0;0;48;2;57;65;82m▀[38;2;57;65;82m▀▀▀▀▀▀[48;2;139;123;32m▀▀[48;2;57;65;82m▀▀▀▀▀[48;2;0;0;0m▀[38;2;0;0;0;48;2;57;65;82m▀[38;2;57;65;82m▀▀▀▀▀[48;2;222;180;32m▀[38;2;222;180;32;48;2;238;230;90m▀[38;2;238;230;90m▀[38;2;139;123;32;48;2;139;123;32m▀[38;2;57;65;82;48;2;57;65;82m▀▀▀[48;2;0;0;0m▀[38;2;0;0;0;49m▀[0m
[0m     [38;2;57;65;82m▀[38;2;222;180;32;48;2;57;65;82m▀[38;2;0;0;0m▀[38;2;57;65;82;48;2;0;0;0m▀[48;2;57;65;82m▀▀▀▀▀▀▀▀▀[38;2;139;123;32m▀[38;2;222;180;32m▀▀[38;2;139;123;32m▀[38;2;57;65;82m▀▀▀▀▀▀[48;2;0;0;0m▀▀[38;2;0;0;0;48;2;222;180;32m▀[38;2;139;123;32m▀[38;2;57;65;82;48;2;139;123;32m▀[48;2;57;65;82m▀▀▀▀[38;2;139;123;32;48;2;139;123;32m▀[48;2;238;230;90m▀[38;2;238;230;90m▀[48;2;222;180;32m▀[38;2;139;123;32;48;2;139;123;32m▀[38;2;57;65;82;48;2;57;65;82m▀▀▀[48;2;0;0;0m▀[38;2;139;123;32;49m▀[38;2;222;180;32;48;2;139;123;32m▀[38;2;57;65;82;48;2;0;0;0m▀[48;2;57;65;82m▀▀▀▀[38;2;222;180;32m▀▀[38;2;139;123;32m▀[38;2;57;65;82m▀[48;2;0;0;0m▀▀[38;2;0;0;0;49m▀[0m
[0m         [38;2;0;0;0m▀▀[38;2;57;65;82;48;2;0;0;0m▀▀▀[48;2;57;65;82m▀▀▀▀▀▀▀▀▀[48;2;0;0;0m▀▀▀[38;2;0;0;0;49m▀▀[0m  [38;2;0;0;0m▀▀▀[38;2;57;65;82;48;2;0;0;0m▀▀▀▀▀[38;2;222;180;32;48;2;57;65;82m▀▀[38;2;139;123;32m▀[38;2;57;65;82m▀[48;2;0;0;0m▀▀[38;2;0;0;0;49m▀[0m    [38;2;0;0;0m▀▀▀▀▀▀▀▀[0m
[0m              [38;2;0;0;0m▀▀▀▀▀▀▀▀▀[0m               [38;2;0;0;0m▀▀▀▀[0m
