[0m           [38;2;148;131;57m▄▄[38;2;180;164;82m▄[48;2;238;222;139m▀▀▀▀▀▀▀▀[38;2;148;131;57;49m▄▄▄[0m
[0m      [38;2;148;131;57m▄▄[48;2;238;222;139m▀▀[38;2;180;164;82m▀[38;2;238;222;139m▀▀▀▀▀▀▀▀▀▀▀▀▀▀[38;2;148;131;57m▀[38;2;131;106;65m▀▀[49m▄▄[0m
[0m    [38;2;148;131;57m▄[48;2;238;222;139m▀[38;2;238;222;139m▀▀▀▀▀▀▀▀▀▀▀▀▀▀[38;2;205;189;106m▀[38;2;238;222;139;48;2;205;189;106m▀[38;2;205;189;106;48;2;238;222;139m▀[38;2;238;222;139;48;2;205;189;106m▀[38;2;205;189;106;48;2;238;222;139m▀[38;2;238;222;139;48;2;205;189;106m▀[38;2;205;189;106;48;2;238;222;139m▀[48;2;205;189;106m▀▀▀[38;2;131;106;65m▀▀[49m▄[0m
[0m  [38;2;131;106;65m▄[38;2;148;131;57;48;2;205;189;106m▀[38;2;238;222;139;48;2;238;222;139m▀▀▀[48;2;205;189;106m▀▀▀[38;2;205;189;106m▀▀▀▀▀▀▀▀[38;2;238;222;139m▀▀[38;2;205;189;106m▀[38;2;238;222;139m▀[38;2;205;189;106;48;2;238;222;139m▀[38;2;238;222;139;48;2;205;189;106m▀[38;2;205;189;106m▀[38;2;238;222;139m▀[38;2;205;189;106m▀▀▀[48;2;148;131;57m▀▀[48;2;205;189;106m▀[48;2;180;164;82m▀[38;2;131;106;65;48;2;205;189;106m▀[49m▄[0m
[0m [38;2;131;106;65;48;2;131;106;65m▀[38;2;205;189;106;48;2;205;189;106m▀[38;2;238;222;139m▀[38;2;205;189;106m▀▀[48;2;131;106;65m▀▀▀[38;2;131;106;65;48;2;148;131;57m▀▀▀▀▀▀▀[38;2;205;189;106;48;2;131;106;65m▀▀[48;2;205;189;106m▀▀▀▀▀▀▀[48;2;180;164;82m▀[48;2;205;189;106m▀[48;2;180;164;82m▀[38;2;148;131;57;48;2;148;131;57m▀[38;2;180;164;82;48;2;180;164;82m▀▀[38;2;148;131;57m▀[38;2;180;164;82;48;2;148;131;57m▀[48;2;205;189;106m▀[38;2;205;189;106;48;2;180;164;82m▀[38;2;131;106;65;48;2;205;189;106m▀[38;2;57;65;57;49m▄[0m
[38;2;131;106;65;48;2;16;16;16m▀[38;2;205;189;106;48;2;205;189;106m▀▀[48;2;131;106;65m▀[38;2;131;106;65m▀[48;2;16;16;16m▀[38;2;148;131;57m▀▀▀[48;2;148;131;57m▀▀▀▀▀▀▀▀[48;2;180;164;82m▀[38;2;131;106;65m▀▀[38;2;205;189;106;48;2;131;106;65m▀[48;2;205;189;106m▀▀[48;2;180;164;82m▀[38;2;180;164;82;48;2;205;189;106m▀[38;2;205;189;106;48;2;180;164;82m▀[38;2;180;164;82;48;2;205;189;106m▀[38;2;205;189;106;48;2;180;164;82m▀[38;2;180;164;82m▀[48;2;131;106;65m▀[48;2;180;164;82m▀▀[38;2;131;106;65;48;2;131;106;65m▀[38;2;180;164;82;48;2;180;164;82m▀[38;2;205;189;106m▀[38;2;180;164;82m▀[38;2;57;65;57m▀[38;2;16;16;16;49m▄[0m
[0m [38;2;16;16;16m▀▀[0m      [38;2;16;16;16m▀▀[38;2;148;131;57;48;2;16;16;16m▀▀[48;2;180;164;82m▀[48;2;205;189;106m▀[38;2;180;164;82m▀[38;2;205;189;106m▀▀▀[38;2;180;164;82m▀▀[38;2;131;106;65;48;2;180;164;82m▀[38;2;180;164;82;48;2;131;106;65m▀[38;2;205;189;106;48;2;180;164;82m▀[38;2;180;164;82m▀▀▀▀▀▀[38;2;131;106;65m▀▀[38;2;180;164;82m▀▀▀▀▀[38;2;16;16;16m▀[49m▄[0m
[0m             [38;2;16;16;16m▀[38;2;205;189;106;48;2;131;106;65m▀[48;2;205;189;106m▀▀▀▀▀▀▀[38;2;180;164;82m▀[38;2;131;106;65;48;2;16;16;16m▀[38;2;180;164;82;48;2;180;164;82m▀▀▀▀[48;2;131;106;65m▀[48;2;16;16;16m▀▀▀[48;2;131;106;65m▀[48;2;180;164;82m▀▀▀▀▀[38;2;16;16;16m▀[49m▄[0m
[0m              [38;2;131;106;65m▀[38;2;205;189;106;48;2;131;106;65m▀[48;2;205;189;106m▀▀▀▀▀▀▀▀[38;2;16;16;16;48;2;16;16;16m▀[38;2;180;164;82;48;2;180;164;82m▀[48;2;131;106;65m▀[38;2;57;65;57;48;2;16;16;16m▀[38;2;16;16;16m▀▀▀▀▀▀[38;2;180;164;82m▀[48;2;180;164;82m▀▀▀▀[38;2;16;16;16;48;2;16;16;16m▀[0m
[0m              [38;2;148;131;57m▄[38;2;131;106;65;48;2;148;131;57m▀[38;2;148;131;57;48;2;238;222;139m▀▀[38;2;131;106;65m▀[38;2;205;189;106;48;2;131;106;65m▀▀▀[48;2;205;189;106m▀▀[38;2;131;106;65m▀[48;2;131;106;65m▀[38;2;16;16;16;48;2;16;16;16m▀▀[48;2;131;16;41m▀▀▀[48;2;16;16;16m▀▀▀▀[38;2;131;106;65m▀[38;2;180;164;82;48;2;180;164;82m▀▀▀▀[38;2;16;16;16;48;2;16;16;16m▀[0m
[0m         [38;2;148;131;57m▄▄[48;2;238;222;139m▀▀▀[38;2;238;222;139m▀[48;2;205;189;106m▀▀[38;2;205;189;106m▀▀▀▀[38;2;180;164;82m▀[38;2;131;106;65m▀[38;2;16;16;16;48;2;131;106;65m▀[38;2;205;189;106;48;2;16;16;16m▀[38;2;16;16;16m▀▀[38;2;131;16;41;48;2;180;32;57m▀[38;2;213;90;115;48;2;213;90;115m▀▀[38;2;180;32;57;48;2;180;32;57m▀[38;2;131;16;41;48;2;131;16;41m▀[38;2;16;16;16;48;2;16;16;16m▀▀▀▀[38;2;131;106;65;48;2;131;106;65m▀[38;2;180;164;82;48;2;180;164;82m▀▀▀[38;2;16;16;16;48;2;16;16;16m▀[0m
[0m     [38;2;131;106;65m▄[38;2;148;131;57m▄[48;2;238;222;139m▀▀[38;2;238;222;139m▀[48;2;205;189;106m▀[38;2;205;189;106;48;2;238;222;139m▀[38;2;238;222;139;48;2;205;189;106m▀[38;2;205;189;106m▀▀▀[48;2;148;131;57m▀▀[48;2;131;106;65m▀[48;2;16;16;16m▀▀▀▀▀[38;2;131;106;65m▀[38;2;16;16;16m▀[38;2;131;16;41;48;2;131;16;41m▀[38;2;180;32;57;48;2;180;32;57m▀[38;2;131;16;41;48;2;131;16;41m▀[38;2;16;16;16;48;2;16;16;16m▀[38;2;213;90;115;48;2;213;90;115m▀[38;2;180;32;57;48;2;180;32;57m▀[38;2;131;16;41;48;2;131;16;41m▀[38;2;16;16;16;48;2;16;16;16m▀[38;2;57;65;57;48;2;57;65;57m▀[38;2;16;16;16m▀[38;2;131;106;65;48;2;131;106;65m▀[38;2;180;164;82;48;2;180;164;82m▀▀▀[38;2;16;16;16;48;2;16;16;16m▀[0m
[0m     [38;2;57;65;57m▀[38;2;16;16;16;48;2;131;106;65m▀▀[38;2;131;106;65;48;2;148;131;57m▀[38;2;16;16;16m▀▀▀▀▀▀▀▀▀▀▀▀▀▀▀[48;2;131;106;65m▀[48;2;16;16;16m▀[38;2;131;16;41;48;2;131;16;41m▀[38;2;180;32;57;48;2;180;32;57m▀[38;2;131;16;41;48;2;131;16;41m▀[38;2;16;16;16;48;2;16;16;16m▀[38;2;213;90;115;48;2;180;32;57m▀[38;2;180;32;57m▀[38;2;131;16;41;48;2;131;16;41m▀[38;2;16;16;16;48;2;16;16;16m▀[38;2;57;65;57;48;2;57;65;57m▀▀[38;2;131;106;65;48;2;131;106;65m▀[38;2;180;164;82;48;2;180;164;82m▀▀▀[38;2;16;16;16;48;2;16;16;16m▀[0m
[0m        [38;2;131;106;65m▀▀[38;2;148;131;57;48;2;131;106;65m▀[38;2;180;164;82m▀▀[48;2;148;131;57m▀[48;2;180;164;82m▀▀▀▀▀▀▀[48;2;148;131;57m▀[38;2;148;131;57;48;2;16;16;16m▀▀[38;2;16;16;16;48;2;180;164;82m▀[38;2;131;106;65;48;2;131;106;65m▀[38;2;16;16;16;48;2;16;16;16m▀[38;2;131;16;41m▀[38;2;180;32;57;48;2;131;16;41m▀[48;2;180;32;57m▀[48;2;131;16;41m▀[38;2;131;16;41;48;2;16;16;16m▀[38;2;16;16;16m▀[38;2;57;65;57;48;2;57;65;57m▀▀[38;2;16;16;16;48;2;131;106;65m▀[38;2;180;164;82;48;2;180;164;82m▀▀▀▀[38;2;16;16;16;48;2;16;16;16m▀[0m
[0m             [38;2;131;106;65m▀[48;2;148;131;57m▀[38;2;148;131;57;48;2;180;164;82m▀[38;2;180;164;82;48;2;131;106;65m▀[48;2;16;16;16m▀▀[38;2;131;106;65;48;2;180;164;82m▀[38;2;16;16;16m▀▀[38;2;180;164;82m▀▀[48;2;148;131;57m▀[38;2;148;131;57;48;2;180;164;82m▀[38;2;131;106;65m▀[38;2;16;16;16;48;2;16;16;16m▀▀▀▀▀[38;2;57;65;57m▀▀[38;2;16;16;16;48;2;180;164;82m▀[38;2;180;164;82m▀▀[48;2;131;106;65m▀[38;2;131;106;65;48;2;180;164;82m▀[38;2;180;164;82;48;2;16;16;16m▀[38;2;16;16;16;49m▀[0m
[0m            [38;2;148;131;57m▄[48;2;180;164;82m▀[38;2;180;164;82m▀▀▀▀▀▀▀▀▀[48;2;148;131;57m▀[38;2;131;106;65;48;2;180;164;82m▀[38;2;180;164;82m▀▀▀[38;2;131;106;65m▀[38;2;16;16;16m▀▀▀[38;2;131;106;65m▀[38;2;180;164;82m▀▀▀[38;2;148;131;57;48;2;131;106;65m▀[38;2;180;164;82;48;2;180;164;82m▀▀[38;2;16;16;16;48;2;16;16;16m▀[0m
[0m [38;2;131;106;65m▄[38;2;148;131;57m▄[0m    [38;2;131;106;65m▄▄▄[48;2;205;189;106m▀▀[38;2;205;189;106m▀[38;2;180;164;82m▀[48;2;180;164;82m▀▀▀▀▀▀▀▀[48;2;131;106;65m▀[38;2;131;106;65;48;2;180;164;82m▀[38;2;180;164;82m▀▀▀▀[48;2;131;106;65m▀[38;2;131;106;65;48;2;180;164;82m▀▀[38;2;180;164;82;48;2;131;106;65m▀[48;2;180;164;82m▀▀▀▀[38;2;131;106;65;48;2;131;106;65m▀[38;2;180;164;82;48;2;180;164;82m▀[38;2;16;16;16;48;2;16;16;16m▀[0m
[38;2;16;16;16;48;2;16;16;16m▀[38;2;205;189;106;48;2;205;189;106m▀[38;2;180;164;82;48;2;180;164;82m▀[38;2;148;131;57m▀[38;2;131;106;65;48;2;148;131;57m▀[48;2;238;222;139m▀▀[38;2;205;189;106m▀[38;2;238;222;139m▀▀▀▀▀[38;2;205;189;106m▀▀[48;2;205;189;106m▀[38;2;180;164;82m▀▀▀[48;2;148;131;57m▀▀[38;2;148;131;57;48;2;180;164;82m▀[38;2;180;164;82m▀▀▀▀▀[38;2;131;106;65;48;2;131;106;65m▀[38;2;180;164;82;48;2;180;164;82m▀▀▀▀[38;2;131;106;65;48;2;131;106;65m▀[38;2;180;164;82;48;2;180;164;82m▀▀▀[38;2;148;131;57m▀[38;2;16;16;16;48;2;16;16;16m▀[0m
[0m [38;2;16;16;16;48;2;16;16;16m▀[38;2;205;189;106;48;2;205;189;106m▀[38;2;180;164;82m▀[48;2;180;164;82m▀[38;2;148;131;57m▀▀▀[38;2;238;222;139;48;2;148;131;57m▀▀▀▀▀▀▀▀[38;2;148;131;57;48;2;180;164;82m▀▀▀[38;2;180;164;82m▀▀[48;2;131;106;65m▀[38;2;131;106;65;48;2;180;164;82m▀▀[38;2;180;164;82;48;2;131;106;65m▀[48;2;180;164;82m▀▀[38;2;148;131;57;48;2;148;131;57m▀[38;2;180;164;82;48;2;180;164;82m▀▀▀▀[38;2;131;106;65;48;2;131;106;65m▀[38;2;180;164;82;48;2;180;164;82m▀▀[48;2;16;16;16m▀[38;2;16;16;16;49m▀[0m
[0m  [38;2;16;16;16m▀[38;2;238;222;139;48;2;16;16;16m▀[38;2;205;189;106;48;2;238;222;139m▀[38;2;180;164;82;48;2;205;189;106m▀[48;2;180;164;82m▀▀▀▀▀▀▀▀▀▀▀▀▀▀▀[38;2;148;131;57;48;2;148;131;57m▀[38;2;180;164;82;48;2;180;164;82m▀▀[38;2;131;106;65;48;2;131;106;65m▀[38;2;180;164;82;48;2;180;164;82m▀▀▀[38;2;148;131;57m▀[38;2;180;164;82;48;2;148;131;57m▀▀[38;2;131;106;65;48;2;180;164;82m▀[38;2;180;164;82m▀[48;2;16;16;16m▀[38;2;16;16;16;49m▀[0m
[0m    [38;2;16;16;16m▀[38;2;238;222;139;48;2;16;16;16m▀[48;2;238;222;139m▀[38;2;205;189;106m▀[38;2;180;164;82;48;2;205;189;106m▀[48;2;180;164;82m▀▀▀▀▀▀▀▀▀▀▀▀▀[38;2;148;131;57m▀[38;2;131;106;65m▀[38;2;180;164;82m▀▀▀▀▀▀▀[48;2;16;16;16m▀[38;2;16;16;16;49m▀[0m
[0m      [38;2;16;16;16m▀▀[38;2;238;222;139;48;2;16;16;16m▀▀[38;2;205;189;106;48;2;238;222;139m▀[38;2;180;164;82m▀▀▀[48;2;205;189;106m▀[48;2;180;164;82m▀▀▀▀▀▀▀▀▀▀▀▀[48;2;16;16;16m▀▀[38;2;16;16;16;49m▀▀[0m
[0m          [38;2;16;16;16m▀▀▀[38;2;57;65;57m▀[38;2;238;222;139;48;2;16;16;16m▀▀▀▀[38;2;205;189;106m▀▀▀▀▀[38;2;57;65;57;49m▀[38;2;16;16;16m▀▀▀[0m
