[0m                                   [38;2;98;74;24m▄[48;2;244;228;101m▀[38;2;16;16;16m▀[49m▄[0m
[0m                                  [38;2;98;74;24m▄[48;2;222;180;24m▀[38;2;244;228;101;48;2;244;228;101m▀▀[38;2;16;16;16;48;2;16;16;16m▀[0m
[0m                                 [38;2;98;74;24m▄[48;2;222;180;24m▀[38;2;222;180;24m▀[38;2;244;228;101;48;2;244;228;101m▀▀[38;2;16;16;16;48;2;16;16;16m▀[0m
[0m                                [38;2;98;74;24;48;2;98;74;24m▀[38;2;244;228;101;48;2;244;228;101m▀[38;2;222;180;24;48;2;197;148;65m▀[38;2;244;228;101;48;2;244;228;101m▀▀[48;2;222;180;24m▀[38;2;16;16;16;48;2;197;148;65m▀[49m▄[0m
[0m                                [38;2;98;74;24;48;2;98;74;24m▀[38;2;244;228;101;48;2;244;228;101m▀[38;2;197;148;65;48;2;197;148;65m▀[38;2;244;228;101;48;2;244;228;101m▀[38;2;222;180;24;48;2;222;180;24m▀▀[38;2;197;148;65;48;2;244;228;101m▀[38;2;16;16;16;48;2;16;16;16m▀[0m
[0m           [38;2;16;16;16m▄[38;2;98;74;24;48;2;244;228;101m▀▀▀▀[49m▄▄▄[0m            [38;2;98;74;24m▄[48;2;244;228;101m▀[38;2;244;228;101m▀[38;2;197;148;65;48;2;197;148;65m▀[38;2;244;228;101;48;2;244;228;101m▀[38;2;222;180;24;48;2;197;148;65m▀[38;2;197;148;65;48;2;222;180;24m▀[38;2;244;228;101m▀[38;2;16;16;16;48;2;16;16;16m▀[0m
[0m           [38;2;16;16;16m▀[38;2;222;180;24;48;2;16;16;16m▀[38;2;244;228;101;48;2;222;180;24m▀[48;2;244;228;101m▀▀[38;2;222;180;24m▀[38;2;244;228;101;48;2;222;180;24m▀[48;2;244;228;101m▀[38;2;98;74;24m▀[38;2;16;16;16;49m▄[0m        [38;2;98;74;24m▄[48;2;222;180;24m▀[38;2;222;180;24;48;2;244;228;101m▀[38;2;244;228;101m▀▀[38;2;197;148;65m▀▀[38;2;222;180;24;48;2;222;180;24m▀▀▀[38;2;16;16;16m▀[49m▄[0m
[0m             [38;2;16;16;16m▀[38;2;244;228;101;48;2;16;16;16m▀[48;2;244;228;101m▀▀[38;2;222;180;24m▀[38;2;244;228;101;48;2;197;148;65m▀[48;2;244;228;101m▀[38;2;197;148;65;48;2;197;148;65m▀[38;2;16;16;16;48;2;222;180;24m▀[49m▄[0m      [38;2;98;74;24;48;2;98;74;24m▀[38;2;156;106;32;48;2;197;148;65m▀▀[48;2;156;106;32m▀[38;2;244;228;101;48;2;222;180;24m▀[48;2;244;228;101m▀[48;2;222;180;24m▀[38;2;222;180;24;48;2;197;148;65m▀[48;2;222;180;24m▀▀[48;2;16;16;16m▀[38;2;16;16;16;49m▀[0m              [38;2;98;74;24m▄▄[0m
[0m              [38;2;16;16;16m▀[38;2;244;228;101;48;2;16;16;16m▀[48;2;222;180;24m▀▀[38;2;222;180;24m▀[38;2;197;148;65m▀[38;2;222;180;24m▀▀[38;2;16;16;16;48;2;156;106;32m▀[0m  [38;2;156;106;32m▄▄▄▄[0m [38;2;98;74;24;48;2;98;74;24m▀[38;2;197;148;65;48;2;197;148;65m▀▀[38;2;156;106;32;48;2;156;106;32m▀[38;2;244;228;101;48;2;222;180;24m▀[38;2;222;180;24m▀[38;2;197;148;65;48;2;197;148;65m▀[38;2;156;106;32;48;2;16;16;16m▀[38;2;16;16;16;49m▀[0m          [38;2;156;106;32m▄[38;2;98;74;24m▄▄▄[48;2;244;228;101m▀▀[38;2;244;228;101m▀[38;2;16;16;16;48;2;16;16;16m▀[0m
[0m                [38;2;16;16;16m▀[38;2;156;106;32;48;2;16;16;16m▀[48;2;197;148;65m▀[38;2;222;180;24;48;2;156;106;32m▀[48;2;222;180;24m▀▀[48;2;156;106;32m▀[38;2;156;106;32;48;2;222;180;24m▀[48;2;244;228;101m▀[38;2;244;228;101m▀[48;2;156;106;32m▀[38;2;197;148;65;48;2;189;90;16m▀[38;2;98;74;24m▀▀[38;2;197;148;65;48;2;98;74;24m▀▀[38;2;156;106;32;48;2;213;123;0m▀[38;2;98;74;24m▀▀[38;2;156;106;32;48;2;189;90;16m▀[38;2;197;148;65m▀[38;2;16;16;16;48;2;164;82;0m▀▀▀[49m▄▄[0m    [38;2;98;74;24m▄[48;2;244;228;101m▀▀[38;2;244;228;101m▀▀▀[48;2;197;148;65m▀▀[38;2;197;148;65;48;2;222;180;24m▀[38;2;16;16;16;48;2;16;16;16m▀[0m
[0m                 [38;2;16;16;16m▀[38;2;197;148;65;48;2;16;16;16m▀▀[38;2;156;106;32;48;2;156;106;32m▀[38;2;222;180;24;48;2;98;74;24m▀[38;2;16;16;16;48;2;189;90;16m▀[38;2;222;180;24;48;2;222;180;24m▀[38;2;244;228;101;48;2;98;74;24m▀[38;2;222;180;24m▀[38;2;98;74;24;48;2;189;90;16m▀[38;2;189;90;16;48;2;213;123;0m▀▀▀▀▀▀▀[48;2;189;90;16m▀▀▀▀▀[38;2;213;123;0m▀[38;2;164;82;0;48;2;98;74;24m▀[38;2;98;74;24;48;2;244;228;101m▀▀[49m▄▄[48;2;98;74;24m▀[38;2;244;228;101;48;2;244;228;101m▀▀[48;2;197;148;65m▀[48;2;222;180;24m▀[38;2;222;180;24m▀[38;2;197;148;65m▀[38;2;222;180;24m▀[48;2;16;16;16m▀[38;2;16;16;16;49m▀[0m
[0m                   [38;2;16;16;16m▄[48;2;213;123;0m▀[38;2;213;123;0m▀[48;2;230;148;0m▀[38;2;98;74;24m▀▀[38;2;213;123;0m▀▀[38;2;230;148;0m▀▀[48;2;246;172;0m▀[48;2;230;148;0m▀[48;2;246;172;0m▀[38;2;213;123;0;48;2;230;148;0m▀▀▀[48;2;213;123;0m▀▀[38;2;189;90;16m▀[48;2;98;74;24m▀[38;2;98;74;24;48;2;197;148;65m▀[38;2;222;180;24;48;2;222;180;24m▀[38;2;244;228;101;48;2;244;228;101m▀[38;2;222;180;24;48;2;156;106;32m▀[38;2;156;106;32;48;2;222;180;24m▀[38;2;222;180;24m▀[38;2;156;106;32m▀▀▀▀[38;2;197;148;65m▀[38;2;222;180;24m▀[48;2;16;16;16m▀[38;2;16;16;16;49m▀[0m
[0m                 [38;2;98;74;24m▄[48;2;230;148;0m▀[38;2;230;148;0m▀▀▀▀▀[48;2;156;106;32m▀▀[48;2;230;148;0m▀▀[38;2;246;172;0m▀[38;2;230;148;0;48;2;246;172;0m▀[38;2;246;172;0;48;2;230;148;0m▀[38;2;230;148;0;48;2;246;172;0m▀[38;2;246;172;0;48;2;230;148;0m▀[38;2;230;148;0;48;2;246;172;0m▀[48;2;230;148;0m▀▀[38;2;213;123;0m▀▀[38;2;98;74;24;48;2;213;123;0m▀[38;2;197;148;65;48;2;98;74;24m▀[48;2;156;106;32m▀[38;2;156;106;32;48;2;197;148;65m▀[38;2;222;180;24;48;2;222;180;24m▀▀[48;2;197;148;65m▀▀[38;2;197;148;65m▀[48;2;16;16;16m▀[38;2;16;16;16;49m▀▀▀[0m
[38;2;98;74;24;49m▄[48;2;244;228;101m▀▀▀▀[38;2;156;106;32m▀[38;2;98;74;24;49m▄▄▄▄▄▄[38;2;156;106;32m▄[0m   [38;2;98;74;24m▄[48;2;230;148;0m▀[38;2;230;148;0m▀[38;2;16;16;16;48;2;16;16;16m▀[38;2;230;148;0;48;2;230;148;0m▀▀[48;2;16;16;16m▀[38;2;156;106;32;48;2;197;148;65m▀[38;2;222;180;24;48;2;222;180;24m▀[38;2;244;228;101;48;2;156;106;32m▀[38;2;156;106;32;48;2;230;148;0m▀[38;2;230;148;0m▀[38;2;246;172;0m▀[38;2;230;148;0;48;2;246;172;0m▀[38;2;246;172;0;48;2;164;82;0m▀[38;2;230;148;0;48;2;230;148;0m▀[38;2;246;172;0m▀[38;2;230;148;0m▀[38;2;164;82;0;48;2;16;16;16m▀[38;2;230;148;0;48;2;230;148;0m▀▀▀▀[38;2;189;90;16m▀[38;2;156;106;32;48;2;213;123;0m▀[38;2;98;74;24;48;2;189;90;16m▀▀[38;2;16;16;16m▀▀[38;2;222;180;24;48;2;16;16;16m▀[48;2;98;74;24m▀[38;2;16;16;16;48;2;16;16;16m▀[0m
[38;2;16;16;16;49m▀[38;2;222;180;24;48;2;16;16;16m▀[38;2;244;228;101m▀▀[48;2;197;148;65m▀[48;2;244;228;101m▀▀▀[38;2;222;180;24;48;2;197;148;65m▀▀[48;2;222;180;24m▀▀▀[38;2;156;106;32m▀[38;2;98;74;24m▀[49m▄[38;2;16;16;16;48;2;98;74;24m▀[38;2;230;148;0;48;2;16;16;16m▀[38;2;16;16;16;48;2;244;228;101m▀[38;2;244;228;101m▀[38;2;98;74;24m▀[38;2;16;16;16;48;2;98;74;24m▀[38;2;230;148;0;48;2;230;148;0m▀[38;2;98;74;24;48;2;98;74;24m▀[38;2;197;148;65m▀[38;2;98;74;24;48;2;230;148;0m▀[38;2;230;148;0m▀▀▀▀[38;2;16;16;16;48;2;164;82;0m▀[38;2;164;82;0;48;2;16;16;16m▀[38;2;230;148;0m▀[38;2;98;74;24m▀[38;2;16;16;16;48;2;98;74;24m▀[38;2;230;148;0m▀[48;2;164;82;0m▀▀[38;2;16;16;16;48;2;16;16;16m▀[38;2;230;148;0;48;2;230;148;0m▀[38;2;213;123;0;48;2;213;123;0m▀[38;2;189;90;16m▀[38;2;213;123;0;48;2;189;90;16m▀[38;2;189;90;16;48;2;213;123;0m▀[38;2;213;123;0;48;2;189;90;16m▀[38;2;189;90;16m▀[38;2;16;16;16;48;2;16;16;16m▀[0m
[0m    [38;2;16;16;16m▀[38;2;156;106;32;48;2;16;16;16m▀[38;2;197;148;65;48;2;156;106;32m▀[38;2;244;228;101m▀[48;2;222;180;24m▀[38;2;156;106;32m▀[48;2;197;148;65m▀[38;2;197;148;65;48;2;98;74;24m▀[38;2;222;180;24m▀[38;2;197;148;65m▀[38;2;156;106;32m▀[38;2;98;74;24m▀[38;2;230;148;0;48;2;230;148;0m▀[38;2;16;16;16;48;2;16;16;16m▀[38;2;244;228;101;48;2;98;74;24m▀[48;2;197;148;65m▀[48;2;244;228;101m▀[38;2;16;16;16;48;2;16;16;16m▀[38;2;230;148;0;48;2;230;148;0m▀▀▀▀▀▀▀▀[38;2;164;82;0;48;2;16;16;16m▀[38;2;16;16;16;48;2;197;148;65m▀[38;2;156;106;32;48;2;244;228;101m▀[38;2;244;228;101m▀▀[38;2;222;180;24m▀[38;2;16;16;16;48;2;222;180;24m▀[48;2;16;16;16m▀[38;2;164;82;0;48;2;230;148;0m▀[38;2;230;148;0m▀▀[38;2;213;123;0;48;2;213;123;0m▀▀[38;2;189;90;16m▀[38;2;213;123;0;48;2;189;90;16m▀[38;2;189;90;16m▀▀[38;2;16;16;16;48;2;16;16;16m▀[0m
[0m      [38;2;16;16;16m▀[38;2;156;106;32;48;2;16;16;16m▀▀[48;2;156;106;32m▀[38;2;222;180;24m▀▀[48;2;98;74;24m▀▀[48;2;16;16;16m▀[38;2;98;74;24;48;2;98;74;24m▀[38;2;230;148;0;48;2;230;148;0m▀[38;2;98;74;24;48;2;244;228;101m▀[38;2;197;0;0;48;2;197;148;65m▀[48;2;16;16;16m▀[38;2;16;16;16m▀[48;2;156;106;32m▀[38;2;156;106;32;48;2;222;180;24m▀[48;2;244;228;101m▀[38;2;230;148;0;48;2;156;106;32m▀[48;2;230;148;0m▀▀▀▀[38;2;189;90;16;48;2;16;16;16m▀[38;2;16;16;16m▀[38;2;156;106;32m▀[38;2;244;228;101;48;2;222;180;24m▀▀▀▀[38;2;222;180;24m▀[38;2;156;106;32m▀[38;2;16;16;16;48;2;16;16;16m▀[38;2;230;148;0;48;2;230;148;0m▀▀[38;2;213;123;0;48;2;213;123;0m▀▀[38;2;189;90;16m▀[38;2;213;123;0;48;2;189;90;16m▀[38;2;189;90;16m▀▀[38;2;16;16;16;48;2;16;16;16m▀[0m
[0m         [38;2;16;16;16m▀▀▀▀▀[0m [38;2;98;74;24;48;2;98;74;24m▀[38;2;213;123;0;48;2;213;123;0m▀[38;2;16;16;16;48;2;16;16;16m▀[38;2;244;228;101;48;2;197;148;65m▀▀[38;2;197;148;65;48;2;156;106;32m▀[38;2;16;16;16;48;2;16;16;16m▀[38;2;222;180;24;48;2;98;74;24m▀[38;2;244;228;101;48;2;222;180;24m▀[38;2;156;106;32;48;2;98;74;24m▀[38;2;230;148;0;48;2;230;148;0m▀▀▀▀[38;2;16;16;16;48;2;16;16;16m▀[48;2;156;106;32m▀[38;2;98;74;24;48;2;244;228;101m▀[38;2;16;16;16;48;2;164;82;0m▀[38;2;197;0;0;48;2;197;0;0m▀▀[38;2;156;106;32;48;2;16;16;16m▀[38;2;222;180;24m▀[48;2;98;74;24m▀[38;2;16;16;16;48;2;16;16;16m▀[38;2;230;148;0;48;2;230;148;0m▀[48;2;213;123;0m▀[38;2;213;123;0m▀[48;2;98;74;24m▀[38;2;98;74;24;48;2;244;228;101m▀▀[48;2;222;180;24m▀[38;2;189;90;16;48;2;16;16;16m▀[38;2;16;16;16;49m▀[0m [38;2;98;74;24m▄▄▄[0m
[0m                [38;2;189;90;16;48;2;16;16;16m▀[38;2;16;16;16;48;2;189;90;16m▀[38;2;156;106;32;48;2;16;16;16m▀[38;2;197;148;65m▀[38;2;16;16;16;48;2;213;123;0m▀[38;2;230;148;0;48;2;16;16;16m▀[48;2;230;148;0m▀[38;2;98;74;24m▀▀[38;2;230;148;0m▀▀▀▀[38;2;16;16;16;48;2;98;74;24m▀[38;2;197;148;65;48;2;197;148;65m▀[38;2;244;228;101;48;2;222;180;24m▀[48;2;244;228;101m▀▀[38;2;222;180;24m▀[38;2;98;74;24;48;2;222;180;24m▀[38;2;16;16;16m▀[48;2;16;16;16m▀[48;2;164;82;0m▀[38;2;230;148;0;48;2;213;123;0m▀[38;2;213;123;0m▀[48;2;189;90;16m▀[38;2;98;74;24m▀[38;2;244;228;101;48;2;98;74;24m▀[38;2;222;180;24;48;2;156;106;32m▀[38;2;156;106;32;48;2;197;148;65m▀[38;2;98;74;24m▀▀[48;2;244;228;101m▀[38;2;244;228;101m▀▀▀[38;2;98;74;24m▀[48;2;222;180;24m▀[49m▄[0m
[0m                [38;2;16;16;16m▀[38;2;189;90;16;48;2;16;16;16m▀[48;2;189;90;16m▀[38;2;16;16;16;48;2;16;16;16m▀[38;2;213;123;0;48;2;213;123;0m▀▀[38;2;156;106;32;48;2;98;74;24m▀[48;2;222;180;24m▀[38;2;230;148;0;48;2;156;106;32m▀[48;2;213;123;0m▀[48;2;230;148;0m▀▀▀▀[38;2;16;16;16;48;2;16;16;16m▀[38;2;222;180;24m▀[48;2;197;148;65m▀[48;2;222;180;24m▀▀[48;2;156;106;32m▀[38;2;156;106;32;48;2;16;16;16m▀[38;2;16;16;16;48;2;213;123;0m▀[38;2;213;123;0m▀▀[48;2;189;90;16m▀[38;2;189;90;16m▀[38;2;98;74;24;48;2;16;16;16m▀[38;2;244;228;101;48;2;222;180;24m▀[48;2;244;228;101m▀▀[38;2;197;148;65m▀[38;2;222;180;24m▀▀[48;2;197;148;65m▀[38;2;244;228;101m▀▀[48;2;222;180;24m▀▀▀[38;2;98;74;24m▀[49m▄▄[0m
[0m                 [38;2;16;16;16m▀[38;2;189;90;16;48;2;16;16;16m▀[48;2;189;90;16m▀▀[38;2;213;123;0m▀[38;2;98;74;24;48;2;213;123;0m▀[38;2;222;180;24;48;2;98;74;24m▀[38;2;244;228;101m▀[38;2;98;74;24m▀[38;2;213;123;0;48;2;213;123;0m▀▀▀[38;2;16;16;16;48;2;164;82;0m▀[38;2;164;82;0;48;2;213;123;0m▀[38;2;213;123;0m▀[38;2;16;16;16m▀[48;2;16;16;16m▀[48;2;164;82;0m▀[48;2;213;123;0m▀[38;2;164;82;0;48;2;16;16;16m▀[38;2;213;123;0;48;2;164;82;0m▀[48;2;189;90;16m▀[38;2;189;90;16;48;2;213;123;0m▀[38;2;213;123;0;48;2;189;90;16m▀[38;2;189;90;16;48;2;213;123;0m▀[48;2;156;106;32m▀[38;2;16;16;16;48;2;222;180;24m▀[38;2;197;148;65;48;2;16;16;16m▀[38;2;222;180;24m▀▀[38;2;244;228;101m▀[48;2;197;148;65m▀[48;2;222;180;24m▀[48;2;244;228;101m▀▀[38;2;197;148;65m▀▀▀[38;2;222;180;24m▀[48;2;222;180;24m▀[38;2;197;148;65m▀[38;2;98;74;24;48;2;244;228;101m▀[49m▄▄[0m
[0m            [38;2;98;74;24m▄[48;2;156;106;32m▀▀[48;2;244;228;101m▀[48;2;222;180;24m▀▀[38;2;16;16;16;48;2;156;106;32m▀[38;2;164;82;0;48;2;16;16;16m▀[38;2;189;90;16;48;2;98;74;24m▀▀[48;2;189;90;16m▀▀▀[38;2;213;123;0m▀[48;2;213;123;0m▀[48;2;189;90;16m▀[48;2;213;123;0m▀[48;2;189;90;16m▀[48;2;213;123;0m▀[48;2;189;90;16m▀▀[38;2;16;16;16m▀[38;2;189;90;16m▀▀▀[38;2;164;82;0m▀[38;2;213;123;0m▀[38;2;189;90;16m▀[38;2;213;123;0m▀[38;2;189;90;16m▀[38;2;156;106;32m▀[38;2;222;180;24m▀[38;2;197;148;65;48;2;16;16;16m▀[38;2;16;16;16;49m▀[0m  [38;2;16;16;16m▀[38;2;197;148;65;48;2;16;16;16m▀[38;2;156;106;32m▀▀[38;2;197;148;65m▀▀[38;2;156;106;32m▀[38;2;244;228;101m▀▀[48;2;98;74;24m▀[48;2;244;228;101m▀▀▀[38;2;98;74;24m▀▀[38;2;16;16;16;49m▄[0m
[0m          [38;2;98;74;24m▄[48;2;197;148;65m▀[38;2;156;106;32;48;2;244;228;101m▀[38;2;244;228;101m▀[48;2;222;180;24m▀[48;2;156;106;32m▀[38;2;222;180;24m▀[38;2;197;148;65;48;2;98;74;24m▀[38;2;156;106;32;48;2;16;16;16m▀[38;2;16;16;16;49m▀[48;2;16;16;16m▀[38;2;244;228;101;48;2;222;180;24m▀[38;2;98;74;24m▀[38;2;189;90;16;48;2;98;74;24m▀[38;2;98;74;24;48;2;197;148;65m▀[38;2;189;90;16;48;2;98;74;24m▀[48;2;189;90;16m▀[38;2;213;123;0m▀[38;2;189;90;16m▀[38;2;213;123;0m▀[38;2;189;90;16m▀▀▀▀▀▀▀▀▀[48;2;98;74;24m▀▀▀[48;2;16;16;16m▀[38;2;16;16;16;49m▀[0m             [38;2;98;74;24m▀[38;2;16;16;16m▀▀▀▀▀[0m
[0m       [38;2;98;74;24m▄[48;2;197;148;65m▀▀[38;2;197;148;65m▀[38;2;222;180;24;48;2;156;106;32m▀▀[48;2;197;148;65m▀[38;2;156;106;32m▀[38;2;197;148;65;48;2;16;16;16m▀[38;2;156;106;32m▀▀[38;2;16;16;16;49m▀[0m  [38;2;16;16;16m▀▀▀[38;2;197;148;65;48;2;98;74;24m▀[38;2;222;180;24;48;2;222;180;24m▀[38;2;98;74;24m▀[38;2;189;90;16;48;2;98;74;24m▀[48;2;164;82;0m▀[48;2;189;90;16m▀▀▀▀[38;2;98;74;24;48;2;16;16;16m▀[38;2;244;228;101;48;2;222;180;24m▀[38;2;222;180;24m▀[38;2;164;82;0;48;2;197;148;65m▀[38;2;189;90;16;48;2;98;74;24m▀[38;2;98;74;24;48;2;197;148;65m▀[38;2;197;148;65m▀[38;2;156;106;32m▀▀[38;2;98;74;24;48;2;244;228;101m▀[49m▄▄[0m
[0m       [38;2;16;16;16m▀[38;2;197;148;65;48;2;16;16;16m▀▀▀[38;2;16;16;16;49m▀▀▀▀[0m         [38;2;98;74;24m▀[38;2;222;180;24;48;2;98;74;24m▀[48;2;222;180;24m▀[38;2;197;148;65;48;2;197;148;65m▀[38;2;156;106;32m▀[38;2;98;74;24m▀▀[38;2;164;82;0m▀[38;2;189;90;16;48;2;16;16;16m▀▀[38;2;16;16;16m▀[38;2;98;74;24m▀[38;2;197;148;65m▀[38;2;16;16;16;49m▀[38;2;98;74;24;48;2;16;16;16m▀[38;2;197;148;65;48;2;98;74;24m▀[48;2;197;148;65m▀[38;2;222;180;24;48;2;222;180;24m▀[38;2;197;148;65;48;2;197;148;65m▀[38;2;244;228;101;48;2;244;228;101m▀[38;2;197;148;65m▀[38;2;98;74;24;48;2;197;148;65m▀[49m▄[0m
[0m                        [38;2;98;74;24m▄[48;2;244;228;101m▀[38;2;222;180;24;48;2;222;180;24m▀[38;2;197;148;65;48;2;197;148;65m▀[48;2;222;180;24m▀[48;2;197;148;65m▀[48;2;16;16;16m▀[38;2;16;16;16;49m▀[0m       [38;2;16;16;16;48;2;16;16;16m▀[38;2;197;148;65;48;2;197;148;65m▀[38;2;222;180;24;48;2;222;180;24m▀▀[38;2;197;148;65;48;2;197;148;65m▀[38;2;244;228;101;48;2;244;228;101m▀▀[38;2;98;74;24m▀[49m▄[0m
[0m                       [38;2;98;74;24;48;2;98;74;24m▀[38;2;222;180;24;48;2;244;228;101m▀[38;2;244;228;101;48;2;222;180;24m▀[38;2;222;180;24m▀[48;2;244;228;101m▀[48;2;222;180;24m▀▀[38;2;16;16;16;48;2;244;228;101m▀[49m▄[0m       [38;2;16;16;16m▀[38;2;197;148;65;48;2;16;16;16m▀▀[38;2;222;180;24;48;2;197;148;65m▀[48;2;222;180;24m▀[38;2;244;228;101m▀[48;2;244;228;101m▀▀[38;2;98;74;24m▀[49m▄[0m
[0m                      [38;2;98;74;24;48;2;98;74;24m▀[38;2;244;228;101;48;2;244;228;101m▀▀[38;2;222;180;24;48;2;222;180;24m▀[38;2;244;228;101;48;2;244;228;101m▀▀[38;2;197;148;65;48;2;197;148;65m▀[38;2;222;180;24;48;2;156;106;32m▀[38;2;244;228;101;48;2;244;228;101m▀[38;2;16;16;16;48;2;16;16;16m▀[0m          [38;2;16;16;16m▀▀▀[38;2;222;180;24;48;2;16;16;16m▀▀[38;2;244;228;101;48;2;244;228;101m▀[38;2;16;16;16;48;2;16;16;16m▀[0m
[0m                      [38;2;98;74;24m▀[38;2;244;228;101;48;2;98;74;24m▀[48;2;244;228;101m▀[38;2;156;106;32;48;2;156;106;32m▀[38;2;244;228;101;48;2;244;228;101m▀▀[38;2;197;148;65;48;2;197;148;65m▀[38;2;156;106;32;48;2;16;16;16m▀[38;2;16;16;16;49m▀[0m                [38;2;16;16;16m▀▀[0m
[0m                        [38;2;98;74;24m▀[48;2;98;74;24m▀[38;2;244;228;101;48;2;222;180;24m▀[38;2;197;148;65;48;2;197;148;65m▀▀[38;2;16;16;16m▀[49m▄[0m
[0m                         [38;2;98;74;24m▀[38;2;222;180;24;48;2;98;74;24m▀[38;2;197;148;65;48;2;197;148;65m▀▀[48;2;16;16;16m▀[38;2;16;16;16;49m▀[0m
[0m                          [38;2;98;74;24m▀[38;2;222;180;24;48;2;98;74;24m▀[38;2;197;148;65;48;2;16;16;16m▀[38;2;16;16;16;49m▀[0m
