[0m  [38;2;16;115;172m▄[48;2;49;180;230m▀[48;2;49;90;131m▀[0m         [38;2;49;90;131m▄[48;2;49;180;230m▀[48;2;0;0;0m▀[0m       [38;2;16;115;172m▄▄▄[0m
[0m [38;2;49;90;131;48;2;49;90;131m▀[38;2;49;180;230;48;2;49;180;230m▀[38;2;49;90;131;48;2;49;90;131m▀[0m        [38;2;49;90;131m▄[48;2;49;180;230m▀[38;2;49;180;230;48;2;0;0;0m▀[38;2;0;0;0;49m▀[0m      [38;2;16;115;172m▄[48;2;98;205;246m▀[38;2;98;205;246m▀[48;2;49;180;230m▀▀[38;2;16;115;172;48;2;98;205;246m▀[38;2;0;0;0;49m▄[0m
[38;2;49;90;131;48;2;49;90;131m▀[38;2;49;180;230;48;2;98;205;246m▀[38;2;49;90;131;48;2;49;90;131m▀[0m       [38;2;49;90;131m▄[48;2;98;205;246m▀[38;2;98;205;246;48;2;0;0;0m▀[38;2;0;0;0;49m▀[0m       [38;2;16;115;172m▄[48;2;98;205;246m▀[38;2;98;205;246m▀[38;2;49;180;230;48;2;49;180;230m▀▀[38;2;0;0;0;48;2;41;49;65m▀[38;2;49;180;230;48;2;49;180;230m▀[38;2;0;0;0m▀[49m▄[0m
[38;2;0;0;0;48;2;0;0;0m▀[38;2;98;205;246;48;2;49;180;230m▀[38;2;49;90;131;48;2;49;90;131m▀[0m      [38;2;49;90;131m▄[48;2;49;180;230m▀[38;2;98;205;246;48;2;0;0;0m▀[38;2;0;0;0;48;2;82;82;82m▀[38;2;82;82;82;49m▄▄▄[0m     [38;2;16;115;172;48;2;16;115;172m▀[38;2;98;205;246;48;2;98;205;246m▀[38;2;49;180;230;48;2;49;180;230m▀[48;2;0;0;0m▀[48;2;49;180;230m▀▀[48;2;0;0;0m▀[48;2;49;180;230m▀[38;2;0;0;0;48;2;0;0;0m▀[0m
[38;2;0;0;0;49m▀[38;2;49;180;230;48;2;0;0;0m▀[38;2;49;90;131;48;2;49;180;230m▀[49m▄[0m   [38;2;82;82;82m▄[38;2;49;90;131m▄[48;2;49;180;230m▀[38;2;49;180;230;48;2;0;0;0m▀[38;2;0;0;0;48;2;213;213;222m▀[38;2;213;213;222m▀▀[38;2;189;189;197m▀[48;2;189;189;197m▀[38;2;82;82;82m▀▀▀[49m▄▄[38;2;16;115;172;48;2;16;115;172m▀[38;2;98;205;246;48;2;98;205;246m▀[38;2;49;180;230;48;2;49;180;230m▀[38;2;0;0;0m▀[38;2;49;180;230m▀▀[38;2;16;115;172m▀[38;2;0;0;0;48;2;0;0;0m▀[0m        [38;2;49;90;131m▄[48;2;49;180;230m▀▀[38;2;0;0;0m▀[49m▄[0m
[0m [38;2;0;0;0m▀[38;2;49;180;230;48;2;0;0;0m▀[38;2;49;90;131;48;2;49;180;230m▀[49m▄[38;2;0;0;0m▄[38;2;82;82;82;48;2;213;213;222m▀[38;2;213;213;222;48;2;49;90;131m▀[38;2;49;90;131;48;2;49;180;230m▀[38;2;49;180;230;48;2;0;0;0m▀[38;2;0;0;0;48;2;213;213;222m▀[38;2;213;213;222m▀▀▀[48;2;189;189;197m▀[38;2;189;189;197m▀▀▀▀▀▀[38;2;82;82;82m▀[38;2;49;180;230;48;2;82;82;82m▀▀[48;2;49;180;230m▀▀▀[38;2;0;0;0;48;2;0;0;0m▀[0m      [38;2;82;82;82m▄▄[38;2;49;90;131;48;2;82;82;82m▀[38;2;49;180;230m▀[48;2;49;180;230m▀▀[48;2;16;115;172m▀[48;2;49;90;131m▀[38;2;0;0;0;48;2;0;0;0m▀[0m
[0m   [38;2;0;0;0m▀[38;2;49;180;230;48;2;16;115;172m▀[38;2;49;90;131m▀[38;2;16;115;172;48;2;49;180;230m▀[38;2;49;90;131m▀[38;2;32;148;189m▀[38;2;0;0;0;48;2;16;115;172m▀[38;2;213;213;222;48;2;49;90;131m▀[48;2;189;189;197m▀[38;2;0;0;0;48;2;0;0;0m▀[38;2;189;189;197;48;2;189;189;197m▀▀▀▀[38;2;82;82;82;48;2;0;0;0m▀[38;2;189;189;197;48;2;82;82;82m▀[48;2;189;189;197m▀▀[48;2;82;82;82m▀▀[48;2;189;189;197m▀[38;2;139;148;164m▀[38;2;82;82;82m▀▀▀▀▀▀▀▀▀[38;2;189;189;197m▀▀▀▀[38;2;49;90;131m▀[38;2;16;115;172;48;2;49;90;131m▀[48;2;49;180;230m▀[38;2;49;180;230m▀▀[38;2;0;0;0;48;2;0;0;0m▀[0m
[0m    [38;2;49;90;131;48;2;49;90;131m▀[38;2;49;180;230;48;2;49;180;230m▀[48;2;41;49;65m▀▀[48;2;49;180;230m▀▀[38;2;32;148;189;48;2;32;148;189m▀[38;2;49;90;131;48;2;49;90;131m▀[38;2;189;189;197;48;2;139;148;164m▀▀▀▀▀[38;2;0;0;0;48;2;82;82;82m▀[48;2;0;0;0m▀[38;2;189;189;197m▀[38;2;82;82;82m▀[38;2;0;0;0m▀▀[38;2;82;82;82m▀[38;2;189;189;197;48;2;189;189;197m▀[48;2;82;82;82m▀[48;2;0;0;0m▀[38;2;82;82;82m▀[38;2;189;189;197;48;2;82;82;82m▀[48;2;189;189;197m▀[38;2;82;82;82;48;2;0;0;0m▀[38;2;189;189;197m▀[48;2;189;189;197m▀▀[48;2;82;82;82m▀[38;2;82;82;82;48;2;0;0;0m▀[38;2;189;189;197;48;2;139;148;164m▀[38;2;139;148;164;48;2;189;189;197m▀[38;2;189;189;197;48;2;139;148;164m▀[38;2;139;148;164m▀[38;2;49;90;131;48;2;49;90;131m▀[48;2;32;148;189m▀▀[38;2;0;0;0;48;2;0;0;0m▀[0m
[38;2;0;0;0;49m▄[38;2;49;90;131;48;2;49;180;230m▀[38;2;0;0;0m▀[48;2;32;148;189m▀[38;2;49;90;131m▀[38;2;32;148;189;48;2;49;90;131m▀[38;2;49;180;230;48;2;32;148;189m▀▀▀[38;2;32;148;189m▀[48;2;49;90;131m▀[38;2;49;90;131;48;2;32;148;189m▀[38;2;0;0;0;48;2;49;180;230m▀▀[38;2;49;90;131m▀[38;2;139;148;164;48;2;49;90;131m▀[48;2;139;148;164m▀▀[38;2;0;0;0m▀▀[38;2;82;82;82m▀[38;2;139;148;164m▀[38;2;0;0;0m▀[48;2;0;0;0m▀▀[48;2;82;82;82m▀[48;2;139;148;164m▀[48;2;0;0;0m▀▀▀[48;2;139;148;164m▀[48;2;82;82;82m▀[48;2;0;0;0m▀[38;2;82;82;82m▀[38;2;0;0;0m▀[48;2;82;82;82m▀[38;2;189;189;197;48;2;139;148;164m▀[38;2;139;148;164m▀[38;2;189;189;197m▀[38;2;49;90;131;48;2;0;0;0m▀[38;2;32;148;189;48;2;49;90;131m▀[48;2;32;148;189m▀▀[38;2;0;0;0;48;2;0;0;0m▀[0m
[0m [38;2;0;0;0m▀[48;2;49;90;131m▀[38;2;32;148;189;48;2;49;180;230m▀[48;2;0;0;0m▀▀[38;2;49;90;131;49m▀[48;2;0;0;0m▀▀[38;2;0;0;0m▀[48;2;49;90;131m▀[38;2;32;148;189;48;2;0;0;0m▀[48;2;49;180;230m▀[38;2;0;0;0;48;2;49;90;131m▀[38;2;49;90;131;48;2;0;0;0m▀[38;2;139;148;164m▀▀▀▀▀▀[48;2;82;82;82m▀[48;2;139;148;164m▀▀▀▀▀▀[38;2;0;0;0m▀[38;2;139;148;164m▀▀▀▀[38;2;82;82;82m▀[38;2;0;0;0m▀[38;2;139;148;164;48;2;41;49;65m▀[48;2;0;0;0m▀▀[38;2;0;0;0;48;2;49;90;131m▀[38;2;32;148;189m▀[48;2;32;148;189m▀[38;2;49;90;131m▀[38;2;0;0;0;48;2;0;0;0m▀[0m
[0m   [38;2;0;0;0m▀[0m        [38;2;0;0;0m▀▀[0m       [38;2;0;0;0m▀▀▀[38;2;82;82;82;48;2;0;0;0m▀▀[38;2;49;90;131m▀[48;2;32;148;189m▀▀[38;2;82;82;82;48;2;49;90;131m▀[48;2;0;0;0m▀[38;2;0;0;0;49m▀▀[48;2;0;0;0m▀[48;2;32;148;189m▀[38;2;41;49;65m▀[38;2;32;148;189;48;2;41;49;65m▀[38;2;0;0;0;48;2;32;148;189m▀[38;2;32;148;189;48;2;0;0;0m▀[38;2;16;115;172m▀[38;2;49;90;131m▀[38;2;0;0;0;49m▀[0m
[0m                          [38;2;0;0;0;48;2;0;0;0m▀[38;2;32;148;189;48;2;32;148;189m▀[38;2;41;49;65;48;2;0;0;0m▀[38;2;32;148;189;48;2;32;148;189m▀[38;2;49;90;131m▀[38;2;0;0;0;49m▄[0m [38;2;0;0;0m▀[38;2;32;148;189;48;2;0;0;0m▀[48;2;32;148;189m▀[38;2;0;0;0m▀[38;2;32;148;189m▀[38;2;0;0;0;48;2;0;0;0m▀[0m
[0m                           [38;2;0;0;0;48;2;0;0;0m▀[38;2;32;148;189;48;2;32;148;189m▀▀[48;2;49;90;131m▀[38;2;0;0;0;48;2;0;0;0m▀[0m   [38;2;0;0;0m▀▀▀[0m
[0m                            [38;2;0;0;0m▀▀▀[0m
