[0m                       [38;2;246;156;24m▄[48;2;255;255;255m▀[38;2;123;90;49;48;2;123;90;49m▀[0m
[0m                       [38;2;246;156;24;48;2;246;156;24m▀[38;2;255;255;255;48;2;255;255;255m▀[38;2;246;156;24;48;2;246;156;24m▀[38;2;0;0;0;48;2;0;0;0m▀[0m
[0m                      [38;2;246;156;24;48;2;246;156;24m▀[38;2;255;255;255;48;2;255;255;255m▀[48;2;255;230;90m▀[38;2;246;156;24;48;2;246;156;24m▀▀[38;2;0;0;0;48;2;123;90;49m▀[0m
[0m               [38;2;123;90;49;48;2;123;90;49m▀[48;2;246;156;24m▀[38;2;246;156;24;48;2;123;90;49m▀[48;2;255;230;90m▀▀[49m▄▄[48;2;255;255;255m▀[38;2;255;255;255m▀[38;2;255;230;90;48;2;246;156;24m▀[38;2;246;156;24m▀▀▀[38;2;0;0;0;48;2;123;90;49m▀[38;2;123;90;49;49m▄[48;2;255;230;90m▀▀▀▀[38;2;0;0;0;48;2;0;0;0m▀[0m
[0m                [38;2;123;90;49m▀[38;2;246;156;24;48;2;123;90;49m▀[38;2;123;90;49;48;2;246;156;24m▀▀[38;2;255;230;90;48;2;123;90;49m▀▀[48;2;255;230;90m▀▀[38;2;246;156;24;48;2;246;156;24m▀[48;2;255;230;90m▀▀[38;2;255;230;90m▀[48;2;123;90;49m▀▀[48;2;246;156;24m▀[38;2;123;90;49m▀[48;2;0;0;0m▀[38;2;0;0;0;49m▀[0m
[0m                 [38;2;123;90;49m▀[38;2;246;156;24;48;2;123;90;49m▀[48;2;246;156;24m▀▀▀[38;2;123;90;49;48;2;255;230;90m▀[48;2;123;90;49m▀[38;2;246;156;24m▀[38;2;123;90;49;48;2;246;156;24m▀▀[38;2;246;156;24m▀▀▀[48;2;123;90;49m▀[38;2;0;0;0;48;2;0;0;0m▀[38;2;139;41;41;48;2;139;41;41m▀[38;2;0;0;0;49m▄[0m
[0m                   [38;2;123;90;49;48;2;123;90;49m▀[38;2;246;156;24;48;2;246;156;24m▀[48;2;255;230;90m▀[38;2;255;230;90;48;2;123;90;49m▀[38;2;123;90;49;48;2;246;156;24m▀[38;2;246;156;24m▀[38;2;123;90;49;48;2;255;230;90m▀[38;2;246;156;24;48;2;123;90;49m▀[48;2;246;156;24m▀▀[48;2;0;0;0m▀[38;2;0;0;0;48;2;205;49;49m▀[38;2;205;49;49m▀▀▀[38;2;0;0;0m▀[49m▄[0m               [38;2;139;41;41m▄▄[48;2;238;82;82m▀[38;2;0;0;0;48;2;205;49;49m▀▀[49m▄▄[0m
[0m                   [38;2;123;90;49;48;2;123;90;49m▀[38;2;246;156;24;48;2;255;230;90m▀[38;2;255;230;90;48;2;123;90;49m▀[38;2;123;90;49;48;2;246;156;24m▀[38;2;246;156;24m▀[38;2;255;230;90;48;2;255;230;90m▀▀[38;2;123;90;49m▀[38;2;246;156;24;48;2;123;90;49m▀[48;2;246;156;24m▀[38;2;0;0;0;48;2;0;0;0m▀[38;2;205;49;49;48;2;205;49;49m▀▀▀▀▀▀[38;2;0;0;0m▀[49m▄[0m           [38;2;139;41;41m▄[48;2;238;82;82m▀[38;2;238;82;82m▀▀▀▀[38;2;205;49;49;48;2;205;49;49m▀▀▀[38;2;0;0;0;48;2;139;41;41m▀[38;2;139;41;41;49m▄[0m
[0m        [38;2;205;49;49m▄▄▄▄▄[38;2;139;41;41m▄▄[0m    [38;2;0;0;0;48;2;0;0;0m▀[38;2;255;230;90;48;2;123;90;49m▀[38;2;123;90;49;48;2;246;156;24m▀[38;2;246;156;24;48;2;0;0;0m▀[38;2;123;90;49;48;2;205;49;49m▀[38;2;0;0;0m▀[38;2;255;230;90;48;2;0;0;0m▀[48;2;255;230;90m▀[38;2;123;90;49m▀[38;2;246;156;24;48;2;123;90;49m▀[38;2;0;0;0;48;2;0;0;0m▀[38;2;205;49;49;48;2;205;49;49m▀[48;2;0;0;0m▀[38;2;0;0;0m▀[48;2;222;222;222m▀▀[38;2;139;41;41;48;2;0;0;0m▀[38;2;205;49;49;48;2;139;41;41m▀[38;2;139;41;41;48;2;205;49;49m▀[48;2;0;0;0m▀[0m         [38;2;139;41;41m▄[48;2;238;82;82m▀[38;2;238;82;82m▀▀▀[48;2;246;139;139m▀[38;2;246;139;139m▀[38;2;238;82;82m▀[38;2;205;49;49;48;2;205;49;49m▀▀▀[38;2;0;0;0m▀[49m▄[0m
[0m    [38;2;205;49;49m▄[48;2;238;82;82m▀[48;2;246;139;139m▀▀[38;2;238;82;82m▀[48;2;238;82;82m▀▀▀▀[38;2;205;49;49m▀[48;2;205;49;49m▀[38;2;139;41;41m▀▀▀[49m▄[38;2;0;0;0;48;2;139;41;41m▀[38;2;246;156;24;48;2;0;0;0m▀[38;2;0;0;0;48;2;205;49;49m▀[38;2;205;49;49;48;2;238;82;82m▀[38;2;238;82;82m▀[38;2;205;49;49;48;2;205;49;49m▀▀[38;2;0;0;0m▀▀[38;2;255;230;90;48;2;0;0;0m▀[38;2;0;0;0m▀[38;2;205;49;49;48;2;205;49;49m▀[38;2;0;0;0;48;2;0;0;0m▀[38;2;222;222;222;48;2;222;222;222m▀[38;2;255;255;255;48;2;0;0;0m▀[48;2;255;255;255m▀[38;2;222;222;222;48;2;222;222;222m▀[38;2;0;0;0;48;2;0;0;0m▀[38;2;205;49;49m▀[48;2;205;49;49m▀[38;2;0;0;0;48;2;0;0;0m▀[0m        [38;2;139;41;41;48;2;139;41;41m▀[38;2;238;82;82;48;2;246;139;139m▀[48;2;238;82;82m▀▀▀[38;2;246;139;139m▀[48;2;246;139;139m▀▀[38;2;205;49;49;48;2;238;82;82m▀[48;2;205;49;49m▀▀▀[38;2;139;41;41m▀[38;2;0;0;0;48;2;139;41;41m▀[49m▄[0m
[0m  [38;2;205;49;49m▄[48;2;238;82;82m▀[38;2;238;82;82m▀[38;2;246;139;139m▀▀▀[38;2;238;82;82m▀▀▀▀▀▀▀[38;2;205;49;49;48;2;205;49;49m▀▀▀▀▀[38;2;0;0;0;48;2;0;0;0m▀[38;2;238;82;82;48;2;238;82;82m▀▀▀[38;2;205;49;49;48;2;205;49;49m▀▀▀▀[48;2;139;41;41m▀▀[48;2;205;49;49m▀[38;2;139;41;41m▀[38;2;0;0;0;48;2;139;41;41m▀[38;2;222;222;222;48;2;0;0;0m▀▀[38;2;0;0;0;48;2;139;41;41m▀[38;2;139;41;41m▀[38;2;0;0;0;48;2;0;0;0m▀[38;2;205;49;49;48;2;205;49;49m▀▀[38;2;0;0;0;48;2;0;0;0m▀[0m      [38;2;139;41;41;48;2;205;49;49m▀[38;2;246;139;139;48;2;246;139;139m▀[48;2;238;82;82m▀[38;2;238;82;82m▀▀▀▀[38;2;246;139;139m▀[48;2;246;139;139m▀[38;2;238;82;82;48;2;238;82;82m▀[38;2;205;49;49;48;2;205;49;49m▀▀▀[48;2;0;0;0m▀[48;2;139;41;41m▀[48;2;205;49;49m▀[38;2;0;0;0m▀[49m▄[0m
[0m [38;2;205;49;49;48;2;205;49;49m▀[38;2;238;82;82;48;2;238;82;82m▀▀▀▀▀▀▀▀▀▀[48;2;205;49;49m▀▀[38;2;205;49;49m▀▀▀▀▀▀[38;2;0;0;0;48;2;0;0;0m▀[38;2;238;82;82;48;2;238;82;82m▀[38;2;139;41;41;48;2;0;0;0m▀[38;2;238;82;82;48;2;238;82;82m▀▀[38;2;205;49;49;48;2;205;49;49m▀▀[48;2;0;0;0m▀[38;2;0;0;0;48;2;180;172;164m▀[38;2;180;172;164m▀[38;2;139;41;41m▀[38;2;205;49;49;48;2;0;0;0m▀[48;2;205;49;49m▀▀[38;2;0;0;0m▀▀▀[38;2;205;49;49m▀▀▀▀[38;2;0;0;0;48;2;0;0;0m▀[0m    [38;2;139;41;41;48;2;139;41;41m▀[38;2;246;139;139;48;2;238;82;82m▀[38;2;238;82;82m▀[48;2;0;0;0m▀[38;2;139;41;41m▀[38;2;205;49;49;48;2;139;41;41m▀[38;2;238;82;82;48;2;238;82;82m▀▀▀▀▀[38;2;205;49;49;48;2;205;49;49m▀▀▀[38;2;139;41;41;48;2;139;41;41m▀[38;2;0;0;0;48;2;205;49;49m▀[38;2;139;41;41;48;2;0;0;0m▀[38;2;0;0;0;49m▀▀[0m
[38;2;205;49;49;48;2;205;49;49m▀[38;2;238;82;82;48;2;238;82;82m▀▀▀▀[48;2;205;49;49m▀▀[48;2;238;82;82m▀▀[38;2;205;49;49m▀[48;2;205;49;49m▀▀[48;2;139;41;41m▀[48;2;238;82;82m▀[38;2;238;82;82m▀[38;2;139;41;41;48;2;205;49;49m▀[38;2;205;49;49;48;2;139;41;41m▀[48;2;205;49;49m▀▀▀[38;2;0;0;0;48;2;0;0;0m▀[38;2;238;82;82;48;2;205;49;49m▀[38;2;222;222;222;48;2;222;222;222m▀[38;2;139;41;41m▀[38;2;238;82;82;48;2;0;0;0m▀[38;2;205;49;49;48;2;205;49;49m▀[38;2;139;41;41;48;2;0;0;0m▀[38;2;0;0;0;48;2;180;172;164m▀[38;2;180;172;164m▀▀▀▀[38;2;0;0;0;48;2;24;65;106m▀[38;2;205;49;49;48;2;0;0;0m▀[48;2;205;49;49m▀▀▀▀▀▀▀[48;2;0;0;0m▀[38;2;0;0;0m▀[49m▄▄[0m [38;2;139;41;41m▀[38;2;0;0;0;48;2;139;41;41m▀[48;2;238;82;82m▀[38;2;139;41;41;48;2;139;41;41m▀[38;2;205;49;49;48;2;205;49;49m▀[38;2;0;0;0;48;2;0;0;0m▀[38;2;139;41;41m▀[38;2;205;49;49m▀[38;2;238;82;82;48;2;205;49;49m▀▀[38;2;205;49;49m▀▀▀[38;2;139;41;41;48;2;0;0;0m▀[38;2;0;0;0m▀[38;2;205;49;49m▀[38;2;0;0;0;49m▀[0m
[38;2;0;0;0;48;2;0;0;0m▀[38;2;238;82;82;48;2;238;82;82m▀[48;2;205;49;49m▀[38;2;205;49;49;48;2;0;0;0m▀[38;2;0;0;0;49m▀▀▀[38;2;139;41;41;48;2;0;0;0m▀[38;2;238;82;82;48;2;139;41;41m▀[48;2;205;49;49m▀[38;2;139;41;41;48;2;0;0;0m▀[38;2;205;49;49m▀[38;2;0;0;0m▀[38;2;205;49;49m▀[38;2;238;82;82;48;2;139;41;41m▀[48;2;238;82;82m▀[38;2;139;41;41;48;2;0;0;0m▀[38;2;205;49;49;48;2;139;41;41m▀[48;2;205;49;49m▀▀[38;2;0;0;0;48;2;0;0;0m▀[38;2;139;41;41;48;2;82;156;246m▀[38;2;222;222;222;48;2;180;172;164m▀[48;2;222;222;222m▀▀[38;2;0;0;0;48;2;180;172;164m▀[38;2;180;172;164m▀▀▀▀[48;2;24;65;106m▀[38;2;24;65;106;48;2;65;115;172m▀[38;2;65;115;172m▀▀[38;2;0;0;0;48;2;0;0;0m▀[38;2;205;49;49;48;2;205;49;49m▀▀▀▀[48;2;0;0;0m▀[38;2;0;0;0;48;2;205;49;49m▀[38;2;205;49;49;48;2;238;82;82m▀▀[48;2;205;49;49m▀▀[38;2;0;0;0m▀[49m▄[38;2;139;41;41m▀[48;2;0;0;0m▀[38;2;0;0;0m▀[38;2;205;49;49;48;2;205;49;49m▀[38;2;98;90;90;48;2;98;90;90m▀[38;2;0;0;0;48;2;0;0;0m▀▀▀[38;2;205;49;49m▀[48;2;205;49;49m▀▀[38;2;139;41;41;48;2;0;0;0m▀[38;2;0;0;0m▀[38;2;98;90;90;48;2;98;90;90m▀[38;2;0;0;0;48;2;0;0;0m▀[0m
[0m [38;2;0;0;0m▀▀[0m [38;2;98;90;90m▄▄▄[0m [38;2;0;0;0m▀▀[0m  [38;2;0;0;0;48;2;0;0;0m▀▀▀▀▀[48;2;98;90;90m▀[38;2;139;41;41;48;2;180;172;164m▀[38;2;205;49;49;48;2;139;41;41m▀[38;2;0;0;0;48;2;0;0;0m▀[38;2;82;156;246;48;2;24;65;106m▀[48;2;82;156;246m▀[38;2;222;222;222m▀[48;2;222;222;222m▀[38;2;180;172;164;48;2;180;172;164m▀▀[48;2;24;65;106m▀▀[38;2;24;65;106;48;2;65;115;172m▀[38;2;65;115;172m▀▀[48;2;24;65;106m▀[38;2;24;65;106;48;2;65;115;172m▀[38;2;65;115;172m▀[38;2;0;0;0;48;2;0;0;0m▀[38;2;205;49;49;48;2;205;49;49m▀▀▀▀[38;2;238;82;82m▀[48;2;0;0;0m▀▀[38;2;205;49;49;48;2;139;41;41m▀▀[48;2;205;49;49m▀[38;2;139;41;41m▀[38;2;0;0;0;48;2;0;0;0m▀[38;2;139;41;41;48;2;238;82;82m▀[38;2;0;0;0;48;2;205;49;49m▀[38;2;205;49;49;48;2;0;0;0m▀[38;2;180;172;164;48;2;180;172;164m▀[38;2;0;0;0;48;2;98;90;90m▀[48;2;0;0;0m▀▀▀▀▀▀▀[38;2;180;172;164;48;2;180;172;164m▀[38;2;0;0;0;48;2;0;0;0m▀[0m
[0m    [38;2;0;0;0m▀[38;2;222;222;222;48;2;98;90;90m▀[48;2;222;222;222m▀[38;2;98;90;90m▀[38;2;0;0;0;49m▄▄▄[48;2;0;0;0m▀[48;2;222;222;222m▀▀[38;2;98;90;90;48;2;180;172;164m▀[38;2;180;172;164m▀▀▀▀▀[38;2;0;0;0;48;2;0;0;0m▀[38;2;82;156;246;48;2;65;115;172m▀[38;2;65;115;172;48;2;82;156;246m▀[38;2;82;156;246;48;2;65;115;172m▀[48;2;82;156;246m▀[38;2;24;65;106;48;2;65;115;172m▀▀[38;2;65;115;172m▀▀[48;2;24;65;106m▀▀[38;2;24;65;106;48;2;65;115;172m▀[38;2;65;115;172m▀▀[48;2;24;65;106m▀[38;2;24;65;106;48;2;180;172;164m▀[38;2;0;0;0;48;2;0;0;0m▀[38;2;205;49;49;48;2;205;49;49m▀▀▀[38;2;0;0;0;48;2;0;0;0m▀[38;2;205;49;49;48;2;205;49;49m▀▀[38;2;0;0;0m▀[38;2;139;41;41;48;2;0;0;0m▀[38;2;205;49;49m▀[38;2;0;0;0;48;2;238;82;82m▀[38;2;238;82;82m▀▀[38;2;205;49;49;48;2;0;0;0m▀[38;2;0;0;0;49m▀[38;2;180;172;164;48;2;0;0;0m▀[48;2;180;172;164m▀[38;2;0;0;0m▀[48;2;0;0;0m▀[48;2;98;90;90m▀[38;2;222;222;222;48;2;222;222;222m▀[38;2;98;90;90m▀[38;2;0;0;0;48;2;0;0;0m▀[48;2;180;172;164m▀[38;2;180;172;164m▀[38;2;0;0;0;48;2;0;0;0m▀[0m
[0m     [38;2;0;0;0m▀[38;2;222;222;222;48;2;0;0;0m▀[48;2;180;172;164m▀▀▀▀▀[38;2;180;172;164m▀▀▀▀▀[48;2;98;90;90m▀▀[38;2;98;90;90;49m▀[38;2;0;0;0m▀[38;2;180;172;164;48;2;0;0;0m▀[38;2;82;156;246;48;2;65;115;172m▀[48;2;82;156;246m▀[38;2;65;115;172m▀[38;2;82;156;246;48;2;24;65;106m▀[38;2;65;115;172m▀[38;2;24;65;106;48;2;65;115;172m▀▀[38;2;65;115;172m▀▀▀[48;2;24;65;106m▀[38;2;24;65;106;48;2;180;172;164m▀[38;2;180;172;164m▀▀▀[38;2;139;41;41;48;2;0;0;0m▀[38;2;205;49;49;48;2;205;49;49m▀▀[38;2;139;41;41m▀[38;2;0;0;0;48;2;139;41;41m▀[38;2;205;49;49;48;2;0;0;0m▀[38;2;0;0;0m▀[38;2;205;49;49;48;2;205;49;49m▀[38;2;238;82;82m▀▀[48;2;0;0;0m▀[38;2;0;0;0;49m▀[0m  [38;2;0;0;0m▀[38;2;180;172;164;48;2;0;0;0m▀[48;2;180;172;164m▀[38;2;98;90;90m▀[38;2;222;222;222;48;2;222;222;222m▀▀[38;2;180;172;164;48;2;180;172;164m▀[38;2;98;90;90m▀[38;2;180;172;164m▀[38;2;0;0;0;48;2;0;0;0m▀[0m
[0m       [38;2;0;0;0m▀▀[38;2;180;172;164;48;2;0;0;0m▀▀▀▀▀[38;2;98;90;90;49m▀▀▀[0m    [38;2;0;0;0;48;2;0;0;0m▀[38;2;180;172;164;48;2;139;41;41m▀[38;2;65;115;172;48;2;222;222;222m▀[38;2;82;156;246;48;2;65;115;172m▀[48;2;82;156;246m▀[38;2;65;115;172m▀[48;2;65;115;172m▀[48;2;24;65;106m▀▀[38;2;24;65;106;48;2;180;172;164m▀▀[38;2;180;172;164m▀▀▀▀▀[38;2;0;0;0m▀[38;2;205;49;49;48;2;139;41;41m▀[48;2;205;49;49m▀▀[38;2;139;41;41m▀▀[38;2;205;49;49m▀[38;2;0;0;0m▀[48;2;0;0;0m▀[48;2;205;49;49m▀[49m▄[0m     [38;2;0;0;0m▀▀[38;2;180;172;164;48;2;0;0;0m▀[38;2;222;222;222m▀[38;2;180;172;164m▀▀[38;2;0;0;0;49m▀[0m
[0m                     [38;2;0;0;0;48;2;0;0;0m▀[38;2;205;49;49;48;2;205;49;49m▀[38;2;180;172;164;48;2;0;0;0m▀[38;2;222;222;222;48;2;222;222;222m▀[38;2;65;115;172;48;2;139;41;41m▀[38;2;0;0;0;48;2;238;82;82m▀[38;2;24;65;106;48;2;139;41;41m▀[38;2;180;172;164;48;2;180;172;164m▀▀▀▀▀[38;2;139;41;41;48;2;139;41;41m▀[48;2;238;82;82m▀[38;2;180;172;164;48;2;0;0;0m▀▀[48;2;180;172;164m▀[38;2;139;41;41;48;2;139;41;41m▀[38;2;205;49;49;48;2;205;49;49m▀▀▀▀▀▀[38;2;0;0;0;48;2;0;0;0m▀[38;2;205;49;49;48;2;205;49;49m▀[38;2;0;0;0;48;2;139;41;41m▀[49m▄▄▄▄▄[0m
[0m                      [38;2;0;0;0;48;2;0;0;0m▀[38;2;139;41;41;48;2;238;82;82m▀[38;2;222;222;222;48;2;0;0;0m▀[38;2;139;41;41;48;2;139;41;41m▀[38;2;238;82;82;48;2;238;82;82m▀▀[38;2;0;0;0;48;2;205;49;49m▀[48;2;139;41;41m▀[38;2;180;172;164;48;2;0;0;0m▀[48;2;180;172;164m▀[38;2;139;41;41;48;2;139;41;41m▀[38;2;238;82;82;48;2;238;82;82m▀[48;2;205;49;49m▀[38;2;205;49;49m▀▀[38;2;0;0;0m▀▀[38;2;205;49;49m▀▀▀▀[48;2;139;41;41m▀[38;2;0;0;0;48;2;0;0;0m▀[38;2;139;41;41;48;2;139;41;41m▀[38;2;205;49;49m▀[38;2;139;41;41m▀[38;2;205;49;49;48;2;205;49;49m▀[38;2;0;0;0;48;2;139;41;41m▀[38;2;246;156;24;48;2;246;156;24m▀▀[48;2;139;41;41m▀[38;2;0;0;0m▀[48;2;205;49;49m▀▀[49m▄▄▄[0m
[0m                       [38;2;0;0;0;48;2;0;0;0m▀[38;2;238;82;82;48;2;238;82;82m▀[38;2;0;0;0m▀[38;2;238;82;82m▀▀[38;2;205;49;49m▀[48;2;205;49;49m▀▀[38;2;0;0;0m▀[38;2;205;49;49m▀▀▀▀▀▀[48;2;0;0;0m▀▀[48;2;139;41;41m▀[48;2;0;0;0m▀[38;2;139;41;41m▀[38;2;0;0;0;48;2;180;172;164m▀[38;2;98;90;90;48;2;98;90;90m▀[38;2;0;0;0;48;2;180;172;164m▀[38;2;139;41;41;48;2;0;0;0m▀[38;2;205;49;49;48;2;205;49;49m▀[48;2;139;41;41m▀[38;2;139;41;41;48;2;205;49;49m▀[38;2;0;0;0;48;2;139;41;41m▀[38;2;139;41;41;48;2;205;49;49m▀[38;2;205;49;49m▀▀▀▀▀▀▀[38;2;0;0;0m▀▀[49m▄[0m
[0m                 [38;2;139;41;41m▄[38;2;0;0;0;48;2;246;139;139m▀[49m▄[38;2;139;41;41m▄▄[0m  [38;2;0;0;0;48;2;0;0;0m▀[38;2;238;82;82;48;2;205;49;49m▀[48;2;238;82;82m▀[48;2;98;90;90m▀[38;2;139;41;41;48;2;222;222;222m▀[48;2;180;172;164m▀▀[38;2;205;49;49;48;2;139;41;41m▀[48;2;205;49;49m▀▀▀▀[48;2;139;41;41m▀[38;2;139;41;41;48;2;238;82;82m▀[38;2;238;82;82m▀[48;2;139;41;41m▀[38;2;0;0;0;48;2;246;139;139m▀[38;2;180;172;164;48;2;0;0;0m▀[48;2;98;90;90m▀[38;2;98;90;90;48;2;180;172;164m▀[38;2;180;172;164m▀▀▀[38;2;0;0;0;48;2;98;90;90m▀[38;2;139;41;41;48;2;0;0;0m▀[38;2;205;49;49;48;2;205;49;49m▀▀[38;2;0;0;0;48;2;139;41;41m▀[38;2;205;49;49;48;2;0;0;0m▀▀[38;2;139;41;41m▀[49m▀[38;2;0;0;0m▀▀[38;2;139;41;41;48;2;0;0;0m▀[38;2;205;49;49m▀▀[48;2;205;49;49m▀[38;2;0;0;0m▀[49m▄[0m
[0m                [38;2;139;41;41m▄[48;2;139;41;41m▀[38;2;238;82;82;48;2;238;82;82m▀▀[38;2;0;0;0;48;2;0;0;0m▀[38;2;238;82;82;48;2;205;49;49m▀[38;2;139;41;41m▀[49m▄[38;2;0;0;0m▄[48;2;0;0;0m▀[38;2;205;49;49m▀[38;2;98;90;90;48;2;180;172;164m▀[38;2;222;222;222;48;2;222;222;222m▀▀[38;2;180;172;164;48;2;180;172;164m▀▀[38;2;139;41;41m▀[38;2;205;49;49;48;2;139;41;41m▀▀▀[38;2;0;0;0;48;2;0;0;0m▀[38;2;238;82;82;48;2;238;82;82m▀[38;2;139;41;41;48;2;205;49;49m▀[38;2;246;139;139;48;2;246;139;139m▀[48;2;238;82;82m▀[38;2;139;41;41;48;2;205;49;49m▀[38;2;0;0;0;48;2;0;0;0m▀[38;2;180;172;164;48;2;180;172;164m▀[48;2;0;0;0m▀[38;2;0;0;0;48;2;205;49;49m▀▀[38;2;98;90;90;48;2;0;0;0m▀[38;2;180;172;164;48;2;180;172;164m▀[38;2;0;0;0m▀[48;2;0;0;0m▀[38;2;139;41;41m▀[38;2;0;0;0m▀[0m        [38;2;0;0;0m▀▀▀[0m
[0m             [38;2;139;41;41;48;2;0;0;0m▀[48;2;246;139;139m▀[48;2;238;82;82m▀[38;2;238;82;82m▀[38;2;205;49;49;48;2;205;49;49m▀▀[38;2;139;41;41m▀[38;2;205;49;49m▀▀▀[38;2;139;41;41;48;2;0;0;0m▀[38;2;205;49;49m▀▀▀[38;2;0;0;0;48;2;139;41;41m▀[38;2;180;172;164;48;2;0;0;0m▀[38;2;222;222;222;48;2;98;90;90m▀[48;2;222;222;222m▀[38;2;180;172;164m▀[48;2;180;172;164m▀▀▀[48;2;98;90;90m▀[38;2;0;0;0;48;2;0;0;0m▀[38;2;238;82;82;48;2;238;82;82m▀▀[48;2;139;41;41m▀[38;2;0;0;0;48;2;246;139;139m▀[38;2;205;49;49;48;2;0;0;0m▀[38;2;0;0;0;48;2;205;49;49m▀[38;2;180;172;164;48;2;0;0;0m▀[38;2;0;0;0;48;2;98;90;90m▀[38;2;205;49;49;48;2;0;0;0m▀[48;2;205;49;49m▀▀[38;2;0;0;0;48;2;0;0;0m▀[48;2;238;82;82m▀[38;2;238;82;82;48;2;246;139;139m▀▀[38;2;0;0;0;48;2;238;82;82m▀[48;2;139;41;41m▀[49m▄[0m
[0m              [38;2;0;0;0;48;2;139;41;41m▀[38;2;205;49;49;48;2;0;0;0m▀▀[38;2;0;0;0;48;2;205;49;49m▀[38;2;205;49;49m▀▀[48;2;0;0;0m▀▀[38;2;0;0;0;49m▀[0m [38;2;0;0;0m▄[48;2;238;82;82m▀[38;2;238;82;82m▀▀[38;2;205;49;49;48;2;205;49;49m▀[38;2;0;0;0m▀[38;2;98;90;90;48;2;0;0;0m▀[48;2;180;172;164m▀▀▀▀[38;2;180;172;164m▀▀[38;2;0;0;0;48;2;0;0;0m▀[38;2;205;49;49;48;2;205;49;49m▀[38;2;246;139;139;48;2;246;139;139m▀[48;2;238;82;82m▀[38;2;205;49;49;48;2;205;49;49m▀[38;2;139;41;41;48;2;139;41;41m▀[38;2;0;0;0;48;2;0;0;0m▀[38;2;180;172;164;48;2;98;90;90m▀[38;2;98;90;90;48;2;180;172;164m▀[38;2;0;0;0;48;2;0;0;0m▀[48;2;139;41;41m▀[38;2;139;41;41;48;2;0;0;0m▀[38;2;238;82;82;48;2;238;82;82m▀[38;2;246;139;139m▀▀[38;2;238;82;82m▀[38;2;205;49;49;48;2;205;49;49m▀[38;2;0;0;0m▀[49m▄[0m
[0m              [38;2;139;41;41;48;2;139;41;41m▀[38;2;238;82;82;48;2;238;82;82m▀[38;2;205;49;49;48;2;205;49;49m▀▀[48;2;0;0;0m▀[38;2;0;0;0;49m▀[0m    [38;2;0;0;0;48;2;0;0;0m▀[38;2;238;82;82;48;2;238;82;82m▀▀[48;2;205;49;49m▀[38;2;205;49;49m▀▀[38;2;0;0;0;48;2;0;0;0m▀[48;2;205;49;49m▀▀[38;2;98;90;90;48;2;0;0;0m▀[38;2;180;172;164m▀▀[48;2;98;90;90m▀▀[38;2;0;0;0;48;2;0;0;0m▀[38;2;238;82;82;48;2;238;82;82m▀[38;2;139;41;41m▀[38;2;205;49;49;48;2;205;49;49m▀[38;2;0;0;0;48;2;0;0;0m▀[38;2;98;90;90;48;2;180;172;164m▀[38;2;180;172;164m▀[48;2;98;90;90m▀[38;2;0;0;0;48;2;139;41;41m▀[38;2;205;49;49;48;2;238;82;82m▀[38;2;0;0;0;48;2;0;0;0m▀[38;2;238;82;82;48;2;205;49;49m▀[48;2;238;82;82m▀▀[48;2;205;49;49m▀[38;2;205;49;49m▀▀[38;2;0;0;0;48;2;0;0;0m▀[0m
[0m               [38;2;139;41;41m▀[38;2;205;49;49;48;2;0;0;0m▀▀[38;2;0;0;0;49m▀[0m    [38;2;0;0;0m▄[48;2;238;82;82m▀[48;2;205;49;49m▀[38;2;205;49;49;48;2;0;0;0m▀▀▀[38;2;0;0;0;48;2;205;49;49m▀[38;2;205;49;49m▀▀▀▀[38;2;0;0;0;48;2;0;0;0m▀[0m [38;2;0;0;0m▀▀▀[38;2;205;49;49;48;2;0;0;0m▀[48;2;205;49;49m▀[48;2;0;0;0m▀[38;2;0;0;0;49m▀▀[38;2;98;90;90m▀[38;2;0;0;0;48;2;0;0;0m▀[38;2;238;82;82;48;2;238;82;82m▀▀▀[38;2;0;0;0m▀[38;2;205;49;49;48;2;0;0;0m▀[48;2;205;49;49m▀▀▀[48;2;0;0;0m▀[38;2;0;0;0;48;2;139;41;41m▀[48;2;0;0;0m▀[0m
[0m                      [38;2;0;0;0m▄[48;2;255;255;255m▀[38;2;238;82;82;48;2;180;172;164m▀[48;2;0;0;0m▀[38;2;205;49;49m▀▀[48;2;139;41;41m▀[48;2;205;49;49m▀▀▀▀[48;2;0;0;0m▀[38;2;0;0;0;49m▀[0m     [38;2;0;0;0m▀[0m    [38;2;0;0;0;48;2;0;0;0m▀[38;2;238;82;82;48;2;238;82;82m▀▀▀▀▀[38;2;0;0;0m▀[48;2;205;49;49m▀▀[38;2;205;49;49m▀▀[38;2;0;0;0;48;2;0;0;0m▀[0m
[0m                      [38;2;0;0;0m▀▀▀[0m   [38;2;0;0;0;48;2;0;0;0m▀[38;2;255;255;255m▀[38;2;180;172;164m▀[38;2;0;0;0;49m▀▀[0m            [38;2;0;0;0m▀[38;2;205;49;49;48;2;0;0;0m▀[38;2;238;82;82;48;2;139;41;41m▀[48;2;238;82;82m▀▀[48;2;205;49;49m▀▀[48;2;238;82;82m▀[38;2;205;49;49;48;2;205;49;49m▀▀[48;2;0;0;0m▀[38;2;0;0;0;48;2;180;172;164m▀▀[49m▄[0m
[0m                                               [38;2;0;0;0m▀▀▀[38;2;255;255;255;48;2;0;0;0m▀▀[38;2;0;0;0;49m▀▀▀▀▀▀▀[0m
