[0m                      [38;2;16;16;16m▄[48;2;180;180;189m▀[48;2;106;106;123m▀[49m▄[0m         [38;2;16;16;16m▄[0m
[0m                      [38;2;16;16;16m▀[38;2;180;180;189;48;2;16;16;16m▀[38;2;106;106;123;48;2;106;106;123m▀▀[38;2;16;16;16m▀[49m▄[0m     [38;2;16;16;16m▄[48;2;106;106;123m▀[38;2;180;180;189m▀[38;2;16;16;16;48;2;16;16;16m▀[0m
[0m                       [38;2;16;16;16m▀[38;2;180;180;189;48;2;16;16;16m▀[38;2;106;106;123;48;2;106;106;123m▀▀▀[38;2;16;16;16;48;2;16;16;16m▀[0m  [38;2;16;16;16m▄[48;2;106;106;123m▀[38;2;106;106;123m▀[48;2;16;16;16m▀[38;2;16;16;16;49m▀[0m
[0m                        [38;2;16;16;16m▀[38;2;180;180;189;48;2;16;16;16m▀[38;2;106;106;123;48;2;106;106;123m▀▀[48;2;16;16;16m▀[38;2;16;16;16;48;2;139;172;139m▀[48;2;16;16;16m▀[48;2;106;106;123m▀[38;2;106;106;123m▀[48;2;16;16;16m▀[38;2;16;16;16;49m▀[0m
[0m                         [38;2;16;16;16m▀[38;2;180;180;189;48;2;16;16;16m▀[38;2;16;16;16m▀[38;2;139;172;139m▀[48;2;115;139;115m▀[38;2;16;16;16;48;2;106;106;123m▀[38;2;106;106;123m▀[38;2;16;16;16;48;2;16;16;16m▀[0m
[0m            [38;2;115;57;65;48;2;115;57;65m▀[38;2;16;16;16;48;2;255;82;82m▀[48;2;222;49;74m▀[38;2;115;57;65;48;2;115;57;65m▀[38;2;16;16;16;49m▄▄[0m   [38;2;16;16;16m▄[38;2;115;139;115m▄[38;2;16;16;16;48;2;172;205;172m▀[38;2;115;139;115;48;2;16;16;16m▀▀[48;2;106;106;123m▀[48;2;16;16;16m▀▀[38;2;16;16;16;48;2;115;139;115m▀▀[48;2;16;16;16m▀[0m      [38;2;16;16;16m▄[38;2;115;57;65m▄▄▄▄[0m
[0m        [38;2;115;57;65m▄▄▄[38;2;16;16;16m▄▄[38;2;115;57;65;48;2;16;16;16m▀[38;2;222;49;74;48;2;106;106;123m▀[38;2;255;82;82;48;2;180;180;189m▀[38;2;222;222;222;48;2;222;222;222m▀▀[38;2;16;16;16;48;2;115;139;115m▀[48;2;172;205;172m▀[38;2;115;139;115m▀[38;2;172;205;172;48;2;16;16;16m▀[38;2;16;16;16;48;2;180;180;189m▀▀[38;2;180;180;189m▀[48;2;16;16;16m▀▀[38;2;106;106;123m▀[48;2;106;106;123m▀[38;2;16;16;16m▀[38;2;115;139;115;48;2;16;16;16m▀[48;2;115;139;115m▀[38;2;16;16;16;48;2;16;16;16m▀[49m▄▄[38;2;106;106;123m▄[48;2;222;222;222m▀[48;2;255;255;255m▀[38;2;255;82;82;48;2;255;82;82m▀▀[48;2;222;49;74m▀[48;2;16;16;16m▀[38;2;16;16;16;49m▀[0m
[0m        [38;2;16;16;16m▀[38;2;255;82;82;48;2;16;16;16m▀[48;2;222;49;74m▀[38;2;222;49;74m▀[38;2;180;180;189m▀[38;2;222;222;222;48;2;180;180;189m▀[48;2;222;222;222m▀[38;2;106;106;123m▀[48;2;16;16;16m▀[38;2;16;16;16;48;2;172;205;172m▀[38;2;172;205;172;48;2;16;16;16m▀[38;2;16;16;16;48;2;180;180;189m▀▀▀▀[48;2;106;106;123m▀[38;2;106;106;123;48;2;16;16;16m▀▀[48;2;106;106;123m▀▀[38;2;16;16;16m▀[38;2;106;106;123;48;2;16;16;16m▀[38;2;16;16;16m▀[38;2;115;139;115;48;2;115;139;115m▀[38;2;90;115;90;48;2;90;115;90m▀[38;2;16;16;16;48;2;16;16;16m▀[38;2;180;180;189;48;2;180;180;189m▀[48;2;222;222;222m▀[38;2;222;222;222;48;2;255;255;255m▀[38;2;255;255;255m▀[48;2;106;106;123m▀[38;2;180;180;189;48;2;115;57;65m▀[38;2;16;16;16m▀[38;2;115;57;65;49m▄▄▄[0m
[0m   [38;2;115;57;65m▄▄▄▄▄[48;2;106;106;123m▀[48;2;180;180;189m▀[38;2;106;106;123m▀[38;2;180;180;189;48;2;106;106;123m▀[38;2;222;222;222m▀▀[48;2;222;222;222m▀[38;2;16;16;16;48;2;90;115;90m▀[38;2;172;205;172;48;2;172;205;172m▀[38;2;16;16;16;48;2;106;106;123m▀[38;2;180;180;189;48;2;16;16;16m▀▀▀[38;2;106;106;123m▀▀▀[48;2;106;106;123m▀▀[38;2;16;16;16m▀▀[38;2;106;106;123;48;2;16;16;16m▀[48;2;106;106;123m▀[38;2;16;16;16;48;2;16;16;16m▀[38;2;115;139;115;48;2;115;139;115m▀[38;2;90;115;90;48;2;90;115;90m▀[38;2;16;16;16;48;2;16;16;16m▀[38;2;180;180;189;48;2;106;106;123m▀[38;2;106;106;123;48;2;222;222;222m▀[48;2;255;255;255m▀▀[38;2;180;180;189;48;2;222;49;74m▀[38;2;255;82;82;48;2;255;82;82m▀▀▀[48;2;16;16;16m▀[38;2;16;16;16;49m▀[0m
[0m   [38;2;16;16;16m▀[38;2;255;82;82;48;2;16;16;16m▀[48;2;255;82;82m▀▀▀[48;2;222;49;74m▀[38;2;222;49;74;48;2;222;222;222m▀[38;2;222;222;222m▀▀[38;2;180;180;189m▀[48;2;90;115;90m▀[38;2;90;115;90;48;2;139;172;139m▀[38;2;139;172;139;48;2;106;106;123m▀[38;2;16;16;16;48;2;180;180;189m▀[38;2;180;180;189m▀▀[48;2;106;106;123m▀[38;2;106;106;123m▀▀▀▀[38;2;16;16;16m▀▀[38;2;106;106;123;48;2;16;16;16m▀[48;2;106;106;123m▀▀[38;2;16;16;16;48;2;16;16;16m▀[38;2;115;139;115;48;2;115;139;115m▀[48;2;90;115;90m▀[38;2;90;115;90;48;2;16;16;16m▀[38;2;16;16;16;48;2;106;106;123m▀[38;2;180;180;189m▀[38;2;222;222;222;48;2;180;180;189m▀[38;2;255;255;255;48;2;106;106;123m▀▀[48;2;16;16;16m▀[38;2;222;49;74m▀[48;2;115;57;65m▀[38;2;16;16;16m▀[38;2;115;57;65;49m▄[0m
[38;2;115;57;65;49m▄▄[48;2;255;82;82m▀▀▀[38;2;106;106;123;48;2;180;180;189m▀[48;2;16;16;16m▀▀▀[48;2;180;180;189m▀[38;2;222;222;222;48;2;106;106;123m▀▀▀[38;2;16;16;16;48;2;16;16;16m▀[38;2;139;172;139;48;2;106;106;123m▀[38;2;16;16;16m▀▀▀[48;2;16;16;16m▀▀[38;2;106;106;123m▀▀▀[48;2;106;106;123m▀▀▀▀[38;2;16;16;16m▀[48;2;16;16;16m▀[38;2;115;139;115;48;2;115;139;115m▀[48;2;90;115;90m▀[38;2;90;115;90m▀[38;2;16;16;16;48;2;16;16;16m▀[38;2;106;106;123;48;2;180;180;189m▀[38;2;180;180;189;48;2;222;222;222m▀[38;2;222;222;222;48;2;255;255;255m▀[38;2;255;255;255m▀▀▀[48;2;222;49;74m▀[38;2;222;49;74;48;2;255;82;82m▀[38;2;255;82;82m▀▀[38;2;115;57;65m▀[48;2;16;16;16m▀[0m
[38;2;16;16;16;49m▀[38;2;255;82;82;48;2;16;16;16m▀[48;2;255;82;82m▀▀[48;2;106;106;123m▀[38;2;16;16;16;48;2;180;180;189m▀[38;2;255;255;255;48;2;255;255;255m▀▀[38;2;180;180;189;48;2;106;106;123m▀[38;2;16;16;16;48;2;222;222;222m▀[38;2;180;180;189;48;2;16;16;16m▀[38;2;222;222;222m▀[38;2;16;16;16m▀[38;2;115;57;65;48;2;255;82;82m▀[38;2;255;82;82m▀[38;2;115;57;65;48;2;115;57;65m▀[38;2;106;106;123;48;2;106;106;123m▀[48;2;16;16;16m▀[38;2;16;16;16m▀▀[48;2;115;57;65m▀[48;2;222;49;74m▀▀[48;2;115;57;65m▀[48;2;16;16;16m▀[38;2;106;106;123m▀▀[38;2;16;16;16;48;2;115;139;115m▀[38;2;115;139;115m▀[48;2;90;115;90m▀[38;2;90;115;90m▀[38;2;16;16;16;48;2;16;16;16m▀[38;2;180;180;189;48;2;106;106;123m▀▀[38;2;222;222;222;48;2;16;16;16m▀[38;2;255;255;255m▀[48;2;106;106;123m▀[48;2;180;180;189m▀▀[48;2;106;106;123m▀[38;2;222;49;74;48;2;16;16;16m▀[38;2;255;82;82m▀[38;2;16;16;16;49m▀▀[0m
[0m  [38;2;16;16;16m▀▀[38;2;106;106;123;48;2;16;16;16m▀[38;2;222;222;222;48;2;222;222;222m▀[38;2;16;16;16;48;2;106;106;123m▀[48;2;16;16;16m▀[48;2;106;106;123m▀[38;2;222;222;222;48;2;222;222;222m▀[38;2;139;172;139;48;2;90;115;90m▀[48;2;139;172;139m▀[38;2;16;16;16;48;2;16;16;16m▀[38;2;255;82;82;48;2;255;82;82m▀▀[38;2;115;57;65;48;2;115;57;65m▀[38;2;106;106;123;48;2;106;106;123m▀[38;2;16;16;16;48;2;16;16;16m▀▀[48;2;115;57;65m▀[38;2;222;49;74;48;2;222;49;74m▀▀▀▀[38;2;16;16;16;48;2;16;16;16m▀▀[48;2;90;115;90m▀[38;2;115;139;115;48;2;16;16;16m▀[38;2;90;115;90;48;2;90;115;90m▀[48;2;16;16;16m▀[38;2;16;16;16m▀[38;2;180;180;189m▀▀[48;2;222;222;222m▀[38;2;222;222;222;48;2;255;255;255m▀[38;2;255;255;255m▀[38;2;222;222;222m▀[38;2;106;106;123m▀[38;2;16;16;16m▀▀[48;2;115;57;65m▀[38;2;115;57;65;49m▄[0m
[0m     [38;2;16;16;16m▀[38;2;222;222;222;48;2;16;16;16m▀▀▀[38;2;16;16;16;49m▀▀[48;2;16;16;16m▀[38;2;115;139;115;48;2;139;172;139m▀[38;2;106;106;123;48;2;16;16;16m▀[38;2;255;82;82;48;2;106;106;123m▀[38;2;115;57;65m▀[38;2;16;16;16;48;2;16;16;16m▀▀▀[38;2;222;49;74;48;2;222;49;74m▀▀[48;2;115;57;65m▀[48;2;16;16;16m▀[38;2;115;57;65m▀[38;2;16;16;16;48;2;90;115;90m▀[38;2;115;139;115;48;2;115;139;115m▀[38;2;139;172;139;48;2;139;172;139m▀[38;2;16;16;16m▀[48;2;90;115;90m▀[48;2;180;180;189m▀[38;2;255;255;255;48;2;255;255;255m▀▀[38;2;180;180;189;48;2;106;106;123m▀[38;2;16;16;16;48;2;222;222;222m▀[38;2;255;255;255;48;2;16;16;16m▀[48;2;255;255;255m▀▀▀[38;2;255;82;82m▀[48;2;255;82;82m▀▀▀[38;2;115;57;65m▀[49m▄[0m
[0m        [38;2;90;115;90m▄▄[38;2;16;16;16m▄[48;2;106;106;123m▀[38;2;139;172;139;48;2;16;16;16m▀[38;2;90;115;90;48;2;139;172;139m▀[38;2;16;16;16;48;2;90;115;90m▀▀[48;2;16;16;16m▀▀▀▀[48;2;90;115;90m▀▀▀[38;2;90;115;90m▀▀[48;2;16;16;16m▀[38;2;16;16;16;49m▀▀[38;2;90;115;90;48;2;16;16;16m▀[38;2;222;222;222;48;2;222;222;222m▀[38;2;16;16;16;48;2;106;106;123m▀[48;2;16;16;16m▀[48;2;106;106;123m▀[38;2;222;222;222;48;2;222;222;222m▀[38;2;16;16;16;48;2;16;16;16m▀[49m▀▀[38;2;106;106;123m▀[38;2;180;180;189;48;2;106;106;123m▀[48;2;16;16;16m▀[38;2;222;49;74m▀[38;2;255;82;82m▀[38;2;222;49;74m▀[38;2;16;16;16;49m▀[0m
[0m      [38;2;90;115;90m▄[48;2;172;205;172m▀[38;2;172;205;172m▀[38;2;16;16;16m▀[38;2;180;180;189;48;2;16;16;16m▀[38;2;106;106;123m▀[38;2;16;16;16;49m▀▀[38;2;139;172;139;48;2;16;16;16m▀[48;2;90;115;90m▀[48;2;115;139;115m▀▀▀[38;2;115;139;115;48;2;90;115;90m▀[38;2;90;115;90;48;2;16;16;16m▀▀▀[38;2;16;16;16;48;2;106;106;123m▀[48;2;16;16;16m▀[0m    [38;2;16;16;16m▀[38;2;222;222;222;48;2;16;16;16m▀▀▀[38;2;16;16;16;49m▀[0m
[0m     [38;2;90;115;90m▄[38;2;115;139;115;48;2;172;205;172m▀[38;2;172;205;172m▀▀[48;2;139;172;139m▀[38;2;139;172;139m▀▀[38;2;16;16;16;48;2;16;16;16m▀[0m   [38;2;16;16;16m▀▀▀▀[0m  [38;2;16;16;16;48;2;16;16;16m▀[38;2;180;180;189m▀[38;2;106;106;123;48;2;106;106;123m▀[38;2;16;16;16;48;2;16;16;16m▀[38;2;90;115;90;49m▄[0m
[0m     [38;2;90;115;90;48;2;16;16;16m▀[38;2;172;205;172;48;2;172;205;172m▀▀[48;2;139;172;139m▀[38;2;139;172;139m▀[48;2;16;16;16m▀[38;2;16;16;16m▀[49m▀[0m        [38;2;16;16;16m▄[48;2;139;172;139m▀[38;2;139;172;139;48;2;172;205;172m▀[38;2;16;16;16m▀[38;2;139;172;139;48;2;139;172;139m▀▀[38;2;90;115;90;48;2;90;115;90m▀[0m
[0m     [38;2;16;16;16;48;2;90;115;90m▀[38;2;139;172;139m▀[48;2;16;16;16m▀[38;2;16;16;16;48;2;115;139;115m▀▀[38;2;115;139;115;48;2;16;16;16m▀[38;2;16;16;16;49m▀[0m         [38;2;16;16;16;48;2;16;16;16m▀[38;2;90;115;90m▀[38;2;172;205;172;48;2;172;205;172m▀▀▀[38;2;139;172;139;48;2;139;172;139m▀▀[38;2;16;16;16;48;2;16;16;16m▀[0m
[0m     [38;2;16;16;16;48;2;16;16;16m▀[38;2;115;139;115;48;2;115;139;115m▀▀▀[48;2;16;16;16m▀[38;2;16;16;16;49m▀[0m          [38;2;16;16;16;48;2;16;16;16m▀[48;2;90;115;90m▀[38;2;90;115;90;48;2;16;16;16m▀[38;2;172;205;172;48;2;139;172;139m▀[48;2;172;205;172m▀[38;2;139;172;139;48;2;139;172;139m▀[48;2;90;115;90m▀[38;2;16;16;16;48;2;16;16;16m▀[0m
[0m     [38;2;16;16;16m▀[38;2;90;115;90;48;2;16;16;16m▀[38;2;115;139;115;48;2;106;106;123m▀[48;2;16;16;16m▀[38;2;16;16;16m▀[0m           [38;2;16;16;16m▀[38;2;90;115;90;48;2;16;16;16m▀[38;2;115;139;115;48;2;115;139;115m▀[38;2;16;16;16;48;2;139;172;139m▀▀[38;2;90;115;90m▀[38;2;16;16;16;48;2;16;16;16m▀[0m
[0m      [38;2;16;16;16m▀[38;2;106;106;123;48;2;16;16;16m▀[48;2;106;106;123m▀[38;2;16;16;16;48;2;16;16;16m▀[0m            [38;2;16;16;16;48;2;16;16;16m▀[38;2;115;139;115m▀[38;2;139;172;139;48;2;139;172;139m▀▀[38;2;16;16;16;48;2;16;16;16m▀[0m
[0m       [38;2;16;16;16m▀[38;2;106;106;123;48;2;16;16;16m▀[38;2;16;16;16;49m▀[0m            [38;2;16;16;16;48;2;16;16;16m▀[48;2;106;106;123m▀[38;2;106;106;123m▀[38;2;16;16;16;48;2;16;16;16m▀[0m
[0m                      [38;2;16;16;16;48;2;16;16;16m▀[38;2;106;106;123m▀[38;2;16;16;16;49m▀[0m
