[0m           [38;2;90;90;139m▄▄▄▄[0m                   [38;2;90;90;139m▄▄[48;2;189;189;222m▀▀▀▀[48;2;139;139;189m▀[38;2;16;16;16;48;2;16;16;16m▀[0m
[0m           [38;2;16;16;16;48;2;16;16;16m▀[38;2;189;189;222;48;2;139;139;189m▀[48;2;16;16;16m▀[48;2;90;90;139m▀[38;2;90;90;139;48;2;189;189;222m▀▀[49m▄[0m  [38;2;57;65;82m▄[38;2;106;106;123m▄[48;2;180;180;189m▀[38;2;57;65;82m▀[38;2;16;16;16;48;2;106;106;123m▀[48;2;57;65;82m▀[48;2;16;16;16m▀[38;2;57;65;82m▀[38;2;16;16;16;49m▄[38;2;57;65;82m▄▄▄[38;2;90;90;139m▄[48;2;139;139;189m▀[38;2;189;189;222m▀[48;2;90;90;139m▀[38;2;139;139;189;48;2;255;255;255m▀[38;2;90;90;139m▀[48;2;16;16;16m▀[38;2;139;139;189;48;2;139;139;189m▀[48;2;115;115;172m▀[38;2;16;16;16;48;2;16;16;16m▀[0m
[0m           [38;2;16;16;16;48;2;16;16;16m▀[38;2;139;139;189;48;2;90;90;139m▀[38;2;255;255;255;48;2;189;189;222m▀[48;2;255;255;255m▀[38;2;16;16;16m▀[38;2;139;139;189;48;2;139;139;189m▀[38;2;189;189;222;48;2;16;16;16m▀[38;2;90;90;139;48;2;57;65;82m▀[38;2;57;65;82;48;2;238;74;98m▀[38;2;180;180;189;48;2;106;106;123m▀[48;2;180;180;189m▀▀▀[48;2;57;65;82m▀[38;2;16;16;16;48;2;16;16;16m▀[48;2;164;24;32m▀[48;2;238;74;98m▀[48;2;164;24;32m▀[48;2;16;16;16m▀[38;2;90;90;139m▀[38;2;139;139;189;48;2;139;139;189m▀[48;2;16;16;16m▀[38;2;16;16;16;48;2;222;222;222m▀[38;2;255;255;255;48;2;16;16;16m▀[48;2;255;255;255m▀▀[48;2;16;16;16m▀[38;2;16;16;16;48;2;139;139;189m▀[38;2;139;139;189;48;2;115;115;172m▀[38;2;16;16;16;48;2;16;16;16m▀[0m
[0m            [38;2;16;16;16;48;2;16;16;16m▀[38;2;139;139;189;48;2;90;90;139m▀[38;2;255;255;255;48;2;189;189;222m▀[38;2;16;16;16;48;2;16;16;16m▀[38;2;222;222;222;48;2;222;222;222m▀[38;2;16;16;16;48;2;16;16;16m▀[38;2;164;24;32;48;2;164;24;32m▀[38;2;238;74;98;48;2;238;74;98m▀[38;2;164;24;32m▀[38;2;106;106;123;48;2;106;106;123m▀▀[38;2;57;65;82;48;2;16;16;16m▀[38;2;16;16;16m▀[38;2;164;24;32;48;2;238;74;98m▀[38;2;238;74;98m▀▀[38;2;164;24;32;48;2;164;24;32m▀[38;2;16;16;16;48;2;16;16;16m▀▀[38;2;115;115;172;48;2;115;115;172m▀[38;2;16;16;16;48;2;90;90;139m▀[38;2;222;222;222m▀[38;2;16;16;16m▀[38;2;189;189;222m▀[38;2;90;90;139;48;2;115;115;172m▀[38;2;115;115;172m▀[38;2;90;90;139;48;2;16;16;16m▀[38;2;16;16;16;49m▀[0m
[0m             [38;2;16;16;16m▀[38;2;90;90;139;48;2;16;16;16m▀[38;2;139;139;189m▀[48;2;189;189;222m▀[38;2;16;16;16;48;2;90;90;139m▀[38;2;57;65;82;48;2;57;65;82m▀[38;2;238;74;98;48;2;164;24;32m▀[48;2;238;74;98m▀[38;2;106;106;123;48;2;106;106;123m▀[38;2;57;65;82;48;2;57;65;82m▀[38;2;16;16;16;48;2;16;16;16m▀[38;2;164;24;32;48;2;238;74;98m▀[38;2;238;74;98m▀[48;2;164;24;32m▀[48;2;16;16;16m▀[38;2;16;16;16m▀▀[38;2;57;65;82;48;2;115;115;172m▀[38;2;115;115;172m▀[48;2;57;65;82m▀[48;2;16;16;16m▀▀▀[38;2;16;16;16;49m▀▀[0m
[0m                [38;2;90;90;139;48;2;90;90;139m▀[38;2;189;189;222;48;2;189;189;222m▀[38;2;16;16;16;48;2;90;90;139m▀[38;2;106;106;123;48;2;16;16;16m▀[38;2;164;24;32;48;2;106;106;123m▀[38;2;106;106;123m▀[38;2;57;65;82;48;2;16;16;16m▀[38;2;16;16;16m▀▀▀▀[48;2;57;65;82m▀[48;2;115;115;172m▀[38;2;115;115;172m▀▀▀[48;2;16;16;16m▀[38;2;16;16;16;48;2;57;65;82m▀[38;2;90;90;139;48;2;90;90;139m▀[38;2;16;16;16;48;2;16;16;16m▀[0m      [38;2;164;24;32m▄▄▄[0m
[0m                [38;2;90;90;139m▀[38;2;139;139;189;48;2;90;90;139m▀[38;2;189;189;222;48;2;189;189;222m▀[38;2;90;90;139m▀[38;2;16;16;16;48;2;139;139;189m▀[38;2;57;65;82;48;2;57;65;82m▀[38;2;16;16;16;48;2;16;16;16m▀[48;2;57;65;82m▀[48;2;115;115;172m▀[38;2;57;65;82m▀[38;2;115;115;172m▀▀▀▀[48;2;16;16;16m▀[38;2;16;16;16;48;2;222;180;98m▀[38;2;222;180;98m▀[38;2;57;65;82;48;2;57;65;82m▀[38;2;90;90;139;48;2;90;90;139m▀[38;2;16;16;16;48;2;16;16;16m▀[48;2;90;90;139m▀[49m▄[38;2;106;106;123m▄[48;2;180;180;189m▀[38;2;164;24;32;48;2;222;222;222m▀[48;2;238;74;98m▀[38;2;238;74;98m▀▀▀[38;2;164;24;32m▀[48;2;16;16;16m▀[0m
[0m             [38;2;164;24;32m▄▄▄[0m  [38;2;16;16;16;48;2;16;16;16m▀[38;2;189;189;222;48;2;90;90;139m▀[48;2;139;139;189m▀[48;2;189;189;222m▀[38;2;115;115;172;48;2;139;139;189m▀[48;2;115;115;172m▀▀[48;2;16;16;16m▀▀▀[38;2;16;16;16;48;2;222;180;98m▀▀[38;2;222;180;98m▀▀[38;2;57;65;82;48;2;57;65;82m▀[38;2;222;180;98;48;2;222;180;98m▀[38;2;57;65;82;48;2;57;65;82m▀[38;2;90;90;139;48;2;106;106;123m▀[38;2;16;16;16;48;2;222;222;222m▀[38;2;222;222;222m▀[38;2;255;255;255;48;2;255;255;255m▀▀[38;2;238;74;98m▀[48;2;222;222;222m▀[48;2;238;74;98m▀[48;2;16;16;16m▀▀[38;2;16;16;16;49m▀[0m
[0m           [38;2;164;24;32;48;2;16;16;16m▀[48;2;238;74;98m▀[38;2;238;74;98m▀▀▀[38;2;164;24;32;48;2;180;180;189m▀[38;2;106;106;123m▀[49m▄[38;2;222;180;98;48;2;57;65;82m▀[38;2;57;65;82;48;2;255;222;106m▀[38;2;16;16;16;48;2;57;65;82m▀[48;2;222;180;98m▀▀▀[38;2;222;180;98m▀▀▀▀▀[48;2;57;65;82m▀[38;2;57;65;82m▀[38;2;222;180;98;48;2;222;180;98m▀▀[38;2;57;65;82m▀[38;2;180;180;189;48;2;16;16;16m▀[38;2;222;222;222;48;2;180;180;189m▀[48;2;222;222;222m▀▀[38;2;255;255;255m▀[48;2;90;90;139m▀[38;2;180;180;189;48;2;16;16;16m▀[38;2;16;16;16m▀[38;2;164;24;32;49m▄▄▄▄[0m
[0m            [38;2;16;16;16m▀[38;2;164;24;32;48;2;16;16;16m▀[38;2;238;74;98;48;2;164;24;32m▀[48;2;180;180;189m▀[48;2;222;222;222m▀[38;2;222;222;222m▀[38;2;180;180;189m▀[38;2;57;65;82;48;2;57;65;82m▀[38;2;255;222;106;48;2;255;222;106m▀[38;2;57;65;82;48;2;57;65;82m▀[48;2;115;115;172m▀[38;2;222;180;98;48;2;57;65;82m▀▀▀▀[38;2;57;65;82;48;2;115;115;172m▀▀▀[38;2;115;115;172m▀▀[38;2;222;180;98;48;2;57;65;82m▀[48;2;222;180;98m▀▀[38;2;57;65;82;48;2;57;65;82m▀[38;2;180;180;189;48;2;16;16;16m▀[38;2;90;90;139m▀[38;2;16;16;16;48;2;222;222;222m▀▀[38;2;222;222;222;48;2;255;255;255m▀[38;2;255;255;255m▀[48;2;238;74;98m▀[38;2;238;74;98m▀▀▀▀[38;2;164;24;32m▀[48;2;16;16;16m▀[0m
[0m         [38;2;164;24;32m▄[48;2;238;74;98m▀▀[38;2;16;16;16m▀▀[48;2;180;180;189m▀[38;2;106;106;123;48;2;222;222;222m▀[38;2;180;180;189;48;2;16;16;16m▀[38;2;222;222;222m▀[48;2;106;106;123m▀[38;2;57;65;82;48;2;222;180;98m▀[38;2;255;222;106;48;2;255;222;106m▀[38;2;57;65;82;48;2;57;65;82m▀[38;2;189;189;222;48;2;139;139;189m▀[38;2;115;115;172;48;2;189;189;222m▀[48;2;139;139;189m▀[48;2;115;115;172m▀▀▀▀[48;2;57;65;82m▀▀[38;2;57;65;82;48;2;115;115;172m▀[48;2;57;65;82m▀[38;2;222;180;98;48;2;222;180;98m▀▀▀[38;2;16;16;16;48;2;57;65;82m▀[38;2;180;180;189;48;2;16;16;16m▀[38;2;222;222;222;48;2;222;222;222m▀▀[38;2;255;255;255m▀[48;2;255;255;255m▀▀[38;2;238;74;98m▀[48;2;16;16;16m▀▀▀[38;2;16;16;16;49m▀[0m          [38;2;16;16;16m▄▄[0m       [38;2;16;16;16m▄[0m
[0m         [38;2;16;16;16m▀[38;2;164;24;32;48;2;16;16;16m▀[38;2;238;74;98m▀[48;2;164;24;32m▀[48;2;238;74;98m▀▀[38;2;222;222;222;48;2;180;180;189m▀[48;2;222;222;222m▀[38;2;180;180;189m▀[38;2;57;65;82;48;2;57;65;82m▀[38;2;255;222;106;48;2;255;222;106m▀▀[38;2;57;65;82;48;2;57;65;82m▀[38;2;189;189;222;48;2;189;189;222m▀[38;2;115;115;172m▀[38;2;90;90;139m▀▀[38;2;57;65;82;48;2;139;139;189m▀[48;2;115;115;172m▀▀[38;2;115;115;172m▀▀▀▀[38;2;57;65;82;48;2;57;65;82m▀[38;2;222;180;98;48;2;222;180;98m▀▀[38;2;57;65;82;48;2;57;65;82m▀[38;2;16;16;16;48;2;90;90;139m▀[38;2;180;180;189;48;2;16;16;16m▀[38;2;222;222;222;48;2;90;90;139m▀[48;2;16;16;16m▀[38;2;90;90;139m▀[38;2;16;16;16;48;2;180;180;189m▀▀[38;2;106;106;123;49m▄▄[38;2;164;24;32m▄▄▄[0m         [38;2;16;16;16;48;2;16;16;16m▀[38;2;106;106;123;48;2;106;106;123m▀[38;2;16;16;16;48;2;57;65;82m▀[49m▄[0m    [38;2;90;90;139;48;2;90;90;139m▀[38;2;139;139;189;48;2;139;139;189m▀[38;2;16;16;16;48;2;16;16;16m▀[49m▄[48;2;106;106;123m▀[48;2;16;16;16m▀[0m
[0m            [38;2;16;16;16m▀▀[38;2;222;222;222;48;2;16;16;16m▀▀[48;2;222;222;222m▀▀[38;2;57;65;82;48;2;57;65;82m▀[38;2;255;222;106;48;2;255;222;106m▀[38;2;57;65;82;48;2;57;65;82m▀[38;2;189;189;222;48;2;189;189;222m▀▀▀▀▀▀▀[38;2;139;139;189m▀[38;2;115;115;172m▀[48;2;139;139;189m▀▀[48;2;115;115;172m▀[38;2;57;65;82;48;2;57;65;82m▀[38;2;222;180;98;48;2;222;180;98m▀▀▀[38;2;57;65;82;48;2;57;65;82m▀[38;2;16;16;16;48;2;90;90;139m▀[48;2;16;16;16m▀[38;2;180;180;189;48;2;222;222;222m▀[38;2;222;222;222m▀[48;2;255;255;255m▀[38;2;255;255;255m▀[48;2;164;24;32m▀[38;2;238;74;98;48;2;238;74;98m▀▀▀▀[38;2;164;24;32m▀[48;2;16;16;16m▀[0m       [38;2;16;16;16m▀[38;2;106;106;123;48;2;16;16;16m▀[38;2;57;65;82;48;2;106;106;123m▀[48;2;57;65;82m▀[38;2;16;16;16m▀[49m▄[0m  [38;2;90;90;139;48;2;90;90;139m▀[38;2;139;139;189;48;2;139;139;189m▀[38;2;16;16;16;48;2;16;16;16m▀[48;2;57;65;82m▀[38;2;106;106;123;48;2;106;106;123m▀[38;2;16;16;16;48;2;16;16;16m▀[0m
[0m         [38;2;164;24;32m▄▄[38;2;16;16;16;48;2;238;74;98m▀▀▀[38;2;106;106;123;48;2;180;180;189m▀[48;2;222;222;222m▀[38;2;16;16;16m▀[48;2;180;180;189m▀[38;2;57;65;82;48;2;57;65;82m▀[38;2;255;222;106;48;2;255;222;106m▀[38;2;57;65;82;48;2;57;65;82m▀[38;2;189;189;222;48;2;90;90;139m▀[48;2;139;139;189m▀[48;2;189;189;222m▀▀▀▀▀▀[48;2;139;139;189m▀[48;2;57;65;82m▀▀[38;2;57;65;82;48;2;189;189;222m▀[38;2;115;115;172;48;2;139;139;189m▀[38;2;57;65;82;48;2;57;65;82m▀[38;2;222;180;98;48;2;222;180;98m▀[48;2;16;16;16m▀[38;2;16;16;16m▀[38;2;90;90;139;48;2;90;90;139m▀[38;2;16;16;16m▀[38;2;180;180;189;48;2;16;16;16m▀[38;2;222;222;222;48;2;222;222;222m▀▀[38;2;255;255;255m▀[48;2;255;255;255m▀[38;2;164;24;32m▀[38;2;238;74;98;48;2;16;16;16m▀▀[38;2;16;16;16;49m▀▀[0m         [38;2;16;16;16m▀[38;2;106;106;123;48;2;16;16;16m▀[38;2;57;65;82;48;2;106;106;123m▀[48;2;57;65;82m▀▀[38;2;16;16;16m▀[38;2;90;90;139;48;2;90;90;139m▀[38;2;139;139;189;48;2;139;139;189m▀[48;2;16;16;16m▀[38;2;16;16;16;48;2;57;65;82m▀[38;2;106;106;123;48;2;106;106;123m▀[38;2;57;65;82;48;2;57;65;82m▀[38;2;16;16;16;48;2;16;16;16m▀[0m
[0m         [38;2;16;16;16m▀[38;2;238;74;98;48;2;16;16;16m▀▀[48;2;164;24;32m▀[48;2;238;74;98m▀[48;2;180;180;189m▀[38;2;180;180;189;48;2;222;222;222m▀[38;2;222;222;222m▀[48;2;57;65;82m▀[38;2;57;65;82;48;2;255;222;106m▀[38;2;222;180;98;48;2;57;65;82m▀[38;2;57;65;82m▀[38;2;189;189;222;48;2;189;189;222m▀[38;2;90;90;139m▀[38;2;115;115;172m▀▀▀▀▀▀▀[38;2;189;189;222m▀[48;2;115;115;172m▀[48;2;57;65;82m▀▀[38;2;57;65;82;48;2;222;180;98m▀[48;2;255;222;106m▀[38;2;255;222;106m▀[38;2;222;180;98m▀[38;2;57;65;82;48;2;222;180;98m▀[38;2;90;90;139;48;2;16;16;16m▀[38;2;16;16;16;48;2;90;90;139m▀[38;2;180;180;189;48;2;16;16;16m▀▀[38;2;90;90;139;48;2;222;180;98m▀[38;2;16;16;16m▀[48;2;16;16;16m▀[0m              [38;2;16;16;16m▀[38;2;106;106;123;48;2;16;16;16m▀[38;2;57;65;82;48;2;106;106;123m▀[48;2;57;65;82m▀▀[38;2;90;90;139;48;2;115;115;172m▀[38;2;139;139;189;48;2;139;139;189m▀[38;2;16;16;16;48;2;57;65;82m▀[38;2;57;65;82;48;2;106;106;123m▀[38;2;106;106;123;48;2;57;65;82m▀[38;2;16;16;16;48;2;16;16;16m▀[0m
[0m            [38;2;164;24;32m▀[38;2;16;16;16m▀▀[38;2;180;180;189;48;2;16;16;16m▀[38;2;222;222;222m▀[38;2;57;65;82;48;2;255;222;106m▀[38;2;255;222;106m▀▀[38;2;57;65;82m▀▀[38;2;189;189;222;48;2;57;65;82m▀▀[48;2;189;189;222m▀▀▀[48;2;57;65;82m▀▀[38;2;115;115;172;48;2;222;180;98m▀[38;2;57;65;82;48;2;255;222;106m▀[38;2;222;180;98m▀[38;2;255;222;106;48;2;57;65;82m▀[48;2;16;16;16m▀[38;2;57;65;82;48;2;115;115;172m▀▀▀▀[38;2;222;180;98;48;2;16;16;16m▀[38;2;16;16;16;48;2;222;180;98m▀[38;2;90;90;139;48;2;16;16;16m▀[48;2;90;90;139m▀[38;2;16;16;16;48;2;16;16;16m▀[38;2;222;180;98;48;2;57;65;82m▀[48;2;222;180;98m▀▀[38;2;16;16;16m▀[49m▄[0m             [38;2;16;16;16m▀[38;2;106;106;123;48;2;16;16;16m▀[38;2;57;65;82;48;2;106;106;123m▀[48;2;90;90;139m▀[38;2;115;115;172;48;2;139;139;189m▀[38;2;57;65;82;48;2;16;16;16m▀[48;2;106;106;123m▀[38;2;106;106;123;48;2;57;65;82m▀[38;2;16;16;16;48;2;16;16;16m▀[0m
[0m        [38;2;16;16;16m▄▄▄▄▄[0m [38;2;16;16;16m▄▄[48;2;16;16;16m▀[38;2;255;222;106m▀[38;2;16;16;16;48;2;189;189;222m▀[38;2;57;65;82m▀[38;2;255;222;106;48;2;16;16;16m▀[48;2;222;180;98m▀[48;2;255;222;106m▀▀[38;2;57;65;82m▀[48;2;57;65;82m▀[48;2;255;222;106m▀[38;2;255;222;106m▀▀▀[48;2;16;16;16m▀[38;2;16;16;16;48;2;139;139;189m▀[48;2;16;16;16m▀[38;2;90;90;139;48;2;139;139;189m▀[38;2;139;139;189m▀▀[48;2;189;189;222m▀▀[38;2;115;115;172;48;2;115;115;172m▀[38;2;16;16;16m▀[48;2;16;16;16m▀[38;2;90;90;139;48;2;90;90;139m▀[38;2;57;65;82m▀[38;2;16;16;16;48;2;16;16;16m▀[38;2;57;65;82m▀[38;2;222;180;98;48;2;57;65;82m▀[48;2;222;180;98m▀[38;2;57;65;82m▀[38;2;16;16;16;49m▄[0m              [38;2;16;16;16;48;2;90;90;139m▀[38;2;115;115;172;48;2;139;139;189m▀[38;2;139;139;189m▀[38;2;16;16;16;48;2;115;115;172m▀[38;2;57;65;82;48;2;90;90;139m▀[38;2;16;16;16;48;2;16;16;16m▀[0m
[0m     [38;2;139;139;189m▄[38;2;90;90;139;48;2;189;189;222m▀[38;2;16;16;16m▀[38;2;139;139;189m▀[48;2;139;139;189m▀▀▀▀[38;2;16;16;16;48;2;115;115;172m▀[38;2;90;90;139;48;2;16;16;16m▀[48;2;90;90;139m▀[38;2;139;139;189m▀▀[38;2;16;16;16;48;2;16;16;16m▀[38;2;139;139;189;48;2;139;139;189m▀[38;2;90;90;139;48;2;90;90;139m▀[38;2;16;16;16m▀[38;2;255;222;106;48;2;57;65;82m▀[48;2;255;222;106m▀▀[38;2;57;65;82;48;2;57;65;82m▀[38;2;255;222;106;48;2;255;222;106m▀▀▀[38;2;57;65;82;48;2;16;16;16m▀[38;2;16;16;16m▀[38;2;90;90;139;48;2;90;90;139m▀[38;2;16;16;16;48;2;16;16;16m▀[38;2;139;139;189;48;2;139;139;189m▀▀▀[38;2;189;189;222m▀[48;2;189;189;222m▀[38;2;139;139;189m▀[38;2;115;115;172;48;2;115;115;172m▀[38;2;16;16;16;48;2;90;90;139m▀[38;2;90;90;139;48;2;16;16;16m▀[48;2;90;90;139m▀[38;2;57;65;82m▀[38;2;16;16;16;48;2;16;16;16m▀▀[38;2;222;180;98m▀[48;2;222;180;98m▀▀[38;2;16;16;16;48;2;16;16;16m▀[0m            [38;2;90;90;139;48;2;90;90;139m▀[38;2;139;139;189;48;2;139;139;189m▀▀▀[38;2;115;115;172;48;2;90;90;139m▀[38;2;90;90;139m▀[38;2;16;16;16;48;2;16;16;16m▀[0m
[0m   [38;2;90;90;139m▄[38;2;139;139;189;48;2;189;189;222m▀[38;2;189;189;222m▀[48;2;139;139;189m▀▀[38;2;139;139;189m▀▀▀▀▀[48;2;115;115;172m▀[38;2;16;16;16;48;2;16;16;16m▀[48;2;222;180;98m▀[48;2;16;16;16m▀[48;2;90;90;139m▀[38;2;139;139;189m▀▀[38;2;90;90;139m▀[48;2;16;16;16m▀[38;2;16;16;16m▀[38;2;255;222;106;48;2;255;222;106m▀▀[38;2;57;65;82;48;2;57;65;82m▀[38;2;255;222;106;48;2;255;222;106m▀▀▀[38;2;16;16;16;48;2;57;65;82m▀[48;2;16;16;16m▀▀[38;2;90;90;139m▀[38;2;16;16;16m▀[38;2;139;139;189;48;2;115;115;172m▀[48;2;139;139;189m▀▀▀[38;2;189;189;222;48;2;189;189;222m▀[38;2;115;115;172;48;2;139;139;189m▀[48;2;115;115;172m▀[38;2;16;16;16;48;2;16;16;16m▀[38;2;90;90;139m▀[48;2;90;90;139m▀[38;2;16;16;16;48;2;57;65;82m▀[48;2;16;16;16m▀▀[38;2;57;65;82m▀[38;2;222;180;98;48;2;222;180;98m▀[48;2;255;222;106m▀[38;2;16;16;16;48;2;16;16;16m▀[0m         [38;2;90;90;139m▄[48;2;139;139;189m▀[38;2;139;139;189m▀▀▀[38;2;115;115;172;48;2;115;115;172m▀[38;2;90;90;139;48;2;90;90;139m▀[38;2;16;16;16;48;2;16;16;16m▀[0m
[0m  [38;2;90;90;139;48;2;90;90;139m▀[38;2;139;139;189;48;2;139;139;189m▀[38;2;189;189;222m▀[38;2;139;139;189m▀▀▀▀▀[48;2;16;16;16m▀▀[38;2;115;115;172m▀[38;2;16;16;16;49m▀[48;2;16;16;16m▀[38;2;222;180;98;48;2;222;180;98m▀[38;2;16;16;16;48;2;16;16;16m▀[38;2;222;180;98;48;2;222;180;98m▀[38;2;16;16;16;48;2;16;16;16m▀▀▀▀[38;2;57;65;82;48;2;222;180;98m▀[38;2;255;222;106;48;2;255;222;106m▀▀[38;2;57;65;82;48;2;16;16;16m▀[38;2;255;222;106;48;2;255;222;106m▀▀▀▀[38;2;16;16;16m▀[48;2;16;16;16m▀▀▀▀[38;2;115;115;172m▀[38;2;139;139;189;48;2;57;65;82m▀[48;2;115;115;172m▀▀[48;2;139;139;189m▀[38;2;115;115;172;48;2;115;115;172m▀[38;2;16;16;16;48;2;16;16;16m▀[48;2;90;90;139m▀[38;2;90;90;139;48;2;16;16;16m▀[48;2;90;90;139m▀[38;2;16;16;16;48;2;16;16;16m▀▀▀▀[38;2;255;222;106;48;2;222;180;98m▀[48;2;255;222;106m▀[38;2;16;16;16;48;2;16;16;16m▀[0m     [38;2;16;16;16m▄[38;2;90;90;139m▄[48;2;139;139;189m▀[38;2;139;139;189m▀▀▀[48;2;115;115;172m▀[38;2;115;115;172;48;2;90;90;139m▀[38;2;90;90;139m▀[48;2;16;16;16m▀[38;2;16;16;16;49m▀[0m
[0m [38;2;90;90;139;48;2;16;16;16m▀[38;2;139;139;189;48;2;139;139;189m▀▀▀▀[48;2;16;16;16m▀▀[38;2;16;16;16;48;2;139;139;189m▀▀[38;2;139;139;189m▀[48;2;16;16;16m▀[38;2;16;16;16;49m▀[48;2;16;16;16m▀[38;2;222;180;98;48;2;222;180;98m▀[38;2;16;16;16;48;2;16;16;16m▀▀▀[38;2;222;180;98;48;2;57;65;82m▀[38;2;16;16;16;48;2;222;180;98m▀[38;2;57;65;82m▀[38;2;222;180;98m▀▀▀[38;2;255;222;106;48;2;57;65;82m▀[38;2;139;139;189;48;2;189;189;222m▀[38;2;57;65;82m▀[38;2;255;222;106;48;2;57;65;82m▀[48;2;222;180;98m▀[48;2;255;222;106m▀▀[38;2;222;180;98m▀[38;2;57;65;82;48;2;222;180;98m▀▀[38;2;16;16;16;48;2;16;16;16m▀[38;2;139;139;189;48;2;139;139;189m▀▀[38;2;16;16;16m▀[48;2;115;115;172m▀[38;2;115;115;172;48;2;16;16;16m▀▀[38;2;16;16;16;48;2;115;115;172m▀[38;2;90;90;139;48;2;90;90;139m▀[38;2;16;16;16;48;2;16;16;16m▀[38;2;90;90;139;48;2;90;90;139m▀[38;2;57;65;82m▀[38;2;16;16;16;48;2;16;16;16m▀▀[48;2;57;65;82m▀[48;2;16;16;16m▀[38;2;255;222;106;48;2;222;180;98m▀[48;2;255;222;106m▀[38;2;16;16;16;48;2;16;16;16m▀[49m▄▄[48;2;90;90;139m▀▀[38;2;115;115;172m▀[38;2;139;139;189;48;2;115;115;172m▀▀▀[48;2;90;90;139m▀[38;2;115;115;172m▀[38;2;90;90;139m▀▀[48;2;16;16;16m▀[38;2;16;16;16;49m▀[0m
[38;2;90;90;139;49m▄[38;2;16;16;16;48;2;139;139;189m▀[38;2;139;139;189;48;2;16;16;16m▀▀[38;2;16;16;16;48;2;139;139;189m▀▀[38;2;139;139;189m▀▀▀▀[48;2;16;16;16m▀[38;2;16;16;16;49m▀[0m [38;2;16;16;16;48;2;16;16;16m▀[38;2;222;180;98;48;2;222;180;98m▀[38;2;16;16;16;48;2;16;16;16m▀▀▀[38;2;57;65;82;48;2;90;90;139m▀[38;2;222;180;98;48;2;16;16;16m▀[48;2;222;180;98m▀▀▀[48;2;57;65;82m▀[38;2;57;65;82;48;2;189;189;222m▀[38;2;189;189;222m▀▀▀[38;2;57;65;82m▀▀[38;2;222;180;98;48;2;57;65;82m▀[38;2;255;222;106m▀[38;2;222;180;98;48;2;255;222;106m▀[48;2;222;180;98m▀▀[38;2;16;16;16;48;2;16;16;16m▀[38;2;139;139;189;48;2;139;139;189m▀▀[38;2;189;189;222;48;2;189;189;222m▀▀[38;2;115;115;172;48;2;115;115;172m▀▀[38;2;90;90;139;48;2;90;90;139m▀[38;2;16;16;16;48;2;16;16;16m▀[38;2;90;90;139;48;2;90;90;139m▀▀[38;2;57;65;82m▀[38;2;16;16;16;48;2;16;16;16m▀[38;2;57;65;82;48;2;57;65;82m▀[38;2;16;16;16m▀[38;2;222;180;98;48;2;16;16;16m▀[38;2;255;222;106;48;2;255;222;106m▀[38;2;16;16;16m▀[38;2;90;90;139;48;2;16;16;16m▀[48;2;90;90;139m▀▀▀▀▀▀▀▀▀▀[48;2;16;16;16m▀[38;2;16;16;16;49m▀[0m
[38;2;90;90;139;48;2;90;90;139m▀[38;2;139;139;189;48;2;189;189;222m▀[38;2;189;189;222m▀[38;2;139;139;189;48;2;139;139;189m▀[48;2;16;16;16m▀▀▀[38;2;16;16;16;48;2;57;65;82m▀[48;2;16;16;16m▀[49m▀[0m   [38;2;16;16;16;48;2;16;16;16m▀[38;2;222;180;98;48;2;222;180;98m▀[38;2;16;16;16;48;2;16;16;16m▀▀[48;2;57;65;82m▀[38;2;90;90;139m▀[38;2;222;180;98;48;2;222;180;98m▀[38;2;16;16;16m▀[38;2;57;65;82;48;2;57;65;82m▀[48;2;115;115;172m▀[38;2;115;115;172m▀[38;2;189;189;222;48;2;189;189;222m▀▀▀▀▀▀▀▀[38;2;57;65;82m▀[48;2;115;115;172m▀▀[48;2;57;65;82m▀[38;2;16;16;16;48;2;16;16;16m▀[38;2;139;139;189;48;2;139;139;189m▀▀[38;2;189;189;222;48;2;189;189;222m▀▀[38;2;115;115;172;48;2;115;115;172m▀[38;2;90;90;139;48;2;90;90;139m▀[38;2;16;16;16;48;2;16;16;16m▀[38;2;90;90;139m▀▀▀[38;2;16;16;16;48;2;57;65;82m▀[38;2;57;65;82m▀▀[38;2;16;16;16;48;2;16;16;16m▀[38;2;255;222;106;48;2;222;180;98m▀[48;2;255;222;106m▀[38;2;16;16;16;48;2;16;16;16m▀[38;2;90;90;139;48;2;90;90;139m▀▀▀▀▀▀▀▀▀[48;2;16;16;16m▀[38;2;16;16;16;49m▀[0m
[38;2;16;16;16;48;2;57;65;82m▀[38;2;189;189;222;48;2;16;16;16m▀[38;2;139;139;189m▀[38;2;16;16;16;48;2;57;65;82m▀[38;2;57;65;82m▀▀[48;2;16;16;16m▀[38;2;16;16;16;49m▀[0m      [38;2;16;16;16;48;2;16;16;16m▀[48;2;90;90;139m▀[38;2;57;65;82;48;2;139;139;189m▀[38;2;139;139;189m▀[38;2;115;115;172m▀[38;2;57;65;82;48;2;57;65;82m▀[38;2;222;180;98;48;2;222;180;98m▀[38;2;57;65;82;48;2;57;65;82m▀[38;2;115;115;172m▀[48;2;115;115;172m▀[38;2;189;189;222;48;2;139;139;189m▀[48;2;189;189;222m▀▀▀▀▀▀▀▀[38;2;115;115;172;48;2;115;115;172m▀[48;2;57;65;82m▀[38;2;57;65;82m▀[38;2;222;180;98;48;2;222;180;98m▀[38;2;16;16;16;48;2;16;16;16m▀[48;2;106;106;123m▀[38;2;139;139;189;48;2;16;16;16m▀[38;2;189;189;222;48;2;90;90;139m▀[38;2;115;115;172;48;2;115;115;172m▀[38;2;16;16;16;48;2;16;16;16m▀[38;2;139;139;189;48;2;139;139;189m▀▀▀▀[38;2;16;16;16m▀[48;2;115;115;172m▀[38;2;57;65;82;48;2;16;16;16m▀[48;2;57;65;82m▀[38;2;16;16;16;48;2;16;16;16m▀[38;2;255;222;106;48;2;222;180;98m▀[48;2;255;222;106m▀[38;2;16;16;16;48;2;16;16;16m▀[38;2;90;90;139;48;2;90;90;139m▀▀▀▀▀▀[48;2;16;16;16m▀[38;2;16;16;16;49m▀[0m
[38;2;57;65;82;48;2;57;65;82m▀[38;2;106;106;123;48;2;106;106;123m▀▀[38;2;57;65;82;48;2;57;65;82m▀▀[38;2;16;16;16;48;2;16;16;16m▀[0m     [38;2;90;90;139m▄▄[48;2;139;139;189m▀[48;2;189;189;222m▀[38;2;139;139;189m▀[48;2;139;139;189m▀▀▀[38;2;57;65;82;48;2;57;65;82m▀[38;2;222;180;98;48;2;115;115;172m▀[48;2;222;180;98m▀[38;2;57;65;82m▀[48;2;115;115;172m▀[38;2;90;90;139;48;2;57;65;82m▀[38;2;189;189;222;48;2;90;90;139m▀[48;2;115;115;172m▀▀▀▀[48;2;90;90;139m▀▀[38;2;90;90;139;48;2;139;139;189m▀[38;2;57;65;82;48;2;115;115;172m▀[38;2;115;115;172;48;2;57;65;82m▀[38;2;222;180;98;48;2;222;180;98m▀▀[38;2;16;16;16;48;2;57;65;82m▀[38;2;106;106;123;48;2;16;16;16m▀[48;2;106;106;123m▀[38;2;16;16;16m▀[48;2;57;65;82m▀[48;2;16;16;16m▀[38;2;139;139;189;48;2;139;139;189m▀▀▀▀▀▀[38;2;115;115;172;48;2;115;115;172m▀[38;2;16;16;16;48;2;16;16;16m▀[38;2;57;65;82;48;2;222;180;98m▀[38;2;222;180;98m▀[38;2;255;222;106m▀[38;2;16;16;16;48;2;16;16;16m▀[38;2;90;90;139;48;2;90;90;139m▀▀▀▀[48;2;16;16;16m▀[38;2;16;16;16;49m▀[0m
[38;2;57;65;82;48;2;16;16;16m▀[38;2;106;106;123;48;2;106;106;123m▀[38;2;57;65;82;48;2;57;65;82m▀[48;2;16;16;16m▀[38;2;16;16;16;49m▀[0m    [38;2;90;90;139m▄[48;2;139;139;189m▀[38;2;139;139;189m▀▀[38;2;189;189;222m▀▀[38;2;139;139;189m▀▀▀▀▀[38;2;57;65;82;48;2;57;65;82m▀[38;2;222;180;98;48;2;115;115;172m▀[48;2;222;180;98m▀[38;2;57;65;82m▀[38;2;115;115;172;48;2;57;65;82m▀[48;2;115;115;172m▀[38;2;139;139;189m▀[38;2;189;189;222m▀▀▀▀[38;2;139;139;189m▀[38;2;115;115;172m▀[48;2;57;65;82m▀[38;2;222;180;98;48;2;222;180;98m▀▀[48;2;57;65;82m▀[38;2;115;115;172;48;2;115;115;172m▀[38;2;16;16;16m▀[38;2;106;106;123;48;2;16;16;16m▀[48;2;106;106;123m▀[38;2;57;65;82;48;2;57;65;82m▀[38;2;16;16;16;48;2;16;16;16m▀[38;2;139;139;189;48;2;139;139;189m▀▀▀▀▀▀[38;2;115;115;172;48;2;115;115;172m▀▀[38;2;16;16;16;48;2;16;16;16m▀[38;2;222;180;98m▀▀[38;2;16;16;16;48;2;90;90;139m▀[38;2;90;90;139;48;2;16;16;16m▀▀[38;2;16;16;16;49m▀▀[0m
[38;2;16;16;16;48;2;16;16;16m▀[38;2;106;106;123;48;2;57;65;82m▀[38;2;57;65;82;48;2;16;16;16m▀[38;2;16;16;16;49m▀[0m     [38;2;90;90;139;48;2;16;16;16m▀[38;2;16;16;16;48;2;57;65;82m▀[48;2;106;106;123m▀▀[48;2;57;65;82m▀[38;2;139;139;189;48;2;16;16;16m▀[48;2;90;90;139m▀[48;2;139;139;189m▀▀[48;2;115;115;172m▀[38;2;115;115;172m▀▀[38;2;57;65;82;48;2;57;65;82m▀[38;2;115;115;172;48;2;115;115;172m▀[38;2;222;180;98;48;2;57;65;82m▀[48;2;222;180;98m▀[38;2;115;115;172m▀[48;2;57;65;82m▀[48;2;115;115;172m▀▀▀▀[48;2;57;65;82m▀[38;2;57;65;82;48;2;222;180;98m▀[38;2;222;180;98m▀▀[48;2;57;65;82m▀[38;2;115;115;172;48;2;115;115;172m▀▀[48;2;16;16;16m▀[38;2;16;16;16m▀[38;2;106;106;123;48;2;106;106;123m▀[38;2;57;65;82;48;2;16;16;16m▀[38;2;16;16;16;48;2;139;139;189m▀[38;2;139;139;189;48;2;16;16;16m▀▀▀▀[48;2;115;115;172m▀[38;2;115;115;172m▀▀▀[38;2;16;16;16m▀[38;2;90;90;139;48;2;16;16;16m▀[38;2;16;16;16;49m▀▀[0m
[0m [38;2;16;16;16m▀[0m       [38;2;16;16;16;48;2;16;16;16m▀[38;2;106;106;123;48;2;57;65;82m▀[48;2;106;106;123m▀▀[48;2;57;65;82m▀[38;2;57;65;82m▀[38;2;16;16;16;48;2;16;16;16m▀[38;2;115;115;172;48;2;90;90;139m▀[48;2;115;115;172m▀▀▀▀▀[38;2;57;65;82m▀[38;2;115;115;172;48;2;16;16;16m▀[38;2;57;65;82;48;2;115;115;172m▀[38;2;222;180;98;48;2;90;90;139m▀[48;2;222;180;98m▀[38;2;57;65;82m▀▀▀▀[38;2;222;180;98m▀▀[48;2;57;65;82m▀[38;2;57;65;82;48;2;115;115;172m▀[38;2;115;115;172m▀▀▀[38;2;16;16;16;48;2;16;16;16m▀[48;2;115;115;172m▀[38;2;106;106;123;48;2;16;16;16m▀[38;2;16;16;16m▀[48;2;106;106;123m▀[38;2;106;106;123m▀▀▀[38;2;57;65;82m▀[38;2;16;16;16;48;2;57;65;82m▀[38;2;57;65;82;48;2;16;16;16m▀[38;2;115;115;172;48;2;57;65;82m▀[48;2;115;115;172m▀▀[38;2;16;16;16;48;2;16;16;16m▀[0m
[0m          [38;2;16;16;16m▀[38;2;57;65;82;48;2;16;16;16m▀▀▀[38;2;16;16;16;48;2;90;90;139m▀[38;2;90;90;139;48;2;115;115;172m▀[38;2;16;16;16m▀[38;2;115;115;172;48;2;16;16;16m▀▀[48;2;115;115;172m▀▀▀▀[48;2;90;90;139m▀[38;2;16;16;16;48;2;16;16;16m▀[49m▀[38;2;57;65;82;48;2;16;16;16m▀[38;2;222;180;98m▀▀[48;2;57;65;82m▀▀[48;2;90;90;139m▀[38;2;57;65;82m▀[38;2;115;115;172m▀▀▀[38;2;90;90;139m▀[48;2;57;65;82m▀[38;2;16;16;16;48;2;16;16;16m▀[38;2;115;115;172;48;2;90;90;139m▀[48;2;57;65;82m▀[38;2;16;16;16;48;2;16;16;16m▀[38;2;57;65;82;48;2;57;65;82m▀[38;2;106;106;123m▀▀▀[38;2;57;65;82m▀▀[38;2;16;16;16;48;2;16;16;16m▀[38;2;57;65;82;48;2;90;90;139m▀[38;2;115;115;172;48;2;57;65;82m▀[48;2;115;115;172m▀▀[38;2;16;16;16;48;2;16;16;16m▀[0m
[0m           [38;2;57;65;82m▄[48;2;115;115;172m▀[38;2;115;115;172m▀[38;2;139;139;189;48;2;139;139;189m▀▀▀[38;2;115;115;172m▀[48;2;115;115;172m▀[38;2;16;16;16m▀▀▀[48;2;16;16;16m▀[49m▀[0m     [38;2;16;16;16m▀▀▀▀▀▀▀[38;2;57;65;82m▀[0m  [38;2;16;16;16;48;2;16;16;16m▀[38;2;57;65;82;48;2;57;65;82m▀[38;2;90;90;139;48;2;90;90;139m▀[38;2;16;16;16;48;2;115;115;172m▀[38;2;57;65;82;48;2;16;16;16m▀▀▀▀[38;2;16;16;16;48;2;90;90;139m▀[38;2;90;90;139m▀▀[38;2;16;16;16m▀[38;2;90;90;139;48;2;16;16;16m▀[38;2;115;115;172;48;2;90;90;139m▀[38;2;16;16;16;48;2;16;16;16m▀[0m
[0m         [38;2;16;16;16m▄[48;2;255;255;255m▀▀[38;2;115;115;172;48;2;90;90;139m▀[38;2;139;139;189;48;2;115;115;172m▀[48;2;139;139;189m▀▀[48;2;115;115;172m▀[48;2;90;90;139m▀▀[38;2;115;115;172;48;2;115;115;172m▀▀▀▀[38;2;16;16;16;48;2;16;16;16m▀[0m                [38;2;16;16;16;48;2;16;16;16m▀[38;2;115;115;172;48;2;115;115;172m▀[48;2;139;139;189m▀▀▀▀▀[48;2;115;115;172m▀[38;2;90;90;139m▀[48;2;90;90;139m▀▀[38;2;16;16;16;48;2;16;16;16m▀[49m▀[0m
[0m        [38;2;57;65;82m▀[38;2;255;255;255;48;2;16;16;16m▀[38;2;222;222;222m▀[38;2;180;180;189m▀[38;2;16;16;16;49m▀▀▀[38;2;90;90;139;48;2;16;16;16m▀[38;2;57;65;82;48;2;255;255;255m▀[38;2;255;255;255;48;2;222;222;222m▀[48;2;180;180;189m▀[38;2;57;65;82;48;2;16;16;16m▀[38;2;90;90;139m▀[38;2;16;16;16;49m▀▀[0m                [38;2;16;16;16;48;2;16;16;16m▀[38;2;115;115;172;48;2;57;65;82m▀[38;2;139;139;189;48;2;16;16;16m▀▀[48;2;115;115;172m▀[48;2;139;139;189m▀▀▀[48;2;16;16;16m▀▀[38;2;115;115;172m▀[38;2;90;90;139;48;2;90;90;139m▀▀[38;2;16;16;16;48;2;16;16;16m▀[0m
[0m                [38;2;16;16;16m▀▀▀[0m                    [38;2;16;16;16;48;2;16;16;16m▀[38;2;106;106;123;48;2;255;255;255m▀[38;2;255;255;255m▀[38;2;106;106;123;48;2;222;222;222m▀[38;2;16;16;16;48;2;16;16;16m▀[38;2;115;115;172m▀▀[38;2;16;16;16m▀[38;2;222;222;222;48;2;255;255;255m▀[38;2;255;255;255m▀[38;2;106;106;123m▀[38;2;16;16;16;48;2;16;16;16m▀[38;2;90;90;139m▀[38;2;16;16;16;49m▀[0m
[0m                                        [38;2;16;16;16m▀[38;2;106;106;123m▀[38;2;16;16;16m▀[0m    [38;2;16;16;16m▀[38;2;106;106;123m▀[38;2;16;16;16m▀[0m
