[0m          [38;2;82;82;115m▄[48;2;131;164;197m▀[48;2;180;205;255m▀[38;2;0;0;0;49m▄[0m
[0m          [38;2;82;82;115;48;2;82;82;115m▀[38;2;180;205;255;48;2;180;205;255m▀[38;2;131;164;197;48;2;131;164;197m▀[38;2;0;0;0m▀[49m▄▄[38;2;82;82;115m▄▄[48;2;180;205;255m▀▀[38;2;0;0;0;48;2;0;0;0m▀[0m
[0m          [38;2;82;82;115;48;2;82;82;115m▀[38;2;180;205;255;48;2;180;205;255m▀[38;2;131;164;197;48;2;131;164;197m▀▀▀▀▀▀[38;2;180;205;255m▀[38;2;131;164;197m▀[38;2;0;0;0;48;2;0;0;0m▀[0m
[0m          [38;2;82;82;115;48;2;82;82;115m▀[38;2;180;205;255;48;2;180;205;255m▀[38;2;131;164;197;48;2;131;164;197m▀[48;2;82;82;115m▀[38;2;0;0;0;49m▀▀[38;2;82;82;115;48;2;82;82;115m▀[38;2;131;164;197;48;2;131;164;197m▀▀[38;2;82;82;115;48;2;0;0;0m▀[38;2;0;0;0;49m▀[0m
[0m          [38;2;82;82;115m▀[38;2;131;164;197;48;2;82;82;115m▀[48;2;131;164;197m▀[38;2;0;0;0;48;2;0;0;0m▀[0m  [38;2;82;82;115;48;2;82;82;115m▀[38;2;131;164;197;48;2;131;164;197m▀[48;2;82;82;115m▀[38;2;0;0;0;48;2;0;0;0m▀[0m
[0m           [38;2;82;82;115;48;2;82;82;115m▀[38;2;131;164;197;48;2;131;164;197m▀[38;2;0;0;0;48;2;0;0;0m▀[0m [38;2;82;82;115m▄[48;2;131;164;197m▀[38;2;131;164;197m▀[38;2;0;0;0;48;2;0;0;0m▀[0m
[0m           [38;2;82;82;115;48;2;0;0;0m▀[38;2;131;164;197;48;2;131;164;197m▀[38;2;0;0;0m▀[49m▄[38;2;82;82;115;48;2;131;164;197m▀[38;2;131;164;197m▀[38;2;82;82;115;48;2;0;0;0m▀[38;2;0;0;0;49m▀[0m
[0m         [38;2;98;82;74m▄▄[48;2;238;238;164m▀▀[48;2;172;156;106m▀▀[48;2;213;205;131m▀▀▀[38;2;0;0;0;48;2;98;82;74m▀[38;2;98;82;74;49m▄[0m         [38;2;0;0;0m▄[48;2;180;205;255m▀▀[48;2;0;0;0m▀[0m
[0m      [38;2;98;82;74m▄[48;2;172;156;106m▀▀[38;2;213;205;131;48;2;238;238;164m▀[38;2;238;238;164;48;2;213;205;131m▀[38;2;172;156;106;48;2;172;156;106m▀▀[38;2;213;205;131m▀[48;2;213;205;131m▀[38;2;172;156;106m▀[38;2;213;205;131;48;2;172;156;106m▀[48;2;213;205;131m▀▀▀[38;2;98;82;74m▀[49m▄[0m     [38;2;0;0;0m▄[48;2;131;164;197m▀[38;2;131;164;197;48;2;180;205;255m▀[48;2;82;82;115m▀[38;2;0;0;0;48;2;131;164;197m▀[49m▄[0m
[0m     [38;2;98;82;74;48;2;98;82;74m▀[38;2;172;156;106;48;2;172;156;106m▀▀[48;2;148;123;98m▀[38;2;148;123;98m▀[38;2;213;205;131;48;2;213;205;131m▀▀[38;2;172;156;106m▀▀[38;2;213;205;131m▀▀[38;2;148;123;98m▀[38;2;213;205;131;48;2;148;123;98m▀[48;2;213;205;131m▀[48;2;172;156;106m▀[48;2;148;123;98m▀[48;2;213;205;131m▀[38;2;98;82;74m▀[49m▄[0m  [38;2;0;0;0m▄[48;2;180;205;255m▀[38;2;180;205;255;48;2;82;82;115m▀[38;2;82;82;115;48;2;131;164;197m▀[38;2;131;164;197m▀▀[38;2;0;0;0m▀[49m▄[0m
[0m    [38;2;98;82;74;48;2;98;82;74m▀[38;2;213;205;131;48;2;238;238;164m▀[38;2;238;238;164m▀[38;2;148;123;98;48;2;213;205;131m▀▀[38;2;213;205;131m▀▀▀[48;2;172;156;106m▀[48;2;0;0;0m▀▀[48;2;98;82;74m▀[48;2;213;205;131m▀[38;2;148;123;98m▀[38;2;213;205;131;48;2;148;123;98m▀[38;2;148;123;98;48;2;213;205;131m▀[48;2;148;123;98m▀▀[38;2;213;205;131;48;2;213;205;131m▀[38;2;98;82;74m▀[49m▄[38;2;82;82;115;48;2;0;0;0m▀[48;2;180;205;255m▀[38;2;180;205;255;48;2;82;82;115m▀[38;2;82;82;115;48;2;131;164;197m▀[38;2;131;164;197m▀▀[48;2;82;82;115m▀[48;2;0;0;0m▀[38;2;0;0;0;49m▀[0m
[0m   [38;2;98;82;74;48;2;98;82;74m▀[38;2;238;238;164;48;2;238;238;164m▀▀▀[38;2;213;205;131;48;2;213;205;131m▀▀▀▀[38;2;172;156;106;48;2;0;0;0m▀[38;2;0;0;0m▀[48;2;230;222;230m▀[48;2;255;255;255m▀[48;2;0;0;0m▀[38;2;172;156;106m▀[38;2;213;205;131;48;2;213;205;131m▀[38;2;148;123;98;48;2;148;123;98m▀[38;2;213;205;131;48;2;213;205;131m▀▀▀▀▀[38;2;98;82;74m▀[38;2;82;82;115;48;2;98;82;74m▀[38;2;131;164;197;48;2;82;82;115m▀[38;2;82;82;115;48;2;131;164;197m▀[38;2;131;164;197m▀▀▀▀▀[38;2;82;82;115;48;2;0;0;0m▀[0m
[0m   [38;2;0;0;0;48;2;0;0;0m▀[38;2;238;238;164;48;2;213;205;131m▀[48;2;238;238;164m▀[38;2;213;205;131;48;2;213;205;131m▀▀▀▀[38;2;172;156;106;48;2;172;156;106m▀[38;2;0;0;0;48;2;0;0;0m▀[38;2;230;222;230;48;2;255;255;255m▀[38;2;255;255;255m▀▀[38;2;230;222;230m▀[38;2;0;0;0;48;2;0;0;0m▀[38;2;213;205;131;48;2;213;205;131m▀▀[38;2;148;123;98;48;2;148;123;98m▀[38;2;213;205;131;48;2;213;205;131m▀[48;2;148;123;98m▀[38;2;148;123;98m▀[38;2;172;156;106m▀[38;2;213;205;131;48;2;213;205;131m▀[38;2;98;82;74;48;2;98;82;74m▀[38;2;82;82;115;48;2;131;164;197m▀[38;2;131;164;197m▀▀▀▀[48;2;82;82;115m▀[48;2;0;0;0m▀[38;2;0;0;0;49m▀[0m
[0m   [38;2;0;0;0;48;2;0;0;0m▀[38;2;213;205;131;48;2;213;205;131m▀[38;2;238;238;164;48;2;238;238;164m▀[38;2;213;205;131;48;2;213;205;131m▀▀▀▀[38;2;172;156;106;48;2;172;156;106m▀[38;2;0;0;0;48;2;0;0;0m▀[38;2;255;255;255;48;2;255;255;255m▀[38;2;0;0;0m▀[38;2;255;255;255m▀▀[38;2;0;0;0;48;2;0;0;0m▀[38;2;213;205;131;48;2;213;205;131m▀▀[38;2;148;123;98;48;2;148;123;98m▀[38;2;213;205;131;48;2;213;205;131m▀[38;2;148;123;98m▀[48;2;148;123;98m▀[48;2;172;156;106m▀[38;2;213;205;131;48;2;213;205;131m▀▀[38;2;98;82;74;48;2;98;82;74m▀[38;2;131;164;197;48;2;131;164;197m▀▀[38;2;82;82;115m▀▀[49m▄▄[0m
[0m  [38;2;98;82;74m▄[48;2;148;123;98m▀[38;2;213;205;131;48;2;213;205;131m▀[38;2;238;238;164;48;2;238;238;164m▀[38;2;213;205;131;48;2;213;205;131m▀[48;2;172;156;106m▀[38;2;172;156;106;48;2;148;123;98m▀[38;2;213;205;131;48;2;213;205;131m▀[38;2;172;156;106;48;2;172;156;106m▀[38;2;0;0;0;48;2;0;0;0m▀[38;2;230;222;230m▀[38;2;255;255;255;48;2;230;222;230m▀[48;2;255;255;255m▀[38;2;230;222;230;48;2;0;0;0m▀[38;2;0;0;0m▀[38;2;213;205;131;48;2;213;205;131m▀▀[38;2;148;123;98;48;2;148;123;98m▀[38;2;213;205;131;48;2;213;205;131m▀▀▀▀▀▀[38;2;98;82;74;48;2;0;0;0m▀[38;2;131;164;197;48;2;131;164;197m▀▀▀[48;2;180;205;255m▀▀[38;2;180;205;255m▀[38;2;0;0;0;48;2;0;0;0m▀[0m
[0m  [38;2;98;82;74;48;2;0;0;0m▀[38;2;148;123;98;48;2;148;123;98m▀[38;2;172;156;106;48;2;98;82;74m▀[38;2;238;238;164m▀[38;2;213;205;131m▀[38;2;148;123;98m▀▀[38;2;213;205;131m▀[48;2;213;205;131m▀[38;2;0;0;0m▀[48;2;0;0;0m▀▀▀▀[48;2;98;82;74m▀[38;2;213;205;131;48;2;213;205;131m▀[48;2;148;123;98m▀[38;2;148;123;98;48;2;213;205;131m▀[38;2;213;205;131m▀[38;2;172;156;106;48;2;148;123;98m▀[38;2;148;123;98m▀[38;2;172;156;106m▀[38;2;213;205;131;48;2;213;205;131m▀[48;2;0;0;0m▀[38;2;0;0;0;48;2;131;164;197m▀[38;2;131;164;197;48;2;180;205;255m▀[38;2;180;205;255m▀[38;2;82;82;115m▀▀[38;2;180;205;255;48;2;0;0;0m▀▀[38;2;0;0;0;49m▀[0m
[0m  [38;2;0;0;0;48;2;0;0;0m▀[38;2;98;82;74m▀[38;2;255;123;131m▀▀▀▀[38;2;205;82;115m▀▀[38;2;0;0;0;48;2;205;82;115m▀[38;2;213;205;131;48;2;0;0;0m▀[48;2;213;205;131m▀[38;2;98;82;74m▀▀[48;2;172;156;106m▀[38;2;213;205;131m▀[48;2;98;82;74m▀[38;2;98;82;74;48;2;148;123;98m▀[38;2;213;205;131;48;2;172;156;106m▀▀[48;2;213;205;131m▀[38;2;148;123;98m▀▀[38;2;213;205;131;48;2;0;0;0m▀[38;2;0;0;0;48;2;82;82;115m▀[38;2;131;164;197;48;2;131;164;197m▀▀[38;2;180;205;255m▀[48;2;180;205;255m▀▀▀▀[38;2;0;0;0;48;2;0;0;0m▀[0m
[0m   [38;2;0;0;0m▀[38;2;205;82;115;48;2;0;0;0m▀[38;2;255;123;131m▀▀[38;2;205;82;115m▀▀▀[38;2;0;0;0;48;2;205;82;115m▀[38;2;205;82;115m▀[38;2;0;0;0;48;2;0;0;0m▀[38;2;172;156;106;48;2;148;123;98m▀[38;2;148;123;98m▀[48;2;98;82;74m▀[38;2;98;82;74;48;2;148;123;98m▀[38;2;148;123;98m▀▀▀▀▀[38;2;172;156;106m▀▀[38;2;0;0;0;48;2;0;0;0m▀[38;2;131;164;197;48;2;131;164;197m▀[38;2;82;82;115;48;2;82;82;115m▀[38;2;180;205;255;48;2;131;164;197m▀[38;2;131;164;197;48;2;180;205;255m▀[38;2;82;82;115;48;2;131;164;197m▀[38;2;131;164;197;48;2;0;0;0m▀[38;2;180;205;255;48;2;82;82;115m▀[48;2;0;0;0m▀[38;2;0;0;0;49m▀[0m
[0m   [38;2;82;82;115m▄[38;2;0;0;0;48;2;131;164;197m▀[38;2;98;82;74;48;2;98;82;74m▀[38;2;148;123;98;48;2;0;0;0m▀[48;2;148;123;98m▀▀▀[38;2;0;0;0m▀▀[38;2;148;123;98m▀▀[48;2;98;82;74m▀[38;2;98;82;74;48;2;148;123;98m▀[38;2;148;123;98m▀▀[48;2;131;164;197m▀[38;2;0;0;0m▀[38;2;148;123;98;48;2;0;0;0m▀▀[48;2;148;123;98m▀[38;2;0;0;0;48;2;0;0;0m▀[0m [38;2;0;0;0;48;2;0;0;0m▀[38;2;131;164;197;48;2;131;164;197m▀[38;2;82;82;115;48;2;82;82;115m▀[38;2;180;205;255;48;2;180;205;255m▀▀▀[38;2;0;0;0m▀[49m▄[0m
[0m [38;2;82;82;115m▄[48;2;180;205;255m▀[38;2;131;164;197;48;2;131;164;197m▀▀[48;2;82;82;115m▀[38;2;82;82;115m▀[38;2;0;0;0m▀[38;2;148;123;98;48;2;0;0;0m▀▀[48;2;148;123;98m▀▀▀[48;2;98;82;74m▀[38;2;98;82;74;48;2;148;123;98m▀[38;2;148;123;98m▀[38;2;82;82;115m▀[38;2;131;164;197;48;2;82;82;115m▀[48;2;131;164;197m▀[48;2;82;82;115m▀[48;2;131;164;197m▀▀[38;2;0;0;0m▀[38;2;82;82;115;49m▄▄[0m [38;2;0;0;0;48;2;82;82;115m▀[38;2;131;164;197m▀[38;2;82;82;115;48;2;131;164;197m▀[38;2;180;205;255;48;2;0;0;0m▀[48;2;180;205;255m▀[48;2;0;0;0m▀[38;2;0;0;0;49m▀[0m
[38;2;82;82;115;48;2;0;0;0m▀[38;2;180;205;255;48;2;180;205;255m▀[38;2;131;164;197;48;2;131;164;197m▀[48;2;0;0;0m▀[38;2;0;0;0;48;2;82;82;115m▀[38;2;82;82;115m▀[48;2;0;0;0m▀[38;2;0;0;0;49m▀[0m  [38;2;0;0;0m▀▀[38;2;98;82;74;48;2;0;0;0m▀[38;2;148;123;98m▀▀▀▀[38;2;0;0;0;49m▀[38;2;131;164;197;48;2;0;0;0m▀[48;2;131;164;197m▀[38;2;82;82;115m▀[38;2;131;164;197;48;2;82;82;115m▀[48;2;180;205;255m▀[38;2;180;205;255m▀[38;2;131;164;197m▀[38;2;82;82;115m▀[49m▄[38;2;0;0;0m▀[38;2;131;164;197;48;2;0;0;0m▀[48;2;131;164;197m▀[38;2;0;0;0m▀[38;2;82;82;115;48;2;0;0;0m▀[0m
[38;2;0;0;0;49m▀[38;2;131;164;197;48;2;0;0;0m▀[38;2;82;82;115m▀[38;2;0;0;0;49m▀▀▀[0m            [38;2;0;0;0m▀[38;2;131;164;197;48;2;0;0;0m▀[48;2;180;205;255m▀[38;2;180;205;255m▀[38;2;82;82;115m▀[38;2;180;205;255;48;2;82;82;115m▀[48;2;131;164;197m▀[48;2;0;0;0m▀[38;2;0;0;0;49m▀[0m  [38;2;0;0;0m▀▀▀[0m
[0m                    [38;2;0;0;0;48;2;82;82;115m▀[38;2;180;205;255m▀[38;2;131;164;197;48;2;0;0;0m▀[38;2;0;0;0;49m▀▀[0m
