[0m             [38;2;180;57;82m▄[38;2;230;82;98m▄[38;2;180;57;82;48;2;230;82;98m▀[38;2;230;82;98;48;2;49;49;49m▀▀▀▀[38;2;180;57;82;49m▄▄[0m
[0m           [38;2;180;57;82m▄[48;2;230;82;98m▀[38;2;230;82;98;48;2;49;49;49m▀[38;2;49;49;49;49m▀▀[0m    [38;2;49;49;49m▀▀[38;2;180;57;82;48;2;49;49;49m▀[49m▄[0m                   [38;2;230;82;98m▄▄[48;2;49;49;49m▀▀▀[38;2;180;57;82m▀[48;2;230;82;98m▀[49m▄▄[0m
[0m          [38;2;180;57;82m▄[48;2;230;82;98m▀[38;2;230;82;98;48;2;49;49;49m▀[38;2;49;49;49;49m▀[0m          [38;2;180;57;82m▀[0m    [38;2;123;81;81m▄[48;2;255;230;180m▀▀[38;2;49;49;49;49m▄[0m         [38;2;230;82;98;48;2;49;49;49m▀[38;2;49;49;49;49m▀▀[0m    [38;2;49;49;49m▀▀[38;2;230;82;98;48;2;49;49;49m▀[38;2;180;57;82;48;2;230;82;98m▀[49m▄[0m
[0m          [38;2;180;57;82;48;2;180;57;82m▀[38;2;230;82;98;48;2;230;82;98m▀[38;2;49;49;49;48;2;49;49;49m▀[0m                [38;2;123;81;81;48;2;123;81;81m▀[38;2;255;230;180;48;2;255;230;180m▀▀[38;2;49;49;49;48;2;49;49;49m▀[0m                  [38;2;49;49;49;48;2;49;49;49m▀[38;2;230;82;98;48;2;230;82;98m▀[38;2;49;49;49;48;2;49;49;49m▀[0m
[0m          [38;2;180;57;82;48;2;180;57;82m▀[38;2;230;82;98;48;2;230;82;98m▀[38;2;49;49;49;48;2;49;49;49m▀[0m               [38;2;123;81;81;48;2;123;81;81m▀[38;2;255;230;180;48;2;255;230;180m▀▀▀[38;2;49;49;49;48;2;49;49;49m▀[0m                 [38;2;49;49;49m▄[48;2;230;82;98m▀[38;2;230;82;98;48;2;49;49;49m▀[38;2;49;49;49;49m▀[0m
[0m          [38;2;180;57;82;48;2;180;57;82m▀[38;2;230;82;98;48;2;230;82;98m▀[38;2;49;49;49;48;2;49;49;49m▀[0m              [38;2;123;81;81;48;2;123;81;81m▀[38;2;255;230;180;48;2;255;230;180m▀▀▀[38;2;222;189;139;48;2;222;189;139m▀[38;2;49;49;49;48;2;49;49;49m▀[0m                [38;2;49;49;49m▄[48;2;230;82;98m▀[38;2;230;82;98;48;2;49;49;49m▀[38;2;49;49;49;49m▀[0m
[0m           [38;2;180;57;82;48;2;180;57;82m▀[38;2;230;82;98;48;2;230;82;98m▀[38;2;49;49;49;48;2;49;49;49m▀[0m            [38;2;123;81;81;48;2;123;81;81m▀[38;2;255;230;180;48;2;255;230;180m▀▀▀▀[38;2;222;189;139;48;2;222;189;139m▀[38;2;49;49;49;48;2;49;49;49m▀[0m             [38;2;180;57;82m▄▄[48;2;230;82;98m▀[38;2;230;82;98;48;2;49;49;49m▀[38;2;49;49;49;49m▀[0m         [38;2;49;49;49m▄[38;2;0;0;0;48;2;57;172;213m▀[49m▄[0m
[0m           [38;2;180;57;82m▀[38;2;230;82;98;48;2;180;57;82m▀[38;2;49;49;49;48;2;230;82;98m▀[49m▄[0m         [38;2;123;81;81m▄[48;2;255;230;180m▀[38;2;255;230;180m▀▀▀▀[38;2;222;189;139;48;2;222;189;139m▀▀[38;2;49;49;49;48;2;49;49;49m▀[0m          [38;2;180;57;82m▄▄[48;2;230;82;98m▀[38;2;230;82;98;48;2;49;49;49m▀▀[38;2;49;49;49;49m▀[0m          [38;2;49;49;49m▄[48;2;57;172;213m▀[38;2;57;172;213m▀[38;2;0;0;0m▀[49m▄[0m         [38;2;49;49;49m▄▄[38;2;0;0;0m▄[0m
[0m            [38;2;180;57;82m▀[38;2;230;82;98;48;2;180;57;82m▀[38;2;49;49;49;48;2;230;82;98m▀[49m▄[0m      [38;2;98;41;41m▄[38;2;123;81;81;48;2;255;230;180m▀[38;2;255;230;180;48;2;255;255;230m▀▀[48;2;255;230;180m▀▀▀[48;2;222;189;139m▀[38;2;222;189;139m▀▀[38;2;49;49;49;48;2;123;81;81m▀[0m        [38;2;180;57;82m▄[48;2;230;82;98m▀[38;2;230;82;98;48;2;49;49;49m▀▀[38;2;49;49;49;49m▀[0m             [38;2;49;49;49;48;2;49;49;49m▀[38;2;57;172;213;48;2;57;172;213m▀▀▀[38;2;0;0;0;48;2;0;0;0m▀[0m      [38;2;49;49;49m▄[48;2;57;172;213m▀▀[38;2;57;172;213m▀▀[38;2;0;0;0;48;2;0;0;0m▀[0m
[0m             [38;2;180;57;82m▀[38;2;230;82;98;48;2;180;57;82m▀[38;2;49;49;49;48;2;230;82;98m▀[49m▄[0m    [38;2;180;57;82m▄[38;2;98;41;41;48;2;255;255;230m▀[38;2;255;255;230m▀▀▀▀[38;2;255;230;180;48;2;255;230;180m▀[48;2;222;189;139m▀[38;2;222;189;139m▀[48;2;180;57;82m▀▀[48;2;123;81;81m▀[38;2;123;81;81m▀[0m   [38;2;180;57;82m▄▄[48;2;230;82;98m▀▀[38;2;230;82;98;48;2;49;49;49m▀[38;2;49;49;49;49m▀[0m               [38;2;49;49;49;48;2;49;49;49m▀[38;2;57;172;213;48;2;57;172;213m▀▀▀▀[38;2;0;0;0m▀[49m▄[0m  [38;2;49;49;49m▄[48;2;57;172;213m▀▀[38;2;57;172;213m▀▀▀▀[38;2;0;0;0;48;2;0;0;0m▀[0m
[0m               [38;2;180;57;82;48;2;180;57;82m▀[38;2;230;82;98;48;2;230;82;98m▀[38;2;49;49;49m▀[49m▄[38;2;180;57;82m▄[48;2;238;106;123m▀[38;2;238;106;123m▀[38;2;255;230;180;48;2;255;230;180m▀[38;2;255;255;230m▀▀▀[38;2;255;230;180m▀[48;2;180;57;82m▀[38;2;180;57;82;48;2;238;106;123m▀▀[38;2;238;106;123m▀▀[38;2;180;57;82m▀▀[38;2;123;81;81;48;2;49;49;49m▀[38;2;49;49;49;49m▄[38;2;180;57;82;48;2;230;82;98m▀[38;2;230;82;98;48;2;0;0;0m▀[48;2;49;49;49m▀[38;2;49;49;49;49m▀▀[0m                 [38;2;49;49;49;48;2;49;49;49m▀[38;2;57;172;213;48;2;57;172;213m▀[48;2;230;82;98m▀[38;2;230;82;98m▀[38;2;57;172;213;48;2;57;172;213m▀▀[38;2;0;0;0;48;2;0;0;0m▀[38;2;49;49;49;49m▄[48;2;57;172;213m▀[38;2;57;172;213m▀▀▀▀▀▀[48;2;0;0;0m▀[38;2;0;0;0;49m▀[0m
[0m                [38;2;180;57;82m▀[38;2;222;189;139;48;2;180;57;82m▀[48;2;255;230;180m▀[38;2;49;49;49m▀[38;2;238;106;123;48;2;123;81;81m▀[48;2;238;106;123m▀[38;2;255;230;180;48;2;255;230;180m▀▀▀▀[38;2;180;57;82;48;2;180;57;82m▀[38;2;238;106;123;48;2;238;106;123m▀▀[48;2;49;49;49m▀▀[38;2;49;49;49;48;2;230;82;98m▀▀▀[38;2;230;82;98;48;2;0;0;0m▀▀[38;2;0;0;0;49m▀[0m                    [38;2;49;49;49m▄[48;2;57;172;213m▀[38;2;57;172;213;48;2;230;82;98m▀[38;2;230;82;98m▀▀[38;2;57;172;213m▀[48;2;57;172;213m▀[38;2;0;0;0;48;2;0;0;0m▀[38;2;57;172;213;48;2;57;172;213m▀▀[48;2;230;82;98m▀▀[38;2;230;82;98m▀[38;2;57;172;213;48;2;57;172;213m▀▀[48;2;0;0;0m▀[38;2;0;0;0;49m▀[0m [38;2;49;49;49m▄▄▄[48;2;57;172;213m▀▀▀[38;2;0;0;0;48;2;0;0;0m▀[0m
[0m                 [38;2;180;57;82m▀[38;2;255;230;180;48;2;123;81;81m▀[48;2;255;230;180m▀▀[38;2;238;106;123m▀[38;2;255;230;180m▀▀▀[38;2;180;57;82;48;2;123;81;81m▀[38;2;238;106;123m▀[38;2;49;49;49;48;2;255;230;180m▀▀[38;2;222;189;139m▀[48;2;49;49;49m▀[48;2;0;0;0m▀[38;2;0;0;0;48;2;123;81;81m▀[48;2;180;57;82m▀[38;2;180;57;82m▀[38;2;98;41;41;48;2;98;41;41m▀[0m                     [38;2;49;49;49;48;2;49;49;49m▀[38;2;57;172;213;48;2;57;172;213m▀[38;2;230;82;98;48;2;230;82;98m▀▀▀▀[38;2;57;172;213;48;2;57;172;213m▀[38;2;0;0;0;48;2;0;0;0m▀[38;2;57;172;213;48;2;230;82;98m▀[38;2;230;82;98m▀▀▀[48;2;57;172;213m▀[38;2;57;172;213m▀[48;2;0;0;0m▀[38;2;0;0;0;48;2;49;49;49m▀[38;2;49;49;49;48;2;57;172;213m▀▀[38;2;57;172;213m▀▀▀▀▀[48;2;0;0;0m▀[38;2;0;0;0;49m▀[0m
[0m                  [38;2;123;81;81m▀[38;2;222;189;139;48;2;123;81;81m▀[38;2;255;230;180;48;2;255;230;180m▀▀▀▀▀▀[48;2;222;189;139m▀[48;2;0;0;0m▀[38;2;0;0;0;48;2;255;255;230m▀[48;2;0;0;0m▀[38;2;49;49;49;48;2;49;49;49m▀[38;2;222;189;139;48;2;222;189;139m▀[38;2;98;41;41;48;2;123;81;81m▀[38;2;180;57;82;48;2;180;57;82m▀▀[38;2;0;0;0;48;2;0;0;0m▀[0m                     [38;2;49;49;49;48;2;49;49;49m▀[38;2;57;172;213;48;2;8;123;156m▀[38;2;230;82;98;48;2;230;82;98m▀▀▀[38;2;57;172;213;48;2;57;172;213m▀[48;2;0;0;0m▀[38;2;0;0;0;48;2;180;57;82m▀[38;2;230;82;98;48;2;230;82;98m▀▀▀[48;2;57;172;213m▀[38;2;57;172;213m▀[48;2;0;0;0m▀[38;2;0;0;0;48;2;57;172;213m▀[38;2;57;172;213m▀▀▀▀▀▀▀[48;2;0;0;0m▀[38;2;0;0;0;49m▀[0m
[0m                   [38;2;123;81;81;48;2;123;81;81m▀[38;2;255;230;180;48;2;255;230;180m▀▀▀▀▀[48;2;49;49;49m▀[38;2;0;0;0m▀[48;2;238;106;123m▀▀[48;2;180;57;82m▀[38;2;180;57;82;48;2;49;49;49m▀[38;2;222;189;139;48;2;222;189;139m▀[38;2;98;41;41;48;2;98;41;41m▀[38;2;180;57;82;48;2;180;57;82m▀▀[38;2;0;0;0;48;2;0;0;0m▀[0m                     [38;2;49;49;49;48;2;49;49;49m▀[38;2;8;123;156;48;2;8;123;156m▀▀[38;2;180;57;82;48;2;180;57;82m▀[48;2;8;123;156m▀[38;2;57;172;213m▀[38;2;0;0;0;48;2;0;0;0m▀[38;2;180;57;82;48;2;180;57;82m▀[38;2;230;82;98m▀[48;2;230;82;98m▀[48;2;57;172;213m▀[38;2;57;172;213;48;2;8;123;156m▀[38;2;0;0;0;48;2;0;0;0m▀[38;2;8;123;156;48;2;8;123;156m▀[38;2;57;172;213;48;2;230;82;98m▀▀[38;2;230;82;98m▀▀▀[38;2;57;172;213;48;2;57;172;213m▀▀[48;2;0;0;0m▀[38;2;0;0;0;49m▀[0m
[0m                   [38;2;123;81;81m▀[38;2;255;230;180;48;2;49;49;49m▀[48;2;255;230;180m▀▀▀▀▀[38;2;222;189;139;48;2;222;189;139m▀[38;2;49;49;49m▀▀▀[38;2;222;189;139m▀▀[38;2;98;41;41;48;2;98;41;41m▀[38;2;180;57;82;48;2;180;57;82m▀▀[38;2;0;0;0m▀[49m▄[0m                    [38;2;49;49;49m▀[38;2;8;123;156;48;2;49;49;49m▀[48;2;8;123;156m▀▀▀[38;2;0;0;0;48;2;0;0;0m▀[38;2;8;123;156;48;2;8;123;156m▀[38;2;180;57;82m▀▀[38;2;8;123;156m▀[48;2;0;0;0m▀[38;2;0;0;0;48;2;8;123;156m▀[38;2;8;123;156;48;2;180;57;82m▀[38;2;180;57;82m▀[38;2;230;82;98;48;2;230;82;98m▀▀▀[48;2;57;172;213m▀[38;2;57;172;213m▀[48;2;0;0;0m▀[38;2;0;0;0;48;2;57;172;213m▀[38;2;49;49;49m▀[49m▄▄▄[0m
[0m               [38;2;123;81;81m▄▄▄[48;2;222;189;139m▀[48;2;49;49;49m▀[38;2;49;49;49m▀[38;2;255;230;180m▀[48;2;255;230;180m▀▀[48;2;222;189;139m▀[38;2;222;189;139m▀▀▀▀[48;2;123;81;81m▀[48;2;222;189;139m▀▀[38;2;98;41;41;48;2;98;41;41m▀[38;2;180;57;82;48;2;180;57;82m▀▀▀[38;2;0;0;0;48;2;0;0;0m▀[0m                     [38;2;49;49;49;48;2;49;49;49m▀[38;2;8;123;156;48;2;8;123;156m▀▀[38;2;0;0;0;48;2;0;0;0m▀[38;2;8;123;156;48;2;8;123;156m▀▀[48;2;0;0;0m▀▀[38;2;0;0;0;48;2;8;123;156m▀[38;2;8;123;156m▀▀[38;2;180;57;82m▀[38;2;230;82;98m▀[48;2;57;172;213m▀[38;2;57;172;213;48;2;0;0;0m▀▀[38;2;0;0;0;48;2;230;82;98m▀▀[38;2;230;82;98m▀[38;2;57;172;213m▀▀[48;2;57;172;213m▀▀▀[38;2;49;49;49m▀[48;2;0;0;0m▀[0m
[0m           [38;2;123;81;81m▄▄[48;2;222;189;139m▀▀[38;2;222;189;139m▀▀[48;2;49;49;49m▀[38;2;49;49;49;48;2;8;123;156m▀[38;2;8;123;156m▀▀▀[38;2;0;0;0;48;2;98;41;41m▀[38;2;222;189;139;48;2;0;0;0m▀▀▀▀[38;2;0;0;0;48;2;8;123;156m▀[48;2;123;81;81m▀[38;2;222;189;139;48;2;222;189;139m▀▀▀[38;2;98;41;41;48;2;98;41;41m▀[38;2;180;57;82;48;2;180;57;82m▀▀▀[38;2;0;0;0m▀[38;2;49;49;49;48;2;0;0;0m▀[48;2;8;123;156m▀[49m▄▄[0m                  [38;2;49;49;49;48;2;0;0;0m▀[38;2;8;123;156;48;2;8;123;156m▀▀▀[38;2;0;0;0m▀[38;2;8;123;156m▀[48;2;49;49;49m▀[48;2;0;0;0m▀▀▀[38;2;0;0;0;48;2;180;57;82m▀▀[48;2;230;82;98m▀[38;2;230;82;98m▀▀▀▀[48;2;57;172;213m▀▀[38;2;57;172;213m▀▀[48;2;0;0;0m▀▀[38;2;0;0;0;49m▀[0m
[0m        [38;2;123;81;81m▄[48;2;222;189;139m▀▀[38;2;222;189;139m▀▀▀▀▀▀▀[38;2;49;49;49m▀▀[38;2;8;123;156;48;2;49;49;49m▀[38;2;98;41;41;48;2;98;41;41m▀[38;2;180;57;82;48;2;180;57;82m▀▀▀[38;2;0;0;0;48;2;0;0;0m▀[38;2;8;123;156;48;2;8;123;156m▀▀[38;2;123;81;81;48;2;123;81;81m▀[38;2;222;189;139;48;2;222;189;139m▀▀▀▀[38;2;98;41;41;48;2;98;41;41m▀[38;2;180;57;82;48;2;180;57;82m▀▀▀[38;2;0;0;0m▀[38;2;8;123;156;48;2;0;0;0m▀[48;2;8;123;156m▀▀[38;2;49;49;49m▀[48;2;49;49;49m▀[49m▄[0m              [38;2;0;0;0m▄[48;2;8;123;156m▀[38;2;8;123;156m▀[48;2;57;172;213m▀[48;2;0;0;0m▀[38;2;0;0;0;49m▀▀[38;2;8;123;156;48;2;0;0;0m▀▀▀[48;2;8;123;156m▀▀[38;2;180;57;82m▀▀[38;2;230;82;98;48;2;57;172;213m▀[38;2;57;172;213m▀▀[48;2;0;0;0m▀▀▀[38;2;0;0;0;49m▀▀[0m
[0m      [38;2;123;81;81m▄[48;2;222;189;139m▀[38;2;222;189;139m▀[48;2;255;230;180m▀▀▀[48;2;222;189;139m▀▀▀▀▀▀▀▀[48;2;98;41;41m▀[38;2;98;41;41;48;2;180;57;82m▀[38;2;180;57;82m▀▀[38;2;0;0;0;48;2;0;0;0m▀[38;2;8;123;156;48;2;49;49;49m▀[38;2;49;49;49;48;2;180;57;82m▀▀[38;2;123;81;81;48;2;123;81;81m▀[38;2;222;189;139;48;2;222;189;139m▀▀▀▀[38;2;98;41;41;48;2;98;41;41m▀[38;2;180;57;82;48;2;238;106;123m▀[48;2;180;57;82m▀▀▀[38;2;0;0;0;48;2;0;0;0m▀[38;2;49;49;49;48;2;49;49;49m▀▀[48;2;8;123;156m▀▀[38;2;8;123;156m▀[38;2;49;49;49m▀[49m▄[0m           [38;2;0;0;0m▄[48;2;8;123;156m▀[38;2;8;123;156;48;2;57;172;213m▀[38;2;57;172;213m▀[38;2;0;0;0;48;2;0;0;0m▀[0m      [38;2;0;0;0m▀▀▀▀▀▀▀[0m
[0m    [38;2;123;81;81m▄[48;2;222;189;139m▀[38;2;222;189;139;48;2;255;230;180m▀[38;2;255;230;180m▀▀▀▀▀▀[38;2;222;189;139m▀[48;2;222;189;139m▀▀▀▀▀▀[38;2;98;41;41;48;2;98;41;41m▀[38;2;180;57;82;48;2;180;57;82m▀▀▀[38;2;0;0;0;48;2;0;0;0m▀[38;2;222;189;139;48;2;222;189;139m▀[38;2;49;49;49m▀[38;2;180;57;82;48;2;49;49;49m▀[38;2;123;81;81;48;2;123;81;81m▀[38;2;222;189;139;48;2;222;189;139m▀▀▀▀▀[38;2;98;41;41;48;2;98;41;41m▀[38;2;180;57;82;48;2;238;106;123m▀[48;2;180;57;82m▀▀▀[38;2;0;0;0;48;2;0;0;0m▀[38;2;8;123;156;48;2;8;123;156m▀▀▀▀[48;2;49;49;49m▀▀[38;2;49;49;49m▀[49m▄[0m        [38;2;0;0;0m▄[48;2;8;123;156m▀[38;2;8;123;156;48;2;49;49;49m▀[38;2;49;49;49m▀[38;2;0;0;0;48;2;0;0;0m▀[0m
[0m   [38;2;123;81;81m▄[48;2;255;230;180m▀[38;2;255;230;180m▀▀▀[48;2;255;255;230m▀[38;2;255;255;230;48;2;255;230;180m▀[38;2;255;230;180m▀▀▀▀[38;2;222;189;139;48;2;222;189;139m▀▀▀[48;2;0;0;0m▀▀[38;2;98;41;41;48;2;98;41;41m▀[38;2;180;57;82;48;2;180;57;82m▀▀▀[38;2;0;0;0;48;2;0;0;0m▀[49m▀▀[38;2;123;81;81;48;2;123;81;81m▀[38;2;49;49;49;48;2;0;0;0m▀[38;2;123;81;81;48;2;123;81;81m▀[38;2;222;189;139;48;2;222;189;139m▀▀▀▀▀[38;2;98;41;41m▀[38;2;238;106;123;48;2;98;41;41m▀[38;2;180;57;82;48;2;238;106;123m▀[48;2;180;57;82m▀▀▀[38;2;0;0;0;48;2;0;0;0m▀[38;2;8;123;156;48;2;8;123;156m▀[48;2;49;49;49m▀[38;2;49;49;49m▀[48;2;8;123;156m▀▀[38;2;8;123;156m▀[38;2;49;49;49m▀[49m▄[0m       [38;2;0;0;0;48;2;0;0;0m▀[38;2;49;49;49;48;2;49;49;49m▀[48;2;57;172;213m▀[38;2;57;172;213m▀[38;2;0;0;0;48;2;0;0;0m▀[0m
[0m  [38;2;123;81;81m▄[48;2;255;230;180m▀[38;2;255;230;180m▀▀[48;2;255;255;230m▀[38;2;255;255;230m▀[48;2;255;230;180m▀[38;2;255;230;180m▀▀▀▀[48;2;222;189;139m▀[38;2;222;189;139;48;2;0;0;0m▀[38;2;0;0;0;49m▀▀[0m [38;2;98;41;41;48;2;98;41;41m▀[38;2;180;57;82;48;2;238;106;123m▀[48;2;180;57;82m▀[48;2;238;106;123m▀[48;2;180;57;82m▀[38;2;0;0;0;48;2;0;0;0m▀[0m    [38;2;123;81;81;48;2;123;81;81m▀[38;2;222;189;139;48;2;255;230;180m▀▀▀[48;2;222;189;139m▀▀▀[38;2;98;41;41;48;2;98;41;41m▀[38;2;238;106;123;48;2;238;106;123m▀[38;2;180;57;82;48;2;180;57;82m▀▀▀[38;2;0;0;0m▀[38;2;8;123;156;48;2;0;0;0m▀[38;2;49;49;49;48;2;49;49;49m▀[48;2;8;123;156m▀[38;2;8;123;156m▀▀▀▀[38;2;49;49;49m▀[49m▄[0m      [38;2;0;0;0m▀[38;2;49;49;49;48;2;0;0;0m▀[38;2;57;172;213;48;2;57;172;213m▀▀[38;2;49;49;49m▀[48;2;0;0;0m▀[0m
[0m [38;2;123;81;81m▄[48;2;255;230;180m▀[38;2;255;230;180m▀▀[48;2;255;255;230m▀[38;2;255;255;230m▀[48;2;255;230;180m▀[38;2;255;230;180m▀▀▀▀▀[38;2;0;0;0;48;2;0;0;0m▀[0m   [38;2;180;57;82m▄[38;2;98;41;41;48;2;238;106;123m▀[38;2;180;57;82m▀[38;2;238;106;123;48;2;180;57;82m▀[38;2;180;57;82;48;2;238;106;123m▀[48;2;0;0;0m▀[38;2;0;0;0;49m▀[0m   [38;2;123;81;81;48;2;123;81;81m▀[38;2;222;189;139;48;2;255;230;180m▀[38;2;255;230;180m▀▀▀▀[38;2;222;189;139;48;2;222;189;139m▀▀[38;2;98;41;41m▀[38;2;238;106;123;48;2;98;41;41m▀[48;2;238;106;123m▀[38;2;180;57;82;48;2;180;57;82m▀[48;2;238;106;123m▀[38;2;238;106;123;48;2;180;57;82m▀[38;2;0;0;0;48;2;238;106;123m▀[38;2;49;49;49;48;2;0;0;0m▀[38;2;8;123;156;48;2;8;123;156m▀▀▀▀▀▀[38;2;49;49;49m▀[49m▄[0m      [38;2;0;0;0;48;2;0;0;0m▀[38;2;57;172;213;48;2;8;123;156m▀[48;2;57;172;213m▀▀▀[38;2;0;0;0;48;2;0;0;0m▀[0m
[0m [38;2;123;81;81;48;2;123;81;81m▀[38;2;255;230;180;48;2;255;230;180m▀▀▀[38;2;255;255;230;48;2;255;255;230m▀▀[38;2;255;230;180;48;2;255;230;180m▀▀▀▀▀[38;2;0;0;0;48;2;0;0;0m▀[0m    [38;2;180;57;82;48;2;180;57;82m▀[38;2;238;106;123;48;2;238;106;123m▀▀▀[38;2;180;57;82m▀[38;2;0;0;0;48;2;0;0;0m▀[0m    [38;2;123;81;81;48;2;123;81;81m▀[38;2;255;230;180;48;2;255;230;180m▀▀▀▀▀▀[38;2;222;189;139;48;2;222;189;139m▀▀[38;2;98;41;41;48;2;98;41;41m▀[38;2;238;106;123;48;2;238;106;123m▀▀[38;2;180;57;82m▀[38;2;238;106;123m▀▀[38;2;0;0;0;48;2;180;57;82m▀[38;2;8;123;156;48;2;0;0;0m▀[48;2;49;49;49m▀[48;2;8;123;156m▀▀▀▀▀▀[38;2;49;49;49;48;2;49;49;49m▀[0m      [38;2;0;0;0;48;2;0;0;0m▀[38;2;57;172;213;48;2;49;49;49m▀[48;2;8;123;156m▀[48;2;57;172;213m▀[38;2;49;49;49;48;2;49;49;49m▀[38;2;0;0;0m▀[49m▄[0m
[38;2;123;81;81;48;2;123;81;81m▀[38;2;255;230;180;48;2;255;230;180m▀▀▀▀[38;2;255;255;230;48;2;255;255;230m▀▀[38;2;255;230;180;48;2;255;230;180m▀▀▀▀▀[38;2;0;0;0;48;2;0;0;0m▀[0m   [38;2;180;57;82;48;2;180;57;82m▀[38;2;238;106;123;48;2;238;106;123m▀▀▀▀▀[38;2;0;0;0;48;2;0;0;0m▀[0m    [38;2;123;81;81;48;2;123;81;81m▀[38;2;255;230;180;48;2;255;230;180m▀▀▀▀▀▀[38;2;222;189;139;48;2;222;189;139m▀▀▀[38;2;98;41;41;48;2;98;41;41m▀[38;2;238;106;123;48;2;238;106;123m▀▀▀▀▀[38;2;180;57;82m▀[38;2;0;0;0;48;2;0;0;0m▀[38;2;49;49;49;48;2;49;49;49m▀▀[38;2;8;123;156m▀▀▀[48;2;8;123;156m▀[48;2;49;49;49m▀[38;2;49;49;49m▀[0m      [38;2;0;0;0;48;2;0;0;0m▀[38;2;49;49;49;48;2;8;123;156m▀[48;2;57;172;213m▀[48;2;49;49;49m▀[38;2;57;172;213m▀[38;2;8;123;156;48;2;57;172;213m▀[38;2;0;0;0;48;2;8;123;156m▀[49m▄[0m
[38;2;123;81;81;48;2;123;81;81m▀[38;2;255;230;180;48;2;255;230;180m▀▀▀▀[38;2;255;255;230;48;2;255;255;230m▀[38;2;255;230;180;48;2;255;230;180m▀▀▀▀▀▀[38;2;222;189;139m▀[38;2;0;0;0;48;2;0;0;0m▀[0m [38;2;180;57;82;48;2;180;57;82m▀[38;2;238;106;123;48;2;238;106;123m▀▀▀▀▀[38;2;180;57;82;48;2;0;0;0m▀[38;2;0;0;0;49m▀[0m   [38;2;123;81;81;48;2;123;81;81m▀[38;2;255;230;180;48;2;255;230;180m▀▀▀▀▀▀▀[38;2;222;189;139m▀[48;2;222;189;139m▀▀[38;2;98;41;41m▀[38;2;238;106;123;48;2;98;41;41m▀[48;2;238;106;123m▀▀▀▀▀▀[38;2;0;0;0;48;2;0;0;0m▀[38;2;180;57;82;48;2;180;57;82m▀▀[38;2;49;49;49m▀▀▀[48;2;49;49;49m▀[48;2;8;123;156m▀▀[49m▄[0m     [38;2;0;0;0;48;2;0;0;0m▀[38;2;57;172;213;48;2;8;123;156m▀[48;2;57;172;213m▀[38;2;49;49;49;48;2;49;49;49m▀[38;2;57;172;213;48;2;8;123;156m▀[38;2;8;123;156;48;2;57;172;213m▀[38;2;0;0;0;48;2;8;123;156m▀[49m▄[0m
[38;2;123;81;81;48;2;123;81;81m▀[38;2;255;230;180;48;2;255;230;180m▀▀▀▀▀▀▀▀▀▀▀▀[38;2;222;189;139m▀[38;2;180;57;82;48;2;180;57;82m▀[38;2;238;106;123;48;2;238;106;123m▀▀▀▀▀▀[38;2;0;0;0;48;2;0;0;0m▀[0m   [38;2;123;81;81m▄[48;2;255;230;180m▀[38;2;255;230;180m▀[48;2;255;255;230m▀[48;2;255;230;180m▀▀▀▀▀▀[38;2;222;189;139;48;2;222;189;139m▀▀▀[38;2;98;41;41m▀[38;2;238;106;123;48;2;98;41;41m▀[48;2;238;106;123m▀▀▀▀▀▀[38;2;0;0;0m▀[38;2;180;57;82;48;2;0;0;0m▀[48;2;180;57;82m▀▀▀[38;2;49;49;49;48;2;49;49;49m▀▀[38;2;8;123;156;48;2;8;123;156m▀[38;2;49;49;49m▀[49m▄[0m     [38;2;0;0;0;48;2;0;0;0m▀[38;2;57;172;213;48;2;57;172;213m▀▀[38;2;49;49;49;48;2;49;49;49m▀[38;2;57;172;213m▀[38;2;8;123;156;48;2;8;123;156m▀▀[38;2;0;0;0;48;2;0;0;0m▀[0m
[38;2;123;81;81;48;2;0;0;0m▀[38;2;255;230;180;48;2;255;230;180m▀▀▀▀▀▀▀▀▀▀▀[48;2;180;57;82m▀[38;2;180;57;82;48;2;238;106;123m▀[38;2;238;106;123m▀▀▀▀▀▀[48;2;180;57;82m▀[38;2;0;0;0;48;2;0;0;0m▀[0m  [38;2;123;81;81m▄[48;2;255;230;180m▀[38;2;255;230;180m▀▀[38;2;255;255;230;48;2;255;255;230m▀[38;2;255;230;180;48;2;255;230;180m▀▀▀▀▀▀[38;2;222;189;139;48;2;222;189;139m▀▀▀▀▀[38;2;98;41;41;48;2;98;41;41m▀[38;2;238;106;123;48;2;238;106;123m▀▀▀▀▀▀▀[38;2;0;0;0m▀[48;2;180;57;82m▀[38;2;180;57;82;48;2;0;0;0m▀[48;2;180;57;82m▀[38;2;49;49;49;48;2;49;49;49m▀[38;2;8;123;156;48;2;8;123;156m▀▀▀[38;2;49;49;49m▀▀[49m▄[38;2;0;0;0m▄▄[48;2;8;123;156m▀[38;2;57;172;213;48;2;57;172;213m▀▀[38;2;49;49;49;48;2;49;49;49m▀[48;2;180;57;82m▀[48;2;49;49;49m▀[38;2;8;123;156;48;2;8;123;156m▀[38;2;49;49;49;48;2;49;49;49m▀[38;2;0;0;0;48;2;0;0;0m▀[0m
[38;2;0;0;0;49m▀[38;2;255;230;180;48;2;0;0;0m▀[48;2;255;230;180m▀▀▀▀▀▀▀▀[48;2;180;57;82m▀[38;2;180;57;82;48;2;238;106;123m▀[38;2;238;106;123m▀▀▀▀▀▀▀▀[38;2;0;0;0;48;2;0;0;0m▀[38;2;123;81;81;49m▄▄[48;2;255;230;180m▀[38;2;255;230;180m▀▀[48;2;255;255;230m▀[38;2;255;255;230m▀▀[38;2;255;230;180;48;2;255;230;180m▀▀▀▀▀▀[38;2;222;189;139;48;2;222;189;139m▀▀▀▀▀▀[38;2;98;41;41;48;2;98;41;41m▀[38;2;238;106;123;48;2;180;57;82m▀[48;2;238;106;123m▀▀▀▀▀▀▀▀[38;2;0;0;0m▀[38;2;49;49;49;48;2;0;0;0m▀[48;2;49;49;49m▀[38;2;8;123;156;48;2;8;123;156m▀▀▀▀▀[38;2;49;49;49m▀[48;2;49;49;49m▀[38;2;8;123;156m▀[48;2;8;123;156m▀[48;2;49;49;49m▀[38;2;49;49;49;48;2;180;57;82m▀[38;2;180;57;82m▀[38;2;49;49;49m▀[48;2;49;49;49m▀[48;2;8;123;156m▀[38;2;8;123;156m▀[38;2;0;0;0;48;2;0;0;0m▀[0m
[0m [38;2;0;0;0;48;2;0;0;0m▀[38;2;255;230;180;48;2;255;230;180m▀▀▀▀▀▀▀[38;2;180;57;82;48;2;0;0;0m▀[38;2;238;106;123m▀▀[38;2;180;57;82;48;2;180;57;82m▀[38;2;238;106;123;48;2;238;106;123m▀▀▀▀▀▀[38;2;0;0;0;48;2;0;0;0m▀[38;2;255;230;180;48;2;255;230;180m▀▀▀▀[48;2;255;255;230m▀[38;2;255;255;230m▀▀▀[38;2;255;230;180;48;2;255;230;180m▀▀▀▀▀▀▀[38;2;222;189;139;48;2;222;189;139m▀▀▀▀▀▀[38;2;0;0;0;48;2;0;0;0m▀[38;2;98;41;41;49m▀[38;2;238;106;123;48;2;98;41;41m▀[48;2;238;106;123m▀▀▀▀▀▀▀[48;2;180;57;82m▀[48;2;238;106;123m▀[38;2;0;0;0m▀▀[38;2;49;49;49;48;2;0;0;0m▀[38;2;8;123;156;48;2;49;49;49m▀[48;2;8;123;156m▀▀▀▀[38;2;49;49;49;48;2;49;49;49m▀[48;2;180;57;82m▀▀[38;2;180;57;82m▀▀▀[38;2;49;49;49m▀[38;2;8;123;156;48;2;49;49;49m▀[48;2;8;123;156m▀[38;2;0;0;0;48;2;0;0;0m▀[0m
[0m  [38;2;0;0;0;48;2;0;0;0m▀[38;2;255;230;180;48;2;255;230;180m▀▀▀▀▀▀▀[48;2;180;57;82m▀[38;2;180;57;82;48;2;238;106;123m▀[38;2;238;106;123m▀▀[48;2;0;0;0m▀[38;2;180;57;82;48;2;180;57;82m▀[38;2;238;106;123;48;2;238;106;123m▀▀[38;2;0;0;0;48;2;0;0;0m▀[38;2;255;230;180;48;2;255;255;230m▀[38;2;255;255;230m▀▀▀▀▀▀[48;2;255;230;180m▀[38;2;255;230;180m▀▀▀▀▀▀▀[38;2;222;189;139;48;2;222;189;139m▀▀▀▀▀▀▀[38;2;0;0;0;48;2;0;0;0m▀[0m [38;2;98;41;41m▀[38;2;238;106;123;48;2;98;41;41m▀[48;2;238;106;123m▀▀[38;2;180;57;82;48;2;180;57;82m▀[38;2;238;106;123;48;2;238;106;123m▀▀▀▀[38;2;180;57;82;48;2;180;57;82m▀[38;2;0;0;0;48;2;49;49;49m▀▀[48;2;8;123;156m▀[38;2;49;49;49m▀[48;2;49;49;49m▀[38;2;8;123;156m▀▀[38;2;49;49;49;48;2;180;57;82m▀[38;2;180;57;82m▀▀▀▀▀▀▀[38;2;49;49;49;48;2;49;49;49m▀[38;2;8;123;156;48;2;0;0;0m▀[38;2;0;0;0;49m▀[0m
[0m   [38;2;0;0;0;48;2;0;0;0m▀[38;2;255;230;180;48;2;255;230;180m▀▀▀▀▀▀[38;2;180;57;82;48;2;0;0;0m▀[38;2;238;106;123m▀[38;2;180;57;82;48;2;180;57;82m▀[38;2;0;0;0;48;2;255;230;180m▀[38;2;255;230;180m▀[38;2;180;57;82;48;2;0;0;0m▀[38;2;238;106;123m▀[38;2;0;0;0;48;2;255;230;180m▀[38;2;255;230;180m▀▀[38;2;255;255;230m▀▀▀▀[38;2;255;230;180m▀▀▀▀▀▀▀▀▀[48;2;222;189;139m▀[38;2;222;189;139m▀▀▀▀▀▀[48;2;0;0;0m▀[38;2;0;0;0;49m▀[0m  [38;2;98;41;41m▀[38;2;238;106;123;48;2;98;41;41m▀[48;2;238;106;123m▀▀[38;2;98;41;41;48;2;98;41;41m▀[38;2;0;0;0;49m▀▀[38;2;238;106;123;48;2;0;0;0m▀▀[38;2;180;57;82m▀[38;2;49;49;49;48;2;49;49;49m▀[38;2;8;123;156;48;2;8;123;156m▀▀▀[38;2;49;49;49m▀[38;2;180;57;82;48;2;49;49;49m▀[48;2;180;57;82m▀▀▀▀▀▀▀[48;2;49;49;49m▀[38;2;49;49;49;48;2;0;0;0m▀[38;2;0;0;0;49m▀[0m
[0m    [38;2;0;0;0;48;2;123;81;81m▀[38;2;255;230;180m▀[48;2;255;230;180m▀▀▀▀▀▀▀▀▀▀▀▀▀▀▀▀▀▀▀▀▀▀▀▀▀▀[48;2;222;189;139m▀[38;2;222;189;139m▀▀▀▀▀▀▀[38;2;0;0;0;48;2;0;0;0m▀[0m     [38;2;98;41;41m▀[38;2;238;106;123;48;2;98;41;41m▀[38;2;98;41;41m▀[0m     [38;2;0;0;0m▀▀[38;2;8;123;156;48;2;0;0;0m▀▀▀[48;2;8;123;156m▀[38;2;49;49;49m▀[48;2;49;49;49m▀[38;2;180;57;82m▀[48;2;180;57;82m▀▀[48;2;0;0;0m▀[38;2;49;49;49m▀[38;2;0;0;0;49m▀[0m
[0m     [38;2;0;0;0m▀[38;2;255;230;180;48;2;0;0;0m▀[48;2;255;230;180m▀▀▀▀▀▀▀▀▀▀▀▀▀▀▀▀▀▀▀▀▀▀▀▀[48;2;222;189;139m▀[38;2;222;189;139m▀▀▀▀▀▀▀[38;2;0;0;0;48;2;0;0;0m▀[0m                   [38;2;0;0;0m▀▀▀▀▀▀[0m
[0m       [38;2;0;0;0m▀[38;2;255;230;180;48;2;0;0;0m▀▀[48;2;222;189;139m▀[48;2;255;230;180m▀▀▀▀▀▀▀▀▀▀▀▀▀▀▀▀[48;2;222;189;139m▀▀▀[38;2;222;189;139m▀▀▀▀▀▀▀[48;2;0;0;0m▀[38;2;0;0;0;49m▀[0m
[0m          [38;2;0;0;0m▀▀[38;2;222;189;139;48;2;0;0;0m▀▀[38;2;255;230;180m▀[48;2;222;189;139m▀▀▀▀▀▀▀▀[38;2;222;189;139m▀▀▀▀▀▀▀▀▀▀[48;2;0;0;0m▀▀[38;2;0;0;0;49m▀▀[0m
[0m               [38;2;0;0;0m▀▀▀▀[38;2;222;189;139;48;2;0;0;0m▀▀▀▀▀▀▀▀▀▀[38;2;0;0;0;49m▀▀▀▀[0m
