[0m          [38;2;148;148;148m▄▄[48;2;246;246;238m▀▀[38;2;87;82;80;48;2;230;222;222m▀[49m▄[0m
[0m        [38;2;87;82;80m▄[38;2;148;148;148;48;2;246;246;238m▀[38;2;246;246;238m▀[48;2;230;222;222m▀[38;2;230;222;222;48;2;0;0;0m▀[38;2;0;0;0;49m▀▀[0m
[0m       [38;2;87;82;80;48;2;87;82;80m▀[38;2;230;222;222;48;2;230;222;222m▀[38;2;246;246;238m▀▀[38;2;0;0;0;48;2;0;0;0m▀[38;2;148;148;148;49m▄▄[0m
[0m     [38;2;148;148;148m▄[48;2;230;222;222m▀[38;2;87;82;80m▀[38;2;230;222;222;48;2;87;82;80m▀[48;2;230;222;222m▀▀▀[38;2;0;0;0m▀[38;2;230;222;222m▀[38;2;148;148;148m▀▀[38;2;87;82;80;49m▄▄[0m
[0m   [38;2;148;148;148m▄[48;2;230;222;222m▀[38;2;230;222;222;48;2;246;246;238m▀[38;2;246;246;238m▀▀[38;2;230;222;222m▀[48;2;230;222;222m▀▀▀▀▀▀▀▀▀[38;2;87;82;80m▀[49m▄[0m
[0m  [38;2;87;82;80;48;2;87;82;80m▀[38;2;230;222;222;48;2;164;156;164m▀[48;2;230;222;222m▀[38;2;246;246;238m▀[48;2;246;246;238m▀▀[48;2;230;222;222m▀[38;2;230;222;222m▀▀▀▀▀▀▀▀▀▀▀[38;2;87;82;80;48;2;87;82;80m▀[0m
[0m [38;2;87;82;80;48;2;87;82;80m▀[38;2;164;156;164;48;2;255;255;255m▀[38;2;230;222;222m▀[38;2;205;189;189;48;2;164;156;164m▀[38;2;230;222;222;48;2;230;222;222m▀▀▀▀[48;2;164;156;164m▀[38;2;205;189;189m▀[38;2;164;156;164;48;2;230;222;222m▀▀▀[38;2;205;189;189;48;2;164;156;164m▀[38;2;230;222;222m▀[48;2;230;222;222m▀▀▀▀▀[38;2;87;82;80;48;2;87;82;80m▀[0m
[38;2;87;82;80;48;2;0;0;0m▀[38;2;0;0;0;48;2;255;255;255m▀[38;2;164;156;164;48;2;0;0;0m▀[38;2;255;255;255;48;2;255;255;255m▀[38;2;205;189;189m▀[48;2;164;156;164m▀[38;2;230;222;222m▀▀[38;2;164;156;164;48;2;230;222;222m▀[38;2;230;222;222;48;2;255;255;255m▀[38;2;255;255;255m▀▀▀▀▀[38;2;230;222;222m▀[38;2;164;156;164;48;2;205;189;189m▀[38;2;230;222;222m▀[48;2;230;222;222m▀▀▀▀[38;2;87;82;80;48;2;0;0;0m▀[0m
[38;2;87;82;80;48;2;87;82;80m▀[38;2;0;0;0m▀[38;2;87;82;80;48;2;230;222;222m▀[38;2;255;255;255;48;2;255;255;255m▀▀▀▀▀▀[48;2;0;0;0m▀[38;2;87;82;80;48;2;255;255;255m▀[38;2;0;0;0;48;2;0;0;0m▀[38;2;255;255;255m▀[48;2;255;255;255m▀▀▀▀[38;2;164;156;164;48;2;164;156;164m▀[38;2;230;222;222;48;2;230;222;222m▀▀▀[48;2;205;189;189m▀[38;2;0;0;0;48;2;0;0;0m▀[0m
[38;2;87;82;80;48;2;87;82;80m▀[38;2;255;255;255;48;2;255;255;255m▀▀▀[48;2;164;156;164m▀▀▀[48;2;255;255;255m▀▀[38;2;0;0;0m▀[48;2;0;0;0m▀[38;2;87;82;80m▀[38;2;0;0;0;48;2;255;255;255m▀[38;2;255;255;255m▀▀▀[48;2;164;156;164m▀[38;2;164;156;164;48;2;205;189;189m▀[38;2;230;222;222m▀[38;2;205;189;189m▀▀▀[38;2;0;0;0;48;2;0;0;0m▀[0m
[0m [38;2;0;0;0;48;2;0;0;0m▀[38;2;230;222;222;48;2;164;156;164m▀[38;2;87;82;80;48;2;205;189;189m▀[38;2;205;189;189;48;2;148;148;148m▀[48;2;87;82;80m▀▀[38;2;87;82;80;48;2;205;189;189m▀[38;2;230;222;222;48;2;164;156;164m▀[38;2;255;255;255m▀[48;2;230;222;222m▀[48;2;255;255;255m▀▀[48;2;230;222;222m▀[48;2;164;156;164m▀[38;2;230;222;222m▀[38;2;164;156;164;48;2;205;189;189m▀[38;2;205;189;189m▀▀▀▀[38;2;0;0;0;48;2;0;0;0m▀[0m
[0m  [38;2;0;0;0m▀[38;2;205;189;189;48;2;0;0;0m▀[48;2;205;189;189m▀▀▀▀▀▀[38;2;164;156;164m▀▀▀▀[38;2;205;189;189m▀▀▀▀▀[48;2;0;0;0m▀[38;2;0;0;0;49m▀[0m
[0m    [38;2;0;0;0m▀▀[38;2;205;189;189;48;2;0;0;0m▀▀[48;2;205;189;189m▀▀▀▀▀▀▀[48;2;87;82;80m▀[48;2;0;0;0m▀[38;2;0;0;0;49m▀▀[0m
[0m    [38;2;87;82;80m▄[48;2;246;246;238m▀▀[38;2;205;189;189;48;2;230;222;222m▀[38;2;148;148;148m▀▀[38;2;205;189;189m▀▀▀[38;2;87;82;80;48;2;205;189;189m▀▀[38;2;205;189;189m▀[38;2;148;148;148m▀[38;2;87;82;80m▀[49m▄▄[38;2;0;0;0m▄[0m
[0m   [38;2;87;82;80;48;2;87;82;80m▀[38;2;230;222;222;48;2;205;189;189m▀[38;2;246;246;238;48;2;230;222;222m▀▀[38;2;230;222;222;48;2;205;189;189m▀[38;2;205;189;189;48;2;148;148;148m▀[38;2;148;148;148;48;2;87;82;80m▀[38;2;246;246;238;48;2;246;246;238m▀▀[38;2;230;222;222;48;2;230;222;222m▀▀[38;2;205;189;189;48;2;205;189;189m▀[48;2;87;82;80m▀[48;2;205;189;189m▀▀[48;2;148;148;148m▀[48;2;0;0;0m▀[38;2;0;0;0;49m▀[0m
[0m   [38;2;87;82;80m▀[38;2;205;189;189;48;2;87;82;80m▀[48;2;205;189;189m▀▀▀[38;2;0;0;0;48;2;0;0;0m▀[38;2;205;189;189;48;2;205;189;189m▀▀[38;2;230;222;222m▀▀[38;2;205;189;189m▀▀[38;2;0;0;0;48;2;0;0;0m▀[38;2;205;189;189;48;2;87;82;80m▀▀[38;2;87;82;80;49m▀[0m
[0m     [38;2;87;82;80m▀▀▀▀[38;2;0;0;0m▀[38;2;148;148;148;48;2;0;0;0m▀[38;2;205;189;189m▀▀[38;2;148;148;148m▀[38;2;0;0;0;49m▀[0m
