[0m                 [38;2;90;82;98m▄[48;2;156;156;164m▀[38;2;57;49;65;48;2;57;49;65m▀[0m
[0m               [38;2;90;82;98m▄[48;2;156;156;164m▀[38;2;156;156;164m▀[48;2;123;123;131m▀[38;2;123;123;131m▀[38;2;57;49;65;48;2;0;0;0m▀[0m
[0m              [38;2;90;82;98;48;2;90;82;98m▀[38;2;156;156;164;48;2;156;156;164m▀▀▀[38;2;123;123;131;48;2;123;123;131m▀▀▀[38;2;0;0;0;48;2;0;0;0m▀[0m
[0m             [38;2;57;49;65;48;2;57;49;65m▀[38;2;156;156;164;48;2;156;156;164m▀▀▀[38;2;123;123;131;48;2;123;123;131m▀▀▀▀▀[38;2;0;0;0;48;2;90;82;98m▀[48;2;156;156;164m▀▀[49m▄▄[38;2;57;49;65m▄[0m
[0m     [38;2;90;82;98m▄▄▄[0m   [38;2;90;82;98m▄[38;2;57;49;65;48;2;57;49;65m▀[38;2;156;156;164;48;2;156;156;164m▀▀▀▀[38;2;123;123;131;48;2;123;123;131m▀▀▀▀▀▀▀[38;2;156;156;164;48;2;156;156;164m▀▀▀[48;2;0;0;0m▀[38;2;0;0;0;48;2;156;156;164m▀[48;2;0;0;0m▀[38;2;57;49;65;48;2;123;123;131m▀[49m▄▄[0m
[0m    [38;2;90;82;98;48;2;90;82;98m▀[38;2;156;156;164;48;2;156;156;164m▀▀[38;2;123;123;131m▀[38;2;90;82;98m▀[48;2;90;82;98m▀[48;2;156;156;164m▀[38;2;156;156;164m▀[38;2;57;49;65;48;2;123;123;131m▀[38;2;156;156;164;48;2;156;156;164m▀▀▀▀[38;2;123;123;131m▀[48;2;123;123;131m▀▀▀▀[48;2;156;156;164m▀[38;2;156;156;164;48;2;90;82;98m▀▀[38;2;57;49;65;48;2;180;172;189m▀[38;2;0;0;0m▀[38;2;180;172;189m▀[38;2;156;156;164;48;2;123;123;131m▀[38;2;123;123;131m▀[38;2;57;49;65;48;2;0;0;0m▀[38;2;123;123;131;48;2;123;123;131m▀▀[38;2;57;49;65m▀[49m▄[0m
[0m    [38;2;57;49;65;48;2;57;49;65m▀[38;2;123;123;131;48;2;123;123;131m▀[38;2;156;156;164m▀[48;2;156;156;164m▀[38;2;90;82;98;48;2;180;172;189m▀[38;2;180;172;189m▀▀[38;2;156;156;164m▀[48;2;156;156;164m▀▀▀▀▀▀▀▀▀▀▀▀[38;2;180;172;189m▀[48;2;180;172;189m▀▀[48;2;156;156;164m▀[38;2;123;123;131;48;2;123;123;131m▀▀[38;2;0;0;0m▀[38;2;123;123;131;48;2;57;49;65m▀[48;2;123;123;131m▀[48;2;90;82;98m▀[38;2;90;82;98m▀[38;2;57;49;65m▀[49m▄[0m
[0m     [38;2;123;123;131;48;2;57;49;65m▀[38;2;90;82;98;48;2;156;156;164m▀[38;2;156;156;164m▀[38;2;180;172;189m▀[48;2;180;172;189m▀▀[48;2;156;156;164m▀[38;2;156;156;164m▀▀▀▀▀▀▀▀▀▀▀▀▀▀▀[38;2;123;123;131;48;2;123;123;131m▀▀▀▀[38;2;0;0;0;48;2;0;0;0m▀[38;2;90;82;98;48;2;90;82;98m▀▀▀▀▀[38;2;57;49;65;48;2;57;49;65m▀[0m
[0m    [38;2;57;49;65m▄[48;2;123;123;131m▀[38;2;156;156;164;48;2;156;156;164m▀▀[48;2;90;82;98m▀[48;2;156;156;164m▀▀▀▀▀▀▀▀▀▀▀▀▀▀▀▀▀▀[38;2;123;123;131;48;2;123;123;131m▀▀▀▀▀[38;2;57;49;65;48;2;0;0;0m▀[38;2;90;82;98;48;2;90;82;98m▀▀▀▀▀[38;2;0;0;0;48;2;0;0;0m▀[0m
[0m    [38;2;57;49;65;48;2;57;49;65m▀[38;2;123;123;131m▀▀[38;2;57;49;65;48;2;189;57;79m▀▀[38;2;156;156;164;48;2;90;82;98m▀[48;2;156;156;164m▀▀▀▀▀▀▀▀[48;2;180;172;189m▀▀[38;2;180;172;189;48;2;156;156;164m▀[38;2;156;156;164m▀[38;2;57;49;65;48;2;57;49;65m▀[48;2;189;57;79m▀[38;2;123;123;131;48;2;57;49;65m▀▀[38;2;90;82;98m▀[38;2;57;49;65;48;2;123;123;131m▀[38;2;123;123;131m▀▀▀▀[38;2;0;0;0;48;2;0;0;0m▀[38;2;90;82;98;48;2;90;82;98m▀▀▀▀▀▀[38;2;0;0;0;48;2;0;0;0m▀[0m
[0m    [38;2;57;49;65;48;2;57;49;65m▀[38;2;156;156;164;48;2;156;156;164m▀[38;2;57;49;65;48;2;57;49;65m▀[38;2;189;57;79;48;2;189;57;79m▀[38;2;255;255;255;48;2;255;255;255m▀[38;2;0;0;0;48;2;0;0;0m▀[38;2;123;123;131;48;2;57;49;65m▀[38;2;156;156;164;48;2;156;156;164m▀▀▀▀▀▀[38;2;180;172;189m▀▀[38;2;156;156;164;48;2;90;82;98m▀[48;2;57;49;65m▀[38;2;57;49;65;48;2;255;255;255m▀[38;2;0;0;0;48;2;0;0;0m▀[38;2;255;255;255;48;2;255;255;255m▀[38;2;230;98;115;48;2;230;98;115m▀[38;2;189;57;79;48;2;189;57;79m▀[38;2;57;49;65;48;2;57;49;65m▀[38;2;123;123;131;48;2;123;123;131m▀▀▀[48;2;90;82;98m▀[38;2;90;82;98m▀[38;2;0;0;0;48;2;0;0;0m▀[38;2;90;82;98;48;2;90;82;98m▀▀▀▀▀▀▀[38;2;0;0;0;48;2;0;0;0m▀[0m
[0m    [38;2;57;49;65m▀[38;2;156;156;164;48;2;90;82;98m▀[38;2;123;123;131;48;2;156;156;164m▀[38;2;57;49;65m▀[38;2;189;57;79;48;2;57;49;65m▀[48;2;90;82;98m▀[38;2;90;82;98;48;2;123;123;131m▀[38;2;57;49;65m▀[38;2;156;156;164;48;2;156;156;164m▀▀▀▀▀[38;2;123;123;131m▀[38;2;57;49;65;48;2;123;123;131m▀▀[38;2;189;57;79;48;2;90;82;98m▀[38;2;180;172;189;48;2;189;57;79m▀[38;2;0;0;0;48;2;230;98;115m▀[38;2;230;98;115m▀[48;2;189;57;79m▀[38;2;57;49;65;48;2;123;123;131m▀[38;2;123;123;131m▀[48;2;82;57;0m▀[48;2;90;82;98m▀[38;2;90;82;98m▀▀[38;2;0;0;0;48;2;0;0;0m▀[38;2;90;82;98;48;2;90;82;98m▀▀▀▀▀▀[48;2;123;123;131m▀[38;2;123;123;131m▀▀[38;2;0;0;0;48;2;0;0;0m▀[0m
[0m     [38;2;57;49;65m▀[38;2;156;156;164;48;2;57;49;65m▀[38;2;0;0;0;48;2;90;82;98m▀[48;2;164;123;16m▀[38;2;123;123;131;48;2;82;57;0m▀▀[38;2;156;156;164m▀▀▀▀▀▀▀▀[38;2;123;123;131m▀▀[38;2;90;82;98m▀▀▀[38;2;82;57;0;48;2;213;156;57m▀[48;2;123;90;41m▀[48;2;213;156;57m▀[48;2;82;57;0m▀[38;2;90;82;98;48;2;90;82;98m▀▀[38;2;0;0;0;48;2;0;0;0m▀[38;2;90;82;98;49m▀[48;2;90;82;98m▀▀▀[48;2;123;123;131m▀▀[38;2;123;123;131m▀▀▀▀▀[38;2;0;0;0m▀[49m▄▄[38;2;57;49;65m▄[0m
[0m      [38;2;90;82;98m▀[38;2;0;0;0;48;2;0;0;0m▀[38;2;238;189;90;48;2;238;189;90m▀[48;2;82;57;0m▀[38;2;123;90;41;48;2;123;90;41m▀[38;2;238;189;90;48;2;238;189;90m▀▀[38;2;123;90;41;48;2;123;90;41m▀[38;2;238;189;90;48;2;238;189;90m▀▀[38;2;123;90;41;48;2;123;90;41m▀[38;2;213;156;57;48;2;213;156;57m▀▀[38;2;123;90;41;48;2;123;90;41m▀[38;2;213;156;57;48;2;213;156;57m▀▀[38;2;123;90;41;48;2;123;90;41m▀[38;2;213;156;57;48;2;82;57;0m▀▀[38;2;123;90;41m▀[38;2;82;57;0;48;2;90;82;98m▀▀[38;2;90;82;98;48;2;0;0;0m▀[38;2;0;0;0;49m▀[0m   [38;2;0;0;0m▀[38;2;123;123;131;48;2;0;0;0m▀[48;2;123;123;131m▀▀▀▀▀▀▀▀▀▀[48;2;90;82;98m▀[38;2;57;49;65m▀▀[38;2;0;0;0;49m▄[0m
[0m      [38;2;0;0;0;48;2;0;0;0m▀[38;2;238;189;90;48;2;238;189;90m▀▀[38;2;0;0;0;48;2;0;0;0m▀[49m▀[38;2;82;57;0;48;2;0;0;0m▀▀[48;2;90;82;98m▀[38;2;238;189;90;48;2;82;57;0m▀▀[38;2;123;90;41m▀[38;2;213;156;57m▀▀[38;2;82;57;0;48;2;90;82;98m▀▀▀▀[38;2;90;82;98m▀[48;2;0;0;0m▀▀[38;2;0;0;0;49m▀▀[0m       [38;2;0;0;0m▀▀[38;2;123;123;131;48;2;0;0;0m▀▀▀▀[48;2;57;49;65m▀[48;2;90;82;98m▀[38;2;90;82;98m▀▀▀▀[48;2;0;0;0m▀[38;2;0;0;0;49m▀[0m
[0m    [38;2;57;49;65m▄[48;2;123;123;131m▀▀[38;2;0;0;0m▀▀[49m▄▄[0m  [38;2;0;0;0m▀▀▀[38;2;90;82;98;48;2;0;0;0m▀[48;2;57;49;65m▀[48;2;90;82;98m▀[48;2;57;49;65m▀[48;2;0;0;0m▀[38;2;0;0;0;49m▀▀▀[38;2;57;49;65m▄▄▄[0m             [38;2;0;0;0m▄[48;2;90;82;98m▀[38;2;90;82;98m▀▀▀▀[38;2;0;0;0;48;2;0;0;0m▀[0m
[0m   [38;2;57;49;65;48;2;57;49;65m▀[38;2;123;123;131;48;2;123;123;131m▀▀▀▀▀[38;2;90;82;98m▀[48;2;90;82;98m▀[38;2;0;0;0m▀▀[38;2;57;49;65;49m▄[38;2;0;0;0m▄▄[38;2;57;49;65;48;2;123;123;131m▀[38;2;90;82;98;48;2;90;82;98m▀▀▀[38;2;57;49;65m▀[48;2;123;123;131m▀[49m▄[38;2;0;0;0;48;2;0;0;0m▀[38;2;123;123;131;48;2;123;123;131m▀▀▀[38;2;57;49;65m▀[49m▄[0m          [38;2;0;0;0m▄[48;2;90;82;98m▀[38;2;90;82;98m▀▀▀[48;2;57;49;65m▀[38;2;0;0;0m▀[49m▄[0m
[0m [38;2;0;0;0m▄[38;2;57;49;65;48;2;90;82;98m▀[38;2;123;123;131;48;2;123;123;131m▀▀▀▀▀[48;2;90;82;98m▀[38;2;57;49;65;48;2;0;0;0m▀[38;2;0;0;0;49m▀▀[38;2;90;82;98;48;2;57;49;65m▀▀[48;2;123;123;131m▀[38;2;123;123;131m▀▀▀▀▀▀▀[38;2;0;0;0;48;2;0;0;0m▀[38;2;123;123;131;48;2;123;123;131m▀▀▀▀▀[38;2;0;0;0;48;2;0;0;0m▀[0m          [38;2;0;0;0m▀[38;2;90;82;98;48;2;0;0;0m▀[48;2;57;49;65m▀▀[48;2;90;82;98m▀▀▀[38;2;57;49;65;48;2;0;0;0m▀[38;2;0;0;0m▀[0m
[38;2;0;0;0;49m▄[48;2;90;82;98m▀[38;2;90;82;98m▀▀[38;2;123;123;131m▀▀▀[38;2;90;82;98m▀[38;2;0;0;0;48;2;0;0;0m▀[0m   [38;2;0;0;0m▄[48;2;90;82;98m▀[38;2;123;123;131;48;2;123;123;131m▀▀▀▀▀▀▀[48;2;0;0;0m▀[38;2;0;0;0;48;2;90;82;98m▀[38;2;123;123;131m▀[48;2;123;123;131m▀▀▀[48;2;90;82;98m▀[38;2;90;82;98m▀[38;2;0;0;0;48;2;0;0;0m▀[0m  [38;2;123;90;41m▄▄[0m    [38;2;123;90;41m▄▄[38;2;0;0;0m▄[48;2;57;49;65m▀[38;2;90;82;98m▀▀[38;2;57;49;65;48;2;0;0;0m▀[38;2;0;0;0;49m▀[0m
[38;2;0;0;0;48;2;0;0;0m▀[38;2;90;82;98;48;2;90;82;98m▀[48;2;57;49;65m▀[48;2;90;82;98m▀▀▀▀[38;2;0;0;0;48;2;0;0;0m▀[0m    [38;2;0;0;0;48;2;0;0;0m▀[38;2;123;123;131;48;2;123;123;131m▀▀▀▀▀▀▀▀[38;2;0;0;0;48;2;0;0;0m▀[38;2;90;82;98;48;2;90;82;98m▀▀▀▀▀▀▀[38;2;0;0;0;48;2;0;0;0m▀[0m  [38;2;82;57;0;48;2;82;57;0m▀[38;2;238;189;90;48;2;238;189;90m▀[38;2;123;90;41m▀[49m▄[48;2;238;189;90m▀▀[38;2;238;189;90;48;2;213;156;57m▀[38;2;123;90;41;48;2;123;90;41m▀[38;2;0;0;0;49m▀[38;2;57;49;65;48;2;0;0;0m▀▀[38;2;0;0;0;48;2;57;49;65m▀[49m▄[0m
[38;2;0;0;0;49m▀▀[38;2;57;49;65;48;2;57;49;65m▀[38;2;90;82;98;48;2;90;82;98m▀[48;2;57;49;65m▀[48;2;90;82;98m▀[48;2;0;0;0m▀[38;2;0;0;0;49m▀[0m   [38;2;0;0;0;48;2;0;0;0m▀[38;2;123;123;131;48;2;90;82;98m▀[48;2;123;123;131m▀▀▀▀▀▀▀▀[38;2;0;0;0;48;2;0;0;0m▀[38;2;90;82;98;48;2;90;82;98m▀▀[48;2;57;49;65m▀[48;2;90;82;98m▀▀▀▀[38;2;0;0;0;48;2;0;0;0m▀[38;2;82;57;0;49m▄[48;2;123;90;41m▀[38;2;238;189;90;48;2;164;123;16m▀[48;2;238;189;90m▀▀▀▀▀[38;2;213;156;57;48;2;123;90;41m▀[0m    [38;2;0;0;0m▀▀▀[0m
[0m  [38;2;0;0;0m▀▀[0m [38;2;0;0;0m▀▀[0m    [38;2;0;0;0;48;2;0;0;0m▀[38;2;90;82;98;48;2;90;82;98m▀▀[38;2;123;123;131m▀▀▀[48;2;123;123;131m▀▀▀▀[38;2;0;0;0;48;2;0;0;0m▀[38;2;90;82;98m▀[38;2;0;0;0;48;2;90;82;98m▀▀[38;2;90;82;98;48;2;0;0;0m▀[38;2;57;49;65m▀[38;2;0;0;0;48;2;90;82;98m▀[38;2;90;82;98;48;2;0;0;0m▀[38;2;0;0;0m▀[38;2;213;156;57;48;2;213;156;57m▀[38;2;238;189;90m▀▀▀[48;2;238;189;90m▀▀▀▀▀[38;2;123;90;41m▀[49m▄[0m
[0m           [38;2;0;0;0m▀[38;2;90;82;98;48;2;0;0;0m▀[48;2;90;82;98m▀▀[48;2;57;49;65m▀▀[48;2;90;82;98m▀▀▀▀▀▀▀▀▀▀▀[38;2;57;49;65;48;2;57;49;65m▀[0m [38;2;82;57;0;48;2;0;0;0m▀[48;2;164;123;16m▀[38;2;123;90;41m▀[38;2;164;123;16;48;2;123;90;41m▀[48;2;164;123;16m▀▀[38;2;213;156;57m▀[48;2;123;90;41m▀[48;2;82;57;0m▀[38;2;82;57;0;49m▀▀[0m
[0m            [38;2;0;0;0m▀[38;2;90;82;98;48;2;0;0;0m▀[48;2;90;82;98m▀▀▀[38;2;57;49;65m▀[48;2;0;0;0m▀[38;2;0;0;0;49m▀▀▀[38;2;90;82;98;48;2;57;49;65m▀[48;2;90;82;98m▀▀▀▀[48;2;57;49;65m▀[38;2;57;49;65;49m▀[0m  [38;2;0;0;0;48;2;0;0;0m▀[38;2;164;123;16;48;2;164;123;16m▀[48;2;82;57;0m▀▀[48;2;0;0;0m▀[48;2;164;123;16m▀▀[38;2;82;57;0;48;2;82;57;0m▀[0m
[0m             [38;2;0;0;0m▀[38;2;90;82;98;48;2;0;0;0m▀[48;2;90;82;98m▀▀[38;2;57;49;65;48;2;0;0;0m▀[0m    [38;2;0;0;0m▀[38;2;90;82;98;48;2;0;0;0m▀[38;2;123;123;131;48;2;123;123;131m▀▀[38;2;90;82;98m▀[38;2;57;49;65;48;2;0;0;0m▀[0m   [38;2;0;0;0m▀▀[0m   [38;2;0;0;0m▀▀▀[0m
[0m               [38;2;0;0;0m▀▀[0m       [38;2;0;0;0m▀▀▀[0m
