[0m                [38;2;74;74;65m▄[38;2;106;106;90;48;2;131;131;115m▀[48;2;49;49;41m▀[38;2;49;49;41;49m▀[0m
[0m               [38;2;74;74;65;48;2;49;49;41m▀[38;2;131;131;115;48;2;131;131;115m▀▀[38;2;49;49;41m▀[49m▄[0m
[0m                [38;2;49;49;41m▀[38;2;131;131;115;48;2;8;8;8m▀[48;2;131;131;115m▀[48;2;106;106;90m▀[38;2;49;49;41m▀▀[49m▄[0m
[0m            [38;2;74;74;65m▄▄▄▄[38;2;8;8;8;48;2;106;106;90m▀[38;2;49;49;41m▀[38;2;106;106;90m▀▀▀▀▀[38;2;49;49;41;48;2;8;8;8m▀[0m
[0m       [38;2;74;74;65m▄▄[48;2;131;131;115m▀▀▀[38;2;131;131;115m▀[48;2;106;106;90m▀▀[38;2;106;106;90m▀▀▀▀[48;2;74;74;65m▀[48;2;106;106;90m▀▀[48;2;49;49;41m▀[38;2;8;8;8;49m▀[0m
[0m     [38;2;49;49;41m▄[38;2;74;74;65;48;2;106;106;90m▀[38;2;131;131;115;48;2;131;131;115m▀▀[48;2;74;74;65m▀[48;2;8;8;8m▀[38;2;106;106;90m▀[48;2;106;106;90m▀▀▀▀▀▀▀▀[38;2;8;8;8m▀[38;2;49;49;41;48;2;8;8;8m▀[0m
[0m    [38;2;49;49;41m▄[48;2;106;106;90m▀[38;2;106;106;90;48;2;49;49;41m▀[38;2;49;49;41;48;2;255;255;230m▀[38;2;74;74;65m▀[38;2;255;255;230m▀▀[38;2;222;213;172;48;2;222;213;172m▀[38;2;8;8;8m▀[38;2;106;106;90;48;2;8;8;8m▀▀[48;2;106;106;90m▀▀▀▀▀▀▀[38;2;8;8;8;48;2;8;8;8m▀[38;2;49;49;41;48;2;180;180;148m▀[49m▄[0m
[0m    [38;2;49;49;41;48;2;49;49;41m▀[48;2;255;255;230m▀[38;2;255;255;230m▀▀▀▀▀[38;2;222;213;172;48;2;222;213;172m▀▀▀▀[38;2;8;8;8m▀[38;2;106;106;90;48;2;8;8;8m▀[48;2;106;106;90m▀▀▀▀▀▀[38;2;8;8;8;48;2;8;8;8m▀[38;2;222;213;172;48;2;106;106;90m▀[38;2;49;49;41;48;2;222;213;172m▀▀[49m▄[0m
[0m  [38;2;8;8;8m▄[38;2;49;49;41;48;2;255;255;230m▀[38;2;255;255;230m▀▀▀▀▀▀[38;2;222;213;172;48;2;222;213;172m▀▀▀▀▀▀▀[38;2;49;49;41;48;2;8;8;8m▀[38;2;106;106;90;48;2;106;106;90m▀▀▀▀▀[38;2;49;49;41m▀[38;2;106;106;90;48;2;74;74;65m▀[48;2;106;106;90m▀[38;2;222;213;172;48;2;148;139;115m▀[48;2;222;213;172m▀[38;2;49;49;41;48;2;49;49;41m▀[48;2;106;106;90m▀▀[49m▄▄[0m
[0m  [38;2;8;8;8;48;2;49;49;41m▀[38;2;238;230;197;48;2;8;8;8m▀[38;2;255;255;230;48;2;255;255;230m▀▀▀[48;2;222;213;172m▀▀[38;2;222;213;172m▀[48;2;148;139;115m▀[48;2;74;74;65m▀▀[48;2;148;139;115m▀[48;2;222;213;172m▀▀▀▀[38;2;49;49;41;48;2;8;8;8m▀[38;2;106;106;90;48;2;106;106;90m▀▀▀▀▀▀▀▀[38;2;222;213;172;48;2;148;139;115m▀[48;2;222;213;172m▀[38;2;49;49;41;48;2;49;49;41m▀[38;2;106;106;90;48;2;106;106;90m▀▀▀[38;2;49;49;41m▀[49m▄▄[0m
[0m  [38;2;49;49;41m▄[38;2;8;8;8;48;2;8;8;8m▀[38;2;148;139;115m▀[38;2;255;255;230;48;2;238;230;197m▀[38;2;222;213;172;48;2;222;213;172m▀▀▀[38;2;148;139;115;48;2;74;74;65m▀[38;2;74;74;65;48;2;148;139;115m▀[48;2;74;74;65m▀[48;2;8;8;8m▀[38;2;8;8;8m▀▀[38;2;222;213;172;48;2;148;139;115m▀[48;2;222;213;172m▀▀▀[38;2;49;49;41;48;2;8;8;8m▀[38;2;106;106;90;48;2;106;106;90m▀▀▀▀▀▀▀[48;2;8;8;8m▀▀[38;2;8;8;8;48;2;106;106;90m▀[38;2;106;106;90m▀▀▀▀[38;2;74;74;65;48;2;74;74;65m▀▀[38;2;49;49;41m▀[49m▄[0m
[38;2;49;49;41;49m▄[48;2;74;74;65m▀[38;2;74;74;65m▀[38;2;8;8;8;48;2;8;8;8m▀▀[38;2;222;213;172;48;2;222;213;172m▀▀▀[38;2;148;139;115;48;2;74;74;65m▀[38;2;74;74;65;48;2;148;139;115m▀[38;2;148;139;115;48;2;255;74;16m▀[38;2;255;74;16m▀[38;2;180;49;82m▀[38;2;8;8;8;48;2;8;8;8m▀▀▀[38;2;222;213;172;48;2;222;213;172m▀▀▀[38;2;8;8;8m▀[38;2;74;74;65;48;2;49;49;41m▀[38;2;106;106;90;48;2;74;74;65m▀[38;2;74;74;65;48;2;106;106;90m▀[38;2;106;106;90;48;2;74;74;65m▀[38;2;74;74;65;48;2;106;106;90m▀[38;2;49;49;41m▀▀[38;2;106;106;90m▀▀▀▀▀[48;2;74;74;65m▀[38;2;74;74;65m▀▀▀▀[38;2;8;8;8;48;2;8;8;8m▀[0m
[38;2;49;49;41;48;2;49;49;41m▀[38;2;74;74;65m▀[38;2;49;49;41;48;2;8;8;8m▀[38;2;8;8;8;48;2;49;49;41m▀[38;2;148;139;115;48;2;255;255;230m▀[38;2;238;230;197;48;2;238;230;197m▀[38;2;222;213;172;48;2;222;213;172m▀▀[38;2;8;8;8;48;2;8;8;8m▀[38;2;148;139;115;48;2;148;139;115m▀[38;2;255;74;16;48;2;180;49;82m▀▀[38;2;180;49;82;48;2;8;8;8m▀[38;2;8;8;8m▀▀▀[38;2;222;213;172;48;2;222;213;172m▀▀▀▀[38;2;8;8;8;48;2;8;8;8m▀[38;2;106;106;90;48;2;74;74;65m▀[38;2;74;74;65;48;2;106;106;90m▀[38;2;106;106;90;48;2;74;74;65m▀[38;2;74;74;65;48;2;106;106;90m▀[38;2;106;106;90;48;2;74;74;65m▀[48;2;106;106;90m▀▀[48;2;74;74;65m▀▀▀[38;2;74;74;65m▀▀▀[48;2;8;8;8m▀[38;2;8;8;8;49m▀▀[0m
[0m [38;2;8;8;8;48;2;8;8;8m▀[38;2;222;213;172;48;2;148;139;115m▀[38;2;238;230;197;48;2;255;255;230m▀[38;2;255;255;230m▀▀[38;2;222;213;172;48;2;238;230;197m▀[48;2;222;213;172m▀[38;2;74;74;65;48;2;148;139;115m▀[48;2;8;8;8m▀[38;2;8;8;8m▀▀▀▀▀[38;2;148;139;115;48;2;222;213;172m▀[38;2;222;213;172m▀▀▀[38;2;148;139;115;48;2;8;8;8m▀[38;2;8;8;8;48;2;74;74;65m▀[38;2;74;74;65m▀▀▀▀▀▀▀▀▀▀▀▀[38;2;8;8;8;48;2;8;8;8m▀[0m
[0m [38;2;8;8;8m▄[48;2;255;255;230m▀[38;2;255;255;230m▀▀▀[38;2;238;230;197m▀[38;2;222;213;172;48;2;222;213;172m▀▀[38;2;148;139;115m▀[38;2;74;74;65m▀[38;2;8;8;8m▀▀[38;2;148;139;115m▀[38;2;222;213;172m▀▀▀[48;2;148;139;115m▀[38;2;148;139;115;48;2;8;8;8m▀[38;2;8;8;8;48;2;74;74;65m▀[38;2;74;74;65m▀▀▀▀[38;2;8;8;8m▀▀[38;2;74;74;65;48;2;8;8;8m▀▀▀▀▀[38;2;8;8;8;49m▀▀[0m
[38;2;8;8;8;48;2;8;8;8m▀[38;2;255;255;230;48;2;238;230;197m▀[38;2;238;230;197;48;2;148;139;115m▀[38;2;148;139;115;48;2;8;8;8m▀[38;2;106;106;90m▀[38;2;255;255;230;48;2;255;255;230m▀▀[38;2;222;213;172;48;2;222;213;172m▀[48;2;148;139;115m▀[48;2;8;8;8m▀▀[48;2;222;213;172m▀▀▀[48;2;148;139;115m▀[48;2;8;8;8m▀[38;2;8;8;8;48;2;74;74;65m▀▀[38;2;74;74;65m▀▀▀▀▀▀▀▀▀▀[48;2;8;8;8m▀[38;2;8;8;8;49m▀[0m
[0m [38;2;8;8;8m▀▀[0m [38;2;8;8;8;48;2;8;8;8m▀[38;2;255;255;230;48;2;238;230;197m▀[38;2;238;230;197;48;2;222;213;172m▀[38;2;222;213;172;48;2;148;139;115m▀[38;2;8;8;8;48;2;8;8;8m▀[38;2;74;74;65;48;2;74;74;65m▀▀[38;2;8;8;8;48;2;8;8;8m▀[38;2;222;213;172;48;2;222;213;172m▀▀▀[38;2;8;8;8;48;2;8;8;8m▀[38;2;74;74;65;48;2;74;74;65m▀▀▀▀▀▀▀▀▀▀[48;2;8;8;8m▀[38;2;8;8;8;48;2;74;74;65m▀[38;2;74;74;65m▀[38;2;49;49;41m▀[49m▄▄[48;2;74;74;65m▀[38;2;8;8;8;48;2;8;8;8m▀[0m
[0m     [38;2;8;8;8m▀▀▀[38;2;74;74;65;48;2;8;8;8m▀▀[48;2;74;74;65m▀▀[38;2;8;8;8m▀▀▀[38;2;74;74;65m▀▀▀▀▀[48;2;8;8;8m▀▀[48;2;74;74;65m▀▀▀▀▀▀▀▀▀▀[48;2;8;8;8m▀[38;2;8;8;8;49m▀[0m
[0m          [38;2;8;8;8m▀▀▀[38;2;74;74;65;48;2;8;8;8m▀▀▀▀▀[38;2;8;8;8;48;2;74;74;65m▀▀[38;2;74;74;65m▀▀▀▀▀▀▀▀[38;2;49;49;41;48;2;8;8;8m▀[38;2;8;8;8;49m▀▀▀[0m
[0m                [38;2;8;8;8m▀[38;2;74;74;65;48;2;8;8;8m▀[48;2;74;74;65m▀▀▀▀[48;2;8;8;8m▀[38;2;8;8;8;49m▀▀[38;2;74;74;65;48;2;8;8;8m▀▀[38;2;49;49;41m▀[38;2;8;8;8;49m▀[0m
[0m                  [38;2;8;8;8m▀▀▀▀[0m
