[0m       [38;2;57;82;98m▄[38;2;57;123;164m▄[38;2;57;82;98;48;2;156;213;238m▀[48;2;106;189;222m▀▀[49m▄▄[0m
[0m     [38;2;57;82;98m▄[48;2;106;189;222m▀[38;2;156;213;238;48;2;156;213;238m▀▀▀▀[38;2;106;189;222;48;2;106;189;222m▀▀▀[38;2;57;82;98m▀[38;2;0;0;0m▀[49m▄[0m
[0m     [38;2;57;82;98;48;2;57;82;98m▀[38;2;106;189;222;48;2;106;189;222m▀▀[38;2;156;213;238m▀▀[38;2;106;189;222m▀[48;2;74;156;189m▀▀▀▀[48;2;106;189;222m▀▀[38;2;0;0;0m▀[49m▄[0m
[0m     [38;2;57;123;164m▀[48;2;57;82;98m▀[38;2;106;189;222;48;2;106;189;222m▀▀▀[38;2;74;156;189;48;2;74;156;189m▀▀▀▀▀▀[38;2;106;189;222m▀[48;2;106;189;222m▀[38;2;57;123;164m▀[38;2;0;0;0;48;2;0;0;0m▀[38;2;57;82;98;49m▄▄[0m
[0m       [38;2;0;0;0m▀[38;2;106;189;222;48;2;0;0;0m▀▀[38;2;74;156;189;48;2;106;189;222m▀[48;2;74;156;189m▀▀▀▀▀▀▀[38;2;106;189;222;48;2;106;189;222m▀▀[38;2;57;82;98;48;2;57;82;98m▀[38;2;106;189;222;48;2;106;189;222m▀[38;2;57;82;98m▀[49m▄[0m
[0m        [38;2;57;123;164m▄[48;2;156;213;238m▀[38;2;0;0;0m▀▀[38;2;106;189;222;48;2;57;82;98m▀[38;2;74;156;189m▀▀[48;2;74;156;189m▀▀[48;2;106;189;222m▀[38;2;106;189;222m▀▀▀▀▀▀[38;2;57;82;98;48;2;74;156;189m▀[38;2;0;0;0;49m▄[0m
[0m       [38;2;57;82;98;48;2;57;82;98m▀[38;2;156;213;238;48;2;156;213;238m▀▀▀▀▀[38;2;106;189;222;48;2;106;189;222m▀▀▀▀▀▀▀▀▀▀▀▀[38;2;0;0;0m▀[49m▄[0m
[0m      [38;2;57;82;98;48;2;57;82;98m▀[38;2;106;189;222;48;2;106;189;222m▀[48;2;0;0;0m▀[38;2;0;0;0;48;2;57;82;98m▀[38;2;156;213;238;48;2;0;0;0m▀[48;2;106;189;222m▀[38;2;106;189;222m▀▀▀▀▀▀[48;2;0;0;0m▀[38;2;0;0;0;48;2;57;82;98m▀[38;2;106;189;222;48;2;0;0;0m▀[48;2;106;189;222m▀▀▀▀▀[38;2;0;0;0;48;2;57;82;98m▀[38;2;57;82;98;49m▄[0m
[0m     [38;2;57;82;98m▄[48;2;74;156;189m▀[38;2;0;0;0m▀[38;2;57;82;98;48;2;106;189;222m▀[38;2;106;189;222m▀[38;2;57;82;98m▀[38;2;0;0;0m▀[38;2;106;189;222m▀▀▀▀▀[38;2;0;0;0m▀[38;2;57;82;98m▀[38;2;106;189;222m▀[38;2;57;82;98m▀[38;2;0;0;0m▀[38;2;106;189;222m▀▀▀▀▀[38;2;0;0;0;48;2;0;0;0m▀[0m
[0m     [38;2;57;82;98;48;2;57;82;98m▀[38;2;74;156;189;48;2;74;156;189m▀[38;2;57;82;98m▀[38;2;106;189;222;48;2;0;0;0m▀[48;2;74;156;189m▀[38;2;57;123;164;48;2;0;0;0m▀[38;2;0;0;0;48;2;164;49;65m▀[38;2;106;189;222;48;2;57;82;98m▀[48;2;57;123;164m▀[48;2;106;189;222m▀[48;2;57;123;164m▀[48;2;0;0;0m▀[38;2;0;0;0;48;2;164;49;65m▀[38;2;106;189;222;48;2;57;82;98m▀[48;2;106;189;222m▀▀▀[48;2;0;0;0m▀[48;2;106;189;222m▀[38;2;57;123;164;48;2;57;82;98m▀[38;2;106;189;222;48;2;106;189;222m▀▀[38;2;0;0;0;48;2;0;0;0m▀[0m
[0m     [38;2;57;82;98;48;2;57;82;98m▀[38;2;74;156;189;48;2;74;156;189m▀▀[38;2;57;82;98;48;2;57;82;98m▀[38;2;0;0;0;48;2;164;49;65m▀[38;2;164;49;65m▀▀▀[38;2;57;82;98m▀[38;2;0;0;0m▀▀[38;2;164;49;65m▀▀[38;2;123;41;57m▀[38;2;57;82;98m▀[38;2;57;123;164;48;2;0;0;0m▀[38;2;0;0;0m▀[38;2;74;156;189;48;2;74;156;189m▀▀[38;2;57;82;98;48;2;57;82;98m▀[38;2;106;189;222;48;2;106;189;222m▀▀[38;2;57;82;98;48;2;74;156;189m▀[48;2;0;0;0m▀[0m
[0m    [38;2;74;156;189;48;2;57;82;98m▀[38;2;106;189;222;48;2;156;213;238m▀[38;2;57;82;98;48;2;57;82;98m▀[38;2;74;156;189;48;2;74;156;189m▀[38;2;57;82;98m▀[38;2;164;49;65;48;2;57;82;98m▀[48;2;164;49;65m▀▀[48;2;123;41;57m▀▀[38;2;123;41;57;48;2;222;90;98m▀▀▀▀[38;2;164;49;65;48;2;123;41;57m▀▀[48;2;164;49;65m▀[38;2;57;82;98;48;2;57;82;98m▀[38;2;74;156;189;48;2;74;156;189m▀▀[38;2;57;82;98;48;2;57;82;98m▀[38;2;106;189;222;48;2;106;189;222m▀▀[38;2;74;156;189;48;2;74;156;189m▀[38;2;0;0;0;48;2;0;0;0m▀[0m
[0m    [38;2;57;82;98;48;2;57;82;98m▀[38;2;156;213;238;48;2;156;213;238m▀[38;2;74;156;189;48;2;74;156;189m▀[38;2;57;82;98;48;2;0;0;0m▀[38;2;74;156;189;48;2;74;156;189m▀[38;2;57;82;98m▀[38;2;164;49;65;48;2;57;82;98m▀[38;2;123;41;57;48;2;123;41;57m▀[38;2;164;49;65;48;2;222;90;98m▀[38;2;222;90;98m▀▀▀▀▀▀[38;2;164;49;65m▀[38;2;123;41;57;48;2;57;82;98m▀[38;2;74;156;189;48;2;74;156;189m▀▀▀[38;2;57;82;98;48;2;57;82;98m▀[38;2;106;189;222;48;2;106;189;222m▀▀▀[38;2;0;0;0;48;2;0;0;0m▀[0m
[0m   [38;2;57;82;98;48;2;57;82;98m▀[38;2;156;213;238;48;2;156;213;238m▀[38;2;74;156;189;48;2;74;156;189m▀▀[38;2;0;0;0;48;2;0;0;0m▀[49m▀[38;2;74;156;189;48;2;0;0;0m▀▀[48;2;74;156;189m▀[38;2;57;82;98m▀[38;2;123;41;57m▀[38;2;222;90;98;48;2;57;82;98m▀▀▀▀[38;2;123;41;57;48;2;74;156;189m▀[38;2;57;82;98m▀[38;2;74;156;189m▀[48;2;57;82;98m▀[48;2;0;0;0m▀[38;2;0;0;0;49m▀[38;2;57;82;98m▀[38;2;74;156;189;48;2;57;82;98m▀[38;2;106;189;222;48;2;106;189;222m▀▀[38;2;57;82;98;48;2;74;156;189m▀[38;2;0;0;0;49m▄[0m
[0m  [38;2;57;82;98;48;2;57;82;98m▀[38;2;156;213;238;48;2;156;213;238m▀[38;2;74;156;189;48;2;74;156;189m▀▀▀[38;2;0;0;0;48;2;0;0;0m▀[0m  [38;2;57;82;98m▄[38;2;0;0;0;48;2;74;156;189m▀▀[38;2;74;156;189m▀▀▀[48;2;57;82;98m▀▀▀[38;2;0;0;0;48;2;74;156;189m▀▀[48;2;57;82;98m▀[0m   [38;2;57;82;98;48;2;57;82;98m▀[38;2;106;189;222;48;2;106;189;222m▀▀[38;2;74;156;189m▀[38;2;0;0;0;48;2;0;0;0m▀[0m
[0m [38;2;57;82;98m▄[48;2;156;213;238m▀[38;2;156;213;238;48;2;74;156;189m▀[38;2;74;156;189m▀▀[48;2;0;0;0m▀[38;2;0;0;0;49m▀[0m [38;2;57;82;98;48;2;57;82;98m▀[38;2;74;156;189;48;2;74;156;189m▀[48;2;106;189;222m▀▀▀▀[48;2;74;156;189m▀▀▀▀▀▀▀[38;2;57;82;98;48;2;57;82;98m▀[0m  [38;2;57;82;98;48;2;57;82;98m▀[38;2;106;189;222;48;2;106;189;222m▀▀▀[38;2;0;0;0m▀[49m▄[0m
[38;2;0;0;0;49m▄[38;2;57;82;98;48;2;156;213;238m▀[38;2;156;213;238;48;2;74;156;189m▀[38;2;74;156;189m▀▀▀[38;2;0;0;0;48;2;0;0;0m▀[0m [38;2;57;82;98;48;2;57;82;98m▀[38;2;74;156;189;48;2;106;189;222m▀[38;2;106;189;222m▀▀▀▀▀▀▀[38;2;74;156;189m▀[48;2;74;156;189m▀▀▀▀▀[38;2;57;82;98;48;2;0;0;0m▀[0m [38;2;57;82;98m▀[38;2;74;156;189;48;2;57;82;98m▀[38;2;106;189;222;48;2;106;189;222m▀▀▀[38;2;57;82;98m▀[38;2;0;0;0;48;2;0;0;0m▀[0m  [38;2;0;0;0m▄▄▄▄[0m
[38;2;0;0;0;49m▀[38;2;156;213;238;48;2;0;0;0m▀[38;2;74;156;189m▀▀▀[38;2;0;0;0;49m▀[0m  [38;2;57;82;98;48;2;0;0;0m▀[38;2;106;189;222m▀[38;2;0;0;0;48;2;57;82;98m▀[38;2;106;189;222;48;2;106;189;222m▀[48;2;0;0;0m▀[48;2;106;189;222m▀▀[48;2;0;0;0m▀[48;2;106;189;222m▀▀▀[38;2;74;156;189;48;2;74;156;189m▀[48;2;0;0;0m▀[48;2;57;123;164m▀[48;2;74;156;189m▀[38;2;0;0;0;48;2;0;0;0m▀[49m▄[0m [38;2;57;82;98m▀[38;2;106;189;222;48;2;57;82;98m▀[48;2;106;189;222m▀▀▀[38;2;0;0;0;48;2;57;82;98m▀[48;2;0;0;0m▀[48;2;205;205;197m▀[38;2;131;123;123;48;2;0;0;0m▀[48;2;205;205;197m▀[38;2;0;0;0m▀[48;2;0;0;0m▀▀[0m
[0m          [38;2;57;82;98;48;2;57;82;98m▀[38;2;0;0;0m▀[38;2;57;82;98;48;2;74;156;189m▀[38;2;0;0;0m▀[48;2;0;0;0m▀[38;2;74;156;189;48;2;74;156;189m▀[38;2;0;0;0m▀[38;2;74;156;189;48;2;0;0;0m▀▀[38;2;0;0;0;48;2;74;156;189m▀[38;2;74;156;189m▀[38;2;0;0;0m▀[48;2;0;0;0m▀[49m▀[48;2;0;0;0m▀▀▀[38;2;57;82;98m▀[38;2;74;156;189m▀[38;2;106;189;222m▀[38;2;57;82;98m▀[38;2;0;0;0m▀[38;2;131;123;123m▀[38;2;205;205;197m▀▀[38;2;131;123;123m▀[38;2;0;0;0;49m▀▀[0m
[0m            [38;2;57;82;98m▀▀▀[38;2;0;0;0m▀[38;2;57;82;98;48;2;0;0;0m▀[38;2;106;189;222m▀▀[38;2;74;156;189m▀[38;2;57;82;98m▀[38;2;0;0;0;49m▀[0m     [38;2;0;0;0m▀▀▀▀▀▀[0m
