[0m             [38;2;205;139;90m▄[48;2;255;238;164m▀[38;2;148;98;74;48;2;238;197;106m▀[49m▄[0m
[0m            [38;2;205;139;90;48;2;205;139;90m▀[38;2;238;197;106;48;2;255;238;164m▀[38;2;255;238;164m▀[38;2;238;197;106;48;2;238;197;106m▀▀[38;2;0;0;0m▀[49m▄[0m
[0m           [38;2;205;139;90;48;2;205;139;90m▀[38;2;255;238;164;48;2;255;238;164m▀[48;2;255;115;90m▀[38;2;255;115;90m▀[38;2;205;139;90m▀[38;2;238;197;106;48;2;205;139;90m▀[48;2;238;197;106m▀[38;2;148;98;74m▀[48;2;0;0;0m▀[0m
[0m          [38;2;205;139;90;48;2;205;139;90m▀[38;2;255;238;164;48;2;255;238;164m▀[38;2;205;139;90;48;2;255;115;90m▀[38;2;255;115;90m▀[48;2;57;49;49m▀▀[48;2;255;115;90m▀[38;2;205;139;90m▀[38;2;238;197;106;48;2;205;139;90m▀[38;2;148;98;74;48;2;238;197;106m▀[48;2;0;0;0m▀[0m
[0m         [38;2;205;139;90;48;2;205;139;90m▀[38;2;255;238;164;48;2;255;238;164m▀[38;2;205;139;90;48;2;255;115;90m▀[38;2;255;115;90;48;2;180;90;49m▀[38;2;57;49;49;48;2;74;74;74m▀[38;2;74;74;74m▀▀[38;2;57;49;49m▀[38;2;255;115;90;48;2;180;90;49m▀[48;2;255;115;90m▀[38;2;238;197;106;48;2;205;139;90m▀[48;2;238;197;106m▀[38;2;0;0;0;48;2;148;98;74m▀[38;2;148;98;74;49m▄[0m
[0m        [38;2;205;139;90;48;2;205;139;90m▀[38;2;255;238;164;48;2;255;238;164m▀[38;2;255;115;90;48;2;255;115;90m▀[48;2;57;49;49m▀[38;2;57;49;49;48;2;74;74;74m▀[38;2;74;74;74m▀▀▀▀[38;2;57;49;49m▀[38;2;255;115;90;48;2;180;90;49m▀[48;2;255;115;90m▀[38;2;238;197;106;48;2;205;139;90m▀[38;2;205;139;90;48;2;238;197;106m▀[38;2;0;0;0;48;2;205;139;90m▀[49m▄[0m
[0m       [38;2;205;139;90;48;2;148;98;74m▀[38;2;255;238;164;48;2;255;238;164m▀[38;2;255;115;90;48;2;255;115;90m▀[48;2;180;90;49m▀[38;2;57;49;49;48;2;74;74;74m▀[38;2;74;74;74m▀▀▀▀▀▀[38;2;57;49;49;48;2;57;49;49m▀[38;2;255;115;90;48;2;180;90;49m▀[48;2;255;115;90m▀[38;2;238;197;106;48;2;205;139;90m▀[48;2;238;197;106m▀[38;2;0;0;0m▀[49m▄[0m
[0m      [38;2;205;139;90;48;2;148;98;74m▀[38;2;255;238;164;48;2;255;238;164m▀[38;2;255;115;90;48;2;255;115;90m▀▀[38;2;57;49;49;48;2;57;49;49m▀[38;2;74;74;74;48;2;74;74;74m▀▀▀▀▀▀▀▀[38;2;57;49;49;48;2;57;49;49m▀[38;2;255;115;90;48;2;180;90;49m▀[48;2;255;115;90m▀[38;2;238;197;106;48;2;205;139;90m▀[48;2;238;197;106m▀[38;2;0;0;0m▀[49m▄[0m
[0m     [38;2;148;98;74;48;2;148;98;74m▀[38;2;255;238;164;48;2;255;238;164m▀[38;2;255;115;90;48;2;255;115;90m▀[48;2;180;90;49m▀[38;2;57;49;49;48;2;57;49;49m▀[38;2;74;74;74;48;2;74;74;74m▀▀[48;2;115;115;115m▀[38;2;115;115;115m▀▀▀▀[38;2;74;74;74m▀[48;2;74;74;74m▀▀[38;2;57;49;49;48;2;57;49;49m▀[38;2;255;115;90;48;2;255;115;90m▀▀[38;2;238;197;106;48;2;205;139;90m▀[48;2;238;197;106m▀[38;2;0;0;0m▀[49m▄[0m
[0m    [38;2;148;98;74;48;2;148;98;74m▀[38;2;255;238;164;48;2;255;238;164m▀[48;2;205;139;90m▀[38;2;255;115;90;48;2;255;115;90m▀[38;2;57;49;49;48;2;57;49;49m▀[38;2;139;213;255;48;2;65;148;213m▀[38;2;65;148;213m▀[38;2;115;115;115;48;2;115;115;115m▀▀▀▀▀▀▀[38;2;139;213;255;48;2;65;148;213m▀[38;2;65;148;213m▀[38;2;57;49;49;48;2;74;74;74m▀[38;2;180;90;49;48;2;57;49;49m▀[38;2;255;115;90;48;2;255;115;90m▀▀[38;2;238;197;106;48;2;238;197;106m▀▀[38;2;0;0;0m▀[49m▄[0m
[0m   [38;2;148;98;74;48;2;148;98;74m▀[38;2;255;238;164;48;2;255;238;164m▀[48;2;205;139;90m▀[38;2;255;115;90;48;2;255;115;90m▀[38;2;180;90;49;48;2;57;49;49m▀[38;2;74;74;74;48;2;74;74;74m▀▀[38;2;115;115;115;48;2;115;115;115m▀[48;2;74;74;74m▀[48;2;57;49;49m▀▀▀▀▀[48;2;74;74;74m▀[48;2;115;115;115m▀▀[38;2;74;74;74;48;2;74;74;74m▀[38;2;57;49;49m▀[38;2;255;115;90;48;2;180;90;49m▀[48;2;255;115;90m▀[38;2;205;139;90m▀[38;2;238;197;106;48;2;238;197;106m▀▀[38;2;0;0;0;48;2;205;139;90m▀[49m▄[0m
[0m  [38;2;148;98;74;48;2;148;98;74m▀[38;2;255;238;164;48;2;255;238;164m▀▀[38;2;255;115;90;48;2;255;115;90m▀[48;2;180;90;49m▀[38;2;57;49;49;48;2;57;49;49m▀[38;2;74;74;74;48;2;74;74;74m▀[48;2;57;49;49m▀[48;2;180;172;172m▀[38;2;222;222;222;48;2;255;255;255m▀[38;2;255;255;255m▀[38;2;180;172;172;48;2;180;172;172m▀[38;2;255;255;255;48;2;255;255;255m▀▀[38;2;222;222;222m▀[38;2;180;172;172;48;2;180;172;172m▀[38;2;74;74;74;48;2;222;222;222m▀[38;2;57;49;49m▀[38;2;74;74;74;48;2;57;49;49m▀[48;2;74;74;74m▀[38;2;57;49;49;48;2;57;49;49m▀[38;2;255;115;90;48;2;255;115;90m▀▀[38;2;205;139;90m▀[38;2;238;197;106;48;2;238;197;106m▀▀[38;2;0;0;0;48;2;205;139;90m▀[49m▄[0m
[0m [38;2;148;98;74m▄[48;2;255;238;164m▀[38;2;255;238;164;48;2;238;197;106m▀[38;2;238;197;106;48;2;255;238;164m▀[38;2;255;115;90;48;2;255;115;90m▀[38;2;180;90;49m▀[38;2;74;74;74;48;2;57;49;49m▀[38;2;57;49;49m▀[38;2;222;222;222;48;2;222;222;222m▀[38;2;180;172;172;48;2;180;172;172m▀[38;2;255;255;255;48;2;222;222;222m▀[48;2;255;255;255m▀[38;2;180;172;172;48;2;180;172;172m▀[38;2;255;255;255;48;2;255;255;255m▀[48;2;57;49;49m▀▀[38;2;180;172;172m▀[38;2;255;255;255m▀[38;2;222;222;222;48;2;255;255;255m▀[48;2;222;222;222m▀[38;2;57;49;49;48;2;57;49;49m▀[48;2;255;115;90m▀[38;2;255;115;90m▀▀[48;2;238;197;106m▀[38;2;238;197;106m▀▀▀[38;2;0;0;0;48;2;0;0;0m▀[0m
[38;2;0;0;0;49m▄[38;2;148;98;74;48;2;238;197;106m▀[38;2;238;197;106;48;2;255;238;164m▀[38;2;255;238;164;48;2;148;98;74m▀[38;2;238;197;106;48;2;255;238;164m▀[38;2;205;139;90;48;2;238;197;106m▀[38;2;255;115;90;48;2;205;139;90m▀[48;2;255;115;90m▀[38;2;180;90;49m▀[38;2;57;49;49m▀[38;2;115;115;115;48;2;180;90;49m▀[38;2;222;222;222;48;2;57;49;49m▀[48;2;222;222;222m▀[38;2;180;172;172;48;2;115;115;115m▀[38;2;57;49;49;48;2;0;0;0m▀[38;2;74;74;74;48;2;74;74;74m▀[38;2;115;115;115;48;2;115;115;115m▀▀[38;2;74;74;74;48;2;74;74;74m▀[38;2;57;49;49;48;2;0;0;0m▀[38;2;180;90;49;48;2;255;115;90m▀[38;2;255;115;90m▀▀[48;2;238;197;106m▀[38;2;238;197;106m▀▀▀[38;2;205;139;90;48;2;148;98;74m▀[38;2;238;197;106;48;2;238;197;106m▀▀[38;2;0;0;0;48;2;0;0;0m▀[0m
[38;2;0;0;0;49m▀[38;2;238;197;106;48;2;0;0;0m▀[38;2;205;139;90;48;2;148;98;74m▀[38;2;148;98;74;48;2;238;197;106m▀[38;2;238;197;106m▀▀▀[48;2;148;98;74m▀[38;2;255;115;90;48;2;238;197;106m▀[48;2;205;139;90m▀[48;2;255;115;90m▀▀[38;2;180;90;49m▀[38;2;115;115;115;48;2;57;49;49m▀[38;2;0;0;0;48;2;0;0;0m▀[38;2;74;74;74;48;2;57;49;49m▀[48;2;74;74;74m▀▀[48;2;57;49;49m▀[38;2;0;0;0;48;2;0;0;0m▀[38;2;255;115;90;48;2;205;139;90m▀[48;2;238;197;106m▀[38;2;238;197;106m▀[38;2;205;139;90;48;2;148;98;74m▀[38;2;238;197;106;48;2;238;197;106m▀▀▀[38;2;148;98;74;48;2;205;139;90m▀[38;2;238;197;106m▀[48;2;0;0;0m▀[38;2;0;0;0;49m▀[0m
[0m [38;2;0;0;0m▀[38;2;148;98;74;48;2;0;0;0m▀[38;2;238;197;106;48;2;205;139;90m▀[48;2;238;197;106m▀▀[38;2;205;139;90;48;2;148;98;74m▀[38;2;148;98;74;48;2;238;197;106m▀[38;2;238;197;106m▀▀[48;2;57;49;49m▀[38;2;57;49;49m▀[48;2;115;115;115m▀▀[38;2;74;74;74;48;2;57;49;49m▀[38;2;0;0;0;48;2;74;74;74m▀[48;2;0;0;0m▀[48;2;255;115;90m▀▀[38;2;255;115;90;48;2;205;139;90m▀[38;2;238;197;106;48;2;238;197;106m▀▀▀[38;2;148;98;74;48;2;205;139;90m▀[38;2;238;197;106m▀[48;2;238;197;106m▀▀▀[38;2;148;98;74;48;2;0;0;0m▀[38;2;0;0;0;49m▀[0m
[0m   [38;2;0;0;0m▀▀[38;2;238;197;106;48;2;0;0;0m▀[38;2;148;98;74m▀[38;2;238;197;106;48;2;205;139;90m▀[48;2;238;197;106m▀▀[38;2;0;0;0;48;2;0;0;0m▀[38;2;74;74;74;48;2;74;74;74m▀[38;2;115;115;115m▀▀[38;2;74;74;74m▀[38;2;57;49;49;48;2;57;49;49m▀[38;2;0;0;0;48;2;0;0;0m▀[38;2;255;115;90;48;2;255;115;90m▀▀[38;2;205;139;90;48;2;205;139;90m▀[38;2;238;197;106;48;2;238;197;106m▀▀▀[48;2;0;0;0m▀[38;2;148;98;74m▀[38;2;238;197;106m▀[38;2;0;0;0;49m▀▀[0m
[0m       [38;2;0;0;0;48;2;57;49;49m▀[48;2;74;74;74m▀▀▀[38;2;57;49;49;48;2;0;0;0m▀[38;2;74;74;74m▀▀[38;2;57;49;49m▀[38;2;0;0;0;49m▀[38;2;57;49;49m▀[38;2;148;98;74;48;2;0;0;0m▀▀[38;2;205;139;90m▀[38;2;0;0;0;48;2;74;74;74m▀▀▀[38;2;74;74;74m▀[38;2;0;0;0;48;2;0;0;0m▀[0m
[0m        [38;2;0;0;0;48;2;57;49;49m▀[38;2;115;115;115m▀[48;2;115;115;115m▀[38;2;74;74;74m▀[48;2;57;49;49m▀[38;2;0;0;0;48;2;0;0;0m▀[0m    [38;2;0;0;0;48;2;0;0;0m▀[38;2;74;74;74;48;2;57;49;49m▀[48;2;115;115;115m▀[38;2;115;115;115m▀[48;2;57;49;49m▀[38;2;0;0;0;48;2;0;0;0m▀[0m
[0m         [38;2;0;0;0m▀▀▀▀[0m      [38;2;0;0;0m▀▀▀▀[0m
