[0m        [38;2;106;139;222m▄[38;2;57;74;123;48;2;148;172;246m▀▀[48;2;106;139;222m▀[49m▄▄▄[38;2;74;106;189m▄▄▄▄▄[0m
[0m       [38;2;106;139;222;48;2;57;74;123m▀[38;2;148;172;246;48;2;106;139;222m▀[48;2;74;106;189m▀[38;2;57;74;123;48;2;148;172;246m▀[48;2;172;197;255m▀[38;2;106;139;222m▀[38;2;148;172;246m▀[48;2;148;172;246m▀▀▀▀[48;2;74;106;189m▀[38;2;106;139;222;48;2;57;74;123m▀[38;2;74;106;189m▀[48;2;148;172;246m▀▀[49m▄▄[0m
[0m     [38;2;57;74;123m▄[48;2;74;106;189m▀[38;2;74;106;189;48;2;148;172;246m▀[38;2;148;172;246m▀▀[38;2;172;197;255;48;2;172;197;255m▀▀▀▀▀[38;2;148;172;246;48;2;148;172;246m▀▀[38;2;74;106;189m▀[38;2;148;172;246;48;2;74;106;189m▀[48;2;106;139;222m▀[38;2;74;106;189;48;2;148;172;246m▀[38;2;57;74;123;48;2;57;74;123m▀[38;2;148;172;246;48;2;148;172;246m▀▀▀[38;2;74;106;189m▀[38;2;57;74;123;49m▄[0m
[0m    [38;2;57;74;123m▄[48;2;0;0;0m▀[38;2;0;0;0;48;2;255;255;255m▀[38;2;74;106;189;48;2;74;106;189m▀[38;2;148;172;246;48;2;148;172;246m▀▀▀[38;2;172;197;255m▀▀▀[38;2;148;172;246m▀▀▀▀▀[38;2;106;139;222m▀[38;2;148;172;246;48;2;74;106;189m▀[38;2;57;74;123;48;2;148;172;246m▀[38;2;148;172;246m▀▀▀▀▀[38;2;57;74;123;48;2;106;139;222m▀[49m▄[0m
[0m  [38;2;74;106;189m▄[48;2;148;172;246m▀[38;2;0;0;0;48;2;57;74;123m▀[38;2;106;90;49;48;2;0;0;0m▀[38;2;0;0;0;48;2;148;172;246m▀[38;2;148;172;246m▀▀▀▀▀▀[38;2;106;139;222;48;2;0;0;0m▀[38;2;0;0;0;48;2;255;255;255m▀[48;2;0;0;0m▀[38;2;74;106;189m▀[38;2;148;172;246;48;2;148;172;246m▀▀▀▀▀▀[48;2;172;197;255m▀[48;2;255;255;255m▀[48;2;148;172;246m▀▀[38;2;106;139;222;48;2;106;139;222m▀[38;2;74;106;189;48;2;74;106;189m▀[38;2;57;74;123;48;2;0;0;0m▀[0m
[0m [38;2;74;106;189;48;2;57;74;123m▀[38;2;148;172;246;48;2;148;172;246m▀▀▀▀[38;2;74;106;189m▀[38;2;148;172;246m▀▀[48;2;74;106;189m▀[48;2;148;172;246m▀▀▀[38;2;0;0;0;48;2;106;139;222m▀[48;2;0;0;0m▀[38;2;106;90;49m▀[38;2;0;0;0;48;2;74;106;189m▀[38;2;148;172;246;48;2;148;172;246m▀▀▀▀▀▀[38;2;255;255;255;48;2;255;255;255m▀▀▀[38;2;148;172;246;48;2;148;172;246m▀[38;2;106;139;222;48;2;106;139;222m▀[38;2;74;106;189;48;2;74;106;189m▀▀[38;2;0;0;0;48;2;0;0;0m▀[0m
[0m [38;2;57;74;123m▀[38;2;74;106;189;48;2;57;74;123m▀[38;2;148;172;246;48;2;0;0;0m▀[38;2;106;139;222;48;2;255;255;255m▀[48;2;172;197;255m▀[38;2;74;106;189;48;2;0;0;0m▀[38;2;0;0;0;48;2;246;230;189m▀[38;2;57;74;123m▀[38;2;148;172;246;48;2;0;0;0m▀[48;2;106;139;222m▀[48;2;148;172;246m▀▀▀▀▀[48;2;106;139;222m▀[38;2;74;106;189;48;2;57;74;123m▀[38;2;148;172;246;48;2;205;189;131m▀▀[48;2;148;172;246m▀▀▀[38;2;255;255;255m▀[48;2;255;255;255m▀[48;2;172;197;255m▀[38;2;148;172;246;48;2;148;172;246m▀[38;2;74;106;189;48;2;74;106;189m▀▀▀[38;2;0;0;0m▀[38;2;57;74;123;49m▄[0m
[0m [38;2;164;148;106;48;2;164;148;106m▀[38;2;205;189;131;48;2;246;230;189m▀[38;2;0;0;0m▀[38;2;255;255;255;48;2;0;0;0m▀[38;2;0;0;0;48;2;246;230;189m▀[38;2;246;230;189m▀▀▀▀[38;2;0;0;0;48;2;0;0;0m▀[38;2;74;106;189;48;2;255;255;255m▀[48;2;172;197;255m▀[38;2;106;139;222;48;2;0;0;0m▀▀[38;2;74;106;189m▀[38;2;0;0;0;48;2;246;230;189m▀[38;2;246;230;189m▀▀▀[38;2;205;189;131m▀[38;2;148;172;246;48;2;205;189;131m▀[48;2;148;172;246m▀▀▀▀[38;2;106;139;222;48;2;106;139;222m▀[38;2;74;106;189;48;2;74;106;189m▀▀▀▀[38;2;0;0;0;48;2;0;0;0m▀[0m
[0m [38;2;106;90;49;48;2;106;90;49m▀[38;2;246;230;189;48;2;246;230;189m▀▀▀▀▀▀▀▀[38;2;0;0;0m▀[38;2;255;255;255;48;2;0;0;0m▀[38;2;0;0;0;48;2;246;230;189m▀[38;2;246;230;189m▀▀▀▀▀▀▀▀▀[38;2;205;189;131;48;2;205;189;131m▀[38;2;148;172;246;48;2;148;172;246m▀[38;2;255;255;255;48;2;255;255;255m▀[38;2;172;197;255m▀[38;2;74;106;189;48;2;74;106;189m▀[48;2;106;139;222m▀[48;2;172;197;255m▀[48;2;74;106;189m▀▀[38;2;0;0;0;48;2;0;0;0m▀[0m
[0m [38;2;106;90;49;48;2;106;90;49m▀[38;2;246;230;189;48;2;246;230;189m▀▀▀▀▀▀▀▀▀▀▀▀▀▀▀▀▀▀▀▀▀[38;2;164;148;106;48;2;164;148;106m▀[38;2;74;106;189;48;2;74;106;189m▀▀▀[38;2;172;197;255m▀[48;2;172;197;255m▀[48;2;106;139;222m▀[38;2;74;106;189;48;2;74;106;189m▀[38;2;0;0;0;48;2;0;0;0m▀[49m▄▄[0m
[0m  [38;2;0;0;0;48;2;0;0;0m▀[38;2;246;230;189;48;2;246;230;189m▀▀▀▀▀▀▀▀▀▀▀▀▀▀▀▀▀▀▀[48;2;205;189;131m▀[38;2;205;189;131m▀[38;2;164;148;106;48;2;164;148;106m▀[38;2;74;106;189;48;2;74;106;189m▀▀▀▀▀▀[38;2;0;0;0;48;2;57;74;123m▀[38;2;74;106;189;48;2;74;106;189m▀[48;2;57;74;123m▀[38;2;0;0;0m▀[49m▄▄[38;2;57;74;123m▄[0m
[0m  [38;2;0;0;0m▀[38;2;205;189;131;48;2;0;0;0m▀[38;2;246;230;189;48;2;205;189;131m▀[48;2;246;230;189m▀▀▀▀▀▀▀▀▀▀▀▀▀▀▀▀[48;2;205;189;131m▀[38;2;205;189;131m▀▀[38;2;164;148;106;48;2;164;148;106m▀[38;2;74;106;189;48;2;74;106;189m▀▀▀▀▀[48;2;57;74;123m▀[38;2;57;74;123;48;2;74;106;189m▀[38;2;74;106;189m▀[38;2;0;0;0;48;2;0;0;0m▀[38;2;74;106;189;48;2;74;106;189m▀▀▀[38;2;57;74;123m▀[38;2;0;0;0;48;2;0;0;0m▀[0m
[0m [38;2;106;90;49m▄[48;2;246;230;189m▀[38;2;0;0;0m▀[38;2;205;189;131;48;2;0;0;0m▀[48;2;205;189;131m▀[38;2;246;230;189m▀▀[48;2;246;230;189m▀▀▀▀▀▀[48;2;205;189;131m▀[48;2;246;230;189m▀[48;2;205;189;131m▀[38;2;205;189;131;48;2;246;230;189m▀[38;2;246;230;189;48;2;205;189;131m▀[38;2;205;189;131;48;2;246;230;189m▀[48;2;205;189;131m▀▀▀▀[38;2;164;148;106;48;2;164;148;106m▀[38;2;74;106;189;48;2;74;106;189m▀▀▀▀[48;2;57;74;123m▀[38;2;57;74;123;48;2;74;106;189m▀[38;2;74;106;189;48;2;57;74;123m▀[38;2;57;74;123;48;2;74;106;189m▀[38;2;74;106;189m▀▀▀▀[48;2;0;0;0m▀[38;2;0;0;0;49m▀[0m
[38;2;106;90;49;48;2;106;90;49m▀[38;2;246;230;189;48;2;205;189;131m▀[48;2;246;230;189m▀[48;2;205;189;131m▀[38;2;205;189;131;48;2;106;90;49m▀[38;2;0;0;0m▀[38;2;205;189;131;48;2;0;0;0m▀[48;2;205;189;131m▀▀▀▀▀▀▀▀▀[38;2;246;230;189m▀[38;2;205;189;131m▀[38;2;246;230;189m▀[38;2;205;189;131m▀▀▀▀[38;2;164;148;106;48;2;164;148;106m▀[38;2;74;106;189;48;2;74;106;189m▀▀▀▀[48;2;0;0;0m▀[38;2;57;74;123;48;2;74;106;189m▀[38;2;74;106;189m▀▀▀[48;2;0;0;0m▀▀▀[38;2;0;0;0;49m▀[0m
[0m [38;2;0;0;0m▀▀▀[0m   [38;2;0;0;0m▀▀[38;2;205;189;131;48;2;0;0;0m▀▀▀[48;2;205;189;131m▀▀▀[38;2;164;148;106;48;2;106;90;49m▀[38;2;205;189;131;48;2;205;189;131m▀▀▀▀[48;2;246;230;189m▀[38;2;106;90;49m▀[38;2;164;148;106;48;2;106;90;49m▀[38;2;74;106;189;48;2;74;106;189m▀[48;2;0;0;0m▀▀[38;2;0;0;0;49m▀▀[38;2;57;74;123m▀▀[38;2;0;0;0m▀▀▀[0m
[0m            [38;2;0;0;0m▀▀▀▀▀[38;2;205;189;131;48;2;0;0;0m▀[48;2;205;189;131m▀[38;2;246;230;189m▀[48;2;246;230;189m▀▀[38;2;106;90;49m▀[38;2;0;0;0;48;2;106;90;49m▀[0m
[0m                  [38;2;0;0;0m▀▀[38;2;246;230;189;48;2;0;0;0m▀▀▀[38;2;106;90;49;49m▀[0m
