[0m            [38;2;57;98;189m▄▄[48;2;106;131;230m▀▀▀[38;2;57;57;98m▀▀[38;2;16;16;16;49m▄[0m
[0m          [38;2;57;57;98m▄[38;2;57;98;189;48;2;255;255;255m▀[38;2;255;255;255;48;2;197;222;213m▀▀▀▀[38;2;106;131;230m▀[48;2;57;98;189m▀[38;2;57;98;189m▀▀[38;2;16;16;16m▀[49m▄▄▄[38;2;57;98;189m▄[48;2;106;131;230m▀[38;2;57;57;98;48;2;57;98;189m▀▀[49m▄[38;2;16;16;16m▄[0m
[0m   [38;2;57;57;98m▄[38;2;57;98;189m▄[48;2;106;131;230m▀▀▀▀[48;2;57;98;189m▀[38;2;57;57;98;48;2;57;57;98m▀[38;2;255;255;255;48;2;255;255;255m▀[38;2;131;139;139;48;2;16;16;16m▀[38;2;16;16;16m▀▀▀[38;2;197;222;213;48;2;197;222;213m▀[38;2;57;98;189m▀[48;2;57;98;189m▀▀▀▀[48;2;255;255;255m▀[38;2;255;255;255m▀[48;2;197;222;213m▀[38;2;57;98;189m▀[48;2;255;255;255m▀[48;2;57;98;189m▀▀▀[38;2;16;16;16;48;2;16;16;16m▀[0m
[0m  [38;2;57;57;98;48;2;57;57;98m▀[38;2;57;98;189;48;2;255;255;255m▀[38;2;255;255;255;48;2;197;222;213m▀[48;2;131;139;139m▀[38;2;197;222;213;48;2;16;16;16m▀[38;2;57;98;189;48;2;197;222;213m▀[48;2;106;131;230m▀[38;2;106;131;230m▀[38;2;57;57;98;48;2;197;222;213m▀[38;2;255;255;255m▀[38;2;16;16;16;48;2;16;16;16m▀▀▀▀[38;2;131;139;139m▀[38;2;197;222;213m▀[48;2;197;222;213m▀[38;2;106;131;230;48;2;255;255;255m▀[38;2;57;98;189m▀▀[38;2;255;255;255;48;2;16;16;16m▀[38;2;16;16;16m▀▀▀[38;2;197;222;213m▀[38;2;255;255;255;48;2;197;222;213m▀[38;2;57;98;189;48;2;255;255;255m▀[48;2;57;98;189m▀[38;2;16;16;16m▀[49m▄[38;2;57;57;98m▄▄▄[0m
[0m [38;2;57;57;98;48;2;57;57;98m▀[38;2;255;255;255;48;2;255;255;255m▀[38;2;197;222;213;48;2;131;139;139m▀[38;2;131;139;139;48;2;16;16;16m▀[38;2;16;16;16m▀▀▀[38;2;197;222;213m▀▀▀[38;2;16;16;16m▀▀▀▀▀▀▀▀▀▀▀▀▀▀▀▀[38;2;131;139;139;48;2;131;139;139m▀[38;2;255;255;255;48;2;255;255;255m▀[38;2;57;98;189;48;2;57;98;189m▀▀▀[38;2;57;57;98;48;2;106;131;230m▀[38;2;106;131;230m▀▀[38;2;16;16;16m▀[49m▄[0m
[0m [38;2;57;57;98m▀[38;2;255;255;255;48;2;57;57;98m▀[38;2;197;222;213;48;2;255;255;255m▀[38;2;16;16;16;48;2;197;222;213m▀[48;2;16;16;16m▀▀▀▀▀▀▀▀▀▀▀▀▀▀▀▀▀▀▀▀▀▀[38;2;197;222;213m▀[38;2;255;255;255;48;2;197;222;213m▀[38;2;57;98;189m▀[38;2;106;131;230m▀[38;2;197;222;213;48;2;131;139;139m▀▀▀[38;2;106;131;230;48;2;197;222;213m▀[48;2;106;131;230m▀[38;2;16;16;16;48;2;57;98;189m▀[49m▄[0m
[0m [38;2;57;98;189m▄[48;2;57;57;98m▀[38;2;57;57;98m▀[38;2;255;255;255;48;2;197;222;213m▀[38;2;16;16;16;48;2;16;16;16m▀▀▀▀▀▀▀▀▀▀▀▀▀▀▀▀▀▀▀▀▀▀▀▀[38;2;131;139;139m▀▀[38;2;16;16;16m▀▀▀[38;2;131;139;139m▀[38;2;197;222;213;48;2;197;222;213m▀[38;2;57;98;189m▀[38;2;16;16;16;48;2;16;16;16m▀[0m
[38;2;16;16;16;48;2;16;16;16m▀[38;2;197;222;213;48;2;197;222;213m▀[48;2;16;16;16m▀▀[38;2;131;139;139m▀[38;2;16;16;16m▀▀▀▀▀▀▀▀▀▀▀▀▀▀▀▀▀▀▀▀▀▀▀▀▀▀▀▀▀[48;2;131;139;139m▀[38;2;131;139;139;48;2;197;222;213m▀[38;2;197;222;213;48;2;16;16;16m▀[38;2;16;16;16;49m▀[0m
[38;2;16;16;16;48;2;16;16;16m▀[38;2;197;222;213;48;2;197;222;213m▀[38;2;16;16;16m▀[48;2;131;139;139m▀[48;2;16;16;16m▀▀▀▀▀▀[48;2;49;65;123m▀[38;2;49;65;123;48;2;115;156;213m▀▀▀[38;2;16;16;16;48;2;115;74;90m▀▀[38;2;115;74;90;48;2;238;123;156m▀▀▀▀▀[38;2;16;16;16;48;2;115;74;90m▀▀[48;2;49;65;123m▀▀▀[48;2;16;16;16m▀▀▀▀▀▀▀▀[38;2;197;222;213;48;2;197;222;213m▀[38;2;57;57;98m▀[38;2;16;16;16;48;2;16;16;16m▀[0m
[0m [38;2;16;16;16m▀▀[38;2;197;222;213;48;2;16;16;16m▀▀[38;2;131;139;139;48;2;197;222;213m▀[38;2;16;16;16m▀[48;2;49;65;123m▀▀▀[38;2;49;65;123;48;2;115;156;213m▀[38;2;115;156;213m▀[48;2;115;74;90m▀[38;2;115;74;90;48;2;255;172;172m▀[38;2;255;172;172;48;2;255;255;255m▀▀[48;2;255;172;172m▀[38;2;238;123;156m▀[48;2;238;123;156m▀▀▀▀▀[38;2;115;74;90m▀[38;2;115;156;213;48;2;115;74;90m▀[48;2;115;156;213m▀[38;2;49;65;123m▀[38;2;16;16;16;48;2;49;65;123m▀[48;2;16;16;16m▀▀▀▀▀▀▀[38;2;197;222;213m▀[48;2;197;222;213m▀[38;2;16;16;16;48;2;16;16;16m▀[0m
[0m     [38;2;16;16;16;48;2;49;65;123m▀[38;2;49;65;123;48;2;189;222;255m▀[38;2;189;222;255;48;2;255;255;255m▀[48;2;189;222;255m▀[38;2;148;197;255m▀[38;2;49;65;123;48;2;148;197;255m▀[48;2;115;74;90m▀[38;2;16;16;16;48;2;255;172;172m▀[38;2;255;172;172;48;2;115;74;90m▀[38;2;115;74;90;48;2;255;172;172m▀[38;2;255;255;255m▀[38;2;255;172;172m▀▀[38;2;238;123;156;48;2;16;16;16m▀[48;2;238;123;156m▀▀[48;2;115;74;90m▀[48;2;238;123;156m▀▀[38;2;115;74;90m▀[38;2;115;156;213;48;2;115;74;90m▀[48;2;115;156;213m▀[38;2;49;65;123;48;2;49;65;123m▀[48;2;189;222;255m▀▀▀[38;2;16;16;16;48;2;49;65;123m▀[48;2;16;16;16m▀▀▀[48;2;131;139;139m▀[38;2;197;222;213;48;2;197;222;213m▀[38;2;16;16;16;48;2;16;16;16m▀[0m
[0m    [38;2;57;57;98m▄[38;2;16;16;16;48;2;16;16;16m▀[38;2;189;222;255;48;2;148;197;255m▀[48;2;49;65;123m▀[38;2;49;65;123;48;2;189;222;255m▀▀▀[38;2;115;74;90;48;2;49;65;123m▀[38;2;255;255;255;48;2;238;123;156m▀[38;2;238;123;156m▀[38;2;255;172;172m▀[48;2;115;74;90m▀[48;2;238;123;156m▀[38;2;238;123;156m▀▀[38;2;16;16;16m▀[38;2;115;74;90;48;2;255;255;255m▀[38;2;238;123;156;48;2;255;172;172m▀[48;2;238;123;156m▀▀[48;2;49;65;123m▀[38;2;115;74;90m▀[38;2;49;65;123m▀[38;2;189;222;255m▀[38;2;255;255;255;48;2;189;222;255m▀[38;2;189;222;255m▀▀[38;2;148;197;255;48;2;148;197;255m▀[38;2;49;65;123;48;2;49;65;123m▀[38;2;16;16;16;48;2;131;139;139m▀[38;2;131;139;139;48;2;16;16;16m▀[38;2;197;222;213m▀[38;2;16;16;16;49m▀[0m
[0m [38;2;57;57;98m▄[48;2;197;222;213m▀▀[38;2;197;222;213;48;2;131;139;139m▀[48;2;16;16;16m▀[38;2;49;65;123;48;2;49;65;123m▀[38;2;148;197;255;48;2;148;197;255m▀[38;2;255;255;255;48;2;189;222;255m▀[38;2;189;222;255m▀▀[38;2;148;197;255;48;2;148;197;255m▀[38;2;49;65;123;48;2;49;65;123m▀[38;2;238;123;156;48;2;238;123;156m▀▀▀▀▀▀▀▀▀[48;2;49;65;123m▀[38;2;49;65;123;48;2;148;197;255m▀[38;2;189;222;255;48;2;255;255;255m▀[48;2;189;222;255m▀▀[38;2;49;65;123;48;2;148;197;255m▀[38;2;148;197;255;48;2;49;65;123m▀[38;2;189;222;255;48;2;148;197;255m▀[38;2;148;197;255m▀▀[38;2;49;65;123;48;2;49;65;123m▀[38;2;16;16;16;49m▀[0m
[38;2;57;57;98;48;2;57;57;98m▀[38;2;197;222;213;48;2;197;222;213m▀[38;2;57;57;98;48;2;57;57;98m▀[48;2;16;16;16m▀[38;2;16;16;16m▀▀[38;2;49;65;123m▀[38;2;148;197;255;48;2;49;65;123m▀[48;2;148;197;255m▀▀▀[48;2;115;156;213m▀[38;2;115;156;213m▀[38;2;49;65;123;48;2;49;65;123m▀[38;2;238;123;156;48;2;238;123;156m▀▀▀▀▀▀▀[38;2;49;65;123;48;2;49;65;123m▀[38;2;115;156;213;48;2;115;156;213m▀[38;2;148;197;255;48;2;148;197;255m▀[38;2;189;222;255m▀▀▀[38;2;148;197;255m▀[38;2;49;65;123;48;2;49;65;123m▀[38;2;148;197;255;48;2;148;197;255m▀[48;2;49;65;123m▀[38;2;49;65;123;48;2;16;16;16m▀[38;2;16;16;16;48;2;131;139;139m▀[48;2;16;16;16m▀[0m
[38;2;16;16;16;48;2;16;16;16m▀[38;2;57;57;98;48;2;57;57;98m▀[38;2;197;222;213m▀[38;2;131;139;139;48;2;197;222;213m▀[38;2;16;16;16;48;2;16;16;16m▀[48;2;49;65;123m▀[38;2;49;65;123;48;2;115;156;213m▀[38;2;115;156;213m▀[38;2;49;65;123m▀[38;2;115;156;213;48;2;49;65;123m▀▀[48;2;115;156;213m▀▀▀[38;2;49;65;123;48;2;49;65;123m▀[38;2;115;74;90;48;2;115;156;213m▀[38;2;238;123;156;48;2;115;74;90m▀▀▀▀[38;2;49;65;123;48;2;49;65;123m▀[38;2;115;156;213;48;2;115;156;213m▀▀▀[38;2;148;197;255m▀▀▀[38;2;115;156;213;48;2;49;65;123m▀[38;2;49;65;123m▀[48;2;115;156;213m▀[38;2;16;16;16;48;2;49;65;123m▀[48;2;16;16;16m▀▀[38;2;197;222;213m▀[38;2;16;16;16;48;2;197;222;213m▀[49m▄[0m
[0m [38;2;16;16;16;48;2;16;16;16m▀[38;2;255;255;255;48;2;255;255;255m▀[38;2;16;16;16;48;2;57;57;98m▀▀[38;2;49;65;123;48;2;197;222;213m▀[38;2;131;139;139m▀[38;2;197;222;213;48;2;57;98;189m▀[48;2;131;139;139m▀[38;2;115;156;213;48;2;197;222;213m▀[48;2;115;156;213m▀[38;2;49;65;123m▀▀[38;2;115;156;213;48;2;148;197;255m▀[38;2;148;197;255m▀[38;2;115;156;213m▀▀▀▀▀[38;2;49;65;123;48;2;115;156;213m▀[38;2;115;156;213m▀▀[48;2;49;65;123m▀▀[38;2;49;65;123;48;2;115;156;213m▀▀[38;2;115;156;213m▀▀▀▀[38;2;49;65;123;48;2;49;65;123m▀[38;2;16;16;16;48;2;16;16;16m▀[48;2;131;139;139m▀[38;2;197;222;213;48;2;197;222;213m▀[38;2;16;16;16;48;2;16;16;16m▀[0m
[0m  [38;2;16;16;16m▀[38;2;255;255;255;48;2;16;16;16m▀[38;2;197;222;213;48;2;57;98;189m▀[38;2;106;131;230;48;2;106;131;230m▀[38;2;57;98;189m▀[48;2;57;98;189m▀▀▀[38;2;255;255;255;48;2;255;255;255m▀[38;2;115;156;213;48;2;115;156;213m▀▀[38;2;148;197;255m▀[48;2;148;197;255m▀▀▀▀▀[48;2;115;156;213m▀[38;2;115;156;213m▀▀▀▀▀▀[48;2;49;65;123m▀[48;2;255;255;255m▀[38;2;255;255;255;48;2;131;139;139m▀[38;2;197;222;213;48;2;106;131;230m▀[38;2;131;139;139;48;2;197;222;213m▀▀[38;2;197;222;213;48;2;57;57;98m▀[48;2;16;16;16m▀[38;2;16;16;16;49m▀[0m
[0m    [38;2;16;16;16m▀▀[38;2;106;131;230;48;2;16;16;16m▀[38;2;57;98;189m▀[48;2;57;98;189m▀[38;2;57;57;98;48;2;57;57;98m▀[38;2;255;255;255;48;2;197;222;213m▀[38;2;57;57;98m▀[38;2;49;65;123;48;2;131;139;139m▀[38;2;115;156;213;48;2;57;57;98m▀▀[48;2;255;255;255m▀[38;2;255;255;255;48;2;57;98;189m▀▀▀[38;2;197;222;213m▀[48;2;197;222;213m▀[38;2;115;156;213m▀[48;2;57;57;98m▀▀[38;2;57;57;98;48;2;131;139;139m▀[38;2;131;139;139;48;2;197;222;213m▀[38;2;197;222;213;48;2;57;98;189m▀▀[38;2;57;98;189;48;2;106;131;230m▀[38;2;106;131;230m▀[48;2;16;16;16m▀[38;2;57;98;189m▀[38;2;16;16;16;49m▀[0m
[0m        [38;2;16;16;16m▀▀[38;2;57;98;189;48;2;16;16;16m▀[38;2;106;131;230;48;2;57;98;189m▀[38;2;197;222;213;48;2;106;131;230m▀[38;2;255;255;255m▀▀[38;2;57;98;189;48;2;57;98;189m▀▀▀▀▀[38;2;106;131;230;48;2;106;131;230m▀[38;2;197;222;213m▀[38;2;255;255;255m▀[48;2;57;98;189m▀▀[48;2;57;57;98m▀[38;2;57;98;189;48;2;16;16;16m▀[38;2;106;131;230m▀[38;2;16;16;16;49m▀▀[0m
[0m           [38;2;16;16;16m▀[38;2;106;131;230;48;2;16;16;16m▀▀[48;2;106;131;230m▀▀[38;2;57;98;189;48;2;57;98;189m▀[48;2;16;16;16m▀[38;2;16;16;16;49m▀▀▀[38;2;106;131;230;48;2;16;16;16m▀[38;2;57;98;189m▀▀▀[38;2;16;16;16;49m▀[0m
[0m              [38;2;16;16;16m▀▀▀[0m
