[0m                                       [38;2;98;57;106m▄[48;2;180;115;230m▀[49m▄[0m
[0m                                      [38;2;98;57;106m▄[48;2;180;115;230m▀[38;2;180;115;230m▀[38;2;0;0;0;48;2;0;0;0m▀[0m
[0m                                    [38;2;98;57;106m▄[48;2;180;115;230m▀[38;2;180;115;230m▀▀[38;2;156;90;189;48;2;156;90;189m▀[38;2;0;0;0;48;2;0;0;0m▀[0m
[0m                               [38;2;213;98;164m▄▄▄[38;2;98;57;106;48;2;180;115;230m▀▀[38;2;180;115;230m▀▀▀[38;2;156;90;189;48;2;156;90;189m▀[48;2;0;0;0m▀[38;2;98;57;106;49m▀[0m
[0m                         [38;2;213;98;164m▄▄▄[48;2;246;139;197m▀▀▀[38;2;246;139;197m▀▀▀[38;2;180;115;230;48;2;180;115;230m▀▀[48;2;156;90;189m▀▀[38;2;156;90;189m▀[48;2;0;0;0m▀[38;2;0;0;0;49m▀[0m
[0m                     [38;2;246;139;197m▄▄[38;2;213;98;164;48;2;246;172;205m▀▀[38;2;246;139;197;48;2;246;139;197m▀▀▀▀▀[48;2;213;98;164m▀▀▀[38;2;213;98;164;48;2;156;90;189m▀[38;2;156;90;189m▀▀[48;2;98;57;106m▀[48;2;0;0;0m▀[38;2;0;0;0;49m▀[0m
[0m                   [38;2;246;139;197m▄[48;2;255;205;222m▀[38;2;255;205;222m▀[48;2;246;172;205m▀[38;2;246;172;205;48;2;246;139;197m▀[38;2;246;139;197;48;2;213;98;164m▀▀▀[38;2;213;98;164m▀▀[48;2;0;0;0m▀▀▀▀[38;2;0;0;0;49m▀▀[38;2;98;57;106m▀[0m                                    [38;2;98;57;106m▄▄[48;2;180;115;230m▀▀▀[49m▄[0m
[0m                 [38;2;246;139;197m▄[48;2;255;205;222m▀[38;2;255;205;222m▀[48;2;246;139;197m▀[38;2;246;139;197;48;2;0;0;0m▀[38;2;213;98;164m▀[38;2;0;0;0;49m▀▀▀▀▀▀[0m                                         [38;2;98;57;106m▄[48;2;180;115;230m▀[38;2;180;115;230m▀▀[48;2;156;90;189m▀[38;2;156;90;189m▀▀▀[38;2;98;57;106;48;2;0;0;0m▀[0m
[0m                [38;2;246;139;197;48;2;246;139;197m▀[38;2;255;205;222;48;2;255;205;222m▀[48;2;246;139;197m▀[38;2;246;139;197;48;2;0;0;0m▀[38;2;0;0;0;49m▀[0m   [38;2;213;98;164m▄▄▄▄▄[38;2;148;74;90m▄▄▄▄[0m                                     [38;2;98;57;106;48;2;98;57;106m▀[38;2;180;115;230;48;2;180;115;230m▀[48;2;156;90;189m▀[38;2;156;90;189m▀▀▀▀▀▀[38;2;0;0;0;48;2;0;0;0m▀[0m
[0m               [38;2;246;139;197;48;2;246;139;197m▀[38;2;255;205;222;48;2;255;205;222m▀▀[38;2;0;0;0;48;2;148;74;90m▀[38;2;213;98;164;49m▄[48;2;246;172;205m▀▀▀▀[38;2;246;172;205m▀▀[48;2;246;139;197m▀▀▀▀[38;2;246;139;197m▀▀▀[38;2;148;74;90m▀▀▀▀[49m▄▄[0m                              [38;2;98;57;106;48;2;98;57;106m▀[38;2;180;115;230;48;2;180;115;230m▀[48;2;156;90;189m▀[38;2;156;90;189m▀▀▀▀▀▀▀[38;2;0;0;0;48;2;0;0;0m▀[0m
[0m              [38;2;213;98;164m▄[38;2;246;139;197;48;2;255;205;222m▀[38;2;255;205;222m▀[38;2;246;139;197;48;2;246;139;197m▀[38;2;246;172;205;48;2;255;205;222m▀[38;2;255;205;222m▀[48;2;246;172;205m▀[48;2;246;139;197m▀[38;2;246;172;205m▀[38;2;246;139;197m▀▀▀▀▀▀▀▀▀▀▀▀▀▀▀▀[38;2;148;74;90m▀[49m▄▄[0m                           [38;2;0;0;0;48;2;0;0;0m▀[38;2;180;115;230;48;2;156;90;189m▀[38;2;156;90;189;48;2;148;74;90m▀▀[48;2;156;90;189m▀▀▀▀▀▀[38;2;0;0;0;48;2;0;0;0m▀[0m
[0m             [38;2;213;98;164m▄[48;2;255;205;222m▀[38;2;255;205;222m▀[38;2;246;139;197m▀[38;2;255;205;222;48;2;246;172;205m▀[38;2;246;172;205;48;2;246;139;197m▀[38;2;246;139;197m▀▀▀▀▀▀▀▀▀▀▀▀▀▀▀▀▀▀▀▀▀▀[38;2;213;98;164m▀[38;2;148;74;90m▀[49m▄[0m                        [38;2;148;74;90m▄[48;2;213;98;164m▀▀[38;2;213;98;164m▀[48;2;0;0;0m▀[38;2;0;0;0;48;2;156;90;189m▀[38;2;156;90;189m▀▀▀▀[38;2;0;0;0;48;2;0;0;0m▀[0m
[0m           [38;2;0;0;0m▀▄[38;2;213;98;164;48;2;246;172;205m▀[38;2;255;205;222;48;2;255;205;222m▀▀[38;2;246;172;205;48;2;246;139;197m▀[38;2;246;139;197m▀▀▀▀[48;2;0;0;0m▀[38;2;156;90;189;48;2;246;139;197m▀[38;2;246;139;197m▀▀▀▀▀▀▀▀▀▀▀▀▀▀▀▀▀▀▀▀[38;2;213;98;164m▀[38;2;148;74;90m▀[49m▄[0m                    [38;2;148;74;90m▄[48;2;213;98;164m▀[38;2;213;98;164m▀[48;2;0;0;0m▀[38;2;0;0;0;48;2;98;57;106m▀▀[38;2;156;90;189;48;2;156;90;189m▀▀▀[48;2;0;0;0m▀▀[38;2;0;0;0;49m▀[0m
[0m           [38;2;0;0;0m▀[38;2;148;74;90;48;2;213;98;164m▀[38;2;255;205;222;48;2;255;205;222m▀▀[38;2;246;172;205;48;2;246;139;197m▀[38;2;246;139;197m▀[48;2;213;98;164m▀[38;2;213;98;164;48;2;220;209;197m▀[38;2;0;0;0;48;2;255;255;255m▀[48;2;220;209;197m▀[38;2;246;139;197;48;2;0;0;0m▀▀[38;2;0;0;0;48;2;246;139;197m▀[38;2;246;139;197m▀▀▀▀▀▀▀▀▀▀▀▀▀▀▀▀▀▀▀▀▀[38;2;0;0;0m▀[38;2;148;74;90;49m▄[0m                  [38;2;148;74;90;48;2;148;74;90m▀[38;2;213;98;164;48;2;213;98;164m▀▀[48;2;0;0;0m▀[38;2;0;0;0;49m▀[0m  [38;2;98;57;106m▀▀▀[0m
[0m          [38;2;213;98;164m▄[48;2;255;205;222m▀[38;2;255;205;222m▀[48;2;246;172;205m▀[38;2;246;172;205;48;2;246;139;197m▀[38;2;246;139;197m▀[48;2;213;98;164m▀[38;2;213;98;164;48;2;255;255;255m▀[38;2;255;255;255;48;2;0;0;0m▀[38;2;0;0;0;48;2;255;255;255m▀[38;2;255;255;255;48;2;0;0;0m▀[38;2;213;98;164;48;2;255;255;255m▀[38;2;246;139;197;48;2;213;98;164m▀[48;2;246;139;197m▀▀▀▀▀▀▀▀▀▀▀▀▀▀▀▀▀▀▀▀▀▀▀[38;2;0;0;0m▀[49m▄[0m                [38;2;148;74;90;48;2;148;74;90m▀[38;2;246;139;197;48;2;246;139;197m▀▀[38;2;213;98;164;48;2;0;0;0m▀[38;2;0;0;0;49m▀[0m
[0m        [38;2;148;74;90m▄[38;2;213;98;164;48;2;255;205;222m▀[38;2;255;205;222m▀[48;2;246;172;205m▀[38;2;246;172;205;48;2;246;139;197m▀[38;2;246;139;197m▀▀▀[38;2;213;98;164;48;2;213;98;164m▀[38;2;255;255;255;48;2;255;255;255m▀[38;2;0;0;0;48;2;0;0;0m▀[38;2;255;255;255m▀[38;2;0;0;0m▀[38;2;255;255;255;48;2;255;255;255m▀[38;2;213;98;164;48;2;213;98;164m▀[38;2;246;139;197;48;2;246;139;197m▀▀▀▀▀▀▀▀▀[48;2;213;98;164m▀▀[38;2;213;98;164m▀▀▀▀▀[38;2;246;139;197m▀▀[48;2;246;139;197m▀▀▀▀▀▀[38;2;0;0;0m▀[49m▄[0m              [38;2;148;74;90;48;2;148;74;90m▀[38;2;246;139;197;48;2;246;139;197m▀▀[48;2;213;98;164m▀[38;2;0;0;0;48;2;0;0;0m▀[0m
[0m      [38;2;148;74;90m▄[48;2;255;205;222m▀[38;2;255;205;222;48;2;246;172;205m▀[48;2;246;139;197m▀[38;2;246;172;205m▀[38;2;246;139;197m▀▀▀▀▀▀[38;2;213;98;164;48;2;213;98;164m▀[38;2;255;255;255;48;2;220;209;197m▀[38;2;0;0;0;48;2;255;255;255m▀[38;2;255;255;255;48;2;220;209;197m▀[38;2;213;98;164;48;2;213;98;164m▀[38;2;246;139;197;48;2;246;139;197m▀▀▀▀▀▀▀[48;2;213;98;164m▀[38;2;213;98;164m▀[48;2;0;0;0m▀▀[38;2;0;0;0;49m▀▀▀▀[38;2;213;98;164;48;2;0;0;0m▀[48;2;213;98;164m▀▀▀▀[38;2;246;139;197m▀[48;2;246;139;197m▀▀▀▀▀[38;2;0;0;0;48;2;0;0;0m▀[0m             [38;2;148;74;90;48;2;148;74;90m▀[38;2;246;139;197;48;2;246;139;197m▀▀▀[38;2;0;0;0;48;2;0;0;0m▀[0m
[0m  [38;2;148;74;90m▄▄[48;2;255;205;222m▀[48;2;246;172;205m▀[38;2;246;172;205;48;2;246;139;197m▀[38;2;246;139;197m▀▀[48;2;213;98;164m▀[48;2;0;0;0m▀▀▀▀[48;2;213;98;164m▀[48;2;246;139;197m▀▀▀[38;2;213;98;164m▀[38;2;246;139;197m▀[38;2;213;98;164m▀[38;2;246;139;197m▀▀▀▀▀▀[48;2;213;98;164m▀[38;2;213;98;164;48;2;0;0;0m▀[38;2;0;0;0;49m▀▀[0m    [38;2;0;0;0m▄[48;2;222;156;255m▀[38;2;180;115;230;48;2;98;57;106m▀[38;2;0;0;0;48;2;180;115;230m▀[38;2;213;98;164;48;2;213;98;164m▀[48;2;0;0;0m▀[38;2;0;0;0;48;2;156;90;189m▀[48;2;98;57;106m▀[48;2;180;115;230m▀[38;2;246;139;197;48;2;98;57;106m▀[48;2;246;139;197m▀▀▀▀[38;2;0;0;0;48;2;0;0;0m▀[0m           [38;2;148;74;90m▄[48;2;246;139;197m▀[38;2;246;139;197m▀▀[48;2;213;98;164m▀[38;2;0;0;0;48;2;148;74;90m▀[0m
[38;2;148;74;90;49m▄[48;2;246;172;205m▀[38;2;255;205;222m▀[38;2;246;172;205;48;2;213;98;164m▀[48;2;0;0;0m▀[38;2;246;139;197m▀[38;2;213;98;164m▀[38;2;0;0;0;49m▀▀▀[0m    [38;2;0;0;0m▀▀[38;2;213;98;164;48;2;0;0;0m▀[38;2;246;139;197m▀[48;2;213;98;164m▀[48;2;246;139;197m▀▀▀▀[48;2;213;98;164m▀[48;2;148;74;90m▀[48;2;0;0;0m▀[38;2;148;74;90m▀[38;2;0;0;0m▀[0m       [38;2;0;0;0;48;2;0;0;0m▀[38;2;222;156;255;48;2;222;156;255m▀[38;2;98;57;106;48;2;98;57;106m▀[38;2;180;115;230;48;2;180;115;230m▀[38;2;0;0;0;48;2;0;0;0m▀[38;2;98;57;106;48;2;98;57;106m▀[38;2;222;156;255;48;2;222;156;255m▀[38;2;98;57;106;48;2;156;90;189m▀[38;2;222;156;255m▀[48;2;180;115;230m▀[38;2;98;57;106;48;2;98;57;106m▀[38;2;246;139;197;48;2;246;139;197m▀▀▀[38;2;0;0;0m▀[49m▄[0m          [38;2;148;74;90;48;2;148;74;90m▀[38;2;246;139;197;48;2;246;139;197m▀▀▀[38;2;148;74;90;48;2;0;0;0m▀[0m
[38;2;0;0;0;49m▀▀▀▀[0m              [38;2;0;0;0m▀▀▀▀[38;2;213;98;164;48;2;0;0;0m▀▀▀[48;2;148;74;90m▀[48;2;213;98;164m▀▀[38;2;0;0;0m▀[38;2;148;74;90;48;2;148;74;90m▀[38;2;0;0;0;49m▄[0m    [38;2;0;0;0m▀[38;2;180;115;230;48;2;0;0;0m▀[38;2;98;57;106;48;2;156;90;189m▀[38;2;156;90;189;48;2;98;57;106m▀[38;2;0;0;0;48;2;0;0;0m▀[38;2;98;57;106;48;2;156;90;189m▀[38;2;180;115;230;48;2;98;57;106m▀[38;2;222;156;255;48;2;180;115;230m▀[38;2;98;57;106m▀[38;2;180;115;230;48;2;98;57;106m▀[38;2;156;90;189;48;2;156;90;189m▀[38;2;98;57;106;48;2;0;0;0m▀[38;2;246;139;197;48;2;246;139;197m▀▀▀[38;2;0;0;0m▀[49m▄[0m        [38;2;148;74;90m▄[48;2;255;255;255m▀[38;2;246;139;197m▀[48;2;246;139;197m▀▀[38;2;0;0;0;48;2;0;0;0m▀[0m
[0m                          [38;2;0;0;0m▀▀▀[38;2;213;98;164;48;2;0;0;0m▀▀[38;2;0;0;0;48;2;213;98;164m▀[49m▄[0m     [38;2;0;0;0;48;2;0;0;0m▀[38;2;156;90;189;48;2;156;90;189m▀[38;2;98;57;106m▀[38;2;0;0;0;48;2;98;57;106m▀[38;2;98;57;106;48;2;0;0;0m▀▀[38;2;156;90;189;48;2;98;57;106m▀[38;2;98;57;106;48;2;156;90;189m▀[48;2;180;115;230m▀[38;2;0;0;0m▀[38;2;246;139;197;48;2;0;0;0m▀[48;2;246;139;197m▀▀▀[38;2;0;0;0m▀[49m▄[0m     [38;2;148;74;90m▄[48;2;246;139;197m▀[38;2;220;209;197m▀[38;2;255;255;255m▀[48;2;220;209;197m▀[38;2;220;209;197;48;2;255;255;255m▀[38;2;0;0;0;48;2;148;74;90m▀[0m
[0m                               [38;2;0;0;0m▀[38;2;213;98;164;48;2;0;0;0m▀[38;2;0;0;0m▀[0m     [38;2;0;0;0m▀▀▀[38;2;148;74;90;48;2;0;0;0m▀[38;2;213;98;164;48;2;213;98;164m▀[38;2;0;0;0m▀[38;2;180;115;230;48;2;0;0;0m▀▀[38;2;156;90;189;48;2;98;57;106m▀[38;2;0;0;0;48;2;246;139;197m▀[38;2;246;139;197m▀▀▀▀▀[38;2;0;0;0m▀[49m▄▄▄▄[48;2;255;255;255m▀[38;2;255;255;255m▀[38;2;220;209;197m▀[38;2;246;139;197m▀[48;2;246;139;197m▀[38;2;148;74;90;48;2;0;0;0m▀[0m
[0m                                          [38;2;148;74;90m▀[48;2;0;0;0m▀[38;2;213;98;164;48;2;213;98;164m▀▀▀[38;2;246;139;197m▀[48;2;246;139;197m▀▀▀▀▀▀▀▀▀▀▀▀▀[38;2;255;255;255m▀[48;2;255;255;255m▀[38;2;220;209;197;48;2;0;0;0m▀[38;2;0;0;0;49m▀[0m
[0m                                            [38;2;0;0;0m▀[38;2;213;98;164;48;2;0;0;0m▀▀[48;2;213;98;164m▀▀[38;2;246;139;197m▀▀[48;2;246;139;197m▀▀▀▀▀▀▀▀▀▀[48;2;213;98;164m▀[38;2;220;209;197;48;2;0;0;0m▀[38;2;0;0;0;49m▀[0m
[0m                                               [38;2;0;0;0m▀▀[38;2;213;98;164;48;2;0;0;0m▀▀▀[48;2;213;98;164m▀▀[38;2;246;139;197m▀▀▀▀▀[48;2;0;0;0m▀[38;2;213;98;164m▀[38;2;0;0;0;49m▀[0m
[0m                                                    [38;2;0;0;0m▀▀▀▀▀▀▀[0m
