[0m                              [38;2;106;82;65m▄[48;2;238;205;164m▀[48;2;205;180;148m▀[38;2;82;65;65;49m▄[0m
[0m                             [38;2;106;82;65;48;2;106;82;65m▀[38;2;238;205;164;48;2;238;205;164m▀[38;2;205;180;148;48;2;106;82;65m▀[38;2;106;82;65;48;2;205;180;148m▀▀[38;2;82;65;65;48;2;0;0;0m▀[0m
[0m                            [38;2;106;82;65;48;2;106;82;65m▀[38;2;238;205;164;48;2;238;205;164m▀[38;2;106;82;65;48;2;106;82;65m▀[38;2;205;180;148;48;2;205;180;148m▀[48;2;106;82;65m▀[38;2;106;82;65;48;2;205;180;148m▀[38;2;0;0;0;48;2;0;0;0m▀[0m
[0m                           [38;2;82;65;65;48;2;82;65;65m▀[38;2;180;156;156;48;2;180;156;156m▀[38;2;125;107;95;48;2;125;107;95m▀[38;2;205;180;148;48;2;205;180;148m▀[48;2;125;107;95m▀[38;2;106;82;65;48;2;205;180;148m▀[38;2;205;180;148m▀[38;2;0;0;0;48;2;0;0;0m▀[0m   [38;2;82;65;65m▄[48;2;180;156;156m▀[38;2;0;0;0;48;2;156;131;123m▀[49m▄[0m
[0m                          [38;2;82;65;65m▄[48;2;180;156;156m▀[38;2;180;156;156;48;2;156;131;123m▀[38;2;125;107;95;48;2;205;180;148m▀[38;2;205;180;148m▀[38;2;125;107;95;48;2;125;107;95m▀[38;2;205;180;148;48;2;156;131;123m▀[38;2;0;0;0;48;2;0;0;0m▀[0m    [38;2;82;65;65;48;2;82;65;65m▀[38;2;180;156;156;48;2;180;156;156m▀[38;2;156;131;123;48;2;156;131;123m▀[38;2;0;0;0m▀[49m▄[0m
[0m                          [38;2;82;65;65;48;2;82;65;65m▀[38;2;180;156;156;48;2;180;156;156m▀[38;2;156;131;123;48;2;156;131;123m▀[38;2;205;180;148m▀▀[38;2;156;131;123m▀[48;2;0;0;0m▀[38;2;0;0;0;49m▀[0m   [38;2;82;65;65;48;2;82;65;65m▀[38;2;180;156;156;48;2;180;156;156m▀[48;2;156;131;123m▀[38;2;156;131;123m▀▀▀[38;2;82;65;65m▀▀[38;2;57;41;41m▀[38;2;0;0;0;49m▄[0m
[0m                         [38;2;82;65;65m▄[48;2;180;156;156m▀[38;2;180;156;156;48;2;156;131;123m▀[38;2;156;131;123m▀▀▀[38;2;0;0;0;48;2;0;0;0m▀[0m   [38;2;82;65;65m▄[48;2;180;156;156m▀[38;2;180;156;156m▀[48;2;156;131;123m▀[38;2;156;131;123m▀▀▀▀▀▀[38;2;238;205;164;48;2;238;205;164m▀[38;2;0;0;0;48;2;0;0;0m▀[0m
[0m                [38;2;180;148;106m▄[48;2;255;238;205m▀▀[48;2;0;0;0m▀[0m     [38;2;82;65;65;48;2;82;65;65m▀[38;2;180;156;156;48;2;180;156;156m▀[38;2;156;131;123;48;2;156;131;123m▀▀▀[38;2;0;0;0;48;2;57;41;41m▀[38;2;57;41;41;49m▄▄[38;2;82;65;65m▄[48;2;180;156;156m▀[38;2;180;156;156m▀[48;2;156;131;123m▀[38;2;156;131;123m▀[48;2;205;180;148m▀▀[48;2;156;131;123m▀▀▀▀[38;2;238;205;164;48;2;238;205;164m▀[48;2;205;180;148m▀[38;2;205;180;148;48;2;180;148;106m▀[38;2;0;0;0;48;2;0;0;0m▀[0m
[0m               [38;2;180;148;106;48;2;180;148;106m▀[38;2;255;238;205;48;2;255;238;205m▀[48;2;205;180;148m▀[38;2;205;180;148m▀[38;2;0;0;0;48;2;0;0;0m▀[0m  [38;2;180;148;106m▄▄[48;2;238;205;164m▀[38;2;125;107;95;48;2;125;107;95m▀[38;2;180;156;156;48;2;180;156;156m▀[38;2;156;131;123;48;2;156;131;123m▀▀[38;2;82;65;65;48;2;125;107;95m▀[38;2;156;131;123;48;2;156;131;123m▀▀[38;2;82;65;65m▀[38;2;180;156;156m▀[38;2;156;131;123;48;2;205;180;148m▀▀[48;2;156;131;123m▀[38;2;205;180;148;48;2;205;180;148m▀[38;2;238;205;164;48;2;238;205;164m▀▀[38;2;205;180;148;48;2;205;180;148m▀[38;2;156;131;123;48;2;156;131;123m▀▀▀[38;2;238;205;164;48;2;125;107;95m▀[38;2;205;180;148;48;2;82;65;65m▀[38;2;180;148;106;48;2;180;148;106m▀▀[38;2;0;0;0;48;2;0;0;0m▀[0m
[0m              [38;2;180;148;106;48;2;180;148;106m▀[38;2;255;238;205;48;2;238;205;164m▀[38;2;205;180;148;48;2;205;180;148m▀▀▀[38;2;0;0;0;48;2;106;82;65m▀[38;2;180;148;106m▀[48;2;238;205;164m▀[38;2;238;205;164m▀▀▀[38;2;156;131;123m▀▀[48;2;205;180;148m▀[48;2;156;131;123m▀▀▀▀▀▀[38;2;205;180;148m▀[38;2;238;205;164;48;2;205;180;148m▀[48;2;238;205;164m▀▀▀▀▀[38;2;205;180;148m▀[38;2;156;131;123;48;2;156;131;123m▀[48;2;125;107;95m▀[38;2;125;107;95;48;2;82;65;65m▀[38;2;82;65;65m▀▀[38;2;180;148;106m▀▀[38;2;0;0;0m▀[49m▄[0m
[0m            [38;2;106;82;65m▄[38;2;180;148;106;48;2;180;148;106m▀[38;2;238;205;164;48;2;238;205;164m▀[38;2;205;180;148;48;2;205;180;148m▀▀▀▀▀[38;2;0;0;0m▀[38;2;106;82;65m▀[38;2;238;205;164;48;2;0;0;0m▀[48;2;238;205;164m▀[48;2;205;180;148m▀▀[48;2;238;205;164m▀[48;2;205;180;148m▀[38;2;205;180;148m▀[38;2;156;131;123;48;2;156;131;123m▀▀▀▀▀▀[48;2;205;180;148m▀[38;2;238;205;164m▀[48;2;238;205;164m▀▀▀▀[38;2;180;148;106m▀[38;2;125;107;95;48;2;205;180;148m▀[38;2;82;65;65;48;2;180;148;106m▀[48;2;82;65;65m▀▀▀▀▀[48;2;0;0;0m▀[38;2;0;0;0;49m▀[0m
[0m        [38;2;106;82;65m▄▄[48;2;238;205;164m▀[48;2;180;148;106m▀[38;2;180;148;106;48;2;205;180;148m▀[38;2;205;180;148m▀▀▀▀▀[48;2;106;82;65m▀[48;2;0;0;0m▀[38;2;106;82;65;48;2;125;107;95m▀[38;2;0;0;0m▀[38;2;180;148;106m▀[38;2;205;180;148;48;2;180;148;106m▀[38;2;180;148;106;48;2;125;107;95m▀▀[38;2;205;180;148m▀[48;2;156;131;123m▀[38;2;156;131;123m▀▀▀▀▀[48;2;205;180;148m▀▀[48;2;156;131;123m▀[48;2;238;205;164m▀[38;2;205;180;148m▀[38;2;238;205;164m▀▀[48;2;205;180;148m▀[38;2;205;180;148;48;2;180;148;106m▀[38;2;180;148;106m▀[48;2;82;65;65m▀[38;2;82;65;65m▀▀▀▀[38;2;0;0;0;48;2;0;0;0m▀[0m
[0m      [38;2;106;82;65m▄[48;2;255;238;205m▀[38;2;255;238;205;48;2;180;148;106m▀[38;2;180;148;106;48;2;205;180;148m▀[38;2;255;238;205;48;2;255;238;205m▀[38;2;238;205;164m▀[38;2;205;180;148;48;2;238;205;164m▀[48;2;205;180;148m▀▀[48;2;106;82;65m▀[48;2;0;0;0m▀[38;2;0;0;0;48;2;125;107;95m▀[38;2;125;107;95m▀▀▀▀▀▀[48;2;156;131;123m▀▀[38;2;156;131;123m▀▀▀▀▀▀▀[38;2;205;180;148;48;2;205;180;148m▀[38;2;238;205;164;48;2;238;205;164m▀▀▀▀[48;2;180;148;106m▀[38;2;205;180;148;48;2;82;65;65m▀[38;2;180;148;106;48;2;180;148;106m▀[48;2;82;65;65m▀▀[38;2;82;65;65m▀▀▀▀[38;2;0;0;0;48;2;0;0;0m▀[0m
[0m    [38;2;106;82;65m▄[48;2;238;205;164m▀[38;2;255;238;205;48;2;255;238;205m▀[38;2;180;148;106;48;2;106;82;65m▀[38;2;106;82;65;48;2;255;238;205m▀[38;2;255;238;205m▀[48;2;238;205;164m▀▀[38;2;238;205;164;48;2;205;180;148m▀[38;2;205;180;148m▀▀[38;2;180;148;106m▀[38;2;106;82;65;48;2;0;0;0m▀[38;2;125;107;95;48;2;125;107;95m▀▀▀▀▀[38;2;238;74;115;48;2;238;74;115m▀▀[38;2;156;131;123m▀[48;2;156;131;123m▀▀[48;2;205;180;148m▀[48;2;238;205;164m▀▀[48;2;156;131;123m▀▀[48;2;205;180;148m▀[38;2;238;205;164;48;2;238;205;164m▀▀▀[48;2;205;180;148m▀[38;2;205;180;148;48;2;180;148;106m▀[38;2;82;65;65;48;2;82;65;65m▀▀▀[48;2;0;0;0m▀▀▀▀[48;2;82;65;65m▀▀▀[38;2;0;0;0;48;2;0;0;0m▀[0m
[0m   [38;2;0;0;0m▄[38;2;106;82;65;48;2;238;205;164m▀[38;2;238;205;164;48;2;106;82;65m▀[38;2;106;82;65;48;2;238;205;164m▀[38;2;0;0;0;48;2;180;148;106m▀[38;2;238;205;164;48;2;0;0;0m▀[48;2;205;180;148m▀[38;2;205;180;148m▀▀▀▀▀▀▀[38;2;0;0;0;48;2;0;0;0m▀[38;2;125;107;95;48;2;125;107;95m▀▀▀[48;2;156;131;123m▀[38;2;156;131;123m▀[38;2;238;74;115m▀▀[38;2;156;131;123m▀▀[38;2;238;205;164;48;2;238;205;164m▀▀▀▀▀▀[48;2;205;180;148m▀[48;2;180;148;106m▀[38;2;205;180;148m▀[38;2;180;148;106m▀[38;2;82;65;65;48;2;82;65;65m▀▀[38;2;57;41;41;48;2;0;0;0m▀[38;2;0;0;0;49m▀[0m    [38;2;0;0;0m▀▀▀▀[0m
[0m   [38;2;0;0;0;48;2;106;82;65m▀[38;2;106;82;65;48;2;238;205;164m▀[38;2;238;205;164m▀[48;2;205;180;148m▀[38;2;205;180;148m▀[38;2;106;82;65m▀[38;2;180;148;106;48;2;0;0;0m▀[38;2;205;180;148;48;2;205;180;148m▀▀▀▀▀▀▀[38;2;0;0;0m▀[38;2;125;107;95;48;2;0;0;0m▀[48;2;125;107;95m▀[38;2;156;131;123;48;2;156;131;123m▀▀▀[48;2;180;156;156m▀[48;2;156;131;123m▀[48;2;180;156;156m▀[38;2;180;156;156;48;2;156;131;123m▀[38;2;156;131;123;48;2;180;156;156m▀[38;2;238;205;164;48;2;156;131;123m▀[48;2;238;205;164m▀[48;2;205;180;148m▀[48;2;180;148;106m▀[38;2;205;180;148m▀[38;2;180;148;106m▀▀▀[38;2;82;65;65;48;2;82;65;65m▀[48;2;0;0;0m▀[38;2;0;0;0;48;2;82;65;65m▀[38;2;82;65;65m▀[38;2;0;0;0m▀▀▀[49m▄▄▄▄[0m
[0m  [38;2;106;82;65;48;2;106;82;65m▀[38;2;238;205;164;48;2;238;205;164m▀▀[48;2;205;180;148m▀[38;2;205;180;148m▀▀▀[38;2;106;82;65m▀[38;2;180;148;106;48;2;106;82;65m▀[38;2;205;180;148;48;2;205;180;148m▀▀▀▀▀▀▀[38;2;0;0;0;48;2;0;0;0m▀[38;2;125;107;95;48;2;125;107;95m▀▀[38;2;156;131;123m▀[38;2;180;156;156;48;2;156;131;123m▀[38;2;156;131;123;48;2;180;156;156m▀[38;2;180;156;156;48;2;125;107;95m▀[38;2;156;131;123m▀[38;2;125;107;95m▀[48;2;82;65;65m▀[38;2;205;180;148;48;2;180;148;106m▀▀[38;2;180;148;106m▀[48;2;82;65;65m▀[48;2;180;148;106m▀▀[48;2;82;65;65m▀[38;2;82;65;65;48;2;0;0;0m▀[38;2;0;0;0;49m▀[38;2;82;65;65;48;2;0;0;0m▀[48;2;82;65;65m▀▀[48;2;57;41;41m▀▀[48;2;82;65;65m▀▀▀[48;2;57;41;41m▀▀[38;2;0;0;0m▀[49m▄[0m
[0m  [38;2;106;82;65;48;2;106;82;65m▀[38;2;238;205;164;48;2;238;205;164m▀[48;2;205;180;148m▀[38;2;205;180;148m▀▀▀▀▀▀[48;2;180;148;106m▀[48;2;106;82;65m▀▀▀[48;2;0;0;0m▀[48;2;205;180;148m▀▀▀[38;2;106;82;65m▀[38;2;0;0;0m▀[48;2;180;148;106m▀[38;2;125;107;95;48;2;0;0;0m▀[48;2;82;65;65m▀▀[38;2;82;65;65m▀▀▀[38;2;180;148;106m▀▀[38;2;82;65;65m▀[48;2;57;41;41m▀[48;2;0;0;0m▀▀[38;2;0;0;0m▀[0m   [38;2;0;0;0m▀▀[38;2;82;65;65;48;2;0;0;0m▀▀[38;2;57;41;41;48;2;82;65;65m▀▀▀[38;2;82;65;65;48;2;57;41;41m▀▀▀▀[38;2;0;0;0;48;2;0;0;0m▀[0m
[0m [38;2;106;82;65;48;2;106;82;65m▀[38;2;125;107;95;48;2;238;205;164m▀[38;2;238;205;164m▀[38;2;205;180;148;48;2;205;180;148m▀▀[48;2;125;107;95m▀[48;2;205;180;148m▀▀▀[38;2;106;82;65m▀▀[38;2;180;148;106m▀[38;2;205;180;148m▀▀▀▀▀▀▀▀[38;2;238;205;164;48;2;238;205;164m▀[38;2;0;0;0;48;2;0;0;0m▀[38;2;82;65;65;48;2;82;65;65m▀▀▀▀▀[48;2;57;41;41m▀[48;2;0;0;0m▀[48;2;82;65;65m▀▀▀▀▀[38;2;0;0;0m▀▀▀[49m▄▄[0m  [38;2;0;0;0m▀▀▀[38;2;82;65;65;48;2;0;0;0m▀▀▀▀[38;2;0;0;0;49m▀[0m
[38;2;106;82;65;48;2;0;0;0m▀[38;2;0;0;0;48;2;180;148;106m▀[38;2;238;205;164;48;2;106;82;65m▀[38;2;205;180;148;48;2;205;180;148m▀▀[38;2;180;148;106;48;2;106;82;65m▀[38;2;106;82;65;48;2;205;180;148m▀[38;2;205;180;148m▀▀▀▀▀▀▀▀▀▀▀▀[48;2;238;205;164m▀[38;2;238;205;164m▀[38;2;205;180;148;48;2;180;148;106m▀[38;2;0;0;0;48;2;82;65;65m▀[38;2;82;65;65;48;2;57;41;41m▀[48;2;82;65;65m▀▀[38;2;57;41;41m▀[48;2;57;41;41m▀[38;2;0;0;0;48;2;0;0;0m▀[49m▀▀[38;2;82;65;65;48;2;0;0;0m▀[48;2;82;65;65m▀[48;2;57;41;41m▀▀[38;2;57;41;41;48;2;82;65;65m▀▀[38;2;82;65;65;48;2;57;41;41m▀▀[48;2;82;65;65m▀[38;2;0;0;0;48;2;0;0;0m▀[0m
[38;2;0;0;0;48;2;106;82;65m▀[38;2;205;180;148m▀[38;2;106;82;65;48;2;205;180;148m▀[38;2;125;107;95;48;2;106;82;65m▀[38;2;205;180;148m▀[38;2;106;82;65;48;2;0;0;0m▀[38;2;0;0;0;48;2;238;205;164m▀▀[38;2;205;180;148;48;2;106;82;65m▀▀[48;2;205;180;148m▀▀[38;2;180;148;106m▀[48;2;106;82;65m▀[38;2;205;180;148;48;2;180;148;106m▀[48;2;238;205;164m▀▀[38;2;238;205;164m▀▀▀[38;2;205;180;148;48;2;180;148;106m▀[38;2;0;0;0;48;2;0;0;0m▀[38;2;82;65;65;48;2;82;65;65m▀[38;2;57;41;41;48;2;0;0;0m▀[38;2;82;65;65m▀[48;2;82;65;65m▀▀▀▀[38;2;0;0;0m▀[49m▄[0m [38;2;0;0;0m▀[38;2;82;65;65;48;2;0;0;0m▀▀[38;2;57;41;41;48;2;82;65;65m▀▀[38;2;82;65;65;48;2;57;41;41m▀[48;2;0;0;0m▀[38;2;0;0;0;49m▀[0m
[0m [38;2;0;0;0m▀[38;2;205;180;148;48;2;0;0;0m▀▀[48;2;205;180;148m▀[38;2;180;148;106m▀[38;2;205;180;148m▀▀▀▀[38;2;106;82;65m▀[48;2;180;148;106m▀[38;2;180;148;106;48;2;106;82;65m▀[48;2;0;0;0m▀[38;2;106;82;65m▀[38;2;238;205;164;48;2;180;148;106m▀[48;2;238;205;164m▀▀▀[48;2;205;180;148m▀[38;2;180;148;106;48;2;0;0;0m▀[38;2;0;0;0;49m▀▀[0m [38;2;0;0;0m▀[38;2;125;107;95;48;2;0;0;0m▀[38;2;82;65;65;48;2;125;107;95m▀[48;2;57;41;41m▀[48;2;82;65;65m▀[38;2;57;41;41m▀[38;2;82;65;65;48;2;57;41;41m▀[38;2;0;0;0;48;2;82;65;65m▀[49m▄[0m  [38;2;0;0;0m▀▀▀[0m
[0m    [38;2;0;0;0m▀▀[38;2;205;180;148;48;2;0;0;0m▀▀[48;2;180;148;106m▀▀[38;2;180;148;106m▀▀[48;2;106;82;65m▀[48;2;0;0;0m▀[38;2;106;82;65m▀▀[38;2;238;205;164;48;2;238;205;164m▀▀[48;2;205;180;148m▀[38;2;180;148;106;48;2;0;0;0m▀[38;2;0;0;0;49m▀[0m    [38;2;0;0;0m▀[38;2;125;107;95;48;2;0;0;0m▀[38;2;57;41;41;48;2;125;107;95m▀[38;2;82;65;65;48;2;57;41;41m▀[48;2;82;65;65m▀[38;2;57;41;41m▀[38;2;82;65;65;48;2;57;41;41m▀[48;2;82;65;65m▀[38;2;0;0;0;48;2;0;0;0m▀[0m
[0m        [38;2;0;0;0m▀▀▀▀[38;2;106;82;65m▀[0m  [38;2;0;0;0;48;2;0;0;0m▀[38;2;238;205;164;48;2;180;148;106m▀▀[38;2;180;148;106;48;2;0;0;0m▀[38;2;0;0;0;49m▀[0m      [38;2;0;0;0m▀[38;2;125;107;95;48;2;0;0;0m▀[38;2;57;41;41m▀[38;2;82;65;65m▀▀[38;2;0;0;0;49m▀▀[0m
[0m                [38;2;0;0;0m▀▀[0m
