[0m                                           [38;2;98;41;41m▄▄▄[48;2;222;131;148m▀▀▀▀▀▀▀[49m▄▄▄▄[0m
[0m                                        [38;2;98;41;41m▄[48;2;222;131;148m▀▀[38;2;222;131;148m▀[48;2;189;82;106m▀[48;2;164;57;74m▀▀▀[38;2;189;82;106m▀▀▀▀[38;2;222;131;148m▀▀▀[48;2;189;82;106m▀[48;2;222;131;148m▀[38;2;98;41;41m▀▀▀[49m▄▄[0m
[0m                 [38;2;24;24;24m▄▄▄▄▄▄▄▄▄▄[0m    [38;2;41;98;123m▄▄[38;2;24;24;24m▄[0m       [38;2;98;41;41m▀▀[38;2;164;57;74;48;2;98;41;41m▀▀[48;2;164;57;74m▀▀▀▀▀▀▀▀▀▀▀▀[38;2;189;82;106m▀▀[38;2;222;131;148m▀[48;2;189;82;106m▀[48;2;222;131;148m▀[38;2;98;41;41m▀▀[49m▄▄[0m
[0m   [38;2;65;131;156;48;2;65;131;156m▀[48;2;131;205;230m▀[38;2;24;24;24;49m▄▄[0m       [38;2;24;24;24m▄[48;2;189;82;106m▀▀[38;2;189;82;106m▀▀▀▀▀▀▀▀▀▀[38;2;24;24;24m▀▀[48;2;65;131;156m▀[38;2;41;98;123;48;2;131;205;230m▀[38;2;131;205;230m▀[38;2;74;164;205;48;2;24;24;24m▀[38;2;24;24;24;48;2;189;82;106m▀[38;2;98;41;41;49m▄▄[0m         [38;2;98;41;41m▀[38;2;164;57;74;48;2;98;41;41m▀[48;2;164;57;74m▀▀▀▀▀▀▀▀▀▀▀▀▀▀▀[38;2;189;82;106m▀[38;2;222;131;148m▀[48;2;189;82;106m▀[48;2;222;131;148m▀[38;2;98;41;41m▀[49m▄[0m
[0m    [38;2;65;131;156m▀[38;2;131;205;230;48;2;65;131;156m▀[48;2;131;205;230m▀[38;2;41;98;123m▀[49m▄[38;2;24;24;24m▄[0m     [38;2;24;24;24m▀▀[38;2;189;82;106;48;2;24;24;24m▀▀[48;2;189;82;106m▀▀▀▀▀▀▀▀[48;2;65;131;156m▀[38;2;41;98;123;48;2;131;205;230m▀[38;2;74;164;205m▀[38;2;131;205;230;48;2;74;164;205m▀[38;2;74;164;205;48;2;24;24;24m▀[38;2;24;24;24;48;2;189;82;106m▀[38;2;189;82;106m▀▀▀[38;2;98;41;41m▀▀[49m▄▄[0m       [38;2;98;41;41m▀[38;2;164;57;74;48;2;98;41;41m▀[48;2;164;57;74m▀▀▀▀▀▀▀▀▀▀▀▀▀▀▀▀▀[38;2;222;131;148m▀[48;2;222;131;148m▀[38;2;98;41;41m▀[49m▄[0m
[0m     [38;2;65;131;156m▀[38;2;74;164;205;48;2;41;98;123m▀[38;2;131;205;230;48;2;74;164;205m▀[38;2;74;164;205m▀▀[38;2;24;24;24m▀[38;2;41;98;123;49m▄[38;2;24;24;24m▄[0m      [38;2;24;24;24m▀▀[38;2;189;82;106;48;2;24;24;24m▀[48;2;189;82;106m▀▀▀[48;2;65;131;156m▀[38;2;65;131;156;48;2;131;205;230m▀[38;2;131;205;230m▀[48;2;74;164;205m▀[38;2;74;164;205m▀[48;2;24;24;24m▀[38;2;24;24;24;48;2;189;82;106m▀[38;2;189;82;106m▀▀▀▀▀▀▀▀[38;2;98;41;41m▀[49m▄▄[0m      [38;2;24;24;24;48;2;24;24;24m▀[38;2;164;57;74;48;2;164;57;74m▀▀▀▀▀▀▀▀▀▀▀▀▀▀▀▀▀▀[38;2;189;82;106m▀[38;2;222;131;148;48;2;189;82;106m▀[38;2;24;24;24;48;2;222;131;148m▀[49m▄[0m
[0m       [38;2;41;98;123m▀[38;2;74;164;205;48;2;41;98;123m▀[48;2;65;131;156m▀▀[48;2;98;41;41m▀▀[38;2;24;24;24m▀[48;2;189;82;106m▀[38;2;98;41;41m▀[48;2;98;41;41m▀[49m▄[48;2;189;82;106m▀▀▀[48;2;164;57;74m▀[38;2;24;24;24;48;2;98;41;41m▀[38;2;189;82;106;48;2;41;98;123m▀[38;2;41;98;123;48;2;131;205;230m▀[38;2;131;205;230m▀[48;2;74;164;205m▀[38;2;74;164;205m▀▀[38;2;65;131;156;48;2;24;24;24m▀[38;2;24;24;24;48;2;189;82;106m▀[38;2;189;82;106m▀▀▀▀▀▀▀▀▀▀▀[38;2;164;57;74m▀[38;2;98;41;41m▀[38;2;24;24;24;49m▄[0m     [38;2;24;24;24;48;2;24;24;24m▀[38;2;164;57;74;48;2;164;57;74m▀▀▀▀▀▀▀▀▀▀▀▀▀▀▀▀▀▀▀[38;2;189;82;106m▀[38;2;222;131;148;48;2;189;82;106m▀[38;2;24;24;24;48;2;24;24;24m▀[0m
[0m       [38;2;98;41;41m▄[38;2;41;98;123;48;2;98;41;41m▀[38;2;98;41;41;48;2;189;82;106m▀▀[38;2;189;82;106m▀[48;2;98;41;41m▀▀[38;2;98;41;41;48;2;222;131;148m▀▀[38;2;189;82;106m▀[48;2;189;82;106m▀▀▀[48;2;41;98;123m▀▀[38;2;41;98;123;48;2;131;205;230m▀[38;2;131;205;230m▀[48;2;74;164;205m▀[38;2;74;164;205m▀▀[48;2;65;131;156m▀[38;2;24;24;24;48;2;24;24;24m▀[38;2;189;82;106;48;2;189;82;106m▀▀▀▀▀▀▀▀▀▀▀▀▀▀▀▀[38;2;24;24;24m▀[49m▄[0m   [38;2;24;24;24m▀[38;2;164;57;74;48;2;24;24;24m▀[48;2;164;57;74m▀▀▀▀▀▀▀▀▀▀▀▀▀▀▀▀▀▀▀▀[38;2;222;131;148;48;2;189;82;106m▀[38;2;24;24;24;48;2;24;24;24m▀[0m
[0m     [38;2;98;41;41m▄[48;2;189;82;106m▀[38;2;189;82;106;48;2;41;98;123m▀▀[38;2;41;98;123;48;2;131;205;230m▀[38;2;74;164;205;48;2;98;41;41m▀[38;2;98;41;41;48;2;189;82;106m▀[38;2;189;82;106m▀[38;2;222;131;148m▀[48;2;164;57;74m▀[48;2;98;41;41m▀[38;2;189;82;106m▀▀[48;2;41;98;123m▀[38;2;41;98;123;48;2;131;205;230m▀[38;2;74;164;205m▀[38;2;131;205;230m▀[48;2;74;164;205m▀[38;2;74;164;205m▀▀▀[38;2;65;131;156;48;2;24;24;24m▀[38;2;24;24;24m▀[38;2;189;82;106;48;2;98;41;41m▀[48;2;189;82;106m▀▀▀▀▀▀▀▀▀▀▀▀▀▀▀▀▀▀[38;2;98;41;41;48;2;164;57;74m▀[49m▄[0m  [38;2;24;24;24;48;2;24;24;24m▀[38;2;164;57;74;48;2;164;57;74m▀▀▀▀▀▀▀▀▀▀▀▀▀▀▀▀▀▀▀▀▀[38;2;189;82;106;48;2;189;82;106m▀[38;2;24;24;24;48;2;24;24;24m▀[0m
[0m     [38;2;98;41;41;48;2;65;131;156m▀[38;2;41;98;123;48;2;131;205;230m▀[38;2;74;164;205m▀[38;2;131;205;230m▀▀[38;2;98;41;41;48;2;98;41;41m▀[38;2;189;82;106m▀[38;2;164;57;74;48;2;172;172;164m▀[38;2;98;41;41;48;2;241;241;234m▀[38;2;24;24;24;48;2;41;98;123m▀[38;2;172;172;164;48;2;241;241;234m▀[38;2;241;241;234;48;2;172;172;164m▀[38;2;41;98;123;48;2;131;205;230m▀[38;2;131;205;230m▀▀[38;2;74;164;205m▀[48;2;74;164;205m▀▀[38;2;41;98;123m▀▀[38;2;24;24;24m▀[38;2;98;41;41;48;2;41;98;123m▀[38;2;24;24;24m▀[38;2;41;98;123;49m▄[38;2;98;41;41;48;2;41;98;123m▀[38;2;189;82;106m▀▀▀[48;2;189;82;106m▀▀▀▀▀▀▀▀▀▀▀▀▀▀▀[38;2;98;41;41m▀[49m▄[0m  [38;2;24;24;24;48;2;24;24;24m▀[38;2;164;57;74;48;2;164;57;74m▀▀▀▀▀▀▀▀▀▀▀▀▀▀▀▀▀▀▀▀▀[38;2;189;82;106m▀[38;2;24;24;24;48;2;24;24;24m▀[0m
[0m   [38;2;41;98;123m▄[48;2;131;205;230m▀[38;2;131;205;230m▀▀▀▀▀▀▀▀▀[48;2;74;164;205m▀▀▀▀▀[48;2;131;205;230m▀▀[48;2;74;164;205m▀▀▀▀[48;2;65;131;156m▀[48;2;24;24;24m▀[38;2;74;164;205m▀▀▀▀[48;2;41;98;123m▀▀[38;2;24;24;24;48;2;189;82;106m▀[38;2;189;82;106m▀▀▀▀▀▀▀▀▀▀▀▀▀▀▀▀[38;2;98;41;41;48;2;98;41;41m▀[0m [38;2;24;24;24;48;2;24;24;24m▀[38;2;164;57;74;48;2;164;57;74m▀▀▀▀▀▀▀▀▀▀▀▀▀▀▀▀▀▀▀▀▀▀▀[38;2;24;24;24;48;2;24;24;24m▀[0m
[0m   [38;2;41;98;123m▀[38;2;131;205;230;48;2;24;24;24m▀[48;2;241;241;234m▀[38;2;65;131;156;48;2;24;24;24m▀[38;2;131;205;230m▀[48;2;241;241;234m▀[48;2;24;24;24m▀[38;2;74;164;205m▀▀[48;2;41;98;123m▀[38;2;41;98;123;48;2;98;41;41m▀[38;2;24;24;24;48;2;164;57;74m▀[48;2;189;82;106m▀▀▀[48;2;98;41;41m▀[48;2;131;148;148m▀[38;2;131;205;230;48;2;24;24;24m▀[48;2;131;205;230m▀[38;2;74;164;205m▀[38;2;24;24;24;48;2;74;164;205m▀▀[48;2;24;24;24m▀[38;2;74;164;205;48;2;74;164;205m▀▀[38;2;41;98;123m▀[49m▄[0m  [38;2;98;41;41m▀[38;2;189;82;106;48;2;98;41;41m▀[48;2;189;82;106m▀▀▀▀▀▀▀▀▀▀▀▀▀▀▀▀▀[38;2;98;41;41m▀[38;2;24;24;24;48;2;24;24;24m▀[38;2;164;57;74;48;2;164;57;74m▀▀▀▀▀▀▀▀▀▀▀▀▀▀▀▀▀▀▀▀▀▀▀[38;2;24;24;24;48;2;24;24;24m▀[0m
[0m     [38;2;24;24;24m▀[0m  [38;2;24;24;24;48;2;41;98;123m▀[38;2;41;98;123;48;2;65;131;156m▀▀[38;2;24;24;24m▀[48;2;24;24;24m▀[38;2;164;57;74;48;2;189;82;106m▀[38;2;189;82;106m▀▀▀▀[38;2;98;41;41;48;2;98;41;41m▀[38;2;172;172;164;48;2;172;172;164m▀[38;2;131;148;148m▀[38;2;24;24;24;48;2;131;148;148m▀[38;2;131;205;230;48;2;24;24;24m▀[48;2;131;205;230m▀[38;2;74;164;205;48;2;74;164;205m▀▀[38;2;24;24;24;48;2;24;24;24m▀[38;2;74;164;205;48;2;74;164;205m▀▀[38;2;41;98;123m▀[49m▄[0m  [38;2;98;41;41m▀[38;2;189;82;106;48;2;98;41;41m▀[48;2;189;82;106m▀▀▀▀▀▀▀▀▀▀▀▀▀▀▀▀[38;2;24;24;24;48;2;24;24;24m▀[38;2;222;131;148;48;2;222;131;148m▀[38;2;164;57;74;48;2;164;57;74m▀▀▀▀▀▀▀▀▀▀▀▀▀▀▀▀▀▀▀▀▀▀▀[38;2;189;82;106;48;2;189;82;106m▀[38;2;24;24;24;48;2;24;24;24m▀[0m
[0m      [38;2;41;98;123m▄[48;2;65;131;156m▀[38;2;65;131;156m▀▀[48;2;41;98;123m▀[38;2;24;24;24;48;2;24;24;24m▀[38;2;164;57;74;48;2;164;57;74m▀[38;2;189;82;106;48;2;189;82;106m▀▀▀▀[38;2;98;41;41;48;2;98;41;41m▀[38;2;172;172;164;48;2;172;172;164m▀▀▀[48;2;24;24;24m▀[38;2;24;24;24;48;2;164;57;74m▀[48;2;24;24;24m▀[38;2;131;205;230;48;2;131;205;230m▀[38;2;74;164;205;48;2;74;164;205m▀▀[38;2;24;24;24;48;2;24;24;24m▀[38;2;74;164;205;48;2;74;164;205m▀▀[38;2;41;98;123m▀[49m▄[0m   [38;2;24;24;24;48;2;98;41;41m▀[38;2;189;82;106;48;2;189;82;106m▀▀▀▀▀▀▀▀▀▀▀▀▀[48;2;164;57;74m▀▀[38;2;24;24;24;48;2;24;24;24m▀[38;2;222;131;148;48;2;189;82;106m▀[38;2;164;57;74;48;2;164;57;74m▀▀▀▀▀▀▀▀▀▀▀▀▀▀▀▀▀▀▀▀▀▀▀[38;2;189;82;106;48;2;189;82;106m▀[38;2;24;24;24;48;2;24;24;24m▀[0m
[0m    [38;2;41;98;123m▄[48;2;74;164;205m▀[38;2;74;164;205m▀[48;2;41;98;123m▀[38;2;65;131;156;48;2;24;24;24m▀[38;2;24;24;24m▀[48;2;98;41;41m▀[38;2;98;41;41m▀[38;2;164;57;74m▀[38;2;189;82;106;48;2;164;57;74m▀▀[48;2;98;41;41m▀[38;2;98;41;41;48;2;241;241;234m▀[38;2;241;241;234;48;2;172;172;164m▀[38;2;172;172;164m▀▀[48;2;24;24;24m▀[38;2;24;24;24;48;2;164;57;74m▀[38;2;164;57;74m▀▀[38;2;24;24;24m▀[38;2;74;164;205;48;2;24;24;24m▀[48;2;74;164;205m▀▀[38;2;24;24;24;48;2;24;24;24m▀[38;2;74;164;205;48;2;74;164;205m▀▀▀[38;2;41;98;123;48;2;65;131;156m▀[38;2;65;131;156;49m▄[0m  [38;2;24;24;24;48;2;24;24;24m▀[38;2;189;82;106;48;2;189;82;106m▀▀▀▀▀▀▀▀[48;2;164;57;74m▀▀[38;2;164;57;74;48;2;98;41;41m▀▀[38;2;98;41;41;49m▀[38;2;24;24;24;48;2;24;24;24m▀[38;2;222;131;148;48;2;222;131;148m▀[38;2;164;57;74;48;2;164;57;74m▀▀▀▀▀▀▀▀▀▀▀▀▀▀▀▀▀▀▀▀▀▀▀▀[38;2;189;82;106;48;2;189;82;106m▀[38;2;24;24;24;48;2;24;24;24m▀[0m
[0m   [38;2;41;98;123;48;2;24;24;24m▀[38;2;74;164;205m▀▀[38;2;24;24;24;49m▀▀[0m [38;2;24;24;24m▀[38;2;241;241;234;48;2;24;24;24m▀[38;2;98;41;41;48;2;241;241;234m▀▀[38;2;241;241;234m▀[38;2;98;41;41m▀[38;2;241;241;234;48;2;172;172;164m▀[38;2;172;172;164m▀[48;2;24;24;24m▀▀[38;2;24;24;24;49m▀▀▀[38;2;164;57;74;48;2;24;24;24m▀[48;2;164;57;74m▀▀▀[38;2;24;24;24m▀[38;2;74;164;205;48;2;24;24;24m▀[48;2;74;164;205m▀[38;2;24;24;24;48;2;24;24;24m▀[38;2;74;164;205;48;2;74;164;205m▀▀▀[38;2;41;98;123m▀[49m▄[0m  [38;2;24;24;24;48;2;24;24;24m▀[38;2;189;82;106;48;2;189;82;106m▀▀▀▀[48;2;164;57;74m▀[38;2;164;57;74m▀▀[48;2;98;41;41m▀[38;2;98;41;41;49m▀[0m  [38;2;24;24;24m▄[48;2;222;131;148m▀[38;2;189;82;106;48;2;164;57;74m▀[38;2;164;57;74m▀▀▀▀▀▀▀▀[48;2;189;82;106m▀▀▀▀▀▀▀[48;2;164;57;74m▀▀▀▀▀▀▀▀▀[38;2;189;82;106;48;2;189;82;106m▀[38;2;24;24;24;48;2;24;24;24m▀[0m
[0m           [38;2;24;24;24m▀▀▀▀▀▀[0m      [38;2;24;24;24;48;2;24;24;24m▀[38;2;164;57;74;48;2;164;57;74m▀▀▀▀[38;2;24;24;24m▀▀[38;2;98;41;41;48;2;98;41;41m▀[38;2;74;164;205;48;2;74;164;205m▀▀▀▀[38;2;41;98;123m▀[49m▄[38;2;24;24;24m▀[38;2;164;57;74;48;2;24;24;24m▀[38;2;189;82;106;48;2;164;57;74m▀▀[38;2;164;57;74m▀▀▀[48;2;24;24;24m▀[38;2;24;24;24;49m▀[0m  [38;2;98;41;41m▄[38;2;24;24;24;48;2;222;131;148m▀[38;2;189;82;106;48;2;164;57;74m▀[38;2;164;57;74m▀▀▀▀▀[48;2;189;82;106m▀[38;2;189;82;106;48;2;24;24;24m▀▀[38;2;24;24;24;49m▀▀▀▀▀[38;2;189;82;106;48;2;24;24;24m▀▀▀[48;2;189;82;106m▀▀[38;2;164;57;74m▀▀[48;2;164;57;74m▀▀▀▀▀[38;2;189;82;106;48;2;189;82;106m▀[38;2;24;24;24;48;2;24;24;24m▀[0m
[0m                        [38;2;24;24;24;48;2;24;24;24m▀[38;2;164;57;74;48;2;164;57;74m▀▀▀▀▀▀[38;2;98;41;41;48;2;98;41;41m▀[38;2;74;164;205;48;2;74;164;205m▀▀▀▀▀[38;2;24;24;24m▀[48;2;24;24;24m▀[38;2;164;57;74m▀[48;2;164;57;74m▀▀▀▀[38;2;24;24;24;48;2;24;24;24m▀[38;2;98;41;41;49m▄[48;2;222;131;148m▀▀[38;2;222;131;148;48;2;189;82;106m▀[38;2;189;82;106;48;2;164;57;74m▀[38;2;164;57;74m▀▀▀▀[48;2;24;24;24m▀[38;2;24;24;24;49m▀▀[0m          [38;2;24;24;24m▀▀[38;2;189;82;106;48;2;24;24;24m▀[48;2;189;82;106m▀▀[38;2;164;57;74m▀[48;2;164;57;74m▀▀▀[38;2;189;82;106;48;2;189;82;106m▀[38;2;24;24;24;48;2;24;24;24m▀[0m
[0m                         [38;2;24;24;24;48;2;24;24;24m▀[38;2;164;57;74;48;2;189;82;106m▀[48;2;164;57;74m▀▀▀▀▀[38;2;98;41;41;48;2;98;41;41m▀[38;2;74;164;205;48;2;74;164;205m▀▀▀▀▀▀▀[38;2;24;24;24m▀▀▀[38;2;98;41;41;48;2;24;24;24m▀[38;2;222;131;148m▀▀[38;2;164;57;74;48;2;164;57;74m▀▀▀▀▀▀[48;2;98;41;41m▀[38;2;24;24;24;49m▀[0m                [38;2;24;24;24m▀[38;2;189;82;106;48;2;24;24;24m▀[48;2;189;82;106m▀▀[38;2;164;57;74;48;2;164;57;74m▀[38;2;189;82;106;48;2;189;82;106m▀[38;2;24;24;24;48;2;24;24;24m▀[0m
[0m                         [38;2;24;24;24;48;2;24;24;24m▀[38;2;189;82;106;48;2;189;82;106m▀▀[38;2;164;57;74m▀▀[48;2;164;57;74m▀▀▀[38;2;98;41;41;48;2;98;41;41m▀[38;2;74;164;205;48;2;74;164;205m▀▀▀▀▀[48;2;131;205;230m▀[38;2;131;205;230;48;2;74;164;205m▀[38;2;74;164;205;48;2;131;205;230m▀[38;2;131;205;230;48;2;74;164;205m▀[38;2;74;164;205;48;2;131;205;230m▀[38;2;131;205;230;48;2;74;164;205m▀[38;2;74;164;205;48;2;131;205;230m▀[38;2;24;24;24m▀▀▀[38;2;164;57;74;48;2;24;24;24m▀▀[38;2;98;41;41;48;2;98;41;41m▀[0m                   [38;2;24;24;24m▀[38;2;189;82;106;48;2;24;24;24m▀[48;2;189;82;106m▀▀[48;2;24;24;24m▀[38;2;24;24;24;49m▀[0m
[0m                       [38;2;41;98;123m▄[48;2;131;205;230m▀[38;2;131;205;230m▀[38;2;98;41;41;48;2;98;41;41m▀[38;2;189;82;106;48;2;189;82;106m▀▀▀▀▀[38;2;164;57;74;48;2;98;41;41m▀[38;2;98;41;41;48;2;131;205;230m▀[38;2;74;164;205m▀[48;2;74;164;205m▀▀▀▀[48;2;131;205;230m▀[38;2;131;205;230;48;2;74;164;205m▀[38;2;74;164;205;48;2;131;205;230m▀[38;2;131;205;230;48;2;74;164;205m▀[38;2;74;164;205;48;2;131;205;230m▀[38;2;131;205;230m▀▀▀▀▀▀▀[38;2;24;24;24m▀▀[49m▄▄[0m                 [38;2;24;24;24m▀[38;2;189;82;106;48;2;24;24;24m▀[48;2;189;82;106m▀[38;2;24;24;24;48;2;24;24;24m▀[0m
[0m                     [38;2;41;98;123m▄[48;2;131;205;230m▀[38;2;131;205;230m▀▀▀[38;2;65;131;156m▀[38;2;98;41;41;48;2;98;41;41m▀[38;2;189;82;106;48;2;164;57;74m▀[48;2;189;82;106m▀▀[48;2;98;41;41m▀[38;2;98;41;41;48;2;131;205;230m▀[38;2;131;205;230m▀▀▀▀▀▀▀▀▀▀▀▀▀▀▀▀▀▀▀▀▀▀[38;2;24;24;24m▀▀[49m▄[38;2;65;131;156m▄[38;2;41;98;123m▄▄▄▄▄▄▄▄▄[38;2;65;131;156m▄[0m    [38;2;24;24;24m▀▀[0m
[38;2;24;24;24;49m▄[38;2;41;98;123m▄[0m                 [38;2;41;98;123m▄[48;2;131;205;230m▀[38;2;131;205;230m▀▀▀▀▀▀[38;2;65;131;156;48;2;65;131;156m▀[38;2;98;41;41;48;2;131;205;230m▀▀▀[38;2;131;205;230m▀▀▀▀▀▀▀▀▀▀▀▀▀▀▀▀▀▀[38;2;74;164;205m▀[38;2;131;205;230;48;2;65;131;156m▀[48;2;131;205;230m▀▀▀▀▀▀▀[38;2;24;24;24m▀▀[38;2;74;164;205;48;2;24;24;24m▀▀[48;2;41;98;123m▀▀▀[48;2;74;164;205m▀▀▀[38;2;65;131;156m▀[38;2;41;98;123m▀[48;2;131;205;230m▀▀[49m▄▄[0m
[38;2;24;24;24;48;2;41;98;123m▀[38;2;74;164;205;48;2;65;131;156m▀[38;2;41;98;123;48;2;74;164;205m▀▀[49m▄▄▄[0m           [38;2;41;98;123;48;2;41;98;123m▀[38;2;131;205;230;48;2;131;205;230m▀▀[48;2;74;164;205m▀[48;2;131;205;230m▀▀▀▀▀▀▀▀▀▀▀▀▀▀▀▀▀▀▀▀[48;2;74;164;205m▀[48;2;131;205;230m▀▀▀▀▀▀▀▀[38;2;65;131;156m▀[38;2;131;205;230;48;2;65;131;156m▀[48;2;131;205;230m▀▀▀▀▀▀▀▀▀[38;2;24;24;24m▀▀[38;2;65;131;156;48;2;24;24;24m▀[38;2;41;98;123m▀[48;2;74;164;205m▀[38;2;65;131;156m▀[38;2;74;164;205m▀▀▀[38;2;131;205;230;48;2;131;205;230m▀▀▀[38;2;41;98;123;48;2;74;164;205m▀[49m▄[0m
[0m [38;2;24;24;24m▀[38;2;65;131;156;48;2;24;24;24m▀[38;2;74;164;205;48;2;65;131;156m▀[48;2;74;164;205m▀▀▀[38;2;41;98;123m▀▀▀▀▀[49m▄▄▄▄▄[38;2;24;24;24;48;2;24;24;24m▀[38;2;131;205;230;48;2;131;205;230m▀▀▀[38;2;65;131;156;48;2;65;131;156m▀[38;2;131;205;230;48;2;131;205;230m▀▀▀▀▀▀▀▀▀▀▀▀▀▀▀▀▀▀▀[38;2;74;164;205;48;2;65;131;156m▀[38;2;131;205;230;48;2;131;205;230m▀▀▀▀▀▀▀▀▀▀[38;2;41;98;123m▀[38;2;131;205;230;48;2;41;98;123m▀[48;2;131;205;230m▀▀[48;2;74;164;205m▀[48;2;131;205;230m▀▀▀▀▀▀▀▀[38;2;74;164;205m▀[38;2;24;24;24;48;2;24;24;24m▀[38;2;74;164;205;48;2;74;164;205m▀▀[48;2;131;205;230m▀[38;2;131;205;230;48;2;74;164;205m▀[38;2;74;164;205;48;2;131;205;230m▀[38;2;131;205;230;48;2;74;164;205m▀[38;2;74;164;205m▀▀[38;2;24;24;24m▀[49m▄[0m
[0m   [38;2;24;24;24m▀▀[38;2;164;57;74;48;2;24;24;24m▀▀[48;2;164;57;74m▀[38;2;74;164;205m▀▀▀[48;2;74;164;205m▀▀▀▀▀[38;2;24;24;24;48;2;24;24;24m▀[38;2;131;205;230;48;2;131;205;230m▀▀▀▀[38;2;65;131;156m▀[38;2;74;164;205;48;2;65;131;156m▀[38;2;131;205;230;48;2;131;205;230m▀[48;2;65;131;156m▀▀[48;2;131;205;230m▀[48;2;65;131;156m▀[38;2;65;131;156;48;2;241;241;234m▀▀▀▀▀[38;2;131;205;230;48;2;74;164;205m▀[48;2;65;131;156m▀[48;2;74;164;205m▀[38;2;65;131;156;48;2;241;241;234m▀▀▀[38;2;131;205;230;48;2;65;131;156m▀[48;2;131;205;230m▀[38;2;65;131;156;48;2;41;98;123m▀[38;2;131;205;230;48;2;131;205;230m▀▀▀▀▀▀▀▀▀▀▀[38;2;41;98;123;48;2;74;164;205m▀[38;2;74;164;205;48;2;41;98;123m▀[38;2;131;205;230;48;2;74;164;205m▀[38;2;65;131;156;48;2;98;41;41m▀[38;2;131;205;230;48;2;65;131;156m▀[48;2;131;205;230m▀▀▀▀▀▀▀▀▀[38;2;24;24;24;48;2;24;24;24m▀[38;2;74;164;205;48;2;74;164;205m▀▀▀▀▀▀▀[48;2;65;131;156m▀[38;2;24;24;24;48;2;24;24;24m▀[0m
[0m       [38;2;24;24;24m▀▀[38;2;164;57;74;48;2;24;24;24m▀▀▀▀[48;2;164;57;74m▀▀[38;2;24;24;24;48;2;24;24;24m▀[38;2;131;205;230;48;2;131;205;230m▀▀▀▀▀▀[38;2;65;131;156;48;2;41;98;123m▀[38;2;41;98;123m▀[38;2;241;241;234;48;2;241;241;234m▀▀[38;2;65;131;156m▀[48;2;131;148;148m▀[38;2;241;241;234;48;2;241;241;234m▀▀▀▀▀▀[38;2;65;131;156m▀[38;2;241;241;234;48;2;131;148;148m▀[48;2;241;241;234m▀▀▀▀[38;2;65;131;156m▀[38;2;41;98;123;48;2;65;131;156m▀[38;2;65;131;156;48;2;41;98;123m▀[38;2;131;205;230;48;2;131;205;230m▀▀▀▀▀▀▀▀▀▀[38;2;74;164;205;48;2;74;164;205m▀[38;2;41;98;123;48;2;41;98;123m▀[38;2;74;164;205;48;2;74;164;205m▀[38;2;98;41;41;48;2;98;41;41m▀[38;2;164;57;74;48;2;164;57;74m▀[38;2;65;131;156m▀[38;2;131;205;230;48;2;65;131;156m▀[48;2;74;164;205m▀[48;2;131;205;230m▀▀▀▀▀[48;2;74;164;205m▀[38;2;74;164;205m▀[38;2;24;24;24;48;2;24;24;24m▀[38;2;74;164;205;48;2;74;164;205m▀▀▀▀[48;2;65;131;156m▀[48;2;164;57;74m▀[38;2;164;57;74m▀[38;2;24;24;24;48;2;24;24;24m▀[0m
[0m             [38;2;24;24;24m▀▀[48;2;24;24;24m▀[38;2;131;205;230;48;2;131;205;230m▀▀▀▀▀[48;2;74;164;205m▀[38;2;74;164;205m▀[38;2;24;24;24;48;2;24;24;24m▀[38;2;241;241;234;48;2;241;241;234m▀▀▀▀[38;2;131;148;148;48;2;65;131;156m▀[38;2;241;241;234;48;2;241;241;234m▀▀▀▀▀▀[38;2;65;131;156m▀[38;2;241;241;234;48;2;131;148;148m▀[48;2;241;241;234m▀▀▀▀▀[38;2;41;98;123m▀[38;2;131;205;230;48;2;41;98;123m▀[48;2;131;205;230m▀▀▀▀▀▀▀▀[48;2;74;164;205m▀[38;2;74;164;205m▀[38;2;65;131;156m▀[38;2;41;98;123;48;2;41;98;123m▀[38;2;98;41;41;48;2;65;131;156m▀[48;2;98;41;41m▀[38;2;164;57;74;48;2;164;57;74m▀▀[38;2;74;164;205;48;2;65;131;156m▀[48;2;74;164;205m▀▀▀▀▀▀▀[38;2;24;24;24m▀[38;2;74;164;205;48;2;24;24;24m▀[48;2;164;57;74m▀[38;2;65;131;156m▀[38;2;164;57;74m▀▀[48;2;24;24;24m▀[38;2;24;24;24;49m▀[0m
[0m               [38;2;24;24;24;48;2;24;24;24m▀[38;2;131;205;230;48;2;131;205;230m▀▀▀▀[48;2;74;164;205m▀[38;2;74;164;205m▀[48;2;98;41;41m▀[38;2;98;41;41;48;2;164;57;74m▀[38;2;24;24;24;48;2;24;24;24m▀[38;2;241;241;234;48;2;172;172;164m▀[48;2;241;241;234m▀▀▀[38;2;131;148;148;48;2;65;131;156m▀[38;2;241;241;234;48;2;172;172;164m▀[48;2;241;241;234m▀▀▀▀▀[38;2;65;131;156m▀[38;2;241;241;234;48;2;65;131;156m▀[48;2;241;241;234m▀▀▀▀[48;2;172;172;164m▀[38;2;41;98;123m▀[38;2;131;205;230;48;2;41;98;123m▀[48;2;131;205;230m▀▀▀▀▀▀[48;2;74;164;205m▀[38;2;74;164;205m▀▀▀[38;2;24;24;24;48;2;24;24;24m▀[38;2;172;172;164;48;2;172;172;164m▀[38;2;65;131;156m▀[38;2;98;41;41;48;2;24;24;24m▀[38;2;164;57;74;48;2;98;41;41m▀[48;2;164;57;74m▀[38;2;74;164;205;48;2;74;164;205m▀▀▀▀▀▀▀▀[38;2;24;24;24;48;2;24;24;24m▀[38;2;164;57;74;48;2;98;41;41m▀[48;2;24;24;24m▀[38;2;24;24;24;49m▀▀[0m
[0m              [38;2;24;24;24;48;2;41;98;123m▀[38;2;74;164;205;48;2;74;164;205m▀[38;2;131;205;230m▀▀▀[38;2;74;164;205m▀▀▀[38;2;98;41;41;48;2;98;41;41m▀[38;2;164;57;74;48;2;164;57;74m▀[38;2;24;24;24;48;2;24;24;24m▀[49m▀[38;2;172;172;164;48;2;24;24;24m▀▀[48;2;131;148;148m▀[48;2;172;172;164m▀[38;2;65;131;156m▀[38;2;172;172;164;48;2;65;131;156m▀[38;2;241;241;234;48;2;172;172;164m▀▀▀▀[38;2;172;172;164m▀▀[38;2;41;98;123m▀[38;2;172;172;164;48;2;41;98;123m▀[48;2;172;172;164m▀▀▀▀[38;2;41;98;123m▀[38;2;74;164;205;48;2;41;98;123m▀[48;2;74;164;205m▀[38;2;131;205;230m▀▀▀[38;2;74;164;205m▀▀▀▀▀[38;2;24;24;24m▀[38;2;41;98;123;48;2;41;98;123m▀[38;2;172;172;164;48;2;24;24;24m▀[38;2;24;24;24;49m▀[0m [38;2;24;24;24m▀[38;2;74;164;205;48;2;24;24;24m▀[48;2;74;164;205m▀▀▀▀▀▀▀▀[38;2;24;24;24;48;2;24;24;24m▀[0m
[0m            [38;2;41;98;123m▄[48;2;241;241;234m▀[38;2;65;131;156;48;2;131;148;148m▀[38;2;74;164;205;48;2;65;131;156m▀[48;2;74;164;205m▀▀▀▀▀▀[48;2;65;131;156m▀[38;2;24;24;24;48;2;24;24;24m▀[0m    [38;2;24;24;24m▀▀▀▀▀[38;2;131;148;148;48;2;24;24;24m▀[38;2;172;172;164m▀[48;2;131;148;148m▀▀[48;2;172;172;164m▀▀▀[38;2;41;98;123m▀▀[38;2;172;172;164;48;2;24;24;24m▀▀▀[38;2;41;98;123m▀[38;2;74;164;205;48;2;41;98;123m▀[48;2;74;164;205m▀▀▀▀▀▀▀▀▀[38;2;24;24;24;48;2;24;24;24m▀[0m    [38;2;24;24;24m▀[38;2;74;164;205;48;2;24;24;24m▀[48;2;74;164;205m▀[48;2;65;131;156m▀[48;2;74;164;205m▀[48;2;65;131;156m▀▀[48;2;74;164;205m▀[48;2;65;131;156m▀[38;2;24;24;24;48;2;24;24;24m▀[0m
[0m           [38;2;24;24;24;48;2;24;24;24m▀[38;2;241;241;234m▀[38;2;131;148;148;48;2;241;241;234m▀[38;2;241;241;234;48;2;41;98;123m▀[38;2;131;148;148;48;2;241;241;234m▀[38;2;65;131;156m▀[38;2;74;164;205;48;2;74;164;205m▀▀[48;2;24;24;24m▀▀[38;2;24;24;24;49m▀▀[0m            [38;2;24;24;24m▀▀▀▀▀▀▀[0m    [38;2;41;98;123;48;2;41;98;123m▀[38;2;74;164;205;48;2;74;164;205m▀▀▀▀▀▀▀▀▀[38;2;24;24;24;48;2;24;24;24m▀[0m     [38;2;24;24;24m▀[38;2;65;131;156;48;2;24;24;24m▀[38;2;241;241;234;48;2;241;241;234m▀[38;2;131;148;148m▀[38;2;65;131;156;48;2;131;148;148m▀[38;2;241;241;234;48;2;241;241;234m▀[38;2;131;148;148m▀[38;2;241;241;234;48;2;131;148;148m▀[38;2;131;148;148;48;2;241;241;234m▀[38;2;24;24;24;48;2;24;24;24m▀[0m
[0m            [38;2;24;24;24m▀▀[38;2;241;241;234;48;2;24;24;24m▀▀[38;2;24;24;24;49m▀▀▀[0m                           [38;2;24;24;24;48;2;24;24;24m▀[38;2;74;164;205;48;2;74;164;205m▀▀▀▀▀▀▀▀[48;2;65;131;156m▀[38;2;24;24;24;48;2;24;24;24m▀[0m       [38;2;24;24;24m▀[38;2;241;241;234;48;2;24;24;24m▀▀[38;2;24;24;24;49m▀[38;2;241;241;234;48;2;24;24;24m▀[38;2;24;24;24m▀[49m▀▀[0m
[0m                                              [38;2;24;24;24m▀[38;2;74;164;205;48;2;24;24;24m▀[48;2;74;164;205m▀▀[48;2;65;131;156m▀[38;2;65;131;156;48;2;241;241;234m▀[38;2;74;164;205;48;2;65;131;156m▀[38;2;65;131;156;48;2;172;172;164m▀[48;2;241;241;234m▀[38;2;241;241;234;48;2;131;148;148m▀[48;2;241;241;234m▀[38;2;24;24;24m▀[49m▄[0m
[0m                                                [38;2;24;24;24m▀▀[38;2;65;131;156;48;2;24;24;24m▀[38;2;172;172;164m▀[38;2;241;241;234;48;2;172;172;164m▀[38;2;65;131;156;48;2;241;241;234m▀[38;2;172;172;164;48;2;24;24;24m▀[38;2;241;241;234;48;2;241;241;234m▀[38;2;131;148;148;48;2;24;24;24m▀[38;2;241;241;234m▀[38;2;24;24;24;49m▀[0m
[0m                                                    [38;2;24;24;24m▀▀[0m [38;2;24;24;24m▀[0m
