[0m   [38;2;82;139;213m▄▄▄[48;2;148;180;238m▀▀[38;2;65;74;131;48;2;74;106;164m▀[48;2;82;139;213m▀▀▀[49m▄▄▄▄[0m
[38;2;82;139;213;49m▄[48;2;148;180;238m▀▀[38;2;148;180;238m▀▀▀▀▀[38;2;74;106;164;48;2;74;106;164m▀[38;2;82;139;213;48;2;65;74;131m▀▀▀[48;2;74;106;164m▀[48;2;82;139;213m▀▀▀[38;2;65;74;131m▀▀▀[49m▄▄[0m
[38;2;65;74;131;48;2;65;74;131m▀[38;2;148;180;238;48;2;148;180;238m▀[48;2;82;139;213m▀[48;2;74;106;164m▀[48;2;65;74;131m▀[38;2;82;139;213m▀[38;2;74;106;164m▀[38;2;65;74;131m▀▀▀▀▀▀▀▀[38;2;82;139;213m▀▀[48;2;82;139;213m▀▀▀▀[38;2;16;16;16;48;2;16;16;16m▀[0m
[0m [38;2;16;16;16m▀[38;2;65;74;131;48;2;16;16;16m▀▀[48;2;65;74;131m▀[48;2;16;16;16m▀▀[48;2;148;180;238m▀[38;2;16;16;16m▀▀[48;2;65;74;131m▀[48;2;82;139;213m▀[48;2;74;106;164m▀[38;2;65;74;131;48;2;16;16;16m▀▀[48;2;65;74;131m▀▀▀▀[38;2;82;139;213;48;2;82;139;213m▀▀[38;2;16;16;16m▀[49m▄[0m
[0m   [38;2;16;16;16m▄[48;2;82;139;213m▀[38;2;65;74;131;48;2;148;180;238m▀[38;2;148;180;238m▀▀[48;2;65;74;131m▀[38;2;65;74;131;48;2;115;180;246m▀[38;2;82;139;213m▀[48;2;82;139;213m▀▀▀[38;2;65;74;131m▀[38;2;16;16;16;48;2;65;74;131m▀[38;2;65;74;131;48;2;16;16;16m▀[48;2;65;74;131m▀▀[38;2;74;106;164m▀[38;2;82;139;213;48;2;82;139;213m▀▀[38;2;16;16;16m▀[49m▄[0m
[0m  [38;2;65;74;131;48;2;16;16;16m▀[48;2;82;139;213m▀[38;2;148;180;238;48;2;16;16;16m▀▀▀[38;2;65;74;131m▀[38;2;115;180;246;48;2;82;139;213m▀[48;2;115;180;246m▀▀▀[38;2;82;139;213;48;2;82;139;213m▀▀[48;2;65;74;131m▀[38;2;65;74;131;48;2;74;106;164m▀[38;2;74;106;164m▀[38;2;16;16;16;48;2;16;16;16m▀[38;2;65;74;131;48;2;65;74;131m▀▀[38;2;82;139;213;48;2;74;106;164m▀[48;2;82;139;213m▀▀▀[38;2;16;16;16;48;2;74;106;164m▀[49m▄[0m [38;2;16;16;16m▄▄▄▄[0m
[0m [38;2;65;74;131;48;2;16;16;16m▀[38;2;82;139;213;48;2;65;74;131m▀[38;2;16;16;16;48;2;16;16;16m▀▀[48;2;220;79;86m▀[48;2;131;74;74m▀▀[48;2;16;16;16m▀[38;2;82;139;213;48;2;82;139;213m▀[38;2;115;180;246m▀[38;2;82;139;213;48;2;74;106;164m▀[48;2;65;74;131m▀[38;2;65;74;131m▀[38;2;74;106;164;48;2;74;106;164m▀▀▀▀[38;2;16;16;16;48;2;16;16;16m▀[38;2;65;74;131;48;2;65;74;131m▀▀[38;2;82;139;213;48;2;16;16;16m▀▀[38;2;16;16;16;48;2;115;180;246m▀▀[48;2;82;139;213m▀[48;2;74;106;164m▀[38;2;115;180;246;48;2;16;16;16m▀[38;2;74;106;164m▀[48;2;115;180;246m▀[48;2;74;106;164m▀[38;2;16;16;16m▀▀[49m▄▄[0m
[0m [38;2;16;16;16;48;2;16;16;16m▀▀▀[38;2;243;243;243;48;2;243;243;243m▀▀[38;2;16;16;16;48;2;16;16;16m▀[38;2;131;74;74m▀[48;2;131;74;74m▀[38;2;82;139;213;48;2;82;139;213m▀[48;2;16;16;16m▀[38;2;65;74;131m▀[38;2;74;106;164;48;2;65;74;131m▀[48;2;74;106;164m▀[38;2;65;74;131m▀[38;2;74;106;164;48;2;65;74;131m▀[48;2;74;106;164m▀▀[38;2;16;16;16;48;2;16;16;16m▀[38;2;65;74;131m▀[38;2;16;16;16;48;2;115;180;246m▀[38;2;115;180;246m▀[38;2;74;106;164m▀[38;2;65;74;131m▀[38;2;115;180;246;48;2;65;74;131m▀▀[38;2;82;139;213;48;2;82;139;213m▀[38;2;74;106;164m▀[48;2;74;106;164m▀[38;2;16;16;16m▀▀[38;2;115;180;246;48;2;16;16;16m▀[38;2;74;106;164;48;2;115;180;246m▀[48;2;74;106;164m▀▀[38;2;16;16;16;48;2;16;16;16m▀[0m
[0m [38;2;16;16;16;48;2;16;16;16m▀[48;2;65;74;131m▀[48;2;16;16;16m▀[38;2;220;79;86;48;2;220;79;86m▀[38;2;16;16;16;48;2;131;74;74m▀[48;2;16;16;16m▀[48;2;131;74;74m▀[38;2;131;74;74;48;2;220;79;86m▀[38;2;16;16;16;48;2;16;16;16m▀▀▀▀[38;2;74;106;164;48;2;74;106;164m▀▀[38;2;65;74;131;48;2;65;74;131m▀[38;2;74;106;164;48;2;74;106;164m▀▀[38;2;16;16;16;48;2;16;16;16m▀▀[38;2;115;180;246;48;2;115;180;246m▀▀▀▀[38;2;82;139;213;48;2;82;139;213m▀[38;2;74;106;164m▀[38;2;65;74;131m▀[38;2;82;139;213;48;2;65;74;131m▀[48;2;82;139;213m▀[38;2;74;106;164;48;2;74;106;164m▀[48;2;65;74;131m▀▀[38;2;16;16;16m▀[38;2;115;180;246;48;2;115;180;246m▀[38;2;74;106;164;48;2;74;106;164m▀▀[38;2;16;16;16;48;2;16;16;16m▀[0m
[0m  [38;2;65;74;131;48;2;16;16;16m▀[38;2;16;16;16;48;2;82;139;213m▀[48;2;16;16;16m▀[38;2;131;74;74m▀[38;2;220;79;86m▀▀[38;2;16;16;16;48;2;82;139;213m▀[38;2;82;139;213m▀[38;2;16;16;16m▀[48;2;74;106;164m▀[38;2;65;74;131m▀[38;2;74;106;164;48;2;65;74;131m▀▀[38;2;65;74;131;48;2;74;106;164m▀[38;2;74;106;164m▀[38;2;16;16;16;48;2;16;16;16m▀▀▀[38;2;82;139;213;48;2;82;139;213m▀[38;2;115;180;246m▀▀[38;2;82;139;213m▀▀▀▀▀[38;2;65;74;131m▀[48;2;65;74;131m▀[38;2;74;106;164;48;2;74;106;164m▀▀▀[38;2;16;16;16;48;2;16;16;16m▀[38;2;82;139;213;48;2;82;139;213m▀[38;2;74;106;164;48;2;74;106;164m▀[38;2;16;16;16m▀[49m▄[0m
[0m   [38;2;16;16;16m▀[38;2;82;139;213;48;2;16;16;16m▀[48;2;74;106;164m▀▀[38;2;65;74;131m▀[38;2;82;139;213;48;2;65;74;131m▀[48;2;74;106;164m▀[38;2;74;106;164m▀▀▀▀[38;2;65;74;131m▀[38;2;74;106;164;48;2;16;16;16m▀[38;2;16;16;16m▀▀▀[48;2;65;74;131m▀[48;2;16;16;16m▀[38;2;82;139;213;48;2;65;74;131m▀▀▀[48;2;82;139;213m▀▀▀[48;2;74;106;164m▀[38;2;74;106;164m▀▀[38;2;65;74;131m▀[38;2;74;106;164;48;2;65;74;131m▀[48;2;74;106;164m▀[38;2;16;16;16;48;2;16;16;16m▀[38;2;82;139;213;48;2;82;139;213m▀[38;2;74;106;164;48;2;74;106;164m▀▀[38;2;16;16;16;48;2;16;16;16m▀[49m▄[0m
[0m     [38;2;16;16;16m▀▀[38;2;74;106;164;48;2;65;74;131m▀[48;2;16;16;16m▀[38;2;65;74;131m▀[38;2;74;106;164m▀▀[48;2;65;74;131m▀[38;2;16;16;16;49m▀[48;2;65;74;131m▀[48;2;74;106;164m▀[48;2;16;16;16m▀[48;2;74;106;164m▀[38;2;65;74;131m▀[38;2;74;106;164m▀▀[38;2;16;16;16m▀[38;2;82;139;213;48;2;16;16;16m▀[48;2;74;106;164m▀[38;2;65;74;131m▀▀[38;2;74;106;164;48;2;65;74;131m▀▀[48;2;74;106;164m▀▀▀▀[38;2;65;74;131;48;2;65;74;131m▀[48;2;82;139;213m▀[38;2;82;139;213;48;2;74;106;164m▀[38;2;74;106;164m▀▀[38;2;16;16;16;48;2;16;16;16m▀[38;2;243;243;243;48;2;243;243;243m▀[38;2;115;106;115m▀[38;2;16;16;16;49m▄[0m
[0m              [38;2;65;74;131m▀[38;2;74;106;164;48;2;65;74;131m▀[38;2;16;16;16;48;2;74;106;164m▀[38;2;74;106;164;48;2;16;16;16m▀[48;2;74;106;164m▀▀▀▀▀[38;2;16;16;16m▀[38;2;74;106;164;48;2;16;16;16m▀▀[48;2;74;106;164m▀▀[38;2;65;74;131m▀▀[38;2;74;106;164;48;2;65;74;131m▀[48;2;16;16;16m▀[38;2;65;74;131;48;2;82;139;213m▀[38;2;82;139;213;48;2;74;106;164m▀[38;2;74;106;164m▀▀[38;2;16;16;16;48;2;16;16;16m▀[38;2;172;172;172m▀▀[38;2;243;243;243;48;2;172;172;172m▀[38;2;16;16;16;48;2;16;16;16m▀[0m
[0m               [38;2;65;74;131m▀[38;2;74;106;164;48;2;65;74;131m▀[48;2;74;106;164m▀[38;2;16;16;16m▀[38;2;74;106;164;48;2;16;16;16m▀[48;2;74;106;164m▀▀▀▀▀▀[38;2;16;16;16m▀▀[38;2;74;106;164;48;2;16;16;16m▀▀[38;2;16;16;16;48;2;82;139;213m▀[38;2;65;74;131m▀[38;2;82;139;213;48;2;74;106;164m▀[38;2;74;106;164m▀▀[38;2;16;16;16;48;2;16;16;16m▀[0m   [38;2;16;16;16m▀▀[0m
[0m                 [38;2;65;74;131m▀▀[38;2;16;16;16;48;2;16;16;16m▀[48;2;82;139;213m▀[38;2;65;74;131;48;2;65;74;131m▀[38;2;74;106;164;48;2;16;16;16m▀▀▀[38;2;65;74;131;48;2;65;74;131m▀[38;2;16;16;16;48;2;115;180;246m▀▀[38;2;82;139;213;48;2;82;139;213m▀[48;2;74;106;164m▀▀[38;2;74;106;164m▀▀[48;2;16;16;16m▀[38;2;16;16;16;49m▀[0m
[0m                    [38;2;16;16;16m▀[38;2;82;139;213;48;2;16;16;16m▀[38;2;115;180;246m▀▀[48;2;74;106;164m▀▀[38;2;82;139;213m▀[38;2;74;106;164m▀▀[48;2;65;74;131m▀[48;2;16;16;16m▀▀[38;2;16;16;16;48;2;115;106;115m▀[38;2;115;106;115m▀[38;2;16;16;16m▀[49m▄[0m
[0m                        [38;2;16;16;16m▀▀▀▀▀▀[38;2;148;139;148;48;2;16;16;16m▀▀▀[38;2;115;106;115m▀▀[38;2;16;16;16;49m▀[0m
