[0m    [38;2;74;131;115m▄[38;2;41;82;65;48;2;90;189;139m▀▀[49m▄[0m
[0m    [38;2;74;131;115;48;2;74;131;115m▀[38;2;148;222;180;48;2;148;222;180m▀[38;2;90;189;139;48;2;90;189;139m▀[38;2;74;131;115m▀[48;2;41;82;65m▀[0m
[0m     [38;2;74;131;115;48;2;74;131;115m▀[38;2;90;189;139;48;2;148;222;180m▀[48;2;90;189;139m▀▀[38;2;41;82;65;48;2;41;82;65m▀[0m                                    [38;2;41;82;65m▄▄[38;2;0;0;0m▄[0m
[0m     [38;2;74;131;115m▀[38;2;148;222;180;48;2;74;131;115m▀[38;2;90;189;139;48;2;90;189;139m▀▀[38;2;74;131;115m▀▀[38;2;41;82;65;49m▄[0m                               [38;2;41;82;65m▄▄[48;2;90;189;139m▀[38;2;90;189;139;48;2;74;131;115m▀▀[38;2;0;0;0;48;2;0;0;0m▀[0m
[0m      [38;2;74;131;115;48;2;74;131;115m▀[38;2;148;222;180;48;2;148;222;180m▀[38;2;90;189;139;48;2;90;189;139m▀▀▀[38;2;41;82;65m▀[49m▄[0m                           [38;2;41;82;65m▄▄[48;2;90;189;139m▀[38;2;90;189;139;48;2;74;131;115m▀[38;2;74;131;115m▀▀▀[38;2;41;82;65;48;2;0;0;0m▀[49m▀[0m
[0m       [38;2;41;82;65;48;2;41;82;65m▀[38;2;90;189;139;48;2;148;222;180m▀[48;2;90;189;139m▀▀▀▀[38;2;41;82;65;48;2;74;131;115m▀[38;2;0;0;0;49m▄[0m                      [38;2;41;82;65m▄▄[48;2;90;189;139m▀[38;2;90;189;139;48;2;74;131;115m▀[38;2;74;131;115m▀▀▀▀[48;2;0;0;0m▀[38;2;0;0;0;49m▀[0m
[0m       [38;2;41;82;65m▀[38;2;148;222;180;48;2;41;82;65m▀[38;2;74;131;115;48;2;74;131;115m▀[38;2;90;189;139m▀▀[38;2;74;131;115;48;2;41;82;65m▀[38;2;41;82;65;48;2;0;0;0m▀[38;2;0;0;0;49m▀[0m                   [38;2;41;82;65m▄▄[48;2;90;189;139m▀[38;2;90;189;139;48;2;74;131;115m▀[38;2;74;131;115m▀▀▀▀▀[48;2;0;0;0m▀[38;2;0;0;0;49m▀[0m
[0m        [38;2;41;82;65;48;2;41;82;65m▀[38;2;74;131;115;48;2;90;189;139m▀[48;2;74;131;115m▀▀[38;2;0;0;0;48;2;0;0;0m▀[0m                  [38;2;41;82;65m▄▄[48;2;90;189;139m▀[38;2;90;189;139;48;2;74;131;115m▀[38;2;74;131;115m▀▀▀▀▀▀▀[38;2;41;82;65;48;2;0;0;0m▀[49m▀[0m
[0m        [38;2;41;82;65m▀[38;2;90;189;139;48;2;41;82;65m▀[38;2;74;131;115;48;2;74;131;115m▀▀[38;2;41;82;65m▀[48;2;0;0;0m▀[0m              [38;2;41;82;65m▄[48;2;90;189;139m▀▀[38;2;90;189;139;48;2;74;131;115m▀[38;2;74;131;115m▀▀▀▀▀▀▀▀[48;2;0;0;0m▀[38;2;0;0;0;49m▀[0m
[0m         [38;2;41;82;65;48;2;41;82;65m▀[38;2;90;189;139;48;2;90;189;139m▀[38;2;74;131;115;48;2;74;131;115m▀▀[38;2;0;0;0;48;2;90;189;139m▀[38;2;41;82;65m▀▀▀[48;2;74;131;115m▀[48;2;131;98;49m▀[38;2;0;0;0;48;2;197;164;0m▀▀▀[49m▄▄▄[38;2;41;82;65m▄[48;2;90;189;139m▀[48;2;74;131;115m▀[38;2;90;189;139m▀[38;2;74;131;115m▀▀▀▀[48;2;0;0;0m▀[38;2;0;0;0;49m▀▀[38;2;74;131;115;48;2;0;0;0m▀[48;2;74;131;115m▀▀[38;2;41;82;65;48;2;0;0;0m▀[49m▀[0m
[0m     [38;2;41;82;65m▄▄[38;2;0;0;0m▄▄[38;2;41;82;65;48;2;131;98;49m▀[48;2;90;189;139m▀[38;2;90;189;139m▀▀[48;2;41;82;65m▀[38;2;41;82;65;48;2;90;189;139m▀[38;2;0;0;0m▀[38;2;90;189;139;48;2;0;0;0m▀▀[48;2;131;98;49m▀[38;2;74;131;115;48;2;197;164;0m▀[38;2;197;164;0;48;2;131;98;49m▀[38;2;131;98;49;48;2;41;82;65m▀[38;2;197;164;0m▀[38;2;41;82;65;48;2;90;189;139m▀[48;2;74;131;115m▀[38;2;90;189;139m▀[38;2;74;131;115m▀▀▀▀[48;2;0;0;0m▀[38;2;41;82;65m▀[38;2;0;0;0;49m▀[0m    [38;2;0;0;0m▀▀[0m
[0m    [38;2;41;82;65;48;2;41;82;65m▀[38;2;90;189;139;48;2;90;189;139m▀[48;2;74;131;115m▀[38;2;74;131;115m▀[48;2;41;82;65m▀[38;2;246;222;0;48;2;197;164;0m▀[38;2;90;189;139;48;2;246;222;0m▀[38;2;197;164;0;48;2;0;0;0m▀[38;2;41;82;65;48;2;90;189;139m▀[38;2;90;189;139m▀[48;2;74;131;115m▀[38;2;74;131;115m▀▀▀[38;2;0;0;0m▀▀▀[38;2;90;189;139m▀▀[38;2;74;131;115m▀▀▀▀▀[48;2;0;0;0m▀[38;2;0;0;0;48;2;74;131;115m▀[38;2;74;131;115;48;2;197;164;0m▀[38;2;41;82;65m▀▀[48;2;90;189;139m▀[49m▄▄[0m
[0m   [38;2;41;82;65m▄[48;2;90;189;139m▀[38;2;90;189;139m▀[38;2;74;131;115;48;2;74;131;115m▀[38;2;41;82;65;48;2;90;189;139m▀[38;2;90;189;139m▀▀[38;2;41;82;65;48;2;0;0;0m▀[48;2;90;189;139m▀[38;2;90;189;139;48;2;74;131;115m▀[38;2;74;131;115m▀▀[48;2;41;82;65m▀[48;2;0;0;0m▀▀[48;2;41;82;65m▀[48;2;74;131;115m▀▀▀▀▀▀▀▀[38;2;41;82;65;48;2;0;0;0m▀[48;2;74;131;115m▀[38;2;74;131;115m▀▀▀[38;2;197;164;0m▀[48;2;197;164;0m▀[38;2;90;189;139;48;2;90;189;139m▀▀[38;2;41;82;65m▀▀[49m▄▄[0m
[0m   [38;2;41;82;65;48;2;41;82;65m▀[38;2;90;189;139;48;2;90;189;139m▀[38;2;74;131;115;48;2;74;131;115m▀[38;2;41;82;65;48;2;90;189;139m▀[38;2;90;189;139m▀[48;2;74;131;115m▀[38;2;0;0;0;48;2;90;189;139m▀[38;2;90;189;139;48;2;74;131;115m▀[38;2;74;131;115;48;2;41;82;65m▀[48;2;131;98;49m▀[38;2;41;82;65;48;2;0;0;0m▀[38;2;0;0;0m▀▀[48;2;74;131;115m▀[38;2;41;82;65;48;2;90;189;139m▀[38;2;74;131;115m▀[48;2;74;131;115m▀▀▀▀▀▀▀▀[38;2;41;82;65m▀▀[38;2;74;131;115m▀▀▀▀[38;2;197;164;0;48;2;197;164;0m▀[38;2;74;131;115;48;2;74;131;115m▀▀[38;2;90;189;139m▀▀[48;2;90;189;139m▀[38;2;74;131;115m▀[38;2;41;82;65m▀[49m▄[0m
[0m  [38;2;41;82;65;48;2;41;82;65m▀[38;2;90;189;139;48;2;90;189;139m▀[48;2;74;131;115m▀[38;2;74;131;115;48;2;90;189;139m▀[38;2;90;189;139m▀[38;2;74;131;115;48;2;41;82;65m▀[38;2;41;82;65;48;2;90;189;139m▀[38;2;90;189;139;48;2;41;82;65m▀[38;2;41;82;65;48;2;0;0;0m▀[38;2;197;164;0m▀[38;2;0;0;0;48;2;246;222;0m▀[38;2;197;164;0;48;2;0;0;0m▀[38;2;0;0;0m▀[48;2;41;82;65m▀[38;2;90;189;139;48;2;90;189;139m▀[48;2;74;131;115m▀▀[38;2;74;131;115m▀▀▀▀▀▀▀▀[48;2;41;82;65m▀[48;2;74;131;115m▀▀▀▀▀[38;2;131;98;49m▀[38;2;197;164;0m▀[48;2;131;98;49m▀[38;2;74;131;115;48;2;197;164;0m▀▀[48;2;74;131;115m▀▀[38;2;90;189;139m▀▀[38;2;41;82;65;48;2;90;189;139m▀[49m▄[0m
[0m [38;2;41;82;65;48;2;41;82;65m▀[38;2;90;189;139;48;2;90;189;139m▀[48;2;74;131;115m▀[38;2;74;131;115m▀[38;2;90;189;139;48;2;41;82;65m▀[38;2;41;82;65;48;2;90;189;139m▀[38;2;90;189;139;48;2;74;131;115m▀[38;2;74;131;115;48;2;0;0;0m▀[38;2;0;0;0;48;2;74;131;115m▀[38;2;41;82;65m▀[38;2;0;0;0m▀▀[48;2;156;41;82m▀[38;2;41;82;65;48;2;230;82;115m▀[38;2;74;131;115m▀[38;2;156;41;82;48;2;0;0;0m▀▀[38;2;230;82;115;48;2;115;41;57m▀[48;2;230;82;115m▀[48;2;74;131;115m▀[38;2;74;131;115;48;2;41;82;65m▀[48;2;74;131;115m▀▀▀▀[38;2;41;82;65;48;2;41;82;65m▀[38;2;74;131;115;48;2;0;0;0m▀▀[48;2;90;189;139m▀▀▀[48;2;74;131;115m▀▀▀▀▀[38;2;197;164;0m▀▀[48;2;197;164;0m▀[38;2;74;131;115m▀[48;2;74;131;115m▀▀[38;2;90;189;139m▀[38;2;41;82;65;48;2;90;189;139m▀[49m▄[38;2;0;0;0m▄[48;2;156;41;82m▀[48;2;115;41;57m▀[49m▄[0m
[38;2;41;82;65;48;2;41;82;65m▀[38;2;90;189;139;48;2;90;189;139m▀▀[38;2;41;82;65m▀[48;2;74;131;115m▀[38;2;90;189;139m▀[38;2;74;131;115m▀[48;2;115;41;57m▀[48;2;0;0;0m▀[48;2;115;41;57m▀[38;2;156;41;82;48;2;230;82;115m▀[38;2;115;41;57;48;2;0;0;0m▀[38;2;230;82;115;48;2;230;82;115m▀[38;2;115;41;57;48;2;0;0;0m▀[38;2;0;0;0;48;2;189;98;139m▀▀[38;2;189;98;139m▀[48;2;115;41;57m▀[38;2;156;41;82;48;2;230;82;115m▀[38;2;230;82;115;48;2;74;131;115m▀[38;2;74;131;115m▀[48;2;0;0;0m▀[38;2;41;82;65m▀[38;2;74;131;115;48;2;74;131;115m▀▀▀▀[38;2;41;82;65m▀[49m▄[38;2;0;0;0m▀▀▀[38;2;90;189;139;48;2;0;0;0m▀▀[48;2;90;189;139m▀[38;2;74;131;115m▀▀[48;2;74;131;115m▀▀▀[38;2;197;164;0m▀[48;2;197;164;0m▀[38;2;74;131;115m▀[48;2;74;131;115m▀▀[38;2;90;189;139m▀[38;2;0;0;0;48;2;41;82;65m▀[38;2;156;41;82;48;2;156;41;82m▀[38;2;74;131;115;48;2;74;131;115m▀[38;2;0;0;0;48;2;0;0;0m▀[0m
[38;2;0;0;0;48;2;0;0;0m▀[38;2;90;189;139;48;2;90;189;139m▀[48;2;74;131;115m▀[38;2;74;131;115;48;2;0;0;0m▀[48;2;232;226;243m▀[38;2;156;41;82;48;2;0;0;0m▀[38;2;0;0;0;49m▀▀[0m [38;2;0;0;0;48;2;0;0;0m▀[48;2;115;41;57m▀[38;2;156;41;82;48;2;156;41;82m▀[38;2;0;0;0;48;2;189;98;139m▀[38;2;189;98;139m▀▀[48;2;115;41;57m▀[48;2;230;82;115m▀[38;2;115;41;57m▀[38;2;230;82;115;48;2;74;131;115m▀[38;2;74;131;115m▀[38;2;0;0;0;48;2;0;0;0m▀[0m  [38;2;0;0;0m▀[38;2;74;131;115;48;2;0;0;0m▀[48;2;74;131;115m▀▀▀▀[38;2;41;82;65;48;2;41;82;65m▀[0m    [38;2;0;0;0m▀▀[38;2;90;189;139;48;2;0;0;0m▀[48;2;90;189;139m▀[38;2;74;131;115m▀[48;2;74;131;115m▀▀▀[38;2;197;164;0m▀[48;2;197;164;0m▀[38;2;74;131;115;48;2;74;131;115m▀▀[38;2;90;189;139m▀[38;2;0;0;0;48;2;41;82;65m▀[38;2;74;131;115;48;2;74;131;115m▀[38;2;41;82;65m▀[48;2;0;0;0m▀[0m
[0m [38;2;0;0;0m▀▀[0m [38;2;0;0;0m▀[0m   [38;2;0;0;0m▀[38;2;230;82;115;48;2;0;0;0m▀[38;2;156;41;82;48;2;156;41;82m▀[38;2;189;98;139;48;2;189;98;139m▀▀[48;2;115;41;57m▀[48;2;230;82;115m▀▀[38;2;115;41;57m▀[38;2;230;82;115;48;2;74;131;115m▀[38;2;74;131;115m▀[38;2;0;0;0;48;2;0;0;0m▀[38;2;115;41;57;49m▄[38;2;0;0;0m▄[0m   [38;2;0;0;0m▀[38;2;74;131;115;48;2;0;0;0m▀[48;2;74;131;115m▀[48;2;90;189;139m▀▀[38;2;41;82;65;48;2;74;131;115m▀[49m▄[0m     [38;2;0;0;0m▀[38;2;90;189;139;48;2;0;0;0m▀[48;2;90;189;139m▀[38;2;74;131;115m▀[48;2;74;131;115m▀▀[38;2;197;164;0m▀[48;2;197;164;0m▀[38;2;74;131;115;48;2;74;131;115m▀▀[38;2;90;189;139;48;2;90;189;139m▀[38;2;0;0;0;48;2;0;0;0m▀[38;2;74;131;115m▀[38;2;0;0;0m▀[0m
[0m        [38;2;0;0;0;48;2;0;0;0m▀[38;2;156;41;82;48;2;156;41;82m▀[38;2;189;98;139;48;2;189;98;139m▀▀▀[48;2;156;41;82m▀[38;2;115;41;57;48;2;230;82;115m▀[38;2;230;82;115;48;2;74;131;115m▀[38;2;74;131;115m▀▀[38;2;0;0;0;48;2;0;0;0m▀[38;2;74;131;115;48;2;74;131;115m▀[38;2;230;82;115m▀[48;2;115;41;57m▀[38;2;0;0;0;48;2;230;82;115m▀[49m▄[0m   [38;2;0;0;0m▀[38;2;74;131;115;48;2;0;0;0m▀[38;2;90;189;139;48;2;90;189;139m▀▀▀[38;2;41;82;65m▀[49m▄[0m    [38;2;0;0;0m▀[38;2;74;131;115;48;2;0;0;0m▀[38;2;90;189;139;48;2;90;189;139m▀▀[38;2;74;131;115;48;2;74;131;115m▀▀[38;2;197;164;0m▀[48;2;197;164;0m▀[38;2;74;131;115;48;2;74;131;115m▀[38;2;41;82;65;48;2;41;82;65m▀[38;2;0;0;0;48;2;0;0;0m▀[38;2;41;82;65;48;2;74;131;115m▀[38;2;0;0;0;48;2;0;0;0m▀[38;2;115;41;57;49m▄▄▄▄[0m
[0m        [38;2;0;0;0m▀[38;2;230;82;115;48;2;0;0;0m▀[38;2;156;41;82;48;2;230;82;115m▀▀▀[38;2;230;82;115;48;2;74;131;115m▀[38;2;74;131;115;48;2;0;0;0m▀▀[38;2;0;0;0;48;2;74;131;115m▀▀[38;2;74;131;115m▀▀▀[48;2;41;82;65m▀[38;2;115;41;57m▀[38;2;230;82;115;48;2;115;41;57m▀[38;2;0;0;0;48;2;0;0;0m▀[49m▄▄[0m  [38;2;0;0;0m▀[38;2;90;189;139;48;2;0;0;0m▀[48;2;90;189;139m▀[48;2;74;131;115m▀▀[38;2;0;0;0;48;2;0;0;0m▀[38;2;41;82;65;49m▄▄▄[38;2;0;0;0m▄[48;2;41;82;65m▀[38;2;41;82;65;48;2;0;0;0m▀[38;2;90;189;139;48;2;41;82;65m▀[48;2;90;189;139m▀[38;2;74;131;115;48;2;74;131;115m▀[48;2;41;82;65m▀[38;2;197;164;0;48;2;0;0;0m▀[38;2;41;82;65m▀[38;2;0;0;0;48;2;41;82;65m▀[38;2;74;131;115;48;2;74;131;115m▀▀[38;2;41;82;65m▀[48;2;0;0;0m▀[38;2;156;41;82;48;2;74;131;115m▀▀▀[38;2;115;41;57;48;2;156;41;82m▀▀▀▀[38;2;0;0;0;49m▄[0m
[0m          [38;2;0;0;0m▀▀[48;2;115;41;57m▀[48;2;41;82;65m▀[38;2;74;131;115m▀▀[38;2;41;82;65;48;2;74;131;115m▀▀▀▀▀[38;2;74;131;115m▀▀▀▀▀▀[38;2;0;0;0m▀[38;2;41;82;65;48;2;0;0;0m▀[48;2;74;131;115m▀▀[38;2;0;0;0m▀▀▀[38;2;74;131;115m▀▀▀▀[38;2;0;0;0;48;2;0;0;0m▀[38;2;41;82;65;48;2;41;82;65m▀[38;2;90;189;139;48;2;90;189;139m▀[38;2;0;0;0m▀▀[38;2;41;82;65m▀[38;2;0;0;0;48;2;74;131;115m▀[38;2;74;131;115m▀▀[38;2;0;0;0;48;2;0;0;0m▀[38;2;74;131;115;48;2;74;131;115m▀▀▀[38;2;0;0;0;48;2;0;0;0m▀[38;2;74;131;115;48;2;74;131;115m▀▀▀▀▀▀[38;2;156;41;82;48;2;156;41;82m▀[38;2;0;0;0;48;2;0;0;0m▀[0m
[0m         [38;2;41;82;65m▄[48;2;74;131;115m▀[48;2;90;189;139m▀[38;2;74;131;115m▀[38;2;90;189;139m▀▀▀[38;2;74;131;115m▀▀[48;2;74;131;115m▀▀▀▀▀▀▀▀▀▀▀[38;2;0;0;0;48;2;0;0;0m▀[38;2;74;131;115;48;2;74;131;115m▀▀▀[48;2;197;164;0m▀▀▀[48;2;74;131;115m▀▀[48;2;0;0;0m▀[38;2;0;0;0;48;2;74;131;115m▀[38;2;90;189;139;48;2;90;189;139m▀▀▀▀▀[38;2;74;131;115;48;2;74;131;115m▀[48;2;0;0;0m▀[38;2;0;0;0;48;2;90;189;139m▀▀[48;2;74;131;115m▀[38;2;74;131;115;48;2;0;0;0m▀[38;2;0;0;0m▀[38;2;74;131;115;48;2;74;131;115m▀▀▀▀▀▀[38;2;156;41;82;48;2;156;41;82m▀[38;2;0;0;0;48;2;0;0;0m▀[0m
[0m       [38;2;41;82;65m▄[38;2;0;0;0;48;2;41;82;65m▀[48;2;74;131;115m▀[48;2;41;82;65m▀▀[38;2;41;82;65;48;2;0;0;0m▀[38;2;90;189;139;48;2;41;82;65m▀[48;2;90;189;139m▀▀▀▀▀[38;2;74;131;115m▀[48;2;74;131;115m▀▀▀▀▀▀▀▀▀▀[38;2;0;0;0;48;2;0;0;0m▀[38;2;74;131;115;48;2;197;164;0m▀[38;2;197;164;0;48;2;74;131;115m▀[38;2;74;131;115m▀▀▀[38;2;197;164;0m▀[38;2;0;0;0;48;2;0;0;0m▀[38;2;90;189;139;48;2;90;189;139m▀[38;2;41;82;65;48;2;41;82;65m▀[38;2;90;189;139;48;2;90;189;139m▀▀▀▀▀[38;2;0;0;0;48;2;0;0;0m▀[38;2;148;222;180;48;2;148;222;180m▀▀[38;2;90;189;139;48;2;90;189;139m▀▀[38;2;74;131;115;48;2;74;131;115m▀[38;2;0;0;0;48;2;0;0;0m▀[38;2;74;131;115;48;2;74;131;115m▀▀▀▀▀[48;2;115;41;57m▀[38;2;156;41;82m▀[38;2;0;0;0;48;2;0;0;0m▀[38;2;41;82;65;49m▄[0m
[0m     [38;2;41;82;65m▄[48;2;148;222;180m▀[38;2;148;222;180m▀▀▀[38;2;90;189;139;48;2;90;189;139m▀[38;2;74;131;115m▀[38;2;41;82;65;48;2;74;131;115m▀[38;2;0;0;0;48;2;0;0;0m▀[38;2;41;82;65;48;2;41;82;65m▀[38;2;90;189;139;48;2;74;131;115m▀▀[38;2;74;131;115m▀▀▀[48;2;41;82;65m▀▀▀▀[38;2;41;82;65;48;2;74;131;115m▀[48;2;0;0;0m▀▀[48;2;74;131;115m▀[38;2;74;131;115;48;2;41;82;65m▀[48;2;74;131;115m▀[38;2;0;0;0;48;2;0;0;0m▀[38;2;74;131;115m▀[38;2;197;164;0m▀[38;2;41;82;65;48;2;41;82;65m▀[38;2;0;0;0;49m▀▀[38;2;41;82;65m▀[38;2;0;0;0;48;2;0;0;0m▀[38;2;74;131;115;48;2;41;82;65m▀[38;2;41;82;65;48;2;0;0;0m▀[38;2;90;189;139;48;2;90;189;139m▀▀▀▀[38;2;74;131;115;48;2;0;0;0m▀[38;2;0;0;0m▀[38;2;90;189;139;48;2;41;82;65m▀[48;2;90;189;139m▀[48;2;41;82;65m▀[38;2;41;82;65;48;2;74;131;115m▀[38;2;0;0;0m▀[38;2;41;82;65;48;2;0;0;0m▀[38;2;74;131;115;48;2;74;131;115m▀▀▀▀▀[38;2;156;41;82;48;2;156;41;82m▀[38;2;0;0;0;48;2;0;0;0m▀[38;2;74;131;115;48;2;74;131;115m▀[38;2;41;82;65m▀[38;2;0;0;0;48;2;0;0;0m▀[38;2;41;82;65;48;2;74;131;115m▀[49m▄[0m
[0m   [38;2;41;82;65m▄[48;2;148;222;180m▀[38;2;148;222;180m▀▀[48;2;90;189;139m▀[38;2;90;189;139m▀▀▀[48;2;74;131;115m▀[38;2;74;131;115m▀[38;2;41;82;65m▀[38;2;0;0;0;48;2;0;0;0m▀[38;2;41;82;65;48;2;41;82;65m▀[38;2;115;41;57;48;2;115;41;57m▀[38;2;41;82;65;48;2;230;82;115m▀[48;2;74;131;115m▀▀[38;2;74;131;115m▀▀▀[48;2;0;0;0m▀[38;2;0;0;0;48;2;90;189;139m▀[38;2;90;189;139m▀[38;2;74;131;115m▀[38;2;0;0;0;48;2;74;131;115m▀[38;2;230;82;115;48;2;0;0;0m▀[38;2;41;82;65;48;2;115;41;57m▀[38;2;0;0;0;49m▀[0m    [38;2;0;0;0m▄[48;2;74;131;115m▀[38;2;74;131;115m▀▀[38;2;0;0;0;48;2;41;82;65m▀[38;2;74;131;115;48;2;74;131;115m▀[38;2;90;189;139;48;2;90;189;139m▀[48;2;74;131;115m▀[38;2;74;131;115;48;2;0;0;0m▀[38;2;0;0;0m▀▀▀[38;2;41;82;65m▀[38;2;74;131;115m▀[48;2;74;131;115m▀[38;2;90;189;139;48;2;90;189;139m▀▀[38;2;0;0;0;48;2;0;0;0m▀[38;2;74;131;115;48;2;74;131;115m▀▀▀▀[38;2;156;41;82;48;2;156;41;82m▀[38;2;0;0;0;48;2;0;0;0m▀[38;2;74;131;115;48;2;74;131;115m▀[48;2;0;0;0m▀[38;2;0;0;0;48;2;41;82;65m▀[38;2;74;131;115;48;2;74;131;115m▀▀[38;2;41;82;65m▀▀[49m▄[0m
[0m  [38;2;41;82;65;48;2;41;82;65m▀[38;2;90;189;139;48;2;148;222;180m▀[38;2;148;222;180m▀[48;2;90;189;139m▀[38;2;90;189;139m▀▀[48;2;246;222;0m▀[38;2;246;222;0;48;2;197;164;0m▀[38;2;197;164;0;48;2;74;131;115m▀▀[38;2;74;131;115;48;2;197;164;0m▀[38;2;197;164;0;48;2;41;82;65m▀[38;2;0;0;0;48;2;0;0;0m▀[38;2;41;82;65;48;2;41;82;65m▀▀[38;2;115;41;57;48;2;0;0;0m▀[38;2;230;82;115;48;2;115;41;57m▀[38;2;74;131;115;48;2;230;82;115m▀[48;2;74;131;115m▀[48;2;0;0;0m▀[38;2;0;0;0;48;2;74;131;115m▀[48;2;0;0;0m▀[38;2;232;226;243;48;2;232;226;243m▀[38;2;74;131;115;48;2;0;0;0m▀[38;2;0;0;0;48;2;74;131;115m▀[38;2;41;82;65m▀[38;2;74;131;115;48;2;0;0;0m▀[38;2;0;0;0;48;2;41;82;65m▀[48;2;90;189;139m▀[49m▄▄[48;2;90;189;139m▀▀[38;2;41;82;65;48;2;74;131;115m▀[38;2;0;0;0;48;2;41;82;65m▀[38;2;74;131;115;48;2;0;0;0m▀[38;2;0;0;0;49m▀[38;2;41;82;65;48;2;0;0;0m▀[38;2;0;0;0m▀[38;2;74;131;115m▀[38;2;0;0;0m▀▀[48;2;90;189;139m▀[38;2;74;131;115m▀[38;2;41;82;65;48;2;74;131;115m▀[38;2;0;0;0;48;2;0;0;0m▀[38;2;41;82;65;48;2;74;131;115m▀[38;2;0;0;0m▀[38;2;90;189;139;48;2;0;0;0m▀[48;2;90;189;139m▀[48;2;74;131;115m▀[38;2;0;0;0m▀[38;2;74;131;115;48;2;0;0;0m▀[48;2;74;131;115m▀[48;2;115;41;57m▀[38;2;156;41;82;48;2;0;0;0m▀[38;2;0;0;0m▀[38;2;41;82;65m▀[38;2;0;0;0;48;2;131;98;49m▀[38;2;74;131;115;48;2;197;164;0m▀[38;2;197;164;0;48;2;74;131;115m▀▀[38;2;74;131;115;48;2;197;164;0m▀[48;2;74;131;115m▀▀[38;2;41;82;65m▀▀[49m▄[0m
[0m [38;2;41;82;65;48;2;41;82;65m▀[38;2;90;189;139;48;2;148;222;180m▀[38;2;148;222;180m▀[38;2;90;189;139;48;2;90;189;139m▀▀▀[38;2;197;164;0;48;2;246;222;0m▀[48;2;90;189;139m▀[38;2;90;189;139;48;2;74;131;115m▀[38;2;74;131;115m▀[48;2;41;82;65m▀[38;2;41;82;65;48;2;0;0;0m▀[38;2;0;0;0;49m▀[38;2;41;82;65;48;2;0;0;0m▀[38;2;0;0;0;48;2;156;41;82m▀[48;2;41;82;65m▀[38;2;41;82;65m▀▀[38;2;115;41;57m▀[38;2;230;82;115;48;2;115;41;57m▀[38;2;0;0;0;48;2;0;0;0m▀[38;2;74;131;115;48;2;232;226;243m▀[38;2;0;0;0;48;2;74;131;115m▀[38;2;232;226;243;48;2;0;0;0m▀[38;2;0;0;0m▀[38;2;74;131;115m▀[38;2;0;0;0;48;2;232;226;243m▀[38;2;74;131;115m▀[38;2;90;189;139;48;2;74;131;115m▀[48;2;0;0;0m▀[38;2;0;0;0;48;2;74;131;115m▀[38;2;74;131;115m▀[48;2;41;82;65m▀[48;2;0;0;0m▀[38;2;41;82;65m▀[38;2;0;0;0;49m▀[0m  [38;2;0;0;0;48;2;0;0;0m▀[38;2;74;131;115;48;2;90;189;139m▀[38;2;0;0;0;48;2;74;131;115m▀[48;2;0;0;0m▀[38;2;90;189;139;48;2;90;189;139m▀▀▀[38;2;74;131;115m▀[38;2;0;0;0;48;2;0;0;0m▀[38;2;74;131;115;48;2;74;131;115m▀▀[38;2;0;0;0;48;2;0;0;0m▀[38;2;41;82;65;48;2;90;189;139m▀▀[38;2;74;131;115;48;2;41;82;65m▀[48;2;74;131;115m▀[38;2;0;0;0;48;2;0;0;0m▀[49m▀[0m   [38;2;0;0;0m▀▀[38;2;41;82;65;48;2;0;0;0m▀[38;2;74;131;115m▀[48;2;74;131;115m▀[38;2;197;164;0;48;2;197;164;0m▀[38;2;74;131;115;48;2;74;131;115m▀▀▀▀[38;2;41;82;65m▀[49m▄[0m
[38;2;41;82;65;49m▄[48;2;90;189;139m▀[38;2;148;222;180;48;2;148;222;180m▀[38;2;90;189;139;48;2;90;189;139m▀▀▀▀[38;2;246;222;0;48;2;246;222;0m▀[38;2;90;189;139;48;2;90;189;139m▀[38;2;74;131;115;48;2;74;131;115m▀[48;2;0;0;0m▀[38;2;0;0;0;49m▀[0m   [38;2;0;0;0m▀[38;2;156;41;82;48;2;0;0;0m▀[38;2;41;82;65;48;2;156;41;82m▀▀▀▀▀[38;2;0;0;0m▀[38;2;232;226;243;48;2;0;0;0m▀[38;2;0;0;0m▀[38;2;156;41;82m▀▀[38;2;0;0;0;49m▀▀▀[0m [38;2;0;0;0m▀[38;2;41;82;65m▀[0m      [38;2;41;82;65;48;2;41;82;65m▀[38;2;90;189;139;48;2;90;189;139m▀[38;2;74;131;115;48;2;0;0;0m▀[38;2;0;0;0;48;2;90;189;139m▀▀[38;2;90;189;139;48;2;0;0;0m▀▀▀[38;2;0;0;0m▀[48;2;90;189;139m▀▀[38;2;90;189;139m▀▀[48;2;41;82;65m▀[38;2;41;82;65;48;2;0;0;0m▀[38;2;0;0;0;49m▀[0m         [38;2;0;0;0m▀[38;2;131;98;49;48;2;0;0;0m▀[38;2;74;131;115m▀[48;2;131;98;49m▀[38;2;197;164;0;48;2;74;131;115m▀▀[38;2;74;131;115;48;2;197;164;0m▀[48;2;74;131;115m▀[38;2;41;82;65m▀[49m▄[0m
[38;2;41;82;65;48;2;41;82;65m▀[38;2;90;189;139;48;2;90;189;139m▀[38;2;148;222;180;48;2;148;222;180m▀[38;2;90;189;139;48;2;90;189;139m▀▀▀▀[38;2;197;164;0m▀[38;2;90;189;139;48;2;197;164;0m▀[38;2;74;131;115;48;2;0;0;0m▀[38;2;0;0;0;49m▀[0m      [38;2;0;0;0m▀▀▀▀▀▀[0m               [38;2;41;82;65m▄[48;2;90;189;139m▀[38;2;90;189;139m▀[38;2;0;0;0;48;2;0;0;0m▀[38;2;90;189;139;48;2;232;226;243m▀[48;2;90;189;139m▀[38;2;74;131;115;48;2;0;0;0m▀[38;2;0;0;0;48;2;74;131;115m▀[38;2;74;131;115;48;2;0;0;0m▀[38;2;90;189;139;48;2;74;131;115m▀[48;2;90;189;139m▀▀[48;2;0;0;0m▀[38;2;0;0;0;48;2;74;131;115m▀[48;2;0;0;0m▀[0m              [38;2;0;0;0m▀[38;2;41;82;65;48;2;0;0;0m▀[38;2;74;131;115m▀[48;2;74;131;115m▀[38;2;197;164;0;48;2;197;164;0m▀[38;2;74;131;115;48;2;74;131;115m▀▀[38;2;0;0;0m▀[49m▄[0m
[38;2;41;82;65;48;2;0;0;0m▀[38;2;74;131;115;48;2;74;131;115m▀[38;2;90;189;139;48;2;90;189;139m▀[38;2;148;222;180m▀[38;2;90;189;139m▀▀▀▀▀[38;2;0;0;0;48;2;41;82;65m▀[0m      [38;2;115;41;57m▄▄▄▄▄▄▄[0m               [38;2;41;82;65;48;2;41;82;65m▀[38;2;90;189;139;48;2;0;0;0m▀[38;2;0;0;0;48;2;90;189;139m▀[48;2;41;82;65m▀[38;2;232;226;243;48;2;0;0;0m▀[38;2;0;0;0;48;2;74;131;115m▀[38;2;74;131;115m▀▀[48;2;0;0;0m▀[38;2;0;0;0;48;2;90;189;139m▀▀[48;2;41;82;65m▀[38;2;74;131;115;48;2;74;131;115m▀[48;2;41;82;65m▀[38;2;0;0;0m▀[0m                 [38;2;0;0;0m▀[38;2;131;98;49;48;2;0;0;0m▀[38;2;74;131;115;48;2;131;98;49m▀[48;2;74;131;115m▀[48;2;41;82;65m▀[38;2;0;0;0;48;2;0;0;0m▀[48;2;41;82;65m▀[49m▄▄[0m
[38;2;0;0;0;48;2;0;0;0m▀[38;2;197;164;0;48;2;74;131;115m▀[38;2;246;222;0;48;2;90;189;139m▀[38;2;197;164;0;48;2;246;222;0m▀[38;2;90;189;139;48;2;90;189;139m▀[48;2;148;222;180m▀[48;2;90;189;139m▀▀▀▀[38;2;41;82;65;48;2;41;82;65m▀[0m   [38;2;115;41;57m▄[48;2;230;82;115m▀[38;2;230;82;115;48;2;74;131;115m▀▀▀▀▀▀▀[38;2;115;41;57;48;2;230;82;115m▀▀[49m▄[0m         [38;2;41;82;65m▄▄[48;2;90;189;139m▀[38;2;90;189;139m▀[38;2;0;0;0;48;2;0;0;0m▀[38;2;232;226;243;48;2;232;226;243m▀[38;2;74;131;115m▀[38;2;41;82;65;48;2;0;0;0m▀[38;2;74;131;115m▀▀[38;2;0;0;0;48;2;232;226;243m▀[38;2;90;189;139m▀▀[38;2;74;131;115;48;2;0;0;0m▀[38;2;0;0;0m▀[38;2;74;131;115m▀[38;2;0;0;0;49m▀[0m                    [38;2;0;0;0m▀[48;2;0;0;0m▀[48;2;74;131;115m▀[38;2;41;82;65m▀[38;2;74;131;115m▀[38;2;0;0;0m▀[38;2;115;41;57;48;2;0;0;0m▀[38;2;0;0;0;48;2;156;41;82m▀[48;2;115;41;57m▀[49m▄[0m
[38;2;0;0;0;49m▀[38;2;74;131;115;48;2;0;0;0m▀[48;2;74;131;115m▀[38;2;197;164;0;48;2;90;189;139m▀[48;2;246;222;0m▀[38;2;148;222;180;48;2;148;222;180m▀[38;2;90;189;139m▀[48;2;90;189;139m▀▀▀▀[38;2;41;82;65;48;2;41;82;65m▀[38;2;0;0;0;49m▄[48;2;90;189;139m▀[38;2;115;41;57;48;2;74;131;115m▀[38;2;74;131;115m▀▀▀▀▀▀▀[48;2;90;189;139m▀▀[38;2;230;82;115m▀[38;2;115;41;57m▀[38;2;0;0;0;48;2;41;82;65m▀[49m▄[0m  [38;2;41;82;65m▄▄▄[48;2;90;189;139m▀▀[38;2;90;189;139m▀▀▀▀[48;2;148;222;180m▀[38;2;0;0;0;48;2;246;222;0m▀[38;2;232;226;243;48;2;0;0;0m▀[38;2;0;0;0m▀[38;2;74;131;115;48;2;197;164;0m▀[48;2;74;131;115m▀[38;2;0;0;0;48;2;197;164;0m▀[48;2;74;131;115m▀▀[48;2;0;0;0m▀[0m                         [38;2;0;0;0;48;2;0;0;0m▀[38;2;74;131;115m▀[48;2;74;131;115m▀▀[38;2;0;0;0m▀[38;2;74;131;115;48;2;0;0;0m▀[48;2;74;131;115m▀[38;2;115;41;57m▀[38;2;0;0;0;48;2;115;41;57m▀▀[49m▄[0m
[0m [38;2;0;0;0;48;2;0;0;0m▀[38;2;74;131;115;48;2;74;131;115m▀▀[38;2;246;222;0;48;2;197;164;0m▀[38;2;90;189;139;48;2;90;189;139m▀[38;2;148;222;180m▀[48;2;148;222;180m▀[38;2;90;189;139m▀▀[38;2;41;82;65;48;2;0;0;0m▀[38;2;0;0;0;48;2;74;131;115m▀[38;2;90;189;139;48;2;148;222;180m▀▀[48;2;90;189;139m▀▀▀▀▀▀▀▀▀▀[48;2;74;131;115m▀[38;2;74;131;115;48;2;0;0;0m▀[38;2;0;0;0;48;2;41;82;65m▀[38;2;41;82;65;48;2;74;131;115m▀[48;2;90;189;139m▀▀[38;2;90;189;139m▀▀▀▀▀▀▀▀[38;2;148;222;180;48;2;246;222;0m▀[38;2;246;222;0;48;2;90;189;139m▀[38;2;90;189;139m▀[48;2;74;131;115m▀[38;2;74;131;115m▀▀[38;2;197;164;0;48;2;197;164;0m▀[38;2;74;131;115;48;2;74;131;115m▀[48;2;0;0;0m▀[38;2;0;0;0;49m▀[0m                          [38;2;0;0;0;48;2;0;0;0m▀[38;2;156;41;82;48;2;156;41;82m▀[38;2;0;0;0;48;2;74;131;115m▀[38;2;74;131;115;48;2;0;0;0m▀[48;2;74;131;115m▀▀[38;2;0;0;0;48;2;41;82;65m▀[38;2;74;131;115m▀[48;2;74;131;115m▀[38;2;156;41;82m▀[38;2;115;41;57m▀[38;2;0;0;0;48;2;156;41;82m▀[48;2;115;41;57m▀[49m▄[0m
[0m  [38;2;0;0;0;48;2;0;0;0m▀[38;2;74;131;115;48;2;197;164;0m▀[38;2;197;164;0m▀[38;2;74;131;115;48;2;74;131;115m▀[38;2;90;189;139m▀[48;2;90;189;139m▀[38;2;148;222;180m▀[38;2;41;82;65;48;2;0;0;0m▀[38;2;0;0;0;48;2;90;189;139m▀[38;2;148;222;180m▀[48;2;148;222;180m▀▀▀▀[38;2;90;189;139m▀▀▀▀[48;2;90;189;139m▀▀▀[48;2;74;131;115m▀[38;2;41;82;65;48;2;0;0;0m▀[38;2;0;0;0m▀[38;2;41;82;65;48;2;74;131;115m▀[38;2;90;189;139;48;2;90;189;139m▀▀▀▀[48;2;246;222;0m▀▀▀▀[48;2;90;189;139m▀▀▀[38;2;246;222;0;48;2;197;164;0m▀[38;2;90;189;139;48;2;74;131;115m▀[38;2;74;131;115m▀▀▀[48;2;0;0;0m▀[38;2;131;98;49m▀[38;2;0;0;0;49m▀[0m                            [38;2;0;0;0m▀[38;2;115;41;57;48;2;0;0;0m▀[38;2;74;131;115;48;2;156;41;82m▀[38;2;41;82;65;48;2;74;131;115m▀[48;2;0;0;0m▀[38;2;74;131;115;48;2;74;131;115m▀▀[38;2;0;0;0;48;2;41;82;65m▀[38;2;74;131;115m▀[48;2;74;131;115m▀[48;2;156;41;82m▀[48;2;115;41;57m▀[48;2;0;0;0m▀[38;2;115;41;57m▀[38;2;0;0;0m▀[0m
[0m   [38;2;0;0;0;48;2;0;0;0m▀[38;2;197;164;0;48;2;131;98;49m▀[48;2;197;164;0m▀[38;2;74;131;115;48;2;74;131;115m▀▀▀[38;2;0;0;0;48;2;0;0;0m▀[38;2;90;189;139;48;2;74;131;115m▀[48;2;90;189;139m▀▀▀▀▀▀▀▀▀▀▀[48;2;74;131;115m▀[38;2;74;131;115m▀[38;2;0;0;0;48;2;0;0;0m▀▀[38;2;74;131;115;48;2;74;131;115m▀[38;2;90;189;139;48;2;90;189;139m▀▀[48;2;246;222;0m▀[38;2;246;222;0;48;2;90;189;139m▀[38;2;90;189;139m▀▀[48;2;74;131;115m▀▀[38;2;246;222;0m▀[38;2;74;131;115;48;2;197;164;0m▀▀[38;2;131;98;49;48;2;74;131;115m▀[38;2;197;164;0m▀[48;2;0;0;0m▀[38;2;131;98;49m▀[38;2;0;0;0;49m▀[0m                                [38;2;0;0;0;48;2;0;0;0m▀[38;2;156;41;82;48;2;156;41;82m▀[38;2;74;131;115;48;2;74;131;115m▀▀[38;2;0;0;0;48;2;41;82;65m▀[38;2;74;131;115m▀[48;2;74;131;115m▀[38;2;0;0;0m▀[38;2;156;41;82;48;2;0;0;0m▀[38;2;0;0;0;49m▀▀[0m
[0m    [38;2;0;0;0m▀[38;2;131;98;49;48;2;0;0;0m▀[38;2;197;164;0;48;2;131;98;49m▀[38;2;74;131;115;48;2;197;164;0m▀▀[38;2;115;41;57;48;2;0;0;0m▀[38;2;156;41;82;48;2;115;41;57m▀[38;2;230;82;115;48;2;156;41;82m▀[38;2;74;131;115;48;2;230;82;115m▀▀▀▀▀▀▀[48;2;156;41;82m▀[38;2;230;82;115m▀[48;2;115;41;57m▀▀[38;2;156;41;82;48;2;74;131;115m▀[38;2;0;0;0;48;2;41;82;65m▀[48;2;0;0;0m▀[38;2;74;131;115;48;2;41;82;65m▀[38;2;90;189;139;48;2;197;164;0m▀▀[38;2;246;222;0m▀[38;2;74;131;115;48;2;74;131;115m▀▀▀▀▀[48;2;197;164;0m▀[38;2;197;164;0;48;2;0;0;0m▀[38;2;74;131;115m▀[38;2;0;0;0;49m▀▀[0m                                   [38;2;0;0;0m▀[38;2;115;41;57;48;2;0;0;0m▀[38;2;74;131;115;48;2;156;41;82m▀[48;2;74;131;115m▀[48;2;156;41;82m▀[38;2;0;0;0;48;2;0;0;0m▀[49m▀[38;2;74;131;115;48;2;0;0;0m▀[48;2;74;131;115m▀[38;2;0;0;0;48;2;0;0;0m▀[0m
[0m      [38;2;0;0;0m▀▀[38;2;131;98;49;48;2;0;0;0m▀[38;2;41;82;65m▀[38;2;74;131;115m▀[38;2;115;41;57;48;2;74;131;115m▀▀▀▀▀▀▀▀▀▀[38;2;74;131;115m▀▀▀▀[38;2;41;82;65m▀[38;2;0;0;0;48;2;41;82;65m▀[38;2;74;131;115;48;2;0;0;0m▀[48;2;41;82;65m▀[38;2;131;98;49m▀[38;2;197;164;0;48;2;0;0;0m▀[38;2;74;131;115m▀▀[38;2;41;82;65m▀[38;2;0;0;0;49m▀▀[0m                                        [38;2;0;0;0;48;2;0;0;0m▀[38;2;156;41;82;48;2;115;41;57m▀[38;2;74;131;115;48;2;74;131;115m▀[38;2;115;41;57;48;2;0;0;0m▀[38;2;0;0;0;49m▀[0m  [38;2;0;0;0m▀▀[0m
[0m           [38;2;0;0;0m▀[38;2;74;131;115;48;2;0;0;0m▀▀[48;2;41;82;65m▀[48;2;74;131;115m▀▀▀▀▀▀▀▀[48;2;41;82;65m▀▀[48;2;0;0;0m▀▀▀▀[38;2;0;0;0;49m▀[0m                                               [38;2;0;0;0;48;2;0;0;0m▀[38;2;115;41;57m▀[38;2;0;0;0;49m▀[0m
[0m            [38;2;0;0;0m▀[38;2;156;41;82;48;2;0;0;0m▀[38;2;74;131;115;48;2;156;41;82m▀[38;2;41;82;65;48;2;74;131;115m▀▀▀▀▀▀▀▀[38;2;74;131;115m▀▀[48;2;41;82;65m▀[38;2;156;41;82;48;2;156;41;82m▀[48;2;0;0;0m▀[38;2;0;0;0;49m▀[0m
[0m             [38;2;0;0;0m▀[38;2;156;41;82;48;2;0;0;0m▀[38;2;74;131;115;48;2;156;41;82m▀▀▀▀▀▀▀▀▀[38;2;41;82;65m▀[38;2;156;41;82;48;2;0;0;0m▀[38;2;0;0;0;49m▀[0m
[0m               [38;2;0;0;0m▀▀▀▀▀▀▀▀▀▀[0m
