[0m                          [38;2;172;131;49m▄[48;2;255;255;148m▀▀[38;2;0;0;0;48;2;255;230;90m▀[49m▄[0m
[0m                        [38;2;172;131;49m▄[48;2;255;255;148m▀[38;2;255;255;148;48;2;82;172;205m▀[48;2;49;123;139m▀▀[38;2;230;189;82;48;2;230;189;82m▀▀[38;2;0;0;0m▀[49m▄[0m
[0m                      [38;2;172;131;49m▄[48;2;255;230;90m▀[38;2;255;255;148;48;2;255;255;148m▀▀[38;2;82;172;205;48;2;82;172;205m▀[38;2;98;213;222;48;2;98;213;222m▀▀[38;2;49;123;139;48;2;49;123;139m▀[38;2;230;189;82;48;2;230;189;82m▀▀[38;2;0;0;0m▀[49m▄[0m
[0m                     [38;2;172;131;49m▄[48;2;255;230;90m▀[38;2;255;255;148;48;2;255;255;148m▀▀[38;2;49;123;139;48;2;49;123;139m▀[38;2;98;213;222;48;2;82;172;205m▀[38;2;82;172;205;48;2;98;213;222m▀[38;2;98;213;222;48;2;82;172;205m▀[38;2;49;123;139;48;2;49;123;139m▀[38;2;230;189;82;48;2;230;189;82m▀▀▀[38;2;0;0;0m▀[49m▄[0m
[0m              [38;2;172;131;49m▄▄▄[48;2;255;230;90m▀[48;2;255;255;148m▀▀▀[48;2;172;131;49m▀[38;2;255;255;148;48;2;255;255;148m▀[48;2;255;230;90m▀[38;2;49;123;139;48;2;49;123;139m▀[38;2;82;172;205;48;2;82;172;205m▀▀▀[38;2;49;123;139;48;2;49;123;139m▀[38;2;230;189;82;48;2;230;189;82m▀▀▀▀▀[38;2;0;0;0;48;2;0;0;0m▀[38;2;172;131;49;49m▄[0m
[0m           [38;2;172;131;49m▄[48;2;230;189;82m▀[48;2;255;255;148m▀[38;2;255;230;90m▀[38;2;255;255;148m▀▀▀[48;2;255;230;90m▀▀[38;2;255;230;90m▀▀▀▀[38;2;49;123;139;48;2;49;123;139m▀[38;2;82;172;205m▀▀▀[38;2;49;123;139;48;2;230;189;82m▀[38;2;230;189;82m▀▀▀▀▀[38;2;172;131;49m▀[38;2;230;189;82m▀[38;2;172;131;49;48;2;255;230;90m▀▀[49m▄▄[0m
[0m           [38;2;0;0;0;48;2;49;123;139m▀[38;2;49;123;139;48;2;82;172;205m▀[48;2;98;213;222m▀▀[38;2;255;255;148;48;2;0;0;0m▀[38;2;255;230;90;48;2;255;230;90m▀▀▀▀▀▀▀▀▀▀▀▀[38;2;230;189;82m▀[48;2;230;189;82m▀▀▀▀▀▀▀[38;2;255;230;90m▀[48;2;255;230;90m▀▀▀[38;2;172;131;49m▀▀[38;2;0;0;0;49m▄[0m
[0m          [38;2;49;123;139m▄[48;2;98;213;222m▀[38;2;98;213;222m▀▀▀[38;2;0;0;0;48;2;0;0;0m▀[38;2;230;189;82;48;2;230;189;82m▀[38;2;255;230;90m▀▀[48;2;255;230;90m▀▀▀▀▀▀▀▀▀▀[38;2;230;189;82;48;2;230;189;82m▀▀▀▀▀▀▀▀▀▀[38;2;255;230;90m▀▀[48;2;255;230;90m▀▀[38;2;0;0;0m▀[49m▄[0m
[0m          [38;2;49;123;139;48;2;49;123;139m▀[38;2;98;213;222;48;2;98;213;222m▀▀▀[38;2;0;0;0;48;2;0;0;0m▀[38;2;230;189;82;48;2;230;189;82m▀▀▀[48;2;172;131;49m▀[48;2;255;230;90m▀[38;2;255;230;90m▀[48;2;230;189;82m▀[38;2;230;189;82;48;2;172;131;49m▀▀[38;2;255;230;90;48;2;230;189;82m▀[48;2;255;230;90m▀▀[48;2;230;189;82m▀[38;2;230;189;82m▀▀▀▀▀▀▀▀▀▀▀▀▀[48;2;49;123;139m▀▀[38;2;255;230;90m▀[48;2;230;189;82m▀[38;2;0;0;0;48;2;0;0;0m▀[0m
[0m         [38;2;49;123;139;48;2;49;123;139m▀[38;2;98;213;222;48;2;82;172;205m▀[38;2;82;172;205;48;2;98;213;222m▀[38;2;98;213;222;48;2;82;172;205m▀[38;2;0;0;0;48;2;0;0;0m▀[0m [38;2;0;0;0m▀[38;2;172;131;49;48;2;0;0;0m▀[38;2;0;0;0;48;2;172;131;49m▀[38;2;255;230;90;48;2;255;255;148m▀[48;2;255;230;90m▀[48;2;172;131;49m▀[38;2;172;131;49;48;2;197;205;222m▀[38;2;197;205;222;48;2;0;0;0m▀[48;2;231;239;247m▀[38;2;172;131;49;48;2;197;205;222m▀[38;2;230;189;82;48;2;172;131;49m▀▀▀▀[38;2;172;131;49;48;2;197;205;222m▀▀▀[38;2;230;189;82;48;2;172;131;49m▀[48;2;230;189;82m▀▀[38;2;172;131;49m▀[38;2;230;189;82;48;2;0;0;0m▀[48;2;230;189;82m▀▀▀[38;2;49;123;139;48;2;49;123;139m▀[38;2;98;213;222;48;2;98;213;222m▀▀▀[38;2;0;0;0;48;2;0;0;0m▀[0m
[0m         [38;2;0;0;0m▀[38;2;82;172;205;48;2;0;0;0m▀▀▀[38;2;0;0;0;49m▀[0m  [38;2;0;0;0;48;2;0;0;0m▀[38;2;255;255;148;48;2;255;255;148m▀[48;2;255;230;90m▀[38;2;255;230;90;48;2;230;189;82m▀[38;2;172;131;49;48;2;172;131;49m▀[38;2;0;0;0;48;2;106;115;115m▀[38;2;231;239;247;48;2;0;0;0m▀[38;2;0;0;0;48;2;106;115;115m▀[38;2;231;239;247;48;2;231;239;247m▀▀▀▀[38;2;197;205;222m▀[48;2;0;0;0m▀[38;2;0;0;0;48;2;231;239;247m▀[38;2;197;205;222;48;2;0;0;0m▀[48;2;197;205;222m▀[38;2;172;131;49;48;2;172;131;49m▀[38;2;255;230;90;48;2;255;230;90m▀[38;2;230;189;82m▀[38;2;172;131;49;48;2;230;189;82m▀[38;2;0;0;0;48;2;0;0;0m▀[38;2;230;189;82m▀[48;2;49;123;139m▀[38;2;49;123;139;48;2;82;172;205m▀[38;2;98;213;222;48;2;98;213;222m▀[48;2;82;172;205m▀[48;2;98;213;222m▀[38;2;0;0;0;48;2;49;123;139m▀[0m
[0m                [38;2;0;0;0;48;2;0;0;0m▀[38;2;255;230;90;48;2;230;189;82m▀[38;2;230;189;82m▀[38;2;172;131;49;48;2;172;131;49m▀[38;2;197;205;222;48;2;156;164;172m▀[38;2;98;213;222;48;2;231;239;247m▀[38;2;49;123;139;48;2;98;213;222m▀[38;2;98;213;222;48;2;231;239;247m▀[38;2;231;239;247;48;2;156;164;172m▀[48;2;231;239;247m▀▀▀[48;2;156;164;172m▀[38;2;106;115;115;48;2;231;239;247m▀[38;2;0;0;0;48;2;49;123;139m▀[38;2;106;115;115;48;2;98;213;222m▀[38;2;197;205;222;48;2;197;205;222m▀[38;2;172;131;49;48;2;172;131;49m▀[38;2;255;230;90;48;2;255;230;90m▀▀[38;2;230;189;82;48;2;230;189;82m▀[38;2;0;0;0;48;2;0;0;0m▀[0m [38;2;49;123;139;48;2;49;123;139m▀[38;2;98;213;222;48;2;82;172;205m▀[38;2;82;172;205;48;2;98;213;222m▀[38;2;98;213;222;48;2;82;172;205m▀[38;2;49;123;139;48;2;0;0;0m▀[0m
[0m                 [38;2;0;0;0m▀▀[0m [38;2;0;0;0m▀[38;2;197;205;222;48;2;0;0;0m▀[38;2;231;239;247;48;2;156;164;172m▀[48;2;231;239;247m▀▀[38;2;106;115;115m▀▀▀[38;2;231;239;247;48;2;197;205;222m▀[38;2;197;205;222m▀[38;2;98;213;222m▀[38;2;197;205;222m▀[48;2;0;0;0m▀[38;2;172;131;49m▀[38;2;230;189;82;48;2;230;189;82m▀[38;2;255;230;90m▀[38;2;230;189;82;48;2;172;131;49m▀[38;2;0;0;0;48;2;0;0;0m▀[0m [38;2;49;123;139;48;2;49;123;139m▀[38;2;82;172;205;48;2;82;172;205m▀▀▀[38;2;0;0;0;48;2;0;0;0m▀[0m
[0m                  [38;2;106;115;115m▄▄▄▄[38;2;0;0;0;48;2;156;164;172m▀[38;2;106;115;115;48;2;197;205;222m▀[38;2;197;205;222;48;2;156;164;172m▀▀[48;2;197;205;222m▀▀[48;2;106;115;115m▀▀[38;2;106;115;115;48;2;0;0;0m▀[38;2;0;0;0;49m▀[0m [38;2;0;0;0m▀[38;2;172;131;49;48;2;0;0;0m▀[38;2;230;189;82m▀[38;2;0;0;0;49m▀[0m   [38;2;0;0;0m▀▀▀[0m
[0m  [38;2;172;131;49m▄▄[48;2;255;255;148m▀▀▀▀[49m▄▄[0m   [38;2;106;115;115;48;2;0;0;0m▀[48;2;231;239;247m▀▀[48;2;197;205;222m▀[48;2;231;239;247m▀[38;2;231;239;247m▀[48;2;197;205;222m▀▀[48;2;156;164;172m▀[38;2;197;205;222;48;2;197;205;222m▀[38;2;231;239;247;48;2;231;239;247m▀[38;2;197;205;222m▀[48;2;197;205;222m▀▀▀▀▀[38;2;156;164;172m▀[38;2;106;115;115m▀▀[48;2;231;239;247m▀▀▀[49m▄▄▄▄[0m
[38;2;0;0;0;49m▄[38;2;172;131;49;48;2;255;255;148m▀[38;2;255;255;148m▀▀▀▀[48;2;255;230;90m▀[48;2;255;255;148m▀[48;2;255;230;90m▀[48;2;255;255;148m▀[38;2;172;131;49m▀[49m▄▄▄[38;2;0;0;0;48;2;230;189;82m▀[38;2;106;115;115;48;2;0;0;0m▀[38;2;197;205;222;48;2;156;164;172m▀[48;2;197;205;222m▀▀[48;2;0;0;0m▀[38;2;106;115;115m▀[38;2;197;205;222;48;2;197;205;222m▀[38;2;231;239;247;48;2;231;239;247m▀[48;2;106;115;115m▀[48;2;231;239;247m▀▀▀▀▀[48;2;106;115;115m▀[38;2;197;205;222;48;2;197;205;222m▀[38;2;0;0;0;48;2;106;115;115m▀[38;2;156;164;172;48;2;0;0;0m▀[38;2;197;205;222;48;2;156;164;172m▀[38;2;231;239;247;48;2;197;205;222m▀[48;2;231;239;247m▀▀[48;2;106;115;115m▀[48;2;0;0;0m▀[38;2;0;0;0;48;2;172;131;49m▀[38;2;172;131;49;49m▄[48;2;230;189;82m▀[48;2;255;230;90m▀▀[48;2;230;189;82m▀▀[49m▄▄[0m
[0m [38;2;0;0;0m▀▀▀[38;2;255;255;148;48;2;0;0;0m▀[38;2;255;230;90m▀[38;2;255;255;148;48;2;255;230;90m▀[38;2;255;230;90m▀▀▀▀▀▀[48;2;230;189;82m▀[38;2;230;189;82;48;2;255;230;90m▀[38;2;0;0;0;48;2;230;189;82m▀[38;2;156;164;172;48;2;0;0;0m▀[38;2;106;115;115;48;2;106;115;115m▀[38;2;0;0;0;48;2;172;131;49m▀[38;2;172;131;49;48;2;0;0;0m▀[38;2;0;0;0;48;2;106;115;115m▀[38;2;197;205;222;48;2;197;205;222m▀[38;2;231;239;247;48;2;231;239;247m▀[38;2;0;0;0m▀[38;2;106;115;115;48;2;106;115;115m▀[38;2;231;239;247;48;2;0;0;0m▀▀▀[38;2;197;205;222m▀[38;2;0;0;0;48;2;231;239;247m▀[38;2;197;205;222;48;2;197;205;222m▀▀[38;2;106;115;115;48;2;0;0;0m▀[38;2;0;0;0;48;2;230;189;82m▀[38;2;197;205;222;48;2;0;0;0m▀▀[48;2;197;205;222m▀[38;2;0;0;0;48;2;0;0;0m▀[38;2;172;131;49;48;2;230;189;82m▀[38;2;230;189;82m▀[38;2;255;230;90;48;2;255;230;90m▀▀▀▀[38;2;230;189;82;48;2;230;189;82m▀▀▀▀[38;2;172;131;49m▀▀[49m▄[0m
[0m      [38;2;0;0;0m▀[38;2;255;230;90;48;2;0;0;0m▀[48;2;255;230;90m▀▀▀[48;2;0;0;0m▀[38;2;230;189;82m▀[38;2;255;230;90m▀[38;2;230;189;82;48;2;230;189;82m▀▀▀[48;2;0;0;0m▀[38;2;0;0;0;49m▀[0m [38;2;106;115;115;48;2;0;0;0m▀[38;2;197;205;222;48;2;156;164;172m▀[48;2;197;205;222m▀[38;2;231;239;247m▀▀▀▀▀▀[38;2;197;205;222m▀▀▀[38;2;0;0;0;48;2;0;0;0m▀[49m▀[38;2;230;189;82;48;2;0;0;0m▀▀[38;2;0;0;0;48;2;230;189;82m▀[38;2;230;189;82m▀[48;2;255;230;90m▀[38;2;255;230;90m▀▀▀[48;2;230;189;82m▀[38;2;230;189;82m▀▀[48;2;0;0;0m▀▀▀[48;2;230;189;82m▀▀▀[38;2;172;131;49m▀▀[38;2;0;0;0;49m▄[0m
[0m        [38;2;0;0;0m▀▀▀[0m   [38;2;0;0;0m▀▀▀[0m    [38;2;0;0;0;48;2;0;0;0m▀[38;2;197;205;222;48;2;156;164;172m▀[48;2;197;205;222m▀[38;2;106;115;115;48;2;0;0;0m▀[38;2;0;0;0;49m▀▀[38;2;106;115;115;48;2;0;0;0m▀[38;2;197;205;222;48;2;197;205;222m▀▀▀[38;2;156;164;172;48;2;0;0;0m▀[38;2;0;0;0;49m▀[0m   [38;2;0;0;0m▀▀[38;2;255;230;90;48;2;0;0;0m▀▀[38;2;230;189;82m▀▀▀[38;2;0;0;0;49m▀▀[0m   [38;2;0;0;0m▀[38;2;230;189;82;48;2;0;0;0m▀▀[38;2;0;0;0;49m▀▀[0m
[0m                      [38;2;0;0;0m▀▀[0m    [38;2;0;0;0m▀[38;2;197;205;222;48;2;0;0;0m▀[38;2;156;164;172m▀[38;2;0;0;0;49m▀[0m
