[0m      [38;2;57;164;65;48;2;57;90;41m▀[48;2;123;213;106m▀▀[49m▄[38;2;57;90;41m▄[0m          [38;2;57;90;41m▄▄▄[0m
[0m      [38;2;57;90;41;48;2;57;90;41m▀[38;2;123;213;106;48;2;123;213;106m▀▀▀▀[38;2;57;90;41;48;2;57;164;65m▀[49m▄[0m    [38;2;57;90;41m▄▄[48;2;123;213;106m▀[38;2;57;164;65m▀[38;2;123;213;106m▀▀[38;2;57;90;41;48;2;57;90;41m▀[0m
[0m       [38;2;57;90;41;48;2;0;0;0m▀[38;2;123;213;106;48;2;57;164;65m▀[38;2;57;164;65m▀▀▀[38;2;57;90;41m▀[49m▄[38;2;98;74;57;48;2;139;106;65m▀[38;2;90;123;65;49m▄[38;2;57;90;41;48;2;57;164;65m▀[38;2;57;164;65m▀[38;2;123;213;106m▀[48;2;123;213;106m▀▀▀[38;2;57;90;41;48;2;0;0;0m▀[0m
[0m        [38;2;0;0;0m▀[38;2;90;123;65;48;2;0;0;0m▀[38;2;57;164;65m▀[48;2;57;164;65m▀▀[38;2;57;90;41;48;2;57;90;41m▀[38;2;139;106;65;48;2;139;106;65m▀[38;2;57;90;41;48;2;57;164;65m▀[38;2;57;164;65m▀▀▀[48;2;0;0;0m▀▀[38;2;0;0;0;49m▀[0m
[0m           [38;2;0;0;0m▀[48;2;0;0;0m▀[38;2;139;106;65;48;2;139;106;65m▀[38;2;98;74;57;48;2;0;0;0m▀[38;2;57;90;41;49m▀[38;2;0;0;0m▀▀▀[0m
[0m        [38;2;139;106;65m▄▄[48;2;180;131;82m▀[38;2;98;74;57m▀▀[38;2;139;106;65m▀[38;2;0;0;0;48;2;98;74;57m▀[49m▄[0m
[0m     [38;2;148;172;90m▄[38;2;90;123;65;48;2;222;230;139m▀[38;2;139;106;65;48;2;180;131;82m▀[38;2;180;131;82;48;2;139;106;65m▀[48;2;222;230;139m▀[38;2;139;106;65m▀[48;2;189;205;131m▀[38;2;180;131;82;48;2;139;106;65m▀▀[48;2;189;205;131m▀[38;2;139;106;65m▀[38;2;98;74;57;48;2;139;106;65m▀[49m▄[0m
[0m   [38;2;90;123;65m▄[38;2;148;172;90;48;2;222;230;139m▀[38;2;222;230;139m▀▀▀▀▀▀▀[38;2;189;205;131;48;2;189;205;131m▀▀▀▀▀[38;2;148;172;90m▀[38;2;57;90;41;48;2;0;0;0m▀[0m
[0m [38;2;90;123;65m▄[48;2;189;205;131m▀[38;2;222;230;139m▀[48;2;222;230;139m▀▀▀▀▀[48;2;189;205;131m▀▀[38;2;189;205;131m▀▀▀▀▀▀▀▀[38;2;0;0;0;48;2;0;0;0m▀[0m
[38;2;90;123;65;49m▄[48;2;189;205;131m▀[38;2;189;205;131m▀▀▀▀▀▀▀▀▀▀[48;2;246;230;90m▀[38;2;246;230;90;48;2;180;131;82m▀[48;2;197;189;57m▀[38;2;148;172;90;48;2;246;230;90m▀[38;2;189;205;131;48;2;148;172;90m▀[48;2;189;205;131m▀▀[38;2;148;172;90m▀[38;2;57;90;41;48;2;0;0;0m▀[0m
[38;2;90;123;65;48;2;90;123;65m▀[38;2;189;205;131;48;2;189;205;131m▀[38;2;90;123;65;48;2;148;172;90m▀[38;2;189;205;131;48;2;189;205;131m▀[38;2;90;123;65;48;2;148;172;90m▀[38;2;189;205;131;48;2;189;205;131m▀▀▀▀▀▀▀[38;2;246;230;90;48;2;197;189;57m▀[38;2;0;0;0;48;2;255;255;255m▀[38;2;98;74;57;48;2;0;0;0m▀[38;2;246;230;90;48;2;246;230;90m▀[38;2;148;172;90;48;2;148;172;90m▀[38;2;189;205;131;48;2;189;205;131m▀▀[48;2;98;74;57m▀[38;2;0;0;0;48;2;0;0;0m▀[0m
[38;2;90;123;65;49m▀[38;2;189;205;131;48;2;148;172;90m▀[48;2;189;205;131m▀▀▀▀▀▀▀▀▀▀[38;2;197;189;57;48;2;197;189;57m▀[38;2;0;0;0;48;2;0;0;0m▀[48;2;98;74;57m▀[38;2;246;230;90;48;2;246;230;90m▀[38;2;148;172;90;48;2;148;172;90m▀[48;2;90;123;65m▀[38;2;98;74;57;48;2;246;230;90m▀[38;2;246;230;90m▀▀[38;2;98;74;57m▀[49m▄▄[0m
[38;2;98;74;57;49m▄[38;2;90;123;65;48;2;90;123;65m▀[38;2;189;205;131;48;2;189;205;131m▀▀▀▀▀▀▀▀▀▀▀[38;2;197;189;57m▀[38;2;246;230;90;48;2;148;172;90m▀[38;2;148;172;90m▀[38;2;90;123;65;48;2;90;123;65m▀[38;2;197;189;57;48;2;246;230;90m▀[38;2;246;230;90m▀▀▀▀[38;2;98;74;57;48;2;98;74;57m▀[38;2;0;0;0;48;2;0;0;0m▀[38;2;98;74;57m▀[48;2;180;131;82m▀[49m▄[0m
[38;2;98;74;57;48;2;98;74;57m▀[38;2;246;230;90;48;2;197;189;57m▀[38;2;90;123;65;48;2;90;123;65m▀[38;2;189;205;131;48;2;148;172;90m▀▀[48;2;189;205;131m▀▀▀[48;2;148;172;90m▀[48;2;90;123;65m▀▀[38;2;148;172;90m▀▀[38;2;90;123;65;48;2;197;189;57m▀▀▀[38;2;197;189;57m▀[38;2;246;230;90m▀[48;2;246;230;90m▀▀[48;2;197;189;57m▀[38;2;197;189;57;48;2;98;74;57m▀[38;2;0;0;0;48;2;0;0;0m▀[38;2;180;131;82;48;2;180;131;82m▀[38;2;0;0;0;48;2;98;74;57m▀[48;2;0;0;0m▀[38;2;180;131;82;48;2;98;74;57m▀[38;2;98;74;57;48;2;139;106;65m▀[49m▄[0m
[0m [38;2;98;74;57;48;2;98;74;57m▀[38;2;246;230;90;48;2;197;189;57m▀[38;2;57;90;41m▀[38;2;148;172;90;48;2;57;90;41m▀[48;2;90;123;65m▀[48;2;148;172;90m▀▀[38;2;90;123;65;48;2;90;123;65m▀[38;2;197;189;57;48;2;197;189;57m▀▀▀▀▀▀▀▀▀▀▀[48;2;98;74;57m▀[38;2;0;0;0;48;2;90;123;65m▀[38;2;98;74;57;48;2;98;74;57m▀[38;2;139;106;65;48;2;0;0;0m▀[48;2;98;74;57m▀[38;2;0;0;0;48;2;0;0;0m▀▀[38;2;139;106;65;48;2;98;74;57m▀[38;2;0;0;0;48;2;0;0;0m▀[49m▄[0m
[0m  [38;2;98;74;57m▀[38;2;197;189;57;48;2;98;74;57m▀▀[48;2;197;189;57m▀[38;2;57;90;41m▀▀[38;2;197;189;57m▀▀▀▀▀▀▀▀[48;2;98;74;57m▀▀[38;2;98;74;57;48;2;148;172;90m▀▀[38;2;148;172;90m▀▀[38;2;90;123;65m▀[38;2;0;0;0m▀[48;2;90;123;65m▀[48;2;0;0;0m▀▀▀▀[48;2;57;90;41m▀[0m
[0m     [38;2;98;74;57m▀▀[38;2;197;189;57;48;2;98;74;57m▀▀▀▀▀▀[38;2;98;74;57;48;2;148;172;90m▀▀▀[38;2;148;172;90m▀[48;2;90;123;65m▀[48;2;189;205;131m▀[38;2;189;205;131m▀▀[38;2;148;172;90m▀[48;2;90;123;65m▀[48;2;148;172;90m▀▀▀▀[38;2;90;123;65m▀[38;2;148;172;90m▀[38;2;90;123;65m▀[38;2;57;90;41;49m▄[0m
[0m      [38;2;57;90;41m▄[38;2;90;123;65;48;2;148;172;90m▀[38;2;148;172;90m▀[38;2;90;123;65m▀[38;2;148;172;90;48;2;90;123;65m▀[48;2;148;172;90m▀▀▀▀▀[38;2;90;123;65;48;2;90;123;65m▀[38;2;148;172;90;48;2;189;205;131m▀[38;2;189;205;131m▀▀▀▀[38;2;90;123;65m▀[38;2;148;172;90;48;2;90;123;65m▀[48;2;148;172;90m▀[48;2;90;123;65m▀[38;2;90;123;65;48;2;148;172;90m▀[38;2;148;172;90m▀▀▀[38;2;57;90;41;48;2;0;0;0m▀[0m
[0m      [38;2;57;90;41;48;2;90;123;65m▀[38;2;189;205;131;48;2;189;205;131m▀[38;2;148;172;90m▀[48;2;148;172;90m▀▀[38;2;57;90;41m▀[38;2;90;123;65;48;2;57;90;41m▀[38;2;148;172;90m▀▀▀[38;2;57;90;41;48;2;0;0;0m▀[38;2;189;205;131;48;2;189;205;131m▀▀[48;2;197;189;57m▀[48;2;189;205;131m▀▀[48;2;148;172;90m▀[38;2;0;0;0;48;2;0;0;0m▀[38;2;90;123;65;49m▀[38;2;148;172;90;48;2;90;123;65m▀[48;2;197;189;57m▀[48;2;148;172;90m▀[48;2;197;189;57m▀[48;2;148;172;90m▀[38;2;0;0;0;48;2;0;0;0m▀[0m
[0m       [38;2;98;74;57;48;2;98;74;57m▀[38;2;246;230;90;48;2;246;230;90m▀[38;2;197;189;57m▀[38;2;148;172;90;48;2;197;189;57m▀[38;2;197;189;57;48;2;98;74;57m▀[38;2;57;90;41;49m▀[0m   [38;2;0;0;0;48;2;98;74;57m▀[38;2;246;230;90;48;2;246;230;90m▀[38;2;148;172;90m▀[38;2;246;230;90m▀[38;2;148;172;90m▀[38;2;246;230;90m▀[38;2;0;0;0;48;2;0;0;0m▀[0m  [38;2;0;0;0m▀[38;2;197;189;57;48;2;0;0;0m▀[48;2;98;74;57m▀▀[38;2;0;0;0;49m▀[0m
[0m        [38;2;0;0;0m▀▀▀[0m      [38;2;98;74;57m▀[38;2;246;230;90;48;2;0;0;0m▀▀▀[38;2;0;0;0;49m▀[0m
