[0m          [38;2;57;139;65m▄▄[0m  [38;2;57;139;65m▄[38;2;57;90;41m▄▄[0m  [38;2;57;90;41m▄▄[0m              [38;2;57;139;65m▄[48;2;98;180;106m▀▀[38;2;57;90;41;48;2;57;90;41m▀[38;2;57;139;65;49m▄[0m
[0m      [38;2;57;139;65m▄▄▄[48;2;98;180;106m▀[38;2;98;180;106m▀▀[38;2;57;139;65;48;2;57;139;65m▀[48;2;98;180;106m▀[38;2;98;180;106m▀▀[38;2;57;139;65m▀[38;2;57;90;41;49m▄[38;2;57;139;65;48;2;98;180;106m▀[38;2;98;180;106m▀▀[38;2;16;16;24;48;2;16;16;24m▀[0m [38;2;57;90;41m▄▄[0m   [38;2;57;139;65m▄[48;2;57;139;65m▀[48;2;98;180;106m▀[38;2;57;90;41m▀[38;2;57;139;65;49m▄▄▄[48;2;98;180;106m▀[38;2;98;180;106m▀▀▀[38;2;57;139;65m▀[38;2;57;90;41;48;2;57;90;41m▀[38;2;57;139;65;48;2;98;180;106m▀[38;2;16;16;24m▀[49m▄[38;2;57;90;41m▄▄[0m
[0m    [38;2;57;139;65m▄▄[48;2;98;180;106m▀[38;2;98;180;106m▀[38;2;57;139;65m▀[38;2;98;180;106;48;2;57;139;65m▀[48;2;98;180;106m▀▀▀▀▀▀▀[38;2;57;90;41m▀[38;2;98;180;106m▀▀▀[48;2;57;139;65m▀[38;2;57;90;41m▀[38;2;57;139;65m▀▀[38;2;57;90;41;48;2;16;16;24m▀[0m [38;2;57;90;41m▄[38;2;57;139;65;48;2;57;90;41m▀[38;2;98;180;106;48;2;57;139;65m▀[48;2;98;180;106m▀▀▀[48;2;57;139;65m▀[38;2;57;90;41;48;2;57;90;41m▀[38;2;98;180;106;48;2;57;139;65m▀[48;2;98;180;106m▀▀▀[38;2;57;90;41;48;2;57;90;41m▀[38;2;98;180;106;48;2;98;180;106m▀▀[48;2;57;90;41m▀[38;2;16;16;24;48;2;98;180;106m▀[38;2;98;180;106m▀▀[38;2;16;16;24m▀[49m▄[0m
[0m   [38;2;57;139;65;48;2;57;139;65m▀[38;2;98;180;106;48;2;98;180;106m▀▀▀▀▀[38;2;57;139;65m▀[38;2;98;180;106m▀▀[48;2;57;139;65m▀▀[48;2;98;180;106m▀▀▀▀▀[48;2;57;139;65m▀[38;2;57;139;65m▀[38;2;98;180;106m▀[38;2;57;139;65m▀▀▀[38;2;16;16;24;48;2;57;90;41m▀[38;2;57;90;41;48;2;98;180;106m▀[38;2;98;180;106m▀▀[38;2;57;90;41m▀[38;2;57;139;65m▀[38;2;98;180;106m▀▀▀▀[38;2;57;90;41m▀[38;2;98;180;106m▀▀▀▀▀▀▀▀▀▀[48;2;16;16;24m▀[38;2;16;16;24;49m▀[0m
[0m   [38;2;57;139;65m▄[38;2;57;90;41;48;2;57;139;65m▀[38;2;98;180;106;48;2;57;90;41m▀[48;2;98;180;106m▀▀▀▀▀[38;2;57;139;65;48;2;57;139;65m▀▀▀[38;2;98;180;106m▀[48;2;98;180;106m▀▀▀[38;2;57;139;65m▀[38;2;98;180;106;48;2;57;139;65m▀[38;2;57;139;65;48;2;98;180;106m▀[48;2;57;139;65m▀▀▀▀[38;2;57;90;41m▀[38;2;98;180;106;48;2;57;90;41m▀[38;2;57;139;65;48;2;98;180;106m▀▀[38;2;98;180;106;48;2;57;139;65m▀[48;2;98;180;106m▀▀▀▀▀▀▀▀▀▀▀▀▀[48;2;57;139;65m▀[38;2;57;139;65;48;2;98;180;106m▀[38;2;57;90;41m▀[38;2;57;139;65;48;2;57;90;41m▀[38;2;57;90;41;48;2;98;180;106m▀▀▀[38;2;16;16;24;49m▄[0m
[0m  [38;2;57;139;65;48;2;57;139;65m▀[38;2;98;180;106;48;2;98;180;106m▀▀▀[38;2;57;139;65m▀▀[38;2;98;180;106m▀▀▀[48;2;57;139;65m▀[38;2;57;139;65;48;2;98;180;106m▀[38;2;98;180;106;48;2;57;139;65m▀[38;2;57;139;65m▀▀▀[38;2;98;180;106m▀[38;2;57;139;65m▀[38;2;98;180;106m▀[38;2;57;139;65m▀▀▀[48;2;57;90;41m▀[38;2;57;90;41;48;2;98;180;106m▀[38;2;16;16;24m▀[38;2;98;180;106m▀[38;2;16;16;24m▀[38;2;98;180;106m▀▀▀▀▀▀▀▀▀▀▀▀▀▀▀▀▀[38;2;57;139;65m▀[38;2;98;180;106m▀▀▀[48;2;57;139;65m▀[38;2;16;16;24;48;2;16;16;24m▀[0m
[0m  [38;2;57;139;65m▄[38;2;57;90;41;48;2;98;180;106m▀▀[38;2;98;180;106m▀▀[48;2;57;139;65m▀▀[48;2;98;180;106m▀▀[48;2;57;139;65m▀[38;2;57;139;65m▀▀▀▀▀▀[48;2;98;74;57m▀▀[38;2;98;74;57;48;2;180;131;82m▀▀[38;2;57;90;41m▀[48;2;57;90;41m▀[38;2;98;180;106;48;2;16;16;24m▀[48;2;57;139;65m▀[48;2;98;180;106m▀▀▀▀▀▀[48;2;57;139;65m▀[48;2;98;180;106m▀[48;2;57;139;65m▀▀[48;2;98;180;106m▀▀▀▀▀▀▀▀[48;2;57;139;65m▀[48;2;98;180;106m▀[48;2;57;139;65m▀[38;2;57;139;65m▀[48;2;16;16;24m▀[38;2;16;16;24;49m▀[0m
[0m  [38;2;57;139;65;48;2;57;90;41m▀[38;2;98;180;106;48;2;98;180;106m▀[48;2;57;90;41m▀[48;2;57;139;65m▀[48;2;98;180;106m▀[38;2;57;139;65;48;2;57;139;65m▀▀[38;2;98;180;106m▀[38;2;57;139;65m▀[48;2;98;74;57m▀▀[38;2;139;106;65;48;2;180;131;82m▀[38;2;98;74;57m▀[48;2;98;74;57m▀[48;2;180;131;82m▀▀[38;2;180;131;82m▀▀▀[48;2;139;106;65m▀[38;2;16;16;24;48;2;16;16;24m▀[38;2;98;180;106;48;2;98;180;106m▀▀[48;2;57;139;65m▀▀[48;2;98;180;106m▀[48;2;57;139;65m▀[48;2;98;180;106m▀[48;2;57;139;65m▀[48;2;98;180;106m▀[48;2;57;139;65m▀[38;2;57;139;65;48;2;98;180;106m▀[38;2;98;180;106;48;2;57;139;65m▀[38;2;57;139;65m▀▀[38;2;98;180;106m▀▀▀▀[48;2;98;180;106m▀▀▀[48;2;57;139;65m▀[38;2;57;139;65m▀▀[38;2;16;16;24m▀▀[49m▄[0m
[0m   [38;2;57;90;41;48;2;57;90;41m▀[38;2;98;180;106;48;2;98;180;106m▀[48;2;57;139;65m▀[38;2;57;139;65m▀▀▀[48;2;98;74;57m▀[38;2;98;74;57;48;2;180;131;82m▀[38;2;180;131;82;48;2;139;106;65m▀▀[38;2;139;106;65;48;2;98;74;57m▀[38;2;98;74;57;48;2;180;131;82m▀[38;2;180;131;82m▀▀▀[48;2;98;74;57m▀[38;2;139;106;65m▀[38;2;98;74;57;48;2;222;180;65m▀▀[38;2;57;90;41m▀[38;2;98;180;106;48;2;16;16;24m▀[38;2;57;139;65m▀[38;2;98;180;106;48;2;98;180;106m▀▀[48;2;57;139;65m▀▀[38;2;57;139;65m▀[38;2;98;180;106m▀[38;2;57;139;65m▀▀▀▀▀▀▀▀▀[38;2;98;180;106m▀[38;2;57;139;65;48;2;98;180;106m▀[38;2;98;180;106;48;2;57;139;65m▀[38;2;57;139;65;48;2;98;180;106m▀[38;2;98;180;106;48;2;57;139;65m▀[38;2;57;139;65m▀▀▀▀▀[38;2;16;16;24;48;2;16;16;24m▀[0m
[0m    [38;2;57;90;41;48;2;57;90;41m▀[48;2;57;139;65m▀[38;2;57;139;65m▀[48;2;98;74;57m▀[38;2;98;74;57;48;2;180;131;82m▀[38;2;180;131;82;48;2;98;74;57m▀[38;2;98;74;57;48;2;222;180;65m▀[38;2;222;180;65m▀[38;2;98;74;57;48;2;98;74;57m▀[38;2;180;131;82;48;2;180;131;82m▀▀▀[48;2;98;74;57m▀[38;2;98;74;57;48;2;222;180;65m▀[38;2;180;131;82m▀▀▀▀[38;2;222;180;65;48;2;180;131;82m▀▀[38;2;16;16;24;48;2;98;74;57m▀[38;2;57;139;65;48;2;16;16;24m▀▀[38;2;16;16;24;48;2;180;131;82m▀▀[38;2;57;139;65;48;2;98;180;106m▀[48;2;57;139;65m▀[48;2;16;16;24m▀[48;2;57;139;65m▀▀▀[48;2;98;180;106m▀[48;2;57;139;65m▀▀▀▀▀▀▀▀▀▀▀[38;2;57;90;41m▀[48;2;57;90;41m▀[49m▀[38;2;16;16;24m▀[0m
[0m    [38;2;57;90;41;48;2;57;90;41m▀[38;2;57;139;65;48;2;57;139;65m▀[48;2;98;74;57m▀[38;2;98;74;57;48;2;139;106;65m▀[38;2;139;106;65;48;2;222;180;65m▀[38;2;222;180;65;48;2;238;213;65m▀▀[38;2;98;74;57;48;2;139;106;65m▀[38;2;180;131;82;48;2;180;131;82m▀▀[48;2;98;74;57m▀[38;2;98;74;57;48;2;238;213;65m▀[38;2;238;213;65m▀[38;2;222;180;65m▀[48;2;222;180;65m▀▀▀▀▀[48;2;139;106;65m▀[38;2;98;74;57;48;2;180;131;82m▀[38;2;180;131;82m▀[48;2;98;74;57m▀▀[38;2;98;74;57;48;2;222;180;65m▀▀[38;2;16;16;24m▀▀[48;2;139;106;65m▀[38;2;57;139;65;48;2;16;16;24m▀▀[48;2;57;139;65m▀▀[38;2;57;90;41;48;2;16;16;24m▀[38;2;57;139;65;48;2;57;90;41m▀[48;2;57;139;65m▀▀[38;2;57;90;41;48;2;16;16;24m▀[38;2;57;139;65m▀▀[48;2;57;139;65m▀▀[48;2;16;16;24m▀[38;2;57;90;41m▀[38;2;16;16;24;49m▀[0m
[0m     [38;2;57;90;41m▀[38;2;98;74;57;48;2;139;106;65m▀[38;2;222;180;65;48;2;222;180;65m▀[48;2;238;213;65m▀[38;2;238;213;65m▀[38;2;139;106;65;48;2;139;106;65m▀[38;2;180;131;82;48;2;180;131;82m▀[48;2;139;106;65m▀[38;2;139;106;65;48;2;238;213;65m▀[38;2;238;213;65m▀▀▀▀[38;2;222;180;65;48;2;222;180;65m▀▀▀▀[38;2;139;106;65;48;2;139;106;65m▀[38;2;180;131;82m▀[38;2;98;74;57;48;2;222;180;65m▀▀[38;2;222;180;65m▀[38;2;180;131;82m▀[38;2;222;180;65;48;2;180;131;82m▀▀▀[38;2;180;131;82;48;2;222;180;65m▀▀▀▀[38;2;16;16;24m▀[48;2;180;131;82m▀[38;2;139;106;65;48;2;139;106;65m▀[38;2;180;131;82m▀[38;2;16;16;24;48;2;180;131;82m▀▀[38;2;180;131;82m▀[38;2;139;106;65m▀[38;2;180;131;82;48;2;139;106;65m▀[38;2;16;16;24;48;2;180;131;82m▀▀[38;2;98;74;57m▀▀[48;2;139;106;65m▀[49m▄▄▄▄[48;2;180;131;82m▀[48;2;139;106;65m▀[49m▄[0m
[0m     [38;2;98;74;57;48;2;98;74;57m▀[38;2;222;180;65;48;2;222;180;65m▀[48;2;180;131;82m▀[38;2;180;131;82;48;2;238;213;65m▀[38;2;139;106;65;48;2;139;106;65m▀[38;2;180;131;82;48;2;180;131;82m▀[48;2;139;106;65m▀[38;2;139;106;65;48;2;238;213;65m▀[38;2;180;131;82m▀▀[38;2;238;213;65;48;2;180;131;82m▀▀[38;2;222;180;65;48;2;222;180;65m▀▀▀▀▀▀▀▀[48;2;180;131;82m▀▀[38;2;180;131;82;48;2;222;180;65m▀▀[38;2;222;180;65m▀[48;2;98;74;57m▀▀▀[38;2;98;74;57;48;2;106;139;74m▀▀▀[38;2;222;180;65;48;2;98;74;57m▀▀▀[38;2;139;106;65;48;2;222;180;65m▀▀[38;2;180;131;82;48;2;139;106;65m▀[48;2;180;131;82m▀[38;2;139;106;65m▀[38;2;180;131;82;48;2;139;106;65m▀[48;2;180;131;82m▀▀▀▀[38;2;139;106;65m▀[38;2;180;131;82;48;2;139;106;65m▀[48;2;180;131;82m▀▀[48;2;139;106;65m▀[38;2;139;106;65m▀[38;2;16;16;24;48;2;16;16;24m▀[0m
[0m    [38;2;98;74;57;48;2;98;74;57m▀[38;2;222;180;65;48;2;180;131;82m▀[38;2;180;131;82;48;2;238;213;65m▀[38;2;238;213;65m▀▀[38;2;139;106;65m▀▀[38;2;238;213;65m▀▀[48;2;255;255;255m▀[48;2;238;213;65m▀▀▀[38;2;180;131;82;48;2;222;180;65m▀[38;2;222;180;65;48;2;180;131;82m▀[48;2;222;180;65m▀▀▀[48;2;180;131;82m▀[38;2;180;131;82;48;2;222;180;65m▀▀[38;2;222;180;65m▀[48;2;98;74;57m▀▀[38;2;98;74;57;48;2;106;139;74m▀▀[38;2;106;139;74;48;2;148;172;90m▀[48;2;172;197;98m▀▀[38;2;57;90;41m▀[38;2;172;197;98;48;2;106;139;74m▀[48;2;172;197;98m▀[38;2;148;172;90m▀▀[38;2;106;139;74;48;2;148;172;90m▀[38;2;98;74;57m▀[38;2;180;131;82;48;2;98;74;57m▀[48;2;180;131;82m▀[38;2;139;106;65m▀[38;2;180;131;82;48;2;139;106;65m▀[38;2;139;106;65m▀[38;2;180;131;82;48;2;180;131;82m▀▀▀▀▀▀[38;2;139;106;65;48;2;139;106;65m▀[48;2;180;131;82m▀[38;2;180;131;82;48;2;139;106;65m▀[38;2;57;90;41;48;2;16;16;24m▀[0m
[0m   [38;2;98;74;57m▄[48;2;180;131;82m▀[38;2;180;131;82;48;2;222;180;65m▀[38;2;238;213;65;48;2;238;213;65m▀▀▀▀▀▀[38;2;255;255;255;48;2;255;255;255m▀[48;2;238;213;65m▀[38;2;238;213;65m▀[48;2;222;180;65m▀[38;2;222;180;65m▀▀▀[38;2;180;131;82;48;2;180;131;82m▀[38;2;222;180;65;48;2;98;74;57m▀[38;2;180;131;82;48;2;222;180;65m▀[38;2;222;180;65m▀[48;2;98;74;57m▀[38;2;98;74;57;48;2;106;139;74m▀▀[38;2;106;139;74;48;2;148;172;90m▀[48;2;172;197;98m▀[38;2;148;172;90m▀[38;2;172;197;98m▀▀▀▀▀▀[38;2;106;139;74;48;2;106;139;74m▀[38;2;172;197;98;48;2;172;197;98m▀▀▀▀[38;2;148;172;90;48;2;148;172;90m▀[38;2;98;74;57m▀[38;2;180;131;82;48;2;98;74;57m▀▀[38;2;139;106;65;48;2;180;131;82m▀▀[38;2;180;131;82;48;2;139;106;65m▀▀▀[38;2;139;106;65;48;2;180;131;82m▀▀[38;2;180;131;82;48;2;98;74;57m▀[38;2;139;106;65;48;2;106;139;74m▀[38;2;57;90;41;48;2;16;16;24m▀[0m
[0m   [38;2;98;74;57;48;2;98;74;57m▀[38;2;180;131;82;48;2;222;180;65m▀[38;2;222;180;65;48;2;180;131;82m▀[48;2;222;180;65m▀[38;2;238;213;65m▀[48;2;238;213;65m▀▀▀[48;2;222;180;65m▀▀[38;2;222;180;65m▀▀▀▀[48;2;180;131;82m▀▀[38;2;180;131;82;48;2;222;180;65m▀[38;2;222;180;65m▀[38;2;98;74;57;48;2;98;74;57m▀[48;2;106;139;74m▀[38;2;106;139;74;48;2;148;172;90m▀[48;2;172;197;98m▀[38;2;172;197;98m▀▀▀▀▀▀▀▀▀▀▀[38;2;106;139;74;48;2;106;139;74m▀[38;2;172;197;98;48;2;172;197;98m▀▀[48;2;148;172;90m▀[38;2;148;172;90m▀[48;2;106;139;74m▀[38;2;106;139;74;48;2;148;172;90m▀▀[38;2;98;74;57m▀▀[38;2;180;131;82;48;2;98;74;57m▀▀▀[38;2;98;74;57;48;2;106;139;74m▀▀[38;2;106;139;74m▀[38;2;57;90;41;48;2;16;16;24m▀[0m
[0m   [38;2;98;74;57;48;2;139;106;65m▀[38;2;222;180;65;48;2;98;74;57m▀[38;2;180;131;82;48;2;222;180;65m▀[38;2;222;180;65;48;2;180;131;82m▀[48;2;222;180;65m▀▀▀▀▀▀[48;2;180;131;82m▀▀[38;2;180;131;82;48;2;222;180;65m▀▀[38;2;222;180;65m▀[48;2;98;74;57m▀▀[38;2;98;74;57;48;2;106;139;74m▀[38;2;106;139;74;48;2;57;90;41m▀[38;2;148;172;90m▀[38;2;172;197;98;48;2;172;197;98m▀▀▀▀▀▀[48;2;106;139;74m▀▀[48;2;172;197;98m▀▀▀▀▀▀[38;2;106;139;74;48;2;106;139;74m▀[38;2;172;197;98;48;2;172;197;98m▀[38;2;148;172;90;48;2;148;172;90m▀[38;2;106;139;74;48;2;106;139;74m▀[38;2;148;172;90;48;2;148;172;90m▀▀▀▀▀▀[38;2;57;90;41m▀[38;2;106;139;74;48;2;57;90;41m▀[48;2;106;139;74m▀[48;2;57;90;41m▀[38;2;57;90;41;49m▀[0m
[0m [38;2;139;106;65m▄[48;2;238;213;65m▀[38;2;180;131;82;48;2;222;180;65m▀[38;2;98;74;57;48;2;180;131;82m▀[38;2;222;180;65;48;2;98;74;57m▀[38;2;180;131;82;48;2;222;180;65m▀▀[38;2;222;180;65;48;2;180;131;82m▀▀▀[38;2;180;131;82;48;2;222;180;65m▀▀[38;2;222;180;65m▀▀[48;2;98;74;57m▀[38;2;16;16;24;48;2;16;16;24m▀[38;2;98;74;57;48;2;213;213;213m▀[38;2;106;139;74;48;2;148;172;90m▀[48;2;57;90;41m▀[38;2;57;90;41;48;2;238;213;65m▀[38;2;238;213;65m▀▀[38;2;180;131;82m▀[38;2;98;74;57;48;2;180;131;82m▀[38;2;172;197;98;48;2;16;16;24m▀[48;2;172;197;98m▀[48;2;106;139;74m▀[38;2;106;139;74;48;2;172;197;98m▀[38;2;172;197;98m▀▀▀[38;2;106;139;74m▀[38;2;172;197;98;48;2;106;139;74m▀[48;2;172;197;98m▀▀▀[38;2;106;139;74;48;2;106;139;74m▀[38;2;172;197;98;48;2;148;172;90m▀[38;2;106;139;74;48;2;57;90;41m▀[38;2;148;172;90;48;2;148;172;90m▀▀▀▀▀▀▀▀[38;2;106;139;74m▀[38;2;16;16;24;48;2;16;16;24m▀[0m
[0m [38;2;98;74;57m▀[38;2;222;180;65;48;2;16;16;24m▀[48;2;222;180;65m▀[38;2;57;90;41;48;2;57;90;41m▀[38;2;106;139;74;48;2;148;172;90m▀[38;2;98;74;57;48;2;106;139;74m▀[38;2;222;180;65;48;2;98;74;57m▀▀▀▀▀[38;2;98;74;57;48;2;106;139;74m▀[48;2;213;213;213m▀[38;2;16;16;24;48;2;148;148;148m▀[38;2;213;213;213;48;2;16;16;24m▀[38;2;16;16;24;48;2;213;213;213m▀[38;2;255;255;255;48;2;255;255;255m▀[38;2;148;172;90;48;2;148;172;90m▀[38;2;57;90;41;48;2;57;90;41m▀[38;2;238;213;65;48;2;222;180;65m▀[48;2;238;213;65m▀▀▀[48;2;255;255;255m▀▀[38;2;16;16;24;48;2;238;213;65m▀[38;2;106;139;74;48;2;16;16;24m▀[38;2;172;197;98;48;2;172;197;98m▀▀▀▀▀▀[38;2;106;139;74;48;2;106;139;74m▀[38;2;172;197;98;48;2;172;197;98m▀[48;2;148;172;90m▀[38;2;106;139;74;48;2;106;139;74m▀[38;2;148;172;90;48;2;148;172;90m▀[38;2;57;90;41m▀[38;2;148;172;90;48;2;57;90;41m▀[38;2;106;139;74;48;2;106;139;74m▀[38;2;148;172;90;48;2;148;172;90m▀▀▀▀▀▀▀[38;2;106;139;74m▀[38;2;16;16;24;48;2;16;16;24m▀[0m
[0m   [38;2;16;16;24m▀[48;2;16;16;24m▀[38;2;148;172;90;48;2;106;139;74m▀[38;2;106;139;74;48;2;148;172;90m▀[38;2;172;197;98;48;2;172;197;98m▀▀▀[38;2;106;139;74;48;2;106;139;74m▀[38;2;172;197;98;48;2;172;197;98m▀▀[38;2;106;139;74m▀[38;2;213;213;213;48;2;148;172;90m▀[38;2;255;255;255;48;2;106;139;74m▀▀[38;2;106;139;74;48;2;148;172;90m▀[38;2;148;172;90m▀[48;2;106;139;74m▀[38;2;57;90;41;48;2;57;90;41m▀[38;2;222;180;65;48;2;222;180;65m▀▀▀▀[48;2;16;16;24m▀[38;2;16;16;24;48;2;148;172;90m▀[38;2;172;197;98;48;2;172;197;98m▀▀▀▀▀▀▀[38;2;148;172;90m▀[38;2;106;139;74;48;2;57;90;41m▀[38;2;148;172;90;48;2;148;172;90m▀[38;2;106;139;74;48;2;57;90;41m▀[38;2;148;172;90;48;2;106;139;74m▀[38;2;106;139;74m▀▀[38;2;57;90;41;48;2;57;90;41m▀[38;2;148;172;90;48;2;106;139;74m▀[48;2;148;172;90m▀▀▀▀▀▀▀▀[38;2;16;16;24;48;2;57;90;41m▀[0m
[0m    [38;2;57;90;41;48;2;57;90;41m▀[38;2;16;16;24;48;2;16;16;24m▀[38;2;172;197;98;48;2;148;172;90m▀[48;2;172;197;98m▀▀[48;2;106;139;74m▀[48;2;172;197;98m▀[38;2;106;139;74;48;2;148;172;90m▀[38;2;172;197;98;48;2;106;139;74m▀[38;2;148;172;90;48;2;148;172;90m▀[48;2;57;90;41m▀▀▀[38;2;57;90;41;48;2;222;180;65m▀▀▀[38;2;222;180;65m▀▀[48;2;98;74;57m▀[38;2;180;131;82;48;2;57;90;41m▀[38;2;16;16;24;48;2;106;139;74m▀[38;2;106;139;74;48;2;57;90;41m▀[38;2;172;197;98;48;2;172;197;98m▀▀▀▀▀▀▀▀▀[38;2;16;16;24;48;2;16;16;24m▀[38;2;106;139;74;48;2;57;90;41m▀[38;2;57;90;41;48;2;106;139;74m▀[38;2;106;139;74m▀▀[48;2;57;90;41m▀[38;2;57;90;41;49m▀[38;2;106;139;74;48;2;57;90;41m▀[38;2;148;172;90;48;2;106;139;74m▀[48;2;148;172;90m▀▀▀▀▀[48;2;106;139;74m▀▀[38;2;106;139;74;48;2;222;180;65m▀[38;2;16;16;24;48;2;16;16;24m▀[0m
[0m   [38;2;57;90;41;48;2;57;90;41m▀[38;2;106;139;74;48;2;148;172;90m▀[38;2;148;172;90m▀[38;2;16;16;24m▀[38;2;172;197;98;48;2;16;16;24m▀[48;2;148;172;90m▀[38;2;106;139;74m▀[38;2;148;172;90;48;2;106;139;74m▀[48;2;148;172;90m▀[38;2;57;90;41;48;2;57;90;41m▀[48;2;222;180;65m▀[38;2;222;180;65m▀▀▀▀▀[48;2;16;16;24m▀▀[38;2;16;16;24;48;2;106;139;74m▀[38;2;106;139;74m▀▀▀[38;2;57;90;41;48;2;57;90;41m▀[38;2;172;197;98;48;2;172;197;98m▀▀▀▀▀▀▀▀▀[38;2;106;139;74;48;2;148;172;90m▀[38;2;16;16;24;48;2;16;16;24m▀[38;2;106;139;74;48;2;57;90;41m▀[38;2;57;90;41;49m▀▀[0m  [38;2;98;74;57;48;2;98;74;57m▀[38;2;222;180;65;48;2;222;180;65m▀[38;2;106;139;74m▀▀▀▀▀[38;2;222;180;65m▀▀[48;2;180;131;82m▀[38;2;180;131;82m▀[38;2;98;74;57;48;2;16;16;24m▀[0m
[0m  [38;2;57;90;41m▄[48;2;106;139;74m▀[38;2;148;172;90;48;2;148;172;90m▀▀▀▀[38;2;16;16;24m▀[48;2;106;139;74m▀[38;2;106;139;74;48;2;16;16;24m▀▀▀[38;2;16;16;24;48;2;98;74;57m▀[38;2;222;180;65m▀▀[38;2;16;16;24;49m▀▀▀[38;2;57;90;41m▀▀[38;2;106;139;74;48;2;57;90;41m▀▀▀▀[38;2;57;90;41m▀[38;2;172;197;98;48;2;172;197;98m▀▀▀▀▀▀▀▀[38;2;148;172;90;48;2;148;172;90m▀▀[38;2;16;16;24;48;2;16;16;24m▀[0m     [38;2;98;74;57;48;2;98;74;57m▀[38;2;180;131;82;48;2;180;131;82m▀[38;2;222;180;65m▀[48;2;222;180;65m▀[38;2;180;131;82;48;2;255;255;255m▀▀[38;2;222;180;65;48;2;180;131;82m▀▀[38;2;180;131;82m▀▀▀[38;2;16;16;24;48;2;16;16;24m▀[0m
[0m [38;2;98;74;57m▄[48;2;222;180;65m▀[38;2;222;180;65;48;2;238;213;65m▀[38;2;106;139;74m▀[48;2;222;180;65m▀[38;2;148;172;90;48;2;180;131;82m▀▀[38;2;106;139;74m▀▀▀[48;2;222;180;65m▀[38;2;180;131;82m▀[38;2;98;74;57;48;2;98;74;57m▀[0m          [38;2;57;90;41;48;2;57;90;41m▀[38;2;148;172;90;48;2;148;172;90m▀[38;2;172;197;98;48;2;172;197;98m▀▀▀▀▀▀▀[48;2;148;172;90m▀[38;2;148;172;90m▀[48;2;106;139;74m▀[38;2;16;16;24;48;2;16;16;24m▀[0m     [38;2;98;74;57;48;2;16;16;24m▀[38;2;255;255;255;48;2;213;213;213m▀[48;2;148;148;148m▀[38;2;180;131;82;48;2;213;213;213m▀[38;2;255;255;255;48;2;255;255;255m▀▀[38;2;180;131;82m▀[38;2;255;255;255m▀[38;2;98;74;57;48;2;213;213;213m▀[38;2;180;131;82;48;2;98;74;57m▀▀[38;2;16;16;24m▀[0m
[38;2;98;74;57;49m▄[48;2;180;131;82m▀[38;2;238;213;65m▀[48;2;238;213;65m▀[48;2;180;131;82m▀▀[48;2;222;180;65m▀[38;2;222;180;65m▀▀▀▀▀▀[38;2;16;16;24;48;2;16;16;24m▀[0m          [38;2;57;90;41;48;2;98;74;57m▀[38;2;106;139;74;48;2;238;213;65m▀[38;2;148;172;90m▀[38;2;172;197;98;48;2;148;172;90m▀▀▀▀▀[38;2;148;172;90;48;2;238;213;65m▀[38;2;106;139;74;48;2;222;180;65m▀▀[38;2;222;180;65m▀[38;2;98;74;57m▀[49m▄[0m     [38;2;16;16;24m▀▀[38;2;148;148;148;48;2;16;16;24m▀[38;2;213;213;213m▀▀[38;2;16;16;24;49m▀[38;2;213;213;213;48;2;16;16;24m▀▀[38;2;16;16;24;49m▀▀[0m
[38;2;98;74;57;48;2;148;148;148m▀[38;2;213;213;213;48;2;213;213;213m▀[48;2;148;148;148m▀[38;2;180;131;82;48;2;255;255;255m▀[38;2;255;255;255m▀[48;2;213;213;213m▀[38;2;180;131;82;48;2;148;148;148m▀[48;2;255;255;255m▀[48;2;213;213;213m▀[38;2;222;180;65;48;2;180;131;82m▀[48;2;222;180;65m▀▀[38;2;98;74;57;48;2;16;16;24m▀[0m          [38;2;98;74;57m▄[48;2;180;131;82m▀[38;2;238;213;65;48;2;238;213;65m▀▀▀▀▀▀▀[38;2;222;180;65;48;2;222;180;65m▀▀▀▀▀[38;2;16;16;24;48;2;16;16;24m▀[0m
[0m [38;2;16;16;24m▀▀[38;2;255;255;255;48;2;16;16;24m▀▀[38;2;213;213;213m▀[38;2;16;16;24;49m▀[38;2;255;255;255;48;2;16;16;24m▀▀[38;2;148;148;148;49m▀[38;2;16;16;24m▀▀[0m           [38;2;98;74;57;48;2;180;131;82m▀[38;2;222;180;65;48;2;98;74;57m▀[38;2;238;213;65;48;2;180;131;82m▀[38;2;180;131;82m▀[48;2;255;255;255m▀[38;2;238;213;65;48;2;180;131;82m▀[48;2;238;213;65m▀[48;2;180;131;82m▀[38;2;222;180;65m▀[48;2;222;180;65m▀▀▀▀▀[38;2;16;16;24;48;2;16;16;24m▀[0m
[0m                       [38;2;98;74;57;48;2;16;16;24m▀[38;2;213;213;213;48;2;255;255;255m▀[38;2;148;148;148;48;2;148;148;148m▀[38;2;255;255;255;48;2;255;255;255m▀▀[38;2;148;148;148;48;2;213;213;213m▀[48;2;148;148;148m▀[38;2;255;255;255;48;2;255;255;255m▀[38;2;180;131;82;48;2;213;213;213m▀[48;2;180;131;82m▀[38;2;222;180;65;48;2;222;180;65m▀▀[48;2;16;16;24m▀▀[38;2;16;16;24;49m▀[0m
[0m                       [38;2;16;16;24m▀▀[38;2;148;148;148;48;2;16;16;24m▀[38;2;255;255;255m▀▀[38;2;148;148;148;48;2;148;148;148m▀[38;2;16;16;24;49m▀[38;2;213;213;213;48;2;16;16;24m▀▀[38;2;98;74;57;48;2;98;74;57m▀[38;2;16;16;24;49m▀▀[0m
