[0m                                                [38;2;24;98;24m▄▄[48;2;24;98;24m▀[48;2;49;139;57m▀▀▀[49m▄▄[0m [38;2;24;98;24m▄▄[0m
[0m                                      [38;2;24;98;24m▄▄[48;2;49;139;57m▀[48;2;65;172;65m▀[48;2;49;139;57m▀[49m▄▄[0m  [38;2;24;98;24;48;2;24;98;24m▀[48;2;49;139;57m▀[38;2;49;139;57;48;2;65;172;65m▀▀[38;2;65;172;65m▀▀[38;2;49;139;57m▀▀[48;2;49;139;57m▀[38;2;24;98;24m▀[38;2;49;139;57m▀▀[38;2;24;98;24;48;2;24;98;24m▀[0m
[0m                                  [38;2;24;98;24m▄▄▄[48;2;49;139;57m▀[38;2;65;172;65m▀[38;2;49;139;57;48;2;65;172;65m▀[38;2;65;172;65m▀▀[48;2;49;139;57m▀[38;2;49;139;57m▀[38;2;24;98;24;48;2;65;172;65m▀▀▀[38;2;65;172;65m▀▀▀▀▀▀▀▀▀[48;2;49;139;57m▀[38;2;49;139;57m▀[48;2;24;98;24m▀[38;2;24;98;24;49m▀[0m
[0m                               [38;2;24;98;24m▄▄[48;2;49;139;57m▀[38;2;65;172;65m▀[48;2;65;172;65m▀▀▀▀▀▀▀▀▀▀▀▀▀▀▀▀▀▀▀▀▀▀▀▀[38;2;16;16;16;48;2;24;98;24m▀[38;2;49;139;57;49m▄[0m
[0m                            [38;2;24;98;24m▄[48;2;49;139;57m▀▀[38;2;49;139;57;48;2;65;172;65m▀[38;2;65;172;65m▀▀▀[48;2;49;139;57m▀[48;2;65;172;65m▀[48;2;49;139;57m▀[48;2;65;172;65m▀▀▀▀▀▀▀▀▀▀▀▀▀▀▀▀▀▀▀▀▀▀[38;2;24;98;24;48;2;24;98;24m▀[49m▄[48;2;49;139;57m▀[48;2;65;172;65m▀▀[48;2;49;139;57m▀[49m▄[0m
[0m                          [38;2;24;98;24m▄▄[48;2;65;172;65m▀▀[38;2;49;139;57m▀▀[38;2;65;172;65;48;2;49;139;57m▀▀[38;2;49;139;57;48;2;65;172;65m▀[38;2;65;172;65m▀[38;2;49;139;57m▀[38;2;65;172;65m▀▀▀▀▀▀▀▀[48;2;49;139;57m▀▀▀▀▀[48;2;65;172;65m▀▀▀▀▀▀▀▀▀▀▀▀▀▀▀▀[38;2;24;98;24;48;2;49;139;57m▀▀▀[49m▄[0m
[0m                         [38;2;24;98;24;48;2;24;98;24m▀[38;2;65;172;65;48;2;65;172;65m▀▀▀▀▀▀▀▀▀▀▀▀[48;2;49;139;57m▀▀▀▀▀▀[38;2;49;139;57m▀[38;2;24;98;24m▀[48;2;24;98;24m▀▀▀[48;2;49;139;57m▀[38;2;49;139;57m▀▀▀▀[38;2;65;172;65;48;2;24;98;24m▀▀[38;2;24;98;24;48;2;65;172;65m▀▀[38;2;65;172;65;48;2;24;98;24m▀▀[48;2;65;172;65m▀▀[48;2;24;98;24m▀▀[38;2;49;139;57m▀[48;2;49;139;57m▀[38;2;24;98;24m▀[38;2;49;139;57m▀▀[38;2;16;16;16;48;2;16;16;16m▀[0m
[0m                  [38;2;164;164;164m▄[48;2;230;230;230m▀[38;2;106;115;123;48;2;189;189;189m▀[49m▄[0m   [38;2;24;98;24m▀[38;2;49;139;57;48;2;24;98;24m▀[38;2;65;172;65;48;2;49;139;57m▀▀▀[38;2;49;139;57;48;2;24;98;24m▀▀[48;2;49;139;57m▀[38;2;65;172;65m▀▀[38;2;49;139;57m▀▀[48;2;24;98;24m▀▀[38;2;24;98;24m▀▀▀[38;2;49;139;57m▀▀[38;2;24;98;24m▀▀▀▀▀▀▀▀[48;2;65;172;65m▀▀[38;2;65;172;65m▀▀▀▀▀▀[38;2;24;98;24m▀▀[38;2;65;172;65;48;2;49;139;57m▀▀[48;2;65;172;65m▀[38;2;24;98;24m▀▀[38;2;49;139;57;48;2;16;16;16m▀[38;2;16;16;16m▀[0m
[0m                  [38;2;164;164;164;48;2;164;164;164m▀[38;2;230;230;230;48;2;230;230;230m▀[38;2;189;189;189;48;2;164;164;164m▀[48;2;189;189;189m▀[38;2;106;115;123m▀[49m▄[0m   [38;2;16;16;16m▀▀[38;2;24;98;24;48;2;16;16;16m▀[48;2;24;98;24m▀▀▀[48;2;16;16;16m▀[48;2;24;98;24m▀▀▀▀▀▀▀[48;2;98;74;57m▀[48;2;16;16;16m▀[48;2;98;74;57m▀[38;2;16;16;16m▀[38;2;98;74;57;48;2;16;16;16m▀[38;2;16;16;16;48;2;24;98;24m▀[38;2;24;98;24m▀▀[48;2;16;16;16m▀[38;2;16;16;16;48;2;49;139;57m▀[38;2;65;172;65;48;2;65;172;65m▀▀▀▀▀▀▀▀▀▀▀▀▀▀▀▀▀[38;2;24;98;24m▀[38;2;16;16;16;48;2;24;98;24m▀[0m
[0m                 [38;2;164;164;164;48;2;164;164;164m▀[38;2;230;230;230;48;2;230;230;230m▀▀[38;2;164;164;164;48;2;164;164;164m▀[38;2;189;189;189;48;2;189;189;189m▀▀▀[38;2;106;115;123m▀[38;2;16;16;16;49m▄[0m   [38;2;106;115;123m▄[38;2;16;16;16;48;2;189;189;189m▀[48;2;16;16;16m▀[48;2;24;98;24m▀[38;2;24;98;24m▀▀▀▀▀[38;2;16;16;16m▀[38;2;24;98;24m▀[38;2;16;16;16m▀▀[38;2;98;74;57;48;2;16;16;16m▀▀[48;2;98;74;57m▀▀[38;2;24;98;24;48;2;16;16;16m▀[48;2;24;98;24m▀[38;2;16;16;16m▀[48;2;16;16;16m▀[38;2;49;139;57;48;2;49;139;57m▀▀▀[38;2;65;172;65;48;2;24;98;24m▀[38;2;49;139;57;48;2;49;139;57m▀▀▀[38;2;65;172;65m▀▀[48;2;65;172;65m▀▀▀▀[38;2;49;139;57m▀[38;2;65;172;65;48;2;49;139;57m▀[38;2;49;139;57;48;2;65;172;65m▀[38;2;65;172;65;48;2;49;139;57m▀[48;2;65;172;65m▀▀[48;2;49;139;57m▀[38;2;24;98;24m▀[38;2;16;16;16;49m▄[0m
[0m                 [38;2;164;164;164;48;2;106;115;123m▀[38;2;230;230;230;48;2;230;230;230m▀▀▀[38;2;164;164;164;48;2;164;164;164m▀[38;2;189;189;189;48;2;189;189;189m▀▀▀▀[38;2;16;16;16;48;2;16;16;16m▀[0m [38;2;106;115;123m▄[38;2;164;164;164;48;2;189;189;189m▀[38;2;189;189;189m▀[38;2;16;16;16m▀[38;2;24;98;24;48;2;24;98;24m▀▀▀▀▀▀▀▀▀▀▀▀[38;2;16;16;16;48;2;16;16;16m▀[38;2;98;74;57;48;2;98;74;57m▀[48;2;139;106;65m▀▀[38;2;24;98;24;48;2;16;16;16m▀[48;2;24;98;24m▀[38;2;16;16;16m▀[38;2;49;139;57;48;2;16;16;16m▀▀[38;2;16;16;16;48;2;49;139;57m▀[38;2;24;98;24;48;2;16;16;16m▀[38;2;16;16;16;48;2;98;74;57m▀[48;2;139;106;65m▀[38;2;49;139;57;48;2;16;16;16m▀[38;2;65;172;65m▀[48;2;49;139;57m▀▀[38;2;49;139;57m▀▀▀▀▀[38;2;65;172;65m▀▀▀[38;2;49;139;57m▀▀[38;2;16;16;16;48;2;16;16;16m▀[0m
[0m          [38;2;106;115;123;48;2;106;115;123m▀[48;2;189;189;189m▀[49m▄[0m    [38;2;106;115;123;48;2;106;115;123m▀[38;2;230;230;230;48;2;230;230;230m▀▀▀[38;2;164;164;164;48;2;164;164;164m▀[38;2;189;189;189;48;2;189;189;189m▀[48;2;49;139;57m▀▀[38;2;49;139;57m▀▀[38;2;16;16;16m▀[38;2;106;115;123;48;2;16;16;16m▀[38;2;189;189;189;48;2;189;189;189m▀▀▀[38;2;24;98;24m▀[38;2;16;16;16;48;2;106;115;123m▀[38;2;24;98;24;48;2;16;16;16m▀▀[48;2;24;98;24m▀▀[48;2;16;16;16m▀▀[48;2;24;98;24m▀▀▀[48;2;16;16;16m▀[48;2;24;98;24m▀[38;2;98;74;57;48;2;98;74;57m▀[38;2;139;106;65;48;2;139;106;65m▀▀[38;2;16;16;16m▀[38;2;24;98;24;48;2;16;16;16m▀[48;2;24;98;24m▀[48;2;98;74;57m▀▀[38;2;98;74;57;48;2;139;106;65m▀▀[38;2;139;106;65m▀[48;2;98;74;57m▀[38;2;24;98;24m▀[48;2;16;16;16m▀▀[48;2;49;139;57m▀[38;2;49;139;57m▀[48;2;16;16;16m▀▀▀[48;2;24;98;24m▀[48;2;49;139;57m▀▀[48;2;16;16;16m▀▀[38;2;16;16;16;49m▀[0m
[0m         [38;2;106;115;123;48;2;106;115;123m▀[38;2;230;230;230;48;2;230;230;230m▀[38;2;189;189;189m▀[48;2;189;189;189m▀[38;2;106;115;123m▀[49m▄[0m  [38;2;106;115;123;48;2;49;139;57m▀[38;2;189;189;189m▀[38;2;230;230;230m▀[48;2;189;189;189m▀▀[38;2;106;115;123;48;2;106;115;123m▀[38;2;49;139;57;48;2;65;172;65m▀[38;2;65;172;65;48;2;49;139;57m▀[38;2;49;139;57m▀▀▀▀[38;2;16;16;16m▀[38;2;189;189;189;48;2;16;16;16m▀[48;2;189;189;189m▀▀▀[38;2;106;115;123;48;2;106;115;123m▀▀[38;2;16;16;16m▀▀[0m  [38;2;16;16;16m▀▀▀[0m [38;2;16;16;16;48;2;98;74;57m▀[38;2;139;106;65;48;2;139;106;65m▀[38;2;180;131;82;48;2;180;131;82m▀▀[38;2;139;106;65;48;2;98;74;57m▀[38;2;98;74;57;48;2;180;131;82m▀[38;2;139;106;65m▀[38;2;180;131;82m▀[48;2;139;106;65m▀[38;2;139;106;65;48;2;16;16;16m▀[38;2;98;74;57;48;2;24;98;24m▀▀[38;2;24;98;24m▀▀▀▀[38;2;16;16;16m▀▀[38;2;24;98;24m▀[38;2;16;16;16m▀[49m▄▀▀▀[0m
[0m         [38;2;106;115;123;48;2;106;115;123m▀[38;2;230;230;230;48;2;230;230;230m▀▀[38;2;189;189;189;48;2;189;189;189m▀[48;2;164;164;164m▀[48;2;189;189;189m▀[38;2;106;115;123m▀[38;2;57;90;41;48;2;57;90;41m▀[38;2;49;139;57;48;2;65;172;65m▀[38;2;65;172;65m▀▀[38;2;49;139;57m▀[38;2;65;172;65m▀[48;2;49;139;57m▀[38;2;49;139;57;48;2;57;90;41m▀▀▀[48;2;65;172;65m▀▀[38;2;57;90;41m▀▀▀▀▀▀▀▀[38;2;106;115;123;48;2;16;16;16m▀[48;2;98;74;57m▀[38;2;98;74;57;49m▄▄▄▄[0m [38;2;98;74;57m▄[48;2;180;131;82m▀[38;2;180;131;82m▀▀▀[38;2;98;74;57;48;2;139;106;65m▀[38;2;180;131;82m▀▀[38;2;139;106;65;48;2;98;74;57m▀[38;2;16;16;16;48;2;16;16;16m▀[38;2;24;98;24;48;2;24;98;24m▀▀▀▀▀▀▀▀▀▀▀▀[38;2;16;16;16;48;2;16;16;16m▀[0m
[0m         [38;2;106;115;123;48;2;106;115;123m▀[38;2;230;230;230;48;2;230;230;230m▀▀▀[38;2;189;189;189;48;2;189;189;189m▀▀▀▀[38;2;57;90;41m▀[38;2;65;172;65;48;2;57;90;41m▀[38;2;49;139;57;48;2;65;172;65m▀▀[38;2;57;90;41m▀[38;2;65;172;65m▀▀▀▀▀▀▀▀▀▀[48;2;49;139;57m▀[38;2;49;139;57m▀▀▀▀[48;2;98;74;57m▀▀[38;2;139;106;65;48;2;180;131;82m▀▀[48;2;98;74;57m▀[38;2;98;74;57m▀▀[38;2;180;131;82m▀▀[38;2;98;74;57;48;2;139;106;65m▀[38;2;139;106;65m▀▀[38;2;98;74;57m▀▀[38;2;139;106;65m▀[38;2;16;16;16;48;2;16;16;16m▀[38;2;24;98;24m▀▀[48;2;24;98;24m▀▀▀▀▀▀▀[48;2;16;16;16m▀▀[38;2;16;16;16;49m▀[0m
[0m          [38;2;106;115;123;48;2;106;115;123m▀[38;2;230;230;230;48;2;230;230;230m▀▀▀[38;2;189;189;189;48;2;189;189;189m▀[48;2;57;90;41m▀[38;2;49;139;57;48;2;65;172;65m▀▀▀[38;2;65;172;65;48;2;49;139;57m▀▀▀[48;2;57;90;41m▀▀▀▀[48;2;65;172;65m▀▀▀▀▀▀▀▀[38;2;49;139;57;48;2;98;74;57m▀▀[38;2;98;74;57;48;2;139;106;65m▀[38;2;180;131;82;48;2;180;131;82m▀[48;2;98;74;57m▀[38;2;98;74;57;48;2;139;106;65m▀▀[38;2;139;106;65;48;2;16;16;16m▀▀▀[38;2;98;74;57;48;2;98;74;57m▀[38;2;139;106;65;48;2;139;106;65m▀▀[38;2;98;74;57;48;2;98;74;57m▀[38;2;139;106;65;48;2;139;106;65m▀▀[48;2;98;74;57m▀[38;2;16;16;16;48;2;16;16;16m▀[0m   [38;2;16;16;16m▀▀[38;2;24;98;24;48;2;16;16;16m▀▀[38;2;16;16;16;49m▀▀▀[0m
[0m          [38;2;106;115;123;48;2;106;115;123m▀[38;2;189;189;189;48;2;57;90;41m▀▀[38;2;57;90;41;48;2;65;172;65m▀▀[38;2;65;172;65m▀[48;2;49;139;57m▀[38;2;49;139;57;48;2;230;230;230m▀▀[38;2;230;230;230m▀▀▀▀▀▀[38;2;189;189;189m▀[38;2;57;90;41m▀[38;2;65;172;65;48;2;57;90;41m▀[48;2;65;172;65m▀▀▀▀[48;2;98;74;57m▀[38;2;98;74;57;48;2;180;131;82m▀[38;2;180;131;82;48;2;98;74;57m▀[48;2;16;16;16m▀▀[48;2;24;98;24m▀[38;2;16;16;16;48;2;49;139;57m▀▀[38;2;24;98;24m▀▀[38;2;49;139;57m▀▀[38;2;24;98;24m▀▀[38;2;98;74;57m▀[38;2;139;106;65;48;2;98;74;57m▀[48;2;139;106;65m▀[48;2;180;131;82m▀[38;2;180;131;82m▀[38;2;16;16;16m▀[49m▄[0m
[0m        [38;2;57;90;41m▄[48;2;65;172;65m▀[38;2;49;139;57m▀[38;2;65;172;65m▀▀[48;2;49;139;57m▀[38;2;49;139;57;48;2;189;189;189m▀[38;2;189;189;189;48;2;230;230;230m▀[38;2;230;230;230m▀▀▀▀▀▀▀▀▀▀▀▀[38;2;57;90;41;48;2;164;164;164m▀[38;2;65;172;65;48;2;57;90;41m▀[48;2;65;172;65m▀▀[38;2;98;74;57m▀▀[38;2;24;98;24m▀[38;2;49;139;57m▀▀▀▀[48;2;49;139;57m▀▀▀▀▀▀▀▀▀[38;2;24;98;24m▀[38;2;98;74;57m▀[38;2;180;131;82;48;2;98;74;57m▀[48;2;180;131;82m▀[38;2;98;74;57;48;2;139;106;65m▀[49m▄[0m
[0m      [38;2;57;90;41m▄[48;2;65;172;65m▀[38;2;65;172;65m▀▀▀▀▀[38;2;49;139;57;48;2;57;90;41m▀[38;2;230;230;230;48;2;164;164;164m▀[48;2;230;230;230m▀▀▀▀▀▀▀▀▀▀[48;2;164;164;164m▀▀[38;2;189;189;189m▀[38;2;164;164;164;48;2;57;90;41m▀[38;2;57;90;41;48;2;65;172;65m▀[38;2;65;172;65m▀▀▀▀▀▀▀▀▀▀▀▀▀[48;2;139;106;65m▀[38;2;49;139;57m▀[48;2;180;131;82m▀[48;2;139;106;65m▀▀▀▀▀[38;2;98;74;57;48;2;98;74;57m▀[38;2;180;131;82;48;2;180;131;82m▀[38;2;139;106;65m▀[38;2;16;16;16;48;2;16;16;16m▀[38;2;98;74;57;49m▄[0m
[0m     [38;2;106;115;123;48;2;106;115;123m▀[38;2;65;172;65;48;2;65;172;65m▀▀▀▀[48;2;106;115;123m▀[48;2;57;90;41m▀▀▀[38;2;57;90;41m▀[38;2;164;164;164;48;2;230;230;230m▀[38;2;230;230;230m▀▀▀▀▀▀[48;2;164;164;164m▀[38;2;164;164;164m▀[48;2;57;90;41m▀▀[38;2;57;90;41;48;2;65;172;65m▀▀[38;2;65;172;65m▀▀▀▀▀▀▀▀▀▀▀▀[48;2;139;106;65m▀[38;2;139;106;65;48;2;180;131;82m▀▀[38;2;180;131;82m▀▀▀▀▀▀▀▀▀[38;2;98;74;57m▀[38;2;180;131;82;48;2;98;74;57m▀[38;2;139;106;65;48;2;139;106;65m▀[38;2;16;16;16;48;2;98;74;57m▀[49m▄[0m        [38;2;57;90;41m▄▄[0m
[0m   [38;2;106;115;123m▄[48;2;57;90;41m▀[38;2;49;139;57m▀[48;2;230;230;230m▀[38;2;57;90;41m▀▀[38;2;189;189;189m▀[38;2;230;230;230m▀▀▀▀▀▀▀▀▀▀▀▀▀▀[38;2;57;90;41m▀▀[38;2;65;172;65;48;2;57;90;41m▀▀▀[48;2;65;172;65m▀▀▀▀▀▀▀▀▀▀▀▀▀▀▀[38;2;180;131;82m▀▀[38;2;65;172;65m▀▀[38;2;180;131;82;48;2;139;106;65m▀[48;2;180;131;82m▀▀▀▀[38;2;98;74;57;48;2;139;106;65m▀[38;2;139;106;65;48;2;98;74;57m▀[38;2;98;74;57;48;2;139;106;65m▀[38;2;16;16;16m▀[49m▄[0m     [38;2;57;90;41m▄[48;2;49;139;57m▀[38;2;49;139;57m▀▀[38;2;57;90;41m▀[0m
[0m  [38;2;106;115;123;48;2;106;115;123m▀[38;2;189;189;189;48;2;230;230;230m▀[38;2;230;230;230m▀▀▀[48;2;189;189;189m▀▀▀▀[38;2;189;189;189m▀▀▀▀▀▀▀▀▀▀[38;2;230;230;230m▀▀▀[48;2;230;230;230m▀▀▀▀▀[38;2;57;90;41m▀▀▀[38;2;65;172;65;48;2;57;90;41m▀▀▀[48;2;65;172;65m▀▀▀▀▀▀▀▀▀▀▀[48;2;139;106;65m▀▀[48;2;180;131;82m▀[38;2;139;106;65m▀[38;2;180;131;82m▀▀▀[38;2;139;106;65;48;2;139;106;65m▀▀▀▀▀[38;2;16;16;16;48;2;98;74;57m▀[48;2;164;164;164m▀[49m▄[38;2;57;90;41m▄[48;2;49;139;57m▀▀▀▀[38;2;49;139;57;48;2;57;90;41m▀[38;2;16;16;16;48;2;16;16;16m▀[0m
[0m  [38;2;106;115;123;48;2;106;115;123m▀[38;2;230;230;230;48;2;230;230;230m▀[48;2;189;189;189m▀[38;2;189;189;189;48;2;106;115;123m▀[48;2;16;16;16m▀▀▀▀[38;2;106;115;123;48;2;49;139;57m▀[48;2;57;90;41m▀[38;2;16;16;16;48;2;49;139;57m▀[48;2;65;172;65m▀▀▀▀▀▀[38;2;106;115;123m▀▀[38;2;189;189;189;48;2;16;16;16m▀▀▀▀[48;2;106;115;123m▀[48;2;189;189;189m▀▀[38;2;230;230;230m▀▀▀[48;2;230;230;230m▀▀▀▀[38;2;57;90;41m▀▀▀[38;2;65;172;65;48;2;57;90;41m▀▀▀▀▀[48;2;139;106;65m▀[38;2;139;106;65;48;2;180;131;82m▀▀[38;2;180;131;82m▀▀▀▀[48;2;139;106;65m▀▀[38;2;139;106;65m▀▀▀▀▀[48;2;98;74;57m▀[38;2;98;74;57;48;2;189;189;189m▀[38;2;230;230;230;48;2;230;230;230m▀[38;2;189;189;189;48;2;189;189;189m▀[38;2;16;16;16;48;2;16;16;16m▀[38;2;49;139;57;48;2;57;90;41m▀[48;2;49;139;57m▀▀▀[38;2;57;90;41m▀[38;2;16;16;16;48;2;16;16;16m▀[0m
[0m   [38;2;16;16;16m▀[38;2;106;115;123;48;2;16;16;16m▀▀[38;2;74;82;90m▀[38;2;16;16;16m▀[38;2;49;139;57;48;2;49;139;57m▀▀[48;2;57;90;41m▀[38;2;57;90;41;48;2;65;172;65m▀[38;2;65;172;65m▀▀[48;2;49;139;57m▀▀▀▀▀[48;2;65;172;65m▀▀▀▀▀[38;2;49;139;57m▀▀[38;2;16;16;16;48;2;49;139;57m▀▀[48;2;16;16;16m▀[38;2;189;189;189m▀▀▀[48;2;189;189;189m▀▀[38;2;230;230;230m▀▀▀[48;2;230;230;230m▀▀▀▀▀▀[38;2;57;90;41m▀▀▀▀▀[38;2;139;106;65m▀▀▀▀▀▀[38;2;98;74;57m▀▀[38;2;164;164;164m▀[38;2;230;230;230m▀[48;2;189;189;189m▀[38;2;189;189;189m▀[48;2;16;16;16m▀[38;2;16;16;16;48;2;49;139;57m▀[38;2;49;139;57m▀[38;2;57;90;41m▀[38;2;49;139;57;48;2;57;90;41m▀[48;2;49;139;57m▀[48;2;139;106;65m▀[38;2;16;16;16;48;2;16;16;16m▀[0m
[0m     [38;2;16;16;16m▄[38;2;74;82;90m▄[38;2;16;16;16;48;2;74;82;90m▀[38;2;74;82;90;48;2;230;230;230m▀▀[38;2;57;90;41;48;2;57;90;41m▀[38;2;65;172;65m▀[38;2;57;90;41;48;2;65;172;65m▀[38;2;49;139;57m▀[38;2;65;172;65m▀▀▀▀▀[38;2;49;139;57m▀[38;2;57;90;41m▀[38;2;65;172;65;48;2;57;90;41m▀[48;2;65;172;65m▀▀▀▀▀[38;2;49;139;57m▀[48;2;49;139;57m▀[38;2;16;16;16;48;2;74;82;90m▀[38;2;49;139;57m▀▀[38;2;16;16;16;48;2;49;139;57m▀▀▀▀[38;2;189;189;189;48;2;16;16;16m▀▀▀[48;2;189;189;189m▀[38;2;230;230;230m▀▀▀▀▀▀▀▀▀▀▀▀▀▀[38;2;189;189;189m▀▀[48;2;164;164;164m▀[48;2;16;16;16m▀▀[38;2;16;16;16m▀[38;2;49;139;57;48;2;49;139;57m▀▀▀▀[38;2;57;90;41m▀[38;2;49;139;57;48;2;180;131;82m▀[38;2;16;16;16;48;2;16;16;16m▀[0m
[0m  [38;2;16;16;16m▄[38;2;74;82;90;48;2;189;189;189m▀▀[38;2;230;230;230;48;2;230;230;230m▀▀▀▀[38;2;57;90;41;48;2;57;90;41m▀[38;2;65;172;65;48;2;65;172;65m▀▀▀▀▀▀▀▀▀▀▀[48;2;74;82;90m▀[38;2;74;82;90;48;2;230;230;230m▀[48;2;74;82;90m▀[38;2;65;172;65;48;2;65;172;65m▀▀▀[38;2;49;139;57;48;2;57;90;41m▀[38;2;57;90;41;48;2;230;230;230m▀[38;2;49;139;57m▀[38;2;230;230;230m▀▀[38;2;74;82;90m▀▀▀[38;2;49;139;57;48;2;74;82;90m▀▀[48;2;49;139;57m▀▀[38;2;16;16;16m▀▀▀▀▀[38;2;189;189;189;48;2;16;16;16m▀▀▀▀▀▀▀▀▀[38;2;164;164;164;48;2;49;139;57m▀[38;2;16;16;16m▀[48;2;57;90;41m▀[48;2;98;74;57m▀[38;2;49;139;57m▀[48;2;16;16;16m▀[38;2;16;16;16;48;2;49;139;57m▀[38;2;49;139;57m▀[48;2;139;106;65m▀▀[38;2;139;106;65m▀[38;2;180;131;82;48;2;180;131;82m▀[38;2;16;16;16;48;2;16;16;16m▀[0m
[0m   [38;2;16;16;16m▀▀[38;2;189;189;189;48;2;16;16;16m▀▀[48;2;189;189;189m▀▀[38;2;16;16;16;48;2;16;16;16m▀[38;2;65;172;65;48;2;65;172;65m▀▀▀▀▀▀▀▀[48;2;49;139;57m▀[48;2;74;82;90m▀[38;2;74;82;90;48;2;230;230;230m▀[38;2;139;106;65m▀[38;2;230;230;230;48;2;189;189;189m▀[38;2;16;16;16;48;2;16;16;16m▀[38;2;65;172;65;48;2;49;139;57m▀[38;2;49;139;57m▀[38;2;57;90;41;48;2;189;189;189m▀[38;2;230;230;230m▀▀▀▀▀▀▀▀▀▀[38;2;74;82;90m▀[48;2;74;82;90m▀[38;2;65;172;65;48;2;65;172;65m▀[38;2;49;139;57m▀[48;2;49;139;57m▀▀▀▀▀▀▀▀▀[38;2;57;90;41;48;2;57;90;41m▀[38;2;49;139;57;48;2;49;139;57m▀▀▀[48;2;98;74;57m▀[38;2;98;74;57m▀[48;2;139;106;65m▀[38;2;139;106;65m▀▀[38;2;98;74;57m▀[38;2;139;106;65;48;2;16;16;16m▀[48;2;139;106;65m▀▀[38;2;180;131;82;48;2;16;16;16m▀[38;2;16;16;16;49m▀[0m
[0m    [38;2;98;74;57;48;2;98;74;57m▀[38;2;139;106;65;48;2;139;106;65m▀▀[38;2;16;16;16m▀▀[48;2;16;16;16m▀[38;2;65;172;65;48;2;74;82;90m▀[38;2;74;82;90;48;2;106;115;123m▀▀▀▀▀▀[38;2;49;139;57;48;2;74;82;90m▀[38;2;74;82;90;48;2;180;131;82m▀[38;2;16;16;16m▀[38;2;74;82;90;48;2;16;16;16m▀[38;2;189;189;189m▀[38;2;74;82;90m▀[48;2;180;131;82m▀[38;2;98;74;57;48;2;98;74;57m▀[38;2;57;90;41;48;2;49;139;57m▀▀[38;2;189;189;189;48;2;57;90;41m▀▀[48;2;189;189;189m▀▀▀[48;2;16;16;16m▀▀▀▀[38;2;16;16;16;48;2;65;172;65m▀▀[38;2;65;172;65m▀▀▀[38;2;49;139;57m▀[48;2;98;74;57m▀▀▀▀[48;2;49;139;57m▀▀▀▀▀[38;2;57;90;41;48;2;57;90;41m▀[38;2;49;139;57;48;2;49;139;57m▀[48;2;98;74;57m▀[38;2;98;74;57;48;2;139;106;65m▀[38;2;139;106;65m▀▀▀▀▀▀[38;2;16;16;16m▀[48;2;16;16;16m▀[0m
[0m   [38;2;98;74;57;48;2;98;74;57m▀[38;2;139;106;65;48;2;139;106;65m▀▀▀▀▀[38;2;16;16;16m▀[38;2;74;82;90;48;2;16;16;16m▀[38;2;106;115;123;48;2;74;82;90m▀[48;2;106;115;123m▀▀▀[48;2;74;82;90m▀[38;2;74;82;90m▀[38;2;16;16;16;48;2;16;16;16m▀[38;2;180;131;82;48;2;180;131;82m▀▀[48;2;98;74;57m▀[48;2;57;90;41m▀[48;2;98;74;57m▀[38;2;98;74;57;48;2;49;139;57m▀▀[38;2;49;139;57m▀▀[48;2;57;90;41m▀[38;2;16;16;16;48;2;180;131;82m▀▀▀▀[38;2;139;106;65;48;2;139;106;65m▀▀▀[38;2;49;139;57m▀[38;2;65;172;65m▀[48;2;49;139;57m▀[48;2;65;172;65m▀[48;2;98;74;57m▀[38;2;98;74;57;48;2;180;131;82m▀▀[38;2;180;131;82m▀▀▀▀[38;2;98;74;57;48;2;139;106;65m▀[38;2;49;139;57;48;2;98;74;57m▀[48;2;49;139;57m▀▀[48;2;98;74;57m▀[38;2;57;90;41;48;2;57;90;41m▀[38;2;49;139;57;48;2;98;74;57m▀[38;2;98;74;57m▀[38;2;139;106;65;48;2;139;106;65m▀▀▀▀▀▀▀▀▀[38;2;16;16;16;48;2;98;74;57m▀[0m
[0m  [38;2;98;74;57;48;2;98;74;57m▀[38;2;139;106;65;48;2;180;131;82m▀▀▀[48;2;139;106;65m▀▀▀▀[38;2;16;16;16;48;2;98;74;57m▀[38;2;74;82;90;48;2;16;16;16m▀[48;2;74;82;90m▀▀▀[38;2;16;16;16m▀[38;2;74;82;90m▀[38;2;16;16;16;48;2;16;16;16m▀[38;2;98;74;57;48;2;49;139;57m▀▀▀[38;2;49;139;57m▀[48;2;57;90;41m▀[48;2;16;16;16m▀[48;2;98;74;57m▀[38;2;57;90;41m▀[48;2;180;131;82m▀[38;2;180;131;82m▀▀▀▀[48;2;139;106;65m▀▀[38;2;139;106;65m▀▀▀▀[48;2;98;74;57m▀[38;2;98;74;57;48;2;180;131;82m▀[38;2;180;131;82m▀▀▀▀▀▀▀▀[38;2;139;106;65;48;2;139;106;65m▀[38;2;16;16;16;48;2;98;74;57m▀[38;2;98;74;57;48;2;139;106;65m▀▀[38;2;139;106;65m▀▀[38;2;98;74;57;48;2;98;74;57m▀[38;2;139;106;65;48;2;139;106;65m▀▀▀▀[38;2;98;74;57;48;2;98;74;57m▀[38;2;139;106;65;48;2;139;106;65m▀▀▀▀▀[38;2;16;16;16;48;2;16;16;16m▀[0m
[0m [38;2;98;74;57;48;2;98;74;57m▀[38;2;139;106;65;48;2;180;131;82m▀[38;2;180;131;82;48;2;139;106;65m▀[48;2;180;131;82m▀▀▀▀[38;2;139;106;65m▀[48;2;139;106;65m▀▀▀[38;2;16;16;16m▀[38;2;74;82;90;48;2;16;16;16m▀[48;2;74;82;90m▀▀[38;2;16;16;16;48;2;16;16;16m▀[38;2;57;90;41m▀▀▀[38;2;16;16;16m▀[48;2;139;106;65m▀▀[38;2;180;131;82m▀▀▀▀▀▀[38;2;139;106;65m▀▀▀▀▀[48;2;98;74;57m▀▀▀[38;2;98;74;57m▀[38;2;180;131;82;48;2;180;131;82m▀▀▀▀▀▀▀▀▀[38;2;139;106;65m▀[48;2;139;106;65m▀[38;2;16;16;16;48;2;16;16;16m▀[38;2;139;106;65;48;2;139;106;65m▀▀▀[38;2;16;16;16;48;2;16;16;16m▀[38;2;139;106;65;48;2;139;106;65m▀▀▀▀▀[38;2;98;74;57;48;2;98;74;57m▀[38;2;139;106;65;48;2;139;106;65m▀▀▀▀[38;2;98;74;57m▀[49m▄[0m
[0m [38;2;98;74;57;48;2;98;74;57m▀[38;2;180;131;82;48;2;180;131;82m▀[38;2;139;106;65;48;2;139;106;65m▀[38;2;180;131;82;48;2;180;131;82m▀▀▀▀▀▀[38;2;139;106;65;48;2;139;106;65m▀▀▀▀[38;2;16;16;16;48;2;16;16;16m▀[49m▀[0m     [38;2;16;16;16m▀▀[38;2;139;106;65;48;2;16;16;16m▀▀▀[48;2;98;74;57m▀▀▀[38;2;98;74;57;48;2;139;106;65m▀▀▀▀▀[38;2;139;106;65m▀▀[38;2;98;74;57;48;2;98;74;57m▀[38;2;139;106;65;48;2;180;131;82m▀[38;2;180;131;82m▀▀▀▀▀▀▀▀▀▀[38;2;139;106;65;48;2;139;106;65m▀[38;2;98;74;57m▀[48;2;16;16;16m▀[38;2;16;16;16;49m▀▀[0m [38;2;98;74;57;48;2;16;16;16m▀[38;2;139;106;65;48;2;139;106;65m▀▀▀▀▀▀[48;2;98;74;57m▀▀[48;2;139;106;65m▀▀[38;2;16;16;16;48;2;16;16;16m▀[0m
[38;2;98;74;57;48;2;98;74;57m▀[38;2;180;131;82;48;2;180;131;82m▀[38;2;139;106;65;48;2;98;74;57m▀[38;2;180;131;82;48;2;139;106;65m▀[48;2;180;131;82m▀▀▀▀▀[38;2;139;106;65;48;2;139;106;65m▀▀▀▀[48;2;16;16;16m▀[38;2;16;16;16;49m▀[0m           [38;2;16;16;16m▀▀▀▀▀[38;2;139;106;65;48;2;16;16;16m▀▀▀▀▀[38;2;98;74;57;48;2;98;74;57m▀[38;2;180;131;82;48;2;180;131;82m▀▀▀▀[48;2;98;74;57m▀[48;2;180;131;82m▀▀▀▀▀[38;2;98;74;57;48;2;98;74;57m▀[38;2;139;106;65;48;2;139;106;65m▀▀[38;2;16;16;16;48;2;16;16;16m▀[0m    [38;2;98;74;57;48;2;16;16;16m▀[38;2;139;106;65;48;2;139;106;65m▀[48;2;98;74;57m▀[48;2;139;106;65m▀▀[48;2;98;74;57m▀[38;2;98;74;57;48;2;189;189;189m▀[38;2;189;189;189m▀[38;2;98;74;57m▀[38;2;139;106;65;48;2;98;74;57m▀[38;2;16;16;16m▀[38;2;98;74;57;49m▄[0m
[38;2;16;16;16;48;2;16;16;16m▀[38;2;98;74;57;48;2;98;74;57m▀[38;2;230;230;230;48;2;230;230;230m▀▀[38;2;98;74;57;48;2;189;189;189m▀[38;2;180;131;82;48;2;98;74;57m▀[48;2;139;106;65m▀▀[38;2;139;106;65m▀▀▀▀▀[38;2;16;16;16;48;2;16;16;16m▀[0m                       [38;2;98;74;57;48;2;98;74;57m▀[38;2;180;131;82;48;2;180;131;82m▀▀▀[38;2;139;106;65m▀[38;2;180;131;82;48;2;98;74;57m▀[48;2;180;131;82m▀▀▀▀[38;2;139;106;65m▀[48;2;139;106;65m▀▀[38;2;16;16;16m▀[49m▄[0m   [38;2;16;16;16;48;2;16;16;16m▀[38;2;98;74;57;48;2;98;74;57m▀[38;2;189;189;189;48;2;189;189;189m▀[38;2;139;106;65;48;2;98;74;57m▀▀[38;2;98;74;57;48;2;189;189;189m▀[38;2;189;189;189m▀▀▀[38;2;98;74;57;48;2;16;16;16m▀[38;2;189;189;189;48;2;189;189;189m▀[38;2;16;16;16;48;2;16;16;16m▀[0m
[38;2;16;16;16;48;2;98;74;57m▀[38;2;230;230;230;48;2;230;230;230m▀▀▀[38;2;189;189;189;48;2;189;189;189m▀[38;2;98;74;57m▀[38;2;139;106;65;48;2;139;106;65m▀[48;2;98;74;57m▀[38;2;98;74;57;48;2;189;189;189m▀[38;2;189;189;189m▀[38;2;139;106;65m▀[48;2;98;74;57m▀[48;2;139;106;65m▀[38;2;16;16;16;48;2;16;16;16m▀[0m                        [38;2;98;74;57;48;2;98;74;57m▀[38;2;180;131;82;48;2;180;131;82m▀▀▀[38;2;139;106;65m▀[38;2;180;131;82m▀▀▀[48;2;139;106;65m▀▀[38;2;139;106;65m▀▀▀[38;2;16;16;16;48;2;16;16;16m▀[0m    [38;2;16;16;16m▀[38;2;189;189;189;48;2;16;16;16m▀▀[38;2;16;16;16m▀[38;2;189;189;189;48;2;98;74;57m▀[48;2;16;16;16m▀▀▀[38;2;16;16;16;49m▀▀[0m
[38;2;98;74;57;48;2;16;16;16m▀[38;2;230;230;230;48;2;230;230;230m▀▀[48;2;189;189;189m▀[38;2;189;189;189m▀[48;2;98;74;57m▀[38;2;139;106;65;48;2;16;16;16m▀[38;2;98;74;57m▀[38;2;189;189;189;48;2;98;74;57m▀▀▀[38;2;98;74;57;49m▀[38;2;16;16;16m▀[0m                         [38;2;98;74;57m▀[38;2;180;131;82;48;2;139;106;65m▀[48;2;180;131;82m▀▀▀[48;2;139;106;65m▀[48;2;98;74;57m▀[38;2;98;74;57;48;2;230;230;230m▀[38;2;230;230;230m▀[38;2;98;74;57m▀[38;2;139;106;65;48;2;98;74;57m▀[48;2;139;106;65m▀[48;2;189;189;189m▀[38;2;16;16;16;48;2;98;74;57m▀[0m
[0m [38;2;16;16;16m▀▀▀▀[0m                                 [38;2;98;74;57m▄[48;2;230;230;230m▀▀[38;2;139;106;65;48;2;139;106;65m▀▀[48;2;98;74;57m▀[38;2;189;189;189;48;2;230;230;230m▀[38;2;230;230;230m▀▀▀[38;2;189;189;189;48;2;189;189;189m▀[38;2;139;106;65;48;2;98;74;57m▀[38;2;189;189;189;48;2;189;189;189m▀▀[38;2;16;16;16;48;2;16;16;16m▀[0m
[0m                                      [38;2;98;74;57;48;2;98;74;57m▀[38;2;230;230;230m▀▀[38;2;98;74;57;48;2;16;16;16m▀[38;2;139;106;65m▀[38;2;98;74;57m▀[38;2;230;230;230;48;2;189;189;189m▀▀▀▀[38;2;189;189;189m▀[38;2;98;74;57;48;2;16;16;16m▀[38;2;16;16;16;49m▀▀▀[0m
[0m                                            [38;2;98;74;57m▀[38;2;16;16;16m▀▀▀▀[0m
