[0m               [38;2;180;106;41;48;2;222;131;0m▀[38;2;123;65;16;49m▄[0m
[0m            [38;2;222;131;0m▄▄[48;2;255;172;82m▀[38;2;180;106;41m▀[38;2;222;131;0;48;2;222;131;0m▀[38;2;123;65;16;48;2;123;65;16m▀[0m
[0m           [38;2;123;65;16;48;2;123;65;16m▀[38;2;255;172;82;48;2;255;172;82m▀▀▀▀[38;2;123;65;16m▀[49m▄[0m
[0m         [38;2;180;106;41m▄▄▄[48;2;222;131;0m▀[38;2;255;172;82m▀▀▀[38;2;222;131;0;48;2;180;106;41m▀[48;2;123;65;16m▀[38;2;123;65;16;48;2;16;16;16m▀[0m
[0m      [38;2;123;65;16m▄[38;2;180;106;41;48;2;222;131;0m▀[48;2;255;172;82m▀[38;2;222;131;0m▀▀▀▀[48;2;222;131;0m▀▀▀▀▀▀[38;2;16;16;16m▀[49m▄[0m
[0m    [38;2;16;16;16m▄[38;2;123;65;16;48;2;222;131;0m▀[38;2;222;131;0m▀[38;2;255;172;82m▀[48;2;255;172;82m▀▀▀▀[48;2;222;131;0m▀▀[38;2;222;131;0m▀▀▀▀▀▀▀[38;2;16;16;16;48;2;16;16;16m▀[0m
[0m [38;2;148;115;8m▄[48;2;222;180;82m▀[38;2;16;16;16;48;2;16;16;16m▀[38;2;123;65;16;48;2;222;131;0m▀[38;2;222;131;0;48;2;255;230;172m▀[38;2;180;106;41;48;2;123;65;16m▀[38;2;222;131;0;48;2;222;131;0m▀▀▀▀▀[48;2;123;65;16m▀[38;2;180;106;41;48;2;222;131;0m▀[38;2;222;131;0m▀▀[38;2;180;106;41;48;2;123;65;16m▀[38;2;222;131;0;48;2;222;131;0m▀▀▀▀▀[38;2;16;16;16;48;2;16;16;16m▀[38;2;148;115;8;49m▄▄[0m
[38;2;148;115;8;49m▄[48;2;222;180;82m▀[38;2;16;16;16;48;2;16;16;16m▀[38;2;255;230;172;48;2;255;230;172m▀[38;2;180;106;41m▀[38;2;255;230;172m▀▀[38;2;222;131;0;48;2;180;106;41m▀[48;2;222;131;0m▀[48;2;123;65;16m▀[48;2;255;230;172m▀[38;2;180;106;41m▀[38;2;255;230;172m▀[38;2;222;131;0;48;2;180;106;41m▀[38;2;123;65;16;48;2;255;230;172m▀[38;2;255;230;172m▀▀[38;2;180;106;41m▀[38;2;222;131;0;48;2;222;131;0m▀[48;2;180;106;41m▀[38;2;180;106;41m▀[48;2;222;180;82m▀[38;2;148;115;8;48;2;255;230;172m▀[38;2;255;230;172m▀▀[38;2;148;115;8;48;2;148;115;8m▀[0m
[38;2;148;115;8;48;2;148;115;8m▀[38;2;222;180;82;48;2;222;180;82m▀[38;2;16;16;16;48;2;156;49;49m▀[38;2;255;230;172m▀[38;2;238;106;106;48;2;230;51;54m▀[38;2;255;230;172m▀[38;2;222;180;82;48;2;222;180;82m▀[38;2;255;230;172;48;2;255;230;172m▀[38;2;123;65;16m▀[38;2;255;230;172m▀▀[48;2;222;180;82m▀[48;2;255;230;172m▀▀[48;2;238;106;106m▀▀[48;2;222;180;82m▀[48;2;255;230;172m▀[38;2;222;180;82m▀[38;2;180;106;41;48;2;180;106;41m▀[38;2;148;115;8;48;2;222;180;82m▀[38;2;255;230;172;48;2;255;230;172m▀[38;2;222;180;82;48;2;156;49;49m▀[38;2;156;49;49m▀[38;2;255;230;172;48;2;255;230;172m▀[38;2;16;16;16;48;2;16;16;16m▀[0m
[38;2;148;115;8;49m▀[38;2;222;180;82;48;2;148;115;8m▀[38;2;156;49;49;48;2;222;180;82m▀[48;2;156;49;49m▀[38;2;222;180;82;48;2;255;255;255m▀[38;2;230;51;54m▀[38;2;255;230;172;48;2;255;230;172m▀▀▀▀[38;2;222;180;82;48;2;222;180;82m▀[38;2;255;230;172;48;2;255;230;172m▀[48;2;238;106;106m▀[38;2;238;106;106;48;2;230;51;54m▀[38;2;230;51;54;48;2;255;255;255m▀▀[38;2;238;106;106;48;2;230;51;54m▀[38;2;255;230;172;48;2;255;230;172m▀[48;2;222;180;82m▀[38;2;148;115;8;48;2;148;115;8m▀[38;2;255;230;172;48;2;222;180;82m▀[38;2;156;49;49;48;2;156;49;49m▀▀[48;2;222;180;82m▀[38;2;222;180;82m▀[38;2;16;16;16;48;2;16;16;16m▀[0m
[0m [38;2;148;115;8;48;2;148;115;8m▀[38;2;222;180;82;48;2;222;180;82m▀[38;2;156;49;49m▀[38;2;255;255;255;48;2;255;255;255m▀[38;2;98;98;115;48;2;16;16;16m▀[38;2;255;230;172;48;2;255;230;172m▀▀▀▀▀▀[38;2;230;51;54;48;2;148;115;8m▀[38;2;98;98;115;48;2;255;255;255m▀[38;2;255;255;255;48;2;98;98;115m▀[48;2;255;255;255m▀[38;2;230;51;54;48;2;230;51;54m▀[38;2;255;230;172;48;2;255;230;172m▀[38;2;148;115;8;48;2;148;115;8m▀[38;2;222;180;82;48;2;222;180;82m▀[38;2;156;49;49;48;2;156;49;49m▀[48;2;230;51;54m▀[38;2;230;51;54;48;2;222;180;82m▀[38;2;222;180;82m▀[38;2;16;16;16;48;2;16;16;16m▀[0m
[0m  [38;2;148;115;8m▀[38;2;16;16;16;48;2;16;16;16m▀[38;2;255;255;255;48;2;222;180;82m▀[38;2;16;16;16;48;2;148;115;8m▀[38;2;222;180;82;48;2;222;180;82m▀[38;2;255;230;172;48;2;255;230;172m▀▀▀▀▀[38;2;148;115;8;48;2;148;115;8m▀[38;2;16;16;16;48;2;16;16;16m▀▀[38;2;255;255;255;48;2;255;255;255m▀[38;2;238;106;106;48;2;222;180;82m▀[38;2;255;230;172;48;2;255;230;172m▀[38;2;222;180;82m▀[48;2;222;180;82m▀[38;2;230;51;54m▀[38;2;222;180;82m▀[48;2;16;16;16m▀[38;2;16;16;16;49m▀[0m
[0m   [38;2;16;16;16m▀[38;2;222;180;82;48;2;16;16;16m▀[48;2;222;180;82m▀[48;2;255;230;172m▀[38;2;255;230;172m▀▀▀▀▀[38;2;222;180;82m▀[38;2;16;16;16m▀[38;2;98;98;115m▀[38;2;148;115;8m▀[38;2;255;230;172m▀[48;2;222;180;82m▀[38;2;16;16;16;48;2;16;16;16m▀[38;2;222;180;82m▀[48;2;123;65;16m▀[38;2;123;65;16;49m▀▀[0m
[0m     [38;2;148;115;8m▀[38;2;222;180;82;48;2;148;115;8m▀[38;2;255;230;172m▀[48;2;255;230;172m▀[38;2;222;180;82m▀[38;2;255;230;172m▀▀[48;2;123;65;16m▀[48;2;148;115;8m▀[38;2;148;115;8;48;2;222;180;82m▀[38;2;222;180;82;48;2;16;16;16m▀▀[38;2;16;16;16;49m▀[0m        [38;2;230;51;54;48;2;230;51;54m▀[49m▄[0m
[0m        [38;2;148;115;8m▀[38;2;16;16;16m▀▀[48;2;123;65;16m▀[38;2;123;65;16;48;2;180;106;41m▀[38;2;16;16;16;48;2;123;65;16m▀[48;2;180;106;41m▀[38;2;180;106;41m▀▀[38;2;123;65;16m▀[49m▄[0m     [38;2;230;51;54m▄[48;2;238;106;106m▀[48;2;230;51;54m▀▀[0m
[0m         [38;2;123;65;16m▄[48;2;222;131;0m▀[38;2;180;106;41m▀[48;2;16;16;16m▀[38;2;123;65;16;49m▀[38;2;148;115;8;48;2;16;16;16m▀[38;2;255;230;172;48;2;255;230;172m▀[38;2;123;65;16;48;2;123;65;16m▀[38;2;180;106;41;48;2;222;131;0m▀[38;2;16;16;16;48;2;123;65;16m▀[38;2;123;65;16;48;2;180;106;41m▀[49m▄[38;2;238;106;106m▄[38;2;230;51;54;48;2;238;106;106m▀[48;2;230;51;54m▀▀[48;2;238;106;106m▀▀[38;2;255;213;49;48;2;255;213;49m▀[38;2;230;51;54;48;2;230;51;54m▀[0m
[0m        [38;2;123;65;16m▄[38;2;180;106;41;48;2;222;131;0m▀[38;2;222;131;0;48;2;123;65;16m▀[38;2;16;16;16;49m▀[0m  [38;2;16;16;16;48;2;148;115;8m▀[38;2;148;115;8;48;2;255;230;172m▀[38;2;255;230;172;48;2;148;115;8m▀[38;2;180;106;41;48;2;123;65;16m▀[38;2;222;131;0;48;2;222;131;0m▀[38;2;16;16;16;48;2;16;16;16m▀[38;2;180;106;41;48;2;180;106;41m▀[38;2;123;65;16m▀▀[38;2;230;51;54;48;2;123;65;16m▀[38;2;238;106;106;48;2;255;213;49m▀[38;2;255;213;49m▀▀[38;2;238;106;106m▀[38;2;230;51;54;48;2;230;51;54m▀▀[0m
[0m      [38;2;123;65;16m▄[48;2;222;131;0m▀[38;2;222;131;0m▀[38;2;180;106;41;48;2;16;16;16m▀[0m    [38;2;180;106;41m▄[38;2;148;115;8;48;2;148;115;8m▀[38;2;255;230;172;48;2;222;180;82m▀[38;2;123;65;16;48;2;255;230;172m▀[38;2;222;131;0;48;2;180;106;41m▀[38;2;123;65;16;48;2;222;131;0m▀[38;2;180;106;41;48;2;16;16;16m▀[48;2;180;106;41m▀▀▀[38;2;123;65;16;48;2;16;16;16m▀[38;2;255;213;49;48;2;255;213;49m▀▀[38;2;238;106;106;48;2;230;51;54m▀[38;2;230;51;54m▀[0m
[0m    [38;2;148;115;8m▄[38;2;123;65;16;48;2;255;230;172m▀[38;2;222;131;0;48;2;222;180;82m▀[48;2;180;106;41m▀[38;2;16;16;16;48;2;123;65;16m▀[0m  [38;2;123;65;16m▄[38;2;180;106;41;48;2;222;131;0m▀[38;2;255;172;82;48;2;255;172;82m▀▀[38;2;222;131;0;48;2;222;131;0m▀[38;2;148;115;8m▀[38;2;222;180;82;48;2;148;115;8m▀[38;2;123;65;16;48;2;123;65;16m▀[38;2;222;131;0;48;2;222;131;0m▀[38;2;16;16;16m▀[38;2;180;106;41;48;2;16;16;16m▀[48;2;255;172;82m▀[38;2;222;131;0;48;2;222;131;0m▀▀[38;2;16;16;16;48;2;16;16;16m▀[38;2;230;51;54;49m▀▀[0m
[0m   [38;2;148;115;8;48;2;222;180;82m▀[38;2;222;180;82m▀[38;2;255;230;172;48;2;148;115;8m▀[48;2;255;230;172m▀[48;2;148;115;8m▀[38;2;148;115;8;48;2;255;230;172m▀[38;2;16;16;16;49m▄[0m [38;2;123;65;16m▀[38;2;222;131;0;48;2;123;65;16m▀[48;2;180;106;41m▀▀[38;2;180;106;41m▀[48;2;16;16;16m▀[38;2;16;16;16;49m▀[38;2;123;65;16;48;2;123;65;16m▀[38;2;222;131;0;48;2;255;230;172m▀[38;2;180;106;41m▀[38;2;16;16;16m▀[38;2;222;131;0;48;2;123;65;16m▀[48;2;180;106;41m▀▀[38;2;180;106;41m▀[38;2;123;65;16;48;2;123;65;16m▀[0m
[0m   [38;2;148;115;8;48;2;148;115;8m▀[38;2;222;180;82;48;2;222;180;82m▀[38;2;148;115;8m▀[38;2;222;180;82;48;2;148;115;8m▀[38;2;148;115;8;48;2;222;180;82m▀[38;2;16;16;16;48;2;148;115;8m▀[49m▀[0m [38;2;148;115;8m▄▄[38;2;123;65;16;48;2;222;180;82m▀▀[38;2;180;106;41m▀[38;2;16;16;16m▀[38;2;148;115;8;48;2;148;115;8m▀[38;2;255;230;172;48;2;255;230;172m▀[48;2;148;115;8m▀[48;2;255;230;172m▀[48;2;222;180;82m▀[48;2;255;230;172m▀[38;2;123;65;16;48;2;123;65;16m▀[38;2;180;106;41;48;2;222;180;82m▀▀[38;2;123;65;16;48;2;123;65;16m▀[38;2;16;16;16;49m▄[0m
[0m    [38;2;148;115;8m▀[38;2;16;16;16m▀▀▀[0m  [38;2;16;16;16m▀[38;2;255;230;172;48;2;16;16;16m▀[38;2;148;115;8m▀[38;2;255;230;172m▀[38;2;148;115;8m▀[38;2;255;230;172;48;2;148;115;8m▀[38;2;16;16;16;49m▀[38;2;148;115;8m▀[38;2;16;16;16m▀[38;2;222;180;82;48;2;16;16;16m▀[38;2;255;230;172m▀[38;2;148;115;8m▀[38;2;16;16;16;48;2;148;115;8m▀[38;2;123;65;16;48;2;255;230;172m▀[38;2;222;180;82;48;2;148;115;8m▀[48;2;255;230;172m▀[48;2;148;115;8m▀[48;2;222;180;82m▀[38;2;123;65;16;48;2;16;16;16m▀[0m
[0m                       [38;2;148;115;8m▀[38;2;16;16;16m▀▀▀▀[0m
