[0m                       [38;2;156;82;24m▄▄▄[48;2;214;140;41m▀[48;2;156;82;24m▀▀[48;2;106;57;8m▀[49m▀[0m                         [38;2;205;65;24m▄[0m [38;2;205;65;24m▄▄[0m
[0m                   [38;2;156;82;24m▄▄[48;2;214;140;41m▀▀[38;2;214;140;41m▀▀▀[38;2;156;82;24m▀[38;2;214;140;41;48;2;16;16;16m▀[38;2;16;16;16;49m▀[0m                      [38;2;205;65;24m▄▄▄[48;2;205;65;24m▀▀▀▀▀[0m
[0m                 [38;2;156;82;24m▄[48;2;214;140;41m▀[38;2;214;140;41m▀▀▀▀▀▀▀[38;2;16;16;16;48;2;156;82;24m▀[38;2;106;57;8;49m▄▄[0m                     [38;2;205;65;24;48;2;205;65;24m▀▀▀▀[49m▀▀▀[0m
[0m               [38;2;156;82;24m▄[48;2;214;140;41m▀[38;2;214;140;41m▀▀▀▀▀▀▀▀▀▀▀[38;2;156;82;24m▀[38;2;16;16;16m▀[49m▄[0m  [38;2;115;90;16m▄▄▄[0m               [38;2;205;65;24;48;2;205;65;24m▀▀▀[49m▄[0m
[0m              [38;2;106;57;8;48;2;106;57;8m▀[38;2;214;140;41;48;2;214;140;41m▀▀▀▀▀▀▀▀▀▀▀▀▀▀▀[38;2;156;82;24;48;2;156;82;24m▀[38;2;106;57;8m▀[38;2;115;90;16;48;2;139;115;65m▀[38;2;238;205;148;48;2;238;205;148m▀▀▀[38;2;115;90;16;48;2;197;148;98m▀[49m▄[0m         [38;2;205;65;24m▄[48;2;205;65;24m▀▀▀▀[48;2;255;205;65m▀[48;2;205;65;24m▀[49m▀[0m
[0m             [38;2;106;57;8;48;2;106;57;8m▀[38;2;214;140;41;48;2;214;140;41m▀▀▀▀▀▀▀[48;2;16;115;222m▀▀[38;2;16;115;222m▀▀▀[38;2;16;82;180m▀[38;2;214;140;41m▀▀[38;2;156;82;24;48;2;156;82;24m▀▀[38;2;139;115;65;48;2;139;115;65m▀[38;2;238;205;148;48;2;238;205;148m▀▀[48;2;139;115;65m▀▀[38;2;197;148;98;48;2;197;148;98m▀[38;2;16;16;16;48;2;16;16;16m▀[0m       [38;2;255;205;65m▄▄[48;2;255;205;65m▀[38;2;205;65;24m▀▀[38;2;255;205;65m▀[49m▀▀[0m
[0m          [38;2;197;148;98m▄[48;2;238;205;148m▀[38;2;115;90;16m▀[38;2;214;140;41;48;2;214;140;41m▀[48;2;16;115;222m▀[38;2;16;115;222m▀▀[38;2;214;140;41m▀▀[48;2;214;140;41m▀[38;2;16;115;222;48;2;16;115;222m▀▀▀▀[48;2;16;82;180m▀▀▀[48;2;16;115;222m▀[38;2;16;82;180;48;2;16;82;180m▀▀[38;2;156;82;24m▀[38;2;139;115;65;48;2;139;115;65m▀[38;2;238;205;148;48;2;238;205;148m▀[38;2;139;115;65;48;2;139;115;65m▀[38;2;197;148;98;48;2;197;148;98m▀[38;2;139;115;65;48;2;139;115;65m▀[38;2;197;148;98;48;2;197;148;98m▀[38;2;16;16;16;48;2;16;16;16m▀[0m      [38;2;255;205;65;48;2;255;205;65m▀▀▀▀▀▀▀▀[49m▄[0m
[0m          [38;2;197;148;98;48;2;115;90;16m▀[38;2;238;205;148;48;2;238;205;148m▀▀[38;2;16;82;180;48;2;16;82;180m▀[38;2;16;115;222;48;2;16;115;222m▀▀▀▀▀▀▀[48;2;16;82;180m▀[38;2;16;82;180m▀[48;2;214;140;41m▀[38;2;214;140;41m▀▀[38;2;156;82;24;48;2;156;82;24m▀[48;2;222;230;230m▀[38;2;16;82;180;48;2;16;82;180m▀▀▀[38;2;139;115;65;48;2;139;115;65m▀[38;2;238;205;148;48;2;238;205;148m▀[38;2;139;115;65;48;2;139;115;65m▀[38;2;197;148;98;48;2;197;148;98m▀▀[38;2;115;90;16;48;2;16;16;16m▀[0m      [38;2;255;205;65m▄▄[48;2;255;205;65m▀▀▀▀[49m▀▀▀[0m
[0m          [38;2;115;90;16m▀[38;2;238;205;148;48;2;115;90;16m▀[48;2;238;205;148m▀[38;2;16;82;180;48;2;16;82;180m▀[38;2;16;115;222m▀[48;2;156;82;24m▀[38;2;156;82;24;48;2;214;140;41m▀[38;2;16;82;180m▀[48;2;16;82;180m▀[38;2;16;115;222m▀[38;2;16;82;180m▀▀[48;2;205;65;24m▀[38;2;214;140;41;48;2;214;140;41m▀[48;2;255;255;255m▀[38;2;16;16;16;48;2;16;16;16m▀[38;2;222;230;230;48;2;255;255;255m▀[38;2;255;255;255m▀[38;2;16;82;180;48;2;16;82;180m▀▀▀[38;2;156;82;24;48;2;156;82;24m▀[38;2;139;115;65m▀[38;2;197;148;98;48;2;16;16;16m▀▀[38;2;16;16;16;49m▀[0m     [38;2;255;205;65;48;2;255;205;65m▀▀▀▀▀▀▀[0m
[0m           [38;2;16;16;16m▀[38;2;197;148;98;48;2;16;16;16m▀[48;2;197;148;98m▀[38;2;16;82;180m▀[38;2;156;82;24;48;2;16;82;180m▀[38;2;214;140;41;48;2;255;255;255m▀[38;2;255;255;255;48;2;16;16;16m▀[38;2;214;140;41;48;2;214;140;41m▀[38;2;16;82;180;48;2;205;65;24m▀▀[38;2;205;65;24m▀▀[38;2;222;230;230m▀[38;2;16;16;16;48;2;255;255;255m▀▀[38;2;255;255;255;48;2;222;230;230m▀[38;2;222;230;230;48;2;16;82;180m▀[38;2;16;82;180m▀[48;2;156;82;24m▀[38;2;156;82;24m▀▀[38;2;106;57;8;48;2;16;16;16m▀[0m        [38;2;255;205;65m▀[48;2;255;205;65m▀▀▀▀▀▀[49m▄[0m
[0m             [38;2;16;16;16m▀[38;2;197;148;98m▀[48;2;16;16;16m▀[38;2;139;115;65;48;2;115;90;16m▀[38;2;222;230;230;48;2;238;205;148m▀[38;2;16;16;16m▀[38;2;205;65;24m▀[48;2;205;65;24m▀▀▀[48;2;238;205;148m▀[38;2;238;205;148m▀▀▀[48;2;139;115;65m▀[38;2;197;148;98;48;2;197;148;98m▀▀[38;2;156;82;24;48;2;16;16;16m▀[38;2;16;16;16;48;2;255;255;255m▀[38;2;106;57;8m▀[48;2;106;57;8m▀[0m         [38;2;255;205;65m▀[48;2;255;205;65m▀[48;2;214;140;41m▀[48;2;255;205;65m▀▀[49m▀[0m
[0m                [38;2;16;16;16m▀[38;2;238;205;148;48;2;115;90;16m▀[48;2;238;205;148m▀▀[48;2;139;115;65m▀[48;2;238;205;148m▀[48;2;139;115;65m▀[48;2;238;205;148m▀▀[48;2;197;148;98m▀[48;2;115;90;16m▀[38;2;255;255;255;48;2;197;148;98m▀[38;2;197;148;98m▀[38;2;115;90;16;48;2;222;230;230m▀[38;2;222;230;230m▀[48;2;255;255;255m▀[38;2;106;57;8m▀[38;2;156;82;24m▀[38;2;106;57;8;48;2;156;82;24m▀▀▀[48;2;255;205;65m▀[38;2;214;140;41;49m▄▄[38;2;106;57;8m▄▄[0m  [38;2;214;140;41;48;2;214;140;41m▀▀[38;2;106;57;8;48;2;106;57;8m▀[0m
[0m                 [38;2;106;57;8m▄[38;2;115;90;16;48;2;106;57;8m▀[48;2;139;115;65m▀[38;2;197;148;98;48;2;115;90;16m▀▀▀▀▀[38;2;115;90;16;48;2;222;230;230m▀[38;2;197;148;98m▀▀[38;2;222;230;230m▀▀[38;2;255;255;255m▀[48;2;16;16;16m▀[38;2;16;16;16;48;2;106;57;8m▀[38;2;156;82;24;48;2;16;16;16m▀▀[48;2;156;82;24m▀[38;2;255;205;65;48;2;255;205;65m▀▀[48;2;156;82;24m▀[38;2;156;82;24;48;2;214;140;41m▀[38;2;214;140;41m▀▀▀[38;2;106;57;8m▀▀▀[48;2;106;57;8m▀[49m▄[0m
[0m        [38;2;156;82;24m▄▄▄▄▄[38;2;214;140;41m▄▄[38;2;106;57;8;48;2;255;205;65m▀▀[38;2;156;82;24;48;2;156;82;24m▀▀[38;2;255;255;255m▀[48;2;214;140;41m▀[48;2;255;255;255m▀▀▀▀▀[48;2;156;82;24m▀[38;2;222;230;230;48;2;255;255;255m▀[48;2;222;230;230m▀[48;2;106;57;8m▀▀[38;2;255;255;255;48;2;16;16;16m▀[38;2;16;16;16;49m▀[0m  [38;2;16;16;16m▀▀[38;2;255;205;65;48;2;16;16;16m▀[38;2;156;82;24;48;2;106;57;8m▀[38;2;214;140;41;48;2;214;140;41m▀▀▀▀▀▀▀▀▀[38;2;106;57;8m▀▀[49m▄[0m
[0m  [38;2;139;115;65m▄[38;2;106;57;8m▄[38;2;156;82;24;48;2;214;140;41m▀▀▀[38;2;214;140;41m▀▀▀▀▀▀▀[38;2;156;82;24m▀[38;2;255;205;65;48;2;156;82;24m▀[48;2;255;205;65m▀▀[38;2;156;82;24;48;2;16;16;16m▀[38;2;16;16;16;49m▀[38;2;255;255;255;48;2;16;16;16m▀▀[38;2;106;57;8;48;2;156;82;24m▀[38;2;255;255;255;48;2;255;255;255m▀[48;2;238;205;148m▀[38;2;139;115;65m▀▀[38;2;156;82;24;48;2;139;115;65m▀[38;2;255;255;255;48;2;106;57;8m▀[38;2;106;57;8;48;2;214;140;41m▀[38;2;214;140;41m▀[38;2;16;16;16m▀[49m▄[0m      [38;2;106;57;8m▀[38;2;214;140;41;48;2;106;57;8m▀[48;2;214;140;41m▀▀▀▀▀▀▀▀[48;2;156;82;24m▀[38;2;156;82;24;48;2;238;205;148m▀[38;2;106;57;8;48;2;139;115;65m▀[38;2;139;115;65;48;2;197;148;98m▀[49m▄[0m
[38;2;139;115;65;49m▄[38;2;115;90;16;48;2;197;148;98m▀[38;2;197;148;98;48;2;115;90;16m▀[38;2;156;82;24;48;2;156;82;24m▀[38;2;214;140;41m▀▀[48;2;214;140;41m▀▀▀▀▀▀▀▀▀[38;2;156;82;24;48;2;106;57;8m▀[38;2;255;205;65;48;2;16;16;16m▀[38;2;16;16;16;49m▀[0m    [38;2;139;115;65;48;2;139;115;65m▀[38;2;238;205;148;48;2;238;205;148m▀[48;2;139;115;65m▀[48;2;238;205;148m▀▀[38;2;139;115;65;48;2;139;115;65m▀[38;2;214;140;41m▀[48;2;214;140;41m▀▀▀[38;2;16;16;16;48;2;106;57;8m▀[0m        [38;2;106;57;8m▀[38;2;214;140;41;48;2;106;57;8m▀[48;2;214;140;41m▀[48;2;156;82;24m▀▀[48;2;214;140;41m▀[48;2;156;82;24m▀[38;2;156;82;24;48;2;238;205;148m▀▀[38;2;238;205;148;48;2;139;115;65m▀[48;2;238;205;148m▀[38;2;115;90;16m▀[38;2;139;115;65;48;2;115;90;16m▀[0m
[38;2;115;90;16;48;2;115;90;16m▀[48;2;197;148;98m▀[38;2;197;148;98;48;2;115;90;16m▀[38;2;139;115;65;48;2;238;205;148m▀[38;2;238;205;148m▀[48;2;197;148;98m▀[38;2;156;82;24;48;2;156;82;24m▀[38;2;214;140;41m▀[38;2;156;82;24;48;2;238;205;148m▀▀[38;2;214;140;41;48;2;156;82;24m▀[48;2;106;57;8m▀[48;2;16;16;16m▀[38;2;106;57;8;49m▀[38;2;16;16;16m▀[0m      [38;2;115;90;16;48;2;115;90;16m▀[38;2;139;115;65;48;2;238;205;148m▀[38;2;238;205;148m▀▀[38;2;139;115;65m▀▀[38;2;238;205;148m▀[38;2;139;115;65m▀[38;2;214;140;41;48;2;139;115;65m▀[48;2;156;82;24m▀[38;2;156;82;24m▀▀[38;2;106;57;8;48;2;106;57;8m▀[0m      [38;2;156;82;24m▄[48;2;214;140;41m▀[38;2;214;140;41m▀[38;2;115;90;16;48;2;115;90;16m▀[38;2;238;205;148;48;2;238;205;148m▀▀[38;2;156;82;24;48;2;106;57;8m▀[48;2;115;90;16m▀[38;2;238;205;148m▀[48;2;238;205;148m▀▀[38;2;139;115;65m▀[38;2;238;205;148;48;2;139;115;65m▀[38;2;197;148;98;48;2;197;148;98m▀[38;2;16;16;16;48;2;16;16;16m▀[0m
[38;2;16;16;16;49m▀[38;2;197;148;98;48;2;16;16;16m▀[38;2;238;205;148;48;2;238;205;148m▀▀[38;2;197;148;98;48;2;16;16;16m▀[38;2;16;16;16;49m▀[38;2;156;82;24;48;2;115;90;16m▀[38;2;139;115;65;48;2;238;205;148m▀[38;2;238;205;148m▀[48;2;197;148;98m▀[38;2;16;16;16;48;2;16;16;16m▀[0m         [38;2;115;90;16m▄[48;2;238;205;148m▀[38;2;238;205;148m▀▀▀▀▀▀▀[38;2;139;115;65m▀[38;2;156;82;24;48;2;139;115;65m▀[48;2;156;82;24m▀▀▀[38;2;106;57;8;49m▄[0m  [38;2;156;82;24m▄▄[48;2;214;140;41m▀[38;2;214;140;41m▀[48;2;16;16;16m▀[38;2;16;16;16;49m▀[38;2;115;90;16m▀[38;2;238;205;148;48;2;16;16;16m▀[48;2;238;205;148m▀[38;2;197;148;98m▀[38;2;115;90;16;48;2;16;16;16m▀[0m [38;2;139;115;65;48;2;115;90;16m▀[38;2;238;205;148;48;2;238;205;148m▀[48;2;197;148;98m▀[38;2;16;16;16;48;2;16;16;16m▀[49m▀[0m
[0m [38;2;115;90;16m▀[38;2;197;148;98;48;2;16;16;16m▀▀[38;2;16;16;16;49m▀[0m [38;2;115;90;16m▀[38;2;197;148;98;48;2;16;16;16m▀▀[38;2;16;16;16;49m▀[0m         [38;2;106;57;8m▄[38;2;115;90;16;48;2;156;82;24m▀[38;2;197;148;98;48;2;197;148;98m▀[38;2;238;205;148m▀[48;2;238;205;148m▀▀▀▀▀[48;2;197;148;98m▀[38;2;197;148;98m▀[38;2;139;115;65;48;2;139;115;65m▀[38;2;156;82;24;48;2;156;82;24m▀▀[48;2;106;57;8m▀[38;2;106;57;8m▀[38;2;156;82;24;48;2;214;140;41m▀▀[38;2;214;140;41m▀[48;2;106;57;8m▀[48;2;16;16;16m▀[38;2;16;16;16;49m▀[0m    [38;2;16;16;16m▀▀[0m  [38;2;115;90;16m▀[38;2;197;148;98;48;2;16;16;16m▀▀[38;2;16;16;16;49m▀[0m
[0m                 [38;2;106;57;8m▄[48;2;214;140;41m▀[38;2;214;140;41m▀[38;2;156;82;24m▀[38;2;139;115;65;48;2;156;82;24m▀[38;2;197;148;98;48;2;139;115;65m▀[48;2;197;148;98m▀▀▀▀▀▀[48;2;139;115;65m▀[38;2;139;115;65;48;2;156;82;24m▀[38;2;156;82;24m▀▀▀▀[38;2;106;57;8m▀[38;2;16;16;16;48;2;16;16;16m▀[49m▀[0m
[0m                [38;2;106;57;8;48;2;16;16;16m▀[38;2;214;140;41;48;2;214;140;41m▀▀▀[48;2;156;82;24m▀[38;2;156;82;24;48;2;16;16;16m▀▀[38;2;16;16;16;49m▀▀[38;2;197;148;98;48;2;16;16;16m▀▀[38;2;139;115;65m▀[38;2;156;82;24m▀▀[38;2;106;57;8;48;2;106;57;8m▀[38;2;156;82;24;48;2;16;16;16m▀[48;2;156;82;24m▀[48;2;214;140;41m▀[38;2;214;140;41m▀▀[38;2;16;16;16m▀[49m▄[0m
[0m                [38;2;16;16;16m▀[38;2;156;82;24;48;2;16;16;16m▀[48;2;156;82;24m▀▀[38;2;106;57;8m▀▀[38;2;156;82;24;49m▄▄[0m        [38;2;16;16;16;48;2;106;57;8m▀[38;2;156;82;24;48;2;156;82;24m▀[38;2;214;140;41m▀▀[38;2;156;82;24m▀[38;2;16;16;16;48;2;106;57;8m▀[38;2;106;57;8;49m▄[0m
[0m                [38;2;106;57;8;48;2;115;90;16m▀[38;2;156;82;24;48;2;106;57;8m▀▀[38;2;106;57;8;48;2;238;205;148m▀[38;2;156;82;24;48;2;156;82;24m▀[48;2;106;57;8m▀[38;2;106;57;8;48;2;197;148;98m▀[38;2;115;90;16;49m▄[0m       [38;2;106;57;8m▀[38;2;156;82;24;48;2;115;90;16m▀[38;2;106;57;8;48;2;238;205;148m▀[38;2;156;82;24;48;2;106;57;8m▀[38;2;106;57;8;48;2;238;205;148m▀[38;2;156;82;24;48;2;197;148;98m▀[48;2;106;57;8m▀▀[38;2;106;57;8;49m▀[0m
[0m            [38;2;115;90;16m▄[48;2;238;205;148m▀[48;2;115;90;16m▀[48;2;238;205;148m▀[38;2;238;205;148m▀[48;2;139;115;65m▀[48;2;238;205;148m▀▀[48;2;197;148;98m▀▀[38;2;197;148;98m▀▀[38;2;16;16;16;48;2;16;16;16m▀[0m      [38;2;115;90;16;48;2;115;90;16m▀[38;2;238;205;148;48;2;238;205;148m▀▀▀▀▀[38;2;197;148;98m▀[48;2;197;148;98m▀[48;2;139;115;65m▀[48;2;197;148;98m▀[38;2;139;115;65m▀[38;2;16;16;16;49m▄[0m
[0m            [38;2;115;90;16m▀[38;2;139;115;65;48;2;16;16;16m▀[38;2;238;205;148;48;2;197;148;98m▀▀[38;2;115;90;16;48;2;115;90;16m▀[38;2;238;205;148;48;2;197;148;98m▀▀[38;2;139;115;65;48;2;16;16;16m▀[38;2;197;148;98m▀[38;2;115;90;16;49m▀[38;2;16;16;16m▀▀[0m        [38;2;115;90;16m▀[38;2;16;16;16m▀[38;2;238;205;148;48;2;16;16;16m▀[48;2;238;205;148m▀[38;2;139;115;65m▀[38;2;238;205;148;48;2;115;90;16m▀[48;2;238;205;148m▀[38;2;197;148;98;48;2;197;148;98m▀[38;2;115;90;16;48;2;115;90;16m▀[38;2;197;148;98;48;2;16;16;16m▀[38;2;16;16;16;49m▀[0m
[0m              [38;2;16;16;16m▀▀[0m [38;2;16;16;16m▀▀[0m               [38;2;115;90;16m▀[38;2;197;148;98;48;2;16;16;16m▀▀[38;2;115;90;16;49m▀[38;2;197;148;98;48;2;16;16;16m▀▀[38;2;16;16;16;49m▀[0m
