[0m  [38;2;24;65;123m▄[38;2;16;16;16m▄[38;2;131;90;8m▄[48;2;197;156;32m▀▀▀[48;2;131;90;8m▀[49m▄▄[0m                     [38;2;230;57;65m▄[0m                           [38;2;246;139;74m▄▄[0m
[38;2;16;16;16;49m▄[38;2;24;65;123;48;2;57;115;164m▀[38;2;57;115;164m▀[38;2;131;90;8;48;2;131;90;8m▀[38;2;197;156;32;48;2;197;156;32m▀[38;2;131;90;8m▀▀▀[38;2;197;156;32m▀▀▀[38;2;131;90;8m▀▀[48;2;255;222;82m▀▀[49m▄[0m             [38;2;230;57;65m▄[48;2;246;139;74m▀[49m▀[0m                      [38;2;246;139;74m▄▄[48;2;246;139;74m▀▀▀[49m▀▀[0m
[38;2;16;16;16;48;2;24;65;123m▀[38;2;57;115;164m▀[38;2;24;65;123;48;2;57;115;164m▀[38;2;57;115;164m▀[38;2;131;90;8m▀[48;2;16;16;16m▀[48;2;164;98;65m▀▀▀[38;2;197;156;32m▀[48;2;131;90;8m▀▀[38;2;131;90;8;48;2;197;156;32m▀▀[38;2;106;57;16;49m▄▄[0m          [38;2;246;139;74m▄▄[38;2;230;57;65;48;2;246;139;74m▀[38;2;246;139;74m▀[38;2;230;57;65m▀▀[48;2;230;57;65m▀▀▀[49m▄▄▄[0m             [38;2;246;139;74m▄[48;2;246;139;74m▀▀▀▀▀[0m
[0m [38;2;16;16;16m▀[38;2;57;115;164;48;2;16;16;16m▀▀[38;2;24;65;123;49m▀▀[38;2;16;16;16m▀▀[38;2;164;98;65;48;2;16;16;16m▀▀[48;2;106;57;16m▀[48;2;164;98;65m▀[38;2;131;90;8m▀▀[38;2;164;98;65m▀▀[38;2;106;57;16m▀▀[49m▄[0m     [38;2;230;57;65m▄[48;2;246;139;74m▀[38;2;246;139;74;48;2;230;57;65m▀▀[38;2;230;57;65m▀▀▀▀▀▀▀▀▀▀▀▀[49m▄▄[0m        [38;2;246;139;74m▄[48;2;246;139;74m▀▀▀▀▀[49m▀[0m
[0m          [38;2;16;16;16m▀▀[38;2;164;98;65;48;2;16;16;16m▀[48;2;164;98;65m▀▀▀[38;2;106;57;16m▀[48;2;16;16;16m▀[0m     [38;2;230;57;65;48;2;230;57;65m▀▀▀▀▀▀▀[48;2;246;139;74m▀▀[38;2;246;139;74;48;2;255;222;82m▀▀▀[38;2;230;57;65;48;2;246;139;74m▀[48;2;230;57;65m▀▀▀▀▀▀[49m▄[0m      [38;2;246;139;74m▄[48;2;246;139;74m▀▀▀▀▀[49m▀[0m
[0m           [38;2;230;57;65m▄▄[38;2;16;16;16;48;2;230;57;65m▀[38;2;230;57;65m▀▀[38;2;164;98;65m▀▀[38;2;16;16;16m▀[0m  [38;2;230;57;65m▄[48;2;230;57;65m▀▀▀▀▀▀▀[38;2;246;139;74;48;2;246;139;74m▀[38;2;255;222;82;48;2;255;222;82m▀▀▀▀▀▀[38;2;230;57;65m▀▀[38;2;246;139;74m▀[38;2;255;222;82m▀[48;2;246;139;74m▀[38;2;246;139;74;48;2;230;57;65m▀[38;2;230;57;65m▀▀[49m▄▄[38;2;246;139;74m▄[48;2;230;57;65m▀[48;2;246;139;74m▀[48;2;230;57;65m▀[48;2;246;139;74m▀▀[49m▄[0m
[0m          [38;2;230;57;65;48;2;230;57;65m▀▀▀▀▀▀▀▀▀[48;2;246;139;74m▀[48;2;255;222;82m▀▀[48;2;246;139;74m▀[48;2;230;57;65m▀▀▀▀▀▀[48;2;246;139;74m▀[38;2;255;222;82m▀[38;2;246;139;74;48;2;255;222;82m▀[38;2;255;222;82m▀▀▀[48;2;246;139;74m▀▀[38;2;246;139;74;48;2;230;57;65m▀[38;2;230;57;65m▀▀▀▀▀▀▀▀▀▀▀[38;2;246;139;74m▀[38;2;230;57;65m▀[38;2;246;139;74;49m▀[0m
[0m     [38;2;106;57;16m▄[0m  [38;2;230;57;65;48;2;230;57;65m▀▀▀▀[48;2;246;139;74m▀[48;2;255;222;82m▀[38;2;246;139;74m▀▀▀▀[38;2;255;222;82m▀[48;2;230;57;65m▀[38;2;246;139;74m▀[38;2;230;57;65m▀▀[38;2;246;139;74m▀[38;2;230;57;65;48;2;246;139;74m▀▀[48;2;230;57;65m▀[38;2;246;139;74m▀[38;2;255;222;82;48;2;255;222;82m▀▀▀▀[48;2;246;139;74m▀▀[38;2;246;139;74;49m▀[0m     [38;2;230;57;65m▀▀▀[48;2;230;57;65m▀▀▀▀▀[49m▀▀[0m
[0m    [38;2;106;57;16;48;2;106;57;16m▀[38;2;164;98;65;48;2;164;98;65m▀[38;2;106;57;16;48;2;106;57;16m▀[38;2;230;57;65;48;2;230;57;65m▀▀▀▀[38;2;246;139;74;48;2;246;139;74m▀[38;2;255;222;82;48;2;255;222;82m▀▀▀▀▀▀▀[38;2;246;139;74m▀[38;2;230;57;65;48;2;246;139;74m▀▀[38;2;246;139;74;48;2;255;222;82m▀[38;2;255;222;82m▀▀▀[38;2;246;139;74m▀[38;2;255;222;82m▀▀[48;2;106;57;16m▀[38;2;246;139;74;49m▀▀[0m            [38;2;230;57;65m▀▀[0m
[0m   [38;2;106;57;16;48;2;106;57;16m▀[38;2;164;98;65;48;2;164;98;65m▀[48;2;106;57;16m▀[38;2;106;57;16;48;2;189;197;222m▀[38;2;230;57;65;48;2;106;57;16m▀[48;2;230;57;65m▀[48;2;164;98;65m▀[38;2;246;139;74;48;2;246;139;74m▀[38;2;255;222;82;48;2;255;222;82m▀▀▀▀[48;2;197;156;32m▀▀[48;2;255;222;82m▀▀▀[48;2;197;156;32m▀[48;2;189;197;222m▀[38;2;197;156;32;48;2;255;255;255m▀[38;2;255;222;82;48;2;115;115;131m▀[48;2;255;222;82m▀▀[48;2;106;57;16m▀[38;2;106;57;16;48;2;230;139;90m▀[38;2;164;98;65m▀[38;2;230;139;90m▀[38;2;16;16;16;48;2;16;16;16m▀[0m
[0m   [38;2;106;57;16m▀[38;2;164;98;65;48;2;106;57;16m▀[38;2;106;57;16;48;2;24;65;123m▀[38;2;189;197;222m▀[48;2;189;197;222m▀[38;2;106;57;16m▀[38;2;255;255;255;48;2;255;255;255m▀[38;2;164;98;65;48;2;164;98;65m▀[38;2;255;222;82;48;2;246;139;74m▀[48;2;255;222;82m▀[48;2;164;98;65m▀[38;2;197;156;32;48;2;255;255;255m▀[38;2;255;255;255m▀[38;2;115;115;131;48;2;115;115;131m▀[38;2;255;222;82;48;2;164;98;65m▀[38;2;164;98;65;48;2;255;255;255m▀[38;2;197;156;32m▀[38;2;255;255;255m▀▀[38;2;189;197;222;48;2;115;115;131m▀[38;2;115;115;131;48;2;255;255;255m▀[38;2;197;156;32;48;2;106;57;16m▀[38;2;106;57;16;48;2;230;139;90m▀[38;2;230;139;90m▀[48;2;24;65;123m▀[38;2;24;65;123m▀[38;2;230;139;90;48;2;230;139;90m▀[38;2;16;16;16;48;2;16;16;16m▀[0m
[0m    [38;2;106;57;16;48;2;106;57;16m▀[38;2;164;98;65;48;2;164;98;65m▀[38;2;24;65;123;48;2;24;65;123m▀[38;2;189;197;222;48;2;106;57;16m▀[38;2;106;57;16;48;2;246;139;74m▀[38;2;255;255;255;48;2;255;255;255m▀[38;2;189;197;222m▀[38;2;230;57;65;48;2;164;98;65m▀[38;2;164;98;65;48;2;255;255;255m▀[38;2;255;255;255m▀▀▀[38;2;189;197;222m▀[38;2;255;255;255;48;2;131;41;49m▀▀▀[48;2;255;255;255m▀▀▀[48;2;106;57;16m▀[38;2;164;98;65;48;2;230;139;90m▀[38;2;230;139;90;48;2;164;98;65m▀[38;2;164;98;65;48;2;24;65;123m▀[38;2;24;65;123m▀[38;2;164;98;65;48;2;164;98;65m▀[38;2;16;16;16;48;2;16;16;16m▀[38;2;115;115;131;49m▄[0m                        [38;2;164;98;65m▄▄▄▄[0m
[0m     [38;2;106;57;16;48;2;106;57;16m▀[38;2;164;98;65;48;2;164;98;65m▀[38;2;131;41;49;48;2;246;139;74m▀[38;2;246;139;74m▀[38;2;164;98;65;48;2;164;98;65m▀[38;2;255;255;255;48;2;255;255;255m▀[38;2;189;197;222m▀[38;2;255;255;255m▀▀[48;2;131;41;49m▀[38;2;189;197;222;48;2;246;139;74m▀[38;2;131;41;49m▀[38;2;246;139;74m▀[38;2;230;57;65;48;2;230;57;65m▀▀[38;2;131;41;49m▀[38;2;255;255;255;48;2;255;255;255m▀[38;2;115;115;131;48;2;115;115;131m▀[38;2;106;57;16;48;2;164;98;65m▀[38;2;164;98;65;48;2;24;65;123m▀[38;2;24;65;123;48;2;57;115;164m▀[48;2;24;65;123m▀[38;2;164;98;65;48;2;164;98;65m▀[38;2;106;57;16;48;2;16;16;16m▀[38;2;255;255;255;48;2;115;115;131m▀▀[38;2;115;115;131;49m▀[0m                   [38;2;164;98;65m▄▄[48;2;230;139;90m▀▀[38;2;230;139;90m▀▀▀▀[38;2;164;98;65m▀[38;2;106;57;16;48;2;164;98;65m▀[49m▄[0m
[0m      [38;2;106;57;16;48;2;106;57;16m▀[38;2;230;57;65;48;2;131;41;49m▀[38;2;131;41;49;48;2;197;156;32m▀[38;2;230;57;65;48;2;230;57;65m▀[38;2;189;197;222;48;2;164;98;65m▀[38;2;255;255;255;48;2;189;197;222m▀[48;2;230;57;65m▀[38;2;131;41;49;48;2;246;139;74m▀[38;2;246;139;74m▀[48;2;230;57;65m▀▀[38;2;230;57;65;48;2;131;41;49m▀▀[48;2;230;57;65m▀▀[38;2;189;197;222;48;2;131;41;49m▀[38;2;255;255;255;48;2;255;255;255m▀[38;2;24;65;123;48;2;24;65;123m▀[38;2;57;115;164;48;2;57;115;164m▀[48;2;106;57;16m▀[38;2;164;98;65;48;2;164;98;65m▀[38;2;106;57;16;48;2;16;16;16m▀[38;2;115;115;131;49m▀[0m                    [38;2;164;98;65m▄[48;2;230;139;90m▀[38;2;230;139;90m▀▀▀▀▀▀[48;2;106;57;16m▀[48;2;16;16;16m▀[38;2;164;98;65m▀▀[38;2;16;16;16;49m▀[0m
[0m      [38;2;115;115;131m▄[38;2;131;41;49;48;2;131;41;49m▀[38;2;255;222;82;48;2;197;156;32m▀[38;2;230;57;65;48;2;16;16;16m▀[48;2;230;57;65m▀▀▀▀[48;2;131;41;49m▀[38;2;131;41;49;48;2;16;16;16m▀[48;2;255;255;255m▀[38;2;255;222;82;48;2;255;222;82m▀[48;2;197;156;32m▀[38;2;230;57;65;48;2;230;57;65m▀▀[38;2;131;41;49;48;2;255;255;255m▀[38;2;255;255;255m▀[38;2;189;197;222;48;2;189;197;222m▀[38;2;24;65;123;48;2;24;65;123m▀[38;2;164;98;65;48;2;16;16;16m▀[38;2;16;16;16;48;2;189;197;222m▀[38;2;115;115;131;49m▄[0m                   [38;2;106;57;16m▄[48;2;164;98;65m▀[38;2;230;139;90m▀[48;2;230;139;90m▀▀[48;2;16;16;16m▀▀[38;2;106;57;16;49m▀[38;2;16;16;16m▀▀[0m
[0m      [38;2;115;115;131;48;2;115;115;131m▀[38;2;189;197;222;48;2;189;197;222m▀[38;2;164;98;65m▀[38;2;131;41;49;48;2;131;41;49m▀[38;2;230;57;65m▀[48;2;164;98;65m▀[38;2;131;41;49;48;2;230;139;90m▀[38;2;164;98;65m▀[38;2;255;222;82m▀[38;2;131;90;8m▀[38;2;16;16;16;48;2;164;98;65m▀[38;2;197;156;32m▀[38;2;230;57;65;48;2;131;41;49m▀[48;2;189;197;222m▀[38;2;131;41;49m▀[38;2;255;255;255;48;2;115;115;131m▀[38;2;189;197;222;48;2;189;197;222m▀▀[48;2;16;16;16m▀[38;2;115;115;131;48;2;189;197;222m▀[38;2;189;197;222m▀[38;2;255;255;255;48;2;255;255;255m▀[38;2;115;115;131m▀[49m▄[0m                [38;2;106;57;16m▄[48;2;164;98;65m▀[38;2;164;98;65m▀▀[48;2;16;16;16m▀[38;2;16;16;16;49m▀[0m
[0m       [38;2;115;115;131;48;2;115;115;131m▀[38;2;164;98;65;48;2;106;57;16m▀[38;2;230;139;90;48;2;230;139;90m▀▀▀▀▀▀▀▀[48;2;164;98;65m▀[48;2;106;57;16m▀[38;2;164;98;65;48;2;164;98;65m▀[38;2;115;115;131;48;2;115;115;131m▀[38;2;189;197;222;48;2;16;16;16m▀▀[38;2;131;90;8;48;2;255;222;82m▀▀▀[38;2;255;255;255;48;2;131;90;8m▀[48;2;255;255;255m▀▀[38;2;115;115;131m▀[49m▄[0m               [38;2;106;57;16;48;2;106;57;16m▀[38;2;164;98;65;48;2;164;98;65m▀▀[38;2;16;16;16;48;2;16;16;16m▀[0m
[0m        [38;2;106;57;16m▀[38;2;230;139;90;48;2;106;57;16m▀[38;2;164;98;65;48;2;164;98;65m▀[38;2;230;139;90;48;2;230;139;90m▀[48;2;106;57;16m▀[38;2;164;98;65;48;2;230;139;90m▀[38;2;230;139;90m▀[48;2;106;57;16m▀▀[38;2;106;57;16;48;2;164;98;65m▀[38;2;164;98;65m▀[38;2;16;16;16;48;2;16;16;16m▀[48;2;197;156;32m▀[38;2;255;222;82m▀[48;2;131;90;8m▀▀[48;2;255;222;82m▀▀▀[38;2;131;90;8;48;2;16;16;16m▀[38;2;255;255;255;48;2;255;255;255m▀[48;2;115;115;131m▀[38;2;115;115;131;48;2;255;222;82m▀[38;2;131;90;8;49m▄[0m             [38;2;106;57;16;48;2;106;57;16m▀[38;2;164;98;65;48;2;164;98;65m▀▀[38;2;16;16;16;48;2;16;16;16m▀[0m
[0m           [38;2;16;16;16m▀▀▀▀[38;2;164;98;65;48;2;16;16;16m▀▀[38;2;16;16;16;48;2;189;197;222m▀[48;2;16;16;16m▀[38;2;197;156;32;48;2;197;156;32m▀[48;2;131;90;8m▀[38;2;131;90;8;48;2;197;156;32m▀[38;2;255;222;82;48;2;255;222;82m▀[38;2;197;156;32m▀[38;2;131;90;8;48;2;131;90;8m▀[38;2;255;222;82;48;2;255;222;82m▀[48;2;197;156;32m▀[38;2;16;16;16;48;2;16;16;16m▀[38;2;255;255;255;48;2;115;115;131m▀[38;2;115;115;131;48;2;197;156;32m▀[38;2;255;222;82m▀[38;2;131;90;8;48;2;131;90;8m▀[38;2;115;115;131;48;2;189;197;222m▀[49m▄[0m          [38;2;106;57;16;48;2;106;57;16m▀[38;2;164;98;65;48;2;164;98;65m▀▀[48;2;16;16;16m▀[38;2;16;16;16;49m▀[0m
[0m                [38;2;115;115;131m▀[38;2;189;197;222;48;2;115;115;131m▀[38;2;16;16;16;48;2;131;90;8m▀[38;2;197;156;32;48;2;197;156;32m▀[38;2;131;90;8m▀[38;2;255;222;82;48;2;131;90;8m▀[48;2;255;222;82m▀▀[38;2;197;156;32m▀[38;2;255;222;82m▀[38;2;16;16;16;48;2;16;16;16m▀[38;2;131;90;8;48;2;197;156;32m▀[38;2;197;156;32;48;2;131;90;8m▀[48;2;115;115;131m▀[38;2;131;90;8;48;2;189;197;222m▀[38;2;189;197;222m▀[38;2;115;115;131m▀▀▀▀▀[49m▄[0m    [38;2;106;57;16m▄[38;2;16;16;16;48;2;164;98;65m▀[38;2;164;98;65m▀▀[48;2;16;16;16m▀[38;2;16;16;16;49m▀[0m
[0m                   [38;2;16;16;16;48;2;115;115;131m▀[38;2;197;156;32;48;2;16;16;16m▀[48;2;131;90;8m▀[38;2;131;90;8;48;2;197;156;32m▀[38;2;255;222;82;48;2;131;90;8m▀▀[38;2;16;16;16;48;2;16;16;16m▀[38;2;131;90;8;48;2;189;197;222m▀▀[38;2;189;197;222;48;2;115;115;131m▀[38;2;115;115;131;48;2;189;197;222m▀[38;2;189;197;222m▀▀▀[48;2;115;115;131m▀▀[38;2;115;115;131;48;2;106;57;16m▀[49m▀[0m  [38;2;106;57;16m▄▄[48;2;164;98;65m▀[38;2;164;98;65m▀▀[48;2;16;16;16m▀[38;2;16;16;16;49m▀[0m
[0m                [38;2;115;115;131m▄[48;2;189;197;222m▀▀[38;2;189;197;222m▀▀[38;2;106;57;16;48;2;106;57;16m▀[38;2;16;16;16;48;2;164;98;65m▀▀[38;2;164;98;65m▀[38;2;16;16;16;48;2;16;16;16m▀[38;2;115;115;131;48;2;189;197;222m▀▀[38;2;189;197;222m▀▀[48;2;115;115;131m▀[48;2;189;197;222m▀[48;2;115;115;131m▀[38;2;16;16;16;48;2;164;98;65m▀[48;2;16;16;16m▀[38;2;164;98;65m▀[38;2;106;57;16;48;2;164;98;65m▀▀▀[38;2;164;98;65m▀[48;2;16;16;16m▀▀[38;2;16;16;16;49m▀▀[0m
[0m            [38;2;106;57;16m▄▄[48;2;106;57;16m▀[48;2;164;98;65m▀[38;2;164;98;65m▀[38;2;115;115;131m▀▀[38;2;189;197;222;48;2;115;115;131m▀[48;2;16;16;16m▀[38;2;106;57;16;48;2;230;139;90m▀[38;2;164;98;65m▀[48;2;164;98;65m▀[38;2;16;16;16;48;2;16;16;16m▀[38;2;189;197;222;48;2;106;57;16m▀[48;2;189;197;222m▀▀[48;2;106;57;16m▀[38;2;115;115;131m▀[38;2;164;98;65;48;2;164;98;65m▀[38;2;115;115;131;48;2;230;139;90m▀[38;2;230;139;90m▀▀▀[38;2;106;57;16m▀▀[38;2;164;98;65;48;2;106;57;16m▀[38;2;16;16;16;49m▀▀[0m
[0m       [38;2;131;90;8m▄▄[48;2;255;222;82m▀[38;2;106;57;16;48;2;197;156;32m▀[48;2;164;98;65m▀[38;2;164;98;65m▀▀▀▀▀▀▀▀[38;2;16;16;16;48;2;16;16;16m▀[38;2;230;139;90;48;2;230;139;90m▀▀▀[38;2;16;16;16;48;2;16;16;16m▀[48;2;230;139;90m▀[38;2;189;197;222;48;2;16;16;16m▀[38;2;16;16;16;48;2;164;98;65m▀[38;2;164;98;65m▀[38;2;106;57;16;48;2;106;57;16m▀[38;2;164;98;65;48;2;230;139;90m▀[38;2;230;139;90m▀▀▀▀[48;2;131;90;8m▀[38;2;131;90;8;48;2;255;222;82m▀▀▀[49m▄[0m
[0m      [38;2;16;16;16m▄[38;2;131;90;8;48;2;197;156;32m▀[38;2;255;222;82;48;2;131;90;8m▀[48;2;255;222;82m▀[48;2;197;156;32m▀[38;2;197;156;32m▀[38;2;164;98;65;48;2;164;98;65m▀▀▀[48;2;106;57;16m▀[48;2;16;16;16m▀[38;2;106;57;16;49m▀[38;2;16;16;16m▀▀[48;2;16;16;16m▀[38;2;164;98;65;48;2;164;98;65m▀[38;2;230;139;90;48;2;230;139;90m▀▀[38;2;164;98;65;48;2;164;98;65m▀[48;2;16;16;16m▀[38;2;16;16;16;49m▀▀▀[38;2;164;98;65;48;2;16;16;16m▀[38;2;106;57;16m▀[38;2;230;139;90;48;2;164;98;65m▀[48;2;230;139;90m▀[48;2;164;98;65m▀[38;2;131;90;8;48;2;131;90;8m▀[38;2;255;222;82;48;2;255;222;82m▀▀[48;2;197;156;32m▀▀[48;2;255;222;82m▀[38;2;131;90;8;48;2;197;156;32m▀[49m▄[0m
[0m      [38;2;16;16;16m▀[38;2;197;156;32;48;2;131;90;8m▀[38;2;255;222;82;48;2;197;156;32m▀[38;2;131;90;8;48;2;131;90;8m▀[38;2;197;156;32;48;2;197;156;32m▀▀[38;2;131;90;8;48;2;131;90;8m▀[38;2;106;57;16;48;2;189;197;222m▀▀[38;2;16;16;16;49m▄[0m   [38;2;16;16;16;48;2;131;90;8m▀[38;2;131;90;8;48;2;255;222;82m▀[38;2;230;139;90;48;2;131;90;8m▀[48;2;230;139;90m▀▀[38;2;16;16;16;48;2;16;16;16m▀[0m      [38;2;16;16;16m▀▀[38;2;164;98;65m▀[38;2;197;156;32;48;2;16;16;16m▀[38;2;255;222;82;48;2;255;222;82m▀[38;2;197;156;32;48;2;131;90;8m▀[38;2;255;222;82;48;2;255;222;82m▀▀[38;2;197;156;32;48;2;197;156;32m▀[38;2;255;222;82;48;2;255;222;82m▀[38;2;131;90;8;48;2;131;90;8m▀[38;2;115;115;131;48;2;189;197;222m▀[49m▄[0m
[0m       [38;2;16;16;16m▀[38;2;131;90;8;48;2;16;16;16m▀[38;2;197;156;32;48;2;131;90;8m▀▀[38;2;131;90;8;48;2;189;197;222m▀[38;2;189;197;222m▀▀▀[38;2;16;16;16;48;2;115;115;131m▀[48;2;189;197;222m▀[49m▄[48;2;131;90;8m▀[38;2;131;90;8;48;2;255;222;82m▀[38;2;255;222;82m▀[38;2;131;90;8m▀[38;2;230;139;90;48;2;164;98;65m▀[38;2;16;16;16;48;2;16;16;16m▀[0m          [38;2;16;16;16m▀[38;2;197;156;32;48;2;16;16;16m▀[38;2;131;90;8;48;2;197;156;32m▀[38;2;255;222;82;48;2;131;90;8m▀[48;2;255;222;82m▀[48;2;197;156;32m▀[38;2;131;90;8;48;2;131;90;8m▀[38;2;255;255;255;48;2;255;255;255m▀[38;2;189;197;222m▀[48;2;189;197;222m▀[38;2;16;16;16;48;2;115;115;131m▀[0m
[0m      [38;2;16;16;16m▄▄▄[48;2;115;115;131m▀[38;2;115;115;131;48;2;16;16;16m▀[38;2;189;197;222;48;2;189;197;222m▀▀▀▀[48;2;16;16;16m▀[38;2;131;90;8;48;2;255;222;82m▀▀[38;2;197;156;32m▀[38;2;255;222;82m▀[48;2;197;156;32m▀[38;2;131;90;8;48;2;164;98;65m▀[38;2;16;16;16;48;2;16;16;16m▀[0m             [38;2;16;16;16m▀[48;2;115;115;131m▀[38;2;131;90;8m▀[48;2;255;255;255m▀[38;2;255;255;255;48;2;189;197;222m▀[48;2;255;255;255m▀▀[38;2;189;197;222m▀[48;2;189;197;222m▀[38;2;16;16;16m▀[49m▄[0m
[0m     [38;2;16;16;16;48;2;16;16;16m▀▀[38;2;57;115;164;48;2;24;65;123m▀[38;2;24;65;123;48;2;16;16;16m▀[38;2;16;16;16;48;2;57;115;164m▀[38;2;24;65;123m▀[38;2;16;16;16;48;2;16;16;16m▀[38;2;189;197;222m▀▀[38;2;131;90;8;48;2;131;90;8m▀[38;2;255;222;82;48;2;255;222;82m▀[48;2;197;156;32m▀[38;2;197;156;32;48;2;255;222;82m▀▀[38;2;255;222;82;48;2;197;156;32m▀[48;2;255;222;82m▀[38;2;131;90;8;48;2;131;90;8m▀[38;2;16;16;16;48;2;16;16;16m▀[0m               [38;2;115;115;131m▀[38;2;255;255;255;48;2;115;115;131m▀[38;2;189;197;222;48;2;255;255;255m▀[38;2;255;255;255;48;2;189;197;222m▀[48;2;255;255;255m▀▀[38;2;189;197;222m▀[48;2;189;197;222m▀[38;2;115;115;131m▀[48;2;115;115;131m▀[48;2;189;197;222m▀▀[48;2;16;16;16m▀[0m
[0m       [38;2;16;16;16m▀▀▀▀[0m [38;2;189;197;222;48;2;16;16;16m▀[38;2;16;16;16;48;2;24;65;123m▀[38;2;131;90;8;48;2;131;90;8m▀[38;2;255;222;82;48;2;255;222;82m▀[38;2;197;156;32;48;2;197;156;32m▀[38;2;255;222;82;48;2;255;222;82m▀▀[38;2;197;156;32;48;2;197;156;32m▀[38;2;255;222;82;48;2;255;222;82m▀[38;2;131;90;8;48;2;16;16;16m▀[38;2;16;16;16;49m▀[0m                [38;2;115;115;131;48;2;115;115;131m▀[38;2;189;197;222;48;2;189;197;222m▀[48;2;115;115;131m▀[38;2;255;255;255;48;2;255;255;255m▀▀▀[38;2;189;197;222;48;2;189;197;222m▀▀[38;2;115;115;131m▀[38;2;189;197;222m▀[38;2;115;115;131;48;2;115;115;131m▀[49m▄[0m
[0m           [38;2;16;16;16;48;2;16;16;16m▀[38;2;57;115;164;48;2;24;65;123m▀[38;2;24;65;123;48;2;57;115;164m▀[38;2;57;115;164m▀[38;2;131;90;8;48;2;24;65;123m▀[38;2;197;156;32;48;2;131;90;8m▀[38;2;255;222;82m▀[38;2;197;156;32m▀[38;2;255;222;82m▀[38;2;131;90;8;48;2;16;16;16m▀[38;2;16;16;16;49m▀[0m                [38;2;16;16;16m▄▄[38;2;115;115;131;48;2;115;115;131m▀[48;2;189;197;222m▀[38;2;189;197;222m▀[38;2;255;255;255m▀[38;2;189;197;222m▀▀▀▀▀[38;2;115;115;131m▀[38;2;189;197;222m▀[38;2;16;16;16;48;2;16;16;16m▀[0m
[0m           [38;2;16;16;16m▀[38;2;24;65;123;48;2;16;16;16m▀[38;2;57;115;164;48;2;24;65;123m▀▀[38;2;24;65;123;48;2;57;115;164m▀[38;2;57;115;164m▀[38;2;24;65;123;48;2;24;65;123m▀[38;2;57;115;164;48;2;57;115;164m▀[38;2;24;65;123m▀[38;2;16;16;16;48;2;16;16;16m▀[0m              [38;2;16;16;16m▄[48;2;57;115;164m▀▀[38;2;115;115;131;48;2;16;16;16m▀[38;2;16;16;16;48;2;24;65;123m▀[48;2;57;115;164m▀[38;2;189;197;222;48;2;24;65;123m▀▀▀▀▀▀[48;2;189;197;222m▀[48;2;24;65;123m▀▀[38;2;16;16;16;48;2;16;16;16m▀[0m
[0m             [38;2;16;16;16m▀▀[38;2;24;65;123;48;2;16;16;16m▀▀[38;2;16;16;16;49m▀[38;2;24;65;123m▀[38;2;16;16;16m▀[0m               [38;2;16;16;16m▀[38;2;57;115;164;48;2;16;16;16m▀▀[38;2;24;65;123;48;2;24;65;123m▀[38;2;57;115;164;48;2;57;115;164m▀▀[38;2;24;65;123;48;2;24;65;123m▀[48;2;57;115;164m▀[38;2;57;115;164m▀[48;2;24;65;123m▀[38;2;24;65;123;48;2;57;115;164m▀[38;2;57;115;164m▀[38;2;24;65;123;48;2;24;65;123m▀[38;2;57;115;164;48;2;57;115;164m▀▀[38;2;24;65;123;48;2;16;16;16m▀[0m
[0m                                      [38;2;16;16;16m▀▀▀[38;2;24;65;123m▀[38;2;57;115;164;48;2;16;16;16m▀▀[38;2;24;65;123;49m▀[38;2;57;115;164;48;2;16;16;16m▀▀[38;2;24;65;123m▀[38;2;16;16;16;49m▀▀[0m
