[0m                                       [38;2;189;139;106m▄[48;2;255;230;131m▀[0m
[0m                                      [38;2;189;139;106m▄[38;2;255;230;131;48;2;255;230;131m▀▀[38;2;189;139;106;48;2;189;139;106m▀[0m
[0m                                 [38;2;189;139;106;48;2;255;230;131m▀[0m  [38;2;189;139;106m▄[48;2;255;230;131m▀[38;2;255;230;131m▀▀▀[38;2;238;205;98;48;2;238;205;98m▀[38;2;189;139;106;48;2;189;139;106m▀[0m     [38;2;189;139;106m▄[0m
[0m                                [38;2;189;139;106;48;2;238;205;98m▀[38;2;255;230;131;48;2;255;230;131m▀[38;2;189;139;106m▀[49m▄[0m [38;2;255;230;131;48;2;189;139;106m▀[48;2;255;230;131m▀[48;2;238;205;98m▀[38;2;238;205;98;48;2;189;139;106m▀[38;2;189;139;106;49m▀[0m    [38;2;189;139;106m▄[38;2;255;230;131;48;2;255;230;131m▀[38;2;189;139;106;48;2;189;139;106m▀[0m
[0m                                [38;2;238;205;98;48;2;238;205;98m▀[38;2;255;230;131;48;2;255;230;131m▀[48;2;189;139;106m▀[38;2;189;139;106;49m▀[0m  [38;2;255;230;131;48;2;255;230;131m▀[38;2;189;139;106;48;2;189;139;106m▀[0m    [38;2;189;139;106m▄[48;2;255;230;131m▀[38;2;255;230;131m▀▀[38;2;189;139;106;48;2;189;139;106m▀[0m
[0m                                [38;2;255;230;131;48;2;255;230;131m▀[48;2;189;139;106m▀[0m [38;2;16;16;16m▄▄[48;2;16;57;115m▀[38;2;238;205;98;48;2;238;205;98m▀[38;2;189;139;106;48;2;189;139;106m▀[38;2;16;16;16;48;2;16;57;115m▀▀▀[49m▄▄[38;2;255;230;131;48;2;255;230;131m▀▀[38;2;189;139;106;48;2;189;139;106m▀[0m
[0m                                [38;2;255;230;131;48;2;255;230;131m▀[38;2;189;139;106;48;2;189;139;106m▀[38;2;16;16;16;48;2;82;139;230m▀[38;2;16;57;115;48;2;16;57;115m▀▀[38;2;238;205;98;48;2;238;205;98m▀▀[38;2;16;57;115;48;2;82;139;230m▀[48;2;16;57;115m▀▀[48;2;82;139;230m▀[48;2;16;57;115m▀[48;2;255;230;131m▀[38;2;255;230;131m▀[48;2;189;139;106m▀[0m   [38;2;16;57;115m▄▄[0m
[0m                            [38;2;74;115;172;48;2;156;205;255m▀[38;2;16;57;115;48;2;74;115;172m▀[49m▄[0m [38;2;255;230;131;48;2;255;230;131m▀[38;2;189;139;106;48;2;189;139;106m▀[38;2;156;205;255;48;2;156;205;255m▀[38;2;16;57;115;48;2;82;139;230m▀[38;2;156;205;255;48;2;156;205;255m▀[38;2;238;205;98;48;2;238;205;98m▀[38;2;189;139;106;48;2;189;139;106m▀[38;2;156;205;255;48;2;156;205;255m▀[38;2;16;57;115;48;2;82;139;230m▀[38;2;82;139;230;48;2;156;205;255m▀[38;2;156;205;255m▀[38;2;82;139;230m▀[38;2;255;230;131;48;2;255;230;131m▀▀[38;2;16;57;115;48;2;16;57;115m▀[38;2;16;16;16;48;2;16;16;16m▀[38;2;16;57;115;49m▄[48;2;156;205;255m▀[38;2;156;205;255m▀[38;2;16;16;16;48;2;16;16;16m▀[0m
[0m                            [38;2;74;115;172;48;2;74;115;172m▀[38;2;156;205;255;48;2;156;205;255m▀[38;2;74;115;172;48;2;74;115;172m▀[38;2;16;57;115m▀[38;2;16;16;16;48;2;16;16;16m▀[38;2;238;205;98;48;2;238;205;98m▀[38;2;16;16;16;48;2;222;238;255m▀[38;2;156;205;255;48;2;82;139;230m▀[38;2;255;230;131;48;2;255;230;131m▀[38;2;238;205;98;48;2;238;205;98m▀[38;2;189;139;106;48;2;82;139;230m▀[38;2;156;205;255;48;2;16;57;115m▀[48;2;16;16;16m▀[38;2;82;139;230;48;2;222;238;255m▀[38;2;16;57;115;48;2;16;16;16m▀[38;2;255;230;131;48;2;255;230;131m▀▀[38;2;189;139;106;48;2;16;57;115m▀[38;2;16;57;115;48;2;74;115;172m▀[48;2;156;205;255m▀[38;2;156;205;255;48;2;82;139;230m▀[38;2;82;139;230m▀[38;2;16;57;115;48;2;16;16;16m▀[0m
[0m                            [38;2;74;115;172m▀[38;2;156;205;255;48;2;74;115;172m▀[38;2;16;57;115;48;2;156;205;255m▀[38;2;74;115;172;48;2;16;57;115m▀[38;2;16;16;16;48;2;16;16;16m▀[38;2;238;205;98;48;2;238;205;98m▀[38;2;16;16;16m▀[48;2;16;16;16m▀[38;2;255;230;131;48;2;255;230;131m▀[38;2;238;205;98;48;2;238;205;98m▀[38;2;16;16;16;48;2;16;16;16m▀[38;2;222;238;255m▀[38;2;16;16;16;48;2;189;139;106m▀[48;2;238;205;98m▀[38;2;255;230;131m▀[48;2;16;57;115m▀[38;2;16;57;115;48;2;156;205;255m▀[38;2;74;115;172;48;2;82;139;230m▀[38;2;82;139;230m▀▀▀[38;2;16;16;16;48;2;16;16;16m▀[0m
[0m                             [38;2;74;115;172m▀[38;2;156;205;255;48;2;74;115;172m▀[38;2;16;57;115;48;2;156;205;255m▀[48;2;16;57;115m▀[38;2;16;16;16;48;2;16;32;65m▀[38;2;238;205;98;48;2;238;205;98m▀[38;2;255;230;131;48;2;255;230;131m▀[48;2;238;205;98m▀[38;2;238;205;98;48;2;189;139;106m▀[48;2;238;205;98m▀▀[48;2;16;57;115m▀[38;2;16;57;115;48;2;156;205;255m▀[38;2;82;139;230m▀[38;2;156;205;255;48;2;82;139;230m▀[38;2;82;139;230m▀▀▀[48;2;41;90;148m▀[38;2;16;57;115;48;2;16;16;16m▀[0m
[0m                              [38;2;74;115;172m▀[38;2;156;205;255;48;2;156;205;255m▀[38;2;16;57;115;48;2;16;57;115m▀[48;2;74;115;172m▀[38;2;16;16;16;48;2;16;57;115m▀[38;2;255;230;131;48;2;16;16;16m▀[38;2;238;205;98;48;2;238;205;98m▀[48;2;123;82;65m▀[38;2;123;82;65;48;2;189;139;106m▀[38;2;74;115;172;48;2;156;205;255m▀[38;2;156;205;255;48;2;82;139;230m▀[38;2;82;139;230m▀▀▀[48;2;41;90;148m▀[48;2;16;32;65m▀▀[38;2;16;32;65m▀[38;2;16;16;16m▀[49m▄[0m
[0m                               [38;2;41;90;148;48;2;41;90;148m▀[38;2;156;205;255;48;2;156;205;255m▀[38;2;16;57;115;48;2;16;57;115m▀[38;2;74;115;172;48;2;74;115;172m▀[38;2;16;57;115m▀[38;2;16;16;16;48;2;16;57;115m▀[48;2;156;205;255m▀[38;2;156;205;255;48;2;82;139;230m▀[38;2;82;139;230;48;2;41;90;148m▀[48;2;16;32;65m▀[38;2;41;90;148m▀[38;2;16;32;65m▀▀▀▀▀▀▀[38;2;16;16;16;48;2;189;139;106m▀[49m▄[0m
[0m                             [38;2;16;16;16m▄▄[38;2;16;32;65m▄[38;2;41;90;148;48;2;41;90;148m▀[38;2;156;205;255;48;2;222;238;255m▀[38;2;16;57;115;48;2;156;205;255m▀[38;2;74;115;172m▀[38;2;156;205;255;48;2;82;139;230m▀[38;2;82;139;230;48;2;74;115;172m▀[38;2;16;32;65;48;2;222;238;255m▀[48;2;16;32;65m▀▀▀▀▀▀▀▀▀▀[38;2;189;139;106;48;2;123;82;65m▀[48;2;189;139;106m▀[38;2;16;16;16;48;2;16;16;16m▀[0m
[0m                       [38;2;16;16;16m▄▄[38;2;16;57;115m▄[38;2;16;16;16;48;2;16;57;115m▀▀[38;2;16;57;115m▀[48;2;16;16;16m▀[38;2;16;16;16;48;2;156;205;255m▀[38;2;74;115;172;48;2;222;238;255m▀[38;2;222;238;255m▀▀[38;2;156;205;255;48;2;156;205;255m▀[38;2;82;139;230;48;2;74;115;172m▀[38;2;74;115;172;48;2;222;238;255m▀[38;2;222;238;255m▀▀▀[38;2;82;139;230m▀[38;2;16;32;65;48;2;82;139;230m▀[48;2;16;32;65m▀▀▀▀▀[48;2;16;57;115m▀▀[48;2;16;32;65m▀[38;2;189;139;106;48;2;123;82;65m▀[38;2;123;82;65m▀[38;2;16;16;16;48;2;16;16;16m▀[0m
[0m              [38;2;41;90;148m▄▄▄▄▄▄[38;2;16;16;16m▄[48;2;16;57;115m▀▀[38;2;16;57;115m▀▀[48;2;16;32;65m▀▀[38;2;16;32;65m▀[48;2;16;16;16m▀[38;2;16;16;16;48;2;16;57;115m▀[38;2;16;57;115m▀[38;2;82;139;230;48;2;222;238;255m▀[38;2;222;238;255m▀[38;2;156;205;255;48;2;156;205;255m▀[38;2;82;139;230;48;2;41;90;148m▀[38;2;74;115;172;48;2;222;238;255m▀[38;2;222;238;255m▀▀[48;2;16;57;115m▀[38;2;82;139;230;48;2;16;32;65m▀[38;2;16;32;65m▀▀▀▀[48;2;16;57;115m▀[38;2;16;57;115m▀▀▀▀▀▀[38;2;123;82;65m▀[38;2;16;16;16;48;2;16;16;16m▀[0m
[0m             [38;2;41;90;148;48;2;41;90;148m▀[38;2;156;205;255;48;2;156;205;255m▀▀[38;2;41;90;148m▀[38;2;82;139;230;48;2;41;90;148m▀[48;2;82;139;230m▀▀▀[38;2;16;57;115;48;2;16;32;65m▀▀[38;2;16;32;65m▀▀▀▀[38;2;16;16;16;48;2;16;16;16m▀[38;2;16;57;115;48;2;16;57;115m▀[48;2;82;139;230m▀[38;2;255;255;255;48;2;255;255;255m▀[38;2;222;238;255;48;2;222;238;255m▀[48;2;156;205;255m▀[38;2;82;139;230;48;2;16;57;115m▀[38;2;41;90;148;48;2;222;238;255m▀[38;2;222;238;255m▀▀[38;2;16;57;115;48;2;16;57;115m▀[38;2;16;32;65m▀▀▀[38;2;16;57;115m▀▀▀▀▀▀▀▀▀▀▀▀[38;2;16;16;16m▀[49m▄[0m
[0m            [38;2;41;90;148m▄[48;2;115;164;238m▀[38;2;156;205;255m▀[38;2;115;164;238;48;2;82;139;230m▀▀[38;2;41;90;148m▀[38;2;82;139;230;48;2;41;90;148m▀[48;2;82;139;230m▀▀[38;2;16;32;65;48;2;16;32;65m▀▀▀▀[48;2;16;16;16m▀[38;2;16;16;16;48;2;16;57;115m▀[38;2;16;57;115m▀[48;2;255;255;255m▀[38;2;255;255;255m▀▀[38;2;222;238;255;48;2;222;238;255m▀[38;2;156;205;255;48;2;156;205;255m▀[38;2;16;57;115;48;2;16;57;115m▀[38;2;255;255;255;48;2;255;255;255m▀▀▀[38;2;16;57;115;48;2;82;139;230m▀[48;2;16;57;115m▀▀▀▀[38;2;16;32;65;48;2;16;32;65m▀[38;2;16;57;115;48;2;16;57;115m▀▀▀▀▀▀▀▀▀▀▀[38;2;16;16;16m▀[49m▄[0m
[0m           [38;2;41;90;148m▄[48;2;41;90;148m▀[38;2;115;164;238;48;2;82;139;230m▀[38;2;82;139;230m▀▀▀▀[38;2;41;90;148m▀[38;2;82;139;230;48;2;41;90;148m▀[38;2;41;90;148;48;2;16;32;65m▀[38;2;16;32;65m▀▀▀[48;2;16;16;16m▀[38;2;16;16;16;48;2;16;57;115m▀[38;2;16;57;115m▀[38;2;82;139;230;48;2;255;255;255m▀[38;2;255;255;255m▀▀▀[38;2;156;205;255;48;2;156;205;255m▀[38;2;82;139;230;48;2;16;57;115m▀[38;2;74;115;172;48;2;255;255;255m▀[38;2;255;255;255m▀▀▀▀[38;2;16;57;115;48;2;16;57;115m▀▀▀▀[38;2;16;32;65;48;2;16;32;65m▀[38;2;16;57;115;48;2;16;57;115m▀▀▀▀▀▀▀▀▀▀▀▀[38;2;16;16;16m▀[49m▄[0m
[0m         [38;2;41;90;148m▄[48;2;82;139;230m▀[38;2;82;139;230m▀▀[48;2;16;32;65m▀▀▀▀▀▀[38;2;41;90;148m▀[38;2;16;32;65m▀▀▀▀[38;2;16;16;16;48;2;16;16;16m▀[38;2;16;57;115;48;2;16;57;115m▀[38;2;82;139;230;48;2;255;255;255m▀[38;2;255;255;255m▀▀▀[38;2;156;205;255;48;2;156;205;255m▀[38;2;82;139;230;48;2;82;139;230m▀[38;2;16;57;115;48;2;16;57;115m▀[38;2;255;255;255;48;2;255;255;255m▀▀▀▀▀[38;2;16;57;115;48;2;82;139;230m▀[48;2;16;57;115m▀▀▀▀[38;2;16;32;65;48;2;16;32;65m▀[38;2;16;57;115;48;2;16;57;115m▀▀▀▀▀▀▀▀▀▀▀▀▀[38;2;16;16;16;48;2;16;16;16m▀[0m [38;2;16;32;65m▄▄▄[38;2;41;90;148;48;2;82;139;230m▀[38;2;16;57;115m▀▀[48;2;16;16;16m▀[0m
[0m       [38;2;41;90;148m▄[48;2;82;139;230m▀[38;2;82;139;230m▀▀[48;2;16;32;65m▀[38;2;16;32;65m▀▀▀▀▀▀▀▀▀▀▀[38;2;16;16;16;48;2;16;16;16m▀[48;2;82;139;230m▀[38;2;255;255;255;48;2;255;255;255m▀▀▀[48;2;74;115;172m▀[38;2;82;139;230;48;2;156;205;255m▀[48;2;82;139;230m▀[38;2;41;90;148;48;2;16;57;115m▀[38;2;74;115;172;48;2;255;255;255m▀[38;2;255;255;255m▀▀▀▀▀▀[38;2;16;57;115;48;2;82;139;230m▀[48;2;16;57;115m▀▀▀[38;2;16;16;16;48;2;16;16;16m▀[38;2;16;57;115;48;2;16;57;115m▀▀▀▀▀▀▀▀▀▀▀▀▀▀[38;2;16;16;16;48;2;16;16;16m▀[38;2;41;90;148;48;2;16;32;65m▀[48;2;41;90;148m▀▀▀[38;2;82;139;230m▀[48;2;16;16;16m▀[38;2;16;16;16;49m▀[0m
[0m     [38;2;41;90;148m▄[48;2;115;164;238m▀[38;2;82;139;230;48;2;82;139;230m▀▀[48;2;16;32;65m▀[38;2;16;32;65m▀▀▀▀▀▀▀▀▀▀▀▀[48;2;16;16;16m▀[38;2;16;16;16;48;2;82;139;230m▀[38;2;255;255;255;48;2;255;255;255m▀▀▀[48;2;74;115;172m▀[38;2;74;115;172;48;2;156;205;255m▀[38;2;156;205;255;48;2;82;139;230m▀[38;2;82;139;230m▀[38;2;16;57;115;48;2;16;57;115m▀[38;2;255;255;255;48;2;255;255;255m▀▀▀▀▀▀▀▀[38;2;16;57;115;48;2;82;139;230m▀[48;2;16;57;115m▀▀▀[38;2;16;16;16;48;2;16;16;16m▀[38;2;16;57;115;48;2;16;57;115m▀▀▀▀▀▀▀▀▀▀▀▀▀▀[38;2;82;139;230;48;2;16;16;16m▀[38;2;16;32;65;48;2;82;139;230m▀▀[38;2;41;90;148;48;2;16;32;65m▀▀[38;2;16;16;16;49m▀[0m
[0m    [38;2;41;90;148m▄[38;2;115;164;238;48;2;156;205;255m▀[48;2;82;139;230m▀[38;2;82;139;230;48;2;16;32;65m▀[38;2;16;32;65m▀▀[48;2;189;139;106m▀▀[48;2;16;16;16m▀[48;2;16;32;65m▀▀▀▀▀▀▀▀▀[38;2;16;16;16;48;2;16;16;16m▀[38;2;255;255;255;48;2;255;255;255m▀▀▀[38;2;74;115;172;48;2;74;115;172m▀[38;2;156;205;255;48;2;156;205;255m▀[38;2;82;139;230;48;2;82;139;230m▀▀[38;2;16;57;115;48;2;16;57;115m▀[38;2;255;255;255;48;2;255;255;255m▀▀▀▀▀▀▀▀▀▀[38;2;16;57;115m▀[48;2;16;57;115m▀▀[38;2;16;16;16;48;2;115;164;238m▀[38;2;16;57;115;48;2;41;90;148m▀[48;2;16;57;115m▀▀▀▀▀▀▀▀▀▀▀▀▀[38;2;16;16;16m▀[38;2;41;90;148;48;2;16;16;16m▀[38;2;82;139;230;48;2;41;90;148m▀▀▀[38;2;16;32;65m▀[38;2;16;16;16;49m▄[0m
[0m   [38;2;41;90;148;48;2;115;164;238m▀[38;2;115;164;238;48;2;156;205;255m▀[38;2;156;205;255m▀[38;2;16;32;65;48;2;16;32;65m▀▀▀▀[38;2;189;139;106;48;2;238;205;98m▀[48;2;189;139;106m▀[38;2;16;16;16;48;2;16;16;16m▀[38;2;16;32;65;48;2;16;32;65m▀▀▀▀▀▀▀▀[38;2;16;16;16;48;2;16;16;16m▀[38;2;255;255;255;48;2;74;115;172m▀[48;2;16;57;115m▀[48;2;255;255;255m▀[38;2;74;115;172;48;2;74;115;172m▀[38;2;156;205;255;48;2;156;205;255m▀[38;2;82;139;230;48;2;82;139;230m▀▀[48;2;16;57;115m▀[38;2;16;57;115;48;2;255;255;255m▀[38;2;255;255;255m▀▀▀▀▀▀▀▀▀▀▀[38;2;222;238;255;48;2;222;238;255m▀[38;2;16;57;115m▀[38;2;115;164;238;48;2;115;164;238m▀▀▀[38;2;41;90;148m▀[38;2;16;57;115m▀▀[48;2;16;57;115m▀▀▀▀▀▀▀▀▀▀[38;2;16;16;16m▀[38;2;41;90;148;48;2;16;16;16m▀[48;2;41;90;148m▀▀[48;2;16;16;16m▀[38;2;16;16;16;49m▀[0m
[0m  [38;2;41;90;148;48;2;115;164;238m▀[38;2;156;205;255;48;2;156;205;255m▀[48;2;16;32;65m▀[38;2;16;32;65m▀[48;2;189;139;106m▀[38;2;189;139;106m▀[38;2;16;16;16;48;2;16;16;16m▀[38;2;16;32;65;48;2;16;32;65m▀[38;2;238;205;98;48;2;16;16;16m▀[38;2;16;16;16;48;2;16;32;65m▀[38;2;16;32;65m▀▀▀▀▀▀▀[48;2;16;16;16m▀[38;2;16;16;16m▀▀[38;2;74;115;172;48;2;255;255;255m▀[38;2;16;57;115;48;2;74;115;172m▀[38;2;74;115;172;48;2;156;205;255m▀[38;2;156;205;255;48;2;82;139;230m▀[38;2;82;139;230m▀▀▀[38;2;16;57;115;48;2;16;57;115m▀[38;2;255;255;255;48;2;255;255;255m▀▀▀▀▀▀▀▀▀[38;2;16;57;115;48;2;16;57;115m▀▀[38;2;222;238;255;48;2;222;238;255m▀[38;2;16;57;115;48;2;16;57;115m▀▀[38;2;115;164;238;48;2;156;205;255m▀▀[48;2;115;164;238m▀▀[48;2;41;90;148m▀[38;2;41;90;148;48;2;82;139;230m▀[38;2;82;139;230m▀[38;2;16;57;115;48;2;16;32;65m▀[48;2;16;57;115m▀▀▀▀▀▀▀▀▀[38;2;16;16;16m▀[38;2;41;90;148;48;2;16;16;16m▀[48;2;41;90;148m▀[38;2;16;16;16;48;2;16;32;65m▀[0m
[0m [38;2;41;90;148;48;2;115;164;238m▀[38;2;156;205;255;48;2;156;205;255m▀▀[38;2;16;32;65;48;2;16;32;65m▀▀[38;2;238;205;98;48;2;238;205;98m▀[38;2;189;139;106;48;2;16;16;16m▀[38;2;16;16;16;48;2;16;32;65m▀[38;2;189;139;106;48;2;189;139;106m▀[38;2;16;16;16m▀[38;2;16;32;65;48;2;16;16;16m▀[48;2;16;32;65m▀▀▀▀[48;2;82;139;230m▀[38;2;16;16;16m▀[48;2;41;90;148m▀[38;2;41;90;148m▀[38;2;16;16;16;48;2;16;16;16m▀[38;2;16;32;65;48;2;16;32;65m▀▀[38;2;74;115;172;48;2;156;205;255m▀[38;2;156;205;255;48;2;115;164;238m▀[38;2;82;139;230;48;2;82;139;230m▀▀▀▀[38;2;16;57;115m▀[38;2;255;255;255;48;2;74;115;172m▀[48;2;255;255;255m▀▀▀▀▀[38;2;16;57;115;48;2;16;57;115m▀▀[38;2;255;255;255;48;2;255;255;255m▀[38;2;222;238;255;48;2;16;57;115m▀▀[38;2;115;164;238m▀[38;2;16;57;115m▀[48;2;16;16;16m▀[38;2;156;205;255;48;2;156;205;255m▀▀[48;2;41;90;148m▀[38;2;82;139;230;48;2;82;139;230m▀▀▀▀[38;2;16;32;65;48;2;16;32;65m▀[38;2;16;57;115;48;2;16;57;115m▀▀▀▀▀▀▀▀▀▀[38;2;16;16;16m▀[38;2;41;90;148;48;2;16;16;16m▀[48;2;41;90;148m▀[38;2;16;32;65;48;2;16;32;65m▀[0m
[38;2;41;90;148;48;2;41;90;148m▀[38;2;156;205;255;48;2;156;205;255m▀▀[38;2;16;16;16;48;2;16;16;16m▀[38;2;16;32;65;48;2;16;32;65m▀▀[38;2;16;16;16m▀▀[38;2;16;32;65;48;2;16;16;16m▀[38;2;238;205;98;48;2;238;205;98m▀[38;2;189;139;106;48;2;16;16;16m▀[38;2;16;16;16m▀[38;2;16;32;65;48;2;82;139;230m▀▀[38;2;82;139;230;48;2;41;90;148m▀[48;2;16;32;65m▀[38;2;41;90;148;49m▀[38;2;16;32;65m▀▀[38;2;41;90;148;48;2;16;32;65m▀[48;2;41;90;148m▀[38;2;16;32;65;48;2;16;16;16m▀[48;2;16;32;65m▀[38;2;115;164;238;48;2;82;139;230m▀[38;2;82;139;230m▀▀▀▀▀▀[38;2;16;57;115;48;2;16;57;115m▀[38;2;255;255;255;48;2;255;255;255m▀▀[38;2;16;57;115;48;2;16;57;115m▀▀[38;2;222;238;255;48;2;222;238;255m▀[48;2;16;57;115m▀▀[38;2;115;164;238m▀[38;2;16;57;115m▀▀▀[48;2;16;32;65m▀[38;2;16;16;16;48;2;16;16;16m▀[38;2;156;205;255;48;2;41;90;148m▀[38;2;41;90;148;48;2;82;139;230m▀[38;2;82;139;230m▀▀▀▀▀[38;2;16;32;65m▀[38;2;16;57;115;48;2;16;57;115m▀▀▀▀▀▀▀▀▀▀▀[38;2;16;16;16m▀[38;2;41;90;148;48;2;16;16;16m▀[48;2;41;90;148m▀[38;2;16;32;65;48;2;16;32;65m▀[0m
[38;2;41;90;148;48;2;41;90;148m▀[38;2;156;205;255;48;2;156;205;255m▀[48;2;41;90;148m▀[38;2;16;16;16m▀▀[48;2;82;139;230m▀▀▀[38;2;82;139;230;48;2;41;90;148m▀[48;2;16;32;65m▀▀▀[38;2;41;90;148;49m▀[38;2;16;32;65m▀[0m      [38;2;16;32;65m▀[38;2;16;16;16;48;2;16;16;16m▀[38;2;16;32;65;48;2;16;32;65m▀▀[38;2;82;139;230m▀[48;2;82;139;230m▀▀▀▀▀▀[38;2;16;57;115;48;2;16;57;115m▀[38;2;222;238;255m▀▀▀[38;2;16;57;115m▀▀[48;2;16;32;65m▀▀[38;2;16;32;65m▀▀▀▀▀[38;2;16;16;16m▀▀▀▀[38;2;41;90;148m▀[38;2;82;139;230;48;2;82;139;230m▀▀▀[38;2;16;57;115m▀[48;2;16;57;115m▀▀▀▀▀▀▀▀▀▀▀[38;2;16;16;16;48;2;16;32;65m▀[38;2;41;90;148;48;2;41;90;148m▀[38;2;16;32;65m▀[49m▄[0m
[38;2;41;90;148;49m▀[38;2;16;32;65m▀▀▀▀▀▀▀[0m             [38;2;16;16;16m▀[38;2;16;32;65;48;2;16;16;16m▀[48;2;16;32;65m▀▀▀[38;2;82;139;230m▀[48;2;82;139;230m▀▀▀▀▀[38;2;16;32;65;48;2;16;32;65m▀▀▀▀▀▀▀▀▀▀▀▀▀▀▀▀▀▀[38;2;82;139;230m▀[48;2;82;139;230m▀▀▀[38;2;16;57;115m▀[48;2;16;57;115m▀▀▀▀▀▀▀▀▀▀[38;2;16;32;65;48;2;16;32;65m▀[38;2;41;90;148;48;2;41;90;148m▀[38;2;16;16;16;48;2;16;16;16m▀[0m
[0m                      [38;2;16;16;16;48;2;16;16;16m▀[38;2;16;32;65;48;2;16;32;65m▀▀▀▀▀[38;2;82;139;230m▀[48;2;82;139;230m▀▀▀[38;2;16;32;65m▀[48;2;16;32;65m▀▀▀▀▀▀▀▀▀▀▀▀▀▀▀▀▀▀▀[38;2;82;139;230;48;2;16;16;16m▀[48;2;82;139;230m▀▀▀[38;2;16;57;115m▀[48;2;16;57;115m▀▀▀▀▀▀▀▀[38;2;16;32;65m▀[38;2;41;90;148;48;2;41;90;148m▀[38;2;16;16;16m▀[38;2;16;32;65;49m▄[0m
[0m                       [38;2;16;16;16;48;2;16;16;16m▀[38;2;16;32;65;48;2;16;32;65m▀▀▀▀▀▀[38;2;82;139;230m▀[48;2;82;139;230m▀▀[38;2;16;32;65m▀[48;2;16;32;65m▀▀▀▀▀▀▀▀▀▀▀▀▀▀▀▀▀[38;2;16;16;16;48;2;16;16;16m▀[0m [38;2;41;90;148m▀[38;2;82;139;230;48;2;41;90;148m▀[48;2;82;139;230m▀▀▀[38;2;41;90;148m▀[38;2;16;57;115m▀[48;2;41;90;148m▀[48;2;16;57;115m▀▀▀▀▀[38;2;16;32;65;48;2;16;32;65m▀[38;2;41;90;148;48;2;41;90;148m▀[38;2;16;16;16;48;2;16;16;16m▀[0m
[0m                        [38;2;16;16;16m▀[38;2;16;32;65;48;2;16;16;16m▀[48;2;16;32;65m▀▀▀▀[38;2;16;16;16m▀▀[38;2;82;139;230;48;2;16;16;16m▀▀▀[38;2;16;32;65m▀▀[48;2;16;32;65m▀▀▀▀▀▀▀▀▀▀▀▀[48;2;16;16;16m▀[38;2;16;16;16;49m▀[0m    [38;2;41;90;148m▀[38;2;82;139;230m▀[48;2;41;90;148m▀[48;2;82;139;230m▀[48;2;115;164;238m▀[38;2;115;164;238m▀▀[38;2;16;32;65m▀[38;2;16;57;115;48;2;16;32;65m▀▀[48;2;16;57;115m▀[38;2;16;32;65;48;2;16;32;65m▀[38;2;41;90;148;48;2;41;90;148m▀[38;2;16;16;16;48;2;16;16;16m▀[0m
[0m                         [38;2;16;16;16;48;2;16;16;16m▀[38;2;16;32;65;48;2;16;32;65m▀▀▀▀[48;2;16;16;16m▀[38;2;16;16;16m▀▀[49m▄[0m    [38;2;16;16;16m▀▀[38;2;16;32;65;48;2;16;16;16m▀[48;2;16;32;65m▀▀▀▀▀▀▀[48;2;16;16;16m▀[38;2;16;16;16;49m▀[0m        [38;2;41;90;148m▀▀[38;2;115;164;238;48;2;41;90;148m▀▀[48;2;115;164;238m▀▀▀[38;2;16;32;65m▀▀[38;2;41;90;148;48;2;41;90;148m▀[38;2;16;16;16;48;2;16;16;16m▀[0m
[0m                        [38;2;16;16;16;48;2;16;16;16m▀[38;2;16;32;65;48;2;123;82;65m▀[38;2;189;139;106;48;2;189;139;106m▀[38;2;16;32;65;48;2;16;32;65m▀[48;2;189;139;106m▀[38;2;189;139;106m▀[38;2;16;16;16;48;2;16;16;16m▀[48;2;189;139;106m▀[48;2;16;16;16m▀[49m▀▀[0m       [38;2;16;16;16;48;2;16;16;16m▀[38;2;16;32;65;48;2;16;32;65m▀▀▀▀▀[38;2;16;16;16m▀[38;2;16;32;65;48;2;16;16;16m▀[49m▄[0m           [38;2;16;57;115m▀[38;2;41;90;148m▀[38;2;115;164;238;48;2;16;57;115m▀[48;2;41;90;148m▀[48;2;115;164;238m▀▀[38;2;16;16;16;48;2;16;16;16m▀[0m
[0m                   [38;2;16;16;16m▄[38;2;123;82;65m▄[38;2;16;16;16;48;2;123;82;65m▀[48;2;189;139;106m▀[48;2;238;205;98m▀[38;2;189;139;106;48;2;189;139;106m▀▀▀▀▀▀▀▀[38;2;16;16;16;48;2;16;16;16m▀[0m        [38;2;16;16;16m▄[48;2;16;32;65m▀[38;2;16;32;65m▀[48;2;189;139;106m▀[38;2;189;139;106m▀[38;2;16;32;65m▀[48;2;16;32;65m▀[48;2;189;139;106m▀[38;2;189;139;106m▀[38;2;16;16;16;48;2;16;16;16m▀[49m▀[0m              [38;2;16;57;115m▀[38;2;16;16;16m▀▀[0m
[0m                  [38;2;16;16;16m▄[38;2;123;82;65;48;2;238;205;98m▀[38;2;189;139;106m▀[38;2;238;205;98;48;2;189;139;106m▀[48;2;123;82;65m▀[38;2;123;82;65;48;2;189;139;106m▀[38;2;189;139;106;48;2;16;16;16m▀[38;2;123;82;65;48;2;238;205;98m▀[38;2;189;139;106m▀▀[48;2;16;16;16m▀▀[38;2;16;16;16;49m▀▀[0m          [38;2;123;82;65m▄[38;2;16;16;16;48;2;189;139;106m▀[38;2;189;139;106m▀▀▀[48;2;238;205;98m▀[48;2;123;82;65m▀[48;2;189;139;106m▀▀[38;2;16;16;16;48;2;123;82;65m▀[49m▄[0m
[0m                  [38;2;16;16;16m▀▀▀▀▀[38;2;123;82;65;48;2;123;82;65m▀[38;2;238;205;98;48;2;16;16;16m▀▀[38;2;16;16;16;49m▀▀[0m             [38;2;123;82;65m▄[48;2;238;205;98m▀[38;2;189;139;106m▀[38;2;123;82;65;48;2;189;139;106m▀[38;2;189;139;106;48;2;123;82;65m▀[48;2;238;205;98m▀[38;2;238;205;98m▀[38;2;123;82;65m▀[48;2;189;139;106m▀[38;2;189;139;106;48;2;123;82;65m▀[38;2;238;205;98;48;2;238;205;98m▀[38;2;16;16;16m▀[49m▄[0m
[0m                                         [38;2;123;82;65;48;2;123;82;65m▀[38;2;238;205;98;48;2;16;16;16m▀[38;2;16;16;16m▀[38;2;189;139;106;49m▀[38;2;16;16;16m▀[38;2;238;205;98;48;2;16;16;16m▀[48;2;238;205;98m▀[48;2;16;16;16m▀[38;2;189;139;106;49m▀[38;2;16;16;16m▀▀[38;2;238;205;98;48;2;123;82;65m▀[38;2;16;16;16;48;2;16;16;16m▀[0m
[0m                                               [38;2;16;16;16m▀[0m
