[0m              [38;2;82;74;74m▀[38;2;0;0;0;48;2;82;74;74m▀[48;2;115;98;98m▀▀[49m▄[0m
[0m                [38;2;82;74;74;48;2;82;74;74m▀[38;2;115;98;98;48;2;115;98;98m▀[48;2;82;74;74m▀[38;2;0;0;0;48;2;0;0;0m▀[0m
[0m            [38;2;0;0;0m▄▄▄[48;2;57;32;41m▀[38;2;82;74;74;48;2;82;74;74m▀▀[48;2;0;0;0m▀[38;2;0;0;0;49m▀[0m
[0m       [38;2;0;0;0m▄▄[48;2;180;180;180m▀▀▀[38;2;115;98;98;48;2;115;98;98m▀▀▀▀▀[38;2;0;0;0m▀[38;2;57;32;41m▀[38;2;82;74;74;49m▄[0m
[0m     [38;2;0;0;0m▄[48;2;82;74;74m▀[38;2;82;74;74;48;2;255;255;255m▀[38;2;255;255;255m▀▀▀▀▀[38;2;115;98;98;48;2;180;180;180m▀[48;2;115;98;98m▀▀▀▀▀▀[38;2;82;74;74m▀[49m▄[0m
[0m    [38;2;0;0;0m▄[48;2;82;74;74m▀[38;2;180;180;180;48;2;255;255;255m▀[38;2;255;255;255m▀▀▀▀▀▀[48;2;180;180;180m▀[38;2;115;98;98;48;2;115;98;98m▀▀▀▀▀▀▀[38;2;82;74;74m▀[49m▄[0m
[0m   [38;2;0;0;0m▄[48;2;180;180;180m▀[38;2;82;74;74m▀[38;2;255;255;255;48;2;255;255;255m▀▀▀▀▀[48;2;180;180;180m▀[38;2;180;180;180m▀[38;2;115;98;98;48;2;255;255;255m▀▀[38;2;180;180;180m▀▀▀[38;2;115;98;98m▀[48;2;115;98;98m▀▀▀[38;2;82;74;74m▀[49m▄[0m
[0m   [38;2;0;0;0;48;2;0;0;0m▀[48;2;255;255;255m▀[38;2;255;255;255;48;2;0;0;0m▀[48;2;255;255;255m▀▀▀▀▀[48;2;82;74;74m▀[38;2;0;0;0;48;2;0;0;0m▀[48;2;255;255;255m▀[48;2;0;0;0m▀[38;2;255;255;255;48;2;82;74;74m▀[48;2;255;255;255m▀▀▀[38;2;180;180;180m▀[38;2;115;98;98;48;2;115;98;98m▀▀▀[38;2;82;74;74;48;2;82;74;74m▀[0m   [38;2;57;32;41m▄▄▄[0m
[0m   [38;2;0;0;0;48;2;57;32;41m▀[38;2;213;222;222;48;2;82;74;74m▀[38;2;0;0;0;48;2;156;74;32m▀[38;2;156;74;32;48;2;255;148;41m▀▀[38;2;255;255;255;48;2;156;74;32m▀[48;2;180;180;180m▀[48;2;255;255;255m▀[38;2;82;74;74;48;2;82;74;74m▀[38;2;0;0;0;48;2;0;0;0m▀[38;2;255;255;255;48;2;180;180;180m▀[38;2;0;0;0;48;2;0;0;0m▀[38;2;82;74;74;48;2;82;74;74m▀[38;2;255;255;255;48;2;255;255;255m▀▀▀[48;2;213;222;222m▀[38;2;115;98;98;48;2;82;74;74m▀▀[38;2;82;74;74m▀[38;2;0;0;0;48;2;0;0;0m▀[38;2;57;32;41;49m▄[38;2;0;0;0m▄[38;2;57;32;41;48;2;82;74;74m▀[38;2;255;255;255;48;2;255;255;255m▀▀▀[38;2;57;32;41;48;2;57;32;41m▀[0m
[0m  [38;2;0;0;0m▄[38;2;57;32;41;48;2;0;0;0m▀[48;2;156;74;32m▀[38;2;255;148;41;48;2;255;148;41m▀▀▀[48;2;57;32;41m▀[48;2;82;74;74m▀[38;2;156;74;32m▀[38;2;255;255;255;48;2;213;222;222m▀[38;2;0;0;0m▀▀▀[38;2;213;222;222m▀▀▀[48;2;180;180;180m▀[38;2;180;180;180;48;2;82;74;74m▀[38;2;82;74;74m▀▀▀[38;2;0;0;0m▀[38;2;115;98;98;48;2;0;0;0m▀[48;2;115;98;98m▀[38;2;180;180;180;48;2;255;255;255m▀[38;2;255;255;255m▀▀[48;2;115;98;98m▀[38;2;0;0;0m▀▀▀[49m▄[0m
[38;2;0;0;0;49m▄[48;2;115;98;98m▀[38;2;115;98;98m▀[48;2;0;0;0m▀▀[38;2;156;74;32m▀[38;2;0;0;0;48;2;180;180;180m▀[38;2;57;32;41m▀[38;2;156;74;32;48;2;57;32;41m▀▀[38;2;57;32;41;48;2;180;180;180m▀[38;2;213;222;222m▀[48;2;213;222;222m▀▀[48;2;180;180;180m▀[48;2;82;74;74m▀▀[38;2;180;180;180m▀[38;2;82;74;74m▀▀▀▀▀▀[38;2;0;0;0m▀[48;2;0;0;0m▀[38;2;255;255;255m▀[48;2;255;255;255m▀[38;2;180;180;180;48;2;115;98;98m▀[38;2;115;98;98m▀▀▀[48;2;0;0;0m▀[38;2;0;0;0;49m▀[0m
[38;2;0;0;0;49m▀▀[48;2;82;74;74m▀[38;2;82;74;74;48;2;57;32;41m▀[48;2;82;74;74m▀[48;2;0;0;0m▀[38;2;57;32;41;48;2;139;115;115m▀[38;2;82;74;74;48;2;82;74;74m▀▀▀[48;2;0;0;0m▀[48;2;82;74;74m▀▀▀▀[48;2;0;0;0m▀[48;2;82;74;74m▀▀▀[48;2;0;0;0m▀[48;2;172;156;156m▀[38;2;172;156;156m▀▀▀[38;2;0;0;0m▀▀[48;2;0;0;0m▀[38;2;180;180;180;48;2;82;74;74m▀[38;2;115;98;98;48;2;57;32;41m▀[48;2;0;0;0m▀[38;2;82;74;74m▀[38;2;0;0;0;49m▀[0m
[0m [38;2;82;74;74;48;2;82;74;74m▀[38;2;139;115;115;48;2;139;115;115m▀[38;2;82;74;74;48;2;82;74;74m▀[38;2;0;0;0;48;2;172;156;156m▀[38;2;172;156;156m▀▀[38;2;0;0;0;48;2;0;0;0m▀[38;2;82;74;74m▀[38;2;0;0;0;48;2;213;222;222m▀[38;2;213;222;222;48;2;255;255;255m▀[38;2;57;32;41m▀[38;2;82;74;74;48;2;57;32;41m▀[48;2;0;0;0m▀[38;2;0;0;0;48;2;172;156;156m▀[38;2;172;156;156m▀[38;2;0;0;0m▀[38;2;82;74;74;48;2;0;0;0m▀[38;2;0;0;0;48;2;82;74;74m▀[38;2;172;156;156;48;2;172;156;156m▀▀▀▀▀[48;2;139;115;115m▀[38;2;139;115;115m▀[48;2;115;98;98m▀[38;2;0;0;0;48;2;0;0;0m▀[38;2;82;74;74;48;2;82;74;74m▀[48;2;0;0;0m▀[38;2;0;0;0m▀[0m
[0m [38;2;82;74;74;48;2;82;74;74m▀[38;2;139;115;115;48;2;139;115;115m▀[38;2;82;74;74;48;2;82;74;74m▀[38;2;172;156;156;48;2;172;156;156m▀▀▀[38;2;213;222;222;48;2;255;255;255m▀[38;2;255;255;255m▀▀▀▀▀▀▀[38;2;172;156;156;48;2;172;156;156m▀▀▀[38;2;82;74;74;48;2;82;74;74m▀[38;2;172;156;156;48;2;139;115;115m▀▀▀[38;2;139;115;115m▀▀▀[38;2;82;74;74m▀[48;2;82;74;74m▀[38;2;57;32;41m▀[38;2;0;0;0m▀[38;2;82;74;74m▀[38;2;0;0;0;49m▀[0m
[0m  [38;2;82;74;74;48;2;82;74;74m▀[48;2;139;115;115m▀[38;2;172;156;156;48;2;82;74;74m▀[48;2;139;115;115m▀[48;2;172;156;156m▀[38;2;213;222;222m▀[38;2;255;255;255;48;2;213;222;222m▀[48;2;255;255;255m▀▀▀▀▀[38;2;213;222;222;48;2;172;156;156m▀[38;2;172;156;156m▀[48;2;139;115;115m▀▀[38;2;139;115;115m▀[38;2;57;32;41;48;2;57;32;41m▀[38;2;139;115;115;48;2;139;115;115m▀[48;2;82;74;74m▀▀[48;2;139;115;115m▀[38;2;82;74;74;48;2;82;74;74m▀▀▀▀▀[38;2;0;0;0;49m▀[0m
[0m   [38;2;82;74;74m▀[38;2;0;0;0;48;2;82;74;74m▀[38;2;139;115;115;48;2;0;0;0m▀[48;2;139;115;115m▀▀[38;2;172;156;156m▀▀[38;2;255;255;255m▀▀[38;2;213;222;222m▀[38;2;139;115;115;48;2;172;156;156m▀[38;2;172;156;156;48;2;139;115;115m▀[38;2;139;115;115;48;2;172;156;156m▀[38;2;172;156;156;48;2;139;115;115m▀[38;2;139;115;115m▀▀▀[38;2;57;32;41m▀[38;2;82;74;74;48;2;0;0;0m▀[48;2;82;74;74m▀▀▀▀[48;2;0;0;0m▀▀[38;2;0;0;0;49m▀[0m
[0m      [38;2;0;0;0m▀▀[38;2;139;115;115;48;2;0;0;0m▀▀[48;2;82;74;74m▀[48;2;139;115;115m▀▀▀▀▀▀▀▀[48;2;57;32;41m▀[48;2;0;0;0m▀▀[38;2;0;0;0;49m▀▀▀▀[0m
[0m     [38;2;0;0;0m▄[38;2;156;74;32;48;2;255;148;41m▀[48;2;156;74;32m▀[48;2;255;148;41m▀[38;2;213;115;0;48;2;156;74;32m▀[38;2;0;0;0;48;2;213;115;0m▀▀[48;2;0;0;0m▀[38;2;57;32;41;48;2;156;74;32m▀[49m▀[38;2;0;0;0;48;2;0;0;0m▀[48;2;213;115;0m▀[48;2;57;32;41m▀[48;2;255;148;41m▀[38;2;213;115;0;48;2;156;74;32m▀[48;2;255;148;41m▀[48;2;0;0;0m▀[38;2;156;74;32m▀[0m
[0m     [38;2;0;0;0m▀[48;2;0;0;0m▀[38;2;255;148;41m▀[38;2;156;74;32m▀[38;2;0;0;0;49m▀▀▀[0m  [38;2;156;74;32;48;2;0;0;0m▀[38;2;255;148;41m▀[38;2;156;74;32;48;2;57;32;41m▀[38;2;255;148;41;48;2;255;148;41m▀[38;2;156;74;32;48;2;0;0;0m▀[38;2;213;115;0;48;2;255;148;41m▀[38;2;0;0;0;48;2;0;0;0m▀[0m
[0m                [38;2;0;0;0m▀[38;2;57;32;41m▀[38;2;0;0;0m▀▀[0m
