[0m            [38;2;57;54;57m▄▄[48;2;123;106;123m▀▀[38;2;16;16;16;49m▄[0m
[0m         [38;2;57;54;57m▄[38;2;90;82;90m▄[38;2;57;54;57;48;2;123;106;123m▀[38;2;123;106;123m▀▀▀▀[38;2;16;16;16;48;2;90;82;90m▀[49m▄[0m
[0m       [38;2;57;54;57m▄[48;2;123;106;123m▀[38;2;123;106;123m▀▀▀▀▀▀[38;2;90;82;90m▀[38;2;123;106;123;48;2;90;82;90m▀[38;2;16;16;16;48;2;57;54;57m▀[0m
[0m     [38;2;16;16;16m▄[48;2;57;54;57m▀[38;2;123;106;123;48;2;123;106;123m▀▀▀▀▀▀▀[48;2;90;82;90m▀[38;2;90;82;90;48;2;123;106;123m▀[38;2;123;106;123;48;2;90;82;90m▀[38;2;90;82;90m▀[38;2;16;16;16;48;2;16;16;16m▀[0m
[0m  [38;2;82;57;74;48;2;82;57;74m▀[48;2;115;90;98m▀[38;2;16;16;16;49m▄[48;2;82;57;74m▀[38;2;123;106;123;48;2;123;106;123m▀▀▀▀▀▀[48;2;90;82;90m▀▀[38;2;90;82;90m▀▀▀▀[38;2;57;54;57m▀[38;2;16;16;16;48;2;16;16;16m▀[0m  [38;2;16;16;16m▄▄[0m
[0m  [38;2;82;57;74;48;2;82;57;74m▀[38;2;115;90;98;48;2;16;16;16m▀[38;2;16;16;16;48;2;246;82;65m▀[38;2;246;82;65;48;2;135;65;44m▀[38;2;123;106;123;48;2;123;106;123m▀▀▀▀[48;2;90;82;90m▀[38;2;90;82;90m▀▀▀▀▀▀▀▀[48;2;16;16;16m▀[38;2;57;54;57;48;2;57;54;57m▀[38;2;16;16;16;48;2;156;131;139m▀[38;2;156;131;139;48;2;57;54;57m▀[38;2;57;54;57;48;2;156;131;139m▀[38;2;16;16;16;49m▄[0m
[0m  [38;2;135;65;44m▄[38;2;16;16;16;48;2;246;82;65m▀[38;2;246;82;65m▀[38;2;123;106;123;48;2;123;106;123m▀▀▀[48;2;90;82;90m▀[38;2;90;82;90m▀▀▀▀▀[48;2;57;54;57m▀▀[38;2;57;54;57;48;2;156;131;139m▀[38;2;16;16;16m▀▀[38;2;156;131;139m▀▀▀▀[48;2;255;255;255m▀[38;2;16;16;16;48;2;16;16;16m▀[0m
[0m [38;2;135;65;44m▄[38;2;16;16;16;48;2;246;82;65m▀[38;2;246;82;65m▀[38;2;135;65;44;48;2;123;106;123m▀[38;2;123;106;123m▀▀[38;2;90;82;90;48;2;90;82;90m▀▀▀[48;2;16;16;16m▀[48;2;57;54;57m▀[38;2;16;16;16;48;2;115;90;98m▀[38;2;57;54;57;48;2;156;131;139m▀[38;2;156;131;139m▀▀▀▀▀▀▀▀[38;2;255;255;255;48;2;255;255;255m▀[48;2;16;16;16m▀[38;2;16;16;16;49m▀[0m
[0m [38;2;16;16;16;48;2;16;16;16m▀[38;2;246;82;65;48;2;246;82;65m▀▀[38;2;123;106;123m▀[38;2;246;82;65;48;2;135;65;44m▀[38;2;90;82;90;48;2;90;82;90m▀[48;2;135;65;44m▀[48;2;16;16;16m▀[38;2;16;16;16;48;2;180;180;180m▀[38;2;180;180;180m▀[48;2;255;255;255m▀[38;2;255;255;255m▀▀[38;2;156;131;139m▀[48;2;156;131;139m▀▀▀▀▀[48;2;255;255;255m▀[38;2;255;255;255m▀▀[38;2;16;16;16;48;2;90;82;90m▀[49m▄[0m
[38;2;135;65;44;48;2;16;16;16m▀[38;2;246;82;65;48;2;246;82;65m▀▀[48;2;135;65;44m▀[48;2;246;82;65m▀[38;2;135;65;44m▀[38;2;246;82;65;48;2;57;54;57m▀[38;2;16;16;16m▀[38;2;180;180;180;48;2;180;180;180m▀▀[48;2;255;255;255m▀[38;2;255;255;255m▀▀▀▀[38;2;156;131;139;48;2;156;131;139m▀▀▀▀[48;2;255;255;255m▀[38;2;255;255;255m▀▀[48;2;57;54;57m▀[38;2;90;82;90;48;2;90;82;90m▀[38;2;57;54;57m▀[38;2;16;16;16;49m▄[0m
[38;2;16;16;16;48;2;16;16;16m▀[38;2;246;82;65;48;2;246;82;65m▀[48;2;135;65;44m▀[38;2;135;65;44;48;2;246;82;65m▀[38;2;246;82;65m▀[48;2;16;16;16m▀[38;2;16;16;16;48;2;115;90;98m▀[38;2;180;180;180m▀[48;2;180;180;180m▀[48;2;255;255;255m▀[38;2;255;255;255m▀▀[48;2;156;131;139m▀▀[38;2;156;131;139m▀▀[48;2;16;16;16m▀[48;2;255;255;255m▀[38;2;255;255;255m▀▀▀[48;2;57;54;57m▀[38;2;16;16;16m▀[38;2;90;82;90;48;2;90;82;90m▀▀[38;2;57;54;57m▀[38;2;16;16;16;48;2;16;16;16m▀[0m
[38;2;16;16;16;49m▀[38;2;246;82;65;48;2;16;16;16m▀[38;2;135;65;44;48;2;135;65;44m▀[38;2;246;82;65;48;2;246;82;65m▀[48;2;82;57;74m▀[38;2;16;16;16m▀[48;2;180;180;180m▀[38;2;115;90;98;48;2;135;65;44m▀[48;2;115;90;98m▀[38;2;156;131;139;48;2;82;57;74m▀▀[48;2;16;16;16m▀▀[48;2;255;255;255m▀[38;2;16;16;16;48;2;135;65;44m▀[38;2;255;255;255;48;2;180;180;180m▀[38;2;180;180;180;48;2;255;255;255m▀[38;2;255;255;255m▀▀▀▀[38;2;16;16;16;48;2;90;82;90m▀[38;2;90;82;90m▀▀▀▀[48;2;57;54;57m▀[38;2;16;16;16;48;2;16;16;16m▀[49m▄[0m                  [38;2;57;54;57m▄▄[48;2;90;82;90m▀▀[48;2;16;16;16m▀[0m
[0m [38;2;16;16;16m▀[38;2;135;65;44;48;2;16;16;16m▀[38;2;246;82;65;48;2;246;82;65m▀[38;2;16;16;16;48;2;16;16;16m▀[0m [38;2;16;16;16m▀[38;2;180;180;180;48;2;135;65;44m▀[38;2;16;16;16m▀[38;2;82;57;74;48;2;255;148;41m▀[38;2;255;148;41m▀[38;2;189;98;0m▀[38;2;255;148;41m▀[38;2;135;65;44;48;2;189;98;0m▀▀[38;2;255;255;255m▀[48;2;255;255;255m▀▀▀▀[38;2;57;54;57;48;2;90;82;90m▀[38;2;90;82;90m▀▀▀▀▀▀▀▀[38;2;16;16;16m▀[48;2;57;54;57m▀[49m▄▄[0m        [38;2;57;54;57m▄▄[0m [38;2;16;16;16m▄[38;2;57;54;57;48;2;57;54;57m▀[38;2;16;16;16;48;2;90;82;90m▀[38;2;90;82;90m▀▀▀[48;2;16;16;16m▀[38;2;16;16;16;49m▀[0m
[0m  [38;2;16;16;16m▀[38;2;135;65;44;48;2;16;16;16m▀[0m  [38;2;90;82;90;48;2;90;82;90m▀[38;2;180;180;180;48;2;16;16;16m▀[38;2;16;16;16;48;2;90;82;90m▀[38;2;90;82;90m▀[38;2;255;148;41m▀[48;2;16;16;16m▀[38;2;135;65;44m▀[38;2;16;16;16;48;2;189;98;0m▀[38;2;189;98;0;48;2;135;65;44m▀[38;2;135;65;44;48;2;255;255;255m▀[38;2;255;255;255m▀▀▀▀[38;2;180;180;180m▀[38;2;90;82;90;48;2;90;82;90m▀▀▀▀▀▀[48;2;57;54;57m▀▀[48;2;90;82;90m▀▀▀[38;2;57;54;57m▀[38;2;16;16;16m▀[49m▄[0m   [38;2;16;16;16m▄▄[48;2;90;82;90m▀[38;2;90;82;90m▀[48;2;16;16;16m▀[38;2;16;16;16;48;2;156;131;139m▀[38;2;90;82;90;48;2;90;82;90m▀▀▀▀▀[48;2;16;16;16m▀[38;2;16;16;16m▀[49m▄[0m
[0m     [38;2;90;82;90;48;2;90;82;90m▀[38;2;180;180;180;48;2;255;255;255m▀[38;2;16;16;16;48;2;16;16;16m▀[38;2;90;82;90;48;2;90;82;90m▀[48;2;16;16;16m▀[38;2;16;16;16m▀[38;2;135;65;44;48;2;255;255;255m▀▀[38;2;255;255;255m▀▀▀▀▀▀▀▀[38;2;90;82;90;48;2;180;180;180m▀[48;2;90;82;90m▀▀▀[48;2;57;54;57m▀[48;2;90;82;90m▀▀[38;2;57;54;57m▀[48;2;57;54;57m▀[48;2;156;131;139m▀▀▀[38;2;90;82;90;48;2;57;54;57m▀▀[38;2;16;16;16m▀[38;2;57;54;57;49m▄[48;2;90;82;90m▀[38;2;90;82;90;48;2;16;16;16m▀[38;2;16;16;16;48;2;90;82;90m▀[38;2;90;82;90;48;2;82;57;74m▀[38;2;16;16;16;48;2;156;131;139m▀[38;2;156;131;139m▀[38;2;90;82;90;48;2;90;82;90m▀▀▀▀[48;2;16;16;16m▀[38;2;16;16;16;48;2;90;82;90m▀▀[38;2;90;82;90m▀[38;2;16;16;16;48;2;16;16;16m▀[0m
[0m    [38;2;90;82;90;48;2;90;82;90m▀[38;2;255;255;255;48;2;255;255;255m▀▀[38;2;16;16;16m▀[38;2;90;82;90;48;2;16;16;16m▀[38;2;16;16;16;48;2;255;255;255m▀[38;2;255;255;255m▀▀▀▀▀▀[48;2;90;82;90m▀[48;2;255;255;255m▀▀▀▀▀[38;2;90;82;90;48;2;90;82;90m▀▀▀[38;2;57;54;57;48;2;57;54;57m▀[48;2;156;131;139m▀▀[38;2;90;82;90;48;2;57;54;57m▀▀[38;2;57;54;57m▀[38;2;156;131;139;48;2;156;131;139m▀▀▀▀▀[38;2;16;16;16m▀[38;2;90;82;90;48;2;16;16;16m▀[38;2;57;54;57;48;2;115;90;98m▀[38;2;115;90;98;48;2;82;57;74m▀[38;2;16;16;16;48;2;156;131;139m▀[38;2;156;131;139m▀▀▀▀[48;2;82;57;74m▀[38;2;16;16;16;48;2;90;82;90m▀[38;2;90;82;90m▀▀[48;2;57;54;57m▀[38;2;57;54;57;48;2;16;16;16m▀[0m [38;2;16;16;16m▄▄▄[0m
[0m   [38;2;16;16;16m▄[38;2;180;180;180;48;2;255;255;255m▀[38;2;255;255;255m▀[48;2;90;82;90m▀[38;2;90;82;90m▀[38;2;255;255;255m▀[48;2;255;255;255m▀▀▀▀▀▀[38;2;90;82;90;48;2;90;82;90m▀▀▀[38;2;255;255;255m▀[48;2;255;255;255m▀▀▀[38;2;180;180;180m▀[38;2;90;82;90;48;2;90;82;90m▀▀[38;2;57;54;57m▀[38;2;156;131;139;48;2;57;54;57m▀[48;2;156;131;139m▀▀▀▀▀▀▀▀▀▀[38;2;82;57;74m▀[48;2;16;16;16m▀[48;2;115;90;98m▀[38;2;115;90;98m▀▀[38;2;156;131;139m▀▀[38;2;82;57;74;48;2;82;57;74m▀[38;2;156;131;139;48;2;115;90;98m▀[38;2;57;54;57;48;2;57;54;57m▀▀[48;2;115;90;98m▀▀[38;2;16;16;16;48;2;16;16;16m▀[48;2;57;54;57m▀[38;2;57;54;57m▀▀[38;2;16;16;16;48;2;16;16;16m▀[0m
[0m   [38;2;16;16;16;48;2;16;16;16m▀[38;2;255;255;255;48;2;255;255;255m▀[38;2;180;180;180;48;2;90;82;90m▀[38;2;90;82;90m▀▀▀[38;2;255;255;255m▀[48;2;255;255;255m▀▀▀▀[38;2;180;180;180;48;2;90;82;90m▀[38;2;90;82;90m▀▀▀▀▀[38;2;180;180;180m▀[38;2;255;255;255m▀[48;2;255;255;255m▀[38;2;90;82;90;48;2;90;82;90m▀▀▀[38;2;57;54;57;48;2;57;54;57m▀[38;2;156;131;139;48;2;156;131;139m▀▀▀▀▀▀▀▀▀▀▀▀[38;2;16;16;16;48;2;82;57;74m▀[38;2;115;90;98m▀[48;2;115;90;98m▀▀[38;2;82;57;74;48;2;82;57;74m▀[38;2;115;90;98;48;2;115;90;98m▀▀▀▀[48;2;57;54;57m▀[38;2;82;57;74;48;2;115;90;98m▀[38;2;57;54;57;48;2;57;54;57m▀▀▀[38;2;16;16;16;48;2;16;16;16m▀[0m
[0m   [38;2;16;16;16m▀[38;2;180;180;180;48;2;16;16;16m▀[38;2;90;82;90;48;2;90;82;90m▀▀▀▀▀[38;2;180;180;180m▀[38;2;255;255;255;48;2;255;255;255m▀▀[38;2;180;180;180;48;2;90;82;90m▀[38;2;90;82;90m▀▀▀▀▀▀▀▀▀▀▀▀[38;2;57;54;57;48;2;57;54;57m▀[38;2;156;131;139;48;2;156;131;139m▀▀▀▀▀▀▀▀▀▀▀▀▀[38;2;16;16;16;48;2;115;90;98m▀[38;2;115;90;98;48;2;16;16;16m▀[38;2;82;57;74m▀[38;2;115;90;98m▀[38;2;16;16;16;48;2;115;90;98m▀[48;2;82;57;74m▀[48;2;115;90;98m▀[38;2;57;54;57;48;2;16;16;16m▀[38;2;82;57;74;48;2;115;90;98m▀[38;2;115;90;98m▀[38;2;57;54;57m▀▀[48;2;16;16;16m▀[0m
[0m    [38;2;16;16;16;48;2;16;16;16m▀[38;2;90;82;90;48;2;90;82;90m▀[48;2;57;54;57m▀[48;2;90;82;90m▀[38;2;57;54;57;48;2;57;54;57m▀[38;2;90;82;90;48;2;90;82;90m▀▀▀[38;2;255;255;255m▀[38;2;90;82;90m▀▀▀▀[38;2;57;54;57;48;2;57;54;57m▀[38;2;90;82;90m▀[48;2;90;82;90m▀[38;2;57;54;57;48;2;57;54;57m▀[38;2;90;82;90m▀[48;2;90;82;90m▀▀▀▀▀[38;2;57;54;57;48;2;57;54;57m▀[38;2;156;131;139;48;2;156;131;139m▀▀▀▀▀▀▀▀▀▀▀[48;2;115;90;98m▀[38;2;115;90;98m▀[38;2;16;16;16m▀[38;2;82;57;74;48;2;16;16;16m▀[38;2;115;90;98;48;2;115;90;98m▀[38;2;82;57;74;48;2;82;57;74m▀[38;2;115;90;98;48;2;115;90;98m▀▀[38;2;16;16;16;48;2;16;16;16m▀[38;2;115;90;98;48;2;115;90;98m▀[48;2;57;54;57m▀[48;2;16;16;16m▀[38;2;16;16;16;49m▀[0m
[0m     [38;2;16;16;16;48;2;16;16;16m▀[38;2;57;54;57;48;2;90;82;90m▀[48;2;57;54;57m▀[38;2;90;82;90m▀[38;2;57;54;57;48;2;255;255;255m▀[38;2;90;82;90;48;2;57;54;57m▀[48;2;90;82;90m▀▀▀▀▀[48;2;57;54;57m▀[38;2;57;54;57;48;2;255;255;255m▀[38;2;255;255;255m▀[38;2;57;54;57m▀▀[38;2;255;255;255m▀[38;2;16;16;16;48;2;16;16;16m▀[38;2;90;82;90;48;2;57;54;57m▀▀[48;2;90;82;90m▀▀[38;2;57;54;57;48;2;57;54;57m▀[38;2;156;131;139;48;2;156;131;139m▀▀▀▀▀▀▀▀▀▀[48;2;115;90;98m▀[38;2;115;90;98;48;2;156;131;139m▀[38;2;156;131;139;48;2;115;90;98m▀[38;2;115;90;98;48;2;156;131;139m▀[38;2;16;16;16;48;2;115;90;98m▀[38;2;82;57;74;48;2;16;16;16m▀[38;2;115;90;98;48;2;115;90;98m▀▀[48;2;57;54;57m▀[38;2;16;16;16;48;2;16;16;16m▀[49m▀[38;2;57;54;57m▀[0m
[0m      [38;2;16;16;16m▀[38;2;57;54;57;48;2;16;16;16m▀[38;2;156;131;139;48;2;156;131;139m▀[38;2;255;255;255m▀[48;2;255;255;255m▀[38;2;57;54;57m▀[38;2;90;82;90;48;2;57;54;57m▀▀[48;2;90;82;90m▀[48;2;57;54;57m▀[38;2;57;54;57;48;2;255;255;255m▀[38;2;255;255;255m▀▀▀▀▀[48;2;156;131;139m▀[38;2;16;16;16;48;2;16;16;16m▀[38;2;156;131;139;48;2;115;90;98m▀[38;2;57;54;57;48;2;156;131;139m▀▀▀[38;2;156;131;139m▀▀▀▀▀▀[48;2;115;90;98m▀▀▀[38;2;115;90;98;48;2;156;131;139m▀[38;2;156;131;139;48;2;115;90;98m▀[38;2;115;90;98;48;2;156;131;139m▀[38;2;156;131;139;48;2;115;90;98m▀[38;2;115;90;98m▀▀[38;2;16;16;16;48;2;82;57;74m▀[38;2;115;90;98;48;2;115;90;98m▀▀[38;2;16;16;16;48;2;16;16;16m▀[0m
[0m        [38;2;90;82;90m▀[38;2;156;131;139;48;2;90;82;90m▀[48;2;156;131;139m▀[38;2;255;255;255m▀[48;2;255;255;255m▀▀[38;2;57;54;57m▀▀[38;2;255;255;255m▀▀▀▀▀[38;2;180;180;180;48;2;156;131;139m▀[38;2;156;131;139m▀▀[38;2;16;16;16m▀[38;2;156;131;139;48;2;16;16;16m▀[48;2;156;131;139m▀▀[48;2;115;90;98m▀▀▀▀[38;2;115;90;98m▀▀▀▀▀▀▀▀▀▀▀▀▀[48;2;16;16;16m▀[38;2;16;16;16;49m▀[0m
[0m          [38;2;16;16;16m▀[38;2;90;82;90m▀[38;2;115;90;98;48;2;16;16;16m▀[38;2;180;180;180;48;2;115;90;98m▀[38;2;255;255;255m▀[48;2;180;180;180m▀▀▀▀[48;2;115;90;98m▀[38;2;156;131;139m▀▀[38;2;115;90;98m▀▀▀▀[38;2;82;57;74m▀[38;2;115;90;98;48;2;82;57;74m▀▀[48;2;115;90;98m▀▀▀▀▀▀▀▀▀▀▀▀▀▀[48;2;16;16;16m▀[38;2;82;57;74m▀[38;2;16;16;16;49m▀[0m
[0m             [38;2;16;16;16m▀▀[38;2;115;90;98;48;2;16;16;16m▀[38;2;180;180;180m▀▀[38;2;115;90;98;48;2;115;90;98m▀▀▀▀▀▀▀▀▀▀▀[38;2;82;57;74m▀▀▀▀[38;2;115;90;98;48;2;82;57;74m▀▀▀▀▀[48;2;16;16;16m▀▀▀[38;2;16;16;16;49m▀▀[0m
[0m                [38;2;82;57;74m▄[48;2;115;90;98m▀[38;2;16;16;16;48;2;82;57;74m▀[48;2;115;90;98m▀▀[38;2;115;90;98;48;2;16;16;16m▀▀▀[48;2;115;90;98m▀▀▀▀▀[48;2;82;57;74m▀▀[48;2;115;90;98m▀[48;2;82;57;74m▀[48;2;16;16;16m▀▀[38;2;16;16;16;48;2;115;90;98m▀[48;2;82;57;74m▀[38;2;82;57;74;49m▄[0m
[0m                [38;2;82;57;74m▀▀[0m [38;2;16;16;16;48;2;16;16;16m▀[48;2;135;65;44m▀[38;2;115;90;98m▀[38;2;135;65;44m▀[38;2;115;90;98;48;2;16;16;16m▀[38;2;16;16;16;48;2;115;90;98m▀[48;2;16;16;16m▀[49m▀▀[48;2;82;57;74m▀[38;2;115;90;98m▀[38;2;82;57;74;49m▀[38;2;115;90;98;48;2;16;16;16m▀▀[38;2;82;57;74;48;2;135;65;44m▀[38;2;135;65;44m▀[38;2;16;16;16;48;2;16;16;16m▀[38;2;82;57;74;49m▀[0m
[0m              [38;2;16;16;16m▄▄▄▄[48;2;16;16;16m▀[48;2;189;98;0m▀[38;2;189;98;0m▀[48;2;135;65;44m▀[38;2;16;16;16;48;2;16;16;16m▀[49m▄▄[0m      [38;2;16;16;16m▄[48;2;189;98;0m▀[38;2;135;65;44m▀[38;2;82;57;74;48;2;16;16;16m▀[49m▀[0m
[0m         [38;2;16;16;16m▄[48;2;115;90;98m▀[48;2;16;16;16m▀[48;2;135;65;44m▀[38;2;135;65;44;48;2;255;148;41m▀[38;2;189;98;0m▀[38;2;255;148;41;48;2;135;65;44m▀▀[38;2;135;65;44;48;2;255;148;41m▀[48;2;189;98;0m▀[38;2;189;98;0m▀▀▀[48;2;135;65;44m▀[48;2;16;16;16m▀[38;2;16;16;16;48;2;115;90;98m▀[48;2;16;16;16m▀[0m    [38;2;16;16;16m▄[48;2;189;98;0m▀[38;2;189;98;0m▀▀[38;2;16;16;16;48;2;16;16;16m▀[49m▄[0m
[0m        [38;2;16;16;16;48;2;16;16;16m▀[38;2;115;90;98m▀[38;2;16;16;16;48;2;115;90;98m▀[38;2;115;90;98;48;2;16;16;16m▀▀[38;2;16;16;16;48;2;115;90;98m▀[48;2;255;148;41m▀[38;2;255;148;41m▀[48;2;16;16;16m▀▀[38;2;189;98;0m▀[38;2;135;65;44;49m▀[38;2;16;16;16m▀▀[0m  [38;2;16;16;16m▀▀▄▄[48;2;189;98;0m▀[48;2;255;148;41m▀[48;2;135;65;44m▀[38;2;189;98;0;48;2;255;148;41m▀[38;2;135;65;44m▀[38;2;189;98;0;48;2;189;98;0m▀[48;2;255;148;41m▀[38;2;135;65;44m▀[38;2;16;16;16;48;2;16;16;16m▀[0m
[0m         [38;2;16;16;16m▀▀[48;2;16;16;16m▀[38;2;115;90;98m▀▀[38;2;16;16;16m▀[49m▀▀[0m        [38;2;16;16;16;48;2;16;16;16m▀[38;2;115;90;98;48;2;115;90;98m▀[48;2;16;16;16m▀[38;2;255;148;41m▀[38;2;135;65;44m▀[38;2;255;148;41;48;2;115;90;98m▀▀[38;2;135;65;44;48;2;16;16;16m▀▀[38;2;255;148;41m▀[38;2;115;90;98;48;2;115;90;98m▀▀[38;2;16;16;16;48;2;16;16;16m▀[0m
[0m                         [38;2;16;16;16m▀▀[0m  [38;2;16;16;16m▀[38;2;115;90;98;48;2;16;16;16m▀[38;2;16;16;16m▀[0m   [38;2;16;16;16m▀[38;2;115;90;98;48;2;16;16;16m▀[38;2;16;16;16m▀[0m
