[0m                             [38;2;65;49;16m▄[48;2;156;98;49m▀[48;2;197;139;65m▀▀▀▀[49m▄[0m
[0m                        [38;2;156;98;49m▄[48;2;156;98;49m▀[48;2;197;139;65m▀[38;2;65;49;16m▀[48;2;65;49;16m▀[38;2;197;139;65;48;2;197;139;65m▀▀▀▀▀▀[38;2;156;98;49m▀[38;2;65;49;16;48;2;65;49;16m▀[0m
[0m                     [38;2;65;49;16m▄▄[48;2;65;49;16m▀[38;2;197;139;65m▀▀▀[48;2;197;139;65m▀[38;2;156;98;49m▀[38;2;197;139;65m▀▀▀▀▀[48;2;65;49;16m▀▀[38;2;65;49;16;48;2;197;139;65m▀▀▀[49m▄[0m
[0m                [38;2;98;74;49m▄▄[48;2;197;139;65m▀▀▀[38;2;197;139;65m▀▀▀▀▀▀[38;2;156;98;49m▀▀[38;2;197;139;65m▀▀▀▀[38;2;156;98;49m▀[38;2;197;139;65m▀▀▀▀▀▀[38;2;16;16;16;48;2;16;16;16m▀[0m
[0m     [38;2;98;74;49m▄[48;2;197;139;65m▀▀▀[38;2;65;49;16;49m▄[0m   [38;2;65;49;16m▄[38;2;98;74;49;48;2;197;139;65m▀▀[38;2;197;139;65m▀▀▀▀[48;2;98;74;49m▀[38;2;98;74;49;48;2;197;139;65m▀▀▀[38;2;197;139;65;48;2;65;49;16m▀[48;2;197;139;65m▀▀▀▀▀▀▀▀▀[48;2;156;98;49m▀[48;2;197;139;65m▀▀▀▀▀[38;2;16;16;16;48;2;16;16;16m▀[0m
[0m    [38;2;98;74;49;48;2;65;49;16m▀[38;2;197;139;65;48;2;197;139;65m▀▀▀▀▀[38;2;65;49;16;48;2;65;49;16m▀[38;2;98;74;49;49m▄[38;2;65;49;16;48;2;98;74;49m▀[38;2;197;139;65m▀▀▀▀[48;2;197;139;65m▀▀[38;2;98;74;49;48;2;65;49;16m▀[38;2;197;139;65;48;2;197;139;65m▀▀▀▀▀[38;2;65;49;16;48;2;16;16;16m▀[38;2;197;139;65;48;2;197;139;65m▀▀▀▀▀▀▀▀▀[38;2;65;49;16m▀[38;2;197;139;65;48;2;65;49;16m▀[48;2;16;16;16m▀▀[38;2;16;16;16;48;2;156;98;49m▀[38;2;65;49;16m▀[49m▄[0m
[0m     [38;2;65;49;16;48;2;16;16;16m▀[38;2;197;139;65;48;2;65;49;16m▀[48;2;197;139;65m▀▀[38;2;98;74;49m▀[38;2;156;98;49m▀[38;2;197;139;65m▀▀▀▀▀[38;2;156;98;49m▀[38;2;65;49;16m▀[38;2;16;16;16m▀▀[38;2;197;139;65m▀▀▀▀[38;2;156;98;49;48;2;65;49;16m▀[38;2;65;49;16;48;2;197;139;65m▀[38;2;197;139;65m▀▀▀▀▀▀▀▀▀▀▀[38;2;16;16;16;48;2;65;49;16m▀[38;2;156;98;49;48;2;156;98;49m▀▀▀[38;2;65;49;16;48;2;65;49;16m▀[0m
[0m    [38;2;65;49;16m▄[38;2;16;16;16;48;2;197;139;65m▀[38;2;197;139;65m▀▀▀▀[48;2;255;238;189m▀[38;2;205;189;131m▀[38;2;255;238;189m▀▀[38;2;205;189;131m▀[38;2;197;139;65;48;2;205;189;131m▀[48;2;197;139;65m▀▀▀▀▀▀[38;2;156;98;49m▀[38;2;16;16;16m▀[38;2;197;139;65;48;2;65;49;16m▀[48;2;197;139;65m▀▀▀▀▀▀▀▀▀▀▀▀▀[38;2;65;49;16;48;2;156;98;49m▀[38;2;156;98;49;48;2;65;49;16m▀[38;2;65;49;16;49m▀[0m
[0m  [38;2;98;74;49m▄[38;2;16;16;16m▄[38;2;65;49;16;48;2;197;139;65m▀[38;2;197;139;65;48;2;255;238;189m▀[38;2;255;238;189;48;2;205;189;131m▀▀[38;2;197;139;65;48;2;255;238;189m▀[38;2;255;238;189m▀▀▀▀▀▀▀[38;2;197;139;65m▀[38;2;205;189;131m▀[38;2;255;238;189;48;2;205;189;131m▀▀[38;2;197;139;65;48;2;255;238;189m▀[48;2;197;139;65m▀▀▀[38;2;16;16;16m▀[38;2;197;139;65;48;2;16;16;16m▀[48;2;197;139;65m▀▀▀▀▀▀▀▀▀▀▀▀[38;2;156;98;49;48;2;156;98;49m▀[38;2;65;49;16;48;2;16;16;16m▀[0m
[38;2;98;74;49;49m▄[48;2;197;139;65m▀[38;2;197;139;65m▀▀▀[38;2;255;238;189;48;2;255;238;189m▀[38;2;255;255;255;48;2;16;16;16m▀[38;2;90;65;41m▀[38;2;255;238;189;48;2;255;238;189m▀▀▀▀▀▀▀▀▀▀[38;2;255;255;255;48;2;16;16;16m▀[38;2;90;65;41m▀[38;2;255;238;189;48;2;255;238;189m▀[38;2;197;139;65;48;2;197;139;65m▀▀▀[48;2;65;49;16m▀[38;2;65;49;16;48;2;197;139;65m▀▀[38;2;156;98;49m▀[38;2;197;139;65;48;2;156;98;49m▀[48;2;197;139;65m▀▀▀▀▀▀▀▀[38;2;156;98;49;48;2;156;98;49m▀▀▀[38;2;65;49;16;48;2;16;16;16m▀[0m
[38;2;65;49;16;48;2;65;49;16m▀[38;2;197;139;65;48;2;197;139;65m▀▀▀▀[38;2;205;189;131m▀[38;2;255;238;189;48;2;255;238;189m▀[48;2;65;49;16m▀▀[38;2;65;49;16;48;2;90;65;41m▀[38;2;90;65;41m▀▀▀▀▀[38;2;255;238;189m▀▀▀[48;2;255;238;189m▀▀[38;2;205;189;131;48;2;197;139;65m▀[38;2;197;139;65m▀▀▀▀▀▀▀▀[38;2;65;49;16;48;2;16;16;16m▀[38;2;197;139;65;48;2;197;139;65m▀▀▀▀▀[48;2;156;98;49m▀[38;2;156;98;49m▀▀▀▀[38;2;16;16;16;48;2;16;16;16m▀[0m
[0m [38;2;16;16;16;48;2;65;49;16m▀[38;2;197;139;65m▀[48;2;156;98;49m▀[48;2;197;139;65m▀▀[38;2;65;49;16;48;2;90;65;41m▀[38;2;90;65;41m▀▀▀[38;2;238;90;74;48;2;156;98;49m▀[48;2;238;90;74m▀[48;2;156;98;49m▀[38;2;65;49;16;48;2;65;49;16m▀[38;2;90;65;41;48;2;90;65;41m▀▀▀▀▀[38;2;16;16;16m▀[38;2;197;139;65;48;2;16;16;16m▀[48;2;197;139;65m▀▀▀▀▀▀▀[48;2;16;16;16m▀[38;2;16;16;16;48;2;197;139;65m▀[38;2;197;139;65m▀▀[48;2;156;98;49m▀▀[38;2;156;98;49m▀▀[38;2;65;49;16;48;2;65;49;16m▀[38;2;156;98;49;48;2;156;98;49m▀▀▀[38;2;16;16;16;48;2;16;16;16m▀[0m
[38;2;65;49;16;48;2;16;16;16m▀[38;2;156;98;49;48;2;197;139;65m▀[38;2;197;139;65m▀▀▀[38;2;65;49;16;48;2;16;16;16m▀[38;2;90;65;41;48;2;90;65;41m▀▀▀▀[38;2;65;49;16m▀[38;2;156;98;49;48;2;65;49;16m▀[38;2;65;49;16;48;2;90;65;41m▀[38;2;90;65;41m▀▀▀▀▀▀▀▀[38;2;65;49;16;48;2;16;16;16m▀[38;2;197;139;65;48;2;197;139;65m▀▀▀[38;2;156;98;49m▀[38;2;65;49;16;48;2;156;98;49m▀[38;2;16;16;16;48;2;65;49;16m▀[38;2;197;139;65;48;2;156;98;49m▀▀[38;2;156;98;49m▀▀▀▀▀[48;2;98;74;49m▀[38;2;65;49;16;48;2;156;98;49m▀[38;2;156;98;49m▀▀▀[38;2;16;16;16;48;2;16;16;16m▀[0m
[38;2;16;16;16;49m▀[38;2;156;98;49;48;2;16;16;16m▀[38;2;197;139;65;48;2;156;98;49m▀▀[38;2;156;98;49m▀[38;2;16;16;16m▀[38;2;90;65;41;48;2;16;16;16m▀[48;2;90;65;41m▀▀▀▀▀[48;2;65;49;16m▀[48;2;90;65;41m▀▀▀▀▀▀[48;2;65;49;16m▀[48;2;90;65;41m▀[38;2;16;16;16;48;2;16;16;16m▀[38;2;156;98;49;48;2;156;98;49m▀[38;2;197;139;65m▀▀[38;2;156;98;49m▀▀▀[38;2;16;16;16;48;2;16;16;16m▀[38;2;156;98;49;48;2;156;98;49m▀▀▀[48;2;205;189;131m▀▀[38;2;205;189;131;48;2;16;16;16m▀[38;2;98;74;49;48;2;156;98;49m▀[38;2;156;98;49m▀▀▀[38;2;65;49;16;48;2;16;16;16m▀[0m
[0m  [38;2;65;49;16;48;2;16;16;16m▀[48;2;156;98;49m▀[38;2;156;98;49m▀▀[38;2;65;49;16m▀[48;2;65;49;16m▀[38;2;16;16;16m▀[48;2;205;197;197m▀▀[38;2;65;49;16m▀[38;2;205;197;197m▀[38;2;65;49;16m▀[38;2;16;16;16m▀▀▀[48;2;65;49;16m▀▀[38;2;98;74;49m▀[38;2;16;16;16;48;2;156;98;49m▀[38;2;156;98;49m▀▀▀▀▀▀[48;2;16;16;16m▀[38;2;16;16;16;48;2;156;98;49m▀[38;2;156;98;49;48;2;65;49;16m▀[38;2;205;189;131;48;2;205;189;131m▀▀[48;2;16;16;16m▀[38;2;16;16;16;48;2;156;98;49m▀[38;2;156;98;49m▀▀▀▀[48;2;65;49;16m▀[38;2;16;16;16;49m▀[0m
[0m   [38;2;16;16;16m▀[38;2;156;98;49;48;2;98;74;49m▀▀[48;2;156;98;49m▀▀[38;2;65;49;16m▀[38;2;205;197;197;48;2;16;16;16m▀[48;2;255;255;255m▀▀[38;2;131;131;131;48;2;131;131;131m▀[38;2;205;197;197;48;2;255;255;255m▀▀▀[38;2;131;131;131;48;2;16;16;16m▀[38;2;65;49;16;48;2;156;98;49m▀[38;2;156;98;49m▀▀▀▀▀▀[38;2;16;16;16;48;2;16;16;16m▀[48;2;156;98;49m▀▀[38;2;156;98;49m▀[48;2;16;16;16m▀[38;2;16;16;16m▀[49m▀▀[0m [38;2;65;49;16m▀[38;2;156;98;49;48;2;16;16;16m▀[48;2;90;65;41m▀▀▀[38;2;16;16;16;48;2;16;16;16m▀[0m
[0m     [38;2;16;16;16;48;2;16;16;16m▀[38;2;156;98;49;48;2;98;74;49m▀[48;2;156;98;49m▀▀[38;2;16;16;16m▀[38;2;255;255;255;48;2;16;16;16m▀▀[38;2;131;131;131m▀[38;2;255;255;255m▀▀▀[38;2;16;16;16;48;2;156;98;49m▀[38;2;156;98;49m▀▀▀[38;2;65;49;16;48;2;16;16;16m▀[38;2;156;98;49m▀▀[38;2;16;16;16;48;2;156;98;49m▀[38;2;156;98;49m▀▀▀[48;2;16;16;16m▀[38;2;16;16;16;49m▀[0m    [38;2;16;16;16m▀▀[48;2;16;16;16m▀[38;2;90;65;41m▀[38;2;16;16;16;49m▀[38;2;90;65;41;48;2;16;16;16m▀[38;2;16;16;16m▀[0m
[0m      [38;2;16;16;16m▀[38;2;156;98;49;48;2;16;16;16m▀[48;2;90;65;41m▀▀▀[48;2;65;49;16m▀[38;2;65;49;16;49m▀[0m [38;2;65;49;16m▀[38;2;156;98;49;48;2;65;49;16m▀▀▀▀[38;2;16;16;16;49m▀[38;2;156;98;49;48;2;98;74;49m▀[48;2;156;98;49m▀▀▀▀▀[48;2;16;16;16m▀[38;2;16;16;16;49m▀[0m
[0m      [38;2;16;16;16m▀▀[48;2;16;16;16m▀[38;2;90;65;41m▀[38;2;16;16;16;49m▀[38;2;90;65;41;48;2;16;16;16m▀[38;2;16;16;16m▀[0m       [38;2;16;16;16m▄[48;2;16;16;16m▀[38;2;90;65;41m▀[48;2;90;65;41m▀[48;2;16;16;16m▀[38;2;16;16;16;48;2;90;65;41m▀[49m▄[0m
[0m                      [38;2;16;16;16m▀▀[0m [38;2;16;16;16m▀▀[0m
