[0m             [38;2;90;57;49m▄▄▄[48;2;189;131;74m▀▀▀▀▀[49m▄▄▄[0m
[0m      [38;2;16;16;16m▄[48;2;172;148;123m▀[48;2;230;213;156m▀▀[49m▄[38;2;90;57;49;48;2;16;16;16m▀[48;2;189;131;74m▀[38;2;189;131;74m▀▀▀▀▀▀▀[48;2;16;16;16m▀▀[38;2;139;90;49;48;2;230;213;156m▀[38;2;16;16;16m▀▀[48;2;172;148;123m▀[49m▄[38;2;90;57;49m▄▄▄[0m
[0m   [38;2;90;57;49m▄[48;2;189;131;74m▀[38;2;16;16;16;48;2;16;16;16m▀[38;2;172;148;123;48;2;230;213;156m▀[38;2;230;213;156m▀▀▀▀▀[38;2;16;16;16m▀[38;2;189;131;74;48;2;172;148;123m▀[48;2;230;213;156m▀[38;2;139;90;49m▀▀▀[38;2;189;131;74;48;2;172;148;123m▀[38;2;90;57;49;48;2;230;213;156m▀[38;2;230;213;156m▀▀▀▀▀▀[38;2;172;148;123m▀[38;2;16;16;16;48;2;16;16;16m▀[38;2;189;131;74;48;2;189;131;74m▀[38;2;139;90;49m▀[38;2;90;57;49m▀[48;2;139;90;49m▀[49m▄[0m
[0m  [38;2;90;57;49;48;2;90;57;49m▀[38;2;189;131;74;48;2;189;131;74m▀▀[38;2;90;57;49;48;2;90;57;49m▀[38;2;230;213;156;48;2;230;213;156m▀▀▀[48;2;197;197;180m▀[48;2;255;255;255m▀[48;2;197;197;180m▀[48;2;230;213;156m▀▀▀▀▀▀▀[48;2;197;197;180m▀[48;2;255;255;255m▀[48;2;197;197;180m▀[48;2;230;213;156m▀▀▀▀▀[38;2;16;16;16;48;2;16;16;16m▀[38;2;189;131;74;48;2;189;131;74m▀▀▀▀[38;2;16;16;16;48;2;16;16;16m▀[0m
[0m [38;2;90;57;49m▄[48;2;189;131;74m▀[38;2;139;90;49m▀[38;2;189;131;74m▀[38;2;90;57;49m▀[38;2;230;213;156;48;2;90;57;49m▀[48;2;230;213;156m▀[38;2;172;148;123;48;2;172;148;123m▀[38;2;255;255;255;48;2;255;255;255m▀[48;2;16;16;16m▀[48;2;255;255;255m▀[38;2;172;148;123;48;2;172;148;123m▀[38;2;230;213;156;48;2;230;213;156m▀▀▀▀▀[38;2;172;148;123;48;2;172;148;123m▀[38;2;255;255;255;48;2;255;255;255m▀[48;2;16;16;16m▀[48;2;255;255;255m▀[38;2;172;148;123;48;2;172;148;123m▀[38;2;230;213;156;48;2;230;213;156m▀▀▀[38;2;172;148;123;48;2;90;57;49m▀[38;2;90;57;49;48;2;189;131;74m▀[38;2;189;131;74m▀▀▀[48;2;90;57;49m▀[38;2;90;57;49;49m▀[0m
[38;2;90;57;49;48;2;16;16;16m▀[38;2;189;131;74;48;2;189;131;74m▀▀▀▀▀[38;2;90;57;49m▀[38;2;230;213;156;48;2;172;148;123m▀[38;2;172;148;123;48;2;230;213;156m▀[38;2;255;255;255;48;2;172;148;123m▀[48;2;255;255;255m▀[48;2;98;82;57m▀[38;2;57;49;41m▀▀▀▀▀[38;2;230;213;156m▀[38;2;172;148;123;48;2;57;49;41m▀[38;2;255;255;255m▀[48;2;255;255;255m▀[48;2;172;148;123m▀[38;2;172;148;123;48;2;230;213;156m▀[38;2;230;213;156m▀▀[38;2;172;148;123;48;2;90;57;49m▀[38;2;90;57;49;48;2;189;131;74m▀[38;2;189;131;74m▀▀▀[38;2;139;90;49m▀[38;2;16;16;16m▀▀[49m▄[0m
[38;2;16;16;16;48;2;90;57;49m▀[38;2;189;131;74m▀[48;2;189;131;74m▀▀▀[48;2;90;57;49m▀[38;2;90;57;49;48;2;230;213;156m▀[38;2;230;213;156m▀▀[38;2;57;49;41;48;2;98;82;57m▀[38;2;98;82;57m▀▀[38;2;230;213;156m▀[38;2;222;74;74;48;2;222;74;74m▀[48;2;98;82;57m▀[38;2;98;82;57m▀▀▀▀▀[38;2;57;49;41m▀[38;2;172;148;123m▀[38;2;230;213;156;48;2;230;213;156m▀▀▀▀[38;2;90;57;49m▀[38;2;189;131;74;48;2;90;57;49m▀[48;2;189;131;74m▀▀▀▀▀▀[38;2;16;16;16;48;2;16;16;16m▀[0m
[0m [38;2;16;16;16m▀[38;2;139;90;49;48;2;16;16;16m▀[38;2;189;131;74;48;2;139;90;49m▀▀[38;2;90;57;49;48;2;90;57;49m▀[38;2;230;213;156;48;2;230;213;156m▀▀[38;2;98;82;57;48;2;57;49;41m▀[48;2;98;82;57m▀▀▀▀▀▀▀▀▀▀▀▀[48;2;57;49;41m▀[48;2;98;82;57m▀[38;2;230;213;156;48;2;230;213;156m▀▀▀▀[38;2;90;57;49;48;2;90;57;49m▀[38;2;189;131;74;48;2;189;131;74m▀▀▀▀▀▀[38;2;16;16;16;48;2;16;16;16m▀[0m             [38;2;65;57;49m▄▄▄▄▄▄[0m
[0m   [38;2;16;16;16;48;2;16;16;16m▀[38;2;189;131;74;48;2;189;131;74m▀▀[38;2;90;57;49m▀[38;2;230;213;156;48;2;139;90;49m▀[38;2;98;82;57;48;2;57;49;41m▀[38;2;57;49;41;48;2;98;82;57m▀[38;2;98;82;57;48;2;16;16;16m▀▀[48;2;57;49;41m▀[48;2;197;197;180m▀[38;2;57;49;41m▀[38;2;98;82;57m▀[48;2;57;49;41m▀[48;2;16;16;16m▀▀[38;2;57;49;41m▀[38;2;16;16;16;48;2;98;82;57m▀[38;2;98;82;57m▀[48;2;57;49;41m▀[38;2;172;148;123;48;2;90;57;49m▀[38;2;230;213;156m▀[48;2;189;131;74m▀[38;2;90;57;49m▀[38;2;189;131;74m▀[48;2;139;90;49m▀[48;2;189;131;74m▀▀[48;2;90;57;49m▀[48;2;16;16;16m▀[38;2;16;16;16;49m▀[0m          [38;2;65;57;49m▄▄[48;2;98;82;57m▀▀[38;2;98;82;57m▀▀▀▀▀▀[38;2;65;57;49m▀▀[49m▄▄[0m
[0m   [38;2;16;16;16m▀[38;2;189;131;74;48;2;16;16;16m▀[48;2;189;131;74m▀▀[48;2;139;90;49m▀[48;2;16;16;16m▀[38;2;57;49;41;48;2;139;90;49m▀[38;2;98;82;57m▀[38;2;16;16;16;48;2;16;16;16m▀[38;2;255;255;255;48;2;255;255;255m▀▀[38;2;197;197;180;48;2;197;197;180m▀[38;2;255;255;255;48;2;255;255;255m▀▀▀[38;2;16;16;16;48;2;16;16;16m▀[38;2;98;82;57;48;2;57;49;41m▀▀[38;2;57;49;41;48;2;139;90;49m▀[38;2;189;131;74m▀[48;2;189;131;74m▀▀▀▀▀▀[38;2;16;16;16;48;2;16;16;16m▀[48;2;139;90;49m▀[38;2;90;57;49m▀[38;2;139;90;49m▀[38;2;16;16;16;48;2;16;16;16m▀[0m        [38;2;65;57;49m▄[48;2;98;82;57m▀[38;2;98;82;57m▀▀▀▀▀▀▀▀▀▀▀▀▀▀[38;2;65;57;49m▀[49m▄[0m
[0m     [38;2;16;16;16m▀▀[48;2;90;57;49m▀[38;2;90;57;49;48;2;189;131;74m▀▀[38;2;139;90;49;48;2;90;57;49m▀▀[38;2;197;197;180;48;2;139;90;49m▀[38;2;255;255;255;48;2;16;16;16m▀[38;2;197;197;180m▀[38;2;255;255;255m▀▀[38;2;197;197;180;48;2;139;90;49m▀[38;2;139;90;49m▀▀▀▀▀[38;2;90;57;49m▀[38;2;189;131;74;48;2;90;57;49m▀[48;2;16;16;16m▀▀[38;2;139;90;49m▀[38;2;16;16;16;48;2;139;90;49m▀[38;2;139;90;49m▀▀▀▀[38;2;16;16;16m▀[49m▄[0m      [38;2;65;57;49;48;2;65;57;49m▀[38;2;98;82;57;48;2;98;82;57m▀▀▀▀▀▀▀▀▀▀▀▀▀▀▀▀▀[38;2;65;57;49m▀[49m▄[0m
[0m      [38;2;90;57;49;48;2;16;16;16m▀[38;2;189;131;74;48;2;189;131;74m▀▀[48;2;230;213;156m▀[38;2;230;213;156m▀▀[38;2;90;57;49m▀▀[48;2;172;148;123m▀[38;2;139;90;49;48;2;90;57;49m▀▀▀▀▀[38;2;90;57;49;48;2;172;148;123m▀▀▀▀[38;2;172;148;123m▀▀▀[38;2;139;90;49m▀[48;2;139;90;49m▀▀▀▀[48;2;189;131;74m▀[38;2;189;131;74m▀[38;2;16;16;16m▀[49m▄[0m    [38;2;65;57;49;48;2;65;57;49m▀[38;2;172;148;123;48;2;230;213;156m▀[38;2;98;82;57m▀[48;2;172;148;123m▀[48;2;98;82;57m▀▀▀▀▀▀▀▀▀▀▀▀▀▀▀▀[38;2;65;57;49;48;2;65;57;49m▀[0m
[0m     [38;2;90;57;49;48;2;90;57;49m▀[38;2;189;131;74;48;2;189;131;74m▀▀▀[38;2;230;213;156;48;2;230;213;156m▀▀▀▀▀▀[38;2;172;148;123m▀▀▀[48;2;172;148;123m▀▀▀▀▀▀▀▀▀[48;2;189;131;74m▀[38;2;139;90;49m▀[38;2;189;131;74m▀▀▀▀▀▀[38;2;16;16;16m▀[49m▄[0m  [38;2;65;57;49m▄[48;2;98;82;57m▀[38;2;230;213;156;48;2;230;213;156m▀▀▀▀[38;2;98;82;57;48;2;172;148;123m▀[48;2;230;213;156m▀[38;2;172;148;123m▀[38;2;230;213;156m▀▀▀[38;2;172;148;123m▀[38;2;98;82;57m▀[48;2;98;82;57m▀▀▀▀▀▀▀▀[38;2;16;16;16;48;2;16;16;16m▀[0m
[0m     [38;2;16;16;16;48;2;16;16;16m▀[38;2;189;131;74;48;2;189;131;74m▀▀▀[38;2;230;213;156m▀[48;2;230;213;156m▀[48;2;172;148;123m▀[48;2;230;213;156m▀▀▀▀▀▀▀▀▀[38;2;172;148;123m▀▀▀▀▀[38;2;230;213;156;48;2;189;131;74m▀[38;2;189;131;74m▀▀▀▀▀▀▀▀▀[38;2;16;16;16;48;2;16;16;16m▀[0m  [38;2;65;57;49;48;2;65;57;49m▀[38;2;98;82;57;48;2;98;82;57m▀▀[38;2;230;213;156m▀[48;2;230;213;156m▀▀▀▀[48;2;98;82;57m▀▀▀[48;2;172;148;123m▀[48;2;230;213;156m▀▀[38;2;172;148;123m▀[38;2;98;82;57;48;2;98;82;57m▀▀▀▀▀[48;2;65;57;49m▀[38;2;65;57;49m▀[38;2;16;16;16;48;2;16;16;16m▀[0m
[0m    [38;2;90;57;49;48;2;16;16;16m▀[38;2;189;131;74;48;2;189;131;74m▀▀▀▀▀▀[38;2;90;57;49;48;2;16;16;16m▀[38;2;230;213;156;48;2;230;213;156m▀▀▀▀▀▀▀▀▀▀▀▀[38;2;189;131;74;48;2;90;57;49m▀[38;2;139;90;49;48;2;189;131;74m▀[38;2;189;131;74m▀▀▀▀▀▀▀▀▀▀▀[38;2;16;16;16;48;2;16;16;16m▀▀[38;2;98;82;57;48;2;65;57;49m▀[48;2;98;82;57m▀▀▀▀[38;2;230;213;156;48;2;172;148;123m▀[38;2;172;148;123;48;2;98;82;57m▀[38;2;98;82;57m▀▀▀▀▀[38;2;172;148;123m▀[38;2;230;213;156;48;2;230;213;156m▀▀[38;2;98;82;57;48;2;172;148;123m▀[48;2;65;57;49m▀▀[38;2;65;57;49m▀▀▀▀[38;2;16;16;16;48;2;16;16;16m▀[0m
[0m    [38;2;16;16;16;48;2;16;16;16m▀[38;2;189;131;74;48;2;189;131;74m▀▀▀▀▀▀[38;2;16;16;16;48;2;16;16;16m▀[38;2;230;213;156;48;2;172;148;123m▀[48;2;230;213;156m▀▀▀▀▀▀▀▀▀▀[38;2;172;148;123;48;2;90;57;49m▀[38;2;16;16;16;48;2;189;131;74m▀[38;2;189;131;74m▀▀▀▀▀[38;2;139;90;49;48;2;90;57;49m▀[38;2;189;131;74;48;2;189;131;74m▀▀▀▀▀▀[38;2;16;16;16m▀[38;2;65;57;49;48;2;16;16;16m▀[48;2;65;57;49m▀[38;2;98;82;57m▀[48;2;98;82;57m▀▀▀▀▀▀▀[48;2;65;57;49m▀▀▀▀[38;2;230;213;156;48;2;172;148;123m▀[38;2;172;148;123m▀▀▀▀[38;2;98;82;57m▀[38;2;65;57;49m▀[48;2;65;57;49m▀▀[38;2;16;16;16;48;2;16;16;16m▀[0m
[0m    [38;2;16;16;16m▀[38;2;189;131;74;48;2;16;16;16m▀[48;2;189;131;74m▀▀▀▀[38;2;90;57;49;48;2;90;57;49m▀[38;2;189;131;74;48;2;189;131;74m▀▀[38;2;230;213;156m▀[48;2;230;213;156m▀▀▀▀▀▀▀▀[48;2;189;131;74m▀[38;2;90;57;49;48;2;16;16;16m▀[38;2;189;131;74;48;2;189;131;74m▀▀▀▀▀▀[38;2;16;16;16;48;2;16;16;16m▀[38;2;189;131;74;48;2;189;131;74m▀▀▀▀▀▀▀[38;2;16;16;16m▀[38;2;65;57;49;48;2;16;16;16m▀[48;2;65;57;49m▀▀▀▀▀▀▀▀▀▀▀[38;2;98;82;57;48;2;98;82;57m▀[38;2;172;148;123;48;2;65;57;49m▀▀▀[48;2;98;82;57m▀[48;2;172;148;123m▀▀▀▀[38;2;16;16;16;48;2;16;16;16m▀[0m
[0m     [38;2;16;16;16;48;2;16;16;16m▀[38;2;189;131;74;48;2;189;131;74m▀▀[48;2;57;49;41m▀▀[38;2;16;16;16;48;2;16;16;16m▀[38;2;189;131;74;48;2;189;131;74m▀▀▀▀▀[38;2;230;213;156m▀▀▀▀[38;2;189;131;74m▀▀▀[38;2;16;16;16;48;2;16;16;16m▀[38;2;189;131;74;48;2;189;131;74m▀▀▀▀▀[38;2;90;57;49;48;2;16;16;16m▀[38;2;189;131;74;48;2;189;131;74m▀▀▀▀▀▀▀▀▀[38;2;65;57;49m▀[48;2;16;16;16m▀[48;2;65;57;49m▀▀▀▀▀▀▀▀▀▀▀▀▀▀▀▀[38;2;172;148;123m▀[48;2;172;148;123m▀[48;2;16;16;16m▀[38;2;16;16;16;49m▀[0m
[0m     [38;2;16;16;16;48;2;16;16;16m▀[38;2;57;49;41;48;2;98;82;57m▀▀[38;2;98;82;57m▀[48;2;57;49;41m▀[48;2;16;16;16m▀[38;2;16;16;16m▀[38;2;189;131;74;48;2;189;131;74m▀▀▀▀▀▀▀▀▀[48;2;16;16;16m▀[38;2;16;16;16;48;2;98;82;57m▀▀[38;2;57;49;41m▀[38;2;189;131;74;48;2;57;49;41m▀▀▀[38;2;90;57;49;48;2;189;131;74m▀[38;2;189;131;74m▀▀▀▀▀▀▀▀▀▀▀[38;2;16;16;16m▀[38;2;65;57;49;48;2;16;16;16m▀[48;2;65;57;49m▀▀▀▀▀▀▀▀▀▀▀▀▀▀▀▀[38;2;172;148;123;48;2;16;16;16m▀[38;2;16;16;16;49m▀[0m
[0m    [38;2;90;57;49m▄[38;2;16;16;16;48;2;189;131;74m▀[38;2;98;82;57;48;2;16;16;16m▀[38;2;16;16;16;48;2;189;131;74m▀[38;2;98;82;57;48;2;16;16;16m▀[38;2;16;16;16m▀[38;2;189;131;74;48;2;189;131;74m▀▀▀▀▀▀▀▀▀▀▀[38;2;16;16;16m▀[38;2;98;82;57;48;2;16;16;16m▀[48;2;98;82;57m▀[48;2;16;16;16m▀[48;2;57;49;41m▀[48;2;98;82;57m▀[38;2;16;16;16;48;2;16;16;16m▀[38;2;189;131;74;48;2;189;131;74m▀▀▀▀▀▀▀▀▀▀▀▀▀[38;2;16;16;16;48;2;16;16;16m▀[38;2;65;57;49;48;2;65;57;49m▀▀▀▀▀▀▀▀▀▀▀▀▀▀▀[48;2;16;16;16m▀[38;2;16;16;16;49m▀[0m
[0m   [38;2;90;57;49m▄[48;2;189;131;74m▀[38;2;189;131;74m▀▀▀▀▀▀▀▀▀▀▀▀▀▀▀▀▀[38;2;16;16;16m▀▀[38;2;189;131;74m▀[38;2;57;49;41m▀[38;2;16;16;16m▀[38;2;189;131;74m▀▀▀▀▀▀▀▀▀▀▀▀▀▀[38;2;139;90;49;48;2;139;90;49m▀[38;2;16;16;16;48;2;16;16;16m▀[38;2;65;57;49;48;2;65;57;49m▀▀▀▀▀▀▀▀▀▀▀▀[48;2;16;16;16m▀[38;2;16;16;16;49m▀[0m
[0m   [38;2;90;57;49;48;2;16;16;16m▀[38;2;189;131;74;48;2;189;131;74m▀▀▀▀▀▀▀▀▀▀▀▀▀▀▀▀▀▀▀▀▀▀▀▀▀▀▀▀▀▀▀▀▀▀▀▀[38;2;139;90;49;48;2;139;90;49m▀▀[38;2;16;16;16;48;2;16;16;16m▀[38;2;65;57;49;48;2;65;57;49m▀▀▀▀▀▀▀▀▀▀[48;2;16;16;16m▀[38;2;16;16;16;49m▀[0m
[0m   [38;2;16;16;16;48;2;16;16;16m▀[38;2;189;131;74;48;2;189;131;74m▀▀▀▀▀▀▀▀▀▀▀▀▀▀▀▀▀▀▀▀▀▀▀▀▀▀▀▀▀▀▀▀▀▀[48;2;139;90;49m▀[38;2;139;90;49m▀▀▀[38;2;16;16;16;48;2;16;16;16m▀[38;2;65;57;49;48;2;65;57;49m▀▀▀▀▀▀▀[48;2;16;16;16m▀[38;2;16;16;16;49m▀▀[0m
[0m   [38;2;16;16;16;48;2;16;16;16m▀[38;2;139;90;49;48;2;139;90;49m▀[38;2;189;131;74m▀▀[48;2;189;131;74m▀▀▀▀▀[48;2;139;90;49m▀▀▀[38;2;139;90;49m▀▀▀▀▀▀▀▀▀▀▀[38;2;189;131;74m▀▀▀▀[48;2;189;131;74m▀▀▀[48;2;139;90;49m▀▀▀[38;2;139;90;49m▀▀▀▀▀▀[38;2;16;16;16;48;2;16;16;16m▀[38;2;65;57;49;48;2;65;57;49m▀▀[48;2;16;16;16m▀▀▀[38;2;16;16;16;49m▀▀[0m
[0m    [38;2;16;16;16;48;2;16;16;16m▀[38;2;139;90;49;48;2;139;90;49m▀▀▀▀▀▀▀▀▀▀▀▀▀▀▀▀▀▀▀▀▀▀▀▀▀▀▀▀▀▀▀▀▀▀▀▀[38;2;90;57;49;48;2;16;16;16m▀[38;2;16;16;16;49m▀▀▀[0m
[0m    [38;2;16;16;16m▄[48;2;98;82;57m▀[48;2;65;57;49m▀[38;2;139;90;49;48;2;16;16;16m▀▀▀▀▀▀▀▀▀[38;2;16;16;16;49m▀▀▀▀▀▀▀▀[38;2;90;57;49;48;2;16;16;16m▀[38;2;139;90;49m▀▀▀[48;2;90;57;49m▀[48;2;139;90;49m▀▀▀▀▀▀▀▀▀[48;2;90;57;49m▀[48;2;16;16;16m▀[38;2;16;16;16;49m▀[0m
[0m    [38;2;16;16;16m▀[38;2;98;82;57;48;2;16;16;16m▀[38;2;65;57;49m▀[38;2;98;82;57;48;2;98;82;57m▀▀▀[48;2;65;57;49m▀[38;2;65;57;49;48;2;16;16;16m▀[38;2;98;82;57m▀▀[38;2;16;16;16;49m▀[0m            [38;2;16;16;16m▀[48;2;16;16;16m▀[48;2;98;82;57m▀[48;2;65;57;49m▀[48;2;98;82;57m▀▀▀[48;2;65;57;49m▀[48;2;98;82;57m▀▀▀[48;2;16;16;16m▀[0m
[0m       [38;2;16;16;16m▀▀▀▀[0m                 [38;2;16;16;16m▀▀[38;2;65;57;49;48;2;16;16;16m▀[38;2;98;82;57m▀▀▀[38;2;65;57;49;49m▀[38;2;16;16;16m▀▀▀[0m
