[0m [38;2;98;49;1m▄[48;2;222;90;82m▀[48;2;16;16;16m▀[0m               [38;2;98;49;1m▄[48;2;222;90;82m▀▀[38;2;16;16;16;49m▄[0m       [38;2;98;49;1m▄[48;2;222;90;82m▀▀▀[49m▄[0m
[0m [38;2;98;49;1;48;2;98;49;1m▀[38;2;222;90;82;48;2;222;90;82m▀[38;2;16;16;16;48;2;16;16;16m▀[0m              [38;2;98;49;1;48;2;98;49;1m▀[38;2;222;90;82;48;2;222;90;82m▀▀▀[48;2;156;65;49m▀[38;2;16;16;16;48;2;16;16;16m▀[0m     [38;2;98;49;1;48;2;98;49;1m▀[38;2;222;90;82;48;2;222;90;82m▀▀▀▀[38;2;156;65;49m▀[38;2;16;16;16;48;2;16;16;16m▀[0m
[38;2;98;49;1;48;2;98;49;1m▀[38;2;222;90;82;48;2;222;90;82m▀▀[38;2;16;16;16;48;2;98;49;1m▀[0m            [38;2;98;49;1m▄[48;2;222;90;82m▀[38;2;222;90;82m▀[38;2;156;65;49;48;2;16;16;16m▀[38;2;222;90;82;48;2;156;65;49m▀[38;2;156;65;49m▀[38;2;16;16;16;48;2;16;16;16m▀[0m       [38;2;98;49;1;48;2;16;16;16m▀[38;2;156;65;49;48;2;156;65;49m▀[38;2;222;90;82m▀[48;2;98;49;1m▀[38;2;156;65;49;48;2;156;65;49m▀[38;2;222;90;82;48;2;222;90;82m▀[38;2;16;16;16m▀[49m▄[0m
[38;2;98;49;1;48;2;98;49;1m▀[38;2;222;90;82;48;2;222;90;82m▀▀▀[38;2;16;16;16;48;2;16;16;16m▀[0m          [38;2;98;49;1;48;2;98;49;1m▀[48;2;222;90;82m▀[38;2;222;90;82;48;2;156;65;49m▀[38;2;98;49;1;48;2;98;49;1m▀[0m [38;2;98;49;1;48;2;16;16;16m▀[38;2;222;90;82;48;2;222;90;82m▀▀[38;2;16;16;16;48;2;16;16;16m▀[0m     [38;2;98;49;1;48;2;98;49;1m▀[38;2;156;65;49;48;2;222;90;82m▀[38;2;222;90;82m▀[38;2;16;16;16;48;2;16;16;16m▀[0m [38;2;98;49;1m▀[38;2;156;65;49;48;2;98;49;1m▀[38;2;222;90;82m▀[48;2;222;90;82m▀[38;2;16;16;16m▀[49m▄[0m
[38;2;98;49;1;48;2;98;49;1m▀[38;2;222;90;82;48;2;222;90;82m▀▀▀[38;2;16;16;16;48;2;98;49;1m▀[0m         [38;2;98;49;1;48;2;98;49;1m▀[38;2;156;65;49;48;2;156;65;49m▀[38;2;222;90;82;48;2;98;49;1m▀[38;2;98;49;1;49m▀[0m  [38;2;16;16;16m▀[38;2;222;90;82;48;2;98;49;1m▀[48;2;222;90;82m▀[48;2;156;65;49m▀[38;2;16;16;16;48;2;98;49;1m▀[38;2;98;49;1;49m▄[0m  [38;2;98;49;1m▄[48;2;222;90;82m▀[38;2;222;90;82m▀▀[38;2;16;16;16;48;2;16;16;16m▀[0m    [38;2;98;49;1m▀[38;2;222;90;82;48;2;98;49;1m▀[48;2;222;90;82m▀[38;2;98;49;1m▀[49m▄[0m
[0m [38;2;98;49;1;48;2;98;49;1m▀[38;2;222;90;82;48;2;222;90;82m▀▀▀[38;2;16;16;16;48;2;16;16;16m▀[0m       [38;2;98;49;1;48;2;98;49;1m▀[38;2;156;65;49;48;2;156;65;49m▀[48;2;98;49;1m▀[38;2;98;49;1;49m▀[0m    [38;2;16;16;16;48;2;16;16;16m▀[38;2;156;65;49;48;2;156;65;49m▀▀[48;2;98;49;1m▀[38;2;16;16;16m▀[48;2;222;90;82m▀[48;2;98;49;1m▀[38;2;98;49;1;48;2;222;90;82m▀[38;2;222;90;82m▀▀▀[38;2;16;16;16;48;2;16;16;16m▀[0m      [38;2;98;49;1m▀[38;2;222;90;82;48;2;98;49;1m▀[48;2;222;90;82m▀[38;2;98;49;1;48;2;98;49;1m▀[0m
[0m [38;2;98;49;1m▀[38;2;222;90;82;48;2;98;49;1m▀[48;2;222;90;82m▀▀[38;2;98;49;1m▀[38;2;16;16;16;49m▄[0m     [38;2;98;49;1;48;2;98;49;1m▀[38;2;156;65;49;48;2;156;65;49m▀[48;2;98;49;1m▀[38;2;98;49;1;49m▀[0m     [38;2;16;16;16m▀[38;2;156;65;49;48;2;98;49;1m▀[38;2;98;49;1;48;2;222;90;82m▀[38;2;222;90;82m▀▀[38;2;156;65;49m▀[38;2;222;90;82m▀▀▀▀▀▀[38;2;16;16;16;48;2;16;16;16m▀[0m      [38;2;98;49;1m▀[38;2;156;65;49;48;2;98;49;1m▀[38;2;222;90;82;48;2;156;65;49m▀[38;2;98;49;1m▀[38;2;16;16;16;49m▄[0m
[0m  [38;2;16;16;16m▀[38;2;222;90;82;48;2;16;16;16m▀[48;2;222;90;82m▀▀[38;2;16;16;16;48;2;98;49;1m▀[0m    [38;2;98;49;1m▄[48;2;156;65;49m▀[38;2;156;65;49m▀[38;2;98;49;1;48;2;98;49;1m▀[0m     [38;2;49;41;57m▄[38;2;16;16;16;48;2;255;255;255m▀[38;2;49;41;57;48;2;82;74;65m▀[38;2;222;90;82;48;2;222;90;82m▀▀▀▀▀▀[48;2;255;255;255m▀[38;2;49;41;57;48;2;82;74;65m▀▀[38;2;222;90;82;48;2;49;41;57m▀[48;2;222;90;82m▀[38;2;16;16;16;48;2;16;16;16m▀[0m       [38;2;98;49;1;48;2;98;49;1m▀[38;2;156;65;49;48;2;156;65;49m▀[38;2;98;49;1m▀[38;2;16;16;16;49m▄[0m
[0m   [38;2;16;16;16m▀[38;2;222;90;82;48;2;16;16;16m▀[48;2;222;90;82m▀▀[38;2;16;16;16;48;2;16;16;16m▀[0m   [38;2;98;49;1;48;2;98;49;1m▀[38;2;156;65;49;48;2;156;65;49m▀[38;2;98;49;1;48;2;98;49;1m▀[0m      [38;2;49;41;57;48;2;49;41;57m▀[38;2;82;74;65;48;2;82;74;65m▀[38;2;16;16;16;48;2;16;16;16m▀[38;2;222;90;82;48;2;222;90;82m▀[48;2;156;65;49m▀[48;2;222;90;82m▀▀[48;2;156;65;49m▀[48;2;222;90;82m▀[38;2;82;74;65;48;2;82;74;65m▀[38;2;16;16;16;48;2;16;16;16m▀[38;2;82;74;65;48;2;82;74;65m▀[38;2;49;41;57;48;2;16;16;16m▀[38;2;156;65;49;48;2;156;65;49m▀[38;2;16;16;16;48;2;16;16;16m▀[0m        [38;2;98;49;1;48;2;98;49;1m▀[38;2;156;65;49;48;2;156;65;49m▀[38;2;98;49;1m▀[38;2;16;16;16;49m▄[0m
[0m    [38;2;98;49;1m▀[38;2;222;90;82;48;2;98;49;1m▀[48;2;222;90;82m▀[38;2;98;49;1m▀[38;2;16;16;16;49m▄[0m [38;2;98;49;1m▄[48;2;156;65;49m▀[38;2;156;65;49m▀[38;2;98;49;1;48;2;98;49;1m▀[0m      [38;2;49;41;57m▀[38;2;82;74;65;48;2;16;16;16m▀[38;2;16;16;16;48;2;49;41;57m▀[38;2;222;90;82;48;2;82;74;65m▀[38;2;156;65;49;48;2;222;90;82m▀[38;2;222;90;82m▀[48;2;49;41;57m▀[38;2;156;65;49m▀[38;2;222;90;82;48;2;82;74;65m▀[38;2;82;74;65;48;2;222;90;82m▀[38;2;49;41;57;48;2;82;74;65m▀[38;2;82;74;65;48;2;16;16;16m▀[38;2;16;16;16;48;2;156;65;49m▀[38;2;156;65;49;48;2;16;16;16m▀[38;2;16;16;16;49m▀[0m         [38;2;98;49;1;48;2;98;49;1m▀[38;2;156;65;49;48;2;156;65;49m▀[38;2;16;16;16m▀[49m▄[0m
[0m     [38;2;16;16;16m▀[38;2;222;90;82;48;2;16;16;16m▀[48;2;222;90;82m▀[38;2;16;16;16m▀[49m▄[38;2;98;49;1;48;2;16;16;16m▀[38;2;156;65;49;48;2;156;65;49m▀[38;2;98;49;1;48;2;98;49;1m▀[0m      [38;2;49;41;57m▄[38;2;16;16;16;48;2;123;115;98m▀▀[38;2;123;115;98;48;2;16;16;16m▀[38;2;16;16;16;48;2;143;95;15m▀[48;2;255;213;131m▀[48;2;143;95;15m▀[48;2;98;49;1m▀[38;2;123;115;98;48;2;16;16;16m▀[48;2;123;115;98m▀[38;2;49;41;57m▀[38;2;156;65;49;48;2;49;41;57m▀[48;2;156;65;49m▀[48;2;16;16;16m▀[38;2;16;16;16;49m▀[0m           [38;2;98;49;1;48;2;98;49;1m▀[38;2;156;65;49;48;2;156;65;49m▀[38;2;16;16;16m▀[38;2;98;49;1;49m▄[0m
[0m       [38;2;16;16;16;48;2;16;16;16m▀[38;2;222;90;82;48;2;156;65;49m▀[38;2;156;65;49;48;2;222;90;82m▀[38;2;222;90;82m▀[38;2;16;16;16m▀[49m▄[0m     [38;2;16;16;16;48;2;49;41;57m▀[38;2;123;115;98;48;2;123;115;98m▀▀▀[38;2;16;16;16m▀[38;2;143;95;15;48;2;16;16;16m▀[48;2;98;49;1m▀▀[38;2;98;49;1;48;2;16;16;16m▀[38;2;16;16;16;48;2;123;115;98m▀[38;2;123;115;98m▀▀▀[38;2;16;16;16m▀[49m▄[0m       [38;2;16;16;16m▄[38;2;98;49;1;48;2;156;65;49m▀[48;2;222;90;82m▀▀[49m▄[0m [38;2;98;49;1;48;2;98;49;1m▀[38;2;156;65;49;48;2;156;65;49m▀[38;2;16;16;16;48;2;16;16;16m▀[0m
[0m       [38;2;16;16;16m▀[38;2;222;90;82;48;2;16;16;16m▀[48;2;222;90;82m▀▀[48;2;156;65;49m▀[38;2;16;16;16;48;2;98;49;1m▀[38;2;98;49;1;49m▄[0m [38;2;49;41;57m▄▄[38;2;16;16;16;48;2;16;16;16m▀[38;2;123;115;98;48;2;123;115;98m▀▀▀[48;2;49;41;57m▀[38;2;49;41;57;49m▀[0m [38;2;16;16;16m▀▀[38;2;98;49;1;48;2;98;49;1m▀[38;2;16;16;16;48;2;143;95;15m▀[38;2;123;115;98;48;2;16;16;16m▀[48;2;123;115;98m▀▀▀[38;2;16;16;16m▀[49m▄[0m    [38;2;98;49;1m▄▄[38;2;16;16;16;48;2;156;65;49m▀[38;2;222;90;82;48;2;222;90;82m▀[48;2;156;65;49m▀▀[38;2;16;16;16;48;2;16;16;16m▀[0m  [38;2;98;49;1;48;2;98;49;1m▀[38;2;156;65;49;48;2;156;65;49m▀[38;2;98;49;1;48;2;16;16;16m▀[0m
[0m        [38;2;98;49;1;48;2;98;49;1m▀[38;2;16;16;16;48;2;156;65;49m▀[48;2;98;49;1m▀[38;2;156;65;49;48;2;16;16;16m▀▀▀[38;2;49;41;57;48;2;82;74;65m▀[38;2;82;74;65m▀[48;2;49;41;57m▀[38;2;16;16;16;48;2;16;16;16m▀[38;2;82;74;65;48;2;82;74;65m▀[38;2;123;115;98m▀[48;2;16;16;16m▀[38;2;49;41;57;49m▀[0m   [38;2;98;49;1m▄[48;2;189;156;98m▀[38;2;143;95;15;48;2;143;95;15m▀[38;2;16;16;16;48;2;189;156;98m▀[38;2;82;74;65;48;2;16;16;16m▀[38;2;123;115;98;48;2;123;115;98m▀▀[48;2;82;74;65m▀[38;2;16;16;16;48;2;16;16;16m▀[49m▄[38;2;98;49;1;48;2;16;16;16m▀[48;2;156;65;49m▀▀[38;2;156;65;49m▀[48;2;98;49;1m▀[48;2;16;16;16m▀[48;2;156;65;49m▀[38;2;222;90;82;48;2;222;90;82m▀[38;2;16;16;16;48;2;16;16;16m▀[0m   [38;2;98;49;1;48;2;98;49;1m▀[38;2;156;65;49;48;2;156;65;49m▀[38;2;16;16;16;48;2;16;16;16m▀[0m
[0m        [38;2;98;49;1m▀[38;2;156;65;49;48;2;98;49;1m▀[38;2;98;49;1m▀[0m  [38;2;16;16;16;48;2;16;16;16m▀[38;2;82;74;65;48;2;82;74;65m▀▀[38;2;49;41;57m▀[38;2;82;74;65m▀▀[48;2;49;41;57m▀[38;2;16;16;16m▀[38;2;98;49;1;48;2;156;65;49m▀[49m▄▄▄[38;2;16;16;16;48;2;16;16;16m▀[38;2;189;156;98;48;2;143;95;15m▀[38;2;143;95;15;48;2;189;156;98m▀[38;2;189;156;98m▀[38;2;16;16;16;48;2;16;16;16m▀[38;2;82;74;65;48;2;82;74;65m▀▀[38;2;49;41;57;48;2;16;16;16m▀[48;2;82;74;65m▀[38;2;82;74;65m▀▀[38;2;16;16;16m▀[38;2;156;65;49;48;2;16;16;16m▀[38;2;16;16;16;49m▀[38;2;98;49;1m▀[0m [38;2;98;49;1;48;2;98;49;1m▀[38;2;222;90;82;48;2;222;90;82m▀[38;2;156;65;49m▀[38;2;98;49;1;49m▄[0m  [38;2;98;49;1m▀▀[0m
[0m              [38;2;16;16;16m▀[38;2;82;74;65;48;2;16;16;16m▀▀▀[38;2;16;16;16;49m▀[48;2;16;16;16m▀[38;2;156;65;49m▀[48;2;156;65;49m▀▀[48;2;16;16;16m▀[38;2;16;16;16;48;2;255;213;131m▀[38;2;189;156;98;48;2;143;95;15m▀[38;2;143;95;15;48;2;189;156;98m▀[38;2;189;156;98m▀[48;2;222;90;82m▀[38;2;49;41;57m▀[48;2;16;16;16m▀[38;2;82;74;65;48;2;82;74;65m▀[38;2;16;16;16m▀[38;2;82;74;65;48;2;49;41;57m▀▀[38;2;49;41;57;48;2;82;74;65m▀[38;2;82;74;65m▀[38;2;16;16;16;48;2;16;16;16m▀[0m   [38;2;98;49;1;48;2;98;49;1m▀[38;2;222;90;82;48;2;222;90;82m▀▀[38;2;98;49;1;48;2;16;16;16m▀[0m
[0m                [38;2;49;41;57m▄[38;2;16;16;16m▄[38;2;49;41;57;48;2;82;74;65m▀▀[38;2;82;74;65;48;2;16;16;16m▀[38;2;16;16;16;48;2;222;90;82m▀[38;2;222;90;82m▀[38;2;156;65;49;48;2;255;213;131m▀[38;2;255;213;131;48;2;143;95;15m▀[38;2;143;95;15;48;2;255;213;131m▀[38;2;255;213;131m▀[48;2;222;90;82m▀[38;2;222;90;82m▀▀[38;2;16;16;16m▀[38;2;82;74;65;48;2;16;16;16m▀[48;2;82;74;65m▀▀▀[48;2;49;41;57m▀[38;2;49;41;57;48;2;16;16;16m▀[38;2;16;16;16;48;2;49;41;57m▀[0m  [38;2;98;49;1m▄[48;2;222;90;82m▀[38;2;222;90;82m▀▀[38;2;16;16;16;48;2;16;16;16m▀[0m
[0m              [38;2;16;16;16m▄[48;2;82;74;65m▀[38;2;49;41;57m▀[38;2;82;74;65m▀[48;2;49;41;57m▀[38;2;16;16;16;48;2;222;90;82m▀[38;2;222;90;82m▀▀[48;2;255;213;131m▀[38;2;255;213;131;48;2;143;95;15m▀[38;2;143;95;15;48;2;255;213;131m▀[38;2;255;213;131m▀[38;2;222;90;82;48;2;222;90;82m▀▀▀▀▀▀[38;2;16;16;16;48;2;49;41;57m▀[48;2;82;74;65m▀▀[38;2;82;74;65m▀▀▀[38;2;49;41;57m▀[49m▄[38;2;98;49;1;48;2;98;49;1m▀[38;2;222;90;82;48;2;222;90;82m▀▀▀[38;2;16;16;16;48;2;16;16;16m▀[0m
[0m             [38;2;16;16;16;48;2;16;16;16m▀[38;2;82;74;65;48;2;82;74;65m▀▀[48;2;49;41;57m▀[38;2;49;41;57;48;2;123;115;98m▀[38;2;123;115;98m▀[38;2;222;90;82;48;2;222;90;82m▀▀[48;2;255;213;131m▀[38;2;255;213;131;48;2;123;115;98m▀[38;2;143;95;15m▀[38;2;255;213;131;48;2;255;213;131m▀[38;2;222;90;82;48;2;222;90;82m▀▀▀▀▀[48;2;123;115;98m▀▀[38;2;49;41;57;48;2;222;90;82m▀[38;2;82;74;65;48;2;49;41;57m▀[48;2;82;74;65m▀▀▀▀▀[48;2;98;49;1m▀[38;2;98;49;1;48;2;222;90;82m▀[38;2;222;90;82m▀▀[38;2;98;49;1;48;2;16;16;16m▀[0m
[0m            [38;2;16;16;16;48;2;16;16;16m▀[38;2;82;74;65;48;2;123;115;98m▀[48;2;82;74;65m▀[48;2;49;41;57m▀[38;2;49;41;57;48;2;123;115;98m▀[38;2;123;115;98m▀[48;2;222;90;82m▀[38;2;222;90;82m▀▀[38;2;123;115;98;48;2;123;115;98m▀▀▀▀[38;2;222;90;82;48;2;222;90;82m▀▀▀[48;2;123;115;98m▀[38;2;123;115;98m▀▀▀▀[38;2;49;41;57;48;2;82;74;65m▀[38;2;82;74;65;48;2;49;41;57m▀[48;2;82;74;65m▀▀▀▀[38;2;98;49;1;48;2;98;49;1m▀[38;2;222;90;82;48;2;222;90;82m▀▀▀[38;2;16;16;16;48;2;16;16;16m▀[0m
[0m           [38;2;16;16;16;48;2;16;16;16m▀[38;2;123;115;98;48;2;82;74;65m▀[38;2;82;74;65;48;2;123;115;98m▀[38;2;123;115;98;48;2;82;74;65m▀[38;2;49;41;57;48;2;49;41;57m▀[38;2;123;115;98;48;2;123;115;98m▀[48;2;222;90;82m▀[38;2;222;90;82m▀▀[38;2;123;115;98;48;2;123;115;98m▀▀▀▀▀[38;2;222;90;82;48;2;222;90;82m▀▀▀[38;2;123;115;98;48;2;123;115;98m▀▀▀▀▀[38;2;82;74;65;48;2;82;74;65m▀[38;2;16;16;16;48;2;16;16;16m▀[38;2;82;74;65;48;2;82;74;65m▀▀▀[38;2;98;49;1;48;2;16;16;16m▀[38;2;222;90;82;48;2;222;90;82m▀▀▀[38;2;16;16;16;48;2;16;16;16m▀[38;2;49;41;57;49m▄[0m
[0m          [38;2;16;16;16m▄[48;2;123;115;98m▀[38;2;123;115;98m▀[38;2;82;74;65m▀[38;2;16;16;16;48;2;16;16;16m▀[38;2;82;74;65;48;2;82;74;65m▀[38;2;123;115;98;48;2;222;90;82m▀[38;2;222;90;82m▀▀▀[38;2;123;115;98;48;2;123;115;98m▀▀▀▀[48;2;222;90;82m▀[38;2;222;90;82m▀▀▀[38;2;123;115;98;48;2;123;115;98m▀▀▀▀[38;2;82;74;65;48;2;82;74;65m▀▀[38;2;16;16;16;48;2;16;16;16m▀[38;2;82;74;65;48;2;49;41;57m▀[48;2;82;74;65m▀[38;2;16;16;16;48;2;16;16;16m▀[38;2;222;90;82;48;2;222;90;82m▀▀▀[38;2;16;16;16;48;2;16;16;16m▀[38;2;82;74;65;48;2;123;115;98m▀[38;2;49;41;57;48;2;82;74;65m▀[49m▄[0m
[0m          [38;2;16;16;16;48;2;16;16;16m▀[38;2;123;115;98;48;2;123;115;98m▀▀[48;2;49;41;57m▀[38;2;16;16;16;48;2;16;16;16m▀[38;2;156;65;49;48;2;156;65;49m▀[38;2;222;90;82m▀[48;2;222;90;82m▀▀[48;2;98;49;1m▀▀[38;2;123;115;98;48;2;222;90;82m▀▀[38;2;222;90;82m▀▀▀▀▀[38;2;123;115;98;48;2;123;115;98m▀[48;2;82;74;65m▀▀[38;2;82;74;65m▀▀[48;2;16;16;16m▀[38;2;16;16;16;49m▀[0m [38;2;16;16;16;48;2;98;49;1m▀[38;2;156;65;49;48;2;222;90;82m▀[38;2;222;90;82m▀[48;2;16;16;16m▀[38;2;16;16;16;48;2;123;115;98m▀[38;2;123;115;98;48;2;82;74;65m▀[48;2;123;115;98m▀▀[38;2;49;41;57;48;2;49;41;57m▀[0m
[0m           [38;2;16;16;16m▀▀[0m  [38;2;16;16;16;48;2;16;16;16m▀[38;2;156;65;49;48;2;156;65;49m▀▀[38;2;98;49;1;48;2;98;49;1m▀[38;2;143;95;15;48;2;143;95;15m▀▀▀[38;2;98;49;1m▀▀[38;2;222;90;82;48;2;98;49;1m▀[48;2;156;65;49m▀[38;2;156;65;49m▀▀▀[38;2;82;74;65m▀[48;2;82;74;65m▀▀[48;2;49;41;57m▀[38;2;16;16;16;49m▀▄[48;2;222;90;82m▀[38;2;222;90;82m▀[48;2;16;16;16m▀[38;2;16;16;16;48;2;49;41;57m▀[38;2;123;115;98;48;2;16;16;16m▀[38;2;82;74;65;48;2;123;115;98m▀[38;2;123;115;98m▀▀▀▀[38;2;49;41;57;48;2;49;41;57m▀[0m
[0m                [38;2;16;16;16m▀[38;2;98;49;1;48;2;16;16;16m▀[38;2;189;156;98;48;2;189;156;98m▀▀▀[38;2;143;95;15m▀▀▀[38;2;98;49;1m▀[38;2;156;65;49;48;2;98;49;1m▀[48;2;156;65;49m▀▀▀▀▀[48;2;49;41;57m▀[38;2;49;41;57;49m▀[38;2;16;16;16;48;2;16;16;16m▀[38;2;222;90;82m▀[38;2;16;16;16;49m▀▀[0m   [38;2;16;16;16m▀[38;2;123;115;98;48;2;16;16;16m▀[48;2;49;41;57m▀[48;2;123;115;98m▀▀[38;2;49;41;57;48;2;49;41;57m▀[0m
[0m               [38;2;98;49;1m▄[48;2;156;65;49m▀[38;2;156;65;49m▀[38;2;16;16;16m▀[38;2;143;95;15m▀[38;2;189;156;98;48;2;16;16;16m▀▀[48;2;143;95;15m▀[48;2;189;156;98m▀▀[38;2;98;49;1m▀[38;2;156;65;49;48;2;98;49;1m▀[48;2;16;16;16m▀▀[38;2;98;49;1m▀[38;2;16;16;16;48;2;156;65;49m▀▀[49m▄[0m          [38;2;49;41;57m▀▀[0m
[0m              [38;2;98;49;1m▄[48;2;222;90;82m▀[38;2;222;90;82m▀[38;2;156;65;49m▀[48;2;156;65;49m▀[48;2;16;16;16m▀[38;2;16;16;16;49m▀[0m [38;2;16;16;16m▀▀▀▀▀[0m [38;2;98;49;1m▀[38;2;156;65;49;48;2;98;49;1m▀[48;2;156;65;49m▀▀[48;2;222;90;82m▀[38;2;16;16;16;48;2;98;49;1m▀[0m
[0m              [38;2;98;49;1;48;2;16;16;16m▀[38;2;222;90;82m▀▀[38;2;98;49;1;49m▀[38;2;16;16;16m▀[0m          [38;2;98;49;1m▀[38;2;156;65;49;48;2;98;49;1m▀[38;2;222;90;82;48;2;222;90;82m▀▀▀[38;2;16;16;16;48;2;16;16;16m▀[0m
[0m                               [38;2;98;49;1m▀[38;2;156;65;49;48;2;16;16;16m▀[38;2;222;90;82m▀[38;2;16;16;16m▀[0m
