[0m     [38;2;16;16;16m▄▄▄[0m     [38;2;68;68;103m▄[48;2;123;172;246m▀[48;2;68;68;103m▀[0m
[0m  [38;2;68;68;103m▄[48;2;123;172;246m▀[38;2;98;123;180m▀[38;2;123;172;246m▀▀▀[38;2;16;16;16m▀[49m▄[0m  [38;2;68;68;103m▄[48;2;98;123;180m▀[38;2;123;172;246;48;2;123;172;246m▀▀[38;2;68;68;103;48;2;68;68;103m▀[0m
[0m [38;2;68;68;103m▄[38;2;98;123;180;48;2;123;172;246m▀[38;2;123;172;246m▀▀[48;2;116;97;82m▀[48;2;123;172;246m▀▀▀[38;2;16;16;16m▀[49m▄[38;2;68;68;103m▄[48;2;68;68;103m▀[38;2;123;172;246;48;2;123;172;246m▀[38;2;98;123;180;48;2;98;123;180m▀[38;2;123;172;246;48;2;123;172;246m▀▀[38;2;68;68;103m▀[38;2;16;16;16;49m▄[0m         [38;2;68;68;103m▄▄▄[0m
[38;2;68;68;103;49m▄[48;2;123;172;246m▀[38;2;123;172;246m▀▀[38;2;98;123;180;48;2;116;97;82m▀[38;2;180;156;90;48;2;180;156;90m▀[38;2;116;97;82m▀[38;2;123;172;246;48;2;116;97;82m▀[48;2;98;123;180m▀[38;2;68;68;103;48;2;123;172;246m▀[38;2;98;123;180m▀[38;2;123;172;246m▀[38;2;68;68;103m▀[38;2;123;172;246;48;2;98;123;180m▀[48;2;123;172;246m▀[38;2;98;123;180m▀[38;2;123;172;246m▀▀▀[38;2;16;16;16m▀▀[49m▄[0m   [38;2;68;68;103m▄[48;2;123;172;246m▀▀[38;2;123;172;246m▀▀▀[38;2;68;68;103m▀[49m▄[0m
[38;2;68;68;103;48;2;68;68;103m▀[38;2;98;123;180;48;2;98;123;180m▀[38;2;123;172;246m▀▀[38;2;180;156;90;48;2;116;97;82m▀[48;2;180;156;90m▀[48;2;68;68;103m▀[38;2;98;123;180;48;2;123;172;246m▀[38;2;123;172;246m▀▀▀▀▀▀▀▀▀▀▀▀▀▀[38;2;68;68;103m▀[38;2;16;16;16;49m▄[48;2;123;172;246m▀[38;2;123;172;246m▀▀▀▀[48;2;116;97;82m▀[38;2;98;123;180m▀[38;2;123;172;246;48;2;123;172;246m▀▀[38;2;16;16;16;48;2;16;16;16m▀[0m
[38;2;68;68;103;49m▀[38;2;98;123;180;48;2;68;68;103m▀[38;2;116;97;82;48;2;98;123;180m▀[38;2;180;156;90;48;2;116;97;82m▀[38;2;116;97;82;48;2;98;123;180m▀[38;2;68;68;103;48;2;68;68;103m▀[38;2;98;123;180;48;2;123;172;246m▀[38;2;123;172;246;48;2;255;255;255m▀[48;2;123;172;246m▀▀▀▀▀▀▀▀▀▀▀▀▀▀[48;2;68;68;103m▀[38;2;98;123;180;48;2;123;172;246m▀[38;2;123;172;246m▀▀▀[48;2;98;123;180m▀[38;2;98;123;180;48;2;180;156;90m▀[38;2;255;230;90;48;2;255;230;90m▀[38;2;116;97;82;48;2;116;97;82m▀[38;2;123;172;246;48;2;123;172;246m▀[48;2;98;123;180m▀[38;2;98;123;180m▀[38;2;16;16;16;48;2;16;16;16m▀[0m        [38;2;116;97;82m▄▄[0m
[0m [38;2;68;68;103m▀[38;2;98;123;180;48;2;68;68;103m▀[48;2;98;123;180m▀[38;2;16;16;16;48;2;16;16;16m▀[38;2;123;172;246;48;2;123;172;246m▀[38;2;255;255;255;48;2;255;255;255m▀[48;2;180;156;90m▀[38;2;180;156;90;48;2;255;230;90m▀[38;2;123;172;246;48;2;123;172;246m▀▀▀▀▀▀▀▀[38;2;98;123;180;48;2;180;156;90m▀[38;2;255;255;255;48;2;255;255;255m▀[38;2;98;123;180m▀[38;2;123;172;246;48;2;98;123;180m▀[48;2;123;172;246m▀[38;2;98;123;180;48;2;98;123;180m▀[38;2;123;172;246;48;2;123;172;246m▀[48;2;98;123;180m▀▀[38;2;98;123;180;48;2;116;97;82m▀[48;2;255;230;90m▀[38;2;255;230;90m▀[38;2;180;156;90;48;2;116;97;82m▀[38;2;123;172;246;48;2;123;172;246m▀[48;2;98;123;180m▀[38;2;98;123;180m▀[48;2;16;16;16m▀[38;2;16;16;16;49m▀[0m     [38;2;116;97;82m▄[48;2;180;156;90m▀[48;2;255;230;90m▀[38;2;255;230;90m▀[38;2;116;97;82;48;2;116;97;82m▀[0m
[0m  [38;2;68;68;103m▀[38;2;98;123;180;48;2;16;16;16m▀[38;2;16;16;16m▀[38;2;123;172;246;48;2;123;172;246m▀[38;2;255;255;255;48;2;255;255;255m▀[38;2;255;230;90;48;2;180;156;90m▀[38;2;116;97;82;48;2;116;97;82m▀[38;2;123;172;246;48;2;123;172;246m▀[48;2;230;74;82m▀[48;2;116;97;82m▀[48;2;123;172;246m▀▀▀▀▀[38;2;255;230;90;48;2;116;97;82m▀[38;2;180;156;90;48;2;255;230;90m▀[38;2;255;255;255;48;2;255;255;255m▀[38;2;98;123;180;48;2;98;123;180m▀[38;2;123;172;246;48;2;123;172;246m▀▀[38;2;116;97;82m▀[38;2;180;156;90;48;2;116;97;82m▀[48;2;180;156;90m▀▀[38;2;255;230;90m▀▀[38;2;98;123;180;48;2;116;97;82m▀[48;2;98;123;180m▀▀[48;2;16;16;16m▀[38;2;16;16;16;49m▀[0m [38;2;116;97;82m▄[48;2;255;230;90m▀▀▀▀[38;2;255;230;90m▀▀▀[38;2;116;97;82;48;2;116;97;82m▀[0m
[0m    [38;2;68;68;103m▀[38;2;123;172;246;48;2;68;68;103m▀[48;2;123;172;246m▀[38;2;255;255;255m▀[38;2;123;172;246m▀▀▀▀▀▀▀▀▀[38;2;116;97;82;48;2;180;156;90m▀[38;2;180;156;90;48;2;255;255;255m▀[38;2;255;255;255;48;2;98;123;180m▀[38;2;98;123;180;48;2;123;172;246m▀[38;2;123;172;246;48;2;98;123;180m▀[38;2;98;123;180m▀[48;2;116;97;82m▀[38;2;116;97;82;48;2;180;156;90m▀[38;2;180;156;90;48;2;116;97;82m▀▀[38;2;116;97;82;48;2;98;123;180m▀▀▀[38;2;98;123;180m▀[48;2;16;16;16m▀[38;2;16;16;16;49m▀[0m   [38;2;116;97;82m▀[38;2;255;230;90;48;2;116;97;82m▀[48;2;16;16;16m▀[38;2;116;97;82m▀[48;2;68;68;103m▀[38;2;255;230;90;48;2;16;16;16m▀[48;2;180;156;90m▀▀[38;2;16;16;16m▀[49m▄[0m
[0m    [38;2;68;68;103m▄[48;2;123;172;246m▀[38;2;123;172;246;48;2;98;123;180m▀[48;2;123;172;246m▀▀▀[38;2;98;123;180m▀[38;2;123;172;246;48;2;98;123;180m▀[48;2;68;68;103m▀▀[48;2;98;123;180m▀[38;2;68;68;103;48;2;123;172;246m▀[38;2;123;172;246m▀▀▀▀[48;2;98;123;180m▀[38;2;98;123;180m▀▀[38;2;116;97;82m▀▀[38;2;98;123;180m▀▀[48;2;16;16;16m▀▀[38;2;16;16;16;49m▀▀▄▄[0m [38;2;49;49;65m▄▄[38;2;16;16;16;48;2;68;68;103m▀▀[38;2;68;68;103m▀[48;2;49;49;65m▀[48;2;16;16;16m▀[38;2;16;16;16;48;2;180;156;90m▀[38;2;180;156;90;48;2;116;97;82m▀[48;2;16;16;16m▀▀▀[38;2;16;16;16;49m▀[0m
[0m    [38;2;68;68;103m▀▀[48;2;98;123;180m▀[38;2;98;123;180;48;2;123;172;246m▀[38;2;123;172;246;48;2;16;16;16m▀[48;2;68;68;103m▀[48;2;123;172;246m▀▀▀▀▀▀[48;2;98;123;180m▀▀[38;2;98;123;180m▀▀▀▀[38;2;16;16;16m▀[38;2;68;68;103;48;2;68;68;103m▀[38;2;16;16;16;48;2;123;172;246m▀[48;2;16;16;16m▀[49m▀[0m  [38;2;16;16;16m▄[48;2;68;68;103m▀[38;2;68;68;103m▀[38;2;16;16;16;48;2;16;16;16m▀[48;2;68;68;103m▀[38;2;68;68;103m▀[48;2;16;16;16m▀▀[38;2;16;16;16;49m▀[48;2;116;97;82m▀[38;2;180;156;90;48;2;180;156;90m▀[48;2;16;16;16m▀[38;2;16;16;16;49m▀[0m
[0m      [38;2;16;16;16m▀▀[0m  [38;2;16;16;16m▀▀[48;2;49;49;65m▀[38;2;98;123;180;48;2;16;16;16m▀▀▀▀[38;2;68;68;103m▀[38;2;49;49;65;48;2;49;49;65m▀[38;2;98;123;180m▀[48;2;98;123;180m▀[38;2;16;16;16;48;2;68;68;103m▀[38;2;98;123;180;48;2;16;16;16m▀[38;2;16;16;16m▀[38;2;123;172;246;48;2;123;172;246m▀▀[38;2;16;16;16;48;2;98;123;180m▀[48;2;68;68;103m▀[48;2;49;49;65m▀[38;2;68;68;103m▀[48;2;68;68;103m▀[38;2;16;16;16;48;2;49;49;65m▀[38;2;68;68;103;48;2;16;16;16m▀▀[38;2;16;16;16;49m▀[0m   [38;2;116;97;82m▀▀[0m
[0m            [38;2;16;16;16;48;2;16;16;16m▀[38;2;49;49;65m▀[48;2;49;49;65m▀[48;2;98;123;180m▀▀▀[48;2;49;49;65m▀▀[38;2;16;16;16;48;2;68;68;103m▀[48;2;123;172;246m▀[38;2;123;172;246m▀▀▀▀▀[38;2;68;68;103;48;2;68;68;103m▀▀▀[38;2;49;49;65m▀[38;2;68;68;103;48;2;16;16;16m▀▀[38;2;16;16;16;49m▀[0m
[0m           [38;2;68;68;103m▄[38;2;16;16;16;48;2;98;123;180m▀[38;2;98;123;180m▀[38;2;16;16;16m▀[38;2;98;123;180m▀▀▀▀[38;2;16;16;16;48;2;123;172;246m▀[38;2;123;172;246m▀▀▀[48;2;68;68;103m▀[48;2;123;172;246m▀▀[38;2;98;123;180;48;2;68;68;103m▀[38;2;68;68;103m▀▀▀[38;2;49;49;65;48;2;49;49;65m▀[38;2;16;16;16;48;2;16;16;16m▀[0m
[0m           [38;2;16;16;16;48;2;16;16;16m▀[38;2;98;123;180;48;2;98;123;180m▀▀▀[38;2;68;68;103m▀[38;2;98;123;180;48;2;16;16;16m▀[48;2;68;68;103m▀[38;2;68;68;103m▀[38;2;123;172;246;48;2;123;172;246m▀▀▀▀[38;2;16;16;16;48;2;16;16;16m▀[38;2;123;172;246;48;2;49;49;65m▀[38;2;98;123;180;48;2;68;68;103m▀[38;2;68;68;103m▀[48;2;49;49;65m▀▀[38;2;49;49;65m▀▀▀[38;2;16;16;16;48;2;16;16;16m▀[0m
[0m          [38;2;68;68;103m▄[38;2;16;16;16;48;2;180;156;90m▀[38;2;116;97;82m▀[38;2;98;123;180m▀▀[38;2;116;97;82m▀[38;2;16;16;16;48;2;16;16;16m▀[0m [38;2;68;68;103m▀[38;2;123;172;246;48;2;116;97;82m▀[48;2;180;156;90m▀[48;2;255;230;90m▀▀[38;2;180;156;90m▀[38;2;16;16;16;48;2;16;16;16m▀▀[49m▀▀[38;2;49;49;65;48;2;16;16;16m▀[48;2;49;49;65m▀▀▀▀[38;2;16;16;16;48;2;16;16;16m▀[0m
[0m          [38;2;16;16;16;48;2;16;16;16m▀[38;2;116;97;82;48;2;68;68;103m▀[38;2;180;156;90;48;2;98;123;180m▀[48;2;68;68;103m▀[48;2;98;123;180m▀[38;2;98;123;180;48;2;16;16;16m▀[38;2;16;16;16;49m▀[0m  [38;2;16;16;16;48;2;16;16;16m▀[38;2;255;230;90;48;2;123;172;246m▀▀▀[38;2;180;156;90m▀[38;2;16;16;16;48;2;16;16;16m▀[49m▀[0m   [38;2;16;16;16;48;2;16;16;16m▀[38;2;49;49;65;48;2;49;49;65m▀[48;2;16;16;16m▀[48;2;49;49;65m▀[38;2;16;16;16;48;2;16;16;16m▀[0m
[0m           [38;2;16;16;16m▀▀▀▀[0m    [38;2;16;16;16m▀[38;2;98;123;180;48;2;16;16;16m▀[38;2;123;172;246;48;2;68;68;103m▀[38;2;98;123;180m▀[38;2;123;172;246;48;2;16;16;16m▀[38;2;16;16;16;49m▀[0m     [38;2;16;16;16m▀▀▀[0m
