[0m          [38;2;115;164;74m▄▄[48;2;180;238;115m▀▀[38;2;57;90;41;49m▄[38;2;0;0;0m▄▄[0m
[0m        [38;2;115;164;74m▄[48;2;0;0;0m▀[38;2;180;238;115;48;2;180;238;115m▀▀[48;2;57;90;41m▀[48;2;180;238;115m▀▀[38;2;57;90;41;48;2;57;90;41m▀[38;2;180;238;115;48;2;180;238;115m▀[38;2;0;0;0m▀[49m▄[0m
[0m       [38;2;115;164;74m▄[38;2;0;0;0;48;2;0;0;0m▀[38;2;180;238;115;48;2;180;238;115m▀▀[38;2;115;164;74;48;2;57;90;41m▀[48;2;180;238;115m▀[38;2;180;238;115m▀▀[38;2;115;164;74m▀[38;2;57;90;41;48;2;57;90;41m▀[38;2;180;238;115;48;2;180;238;115m▀[38;2;0;0;0m▀[49m▄[0m
[0m      [38;2;57;90;41m▄[38;2;115;164;74;48;2;115;164;74m▀[38;2;180;238;115m▀[48;2;180;238;115m▀▀▀[48;2;115;164;74m▀[48;2;180;238;115m▀▀▀[38;2;0;0;0;48;2;0;0;0m▀[38;2;180;238;115;48;2;180;238;115m▀▀[38;2;57;90;41;48;2;115;164;74m▀[49m▄[0m
[0m      [38;2;57;90;41;48;2;0;0;0m▀[38;2;123;213;90;48;2;123;213;90m▀▀[38;2;115;164;74m▀▀▀[38;2;123;213;90m▀[38;2;115;164;74m▀[38;2;180;238;115;48;2;115;164;74m▀▀[38;2;0;0;0;48;2;0;0;0m▀[38;2;57;90;41;48;2;123;213;90m▀[38;2;115;164;74m▀[38;2;123;213;90m▀[38;2;57;90;41;48;2;0;0;0m▀[0m
[0m      [38;2;0;0;0m▀[38;2;123;213;90;48;2;0;0;0m▀[48;2;115;164;74m▀[48;2;123;213;90m▀▀▀▀▀▀[38;2;115;164;74;48;2;57;90;41m▀[38;2;57;90;41;48;2;123;213;90m▀[38;2;123;213;90m▀▀▀[38;2;0;0;0;48;2;0;0;0m▀[0m
[0m       [38;2;0;0;0m▀[38;2;115;164;74;48;2;0;0;0m▀[48;2;115;164;74m▀▀[38;2;123;213;90;48;2;57;90;41m▀▀[38;2;57;90;41;48;2;123;213;90m▀▀[38;2;123;213;90m▀▀▀▀[38;2;57;90;41;48;2;0;0;0m▀[0m
[0m        [38;2;57;90;41m▄[48;2;123;213;90m▀▀[38;2;123;213;90m▀▀▀▀▀[48;2;0;0;0m▀▀[38;2;0;0;0;49m▀[0m
[0m     [38;2;115;164;74m▄[48;2;123;213;90m▀[38;2;57;90;41m▀[38;2;123;213;90m▀▀[48;2;57;90;41m▀▀[48;2;0;0;0m▀[38;2;57;90;41m▀[38;2;0;0;0;48;2;115;164;74m▀▀[38;2;115;164;74m▀[48;2;123;213;90m▀[38;2;57;90;41m▀[49m▄[0m
[0m   [38;2;115;164;74m▄[48;2;123;213;90m▀[38;2;123;213;90m▀▀[48;2;148;131;0m▀[38;2;148;131;0;48;2;255;238;106m▀▀[38;2;255;238;106m▀▀▀[38;2;57;90;41m▀▀[38;2;123;213;90;48;2;57;90;41m▀[48;2;123;213;90m▀▀▀▀[38;2;57;90;41;48;2;115;164;74m▀[49m▄[0m
[0m  [38;2;115;164;74m▄[48;2;123;213;90m▀[38;2;123;213;90m▀[48;2;57;90;41m▀[38;2;148;131;0;48;2;255;238;106m▀[38;2;255;238;106m▀▀▀▀▀▀▀▀▀[38;2;57;90;41m▀[38;2;123;213;90;48;2;57;90;41m▀[48;2;123;213;90m▀▀▀[38;2;57;90;41m▀[49m▄[0m
[0m [38;2;57;90;41m▄[48;2;123;213;90m▀[38;2;123;213;90m▀[48;2;115;164;74m▀[38;2;148;131;0;48;2;255;238;106m▀[38;2;255;238;106m▀[48;2;148;131;0m▀[38;2;0;0;0;48;2;230;189;57m▀[38;2;255;238;106;48;2;255;238;106m▀▀▀▀▀[48;2;0;0;0m▀[48;2;255;238;106m▀▀[38;2;57;90;41;48;2;230;189;57m▀[38;2;123;213;90;48;2;57;90;41m▀[48;2;123;213;90m▀▀▀[38;2;57;90;41;48;2;115;164;74m▀[49m▄[0m
[0m [38;2;57;90;41;48;2;57;90;41m▀[38;2;123;213;90;48;2;123;213;90m▀▀[38;2;32;82;74;48;2;32;82;74m▀[38;2;255;238;106;48;2;230;189;57m▀[48;2;255;238;106m▀[38;2;0;0;0m▀[38;2;255;238;106;48;2;230;189;57m▀[48;2;255;238;106m▀▀▀▀▀[38;2;230;189;57m▀[38;2;148;131;0;48;2;0;0;0m▀[38;2;255;238;106;48;2;230;189;57m▀[38;2;230;189;57m▀[38;2;57;90;41;48;2;57;90;41m▀[38;2;123;213;90;48;2;123;213;90m▀▀[38;2;115;164;74;48;2;115;164;74m▀▀[38;2;0;0;0;48;2;0;0;0m▀[0m
[38;2;0;0;0;48;2;0;0;0m▀[38;2;123;213;90;48;2;123;213;90m▀[38;2;115;164;74;48;2;32;82;74m▀[38;2;32;82;74;48;2;49;123;98m▀[48;2;74;148;115m▀[38;2;148;131;0;48;2;32;82;74m▀[38;2;230;189;57;48;2;230;189;57m▀[38;2;255;238;106m▀▀[38;2;148;131;0m▀[38;2;255;238;106;48;2;148;131;0m▀▀[38;2;148;131;0;48;2;230;189;57m▀[38;2;230;189;57m▀[38;2;255;238;106m▀▀[38;2;230;189;57m▀[38;2;148;131;0;48;2;32;82;74m▀[38;2;57;90;41;48;2;74;148;115m▀[38;2;123;213;90;48;2;32;82;74m▀[38;2;115;164;74;48;2;115;164;74m▀▀▀[38;2;0;0;0;48;2;0;0;0m▀[0m
[38;2;0;0;0;48;2;0;0;0m▀[38;2;123;213;90;48;2;115;164;74m▀[38;2;32;82;74;48;2;32;82;74m▀[38;2;74;148;115;48;2;74;148;115m▀▀▀[38;2;32;82;74m▀[38;2;148;131;0m▀[38;2;230;189;57;48;2;32;82;74m▀▀▀▀▀▀[38;2;148;131;0;48;2;74;148;115m▀[38;2;32;82;74m▀▀[38;2;74;148;115m▀[48;2;49;123;98m▀[38;2;49;123;98m▀[38;2;32;82;74;48;2;32;82;74m▀[38;2;115;164;74;48;2;115;164;74m▀[48;2;0;0;0m▀[38;2;0;0;0;49m▀[0m
[0m [38;2;0;0;0;48;2;0;0;0m▀[38;2;115;164;74;48;2;115;164;74m▀[38;2;49;123;98m▀[38;2;74;148;115;48;2;32;82;74m▀▀[38;2;32;82;74;48;2;49;123;98m▀[38;2;74;148;115m▀[48;2;74;148;115m▀▀▀▀▀[48;2;49;123;98m▀[48;2;32;82;74m▀[48;2;49;123;98m▀[38;2;49;123;98m▀▀▀[48;2;32;82;74m▀[38;2;32;82;74;48;2;115;164;74m▀[38;2;115;164;74m▀[38;2;0;0;0;48;2;0;0;0m▀[0m
[0m  [38;2;0;0;0;48;2;0;0;0m▀[38;2;115;164;74;48;2;115;164;74m▀▀▀[38;2;32;82;74;48;2;32;82;74m▀[38;2;49;123;98;48;2;49;123;98m▀▀▀▀▀▀▀[38;2;32;82;74;48;2;32;82;74m▀[48;2;115;164;74m▀▀▀▀[38;2;115;164;74m▀▀[38;2;0;0;0;48;2;0;0;0m▀[0m
[0m   [38;2;0;0;0m▀[38;2;115;164;74;48;2;0;0;0m▀[48;2;32;82;74m▀[48;2;115;164;74m▀[38;2;32;82;74m▀▀[38;2;49;123;98;48;2;32;82;74m▀▀▀[38;2;32;82;74;48;2;115;164;74m▀▀[38;2;115;164;74m▀▀▀▀[48;2;32;82;74m▀▀[38;2;0;0;0;49m▀[0m
[0m     [38;2;0;0;0;48;2;0;0;0m▀[38;2;148;131;0;48;2;148;131;0m▀[38;2;57;90;41;48;2;230;189;57m▀[48;2;148;131;0m▀[38;2;115;164;74;48;2;0;0;0m▀▀▀▀▀▀[38;2;57;90;41;48;2;148;131;0m▀[48;2;230;189;57m▀[38;2;32;82;74m▀[38;2;230;189;57;48;2;148;131;0m▀[38;2;0;0;0;48;2;0;0;0m▀[0m
[0m      [38;2;0;0;0m▀[38;2;230;189;57;48;2;0;0;0m▀▀[38;2;148;131;0;49m▀[0m     [38;2;0;0;0m▀[38;2;230;189;57;48;2;0;0;0m▀▀[38;2;0;0;0;49m▀[0m
