[0m                             [38;2;115;156;139m▄[48;2;255;255;255m▀[38;2;41;123;82;49m▄[0m
[0m                   [38;2;41;123;82m▄[38;2;115;156;139;48;2;255;255;255m▀▀▀▀[49m▄▄▄[0m [38;2;115;156;139m▄[48;2;255;255;255m▀[38;2;255;255;255m▀[38;2;213;205;222m▀[38;2;41;123;82;48;2;41;123;82m▀[0m
[0m                   [38;2;41;123;82;48;2;41;123;82m▀[38;2;255;255;255;48;2;255;255;255m▀▀▀▀▀▀▀[38;2;115;156;139m▀▀▀[38;2;255;255;255;48;2;213;205;222m▀[48;2;255;255;255m▀▀[38;2;41;123;82m▀[49m▄[38;2;0;0;0m▄[0m
[0m                  [38;2;41;123;82m▄[48;2;255;255;255m▀[38;2;255;255;255m▀▀▀▀▀▀▀▀▀▀▀▀▀▀▀▀[38;2;41;123;82m▀[38;2;0;0;0m▀[49m▄▄[0m [38;2;41;123;82m▄▄[48;2;213;205;222m▀[48;2;41;123;82m▀[0m
[0m                 [38;2;41;123;82m▄[48;2;255;255;255m▀[38;2;255;255;255m▀▀▀▀▀▀▀▀▀▀▀▀▀▀▀▀▀▀▀▀[38;2;115;156;139m▀[38;2;0;0;0;48;2;115;156;139m▀[38;2;213;205;222;48;2;213;205;222m▀▀[48;2;115;156;139m▀[38;2;115;156;139;48;2;213;205;222m▀[38;2;41;123;82;48;2;0;0;0m▀[0m
[0m                 [38;2;41;123;82;48;2;41;123;82m▀[38;2;255;255;255;48;2;255;255;255m▀▀▀▀▀▀▀▀▀▀▀▀▀▀▀▀▀▀▀▀▀[48;2;213;205;222m▀[38;2;213;205;222m▀[38;2;115;156;139;48;2;115;156;139m▀[38;2;213;205;222;48;2;213;205;222m▀▀▀[38;2;0;0;0;48;2;0;0;0m▀[0m
[0m           [38;2;123;57;90m▄▄▄▄[0m  [38;2;41;123;82m▀[38;2;255;255;255;48;2;41;123;82m▀[48;2;255;255;255m▀▀▀▀▀▀▀▀▀▀▀▀▀▀▀▀▀▀▀[48;2;213;205;222m▀[38;2;213;205;222m▀▀▀[48;2;115;156;139m▀[38;2;115;156;139m▀[48;2;213;205;222m▀▀[38;2;0;0;0;49m▄[0m
[0m     [38;2;123;57;90m▄▄▄▄[48;2;189;65;106m▀[48;2;255;98;131m▀[38;2;189;65;106;48;2;123;57;90m▀[38;2;255;98;131;48;2;255;98;131m▀[48;2;189;65;106m▀[38;2;189;65;106;48;2;123;57;90m▀[38;2;123;57;90;48;2;255;98;131m▀[48;2;189;65;106m▀[49m▄[38;2;41;123;82m▀[38;2;255;255;255;48;2;41;123;82m▀[48;2;255;255;255m▀▀▀▀▀▀▀▀▀▀▀▀▀[48;2;213;205;222m▀▀▀[38;2;213;205;222m▀▀▀▀▀▀[38;2;115;156;139;48;2;115;156;139m▀[38;2;213;205;222;48;2;213;205;222m▀▀[48;2;0;0;0m▀[38;2;0;0;0;49m▀[0m
[0m  [38;2;123;57;90m▄[48;2;255;98;131m▀[48;2;189;65;106m▀[38;2;255;98;131;48;2;255;98;131m▀▀[48;2;189;65;106m▀[38;2;123;57;90;48;2;255;98;131m▀[38;2;189;65;106;48;2;189;65;106m▀[38;2;123;57;90;48;2;255;98;131m▀▀▀[48;2;123;57;90m▀[38;2;189;65;106;48;2;255;98;131m▀[38;2;255;98;131m▀▀[38;2;123;57;90;48;2;189;65;106m▀[38;2;0;0;0;49m▄[38;2;41;123;82;48;2;41;123;82m▀[38;2;213;205;222m▀[38;2;255;255;255m▀[48;2;213;205;222m▀▀▀▀▀▀▀[38;2;213;205;222m▀▀▀▀▀▀▀▀▀▀▀▀[48;2;115;156;139m▀[38;2;115;156;139;48;2;213;205;222m▀[38;2;213;205;222;48;2;255;255;255m▀[38;2;255;255;255;48;2;213;205;222m▀[38;2;0;0;0;48;2;0;0;0m▀[0m
[0m [38;2;123;57;90;48;2;123;57;90m▀[38;2;255;98;131;48;2;189;65;106m▀[38;2;189;65;106m▀[48;2;255;98;131m▀[38;2;255;98;131m▀▀[38;2;189;65;106m▀[38;2;255;98;131m▀▀[38;2;189;65;106m▀[38;2;123;57;90m▀▀[38;2;255;98;131m▀▀▀[48;2;189;65;106m▀[38;2;189;65;106m▀[38;2;0;0;0;48;2;0;0;0m▀[38;2;41;123;82;48;2;41;82;82m▀[48;2;41;123;82m▀[48;2;246;213;74m▀[48;2;41;123;82m▀[48;2;57;156;98m▀[38;2;213;205;222;48;2;41;123;82m▀▀▀▀▀▀▀▀▀▀[38;2;115;156;139m▀[38;2;41;123;82m▀▀▀[38;2;41;82;82;48;2;41;82;82m▀[38;2;213;205;222;48;2;213;205;222m▀▀[38;2;115;156;139;48;2;115;156;139m▀[38;2;255;255;255;48;2;213;205;222m▀[38;2;213;205;222;48;2;255;255;255m▀[38;2;0;0;0;48;2;0;0;0m▀[0m
[38;2;123;57;90;48;2;123;57;90m▀[38;2;255;98;131;48;2;255;98;131m▀▀▀▀▀▀▀▀▀▀▀▀▀▀[48;2;189;65;106m▀[38;2;189;65;106m▀[48;2;0;0;0m▀[0m [38;2;41;82;82m▀[38;2;41;123;82;48;2;41;82;82m▀[38;2;246;213;74;48;2;255;255;255m▀[48;2;246;213;74m▀[38;2;57;156;98;48;2;57;156;98m▀▀▀▀▀▀[48;2;246;213;74m▀▀▀[38;2;41;123;82m▀[48;2;41;123;82m▀▀▀▀[48;2;41;82;82m▀[38;2;213;205;222;48;2;213;205;222m▀[48;2;115;156;139m▀[38;2;115;156;139;48;2;41;123;82m▀[38;2;213;205;222m▀[48;2;0;0;0m▀[38;2;0;0;0;49m▀[0m
[38;2;123;57;90;49m▀[38;2;255;98;131;48;2;123;57;90m▀[38;2;189;65;106;48;2;255;98;131m▀[38;2;255;98;131;48;2;123;57;90m▀▀▀▀[48;2;255;98;131m▀▀▀[38;2;189;65;106m▀[38;2;255;98;131;48;2;189;65;106m▀▀[38;2;189;65;106m▀▀▀[48;2;0;0;0m▀[38;2;0;0;0;48;2;41;82;82m▀[0m  [38;2;41;82;82m▀[38;2;213;205;222;48;2;0;0;0m▀[38;2;0;0;0;48;2;123;57;90m▀[38;2;57;156;98;48;2;57;156;98m▀▀▀▀[48;2;41;123;82m▀[38;2;246;213;74;48;2;246;213;74m▀[48;2;123;57;90m▀[48;2;189;65;106m▀[38;2;115;156;139;48;2;255;255;255m▀[38;2;255;255;255m▀[38;2;41;123;82;48;2;41;123;82m▀[48;2;41;82;82m▀▀[38;2;41;82;82;48;2;255;255;255m▀[38;2;41;123;82;48;2;41;123;82m▀▀▀[38;2;0;0;0m▀▀[49m▄[0m  [38;2;65;74;131m▄▄▄▄[0m
[38;2;123;57;90;49m▄[48;2;255;98;131m▀[38;2;189;65;106;48;2;189;65;106m▀[48;2;255;98;131m▀[38;2;123;57;90;48;2;123;57;90m▀[38;2;255;98;131;48;2;255;98;131m▀[48;2;189;65;106m▀[38;2;123;57;90;48;2;123;57;90m▀[38;2;255;98;131;48;2;255;98;131m▀▀[38;2;189;65;106;48;2;189;65;106m▀▀▀[48;2;123;57;90m▀[48;2;115;156;139m▀[38;2;123;57;90m▀[38;2;115;156;139m▀[38;2;41;82;82m▀[38;2;0;0;0;48;2;0;0;0m▀[0m  [38;2;0;0;0m▀[38;2;115;156;139;48;2;0;0;0m▀[38;2;41;123;82;48;2;115;156;139m▀[48;2;41;123;82m▀▀▀[48;2;41;82;82m▀[38;2;189;65;106m▀[38;2;0;0;0m▀[38;2;189;65;106m▀[38;2;255;255;255m▀[38;2;41;82;82;48;2;164;230;172m▀▀[38;2;255;255;255m▀[48;2;255;255;255m▀[48;2;41;123;82m▀[38;2;41;123;82m▀[48;2;0;0;0m▀[38;2;0;0;0;49m▀▀▀[0m [38;2;0;0;0m▄[38;2;65;74;131;48;2;82;115;238m▀[38;2;82;115;238m▀[48;2;65;74;131m▀[38;2;74;90;189;48;2;82;115;238m▀▀[38;2;65;74;131m▀[48;2;74;90;189m▀[49m▄[0m
[38;2;0;0;0;48;2;0;0;0m▀[38;2;255;98;131;48;2;255;98;131m▀[38;2;123;57;90;48;2;123;57;90m▀[38;2;189;65;106;48;2;255;98;131m▀[38;2;123;57;90m▀[38;2;189;65;106m▀[38;2;123;57;90;48;2;123;57;90m▀[38;2;189;65;106;48;2;255;98;131m▀[38;2;255;98;131m▀[48;2;189;65;106m▀[38;2;189;65;106m▀▀[48;2;123;57;90m▀[38;2;0;0;0;48;2;115;156;139m▀[38;2;115;156;139m▀▀▀▀▀[38;2;0;0;0;48;2;41;82;82m▀[0m   [38;2;41;82;82m▀[38;2;115;156;139;48;2;0;0;0m▀[38;2;164;230;172m▀[48;2;115;156;139m▀▀[38;2;115;156;139;48;2;164;230;172m▀[38;2;164;230;172m▀▀[48;2;115;156;139m▀[48;2;41;123;82m▀▀[38;2;41;123;82;48;2;41;82;82m▀[48;2;0;0;0m▀[38;2;0;0;0;49m▀▀[0m    [38;2;0;0;0m▄[38;2;65;74;131;48;2;74;90;189m▀[38;2;82;115;238;48;2;82;115;238m▀▀[38;2;65;74;131;48;2;65;74;131m▀[38;2;82;115;238;48;2;74;90;189m▀[38;2;65;74;131;48;2;82;115;238m▀[48;2;65;74;131m▀[48;2;82;115;238m▀[38;2;74;90;189;48;2;74;90;189m▀[38;2;65;74;131;48;2;82;115;238m▀[48;2;74;90;189m▀[48;2;82;115;238m▀[49m▄[38;2;0;0;0m▄[0m
[38;2;0;0;0;49m▀[38;2;255;98;131;48;2;123;57;90m▀[48;2;255;98;131m▀[38;2;123;57;90m▀▀▀[38;2;255;98;131m▀▀[48;2;189;65;106m▀[38;2;189;65;106m▀▀[48;2;123;57;90m▀[38;2;0;0;0;48;2;0;0;0m▀[38;2;115;156;139m▀[48;2;41;123;82m▀[48;2;115;156;139m▀▀▀▀▀[38;2;41;82;82m▀[49m▄▄[0m   [38;2;0;0;0m▀▀▀[38;2;41;123;82;48;2;0;0;0m▀[48;2;41;82;82m▀▀[38;2;41;82;82;48;2;0;0;0m▀[38;2;0;0;0;49m▀[0m        [38;2;0;0;0;48;2;0;0;0m▀[38;2;74;90;189;48;2;74;90;189m▀▀[38;2;82;115;238;48;2;82;115;238m▀▀[38;2;65;74;131m▀[38;2;82;115;238;48;2;65;74;131m▀[38;2;65;74;131m▀[38;2;74;90;189m▀[38;2;65;74;131;48;2;82;115;238m▀[38;2;82;115;238m▀[38;2;74;90;189m▀[38;2;82;115;238m▀[38;2;74;90;189;48;2;74;90;189m▀[38;2;82;115;238;48;2;82;115;238m▀[38;2;0;0;0;48;2;0;0;0m▀[0m
[0m [38;2;0;0;0m▀[38;2;189;65;106;48;2;0;0;0m▀[38;2;255;98;131m▀[48;2;189;65;106m▀▀[38;2;189;65;106m▀▀▀[48;2;0;0;0m▀▀[38;2;0;0;0;49m▀[0m  [38;2;0;0;0m▀▀▀[38;2;41;123;82;48;2;0;0;0m▀[38;2;115;156;139m▀▀[48;2;41;82;82m▀[48;2;164;230;172m▀[38;2;164;230;172m▀[38;2;41;82;82m▀▀▀[38;2;41;123;82;49m▄▄[38;2;0;0;0;48;2;0;0;0m▀[38;2;246;213;74;48;2;41;82;82m▀[38;2;41;82;82;48;2;246;213;74m▀▀[38;2;0;0;0m▀[49m▄[0m        [38;2;0;0;0m▀[38;2;74;90;189;48;2;0;0;0m▀[48;2;74;90;189m▀▀[38;2;82;115;238m▀▀[48;2;82;115;238m▀▀▀▀▀▀▀▀[38;2;74;90;189m▀▀[38;2;0;0;0;48;2;0;0;0m▀[0m
[0m    [38;2;0;0;0m▀▀▀▀▀[0m            [38;2;0;0;0m▀▀[38;2;41;82;82m▀[38;2;164;230;172;48;2;0;0;0m▀▀▀[48;2;164;230;172m▀▀[38;2;57;156;98m▀[38;2;246;213;74;48;2;57;156;98m▀[48;2;41;82;82m▀▀[38;2;0;0;0;48;2;0;0;0m▀[0m        [38;2;41;82;82m▄[38;2;0;0;0;48;2;115;156;139m▀[38;2;74;90;189;48;2;65;74;131m▀[48;2;74;90;189m▀▀▀▀[48;2;82;115;238m▀[38;2;82;115;238m▀▀[48;2;65;74;131m▀[38;2;65;74;131;48;2;82;115;238m▀[48;2;65;74;131m▀[38;2;74;90;189;48;2;82;115;238m▀[38;2;82;115;238;48;2;74;90;189m▀[48;2;82;115;238m▀[38;2;0;0;0;48;2;0;0;0m▀[0m
[0m                         [38;2;41;82;82m▄[38;2;41;123;82;48;2;41;123;82m▀[38;2;0;0;0m▀[48;2;41;82;82m▀[38;2;164;230;172;48;2;115;156;139m▀[38;2;57;156;98;48;2;57;156;98m▀▀▀[38;2;0;0;0m▀[48;2;0;0;0m▀[49m▄[0m    [38;2;41;82;82m▄[48;2;41;82;82m▀[38;2;115;156;139;48;2;115;156;139m▀▀▀[38;2;65;74;131m▀[48;2;74;90;189m▀[38;2;74;90;189m▀▀[38;2;82;115;238m▀[48;2;82;115;238m▀▀[38;2;65;74;131;48;2;65;74;131m▀[38;2;82;115;238;48;2;82;115;238m▀[38;2;65;74;131m▀[38;2;74;90;189;48;2;65;74;131m▀[38;2;65;74;131;48;2;82;115;238m▀[38;2;0;0;0;48;2;0;0;0m▀[0m
[0m                       [38;2;41;82;82m▄[48;2;41;123;82m▀[38;2;41;123;82m▀▀[38;2;41;82;82;48;2;41;82;82m▀[38;2;57;156;98;48;2;57;156;98m▀▀▀▀[48;2;115;156;139m▀[48;2;57;156;98m▀[38;2;0;0;0;48;2;0;0;0m▀[38;2;115;156;139;48;2;115;156;139m▀[38;2;0;0;0m▀[38;2;41;82;82;49m▄[38;2;0;0;0m▄[38;2;41;82;82m▄[48;2;164;230;172m▀[38;2;164;230;172m▀[38;2;115;156;139;48;2;115;156;139m▀▀▀▀▀[38;2;65;74;131;48;2;65;74;131m▀[38;2;74;90;189;48;2;74;90;189m▀▀[38;2;82;115;238m▀[48;2;82;115;238m▀▀[38;2;65;74;131m▀[38;2;82;115;238;48;2;65;74;131m▀[38;2;65;74;131;48;2;74;90;189m▀[38;2;74;90;189m▀[38;2;0;0;0;48;2;0;0;0m▀[0m
[0m                     [38;2;41;82;82m▄[48;2;41;123;82m▀[38;2;41;123;82m▀▀▀[38;2;0;0;0;48;2;0;0;0m▀[38;2;57;156;98;48;2;57;156;98m▀▀▀[48;2;164;230;172m▀[38;2;164;230;172m▀[38;2;115;156;139;48;2;115;156;139m▀[38;2;164;230;172;48;2;164;230;172m▀[38;2;57;156;98;48;2;57;156;98m▀[38;2;41;82;82;48;2;0;0;0m▀[38;2;115;156;139;48;2;41;82;82m▀[48;2;115;156;139m▀[48;2;164;230;172m▀[38;2;164;230;172m▀▀▀▀[38;2;115;156;139m▀▀[48;2;0;0;0m▀▀[38;2;65;74;131m▀[38;2;74;90;189m▀[48;2;74;90;189m▀[48;2;82;115;238m▀[48;2;74;90;189m▀[48;2;82;115;238m▀[38;2;82;115;238;48;2;74;90;189m▀▀▀[38;2;0;0;0;48;2;0;0;0m▀[0m
[0m                [38;2;41;82;82m▄▄▄▄[48;2;57;156;98m▀[38;2;57;156;98m▀▀[38;2;41;123;82m▀[48;2;0;0;0m▀[38;2;0;0;0;48;2;164;230;172m▀[38;2;41;82;82m▀[38;2;57;156;98;48;2;57;156;98m▀▀[48;2;164;230;172m▀[38;2;164;230;172m▀▀▀[38;2;115;156;139;48;2;115;156;139m▀[38;2;164;230;172;48;2;164;230;172m▀[38;2;0;0;0;48;2;0;0;0m▀[38;2;41;123;82;48;2;41;82;82m▀[38;2;41;82;82;48;2;41;123;82m▀[38;2;0;0;0;48;2;41;82;82m▀[38;2;164;230;172;48;2;0;0;0m▀▀[38;2;0;0;0;49m▀▀▀[38;2;41;82;82m▀[0m    [38;2;0;0;0m▀[38;2;74;90;189;48;2;0;0;0m▀[38;2;82;115;238m▀[38;2;74;90;189m▀[38;2;82;115;238m▀[38;2;0;0;0;49m▀▀[0m
[0m                [38;2;41;82;82m▀[38;2;57;156;98;48;2;41;82;82m▀[48;2;57;156;98m▀▀▀▀▀[38;2;0;0;0;48;2;0;0;0m▀[38;2;115;156;139;48;2;164;230;172m▀[38;2;164;230;172m▀▀▀[38;2;57;156;98;48;2;115;156;139m▀[38;2;164;230;172;48;2;164;230;172m▀▀▀▀[38;2;115;156;139;48;2;115;156;139m▀[38;2;164;230;172m▀[38;2;0;0;0;48;2;0;0;0m▀[38;2;115;156;139;48;2;115;156;139m▀[38;2;0;0;0;48;2;0;0;0m▀[38;2;41;82;82;48;2;41;123;82m▀[48;2;41;82;82m▀[49m▄▄[0m
[0m               [38;2;41;82;82;48;2;41;82;82m▀[48;2;57;156;98m▀▀[38;2;57;156;98m▀▀▀▀[38;2;0;0;0;48;2;0;0;0m▀[38;2;115;156;139;48;2;164;230;172m▀[38;2;164;230;172m▀▀▀▀▀[38;2;115;156;139;48;2;41;82;82m▀[38;2;164;230;172;48;2;115;156;139m▀▀[38;2;115;156;139m▀▀[48;2;0;0;0m▀[38;2;41;82;82;48;2;115;156;139m▀[38;2;115;156;139m▀[38;2;0;0;0;48;2;41;82;82m▀[38;2;41;123;82;48;2;0;0;0m▀[48;2;41;123;82m▀▀[38;2;41;82;82;48;2;41;82;82m▀[49m▄▄[0m
[0m                [38;2;41;82;82m▀[38;2;57;156;98;48;2;41;82;82m▀[48;2;57;156;98m▀▀▀▀[38;2;0;0;0;48;2;0;0;0m▀[38;2;164;230;172;48;2;164;230;172m▀▀▀▀▀[48;2;115;156;139m▀[38;2;0;0;0;48;2;0;0;0m▀[38;2;115;156;139m▀▀[38;2;41;82;82m▀[38;2;0;0;0;48;2;115;156;139m▀[38;2;115;156;139m▀▀▀▀[38;2;0;0;0;48;2;0;0;0m▀[38;2;41;123;82;48;2;41;123;82m▀▀▀[48;2;41;82;82m▀[38;2;41;82;82;49m▀[0m
[0m                 [38;2;41;82;82;48;2;41;82;82m▀[38;2;57;156;98;48;2;57;156;98m▀▀[48;2;41;82;82m▀▀[38;2;0;0;0m▀[38;2;164;230;172;48;2;164;230;172m▀▀▀▀[48;2;115;156;139m▀[38;2;0;0;0;48;2;0;0;0m▀[38;2;41;123;82;48;2;41;123;82m▀▀▀▀[38;2;115;156;139;48;2;0;0;0m▀[48;2;115;156;139m▀▀▀▀[38;2;0;0;0;48;2;0;0;0m▀[38;2;41;123;82;48;2;41;82;82m▀[48;2;41;123;82m▀[38;2;41;82;82;48;2;41;82;82m▀[0m
[0m                 [38;2;41;82;82m▀▀▀[0m [38;2;0;0;0;48;2;0;0;0m▀[38;2;115;156;139;48;2;115;156;139m▀▀[38;2;164;230;172m▀▀[38;2;115;156;139;48;2;0;0;0m▀[38;2;0;0;0;48;2;41;123;82m▀[38;2;41;123;82m▀▀▀[48;2;41;82;82m▀▀[38;2;0;0;0;49m▀[38;2;115;156;139;48;2;0;0;0m▀[48;2;115;156;139m▀▀▀▀[38;2;41;82;82;48;2;41;82;82m▀[49m▀▀[0m
[0m                     [38;2;0;0;0;48;2;0;0;0m▀[38;2;115;156;139;48;2;115;156;139m▀▀▀[48;2;0;0;0m▀[38;2;0;0;0;49m▀[0m [38;2;41;82;82m▀[38;2;41;123;82;48;2;41;82;82m▀[38;2;41;82;82m▀[0m    [38;2;0;0;0;48;2;0;0;0m▀[38;2;115;156;139;48;2;115;156;139m▀▀[48;2;246;213;74m▀[38;2;0;0;0;48;2;0;0;0m▀[0m
[0m                     [38;2;41;82;82;48;2;0;0;0m▀[38;2;115;156;139;48;2;246;213;74m▀[38;2;246;213;74m▀[38;2;115;156;139;48;2;0;0;0m▀[38;2;0;0;0;49m▀[0m          [38;2;0;0;0;48;2;0;0;0m▀[38;2;246;213;74;48;2;246;213;74m▀▀[38;2;0;0;0;48;2;0;0;0m▀[0m
[0m                     [38;2;0;0;0m▀[38;2;246;213;74;48;2;0;0;0m▀▀[38;2;0;0;0;49m▀[0m            [38;2;0;0;0m▀▀[0m
