[0m        [38;2;41;74;115m▄▄[48;2;74;131;189m▀▀▀▀▀[49m▄▄[0m
[0m     [38;2;57;98;156m▄[48;2;74;131;189m▀▀[38;2;74;131;189;48;2;115;172;238m▀▀▀[48;2;74;131;189m▀▀▀▀▀▀[38;2;16;16;16m▀[49m▄[0m
[0m   [38;2;41;74;115m▄[38;2;57;98;156;48;2;74;131;189m▀[38;2;74;131;189m▀[48;2;115;172;238m▀[38;2;115;172;238;48;2;255;255;255m▀[38;2;255;255;255m▀▀[38;2;115;172;238;48;2;115;172;238m▀▀[38;2;74;131;189;48;2;74;131;189m▀▀▀▀▀▀▀[38;2;16;16;16;48;2;57;98;156m▀[49m▄[0m
[0m  [38;2;41;74;115m▄[48;2;74;131;189m▀[38;2;74;131;189m▀▀[38;2;115;172;238m▀[38;2;255;255;255;48;2;115;172;238m▀▀[38;2;115;172;238m▀[48;2;74;131;189m▀[38;2;74;131;189m▀▀▀▀▀▀▀[38;2;57;98;156;48;2;57;98;156m▀▀▀[38;2;16;16;16;48;2;16;16;16m▀[38;2;115;123;139;49m▄▄[0m
[0m [38;2;41;74;115m▄[48;2;74;131;189m▀[38;2;74;131;189m▀▀▀▀▀▀▀▀▀▀[48;2;41;74;115m▀▀[48;2;57;98;156m▀▀[38;2;57;98;156m▀▀▀[48;2;41;74;115m▀[38;2;41;74;115;48;2;164;180;189m▀[38;2;16;16;16;48;2;16;16;16m▀[38;2;164;180;189;48;2;164;180;189m▀[38;2;115;123;139m▀[48;2;213;222;230m▀[49m▄[38;2;16;16;16m▄[0m
[0m [38;2;41;74;115;48;2;41;74;115m▀[38;2;74;131;189;48;2;74;131;189m▀▀▀▀▀▀▀▀▀[48;2;41;74;115m▀[38;2;41;74;115;48;2;164;180;189m▀[38;2;164;180;189;48;2;131;148;156m▀[38;2;131;148;156m▀[38;2;41;74;115m▀[38;2;57;98;156;48;2;41;74;115m▀[48;2;57;98;156m▀▀[48;2;41;74;115m▀[38;2;41;74;115;48;2;164;180;189m▀[38;2;131;148;156;48;2;98;115;131m▀[38;2;98;115;131m▀[38;2;57;74;90;48;2;16;16;16m▀[38;2;164;180;189;48;2;164;180;189m▀[38;2;213;222;230;48;2;213;222;230m▀[48;2;57;74;90m▀[38;2;57;74;90;49m▀[0m
[38;2;57;74;90;48;2;57;74;90m▀[38;2;41;74;115;48;2;213;222;230m▀[38;2;57;98;156;48;2;131;148;156m▀[38;2;74;131;189;48;2;41;74;115m▀[48;2;57;98;156m▀▀▀[48;2;41;74;115m▀▀[38;2;57;98;156;48;2;164;180;189m▀[38;2;41;74;115m▀[38;2;164;180;189;48;2;131;148;156m▀[38;2;131;148;156m▀▀▀▀▀[38;2;41;74;115m▀▀[38;2;164;180;189m▀[38;2;98;115;131;48;2;57;74;90m▀[48;2;255;255;255m▀▀[38;2;16;16;16;48;2;164;180;189m▀[38;2;164;180;189;48;2;57;74;90m▀[38;2;115;123;139m▀[0m
[38;2;57;74;90;48;2;57;74;90m▀[38;2;213;222;230;48;2;164;180;189m▀[48;2;213;222;230m▀▀▀▀[48;2;164;180;189m▀[48;2;98;115;131m▀[48;2;131;148;156m▀[38;2;98;115;131m▀[38;2;131;148;156m▀▀▀[48;2;57;74;90m▀▀[38;2;57;74;90;48;2;255;255;255m▀▀[38;2;98;115;131;48;2;98;115;131m▀[38;2;131;148;156;48;2;131;148;156m▀[38;2;57;74;90;48;2;57;74;90m▀[38;2;255;255;255;48;2;255;255;255m▀▀▀▀▀[38;2;164;180;189m▀[38;2;57;74;90m▀[38;2;115;123;139;49m▄[0m
[38;2;16;16;16;48;2;16;16;16m▀[38;2;164;180;189;48;2;164;180;189m▀[38;2;131;148;156m▀[38;2;164;180;189;48;2;131;148;156m▀[38;2;98;115;131m▀[38;2;131;148;156m▀▀▀▀▀[48;2;98;115;131m▀[38;2;57;74;90;48;2;255;255;255m▀▀[38;2;213;222;230;48;2;203;37;37m▀[38;2;203;37;37m▀[38;2;255;255;255;48;2;255;255;255m▀▀[38;2;98;115;131;48;2;98;115;131m▀[38;2;131;148;156;48;2;131;148;156m▀[38;2;57;74;90;48;2;98;115;131m▀[38;2;255;255;255;48;2;213;222;230m▀▀▀[38;2;213;222;230m▀[48;2;164;180;189m▀[48;2;16;16;16m▀[38;2;16;16;16;49m▀[0m
[0m [38;2;57;74;90;48;2;16;16;16m▀[38;2;164;180;189;48;2;164;180;189m▀[38;2;131;148;156;48;2;131;148;156m▀▀▀▀▀▀▀▀[38;2;213;222;230;48;2;98;115;131m▀[38;2;255;255;255;48;2;213;222;230m▀[48;2;255;255;255m▀▀[48;2;98;115;131m▀[38;2;213;222;230;48;2;131;148;156m▀[38;2;131;148;156m▀▀[38;2;98;115;131;48;2;98;115;131m▀[38;2;57;74;90m▀[38;2;213;222;230m▀[48;2;16;16;16m▀[38;2;16;16;16;49m▀▀[0m
[0m [38;2;57;74;90m▀[38;2;164;180;189;48;2;16;16;16m▀[48;2;131;148;156m▀[38;2;131;148;156m▀[38;2;57;74;90m▀[38;2;131;148;156m▀▀▀[48;2;57;74;90m▀[48;2;131;148;156m▀▀▀▀▀▀[48;2;98;115;131m▀▀[38;2;98;115;131m▀▀[48;2;57;74;90m▀[38;2;16;16;16;49m▀[0m
[0m   [38;2;57;74;90m▀[38;2;164;180;189;48;2;16;16;16m▀[38;2;131;148;156;48;2;131;148;156m▀▀[38;2;57;74;90;48;2;16;16;16m▀[38;2;16;16;16;48;2;98;115;131m▀[38;2;98;115;131m▀[38;2;16;16;16m▀[38;2;131;148;156;48;2;16;16;16m▀▀▀[38;2;16;16;16;48;2;98;115;131m▀[38;2;98;115;131m▀▀▀[48;2;57;74;90m▀[48;2;16;16;16m▀[38;2;16;16;16;49m▀[0m
[0m     [38;2;16;16;16m▀▀[38;2;57;74;90m▀[38;2;98;115;131;48;2;16;16;16m▀▀[48;2;57;74;90m▀[48;2;98;115;131m▀▀▀[48;2;57;74;90m▀[48;2;131;148;156m▀[48;2;41;74;115m▀[38;2;41;74;115;48;2;57;98;156m▀[38;2;16;16;16;48;2;41;74;115m▀[0m
[0m           [38;2;16;16;16m▀[48;2;16;16;16m▀[48;2;131;148;156m▀[38;2;131;148;156m▀▀▀[38;2;57;98;156m▀[48;2;57;98;156m▀[38;2;16;16;16;48;2;74;131;189m▀[49m▄[0m          [38;2;41;74;115m▄[0m
[0m         [38;2;57;74;90m▄▄[38;2;16;16;16;48;2;98;115;131m▀[38;2;164;180;189;48;2;164;180;189m▀▀[38;2;131;148;156m▀▀▀[38;2;98;115;131;48;2;57;98;156m▀[38;2;74;131;189;48;2;74;131;189m▀▀▀[38;2;41;74;115m▀[38;2;16;16;16m▀[38;2;41;74;115;49m▄[38;2;16;16;16m▄[0m   [38;2;16;16;16m▄▄[48;2;74;131;189m▀[38;2;74;131;189m▀[38;2;41;74;115;48;2;16;16;16m▀[0m
[0m    [38;2;57;74;90m▄▄[48;2;164;180;189m▀▀▀[38;2;164;180;189m▀[48;2;131;148;156m▀[38;2;98;115;131;48;2;164;180;189m▀[38;2;164;180;189m▀▀▀▀▀[38;2;57;98;156m▀▀[48;2;131;148;156m▀[48;2;98;115;131m▀[38;2;74;131;189;48;2;74;131;189m▀▀▀▀[38;2;41;74;115m▀[38;2;16;16;16m▀▀[38;2;74;131;189m▀▀▀[48;2;57;98;156m▀▀[38;2;16;16;16;48;2;16;16;16m▀[0m
[0m [38;2;57;74;90m▄[48;2;164;180;189m▀[48;2;131;148;156m▀[38;2;164;180;189m▀[48;2;164;180;189m▀▀[48;2;131;148;156m▀▀[38;2;131;148;156m▀[38;2;98;115;131;48;2;98;115;131m▀[38;2;164;180;189;48;2;164;180;189m▀▀▀[48;2;57;74;90m▀[38;2;57;74;90;48;2;131;148;156m▀[38;2;164;180;189;48;2;164;180;189m▀▀▀[38;2;131;148;156;48;2;16;16;16m▀[48;2;131;148;156m▀[38;2;57;98;156;48;2;57;98;156m▀[38;2;74;131;189;48;2;74;131;189m▀▀▀▀▀▀▀▀[38;2;57;98;156m▀[38;2;131;148;156;48;2;57;98;156m▀[48;2;131;148;156m▀[38;2;16;16;16;48;2;16;16;16m▀[0m
[38;2;57;74;90;48;2;16;16;16m▀[38;2;213;222;230;48;2;255;255;255m▀[38;2;131;148;156;48;2;131;148;156m▀[38;2;255;255;255;48;2;57;74;90m▀[38;2;57;74;90m▀[38;2;131;148;156;48;2;131;148;156m▀▀[48;2;16;16;16m▀▀[38;2;98;115;131;48;2;98;115;131m▀[38;2;164;180;189;48;2;164;180;189m▀▀▀[48;2;57;74;90m▀[38;2;57;74;90;48;2;164;180;189m▀[38;2;164;180;189m▀▀▀[48;2;16;16;16m▀[38;2;16;16;16;48;2;131;148;156m▀[38;2;131;148;156m▀[38;2;57;98;156m▀▀[48;2;57;98;156m▀▀[48;2;74;131;189m▀[38;2;74;131;189m▀[38;2;41;74;115m▀[38;2;74;131;189;48;2;41;74;115m▀[48;2;57;98;156m▀▀[38;2;57;98;156m▀[38;2;16;16;16;48;2;16;16;16m▀[0m
[0m [38;2;16;16;16;48;2;16;16;16m▀[38;2;131;148;156;48;2;255;255;255m▀[48;2;16;16;16m▀[38;2;16;16;16;49m▀▀▀[0m [38;2;16;16;16;48;2;16;16;16m▀[38;2;98;115;131;48;2;57;74;90m▀[38;2;164;180;189;48;2;164;180;189m▀▀[38;2;57;74;90;48;2;57;74;90m▀[38;2;164;180;189;48;2;164;180;189m▀▀▀[48;2;131;148;156m▀[48;2;16;16;16m▀[38;2;16;16;16;48;2;131;148;156m▀[38;2;131;148;156m▀[48;2;57;74;90m▀[38;2;57;74;90;48;2;74;131;189m▀[38;2;57;98;156m▀[38;2;74;131;189m▀▀▀▀▀▀[38;2;16;16;16;48;2;57;98;156m▀[38;2;131;148;156;48;2;16;16;16m▀[48;2;131;148;156m▀[38;2;16;16;16;48;2;16;16;16m▀[0m
[0m  [38;2;16;16;16m▀▀[0m   [38;2;16;16;16;48;2;16;16;16m▀[38;2;57;98;156;48;2;57;98;156m▀[38;2;16;16;16;48;2;16;16;16m▀[38;2;131;148;156;48;2;57;74;90m▀[38;2;57;74;90;48;2;213;222;230m▀[38;2;164;180;189;48;2;131;148;156m▀[48;2;164;180;189m▀[48;2;57;74;90m▀[48;2;16;16;16m▀[38;2;16;16;16;48;2;131;148;156m▀[38;2;131;148;156;48;2;98;115;131m▀▀[38;2;98;115;131;48;2;16;16;16m▀[38;2;41;74;115;48;2;74;131;189m▀[38;2;74;131;189m▀[48;2;57;98;156m▀[38;2;57;98;156;48;2;164;180;189m▀[38;2;74;131;189;48;2;57;98;156m▀[48;2;74;131;189m▀▀▀[48;2;57;98;156m▀[38;2;57;98;156m▀[38;2;16;16;16m▀[48;2;16;16;16m▀[0m
[0m       [38;2;16;16;16;48;2;16;16;16m▀[38;2;57;98;156;48;2;57;98;156m▀[38;2;41;74;115;48;2;41;74;115m▀[38;2;57;74;90;48;2;16;16;16m▀[38;2;16;16;16;48;2;98;115;131m▀[38;2;255;255;255;48;2;16;16;16m▀[38;2;16;16;16;48;2;98;115;131m▀[38;2;255;255;255;48;2;16;16;16m▀[38;2;16;16;16;48;2;98;115;131m▀[38;2;98;115;131m▀▀▀[38;2;16;16;16;48;2;16;16;16m▀[38;2;74;131;189;48;2;57;98;156m▀[38;2;57;98;156;48;2;164;180;189m▀[38;2;164;180;189m▀▀[38;2;57;98;156m▀[38;2;74;131;189;48;2;74;131;189m▀▀[48;2;57;98;156m▀[38;2;57;98;156;48;2;131;148;156m▀[38;2;131;148;156m▀[38;2;57;98;156;48;2;57;98;156m▀[38;2;16;16;16;48;2;16;16;16m▀[0m
[0m        [38;2;16;16;16;48;2;57;74;90m▀[38;2;98;115;131m▀[48;2;98;115;131m▀[38;2;16;16;16m▀[38;2;98;115;131;48;2;16;16;16m▀▀[48;2;98;115;131m▀▀▀▀▀[38;2;16;16;16m▀[38;2;164;180;189;48;2;16;16;16m▀[48;2;131;148;156m▀▀▀▀[38;2;57;98;156m▀[38;2;74;131;189;48;2;57;98;156m▀[38;2;57;98;156;48;2;131;148;156m▀[38;2;131;148;156;48;2;98;115;131m▀[48;2;16;16;16m▀[38;2;16;16;16;49m▀[0m
[0m         [38;2;16;16;16m▀▀[38;2;98;115;131;48;2;16;16;16m▀▀[48;2;98;115;131m▀[38;2;16;16;16m▀▀[38;2;98;115;131;48;2;16;16;16m▀▀▀▀▀[38;2;16;16;16m▀[38;2;98;115;131m▀[38;2;131;148;156m▀[48;2;98;115;131m▀▀▀[38;2;98;115;131m▀[38;2;16;16;16;48;2;16;16;16m▀[0m
[0m             [38;2;16;16;16m▀[48;2;16;16;16m▀[38;2;98;115;131;48;2;98;115;131m▀▀[48;2;16;16;16m▀[38;2;16;16;16;49m▀[0m     [38;2;16;16;16;48;2;16;16;16m▀[38;2;98;115;131;48;2;98;115;131m▀▀[48;2;57;74;90m▀[38;2;16;16;16m▀[49m▄[0m
[0m             [38;2;16;16;16;48;2;16;16;16m▀[38;2;57;74;90;48;2;131;148;156m▀[48;2;98;115;131m▀▀[38;2;16;16;16m▀[49m▄[0m    [38;2;16;16;16m▄[48;2;16;16;16m▀[38;2;57;74;90;48;2;98;115;131m▀[48;2;131;148;156m▀[38;2;98;115;131;48;2;98;115;131m▀▀[38;2;16;16;16;48;2;16;16;16m▀[0m
[0m         [38;2;57;74;90m▄▄[38;2;16;16;16;48;2;57;74;90m▀▀[38;2;98;115;131;48;2;131;148;156m▀[38;2;131;148;156;48;2;57;74;90m▀[38;2;98;115;131;48;2;131;148;156m▀[48;2;98;115;131m▀[48;2;16;16;16m▀[38;2;164;180;189m▀[38;2;57;74;90;49m▀[0m  [38;2;16;16;16m▄[38;2;57;74;90;48;2;131;148;156m▀[38;2;131;148;156;48;2;98;115;131m▀[38;2;98;115;131;48;2;131;148;156m▀[38;2;131;148;156m▀▀[38;2;98;115;131;48;2;98;115;131m▀[38;2;16;16;16;48;2;164;180;189m▀[38;2;57;74;90;49m▄[0m
[0m        [38;2;57;74;90m▀[38;2;213;222;230;48;2;16;16;16m▀[38;2;131;148;156m▀[38;2;16;16;16;48;2;213;222;230m▀[38;2;213;222;230m▀[48;2;16;16;16m▀[38;2;57;74;90;48;2;213;222;230m▀[38;2;98;115;131;48;2;16;16;16m▀[38;2;16;16;16;49m▀[0m  [38;2;57;74;90m▄[48;2;213;222;230m▀[38;2;16;16;16m▀[38;2;131;148;156;48;2;57;74;90m▀[38;2;98;115;131;48;2;255;255;255m▀[38;2;213;222;230;48;2;213;222;230m▀[38;2;98;115;131;48;2;131;148;156m▀[38;2;131;148;156;48;2;213;222;230m▀▀[38;2;57;74;90;48;2;16;16;16m▀[38;2;16;16;16;49m▀[38;2;57;74;90m▀[0m
[0m           [38;2;16;16;16m▀▀▀▀[0m    [38;2;16;16;16m▀▀▀▀[38;2;213;222;230;48;2;16;16;16m▀[38;2;131;148;156m▀[38;2;16;16;16;49m▀[38;2;213;222;230;48;2;16;16;16m▀[38;2;16;16;16m▀[0m
