[0m                [38;2;32;57;115m▄▄[48;2;57;131;213m▀▀▀[38;2;16;16;16;49m▄▄[0m
[0m              [38;2;32;90;164m▄[48;2;255;255;255m▀[38;2;57;131;213m▀[38;2;115;172;238;48;2;115;172;238m▀[38;2;57;131;213m▀[48;2;57;131;213m▀▀▀▀[38;2;16;16;16;48;2;32;90;164m▀[49m▄[0m     [38;2;130;131;124m▄[0m
[0m            [38;2;32;57;115m▄[48;2;57;131;213m▀[38;2;115;172;238;48;2;115;172;238m▀[38;2;255;255;255m▀▀[38;2;115;172;238m▀[48;2;57;131;213m▀[38;2;57;131;213m▀▀▀▀[38;2;32;90;164;48;2;32;90;164m▀▀[38;2;16;16;16;48;2;16;16;16m▀[49m▄[0m [38;2;98;98;90m▄[48;2;189;213;222m▀[38;2;189;213;222m▀[38;2;16;16;16;48;2;16;16;16m▀[0m      [38;2;130;131;124m▄▄[0m
[0m  [38;2;16;16;16;48;2;16;16;16m▀[38;2;130;131;124;48;2;255;255;255m▀▀▀[49m▄▄[0m   [38;2;32;57;115m▄[38;2;32;90;164;48;2;57;131;213m▀[38;2;57;131;213m▀▀[38;2;115;172;238m▀▀[38;2;57;131;213m▀▀▀▀▀▀[38;2;32;90;164;48;2;32;90;164m▀▀▀[38;2;16;16;16;48;2;16;16;16m▀[48;2;65;65;65m▀[38;2;189;213;222;48;2;16;16;16m▀▀[48;2;189;213;222m▀[38;2;16;16;16;48;2;16;16;16m▀[0m [38;2;130;131;124m▄▄▄[48;2;255;255;255m▀▀[38;2;255;255;255;48;2;189;213;222m▀[38;2;130;131;124;48;2;130;131;124m▀[0m
[0m   [38;2;16;16;16;48;2;16;16;16m▀[38;2;255;255;255;48;2;255;255;255m▀[48;2;189;213;222m▀▀[38;2;189;213;222m▀[38;2;130;131;124m▀▀[38;2;32;57;115;49m▄[48;2;57;131;213m▀[38;2;57;131;213m▀▀▀▀▀▀▀▀▀▀[38;2;32;90;164;48;2;32;90;164m▀▀▀▀▀[38;2;16;16;16;48;2;16;16;16m▀[38;2;65;65;65;48;2;65;65;65m▀▀[48;2;130;131;124m▀[38;2;130;131;124;48;2;255;255;255m▀▀[38;2;189;213;222m▀[38;2;255;255;255m▀▀[48;2;189;213;222m▀[38;2;189;213;222m▀[38;2;16;16;16;48;2;16;16;16m▀[0m
[0m    [38;2;16;16;16;48;2;16;16;16m▀[38;2;189;213;222;48;2;189;213;222m▀▀▀[48;2;130;131;124m▀[48;2;65;65;65m▀[38;2;16;16;16m▀[38;2;57;131;213;48;2;32;90;164m▀[48;2;57;131;213m▀▀▀▀▀▀▀[48;2;32;57;115m▀[38;2;32;57;115;48;2;255;255;255m▀[38;2;32;90;164;48;2;32;57;115m▀[48;2;32;90;164m▀▀▀[48;2;16;16;16m▀[38;2;16;16;16;48;2;65;65;65m▀[38;2;65;65;65m▀[48;2;255;255;255m▀[38;2;255;255;255m▀▀▀▀▀[48;2;189;213;222m▀[38;2;189;213;222m▀[48;2;16;16;16m▀[38;2;16;16;16;49m▀[0m
[0m     [38;2;16;16;16m▀[38;2;189;213;222;48;2;16;16;16m▀[38;2;130;131;124;48;2;189;213;222m▀[38;2;255;255;255;48;2;130;131;124m▀[48;2;255;255;255m▀▀[38;2;65;65;65;48;2;189;213;222m▀[38;2;32;90;164;48;2;65;65;65m▀[38;2;57;131;213;48;2;32;90;164m▀▀▀▀[48;2;32;57;115m▀[38;2;32;57;115m▀[38;2;255;255;255;48;2;255;255;255m▀▀[38;2;130;131;124m▀[38;2;32;90;164;48;2;16;16;16m▀[38;2;16;16;16;48;2;65;65;65m▀▀[38;2;65;65;65m▀[48;2;98;98;90m▀[38;2;98;98;90;48;2;255;255;255m▀[38;2;255;255;255m▀▀[48;2;189;213;222m▀▀[38;2;189;213;222m▀▀▀[48;2;16;16;16m▀[38;2;16;16;16;49m▀[0m
[0m      [38;2;16;16;16m▀[38;2;189;213;222;48;2;16;16;16m▀[38;2;16;16;16;48;2;130;131;124m▀[38;2;189;213;222;48;2;16;16;16m▀[48;2;189;213;222m▀[48;2;65;65;65m▀[38;2;65;65;65m▀▀▀▀▀▀[38;2;189;213;222;48;2;130;131;124m▀[38;2;255;255;255;48;2;189;213;222m▀▀[38;2;189;213;222;48;2;65;65;65m▀[38;2;65;65;65m▀▀[48;2;130;131;124m▀[38;2;130;131;124m▀[38;2;98;98;90;48;2;98;98;90m▀[38;2;65;65;65m▀[38;2;189;213;222;48;2;189;213;222m▀▀▀▀▀[48;2;16;16;16m▀[38;2;16;16;16;49m▀[0m
[0m        [38;2;16;16;16;48;2;16;16;16m▀[38;2;65;65;65;48;2;65;65;65m▀[38;2;16;16;16;48;2;98;98;90m▀[38;2;65;65;65;48;2;65;65;65m▀▀▀▀▀▀[48;2;98;98;90m▀▀[48;2;225;69;82m▀[48;2;16;16;16m▀[48;2;225;69;82m▀[38;2;225;69;82m▀[38;2;98;98;90;48;2;98;98;90m▀[38;2;130;131;124;48;2;16;16;16m▀[38;2;65;65;65;48;2;156;156;148m▀[38;2;98;98;90;48;2;16;16;16m▀[48;2;98;98;90m▀[38;2;65;65;65m▀[38;2;189;213;222;48;2;65;65;65m▀▀[38;2;130;131;124;48;2;16;16;16m▀[38;2;16;16;16;49m▀[0m
[0m         [38;2;65;65;65;48;2;16;16;16m▀[38;2;156;156;148;48;2;156;156;148m▀[38;2;65;65;65;48;2;98;98;90m▀[38;2;98;98;90;48;2;130;131;124m▀[38;2;130;131;124m▀▀▀▀▀▀[38;2;98;98;90m▀[38;2;225;69;82;48;2;98;98;90m▀▀[38;2;98;98;90;48;2;130;131;124m▀[38;2;130;131;124m▀[38;2;16;16;16;48;2;65;65;65m▀[38;2;156;156;148;48;2;156;156;148m▀[38;2;65;65;65;48;2;130;131;124m▀[38;2;98;98;90;48;2;16;16;16m▀[48;2;98;98;90m▀▀▀[38;2;16;16;16;48;2;16;16;16m▀[0m
[0m         [38;2;65;65;65m▀[38;2;156;156;148;48;2;65;65;65m▀[38;2;98;98;90;48;2;156;156;148m▀[38;2;130;131;124;48;2;130;131;124m▀▀▀▀▀▀▀▀▀▀[48;2;16;16;16m▀[38;2;16;16;16;48;2;65;65;65m▀[38;2;98;98;90;48;2;98;98;90m▀[38;2;130;131;124m▀[38;2;98;98;90m▀[38;2;16;16;16;48;2;65;65;65m▀[38;2;98;98;90;48;2;98;98;90m▀▀[38;2;16;16;16;48;2;16;16;16m▀[0m
[0m          [38;2;65;65;65m▀[38;2;156;156;148;48;2;65;65;65m▀[38;2;98;98;90;48;2;98;98;90m▀[38;2;130;131;124;48;2;130;131;124m▀[38;2;65;65;65m▀[38;2;130;131;124m▀[48;2;16;16;16m▀[38;2;65;65;65;48;2;98;98;90m▀[38;2;16;16;16m▀▀▀[38;2;65;65;65m▀[38;2;98;98;90m▀▀▀▀▀▀[48;2;16;16;16m▀[38;2;16;16;16;48;2;98;98;90m▀[0m
[0m            [38;2;16;16;16m▀[38;2;98;98;90;48;2;65;65;65m▀[38;2;130;131;124m▀[38;2;16;16;16;48;2;16;16;16m▀[38;2;98;98;90;48;2;65;65;65m▀[48;2;98;98;90m▀▀▀▀▀▀▀[48;2;65;65;65m▀▀[38;2;16;16;16;48;2;98;98;90m▀▀▀[49m▄[38;2;32;90;164m▄[48;2;57;131;213m▀▀[49m▄[0m
[0m               [38;2;65;65;65m▄[38;2;16;16;16;48;2;16;16;16m▀[38;2;65;65;65;48;2;130;131;124m▀[48;2;98;98;90m▀▀▀[38;2;98;98;90m▀▀▀▀▀▀[48;2;32;90;164m▀[38;2;32;90;164m▀[38;2;16;16;16m▀[38;2;57;131;213;48;2;16;16;16m▀[48;2;57;131;213m▀▀▀[38;2;32;90;164m▀[49m▄[0m
[0m            [38;2;130;131;124;48;2;65;65;65m▀[48;2;189;213;222m▀▀[38;2;189;213;222m▀[38;2;98;98;90;48;2;32;57;115m▀[38;2;130;131;124;48;2;130;131;124m▀▀[38;2;98;98;90m▀[48;2;98;98;90m▀▀▀▀[48;2;32;90;164m▀▀[38;2;32;90;164;48;2;32;57;115m▀[38;2;32;57;115;48;2;189;213;222m▀[38;2;189;213;222m▀▀[38;2;65;65;65;48;2;255;255;255m▀▀▀[38;2;57;131;213;48;2;65;65;65m▀[48;2;57;131;213m▀[38;2;32;90;164m▀[49m▄[0m
[0m             [38;2;65;65;65m▀[38;2;189;213;222;48;2;65;65;65m▀[48;2;130;131;124m▀[38;2;32;57;115;48;2;32;90;164m▀[38;2;57;131;213;48;2;115;172;238m▀[38;2;130;131;124;48;2;57;131;213m▀▀▀[48;2;32;90;164m▀[38;2;32;90;164;48;2;57;131;213m▀▀▀[48;2;32;90;164m▀[38;2;32;57;115m▀[38;2;189;213;222;48;2;32;57;115m▀[48;2;189;213;222m▀▀[48;2;16;16;16m▀▀[38;2;65;65;65;48;2;130;131;124m▀▀[38;2;57;131;213;48;2;65;65;65m▀[48;2;57;131;213m▀[38;2;32;90;164m▀[49m▄[0m
[0m               [38;2;32;57;115;48;2;32;90;164m▀[38;2;115;172;238;48;2;115;172;238m▀▀▀▀▀[38;2;57;131;213;48;2;57;131;213m▀▀▀▀▀▀[38;2;32;90;164m▀[38;2;16;16;16;48;2;32;90;164m▀[48;2;130;131;124m▀[38;2;130;131;124m▀▀▀▀▀[38;2;65;65;65;48;2;65;65;65m▀[38;2;57;131;213;48;2;57;131;213m▀[38;2;32;90;164m▀[49m▄[0m
[0m              [38;2;65;65;65;48;2;65;65;65m▀[38;2;115;172;238;48;2;115;172;238m▀▀▀▀▀[38;2;57;131;213;48;2;57;131;213m▀▀▀▀▀[48;2;32;90;164m▀▀[38;2;32;90;164;48;2;130;131;124m▀[38;2;130;131;124m▀▀▀▀▀▀▀▀[38;2;65;65;65;48;2;65;65;65m▀[38;2;57;131;213;48;2;57;131;213m▀[38;2;32;90;164m▀[38;2;32;57;115;49m▄[0m
[0m            [38;2;65;65;65m▄[48;2;130;131;124m▀[38;2;156;156;148;48;2;156;156;148m▀[38;2;57;131;213m▀[38;2;115;172;238;48;2;57;131;213m▀▀[48;2;115;172;238m▀[38;2;57;131;213;48;2;57;131;213m▀▀[48;2;32;90;164m▀▀[38;2;32;90;164;48;2;130;131;124m▀▀[38;2;130;131;124m▀▀▀▀▀▀▀▀▀▀▀▀[38;2;65;65;65;48;2;65;65;65m▀[38;2;57;131;213;48;2;57;131;213m▀[38;2;32;57;115;48;2;32;90;164m▀[49m▄[0m
[0m         [38;2;65;65;65m▄▄[48;2;130;131;124m▀[38;2;130;131;124m▀[38;2;98;98;90;48;2;98;98;90m▀[38;2;156;156;148;48;2;156;156;148m▀▀▀▀[38;2;32;90;164;48;2;130;131;124m▀▀▀[38;2;130;131;124m▀▀[38;2;98;98;90;48;2;98;98;90m▀[38;2;130;131;124;48;2;130;131;124m▀[38;2;65;65;65;48;2;65;65;65m▀[38;2;130;131;124;48;2;130;131;124m▀▀▀▀▀[38;2;98;98;90;48;2;65;65;65m▀[38;2;130;131;124;48;2;130;131;124m▀▀▀▀▀▀[38;2;65;65;65;48;2;65;65;65m▀[38;2;32;90;164;48;2;32;90;164m▀[38;2;32;57;115;48;2;32;57;115m▀[0m           [38;2;65;65;65m▄▄[0m
[0m    [38;2;65;65;65m▄▄[38;2;98;98;90;48;2;57;131;213m▀[38;2;65;65;65m▀▀[38;2;130;131;124;48;2;130;131;124m▀▀▀[48;2;98;98;90m▀[38;2;65;65;65;48;2;156;156;148m▀[38;2;156;156;148;48;2;130;131;124m▀[48;2;156;156;148m▀▀[48;2;130;131;124m▀[38;2;130;131;124m▀▀▀▀▀▀[38;2;65;65;65;48;2;65;65;65m▀[38;2;130;131;124;48;2;130;131;124m▀▀▀▀▀[38;2;65;65;65;48;2;65;65;65m▀[38;2;130;131;124;48;2;130;131;124m▀▀▀▀▀▀[48;2;65;65;65m▀[48;2;98;98;90m▀[38;2;16;16;16;48;2;16;16;16m▀[38;2;32;90;164;48;2;32;90;164m▀[38;2;32;57;115;48;2;32;57;115m▀[0m       [38;2;65;65;65m▄▄[48;2;130;131;124m▀[38;2;130;131;124m▀[48;2;98;98;90m▀[38;2;65;65;65;48;2;65;65;65m▀[0m
[0m [38;2;65;65;65m▄▄[48;2;156;156;148m▀[38;2;156;156;148m▀[38;2;130;131;124;48;2;65;65;65m▀[48;2;130;131;124m▀▀[38;2;32;90;164;48;2;32;90;164m▀▀[38;2;130;131;124;48;2;98;98;90m▀[38;2;98;98;90m▀[48;2;65;65;65m▀[38;2;130;131;124;48;2;130;131;124m▀[38;2;156;156;148m▀[38;2;130;131;124;48;2;156;156;148m▀[38;2;156;156;148;48;2;130;131;124m▀[38;2;130;131;124m▀▀▀▀▀[48;2;65;65;65m▀[38;2;65;65;65;48;2;57;131;213m▀[38;2;130;131;124m▀▀[48;2;130;131;124m▀▀▀[38;2;65;65;65;48;2;16;16;16m▀[38;2;130;131;124;48;2;130;131;124m▀▀▀▀▀▀▀▀[38;2;65;65;65m▀[38;2;98;98;90;48;2;98;98;90m▀[38;2;16;16;16;48;2;65;65;65m▀[38;2;32;90;164;48;2;16;16;16m▀[38;2;32;57;115;48;2;32;57;115m▀[0m   [38;2;16;16;16m▄[38;2;65;65;65m▄[48;2;98;98;90m▀[38;2;130;131;124;48;2;130;131;124m▀▀▀[48;2;98;98;90m▀[38;2;98;98;90m▀[38;2;65;65;65;48;2;65;65;65m▀[0m
[38;2;65;65;65;48;2;65;65;65m▀[38;2;130;131;124;48;2;130;131;124m▀[38;2;65;65;65;48;2;98;98;90m▀[38;2;156;156;148;48;2;65;65;65m▀[38;2;65;65;65;48;2;16;16;16m▀▀[38;2;156;156;148;48;2;156;156;148m▀[38;2;98;98;90;48;2;65;65;65m▀[38;2;32;90;164m▀[38;2;65;65;65;49m▀[38;2;16;16;16m▀▀[38;2;65;65;65;48;2;65;65;65m▀[38;2;130;131;124;48;2;130;131;124m▀▀▀▀▀[48;2;65;65;65m▀[38;2;65;65;65;48;2;156;156;148m▀[48;2;98;98;90m▀[48;2;156;156;148m▀[38;2;156;156;148m▀[38;2;130;131;124m▀[38;2;57;131;213;48;2;130;131;124m▀[48;2;32;90;164m▀[38;2;32;90;164m▀[38;2;130;131;124;48;2;16;16;16m▀[38;2;65;65;65;48;2;130;131;124m▀[38;2;130;131;124m▀▀▀▀▀[48;2;98;98;90m▀[48;2;130;131;124m▀▀▀▀▀▀[38;2;98;98;90m▀[38;2;65;65;65m▀[38;2;16;16;16;48;2;65;65;65m▀[48;2;16;16;16m▀[48;2;32;90;164m▀[38;2;57;131;213;48;2;57;131;213m▀▀▀▀[38;2;32;57;115m▀[48;2;32;90;164m▀[38;2;98;98;90;48;2;32;57;115m▀[48;2;98;98;90m▀[38;2;16;16;16;48;2;16;16;16m▀[0m
[0m [38;2;65;65;65m▀[38;2;156;156;148;48;2;65;65;65m▀[38;2;65;65;65;49m▀[0m  [38;2;16;16;16m▀[0m   [38;2;65;65;65m▄[48;2;130;131;124m▀[48;2;65;65;65m▀[38;2;130;131;124;48;2;130;131;124m▀▀▀▀▀[38;2;65;65;65m▀[38;2;98;98;90;48;2;16;16;16m▀[38;2;65;65;65;48;2;156;156;148m▀[38;2;156;156;148;48;2;98;98;90m▀[48;2;16;16;16m▀[48;2;130;131;124m▀[38;2;130;131;124m▀[38;2;32;90;164;48;2;16;16;16m▀[38;2;16;16;16;48;2;130;131;124m▀[38;2;130;131;124m▀▀▀▀▀[48;2;98;98;90m▀[38;2;98;98;90;48;2;130;131;124m▀[38;2;130;131;124m▀▀▀▀▀▀▀▀▀▀[38;2;65;65;65;48;2;65;65;65m▀[38;2;16;16;16;48;2;98;98;90m▀[38;2;98;98;90m▀▀[38;2;32;57;115m▀▀[38;2;32;90;164;48;2;32;57;115m▀[48;2;32;90;164m▀▀[38;2;32;57;115;48;2;32;57;115m▀[38;2;16;16;16;48;2;65;65;65m▀[0m
[0m        [38;2;65;65;65m▄[48;2;130;131;124m▀[38;2;130;131;124m▀▀[38;2;65;65;65;48;2;65;65;65m▀[38;2;130;131;124;48;2;130;131;124m▀▀▀▀▀▀[38;2;16;16;16m▀[38;2;156;156;148;48;2;16;16;16m▀[38;2;16;16;16;48;2;130;131;124m▀[38;2;130;131;124;48;2;16;16;16m▀[38;2;16;16;16;48;2;130;131;124m▀▀[38;2;130;131;124m▀▀▀▀▀▀[48;2;98;98;90m▀[38;2;98;98;90;48;2;130;131;124m▀[38;2;130;131;124m▀[48;2;156;156;148m▀[38;2;156;156;148m▀▀[38;2;130;131;124m▀[48;2;130;131;124m▀▀▀▀▀▀[48;2;98;98;90m▀[38;2;65;65;65;48;2;65;65;65m▀[38;2;98;98;90;48;2;98;98;90m▀▀▀▀▀[38;2;32;57;115;48;2;32;57;115m▀[38;2;32;90;164;48;2;32;90;164m▀[38;2;65;65;65;48;2;16;16;16m▀[0m
[0m       [38;2;65;65;65m▄[48;2;130;131;124m▀[38;2;130;131;124m▀▀▀[38;2;65;65;65m▀[38;2;130;131;124;48;2;98;98;90m▀[48;2;130;131;124m▀▀▀▀▀▀▀▀▀▀▀▀▀▀▀▀[48;2;98;98;90m▀[38;2;98;98;90;48;2;130;131;124m▀[38;2;130;131;124m▀▀[38;2;156;156;148m▀[48;2;156;156;148m▀▀[48;2;130;131;124m▀[38;2;130;131;124m▀▀▀▀▀▀[38;2;98;98;90;48;2;98;98;90m▀▀[38;2;65;65;65;48;2;65;65;65m▀[38;2;98;98;90;48;2;98;98;90m▀▀▀▀▀[38;2;32;90;164;48;2;65;65;65m▀[38;2;16;16;16;49m▀[0m
[0m      [38;2;65;65;65;48;2;65;65;65m▀[38;2;57;131;213;48;2;32;90;164m▀▀[38;2;130;131;124;48;2;57;131;213m▀▀▀[48;2;130;131;124m▀[38;2;65;65;65;48;2;65;65;65m▀[38;2;130;131;124;48;2;130;131;124m▀▀▀▀▀▀▀▀▀▀▀▀▀▀▀▀[38;2;65;65;65;48;2;65;65;65m▀[38;2;130;131;124;48;2;130;131;124m▀▀▀▀▀▀▀▀▀▀▀▀[38;2;98;98;90;48;2;98;98;90m▀▀▀[38;2;65;65;65;48;2;16;16;16m▀[38;2;98;98;90;48;2;98;98;90m▀▀▀▀[48;2;65;65;65m▀[38;2;65;65;65;49m▀[0m
[0m    [38;2;130;131;124m▄[48;2;255;255;255m▀[38;2;255;255;255m▀▀▀[38;2;32;90;164m▀[38;2;57;131;213;48;2;32;90;164m▀[48;2;57;131;213m▀▀[38;2;98;98;90m▀[38;2;130;131;124;48;2;65;65;65m▀[48;2;130;131;124m▀▀▀▀▀▀▀▀▀▀▀▀▀▀▀[38;2;32;57;115;48;2;32;57;115m▀[38;2;32;90;164;48;2;57;131;213m▀[38;2;130;131;124;48;2;32;90;164m▀▀[48;2;98;98;90m▀▀[48;2;57;131;213m▀▀▀[48;2;32;57;115m▀▀▀[38;2;98;98;90m▀[38;2;32;57;115;48;2;32;90;164m▀▀▀[38;2;32;90;164m▀[38;2;65;65;65;48;2;65;65;65m▀[38;2;98;98;90;48;2;98;98;90m▀▀[48;2;65;65;65m▀[38;2;65;65;65;49m▀[0m
[0m   [38;2;130;131;124m▀[38;2;255;255;255;48;2;98;98;90m▀[48;2;189;213;222m▀▀▀[38;2;189;213;222m▀▀[38;2;32;90;164;48;2;32;90;164m▀[38;2;57;131;213;48;2;57;131;213m▀▀[48;2;32;90;164m▀[38;2;65;65;65m▀[38;2;130;131;124;48;2;65;65;65m▀[48;2;98;98;90m▀[48;2;130;131;124m▀▀▀▀▀▀▀▀▀▀▀[48;2;98;98;90m▀[38;2;98;98;90;48;2;130;131;124m▀[38;2;32;57;115;48;2;32;57;115m▀[38;2;57;131;213;48;2;57;131;213m▀▀▀▀[48;2;32;57;115m▀[38;2;32;57;115;48;2;255;255;255m▀▀▀[48;2;189;213;222m▀[38;2;32;90;164;48;2;32;57;115m▀[48;2;32;90;164m▀▀▀▀▀▀[38;2;16;16;16;48;2;16;16;16m▀[38;2;98;98;90;48;2;98;98;90m▀[48;2;65;65;65m▀[38;2;65;65;65;49m▀[0m
[0m     [38;2;98;98;90m▀▀[38;2;189;213;222;48;2;16;16;16m▀▀[38;2;32;90;164;48;2;32;90;164m▀▀▀▀▀▀[38;2;65;65;65m▀[38;2;98;98;90;48;2;16;16;16m▀[48;2;98;98;90m▀▀[38;2;130;131;124m▀▀▀[48;2;130;131;124m▀▀[48;2;98;98;90m▀[38;2;98;98;90;48;2;130;131;124m▀[38;2;130;131;124;48;2;98;98;90m▀[38;2;98;98;90;48;2;130;131;124m▀[38;2;130;131;124;48;2;98;98;90m▀[38;2;98;98;90;48;2;130;131;124m▀[48;2;98;98;90m▀[38;2;32;57;115;48;2;32;57;115m▀[38;2;57;131;213;48;2;57;131;213m▀▀[38;2;32;57;115;48;2;32;57;115m▀[38;2;255;255;255;48;2;255;255;255m▀▀▀▀[48;2;189;213;222m▀[38;2;189;213;222m▀[38;2;32;57;115;48;2;32;57;115m▀[38;2;32;90;164;48;2;32;90;164m▀▀▀▀[48;2;16;16;16m▀[38;2;16;16;16;48;2;98;98;90m▀[38;2;98;98;90;48;2;16;16;16m▀[38;2;65;65;65;49m▀[0m
[0m         [38;2;16;16;16m▀[38;2;32;57;115m▀[38;2;32;90;164;48;2;16;16;16m▀▀[48;2;32;90;164m▀▀[48;2;32;57;115m▀[38;2;65;65;65;48;2;65;65;65m▀[38;2;16;16;16m▀[38;2;98;98;90;48;2;16;16;16m▀[48;2;98;98;90m▀▀▀▀▀▀▀[38;2;130;131;124m▀[38;2;98;98;90m▀▀▀▀▀[38;2;32;57;115;48;2;16;16;16m▀[38;2;57;131;213;48;2;32;90;164m▀[38;2;32;90;164m▀[38;2;189;213;222;48;2;32;57;115m▀[38;2;255;255;255m▀[38;2;189;213;222;48;2;189;213;222m▀▀[48;2;16;16;16m▀[38;2;32;57;115;48;2;32;90;164m▀[38;2;32;90;164m▀▀▀▀[48;2;32;57;115m▀[38;2;16;16;16;48;2;16;16;16m▀[49m▀[0m
[0m             [38;2;16;16;16;48;2;16;16;16m▀[48;2;65;65;65m▀[38;2;65;65;65m▀▀▀▀[38;2;16;16;16m▀[38;2;65;65;65;48;2;16;16;16m▀[38;2;98;98;90;48;2;65;65;65m▀[48;2;98;98;90m▀▀▀▀▀▀▀▀▀▀[48;2;65;65;65m▀[38;2;16;16;16m▀[38;2;32;90;164;48;2;16;16;16m▀▀[48;2;32;57;115m▀[38;2;32;57;115;48;2;32;90;164m▀▀[38;2;32;90;164m▀[48;2;32;57;115m▀▀▀[38;2;32;57;115;48;2;65;65;65m▀▀[38;2;16;16;16m▀[49m▄[0m
[0m            [38;2;16;16;16;48;2;16;16;16m▀[38;2;65;65;65;48;2;98;98;90m▀[38;2;98;98;90m▀▀▀[38;2;65;65;65m▀[48;2;65;65;65m▀▀[38;2;16;16;16;48;2;16;16;16m▀[0m [38;2;65;65;65m▀▀[38;2;98;98;90;48;2;65;65;65m▀[48;2;16;16;16m▀▀[48;2;65;65;65m▀[38;2;65;65;65m▀▀▀▀▀▀▀[48;2;16;16;16m▀[38;2;16;16;16m▀[38;2;32;57;115m▀▀[48;2;65;65;65m▀[38;2;65;65;65m▀▀▀▀▀▀[38;2;16;16;16m▀[49m▄[0m
[0m           [38;2;65;65;65;48;2;65;65;65m▀[38;2;98;98;90;48;2;98;98;90m▀▀▀[48;2;65;65;65m▀[48;2;98;98;90m▀▀[38;2;65;65;65;48;2;65;65;65m▀[48;2;16;16;16m▀[38;2;16;16;16;49m▀[0m      [38;2;65;65;65m▀[38;2;16;16;16m▀▀▀▀▀▀[38;2;65;65;65m▀[0m    [38;2;16;16;16;48;2;16;16;16m▀[38;2;65;65;65;48;2;65;65;65m▀▀▀▀▀▀▀[38;2;16;16;16;48;2;16;16;16m▀[0m
[0m        [38;2;130;131;124m▄[38;2;16;16;16m▄[38;2;65;65;65;48;2;189;213;222m▀[38;2;98;98;90;48;2;65;65;65m▀[38;2;65;65;65m▀[38;2;98;98;90;48;2;130;131;124m▀[48;2;65;65;65m▀[38;2;65;65;65;48;2;98;98;90m▀[38;2;98;98;90;48;2;130;131;124m▀[48;2;98;98;90m▀[38;2;65;65;65;48;2;16;16;16m▀[38;2;16;16;16;49m▀[0m                  [38;2;65;65;65m▄[48;2;65;65;65m▀[48;2;98;98;90m▀[38;2;98;98;90m▀▀[38;2;65;65;65m▀▀[48;2;65;65;65m▀[38;2;16;16;16;48;2;16;16;16m▀[0m
[0m       [38;2;130;131;124;48;2;130;131;124m▀[38;2;255;255;255;48;2;16;16;16m▀▀[38;2;189;213;222m▀[38;2;65;65;65;48;2;189;213;222m▀[38;2;189;213;222m▀[38;2;130;131;124;48;2;16;16;16m▀[38;2;16;16;16m▀[38;2;130;131;124;48;2;189;213;222m▀[38;2;189;213;222m▀[38;2;65;65;65;48;2;16;16;16m▀[38;2;16;16;16;49m▀[0m                  [38;2;65;65;65m▄[48;2;130;131;124m▀[38;2;98;98;90;48;2;98;98;90m▀[48;2;65;65;65m▀[48;2;130;131;124m▀[48;2;98;98;90m▀[48;2;65;65;65m▀[48;2;98;98;90m▀[38;2;65;65;65m▀[48;2;65;65;65m▀[38;2;16;16;16;48;2;16;16;16m▀[0m
[0m         [38;2;130;131;124;48;2;130;131;124m▀[38;2;255;255;255;48;2;16;16;16m▀▀[38;2;189;213;222m▀[38;2;16;16;16;49m▀[38;2;255;255;255;48;2;16;16;16m▀▀[38;2;189;213;222m▀[38;2;16;16;16;49m▀[0m                  [38;2;130;131;124m▄[38;2;16;16;16;48;2;189;213;222m▀[38;2;130;131;124;48;2;130;131;124m▀▀[38;2;16;16;16;48;2;16;16;16m▀[38;2;130;131;124;48;2;130;131;124m▀▀[38;2;65;65;65;48;2;16;16;16m▀[38;2;98;98;90;48;2;130;131;124m▀[48;2;98;98;90m▀[38;2;65;65;65m▀[38;2;16;16;16;48;2;65;65;65m▀[0m
[0m                                   [38;2;130;131;124m▄[48;2;189;213;222m▀[38;2;189;213;222m▀[38;2;130;131;124;48;2;16;16;16m▀[38;2;16;16;16;48;2;189;213;222m▀[38;2;189;213;222m▀[38;2;130;131;124;48;2;130;131;124m▀[38;2;65;65;65;48;2;65;65;65m▀[48;2;189;213;222m▀[38;2;189;213;222m▀[38;2;98;98;90;48;2;98;98;90m▀[38;2;16;16;16;48;2;16;16;16m▀[0m
[0m                                   [38;2;130;131;124m▀[38;2;16;16;16m▀▀[38;2;255;255;255;48;2;16;16;16m▀▀[38;2;189;213;222m▀[38;2;16;16;16;49m▀[38;2;255;255;255;48;2;16;16;16m▀▀[38;2;189;213;222m▀[38;2;16;16;16;49m▀[0m
