[0m           [38;2;65;57;73m▄▄[48;2;98;98;106m▀▀▀▀▀[48;2;65;57;73m▀[38;2;17;17;17;49m▄▄[0m
[0m         [38;2;65;57;73m▄[48;2;98;98;106m▀[38;2;98;98;106m▀[48;2;65;57;73m▀▀▀▀[48;2;98;98;106m▀▀▀▀[38;2;65;57;73m▀[38;2;17;17;17;48;2;65;57;73m▀[49m▄[0m
[0m       [38;2;65;57;73m▄[48;2;98;98;106m▀[38;2;98;98;106;48;2;65;57;73m▀[38;2;65;57;73;48;2;98;98;106m▀▀[38;2;98;98;106m▀▀▀▀[38;2;65;57;73m▀▀[38;2;98;98;106;48;2;65;57;73m▀[48;2;98;98;106m▀▀▀[38;2;17;17;17;48;2;65;57;73m▀[49m▄[0m
[0m      [38;2;17;17;17;48;2;17;17;17m▀[38;2;98;98;106;48;2;65;57;73m▀[38;2;65;57;73;48;2;98;98;106m▀[38;2;98;98;106;48;2;139;139;156m▀▀[48;2;98;98;106m▀▀▀▀▀▀▀[38;2;65;57;73m▀[38;2;98;98;106;48;2;65;57;73m▀[48;2;98;98;106m▀▀▀[38;2;17;17;17;48;2;65;57;73m▀[49m▄[0m
[0m     [38;2;17;17;17;48;2;17;17;17m▀[38;2;98;98;106;48;2;65;57;73m▀[38;2;65;57;73;48;2;98;98;106m▀[38;2;139;139;156;48;2;139;139;156m▀▀▀▀[38;2;98;98;106;48;2;98;98;106m▀▀▀▀▀▀▀[38;2;65;57;73m▀[38;2;98;98;106;48;2;65;57;73m▀[48;2;98;98;106m▀▀▀[38;2;17;17;17;48;2;17;17;17m▀[0m
[0m    [38;2;17;17;17;48;2;17;17;17m▀[38;2;98;98;106;48;2;98;98;106m▀[38;2;65;57;73m▀[38;2;139;139;156;48;2;139;139;156m▀▀▀▀[38;2;98;98;106;48;2;98;98;106m▀▀▀▀▀▀▀▀▀[38;2;65;57;73;48;2;65;57;73m▀[38;2;98;98;106;48;2;98;98;106m▀▀▀[38;2;65;57;73;48;2;65;57;73m▀[38;2;17;17;17;48;2;17;17;17m▀[0m
[0m   [38;2;17;17;17m▄[48;2;98;98;106m▀[38;2;65;57;73;48;2;65;57;73m▀[38;2;98;98;106;48;2;98;98;106m▀▀[38;2;139;139;156m▀▀[38;2;98;98;106m▀▀▀▀▀▀▀▀▀▀[38;2;65;57;73;48;2;65;57;73m▀[38;2;98;98;106;48;2;98;98;106m▀▀▀[38;2;65;57;73;48;2;65;57;73m▀[38;2;17;17;17;48;2;17;17;17m▀[0m
[0m  [38;2;98;98;106m▄[38;2;65;57;73;48;2;17;17;17m▀[38;2;98;98;106;48;2;65;57;73m▀[48;2;98;98;106m▀▀▀▀▀▀▀▀▀▀▀▀▀▀▀[38;2;65;57;73;48;2;65;57;73m▀[38;2;98;98;106;48;2;98;98;106m▀▀[38;2;65;57;73;48;2;65;57;73m▀▀[38;2;17;17;17;48;2;17;17;17m▀[0m
[0m [38;2;98;98;106;48;2;98;98;106m▀[48;2;213;213;213m▀[38;2;17;17;17;48;2;17;17;17m▀[38;2;65;57;73;48;2;65;57;73m▀[38;2;98;98;106;48;2;98;98;106m▀▀▀▀▀▀▀▀▀▀▀▀▀▀[38;2;65;57;73;48;2;65;57;73m▀[38;2;98;98;106;48;2;98;98;106m▀▀▀[38;2;65;57;73;48;2;65;57;73m▀▀[38;2;17;17;17;48;2;17;17;17m▀[0m
[38;2;98;98;106;48;2;98;98;106m▀[38;2;213;213;213;48;2;213;213;213m▀▀[38;2;65;57;73m▀[48;2;65;57;73m▀[38;2;98;98;106;48;2;17;17;17m▀[48;2;65;57;73m▀[48;2;98;98;106m▀▀▀▀▀▀[48;2;65;57;73m▀▀▀[38;2;17;17;17;48;2;213;213;213m▀▀[48;2;139;139;156m▀[38;2;65;57;73;48;2;65;57;73m▀[38;2;98;98;106;48;2;17;17;17m▀[48;2;98;98;106m▀[38;2;65;57;73;48;2;65;57;73m▀▀[38;2;17;17;17;48;2;17;17;17m▀[38;2;98;98;106;48;2;213;213;213m▀▀▀[38;2;17;17;17;49m▄[0m
[38;2;98;98;106;49m▀[38;2;139;139;156;48;2;17;17;17m▀[38;2;213;213;213;48;2;139;139;156m▀[48;2;213;213;213m▀▀▀▀[38;2;17;17;17m▀▀▀[38;2;65;57;73m▀▀▀[38;2;213;213;213m▀▀▀▀[48;2;139;139;156m▀[38;2;139;139;156m▀▀[38;2;17;17;17;48;2;17;17;17m▀[38;2;98;98;106;48;2;65;57;73m▀[38;2;65;57;73m▀[48;2;17;17;17m▀[38;2;17;17;17;48;2;213;213;213m▀[38;2;213;213;213m▀▀[48;2;139;139;156m▀[48;2;98;98;106m▀[38;2;17;17;17m▀[38;2;65;57;73;49m▄[0m
[0m [38;2;17;17;17;48;2;17;17;17m▀[48;2;65;57;73m▀[48;2;139;139;156m▀[38;2;139;139;156;48;2;17;17;17m▀[38;2;213;213;213m▀▀[48;2;139;139;156m▀▀▀▀▀▀[38;2;139;139;156m▀[48;2;65;57;73m▀▀[48;2;17;17;17m▀▀[38;2;17;17;17;48;2;65;57;73m▀▀[38;2;65;57;73m▀▀[48;2;17;17;17m▀[38;2;17;17;17;48;2;255;205;123m▀[38;2;98;98;106m▀▀▀[38;2;197;156;90m▀[38;2;255;205;123m▀▀▀[38;2;115;90;57m▀[38;2;65;57;73;48;2;115;90;57m▀[49m▄▄[0m
[0m  [38;2;65;57;73;48;2;17;17;17m▀[38;2;213;213;213;48;2;139;139;156m▀[38;2;17;17;17;48;2;65;57;73m▀[38;2;115;90;57m▀▀▀[38;2;65;57;73m▀[48;2;197;156;90m▀▀[48;2;139;139;156m▀[48;2;213;213;213m▀[48;2;255;255;255m▀[38;2;17;17;17;48;2;17;17;17m▀[48;2;213;213;213m▀[38;2;139;139;156;48;2;139;139;156m▀[38;2;65;57;73;48;2;65;57;73m▀▀▀▀[38;2;17;17;17;48;2;17;17;17m▀[38;2;255;205;123;48;2;255;205;123m▀▀▀▀▀▀▀▀▀▀▀[38;2;115;90;57;48;2;115;90;57m▀[38;2;197;156;90;48;2;197;156;90m▀[38;2;17;17;17m▀▀▀[49m▄[0m
[0m  [38;2;17;17;17;48;2;17;17;17m▀[48;2;213;213;213m▀[38;2;213;213;213m▀▀▀▀▀[38;2;139;139;156m▀[38;2;65;57;73m▀[38;2;197;156;90;48;2;65;57;73m▀[38;2;255;255;255m▀[38;2;17;17;17;48;2;255;255;255m▀[38;2;65;57;73m▀[38;2;255;255;255;48;2;98;98;106m▀[38;2;98;98;106;48;2;65;57;73m▀[38;2;65;57;73m▀▀[48;2;17;17;17m▀[38;2;17;17;17;48;2;197;156;90m▀[38;2;197;156;90;48;2;255;205;123m▀[38;2;255;205;123m▀▀▀▀▀▀▀▀▀[48;2;197;156;90m▀[38;2;197;156;90;48;2;255;205;123m▀[48;2;197;156;90m▀[38;2;115;90;57;48;2;115;90;57m▀[38;2;197;156;90;48;2;197;156;90m▀▀[48;2;17;17;17m▀[38;2;17;17;17;49m▀[0m
[0m  [38;2;65;57;73m▀[38;2;213;213;213;48;2;17;17;17m▀[38;2;139;139;156;48;2;98;98;106m▀[38;2;65;57;73m▀▀▀[38;2;139;139;156m▀[38;2;213;213;213;48;2;65;57;73m▀[48;2;139;139;156m▀[38;2;139;139;156m▀[38;2;65;57;73m▀[38;2;17;17;17;48;2;17;17;17m▀[38;2;65;57;73;48;2;65;57;73m▀▀[48;2;17;17;17m▀▀[38;2;17;17;17;48;2;197;156;90m▀[38;2;197;156;90;48;2;115;90;57m▀[48;2;255;205;123m▀[38;2;255;205;123m▀▀▀▀▀▀▀[48;2;197;156;90m▀▀[38;2;197;156;90;48;2;255;205;123m▀[38;2;255;205;123;48;2;197;156;90m▀[38;2;197;156;90;48;2;255;205;123m▀[38;2;255;205;123;48;2;197;156;90m▀[38;2;197;156;90m▀▀[48;2;17;17;17m▀[38;2;17;17;17;49m▀[0m
[0m   [38;2;17;17;17m▀[38;2;98;98;106;48;2;17;17;17m▀[38;2;65;57;73m▀[38;2;98;98;106;48;2;65;57;73m▀[38;2;65;57;73m▀[38;2;98;98;106m▀▀[38;2;65;57;73;48;2;17;17;17m▀[38;2;139;139;156m▀[38;2;17;17;17;48;2;197;156;90m▀▀▀[38;2;197;156;90;48;2;17;17;17m▀▀[38;2;65;57;73;48;2;115;90;57m▀[48;2;197;156;90m▀[38;2;197;156;90m▀[48;2;115;90;57m▀[38;2;255;205;123;48;2;197;156;90m▀[48;2;255;205;123m▀▀[48;2;197;156;90m▀▀[38;2;197;156;90m▀▀▀▀▀[38;2;115;90;57;48;2;115;90;57m▀[38;2;197;156;90;48;2;197;156;90m▀▀▀[38;2;17;17;17;48;2;17;17;17m▀[0m
[0m      [38;2;17;17;17m▀▀▀[48;2;17;17;17m▀[38;2;115;90;57;48;2;65;57;73m▀[48;2;115;90;57m▀[38;2;17;17;17m▀▀▀[38;2;115;90;57m▀[38;2;65;57;73;48;2;17;17;17m▀[38;2;17;17;17;49m▀[38;2;115;90;57;48;2;17;17;17m▀[38;2;197;156;90m▀[38;2;115;90;57;48;2;197;156;90m▀[38;2;197;156;90m▀▀▀▀▀[38;2;115;90;57;48;2;17;17;17m▀[38;2;197;156;90m▀▀▀[38;2;17;17;17;48;2;115;90;57m▀[38;2;197;156;90;48;2;197;156;90m▀▀[48;2;139;139;156m▀[48;2;197;156;90m▀[38;2;115;90;57m▀[49m▄[0m
[0m        [38;2;17;17;17;48;2;17;17;17m▀[38;2;213;213;213;48;2;139;139;156m▀[38;2;65;57;73m▀[38;2;115;90;57;48;2;65;57;73m▀[48;2;115;90;57m▀[48;2;17;17;17m▀[48;2;65;57;73m▀[38;2;17;17;17;49m▀[0m   [38;2;17;17;17;48;2;17;17;17m▀[38;2;197;156;90;48;2;65;57;73m▀[38;2;139;139;156;48;2;213;213;213m▀[38;2;197;156;90;48;2;197;156;90m▀▀▀[48;2;17;17;17m▀[38;2;17;17;17;49m▀[0m    [38;2;17;17;17;48;2;17;17;17m▀[38;2;139;139;156;48;2;213;213;213m▀[38;2;213;213;213m▀[38;2;139;139;156;48;2;139;139;156m▀[38;2;197;156;90;48;2;197;156;90m▀[38;2;17;17;17;48;2;17;17;17m▀[0m
[0m         [38;2;17;17;17m▀▀▀▀[0m      [38;2;65;57;73;48;2;65;57;73m▀[38;2;139;139;156;48;2;213;213;213m▀[38;2;213;213;213m▀[38;2;139;139;156;48;2;139;139;156m▀[38;2;197;156;90;48;2;17;17;17m▀▀[38;2;17;17;17;49m▀[0m      [38;2;17;17;17m▀▀▀▀[0m
[0m                    [38;2;17;17;17m▀▀▀[0m
