[0m              [38;2;41;41;49m▄[48;2;131;131;123m▀[48;2;41;41;49m▀[0m
[0m             [38;2;41;41;49m▄[38;2;90;90;90;48;2;90;90;90m▀[48;2;57;57;65m▀[38;2;41;41;49;49m▀[0m
[0m             [38;2;41;41;49;48;2;57;57;65m▀[38;2;57;57;65;48;2;131;131;123m▀▀[48;2;90;90;90m▀[38;2;16;16;16;49m▄[0m
[0m           [38;2;41;41;49m▄[38;2;57;57;65;48;2;131;131;123m▀[38;2;131;131;123m▀[38;2;90;90;90;48;2;90;90;90m▀[48;2;41;41;49m▀[38;2;16;16;16;48;2;16;16;16m▀[49m▀[0m
[0m           [38;2;41;41;49m▀[38;2;90;90;90;48;2;41;41;49m▀▀[38;2;41;41;49m▀▀[0m
[0m          [38;2;41;41;49m▄[48;2;131;131;123m▀▀[38;2;131;131;123m▀[48;2;90;90;90m▀[38;2;90;90;90m▀[38;2;41;41;49;48;2;16;16;16m▀[0m
[0m         [38;2;41;41;49;48;2;41;41;49m▀[38;2;131;131;123;48;2;90;90;90m▀▀[38;2;90;90;90;48;2;57;57;65m▀▀[48;2;16;16;16m▀[38;2;16;16;16;48;2;57;57;65m▀[0m
[0m         [38;2;57;57;65m▄[38;2;16;16;16;48;2;57;57;65m▀[48;2;90;90;90m▀▀[38;2;57;57;65m▀[48;2;57;57;65m▀[0m
[0m      [38;2;49;74;57m▄[38;2;16;16;16m▄[38;2;57;57;65;48;2;90;90;90m▀[38;2;131;131;123m▀▀[38;2;90;90;90;48;2;49;74;57m▀[38;2;49;74;57;48;2;123;156;74m▀▀[38;2;16;16;16m▀▀[49m▄[38;2;49;74;57m▄[0m
[0m    [38;2;49;74;57m▄[48;2;123;156;74m▀[38;2;82;115;65m▀[38;2;123;156;74m▀[38;2;16;16;16;48;2;16;16;16m▀[38;2;90;90;90m▀[48;2;41;41;49m▀[38;2;16;16;16;48;2;16;16;16m▀[38;2;123;156;74;48;2;82;115;65m▀[48;2;123;156;74m▀▀▀[48;2;82;115;65m▀[38;2;82;115;65m▀[38;2;49;74;57;48;2;49;74;57m▀[0m
[0m   [38;2;49;74;57m▄[48;2;82;115;65m▀[38;2;82;115;65m▀▀[48;2;49;74;57m▀[38;2;16;16;16;48;2;131;131;123m▀[38;2;131;131;123m▀▀▀[38;2;16;16;16;48;2;90;90;90m▀[38;2;82;115;65;48;2;16;16;16m▀[38;2;123;156;74m▀[38;2;82;115;65;48;2;82;115;65m▀▀▀▀[38;2;49;74;57;48;2;16;16;16m▀[49m▄[0m
[0m   [38;2;49;74;57;48;2;49;74;57m▀[38;2;82;115;65m▀[38;2;49;74;57;48;2;16;16;16m▀[38;2;255;213;74m▀[38;2;156;139;41;48;2;156;139;41m▀[38;2;131;131;123;48;2;16;16;16m▀[38;2;57;57;65;48;2;90;90;90m▀[38;2;131;131;123m▀[38;2;90;90;90m▀▀[38;2;255;213;74;48;2;16;16;16m▀[38;2;156;139;41;48;2;255;213;74m▀[38;2;57;57;65;48;2;57;57;65m▀[38;2;16;16;16;48;2;16;16;16m▀[48;2;82;115;65m▀▀[48;2;16;16;16m▀[38;2;82;115;65;48;2;82;115;65m▀[38;2;49;74;57m▀[49m▄[0m
[0m   [38;2;49;74;57m▄[38;2;16;16;16;48;2;16;16;16m▀[38;2;90;90;90m▀[38;2;255;213;74;48;2;90;90;90m▀[38;2;16;16;16m▀[38;2;57;57;65;48;2;16;16;16m▀[48;2;90;90;90m▀▀[38;2;90;90;90m▀▀[38;2;255;213;74;48;2;57;57;65m▀[38;2;156;139;41m▀[38;2;16;16;16;48;2;16;16;16m▀[38;2;82;115;65;48;2;123;156;74m▀[38;2;123;156;74;48;2;82;115;65m▀[38;2;82;115;65;48;2;123;156;74m▀[38;2;123;156;74;48;2;82;115;65m▀[38;2;49;74;57;48;2;16;16;16m▀[38;2;16;16;16;49m▀[0m
[0m [38;2;49;74;57m▄[48;2;123;156;74m▀[38;2;123;156;74m▀▀[38;2;16;16;16;48;2;82;115;65m▀[38;2;90;90;90;48;2;16;16;16m▀▀▀[48;2;57;57;65m▀[38;2;57;57;65m▀[38;2;82;115;65;48;2;123;156;74m▀[38;2;57;57;65m▀[48;2;82;115;65m▀[38;2;16;16;16;48;2;16;16;16m▀[38;2;82;115;65;48;2;82;115;65m▀▀[38;2;123;156;74m▀[38;2;82;115;65;48;2;49;74;57m▀[38;2;49;74;57;48;2;16;16;16m▀[38;2;16;16;16;48;2;49;74;57m▀▀[49m▄[0m
[38;2;49;74;57;49m▄[48;2;82;115;65m▀[38;2;82;115;65m▀[38;2;123;156;74m▀[48;2;16;16;16m▀[38;2;16;16;16;48;2;123;156;74m▀[38;2;82;115;65m▀[38;2;123;156;74m▀[38;2;16;16;16;48;2;49;74;57m▀[38;2;57;57;65;48;2;82;115;65m▀[48;2;57;57;65m▀[38;2;123;156;74;48;2;82;115;65m▀[48;2;123;156;74m▀▀▀[38;2;49;74;57;48;2;82;115;65m▀[38;2;82;115;65;48;2;49;74;57m▀[38;2;49;74;57;48;2;16;16;16m▀[48;2;49;74;57m▀[48;2;82;115;65m▀[38;2;82;115;65m▀▀[38;2;16;16;16;48;2;49;74;57m▀[49m▄[0m
[38;2;49;74;57;49m▀▀[38;2;82;115;65;48;2;16;16;16m▀[38;2;16;16;16;48;2;82;115;65m▀[38;2;82;115;65;48;2;123;156;74m▀[38;2;123;156;74m▀▀[38;2;82;115;65;48;2;82;115;65m▀[38;2;49;74;57;48;2;123;156;74m▀[38;2;123;156;74m▀[38;2;49;74;57m▀[48;2;49;74;57m▀[38;2;123;156;74;48;2;82;115;65m▀▀[38;2;82;115;65m▀▀[38;2;49;74;57;48;2;49;74;57m▀[38;2;16;16;16;48;2;82;115;65m▀▀[38;2;49;74;57;48;2;16;16;16m▀[38;2;82;115;65m▀▀▀[38;2;16;16;16;49m▀[0m
[0m [38;2;16;16;16m▄[48;2;82;115;65m▀[38;2;123;156;74;48;2;123;156;74m▀▀[48;2;82;115;65m▀▀[38;2;49;74;57;48;2;123;156;74m▀[38;2;123;156;74m▀[48;2;82;115;65m▀[38;2;82;115;65m▀[38;2;49;74;57;48;2;49;74;57m▀[48;2;82;115;65m▀[38;2;82;115;65;48;2;49;74;57m▀[48;2;82;115;65m▀▀[38;2;16;16;16;48;2;16;16;16m▀[38;2;82;115;65;48;2;49;74;57m▀[48;2;82;115;65m▀▀▀[38;2;16;16;16m▀[49m▄[0m
[0m [38;2;16;16;16m▀[38;2;82;115;65;48;2;16;16;16m▀▀▀[38;2;16;16;16;48;2;49;74;57m▀[38;2;49;74;57m▀[38;2;82;115;65;48;2;82;115;65m▀▀▀[38;2;49;74;57;48;2;49;74;57m▀▀[38;2;82;115;65;48;2;82;115;65m▀▀[38;2;49;74;57m▀▀[48;2;49;74;57m▀[38;2;16;16;16;48;2;82;115;65m▀[38;2;49;74;57m▀[38;2;82;115;65;48;2;49;74;57m▀[48;2;16;16;16m▀▀[38;2;16;16;16;49m▀[0m
[0m    [38;2;16;16;16;48;2;49;74;57m▀[38;2;82;115;65;48;2;82;115;65m▀[38;2;49;74;57;48;2;49;74;57m▀[48;2;82;115;65m▀[38;2;82;115;65;48;2;49;74;57m▀[38;2;49;74;57;48;2;82;115;65m▀[38;2;82;115;65m▀▀[38;2;49;74;57;48;2;49;74;57m▀[38;2;82;115;65;48;2;82;115;65m▀[48;2;49;74;57m▀[38;2;49;74;57;48;2;82;115;65m▀[38;2;82;115;65m▀[38;2;49;74;57;48;2;49;74;57m▀[38;2;82;115;65;48;2;82;115;65m▀▀[38;2;16;16;16;48;2;16;16;16m▀[0m
[0m     [38;2;16;16;16;48;2;16;16;16m▀[48;2;124;94;67m▀[38;2;82;115;65;48;2;16;16;16m▀[48;2;82;115;65m▀▀▀[48;2;123;156;74m▀[48;2;82;115;65m▀[38;2;49;74;57m▀[38;2;82;115;65m▀[38;2;16;16;16;48;2;16;16;16m▀[38;2;49;74;57;48;2;124;94;67m▀[38;2;16;16;16;48;2;16;16;16m▀[38;2;82;115;65m▀▀[38;2;16;16;16;49m▀[0m
[0m    [38;2;124;94;67;48;2;16;16;16m▀[48;2;124;94;67m▀[48;2;16;16;16m▀[38;2;16;16;16;49m▀[38;2;49;74;57m▀[38;2;82;115;65;48;2;16;16;16m▀[38;2;123;156;74;48;2;49;74;57m▀[38;2;82;115;65;48;2;123;156;74m▀[38;2;123;156;74;48;2;82;115;65m▀[38;2;82;115;65;48;2;123;156;74m▀[38;2;123;156;74;48;2;82;115;65m▀[38;2;124;94;67;48;2;49;74;57m▀[48;2;16;16;16m▀[48;2;124;94;67m▀[38;2;16;16;16;48;2;16;16;16m▀[0m
[0m    [38;2;16;16;16m▀[38;2;124;94;67m▀[0m    [38;2;49;74;57m▀[38;2;82;115;65;48;2;16;16;16m▀▀[38;2;49;74;57;48;2;49;74;57m▀[38;2;16;16;16;49m▀[0m [38;2;16;16;16m▀[38;2;124;94;67;48;2;124;94;67m▀[38;2;16;16;16;48;2;16;16;16m▀[0m
