[0m          [38;2;82;90;115m▄[48;2;82;90;115m▀[48;2;189;189;213m▀▀[49m▄▄[0m                             [38;2;82;90;115m▄▄▄[0m
[0m          [38;2;82;90;115;48;2;82;90;115m▀[38;2;189;189;213;48;2;189;189;213m▀[48;2;16;16;16m▀▀▀[48;2;189;189;213m▀[38;2;82;90;115m▀[49m▄[0m    [38;2;106;90;0m▄▄▄▄▄[0m  [38;2;16;16;16m▄▄[48;2;65;65;74m▀▀▀[49m▄[0m     [38;2;82;90;115m▄▄[48;2;238;238;255m▀▀▀[38;2;238;238;255m▀▀[38;2;189;189;213m▀[38;2;16;16;16;48;2;16;16;16m▀[0m
[0m          [38;2;16;16;16m▄[48;2;65;65;74m▀[38;2;65;65;74m▀▀▀[38;2;16;16;16m▀[38;2;189;189;213;48;2;16;16;16m▀▀[38;2;82;90;115;48;2;189;189;213m▀[38;2;106;90;0;49m▄[48;2;16;16;16m▀▀[38;2;255;205;8m▀[48;2;255;205;8m▀▀[48;2;180;139;0m▀[48;2;16;16;16m▀[38;2;106;90;0m▀[38;2;16;16;16;48;2;180;139;0m▀[38;2;65;65;74;48;2;65;65;74m▀▀▀▀▀▀[38;2;16;16;16;48;2;16;16;16m▀[38;2;82;90;115;49m▄▄[48;2;238;238;255m▀▀[38;2;238;238;255m▀▀▀▀▀▀▀[38;2;16;16;16;48;2;16;16;16m▀[0m
[0m          [38;2;16;16;16;48;2;16;16;16m▀[38;2;65;65;74;48;2;41;41;41m▀[48;2;65;65;74m▀▀[48;2;180;139;0m▀[38;2;180;139;0;48;2;255;205;8m▀[38;2;255;205;8m▀▀[38;2;16;16;16;48;2;16;16;16m▀[48;2;238;57;57m▀[38;2;238;57;57;48;2;106;41;0m▀[38;2;106;41;0;48;2;123;49;57m▀[38;2;123;49;57m▀[38;2;16;16;16;48;2;16;16;16m▀[48;2;255;205;8m▀[38;2;180;139;0m▀[38;2;255;205;8m▀▀▀[38;2;65;65;74;48;2;180;139;0m▀[48;2;65;65;74m▀▀[48;2;41;41;41m▀[38;2;41;41;41m▀[38;2;65;65;74;48;2;16;16;16m▀[38;2;16;16;16;48;2;189;189;213m▀[38;2;189;189;213m▀▀▀[38;2;238;238;255m▀[48;2;238;238;255m▀▀▀▀▀[48;2;16;16;16m▀[38;2;16;16;16;49m▀[0m
[0m           [38;2;16;16;16;48;2;16;16;16m▀[38;2;41;41;41;48;2;41;41;41m▀[38;2;65;65;74m▀[38;2;255;205;8;48;2;255;205;8m▀▀▀▀[38;2;16;16;16;48;2;16;16;16m▀[38;2;238;57;57;48;2;238;57;57m▀[38;2;106;41;0;48;2;106;41;0m▀[38;2;123;49;57;48;2;123;49;57m▀▀[38;2;16;16;16;48;2;16;16;16m▀[38;2;255;205;8;48;2;255;205;8m▀▀▀▀▀▀[38;2;65;65;74m▀[38;2;41;41;41;48;2;41;41;41m▀▀[48;2;16;16;16m▀[38;2;16;16;16;48;2;189;189;213m▀[38;2;189;189;213m▀▀▀▀▀[38;2;238;238;255;48;2;238;238;255m▀[48;2;16;16;16m▀▀[38;2;16;16;16;48;2;238;238;255m▀[48;2;189;189;213m▀[49m▄[0m
[0m            [38;2;16;16;16m▀[38;2;41;41;41;48;2;16;16;16m▀[38;2;180;139;0;48;2;180;139;0m▀[38;2;255;205;8m▀[48;2;255;205;8m▀▀[38;2;16;16;16m▀[38;2;238;57;57;48;2;16;16;16m▀[38;2;123;49;57;48;2;238;57;57m▀[48;2;123;49;57m▀[48;2;16;16;16m▀[38;2;16;16;16;48;2;106;90;0m▀[38;2;255;205;8;48;2;255;205;8m▀▀▀▀▀[48;2;180;139;0m▀[38;2;180;139;0m▀[48;2;16;16;16m▀[38;2;106;90;0;48;2;106;90;0m▀[38;2;16;16;16;48;2;180;139;0m▀[38;2;189;189;213;48;2;16;16;16m▀[48;2;82;90;115m▀▀▀[38;2;16;16;16;48;2;189;189;213m▀[48;2;238;238;255m▀[48;2;189;189;213m▀[38;2;238;238;255;48;2;238;238;255m▀▀▀[48;2;16;16;16m▀[38;2;16;16;16;49m▀[0m
[0m              [38;2;16;16;16;48;2;106;41;0m▀[38;2;180;139;0;48;2;16;16;16m▀[48;2;123;49;57m▀[38;2;255;205;8;48;2;16;16;16m▀[38;2;16;16;16;48;2;172;82;0m▀[38;2;238;115;0;48;2;238;115;0m▀[38;2;16;16;16m▀[48;2;172;82;0m▀[38;2;172;82;0m▀▀[38;2;16;16;16;48;2;123;49;57m▀[38;2;180;139;0;48;2;16;16;16m▀[38;2;255;205;8;48;2;123;49;57m▀[48;2;180;139;0m▀[38;2;180;139;0m▀[48;2;16;16;16m▀[38;2;16;16;16;48;2;180;139;0m▀[38;2;180;139;0m▀[48;2;106;41;0m▀[38;2;106;41;0;48;2;172;82;0m▀[38;2;16;16;16;48;2;238;115;0m▀[38;2;189;189;213;48;2;16;16;16m▀[48;2;82;90;115m▀[48;2;189;189;213m▀[38;2;238;238;255m▀[38;2;189;189;213;48;2;238;238;255m▀[38;2;238;238;255;48;2;189;189;213m▀[38;2;189;189;213;48;2;16;16;16m▀[38;2;238;238;255m▀[38;2;16;16;16;49m▀[0m
[0m             [38;2;106;41;0;48;2;106;41;0m▀[38;2;238;115;0;48;2;238;115;0m▀▀[38;2;16;16;16;48;2;16;16;16m▀[38;2;238;57;57;48;2;123;49;57m▀[38;2;238;238;255;48;2;238;57;57m▀[38;2;238;115;0;48;2;16;16;16m▀[48;2;238;115;0m▀[38;2;172;82;0;48;2;172;82;0m▀▀[38;2;123;49;57;48;2;16;16;16m▀[38;2;238;238;255;48;2;123;49;57m▀[38;2;238;57;57m▀[38;2;123;49;57;48;2;255;205;8m▀[38;2;180;139;0m▀[48;2;16;16;16m▀[38;2;16;16;16;48;2;180;139;0m▀[38;2;180;139;0;48;2;106;41;0m▀[38;2;106;41;0;48;2;238;115;0m▀[38;2;238;115;0m▀▀[48;2;172;82;0m▀[38;2;16;16;16;48;2;16;16;16m▀[49m▀▀▀▀▀[0m
[0m             [38;2;106;41;0m▀[38;2;238;115;0;48;2;106;41;0m▀[38;2;16;16;16;48;2;16;16;16m▀[38;2;106;90;0;48;2;255;205;8m▀[38;2;255;205;8m▀[38;2;16;16;16;48;2;106;90;0m▀[38;2;238;115;0;48;2;16;16;16m▀▀[38;2;172;82;0;48;2;238;115;0m▀[48;2;172;82;0m▀▀[48;2;16;16;16m▀[38;2;255;205;8m▀[48;2;255;205;8m▀[48;2;180;139;0m▀[38;2;16;16;16;48;2;16;16;16m▀[38;2;180;139;0;48;2;106;41;0m▀[38;2;106;41;0;48;2;238;115;0m▀[38;2;238;115;0m▀[48;2;16;16;16m▀[38;2;172;82;0;48;2;172;82;0m▀[38;2;16;16;16;48;2;16;16;16m▀[0m
[0m   [38;2;16;16;16m▄▄▄▄[0m       [38;2;106;41;0;48;2;16;16;16m▀[38;2;172;82;0m▀[38;2;16;16;16;48;2;172;82;0m▀[38;2;255;205;8;48;2;16;16;16m▀[48;2;106;90;0m▀[38;2;106;90;0;48;2;255;205;8m▀[38;2;180;139;0;48;2;16;16;16m▀[38;2;16;16;16;48;2;180;139;0m▀▀▀[38;2;180;139;0;48;2;106;90;0m▀[38;2;106;90;0;48;2;255;205;8m▀[38;2;255;205;8;48;2;16;16;16m▀[38;2;16;16;16;48;2;180;139;0m▀[38;2;180;139;0m▀[38;2;106;41;0;48;2;106;41;0m▀[38;2;172;82;0;48;2;172;82;0m▀[38;2;16;16;16;48;2;16;16;16m▀[38;2;41;41;41;48;2;41;41;41m▀[38;2;16;16;16;48;2;16;16;16m▀[0m
[38;2;16;16;16;49m▄[48;2;238;115;0m▀[48;2;16;16;16m▀[38;2;238;115;0;48;2;238;115;0m▀[38;2;16;16;16;48;2;16;16;16m▀[38;2;41;41;41;48;2;65;65;74m▀[38;2;65;65;74m▀[38;2;16;16;16m▀▀[49m▄▄[48;2;16;16;16m▀[48;2;41;41;41m▀▀[38;2;41;41;41;48;2;16;16;16m▀▀[38;2;16;16;16;49m▀▀▀[48;2;16;16;16m▀[38;2;180;139;0m▀▀[48;2;180;139;0m▀▀[38;2;16;16;16m▀▀[38;2;180;139;0m▀[48;2;16;16;16m▀▀▀[38;2;16;16;16;49m▀▀[48;2;16;16;16m▀[38;2;41;41;41;48;2;41;41;41m▀[38;2;16;16;16m▀[49m▄▄[0m    [38;2;41;41;41m▄▄▄▄[0m
[38;2;16;16;16;49m▀[38;2;238;115;0;48;2;16;16;16m▀[38;2;106;41;0;48;2;238;115;0m▀[48;2;16;16;16m▀[38;2;238;115;0m▀[38;2;16;16;16m▀[38;2;65;65;74;48;2;65;65;74m▀▀▀[48;2;41;41;41m▀[38;2;41;41;41;48;2;16;16;16m▀[38;2;16;16;16m▀[49m▀▀[0m       [38;2;16;16;16m▀[48;2;16;16;16m▀[48;2;65;65;74m▀▀▀[48;2;16;16;16m▀[49m▀[0m     [38;2;16;16;16m▀[38;2;41;41;41;48;2;16;16;16m▀[48;2;41;41;41m▀[48;2;16;16;16m▀[38;2;16;16;16;48;2;65;65;74m▀▀▀▀[38;2;65;65;74m▀▀[48;2;16;16;16m▀[38;2;16;16;16;48;2;106;41;0m▀[48;2;238;115;0m▀[49m▄[0m
[0m  [38;2;16;16;16m▀▀[0m [38;2;41;41;41m▀[38;2;16;16;16m▀▀▀[0m          [38;2;16;16;16m▄▄[48;2;65;65;74m▀[38;2;65;65;74m▀▀▀▀[38;2;16;16;16m▀[49m▄[0m       [38;2;16;16;16m▀▀[38;2;65;65;74;48;2;16;16;16m▀▀[48;2;65;65;74m▀▀▀[48;2;41;41;41m▀[38;2;41;41;41;48;2;238;115;0m▀[38;2;238;115;0;48;2;172;82;0m▀[48;2;106;41;0m▀[38;2;106;41;0;48;2;172;82;0m▀[38;2;16;16;16;48;2;16;16;16m▀[0m
[0m               [38;2;106;90;0m▄▄[38;2;16;16;16;48;2;255;205;8m▀▀[38;2;65;65;74m▀[38;2;255;205;8m▀▀▀▀▀▀[38;2;65;65;74m▀▀[38;2;16;16;16m▀▀[49m▄▄[0m       [38;2;16;16;16m▀▀▀[38;2;41;41;41m▀[48;2;16;16;16m▀▀[38;2;172;82;0m▀[38;2;16;16;16;49m▀[0m
[0m           [38;2;41;41;41m▄▄[38;2;106;90;0;48;2;255;205;8m▀▀[38;2;255;205;8;48;2;180;139;0m▀[48;2;65;65;74m▀▀▀▀▀▀▀▀▀[48;2;180;139;0m▀[48;2;255;205;8m▀▀▀▀▀▀[38;2;16;16;16m▀[48;2;180;139;0m▀[49m▄[0m
[0m         [38;2;41;41;41m▄[48;2;65;65;74m▀▀[38;2;180;139;0m▀[38;2;65;65;74m▀▀▀[48;2;16;16;16m▀[38;2;41;41;41;48;2;41;41;41m▀[38;2;16;16;16;48;2;65;65;74m▀▀[38;2;65;65;74;48;2;16;16;16m▀[48;2;65;65;74m▀▀▀▀▀▀▀▀▀[38;2;180;139;0m▀[38;2;255;205;8m▀▀[48;2;180;139;0m▀[48;2;255;205;8m▀[38;2;16;16;16m▀[49m▄[0m
[0m       [38;2;41;41;41m▄[48;2;65;65;74m▀[38;2;65;65;74m▀▀▀▀▀[48;2;16;16;16m▀[38;2;16;16;16;48;2;65;65;74m▀[38;2;65;65;74m▀▀▀▀[38;2;16;16;16m▀[38;2;65;65;74;48;2;16;16;16m▀[48;2;65;65;74m▀▀▀▀▀▀▀▀▀▀▀▀▀▀[38;2;180;139;0;48;2;41;41;41m▀[38;2;16;16;16m▀[49m▄[0m
[0m     [38;2;41;41;41m▄[48;2;65;65;74m▀[38;2;65;65;74m▀▀▀▀▀[48;2;16;16;16m▀[38;2;16;16;16;48;2;65;65;74m▀[38;2;65;65;74m▀▀▀▀▀▀▀[38;2;16;16;16m▀[38;2;65;65;74;48;2;16;16;16m▀[48;2;65;65;74m▀▀▀▀▀▀▀▀▀▀▀▀▀[48;2;16;16;16m▀[38;2;41;41;41m▀[48;2;41;41;41m▀[38;2;16;16;16;48;2;16;16;16m▀[49m▄[0m
[0m    [38;2;41;41;41m▄[48;2;65;65;74m▀[38;2;65;65;74m▀▀[48;2;255;205;8m▀▀[48;2;106;90;0m▀[38;2;16;16;16;48;2;255;205;8m▀[38;2;65;65;74;48;2;180;139;0m▀[48;2;65;65;74m▀▀▀▀▀▀▀▀▀[38;2;16;16;16;48;2;180;139;0m▀[38;2;65;65;74;48;2;16;16;16m▀[48;2;255;205;8m▀▀[48;2;180;139;0m▀[48;2;65;65;74m▀▀▀▀▀▀▀▀▀[38;2;16;16;16;48;2;16;16;16m▀[38;2;41;41;41;48;2;41;41;41m▀[38;2;16;16;16m▀[38;2;41;41;41;48;2;16;16;16m▀[38;2;16;16;16;48;2;41;41;41m▀[49m▄[0m
[0m   [38;2;41;41;41m▄[48;2;255;205;8m▀[38;2;65;65;74m▀[38;2;255;205;8m▀▀▀[38;2;106;90;0;48;2;106;90;0m▀[38;2;255;205;8;48;2;255;205;8m▀▀▀▀▀[38;2;180;139;0m▀[38;2;65;65;74m▀▀▀[38;2;180;139;0m▀[38;2;255;205;8m▀▀▀[38;2;16;16;16m▀[38;2;255;205;8;48;2;106;90;0m▀[48;2;255;205;8m▀▀▀▀▀[38;2;180;139;0m▀[38;2;65;65;74m▀▀▀[48;2;180;139;0m▀[48;2;65;65;74m▀[38;2;16;16;16m▀[38;2;41;41;41;48;2;16;16;16m▀[48;2;41;41;41m▀[38;2;16;16;16m▀[38;2;41;41;41;48;2;16;16;16m▀[48;2;41;41;41m▀[38;2;16;16;16;49m▄[0m
[0m  [38;2;41;41;41m▄[48;2;255;205;8m▀[38;2;255;205;8m▀▀▀▀[38;2;106;90;0;48;2;180;139;0m▀[38;2;255;205;8;48;2;255;205;8m▀▀▀▀▀▀▀▀▀▀▀▀▀▀▀[38;2;106;90;0;48;2;180;139;0m▀[38;2;255;205;8;48;2;255;205;8m▀▀▀▀▀▀▀▀▀▀▀[38;2;180;139;0m▀[38;2;16;16;16;48;2;16;16;16m▀[38;2;41;41;41;48;2;41;41;41m▀▀[38;2;16;16;16m▀[38;2;41;41;41m▀[38;2;16;16;16m▀[49m▄[0m
[0m  [38;2;41;41;41;48;2;41;41;41m▀[38;2;255;205;8;48;2;255;205;8m▀▀▀[48;2;16;16;16m▀▀▀[48;2;106;41;0m▀[48;2;255;205;8m▀▀▀▀▀▀▀▀▀▀▀▀▀[48;2;16;16;16m▀▀▀[48;2;106;41;0m▀[48;2;255;205;8m▀▀▀▀▀▀▀▀▀▀[38;2;16;16;16;48;2;106;90;0m▀[38;2;41;41;41;48;2;180;139;0m▀[48;2;106;90;0m▀[48;2;41;41;41m▀▀▀[38;2;16;16;16;48;2;16;16;16m▀[0m
[0m [38;2;16;16;16;48;2;16;16;16m▀[38;2;255;205;8m▀▀[38;2;16;16;16;48;2;172;82;0m▀▀[38;2;172;82;0m▀▀▀[38;2;106;41;0m▀[38;2;16;16;16m▀▀▀▀▀[38;2;255;205;8;48;2;16;16;16m▀▀[48;2;106;90;0m▀[48;2;16;16;16m▀▀[38;2;16;16;16;48;2;172;82;0m▀▀▀[38;2;172;82;0m▀▀▀[38;2;106;41;0m▀[38;2;16;16;16m▀▀▀▀▀▀[38;2;255;205;8;48;2;16;16;16m▀▀▀[48;2;106;90;0m▀[38;2;180;139;0;48;2;180;139;0m▀▀▀▀▀[38;2;106;90;0m▀[38;2;41;41;41m▀[38;2;16;16;16;48;2;16;16;16m▀[0m
[0m [38;2;16;16;16m▀[38;2;172;82;0;48;2;16;16;16m▀▀[48;2;106;41;0m▀[48;2;172;82;0m▀▀▀▀▀▀▀▀▀▀▀▀▀[38;2;16;16;16m▀[38;2;172;82;0;48;2;16;16;16m▀[48;2;172;82;0m▀▀▀▀▀▀▀▀▀▀▀▀▀▀▀▀[38;2;106;41;0m▀[38;2;16;16;16;48;2;16;16;16m▀[38;2;180;139;0;48;2;180;139;0m▀[48;2;255;205;8m▀[38;2;255;205;8;48;2;180;139;0m▀[38;2;180;139;0;48;2;255;205;8m▀[38;2;255;205;8;48;2;180;139;0m▀[38;2;180;139;0;48;2;255;205;8m▀[38;2;16;16;16;48;2;180;139;0m▀[49m▄[0m
[0m  [38;2;16;16;16;48;2;16;16;16m▀[38;2;180;139;0;48;2;180;139;0m▀▀[38;2;16;16;16m▀[38;2;106;41;0;48;2;106;41;0m▀[38;2;172;82;0;48;2;16;16;16m▀▀▀[48;2;106;41;0m▀[48;2;172;82;0m▀▀▀[48;2;16;16;16m▀▀[38;2;106;41;0;48;2;106;41;0m▀[38;2;16;16;16;48;2;180;139;0m▀[38;2;106;90;0m▀▀[38;2;16;16;16m▀▀▀[38;2;106;41;0;48;2;106;41;0m▀[38;2;172;82;0;48;2;16;16;16m▀▀▀[48;2;106;41;0m▀[48;2;172;82;0m▀▀▀▀▀[48;2;16;16;16m▀▀[38;2;106;41;0;48;2;106;41;0m▀[38;2;16;16;16;48;2;172;82;0m▀▀▀▀[38;2;180;139;0;48;2;16;16;16m▀▀[38;2;255;205;8m▀[38;2;180;139;0;48;2;180;139;0m▀▀[38;2;16;16;16;48;2;16;16;16m▀[0m
[0m  [38;2;16;16;16;48;2;16;16;16m▀[48;2;172;82;0m▀▀[38;2;172;82;0m▀▀▀▀▀[38;2;106;41;0m▀[38;2;16;16;16m▀▀▀[38;2;106;41;0;48;2;16;16;16m▀[48;2;106;41;0m▀▀[38;2;16;16;16m▀[38;2;180;139;0;48;2;16;16;16m▀[48;2;106;90;0m▀[38;2;106;90;0;48;2;180;139;0m▀[48;2;255;205;8m▀▀▀[38;2;180;139;0;48;2;106;90;0m▀[48;2;180;139;0m▀[48;2;16;16;16m▀[38;2;16;16;16;48;2;106;41;0m▀▀▀[48;2;16;16;16m▀[48;2;172;82;0m▀▀[38;2;172;82;0m▀▀▀▀▀▀▀▀▀▀[38;2;16;16;16m▀▀[48;2;16;16;16m▀[0m
[0m   [38;2;16;16;16m▀▀[38;2;172;82;0;48;2;16;16;16m▀▀▀[48;2;172;82;0m▀▀▀▀▀▀[48;2;106;41;0m▀[38;2;16;16;16m▀[38;2;106;41;0;48;2;16;16;16m▀▀[48;2;106;41;0m▀[38;2;16;16;16m▀▀[38;2;180;139;0;48;2;16;16;16m▀[38;2;255;205;8m▀▀[38;2;16;16;16;48;2;106;41;0m▀▀[38;2;106;41;0m▀▀▀▀[48;2;16;16;16m▀[38;2;16;16;16m▀[38;2;172;82;0m▀[48;2;106;41;0m▀▀[48;2;172;82;0m▀▀▀▀▀▀▀▀[48;2;16;16;16m▀▀[38;2;16;16;16;49m▀[0m
[0m        [38;2;16;16;16m▀▀▀[38;2;172;82;0m▀[38;2;106;41;0;48;2;16;16;16m▀[48;2;172;82;0m▀▀[38;2;172;82;0m▀▀▀▀[38;2;16;16;16m▀▀[38;2;106;41;0m▀▀▀▀[48;2;16;16;16m▀[48;2;172;82;0m▀[38;2;16;16;16m▀▀[38;2;172;82;0m▀▀▀▀▀▀[38;2;106;41;0m▀▀▀[38;2;172;82;0;48;2;16;16;16m▀▀[38;2;16;16;16;49m▀▀▀[0m
[0m             [38;2;16;16;16m▀▀▀▀[38;2;172;82;0;48;2;16;16;16m▀▀▀▀▀▀[38;2;106;41;0;49m▀▀▀▀▀▀▀[38;2;172;82;0;48;2;106;41;0m▀▀▀▀▀[38;2;106;41;0;49m▀▀▀[0m
