[0m                              [38;2;74;65;90m▄[48;2;123;180;230m▀[49m▄[0m
[0m                         [38;2;74;65;90m▄[0m   [38;2;74;65;90;48;2;74;65;90m▀[38;2;123;180;230;48;2;123;180;230m▀▀[38;2;74;65;90;48;2;74;65;90m▀[0m
[0m                        [38;2;74;65;90;48;2;74;65;90m▀[38;2;123;180;230;48;2;123;180;230m▀[38;2;74;65;90;48;2;74;65;90m▀[0m [38;2;74;65;90;48;2;74;65;90m▀[38;2;123;180;230;48;2;123;180;230m▀▀▀▀[38;2;74;65;90;48;2;74;65;90m▀[0m   [38;2;74;65;90m▄[48;2;98;123;156m▀[48;2;74;65;90m▀[0m
[0m                       [38;2;74;65;90m▄[48;2;123;180;230m▀[38;2;123;180;230m▀▀[38;2;74;65;90;48;2;74;65;90m▀[38;2;123;180;230;48;2;123;180;230m▀▀▀▀▀[38;2;74;65;90m▀[49m▄[48;2;74;65;90m▀[48;2;98;123;156m▀[38;2;98;123;156m▀▀[38;2;74;65;90;48;2;74;65;90m▀[0m
[0m                      [38;2;123;123;131m▄[38;2;74;65;90;48;2;74;65;90m▀[38;2;123;180;230;48;2;123;180;230m▀▀▀▀[38;2;98;123;156;48;2;98;123;156m▀[38;2;123;180;230;48;2;123;180;230m▀▀▀▀▀[38;2;74;65;90;48;2;74;65;90m▀[38;2;98;123;156;48;2;98;123;156m▀▀▀[48;2;74;65;90m▀[0m
[0m                    [38;2;123;123;131m▄[48;2;247;247;247m▀[38;2;247;247;247m▀[38;2;74;65;90;48;2;74;65;90m▀[38;2;123;180;230;48;2;123;180;230m▀▀▀▀▀▀▀▀▀[38;2;98;123;156m▀[38;2;123;180;230;48;2;98;123;156m▀[38;2;98;123;156;48;2;123;180;230m▀[48;2;98;123;156m▀▀[38;2;74;65;90m▀[49m▄[0m
[0m     [38;2;74;65;90m▄[48;2;123;180;230m▀[49m▄[0m       [38;2;74;65;90m▄▄[0m  [38;2;123;123;131;48;2;123;123;131m▀[38;2;247;247;247;48;2;247;247;247m▀▀[48;2;123;180;230m▀[38;2;98;123;156m▀[38;2;123;180;230m▀▀▀▀▀▀▀[48;2;98;123;156m▀▀[38;2;98;123;156;48;2;247;247;247m▀[38;2;123;180;230m▀[38;2;98;123;156m▀▀▀[48;2;98;123;156m▀▀[38;2;74;65;90;48;2;74;65;90m▀[0m
[0m    [38;2;74;65;90m▄[48;2;123;180;230m▀[38;2;123;180;230m▀[38;2;74;65;90;48;2;98;123;156m▀[49m▄[0m     [38;2;74;65;90;48;2;74;65;90m▀[38;2;123;180;230;48;2;123;180;230m▀[38;2;98;123;156m▀[38;2;74;65;90;48;2;74;65;90m▀[38;2;123;123;131;48;2;123;123;131m▀[38;2;247;247;247;48;2;247;247;247m▀▀[48;2;123;180;230m▀[38;2;123;180;230m▀▀▀▀▀▀[48;2;247;247;247m▀[38;2;98;123;156m▀[38;2;247;247;247m▀▀▀▀▀▀▀▀▀▀[38;2;98;123;156m▀[38;2;74;65;90;48;2;74;65;90m▀[0m
[0m    [38;2;74;65;90;48;2;74;65;90m▀[38;2;123;180;230;48;2;123;180;230m▀▀▀[38;2;16;16;16;48;2;16;16;16m▀[0m    [38;2;74;65;90;48;2;74;65;90m▀[38;2;123;180;230;48;2;123;180;230m▀▀▀[38;2;74;65;90;48;2;74;65;90m▀[38;2;247;247;247;48;2;247;247;247m▀▀[48;2;123;180;230m▀[38;2;123;180;230m▀▀▀▀▀[48;2;247;247;247m▀[38;2;247;247;247m▀▀▀▀▀▀▀▀▀▀▀▀▀▀[38;2;205;197;197;48;2;205;197;197m▀[38;2;74;65;90;48;2;74;65;90m▀[0m
[0m   [38;2;74;65;90m▄[48;2;123;180;230m▀[38;2;123;180;230m▀▀[48;2;98;123;156m▀[38;2;16;16;16m▀[38;2;74;65;90;49m▄▄▄▄[48;2;123;180;230m▀[38;2;123;180;230m▀▀▀▀[38;2;16;16;16;48;2;16;16;16m▀[38;2;247;247;247;48;2;247;247;247m▀[38;2;123;180;230;48;2;123;180;230m▀▀▀▀▀[48;2;247;247;247m▀[38;2;247;247;247m▀▀▀▀▀▀▀▀▀▀▀▀▀▀[38;2;205;197;197;48;2;205;197;197m▀▀▀[38;2;16;16;16;48;2;16;16;16m▀[0m
[0m   [38;2;74;65;90;48;2;74;65;90m▀[38;2;123;180;230;48;2;98;123;156m▀[48;2;123;180;230m▀[38;2;98;123;156;48;2;247;247;247m▀[38;2;247;247;247m▀[38;2;123;180;230;48;2;123;180;230m▀▀▀▀[38;2;74;65;90;48;2;247;247;247m▀[38;2;123;180;230;48;2;98;123;156m▀[48;2;123;180;230m▀▀▀▀[38;2;16;16;16m▀[38;2;247;247;247;48;2;16;16;16m▀[38;2;123;180;230;48;2;123;180;230m▀▀▀▀[48;2;247;247;247m▀[38;2;247;247;247m▀▀▀▀▀▀▀▀▀▀▀▀▀[48;2;205;197;197m▀[38;2;205;197;197m▀▀▀▀[38;2;16;16;16;48;2;16;16;16m▀[0m
[0m  [38;2;123;123;131m▄[38;2;74;65;90;48;2;247;247;247m▀[38;2;247;247;247m▀[38;2;98;123;156m▀[38;2;247;247;247m▀[38;2;123;180;230;48;2;123;180;230m▀▀[48;2;247;247;247m▀[38;2;247;247;247m▀▀▀▀[38;2;123;180;230;48;2;98;123;156m▀[38;2;98;123;156;48;2;247;247;247m▀▀[38;2;123;180;230;48;2;98;123;156m▀[48;2;74;65;90m▀[38;2;16;16;16;48;2;16;16;16m▀[38;2;123;180;230;48;2;123;180;230m▀▀▀▀[38;2;247;247;247;48;2;247;247;247m▀▀▀▀▀▀▀▀▀▀▀[48;2;74;65;90m▀[38;2;205;197;197;48;2;123;123;131m▀[38;2;123;123;131;48;2;205;197;197m▀[48;2;247;247;247m▀[38;2;205;197;197;48;2;205;197;197m▀▀▀[48;2;16;16;16m▀[38;2;16;16;16;49m▀[0m
[0m [38;2;123;123;131;48;2;123;123;131m▀[38;2;247;247;247;48;2;247;247;247m▀[48;2;123;123;131m▀[48;2;247;247;247m▀▀▀[38;2;123;180;230m▀[38;2;247;247;247m▀▀▀▀▀▀▀▀▀▀▀[38;2;16;16;16;48;2;16;16;16m▀[38;2;123;180;230;48;2;123;180;230m▀▀▀[48;2;247;247;247m▀[38;2;247;247;247m▀▀▀▀▀▀▀▀▀[48;2;16;16;16m▀[38;2;74;65;90;48;2;205;197;197m▀[38;2;205;197;197m▀[48;2;247;247;247m▀[38;2;247;247;247;48;2;205;197;197m▀[38;2;205;197;197;48;2;247;247;247m▀[38;2;247;247;247;48;2;205;197;197m▀[38;2;205;197;197m▀[48;2;16;16;16m▀[38;2;16;16;16;49m▀[0m
[38;2;123;123;131;48;2;123;123;131m▀[38;2;247;247;247;48;2;247;247;247m▀[38;2;95;82;72;48;2;16;16;16m▀[38;2;247;247;247m▀[38;2;95;82;72;48;2;95;82;72m▀[38;2;247;247;247;48;2;247;247;247m▀▀▀▀▀▀[48;2;205;197;197m▀[48;2;123;123;131m▀[48;2;247;247;247m▀▀▀▀▀▀▀[38;2;16;16;16;48;2;16;16;16m▀[38;2;123;180;230;48;2;123;180;230m▀▀[38;2;247;247;247;48;2;247;247;247m▀▀▀▀▀▀▀▀[48;2;205;197;197m▀[38;2;16;16;16;48;2;16;16;16m▀[38;2;205;197;197;48;2;205;197;197m▀▀▀▀▀▀[48;2;16;16;16m▀[38;2;16;16;16;49m▀[0m
[38;2;123;123;131;48;2;123;123;131m▀[38;2;247;247;247;48;2;255;213;98m▀[38;2;16;16;16;48;2;247;247;247m▀[38;2;123;123;131;48;2;95;82;72m▀[38;2;95;82;72;48;2;247;247;247m▀[38;2;247;247;247;48;2;123;123;131m▀[48;2;247;247;247m▀▀▀▀▀[38;2;95;82;72;48;2;16;16;16m▀[38;2;247;247;247m▀[38;2;95;82;72;48;2;95;82;72m▀[38;2;247;247;247;48;2;247;247;247m▀▀▀▀▀▀[38;2;16;16;16;48;2;16;16;16m▀[38;2;123;180;230;48;2;98;123;156m▀[48;2;123;180;230m▀[38;2;247;247;247;48;2;247;247;247m▀▀▀▀▀[48;2;205;197;197m▀▀[38;2;205;197;197m▀[38;2;16;16;16;48;2;16;16;16m▀[49m▀▀[38;2;205;197;197;48;2;16;16;16m▀▀▀[38;2;16;16;16;49m▀▀[0m
[0m [38;2;123;123;131;48;2;123;123;131m▀[38;2;255;213;98;48;2;255;213;98m▀[38;2;247;247;247m▀[48;2;247;247;247m▀[38;2;205;197;197m▀[48;2;95;82;72m▀[48;2;247;247;247m▀[38;2;247;247;247;48;2;95;82;72m▀▀[48;2;247;247;247m▀[38;2;16;16;16m▀[38;2;95;82;72;48;2;95;82;72m▀[48;2;247;247;247m▀[38;2;247;247;247m▀[48;2;255;213;98m▀[38;2;255;213;98m▀▀▀[38;2;247;247;247;48;2;16;16;16m▀[38;2;16;16;16;48;2;98;123;156m▀[38;2;98;123;156m▀▀[38;2;247;247;247;48;2;205;197;197m▀▀▀[38;2;205;197;197m▀▀▀▀[38;2;16;16;16;48;2;16;16;16m▀[0m
[0m  [38;2;123;123;131m▀[38;2;197;164;98;48;2;16;16;16m▀[38;2;247;247;247;48;2;205;197;197m▀▀▀[38;2;95;82;72m▀[38;2;238;131;90;48;2;238;131;90m▀[48;2;95;82;72m▀[38;2;247;247;247;48;2;247;247;247m▀▀▀[48;2;205;197;197m▀[48;2;197;164;98m▀[38;2;255;213;98m▀▀[38;2;197;164;98m▀[48;2;16;16;16m▀[38;2;16;16;16;48;2;98;123;156m▀[38;2;98;123;156m▀▀▀[38;2;205;197;197;48;2;205;197;197m▀▀▀▀▀▀[48;2;16;16;16m▀[38;2;16;16;16;49m▀[0m
[0m    [38;2;16;16;16m▀[38;2;123;123;131m▀[38;2;205;197;197;48;2;16;16;16m▀▀[48;2;95;82;72m▀[48;2;205;197;197m▀▀▀▀▀[38;2;197;164;98;48;2;197;164;98m▀[48;2;123;123;131m▀[48;2;16;16;16m▀[38;2;16;16;16;48;2;205;197;197m▀[38;2;205;197;197m▀[38;2;98;123;156;48;2;98;123;156m▀▀▀[48;2;205;197;197m▀[38;2;205;197;197m▀▀▀▀▀[48;2;16;16;16m▀[38;2;16;16;16;49m▀[0m
[0m      [38;2;16;16;16m▄[38;2;95;82;72;48;2;247;247;247m▀[38;2;247;247;247m▀[38;2;123;123;131;48;2;123;123;131m▀[48;2;247;247;247m▀[48;2;95;82;72m▀[38;2;95;82;72;48;2;247;247;247m▀[48;2;205;197;197m▀[38;2;205;197;197;48;2;95;82;72m▀[48;2;205;197;197m▀[38;2;16;16;16m▀[38;2;95;82;72;48;2;16;16;16m▀[38;2;205;197;197;48;2;205;197;197m▀[38;2;98;123;156;48;2;98;123;156m▀▀▀[38;2;205;197;197;48;2;205;197;197m▀▀▀▀▀[48;2;16;16;16m▀[38;2;16;16;16;49m▀[0m
[0m      [38;2;16;16;16m▀[38;2;247;247;247;48;2;16;16;16m▀[38;2;123;123;131;48;2;123;123;131m▀[38;2;247;247;247;48;2;247;247;247m▀[38;2;95;82;72;48;2;95;82;72m▀[38;2;205;197;197;48;2;247;247;247m▀[38;2;247;247;247;48;2;205;197;197m▀[48;2;247;247;247m▀▀[38;2;95;82;72;48;2;205;197;197m▀[38;2;247;247;247;48;2;247;247;247m▀▀[38;2;16;16;16;48;2;16;16;16m▀[38;2;98;123;156;48;2;98;123;156m▀▀[38;2;205;197;197;48;2;205;197;197m▀▀▀▀▀[48;2;95;82;72m▀[38;2;16;16;16;49m▀[0m
[0m       [38;2;16;16;16;48;2;16;16;16m▀[38;2;247;247;247;48;2;247;247;247m▀▀▀[38;2;95;82;72m▀[38;2;247;247;247m▀▀▀▀▀▀[48;2;205;197;197m▀[38;2;16;16;16;48;2;16;16;16m▀[38;2;205;197;197;48;2;205;197;197m▀▀▀▀[48;2;95;82;72m▀[38;2;95;82;72;49m▀[0m
[0m        [38;2;16;16;16;48;2;16;16;16m▀[38;2;247;247;247;48;2;123;123;131m▀[48;2;205;197;197m▀▀▀▀▀▀[38;2;205;197;197m▀▀▀[48;2;16;16;16m▀[48;2;95;82;72m▀▀[38;2;95;82;72;49m▀▀[0m
[0m      [38;2;16;16;16m▄[38;2;95;82;72;48;2;247;247;247m▀[38;2;205;197;197m▀[48;2;205;197;197m▀[38;2;123;123;131m▀[48;2;16;16;16m▀[38;2;95;82;72;49m▀▀[38;2;205;197;197;48;2;95;82;72m▀[48;2;16;16;16m▀▀▀[38;2;16;16;16;48;2;247;247;247m▀▀[49m▄[0m
[0m      [38;2;16;16;16m▀[38;2;123;123;131;48;2;16;16;16m▀[38;2;247;247;247m▀[38;2;95;82;72m▀[38;2;16;16;16;49m▀[0m     [38;2;16;16;16m▀[38;2;247;247;247;48;2;16;16;16m▀[48;2;247;247;247m▀[38;2;205;197;197m▀[38;2;247;247;247;48;2;123;123;131m▀[38;2;16;16;16;48;2;16;16;16m▀[0m
[0m                  [38;2;16;16;16m▀▀▀[0m
