[0m                  [38;2;172;90;32m▄[48;2;238;123;24m▀▀[38;2;123;65;32;49m▄[0m
[0m               [38;2;172;90;32m▄▄[48;2;238;123;24m▀[38;2;238;123;24m▀▀▀[38;2;24;24;24;48;2;24;24;24m▀[0m
[0m           [38;2;123;65;32m▄▄[38;2;172;90;32m▄[38;2;123;65;32;48;2;238;123;24m▀[38;2;238;123;24m▀▀▀▀▀[38;2;123;65;32;48;2;24;24;24m▀[49m▄[0m
[0m        [38;2;172;90;32m▄[48;2;238;123;24m▀▀[38;2;238;123;24m▀▀▀▀▀▀▀[48;2;172;90;32m▀[38;2;123;65;32;48;2;238;123;24m▀[38;2;238;123;24m▀▀[38;2;123;65;32;48;2;123;65;32m▀[0m
[0m      [38;2;172;90;32m▄[48;2;238;123;24m▀[38;2;238;123;24m▀▀▀[38;2;222;197;131;48;2;246;246;180m▀[38;2;246;246;180m▀[48;2;222;197;131m▀[38;2;238;123;24;48;2;238;123;24m▀▀▀▀▀[48;2;172;90;32m▀[48;2;238;123;24m▀[38;2;24;24;24;48;2;24;24;24m▀[0m
[0m     [38;2;172;90;32m▄[48;2;238;123;24m▀[38;2;238;123;24m▀▀▀▀[48;2;172;90;32m▀[38;2;24;24;24;48;2;255;255;255m▀▀[38;2;238;123;24;48;2;172;90;32m▀[48;2;238;123;24m▀▀▀▀[38;2;172;90;32m▀[38;2;24;24;24;48;2;24;24;24m▀[0m
[0m    [38;2;123;65;32;48;2;106;106;106m▀[38;2;238;123;24;48;2;255;255;255m▀[48;2;123;65;32m▀[48;2;238;123;24m▀▀▀▀[38;2;255;255;255;48;2;24;24;24m▀[38;2;106;106;106;48;2;106;106;106m▀[38;2;255;255;255;48;2;255;255;255m▀[38;2;213;213;205;48;2;213;213;205m▀[38;2;172;90;32;48;2;172;90;32m▀[38;2;238;123;24m▀[48;2;238;123;24m▀▀[48;2;172;90;32m▀[38;2;24;24;24;48;2;24;24;24m▀[0m
[0m    [38;2;24;24;24m▀[48;2;24;24;24m▀[48;2;106;106;106m▀[38;2;238;123;24m▀[48;2;246;246;180m▀▀▀[38;2;24;24;24;48;2;222;197;131m▀[38;2;123;65;32m▀[38;2;246;246;180m▀[38;2;172;90;32;48;2;246;246;180m▀[38;2;246;246;180m▀[48;2;222;197;131m▀[38;2;172;90;32;48;2;172;90;32m▀▀[38;2;24;24;24;48;2;24;24;24m▀[48;2;255;222;0m▀[49m▄[0m
[0m     [38;2;24;24;24m▄[38;2;123;65;32;48;2;230;164;49m▀[38;2;222;197;131;48;2;123;65;32m▀[38;2;106;106;106;48;2;172;90;32m▀[38;2;222;197;131;48;2;222;197;131m▀[38;2;246;246;180m▀▀[38;2;106;106;106m▀[38;2;24;24;24m▀▀[38;2;222;197;131m▀[38;2;172;90;32m▀[48;2;172;90;32m▀[48;2;123;65;32m▀[38;2;123;65;32;48;2;255;222;0m▀[38;2;255;222;0m▀▀[38;2;24;24;24;48;2;24;24;24m▀[0m
[0m     [38;2;24;24;24m▀[38;2;230;164;49;48;2;24;24;24m▀[38;2;255;222;0;48;2;255;222;0m▀▀[38;2;123;65;32;48;2;230;164;49m▀▀[38;2;222;197;131;48;2;123;65;32m▀[38;2;24;24;24m▀[38;2;106;106;106m▀[38;2;222;197;131m▀▀[38;2;123;65;32;48;2;230;164;49m▀▀[38;2;230;164;49m▀▀[38;2;255;222;0m▀[48;2;24;24;24m▀[38;2;24;24;24;49m▀[0m
[0m      [38;2;24;24;24m▀[38;2;230;164;49;48;2;24;24;24m▀[48;2;230;164;49m▀▀▀▀▀▀▀▀▀▀▀▀[48;2;24;24;24m▀[38;2;24;24;24;49m▀[0m   [38;2;123;65;32;48;2;123;65;32m▀[48;2;246;246;180m▀[49m▄[0m
[0m        [38;2;24;24;24;48;2;24;24;24m▀[48;2;172;90;32m▀[38;2;230;164;49;48;2;24;24;24m▀▀▀▀▀▀▀▀[38;2;24;24;24;48;2;172;90;32m▀[48;2;123;65;32m▀[49m▀[0m    [38;2;123;65;32m▀[38;2;222;197;131;48;2;123;65;32m▀[38;2;246;246;180;48;2;246;246;180m▀[38;2;123;65;32;48;2;123;65;32m▀[0m
[0m       [38;2;123;65;32m▄[48;2;172;90;32m▀[38;2;172;90;32;48;2;123;65;32m▀[48;2;172;90;32m▀[38;2;222;197;131;48;2;222;197;131m▀▀▀▀[38;2;172;90;32;48;2;172;90;32m▀▀[48;2;123;65;32m▀[48;2;238;123;24m▀[38;2;24;24;24m▀[49m▄[0m     [38;2;123;65;32m▀[38;2;222;197;131;48;2;123;65;32m▀[38;2;246;246;180;48;2;222;197;131m▀[38;2;24;24;24;48;2;24;24;24m▀[0m   [38;2;123;65;32m▄▄[48;2;222;197;131m▀▀▀▀[38;2;24;24;24;49m▄[0m
[0m      [38;2;32;98;164m▄[38;2;123;65;32;48;2;123;65;32m▀[38;2;238;123;24;48;2;238;123;24m▀[38;2;123;65;32;48;2;123;65;32m▀[38;2;246;246;180;48;2;246;246;180m▀▀▀▀▀▀[38;2;123;65;32;48;2;123;65;32m▀[38;2;172;90;32;48;2;238;123;24m▀[38;2;238;123;24m▀[48;2;98;189;230m▀[38;2;24;24;24;48;2;32;98;164m▀[0m      [38;2;123;65;32;48;2;123;65;32m▀[38;2;222;197;131;48;2;222;197;131m▀▀[38;2;24;24;24;48;2;24;24;24m▀[38;2;123;65;32;49m▄[48;2;246;246;180m▀[38;2;246;246;180m▀▀▀[38;2;222;197;131;48;2;24;24;24m▀[38;2;24;24;24;49m▀▀[0m
[0m    [38;2;32;98;164m▄[48;2;32;98;164m▀[38;2;98;189;230m▀[38;2;238;123;24;48;2;238;123;24m▀▀[38;2;172;90;32m▀[38;2;246;246;180;48;2;123;65;32m▀[48;2;246;246;180m▀▀▀▀[48;2;123;65;32m▀[38;2;123;65;32;48;2;238;123;24m▀[38;2;238;123;24m▀[48;2;172;90;32m▀[38;2;32;98;164;48;2;98;189;230m▀[38;2;98;189;230m▀[38;2;32;98;164;48;2;24;24;24m▀[0m     [38;2;123;65;32;48;2;24;24;24m▀[38;2;222;197;131;48;2;222;197;131m▀▀[38;2;24;24;24;48;2;24;24;24m▀[38;2;123;65;32;48;2;246;246;180m▀[38;2;246;246;180m▀▀[48;2;24;24;24m▀[38;2;24;24;24;49m▀[0m
[0m    [38;2;24;24;24;48;2;24;24;24m▀[38;2;98;189;230;48;2;32;98;164m▀▀[38;2;238;123;24;48;2;238;123;24m▀▀[48;2;172;90;32m▀[38;2;123;65;32m▀[38;2;246;246;180;48;2;123;65;32m▀[48;2;246;246;180m▀▀[48;2;123;65;32m▀[38;2;123;65;32;48;2;238;123;24m▀[38;2;238;123;24m▀▀[38;2;123;65;32;48;2;123;65;32m▀[38;2;32;98;164;48;2;98;189;230m▀[48;2;24;24;24m▀[38;2;24;24;24;49m▀[0m     [38;2;24;24;24;48;2;24;24;24m▀[38;2;172;90;32;48;2;172;90;32m▀[38;2;222;197;131;48;2;24;24;24m▀[38;2;123;65;32;48;2;238;123;24m▀[38;2;246;246;180m▀[48;2;246;246;180m▀[38;2;123;65;32;48;2;24;24;24m▀[38;2;24;24;24;49m▀[0m
[0m     [38;2;24;24;24;48;2;123;65;32m▀[38;2;98;189;230;48;2;24;24;24m▀[38;2;172;90;32;48;2;123;65;32m▀[48;2;172;90;32m▀[48;2;123;65;32m▀[48;2;172;90;32m▀[38;2;123;65;32;48;2;123;65;32m▀[38;2;246;246;180;48;2;246;246;180m▀▀[38;2;123;65;32;48;2;24;24;24m▀[38;2;172;90;32;48;2;172;90;32m▀▀[38;2;238;123;24m▀[38;2;172;90;32;48;2;24;24;24m▀[38;2;24;24;24;48;2;172;90;32m▀[38;2;123;65;32;48;2;123;65;32m▀[0m     [38;2;123;65;32;48;2;24;24;24m▀[38;2;172;90;32;48;2;172;90;32m▀[48;2;24;24;24m▀[38;2;123;65;32;48;2;238;123;24m▀[38;2;238;123;24m▀[48;2;205;106;24m▀[48;2;24;24;24m▀[38;2;24;24;24;49m▀[0m
[0m    [38;2;123;65;32m▄[48;2;238;123;24m▀[38;2;238;123;24m▀[38;2;24;24;24m▀[38;2;172;90;32;48;2;24;24;24m▀▀[38;2;24;24;24;48;2;246;246;180m▀[38;2;246;246;180m▀▀▀[38;2;24;24;24m▀[38;2;172;90;32;48;2;24;24;24m▀[38;2;123;65;32m▀[38;2;172;90;32m▀[38;2;24;24;24;48;2;172;90;32m▀[38;2;172;90;32m▀[38;2;24;24;24;48;2;24;24;24m▀[0m     [38;2;24;24;24;48;2;24;24;24m▀[38;2;172;90;32;48;2;172;90;32m▀[38;2;24;24;24;48;2;123;65;32m▀[38;2;238;123;24;48;2;238;123;24m▀[48;2;205;106;24m▀[38;2;205;106;24;48;2;24;24;24m▀[38;2;24;24;24;49m▀[0m
[0m   [38;2;123;65;32m▄[48;2;238;123;24m▀[38;2;238;123;24m▀▀▀▀[38;2;222;197;131m▀[38;2;246;246;180;48;2;222;197;131m▀[48;2;246;246;180m▀▀▀[48;2;222;197;131m▀[38;2;222;197;131;48;2;238;123;24m▀[38;2;172;90;32m▀▀▀[48;2;172;90;32m▀▀[38;2;24;24;24;48;2;24;24;24m▀[0m   [38;2;24;24;24;48;2;24;24;24m▀[38;2;172;90;32;48;2;172;90;32m▀[48;2;205;106;24m▀[38;2;238;123;24;48;2;238;123;24m▀[48;2;172;90;32m▀[38;2;24;24;24;48;2;24;24;24m▀[0m
[0m  [38;2;123;65;32;48;2;123;65;32m▀[38;2;238;123;24;48;2;238;123;24m▀▀▀▀▀▀▀▀▀▀▀▀▀▀▀▀▀▀[38;2;172;90;32m▀[38;2;24;24;24;48;2;172;90;32m▀[49m▄[38;2;123;65;32;48;2;172;90;32m▀[38;2;172;90;32m▀[38;2;205;106;24m▀▀[38;2;172;90;32;48;2;24;24;24m▀[38;2;24;24;24;49m▀[0m
[0m  [38;2;24;24;24;48;2;24;24;24m▀[38;2;172;90;32;48;2;172;90;32m▀[38;2;238;123;24m▀[48;2;238;123;24m▀▀▀▀[48;2;172;90;32m▀▀[38;2;172;90;32m▀▀▀▀[38;2;238;123;24m▀▀[38;2;172;90;32;48;2;238;123;24m▀[38;2;238;123;24;48;2;172;90;32m▀[38;2;172;90;32;48;2;238;123;24m▀[38;2;238;123;24;48;2;172;90;32m▀[38;2;172;90;32m▀▀[38;2;24;24;24;48;2;24;24;24m▀[38;2;172;90;32;48;2;172;90;32m▀[48;2;24;24;24m▀▀[38;2;24;24;24;49m▀[0m
[0m   [38;2;123;65;32;48;2;24;24;24m▀[38;2;172;90;32;48;2;123;65;32m▀[48;2;172;90;32m▀▀▀[48;2;123;65;32m▀▀[48;2;24;24;24m▀▀▀▀[48;2;123;65;32m▀[48;2;172;90;32m▀▀▀▀▀▀▀[48;2;24;24;24m▀[38;2;24;24;24;49m▀▀[0m
[38;2;24;24;24;49m▄[48;2;123;65;32m▀[38;2;123;65;32;48;2;238;123;24m▀[38;2;238;123;24;48;2;123;65;32m▀[38;2;172;90;32m▀[48;2;238;123;24m▀[38;2;123;65;32;48;2;172;90;32m▀[38;2;24;24;24;48;2;24;24;24m▀[0m      [38;2;24;24;24m▀[38;2;123;65;32m▀[38;2;172;90;32;48;2;24;24;24m▀[48;2;172;90;32m▀[48;2;123;65;32m▀[48;2;172;90;32m▀[38;2;24;24;24m▀[48;2;238;123;24m▀[38;2;123;65;32;48;2;123;65;32m▀[38;2;24;24;24;49m▄[0m
[38;2;24;24;24;49m▀[38;2;123;65;32;48;2;24;24;24m▀[38;2;238;123;24m▀[38;2;123;65;32m▀[38;2;238;123;24;48;2;123;65;32m▀[38;2;24;24;24;49m▀▀[0m         [38;2;24;24;24m▀[38;2;123;65;32;48;2;123;65;32m▀[38;2;172;90;32;48;2;24;24;24m▀[38;2;238;123;24m▀[38;2;123;65;32;48;2;238;123;24m▀[48;2;123;65;32m▀[38;2;238;123;24;48;2;238;123;24m▀[38;2;123;65;32;48;2;123;65;32m▀[38;2;24;24;24;48;2;24;24;24m▀[0m
[0m                    [38;2;123;65;32m▀[38;2;24;24;24m▀▀▀[0m
