[0m          [38;2;57;115;74m▄▄[48;2;115;205;90m▀▀▀▀[49m▄[38;2;49;65;82m▄[0m
[0m        [38;2;57;115;74m▄[48;2;115;205;90m▀[38;2;115;205;90m▀▀▀▀▀▀▀▀[38;2;49;65;82m▀[49m▄[0m [38;2;49;65;82m▄▄[48;2;82;164;74m▀[48;2;65;148;65m▀▀[49m▄▄[0m
[0m       [38;2;57;115;74m▄[38;2;82;164;74;48;2;115;205;90m▀[38;2;115;205;90m▀▀▀▀▀▀▀▀▀▀[38;2;82;164;74m▀[38;2;49;65;82;48;2;57;115;74m▀[38;2;65;148;65;48;2;65;148;65m▀[38;2;82;164;74m▀[38;2;65;148;65;48;2;82;164;74m▀[38;2;82;164;74;48;2;65;148;65m▀[38;2;65;148;65;48;2;82;164;74m▀[48;2;65;148;65m▀▀[38;2;49;65;82m▀[49m▄[0m
[0m       [38;2;57;115;74m▀[38;2;49;65;82m▀▀[38;2;16;16;16m▀[38;2;82;164;74;48;2;16;16;16m▀[38;2;115;205;90;48;2;82;164;74m▀▀[48;2;115;205;90m▀▀▀[48;2;82;164;74m▀▀[38;2;82;164;74m▀[38;2;57;115;74m▀[38;2;65;148;65m▀[38;2;82;164;74;48;2;65;148;65m▀[38;2;65;148;65;48;2;82;164;74m▀[38;2;82;164;74;48;2;65;148;65m▀[38;2;65;148;65m▀▀▀▀[38;2;49;65;82m▀[49m▄[0m
[0m            [38;2;16;16;16;48;2;16;16;16m▀[38;2;82;164;74;48;2;82;164;74m▀▀▀▀▀▀▀[48;2;65;148;65m▀[38;2;65;148;65m▀[48;2;16;16;16m▀▀▀[48;2;49;65;82m▀▀[48;2;65;148;65m▀▀▀[38;2;49;65;82;48;2;49;65;82m▀[0m
[0m             [38;2;16;16;16m▀[38;2;82;164;74;48;2;16;16;16m▀▀▀[48;2;49;65;82m▀[48;2;82;164;74m▀[38;2;57;115;74;48;2;16;16;16m▀[38;2;16;16;16;48;2;49;65;82m▀[49m▀[0m     [38;2;16;16;16m▀▀[38;2;65;148;65;48;2;16;16;16m▀[38;2;49;65;82;49m▀[0m
[0m      [38;2;106;57;74m▄▄▄▄▄[38;2;16;16;16m▄▄[0m  [38;2;16;16;16m▄[48;2;57;115;74m▀[38;2;57;115;74m▀[38;2;49;65;82;48;2;49;65;82m▀[48;2;57;115;74m▀[48;2;16;16;16m▀[38;2;106;57;74;49m▄[38;2;172;65;106m▄[38;2;106;57;74;48;2;222;98;131m▀▀▀[38;2;172;65;106;49m▄[38;2;16;16;16m▄[0m
[0m   [38;2;106;57;74m▄[48;2;172;65;106m▀[48;2;255;139;172m▀[38;2;172;65;106;48;2;222;98;131m▀[38;2;222;98;131m▀▀[48;2;172;65;106m▀[38;2;172;65;106;48;2;131;49;82m▀[38;2;131;49;82m▀[38;2;106;57;74m▀[38;2;16;16;16;48;2;222;98;131m▀[38;2;49;65;82;48;2;172;65;106m▀[38;2;57;115;74;48;2;16;16;16m▀▀[38;2;16;16;16;49m▀[0m [38;2;49;65;82;48;2;65;49;49m▀[38;2;57;115;74m▀[38;2;65;49;49;48;2;172;65;106m▀[38;2;222;98;131;48;2;222;98;131m▀▀▀[48;2;65;49;49m▀▀[38;2;172;65;106;48;2;222;98;131m▀[38;2;16;16;16;48;2;106;57;74m▀[0m
[0m  [38;2;106;57;74;48;2;172;65;106m▀[38;2;222;98;131;48;2;222;98;131m▀[38;2;255;139;172;48;2;255;139;172m▀▀▀[38;2;222;98;131;48;2;172;65;106m▀[38;2;131;49;82;48;2;131;49;82m▀▀[48;2;222;98;131m▀[38;2;222;98;131m▀▀▀▀▀[38;2;16;16;16;48;2;172;65;106m▀[49m▄[0m [38;2;65;49;49;48;2;65;49;49m▀[38;2;172;65;106;48;2;172;65;106m▀[38;2;222;98;131m▀[48;2;222;98;131m▀[48;2;65;49;49m▀[48;2;222;98;131m▀▀[48;2;106;57;74m▀[38;2;172;65;106;48;2;172;65;106m▀▀[38;2;16;16;16;48;2;16;16;16m▀[0m
[0m [38;2;106;57;74;48;2;172;65;106m▀[38;2;222;98;131;48;2;222;98;131m▀[48;2;255;255;255m▀[48;2;131;49;82m▀[38;2;255;139;172;48;2;222;98;131m▀[38;2;222;98;131;48;2;172;65;106m▀[38;2;131;49;82;48;2;131;49;82m▀▀[38;2;172;65;106;48;2;222;98;131m▀[38;2;222;98;131m▀▀▀▀▀▀▀[38;2;65;49;49;48;2;172;65;106m▀[49m▄▀[38;2;172;65;106;48;2;65;49;49m▀[48;2;172;65;106m▀[48;2;65;49;49m▀[38;2;65;49;49;48;2;172;65;106m▀[38;2;172;65;106m▀[38;2;65;49;49m▀[38;2;131;49;82m▀[38;2;172;65;106m▀[48;2;16;16;16m▀[38;2;16;16;16;49m▀[0m
[38;2;106;57;74;48;2;106;57;74m▀[38;2;222;98;131;48;2;222;98;131m▀▀[38;2;106;57;74;48;2;131;49;82m▀[48;2;172;65;106m▀[38;2;222;98;131;48;2;222;98;131m▀[38;2;131;49;82;48;2;172;65;106m▀[48;2;131;49;82m▀[38;2;172;65;106;48;2;222;98;131m▀[38;2;222;98;131m▀▀▀[48;2;255;255;255m▀[48;2;131;49;82m▀[48;2;222;98;131m▀▀▀[38;2;172;65;106;48;2;172;65;106m▀[38;2;65;49;49;48;2;16;16;16m▀[0m [38;2;65;49;49m▀[38;2;172;65;106;48;2;16;16;16m▀[48;2;106;57;74m▀[48;2;172;65;106m▀▀▀[48;2;106;57;74m▀[48;2;16;16;16m▀[38;2;16;16;16;49m▀[0m
[38;2;65;49;49;48;2;65;49;49m▀[38;2;222;98;131;48;2;222;98;131m▀▀▀▀[48;2;172;65;106m▀[48;2;222;98;131m▀▀[48;2;172;65;106m▀[48;2;222;98;131m▀▀▀[38;2;131;49;82;48;2;131;49;82m▀[38;2;106;57;74;48;2;172;65;106m▀[38;2;222;98;131;48;2;222;98;131m▀▀[48;2;172;65;106m▀[38;2;172;65;106m▀[38;2;16;16;16;48;2;16;16;16m▀[0m    [38;2;16;16;16m▀▀▀[0m
[38;2;65;49;49;48;2;65;49;49m▀[38;2;172;65;106;48;2;172;65;106m▀[38;2;222;98;131m▀[48;2;222;98;131m▀▀▀[38;2;131;49;82m▀▀[38;2;222;98;131m▀▀▀▀▀▀▀[48;2;172;65;106m▀[38;2;172;65;106m▀[48;2;131;49;82m▀[38;2;16;16;16;49m▀[0m
[0m [38;2;65;49;49;48;2;16;16;16m▀[38;2;172;65;106;48;2;172;65;106m▀▀▀[38;2;222;98;131m▀▀[48;2;222;98;131m▀▀▀▀[48;2;172;65;106m▀▀▀[38;2;172;65;106m▀▀[48;2;131;49;82m▀[38;2;16;16;16;49m▀[0m
[0m  [38;2;106;57;74;48;2;16;16;16m▀[38;2;172;65;106;48;2;172;65;106m▀[38;2;106;57;74m▀[48;2;106;57;74m▀[38;2;172;65;106;48;2;16;16;16m▀▀[48;2;106;57;74m▀▀[48;2;172;65;106m▀▀▀▀▀[48;2;16;16;16m▀[38;2;16;16;16;49m▀[0m
[0m   [38;2;16;16;16m▀▀[0m     [38;2;65;49;49m▀[38;2;172;65;106;48;2;16;16;16m▀▀[38;2;106;57;74;49m▀[38;2;16;16;16m▀[0m
