[0m     [38;2;110;60;92m▄▄▄[48;2;16;16;16m▀[38;2;16;16;16;48;2;255;139;197m▀▀[48;2;230;82;164m▀[49m▄[0m
[0m    [38;2;110;60;92;48;2;110;60;92m▀[38;2;230;82;164;48;2;230;82;164m▀▀[38;2;16;16;16;48;2;110;60;92m▀[38;2;230;82;164;48;2;230;82;164m▀[38;2;255;139;197m▀▀[38;2;230;82;164m▀▀[38;2;110;60;92;48;2;16;16;16m▀[38;2;16;16;16;48;2;255;139;197m▀▀[48;2;230;82;164m▀[49m▄[0m
[0m   [38;2;110;60;92;48;2;110;60;92m▀[38;2;230;82;164;48;2;230;82;164m▀▀[38;2;16;16;16;48;2;16;16;16m▀[38;2;230;82;164;48;2;255;139;197m▀▀[48;2;230;82;164m▀▀▀[38;2;16;16;16;48;2;110;60;92m▀[38;2;230;82;164;48;2;230;82;164m▀[38;2;255;139;197m▀▀[38;2;230;82;164m▀▀[38;2;16;16;16;48;2;16;16;16m▀[38;2;110;60;92;49m▄[0m
[0m   [38;2;110;60;92m▀[38;2;255;139;197;48;2;110;60;92m▀[48;2;255;139;197m▀[38;2;16;16;16;48;2;16;16;16m▀[38;2;255;139;197;48;2;255;139;197m▀▀▀▀[38;2;16;16;16;48;2;16;16;16m▀[38;2;255;139;197;48;2;255;139;197m▀▀[38;2;230;82;164m▀▀[48;2;230;82;164m▀[48;2;16;16;16m▀[38;2;16;16;16;48;2;230;82;164m▀[38;2;110;60;92;48;2;110;60;92m▀[0m
[0m   [38;2;110;60;92m▄[48;2;255;139;197m▀[38;2;255;139;197;48;2;110;60;92m▀[48;2;255;139;197m▀[38;2;172;98;148;48;2;172;98;148m▀[38;2;255;139;197;48;2;255;139;197m▀▀▀[38;2;16;16;16;48;2;172;98;148m▀[38;2;255;139;197;48;2;255;139;197m▀▀▀▀[48;2;16;16;16m▀[38;2;16;16;16;48;2;172;98;148m▀[38;2;230;82;164;48;2;110;60;92m▀[38;2;110;60;92;49m▀[0m
[0m [38;2;110;60;92m▄[48;2;255;222;115m▀[38;2;255;180;230;48;2;255;180;230m▀▀▀▀[38;2;255;139;197m▀[48;2;255;139;197m▀▀▀▀▀▀▀[38;2;110;60;92m▀[38;2;255;139;197m▀[38;2;16;16;16;48;2;16;16;16m▀[0m
[38;2;110;60;92;49m▄[48;2;255;222;115m▀[38;2;255;180;230;48;2;255;139;197m▀[48;2;255;180;230m▀▀▀[48;2;255;139;197m▀▀[38;2;255;139;197m▀[48;2;255;222;115m▀[38;2;255;222;115;48;2;16;16;16m▀[48;2;164;139;57m▀[38;2;255;139;197;48;2;255;222;115m▀[48;2;255;139;197m▀▀▀▀▀[38;2;16;16;16;48;2;16;16;16m▀[0m
[38;2;110;60;92;48;2;16;16;16m▀[38;2;255;222;115;48;2;164;139;57m▀[38;2;255;139;197;48;2;255;139;197m▀▀[48;2;172;98;148m▀[48;2;255;139;197m▀▀▀[48;2;255;222;115m▀[38;2;164;139;57;48;2;16;16;16m▀[38;2;239;239;239m▀[38;2;164;139;57;48;2;164;139;57m▀[38;2;255;222;115;48;2;255;222;115m▀[38;2;255;139;197;48;2;255;139;197m▀▀▀▀[48;2;172;98;148m▀[38;2;16;16;16;48;2;16;16;16m▀[0m
[38;2;16;16;16;48;2;16;16;16m▀[38;2;255;222;115;48;2;82;74;57m▀[38;2;164;139;57;48;2;255;222;115m▀[38;2;255;139;197m▀[48;2;164;139;57m▀▀▀▀[38;2;164;139;57;48;2;255;222;115m▀[38;2;16;16;16m▀▀[38;2;255;222;115;48;2;164;139;57m▀[38;2;255;139;197;48;2;255;139;197m▀▀▀▀[48;2;172;98;148m▀[38;2;16;16;16;48;2;16;16;16m▀[0m
[0m [38;2;16;16;16m▀▀[38;2;255;222;115;48;2;16;16;16m▀▀[48;2;164;139;57m▀▀▀▀[38;2;164;139;57;48;2;255;222;115m▀▀[38;2;255;222;115;48;2;82;74;57m▀[38;2;82;74;57m▀[38;2;255;139;197;48;2;172;98;148m▀[38;2;172;98;148m▀▀[48;2;16;16;16m▀[38;2;16;16;16;49m▀[0m [38;2;110;60;92m▄▄[0m [38;2;110;60;92m▄▄[0m
[0m     [38;2;16;16;16m▀▀[38;2;82;74;57;48;2;16;16;16m▀[48;2;180;180;197m▀▀▀[48;2;115;115;123m▀[38;2;164;139;57;48;2;82;74;57m▀[38;2;82;74;57;48;2;164;139;57m▀[38;2;172;98;148;48;2;82;74;57m▀[48;2;172;98;148m▀[38;2;16;16;16m▀[49m▄[38;2;110;60;92;48;2;16;16;16m▀[38;2;172;98;148;48;2;110;60;92m▀[38;2;110;60;92m▀[48;2;255;139;197m▀[38;2;255;139;197m▀[38;2;110;60;92;48;2;110;60;92m▀[0m
[0m        [38;2;16;16;16;48;2;16;16;16m▀[38;2;180;180;197;48;2;239;239;239m▀▀[48;2;180;180;197m▀[38;2;82;74;57m▀[38;2;164;139;57;48;2;82;74;57m▀[38;2;82;74;57;48;2;164;139;57m▀[38;2;172;98;148;48;2;82;74;57m▀[48;2;172;98;148m▀▀▀[38;2;16;16;16;48;2;255;139;197m▀▀[38;2;172;98;148m▀[38;2;255;139;197;48;2;16;16;16m▀[38;2;16;16;16;48;2;172;98;148m▀[48;2;255;139;197m▀[49m▄[38;2;110;60;92m▄[48;2;172;98;148m▀[48;2;110;60;92m▀[0m
[0m       [38;2;115;115;123m▄[48;2;239;239;239m▀[38;2;239;239;239m▀▀▀▀[38;2;82;74;57m▀[38;2;255;222;115;48;2;255;222;115m▀[38;2;82;74;57;48;2;82;74;57m▀[38;2;172;98;148;48;2;255;139;197m▀[38;2;255;139;197m▀▀▀▀[38;2;110;60;92m▀[38;2;255;139;197m▀▀[48;2;172;98;148m▀[38;2;16;16;16m▀[38;2;172;98;148;48;2;16;16;16m▀[48;2;110;60;92m▀[38;2;110;60;92;49m▀[0m
[0m      [38;2;115;115;123m▄[48;2;239;239;239m▀[38;2;239;239;239m▀▀▀▀▀▀[38;2;164;139;57;48;2;164;139;57m▀[38;2;255;222;115;48;2;255;222;115m▀[38;2;82;74;57;48;2;82;74;57m▀[38;2;255;139;197;48;2;255;139;197m▀▀▀▀▀▀▀[38;2;110;60;92m▀[38;2;255;139;197m▀▀[38;2;16;16;16m▀[49m▄[0m
[0m      [38;2;16;16;16;48;2;16;16;16m▀[38;2;239;239;239;48;2;239;239;239m▀▀▀▀▀▀▀▀[38;2;164;139;57;48;2;164;139;57m▀[38;2;255;222;115;48;2;255;222;115m▀[38;2;82;74;57m▀[38;2;255;139;197;48;2;82;74;57m▀▀[48;2;255;139;197m▀▀▀▀▀[48;2;172;98;148m▀▀[38;2;172;98;148m▀[38;2;82;74;57;48;2;82;74;57m▀[38;2;16;16;16;48;2;164;139;57m▀[49m▄[0m
[0m      [38;2;16;16;16m▀[38;2;115;115;123;48;2;16;16;16m▀[38;2;239;239;239;48;2;180;180;197m▀▀[48;2;239;239;239m▀▀▀▀[48;2;180;180;197m▀▀[38;2;16;16;16m▀[38;2;164;139;57;48;2;16;16;16m▀[38;2;255;222;115;48;2;82;74;57m▀[38;2;164;139;57;48;2;164;139;57m▀[38;2;82;74;57m▀▀▀▀[38;2;172;98;148;48;2;82;74;57m▀▀▀[38;2;82;74;57;48;2;164;139;57m▀[38;2;164;139;57m▀[48;2;16;16;16m▀[38;2;16;16;16;49m▀[0m
[0m      [38;2;16;16;16m▄[38;2;180;180;197;48;2;180;180;197m▀[38;2;115;115;123m▀[38;2;180;180;197m▀▀▀▀▀▀▀▀▀▀[38;2;16;16;16m▀▀[38;2;82;74;57m▀▀[38;2;164;139;57;48;2;16;16;16m▀▀[48;2;82;74;57m▀[48;2;164;139;57m▀▀[48;2;16;16;16m▀[38;2;16;16;16;49m▀[0m
[0m      [38;2;16;16;16m▀[38;2;180;180;197;48;2;16;16;16m▀▀[38;2;115;115;123;48;2;115;115;123m▀[38;2;16;16;16;49m▀▀[38;2;115;115;123;48;2;16;16;16m▀[38;2;180;180;197m▀▀[48;2;115;115;123m▀[48;2;180;180;197m▀▀[48;2;115;115;123m▀[38;2;16;16;16;48;2;16;16;16m▀[49m▀▀[38;2;180;180;197;48;2;16;16;16m▀▀▀▀[38;2;16;16;16;49m▀▀[0m
[0m               [38;2;16;16;16m▀▀▀▀[0m
