[0m    [38;2;70;55;54m▄[48;2;164;106;57m▀[38;2;16;16;16m▀[49m▄[0m
[0m   [38;2;70;55;54;48;2;70;55;54m▀[38;2;164;106;57;48;2;164;106;57m▀▀▀[38;2;16;16;16;48;2;16;16;16m▀[0m                  [38;2;16;16;16m▄▄[0m
[0m  [38;2;70;55;54;48;2;70;55;54m▀[38;2;164;106;57;48;2;164;106;57m▀▀▀[48;2;106;74;57m▀[38;2;106;74;57m▀[38;2;16;16;16;48;2;16;16;16m▀[0m  [38;2;70;55;54m▄▄▄▄▄[0m         [38;2;16;16;16;48;2;16;16;16m▀[38;2;164;106;57;48;2;164;106;57m▀▀[38;2;16;16;16;48;2;16;16;16m▀[0m
[0m  [38;2;70;55;54;48;2;70;55;54m▀[38;2;164;106;57;48;2;106;74;57m▀▀[38;2;106;74;57m▀▀[48;2;16;16;16m▀[38;2;16;16;16;48;2;106;74;57m▀[48;2;70;55;54m▀▀[38;2;197;148;74;48;2;106;74;57m▀[48;2;197;148;74m▀▀▀[48;2;164;139;57m▀[38;2;70;55;54m▀[48;2;255;222;115m▀▀[49m▄▄[0m  [38;2;16;16;16m▄[48;2;16;16;16m▀[38;2;164;106;57;48;2;164;106;57m▀▀▀▀[38;2;16;16;16;48;2;16;16;16m▀[0m
[0m  [38;2;70;55;54m▀[38;2;106;74;57;48;2;70;55;54m▀[48;2;106;74;57m▀[48;2;82;74;57m▀[38;2;82;74;57;48;2;255;222;115m▀[38;2;255;222;115;48;2;197;148;74m▀[38;2;70;55;54;48;2;70;55;54m▀[38;2;115;98;98;48;2;255;255;255m▀[38;2;255;255;255m▀[38;2;70;55;54;48;2;70;55;54m▀[38;2;197;148;74;48;2;197;148;74m▀[48;2;164;139;57m▀[38;2;164;139;57;48;2;255;222;115m▀[38;2;255;222;115m▀▀[48;2;164;139;57m▀[48;2;164;106;57m▀[48;2;106;74;57m▀[38;2;106;74;57;48;2;164;106;57m▀[38;2;16;16;16m▀▀[38;2;106;74;57m▀[38;2;164;106;57m▀▀▀▀▀[38;2;16;16;16;48;2;16;16;16m▀[0m
[0m   [38;2;70;55;54m▀[38;2;106;74;57;48;2;16;16;16m▀[38;2;255;222;115;48;2;164;139;57m▀[38;2;164;139;57;48;2;164;106;57m▀[38;2;197;148;74m▀[38;2;70;55;54;48;2;106;74;57m▀[38;2;255;255;255;48;2;70;55;54m▀[38;2;115;98;98m▀[38;2;70;55;54;48;2;164;106;57m▀[38;2;164;106;57m▀[38;2;164;139;57;48;2;255;222;115m▀[38;2;255;222;115;48;2;82;74;57m▀[48;2;164;139;57m▀[38;2;164;139;57;48;2;164;106;57m▀[38;2;164;106;57m▀▀▀▀▀▀▀▀▀▀▀▀[38;2;16;16;16;48;2;16;16;16m▀[0m
[0m   [38;2;16;16;16;48;2;16;16;16m▀[48;2;255;255;255m▀[48;2;16;16;16m▀[38;2;164;106;57;48;2;164;106;57m▀▀▀▀▀▀▀[38;2;16;16;16;48;2;16;16;16m▀[48;2;255;255;255m▀[48;2;16;16;16m▀[38;2;164;106;57;48;2;164;106;57m▀▀▀▀▀▀▀▀▀▀▀[48;2;106;74;57m▀[38;2;16;16;16;48;2;16;16;16m▀[0m
[0m   [38;2;16;16;16;48;2;16;16;16m▀[38;2;255;255;255m▀[38;2;16;16;16;48;2;164;139;57m▀[38;2;164;106;57;48;2;164;106;57m▀[48;2;82;74;57m▀▀▀▀[48;2;164;106;57m▀▀[38;2;16;16;16;48;2;16;16;16m▀[38;2;255;255;255m▀[38;2;16;16;16m▀[38;2;164;106;57;48;2;164;106;57m▀▀▀[48;2;16;16;16m▀[48;2;106;74;57m▀[48;2;164;106;57m▀▀▀[48;2;106;74;57m▀[48;2;16;16;16m▀[38;2;106;74;57m▀[38;2;16;16;16;49m▀[0m
[38;2;70;55;54;48;2;70;55;54m▀[48;2;106;74;57m▀▀[38;2;16;16;16m▀[38;2;255;222;115;48;2;16;16;16m▀[48;2;255;222;115m▀[38;2;82;74;57;48;2;255;139;197m▀[38;2;172;98;148m▀[38;2;255;139;197m▀▀▀[38;2;82;74;57m▀▀[38;2;164;139;57;48;2;82;74;57m▀[38;2;82;74;57;48;2;255;222;115m▀[38;2;164;139;57m▀[38;2;164;106;57;48;2;164;106;57m▀▀▀▀[38;2;106;74;57m▀[38;2;16;16;16m▀[48;2;16;16;16m▀[49m▀▀[0m
[0m [38;2;70;55;54m▀[38;2;106;74;57;48;2;70;55;54m▀▀[38;2;16;16;16;48;2;106;74;57m▀[38;2;164;139;57;48;2;16;16;16m▀[38;2;255;222;115;48;2;255;222;115m▀[38;2;255;139;197;48;2;255;139;197m▀▀▀▀▀▀[38;2;164;139;57m▀[38;2;255;222;115;48;2;164;139;57m▀[48;2;255;222;115m▀▀[38;2;164;106;57;48;2;164;106;57m▀▀▀[48;2;70;55;54m▀[38;2;106;74;57;48;2;106;74;57m▀[38;2;70;55;54;48;2;164;106;57m▀▀[38;2;106;74;57m▀[38;2;16;16;16;48;2;16;16;16m▀[0m
[0m    [38;2;70;55;54m▀▀[38;2;16;16;16m▀[38;2;106;57;82;48;2;106;57;82m▀[38;2;255;139;197;48;2;16;16;16m▀[48;2;255;139;197m▀▀▀▀▀[38;2;164;139;57m▀[38;2;255;222;115;48;2;164;139;57m▀[48;2;255;222;115m▀▀[38;2;164;106;57;48;2;164;106;57m▀▀▀▀[48;2;70;55;54m▀[48;2;16;16;16m▀[38;2;70;55;54;49m▀[0m
[0m         [38;2;16;16;16m▀[38;2;255;139;197;48;2;16;16;16m▀[48;2;255;139;197m▀▀▀▀▀[38;2;164;139;57;48;2;164;139;57m▀[38;2;255;222;115;48;2;255;222;115m▀▀[38;2;164;106;57;48;2;106;74;57m▀[38;2;106;74;57m▀[38;2;16;16;16m▀[48;2;16;16;16m▀[0m
[0m          [38;2;16;16;16m▀[38;2;172;98;148;48;2;16;16;16m▀[38;2;255;139;197;48;2;255;139;197m▀▀▀▀▀[38;2;164;139;57;48;2;164;139;57m▀[38;2;255;222;115;48;2;255;222;115m▀[38;2;106;74;57m▀[48;2;106;74;57m▀▀[38;2;16;16;16;48;2;70;55;54m▀[38;2;70;55;54;49m▄[0m
[0m           [38;2;16;16;16;48;2;16;16;16m▀[38;2;255;139;197;48;2;255;139;197m▀▀▀▀▀[38;2;164;139;57;48;2;164;139;57m▀[38;2;255;222;115;48;2;255;222;115m▀▀[38;2;106;74;57;48;2;106;74;57m▀▀▀[38;2;16;16;16m▀[49m▄[0m  [38;2;70;55;54m▄[48;2;106;74;57m▀[38;2;16;16;16m▀▀[48;2;70;55;54m▀[49m▄[0m
[0m          [38;2;16;16;16;48;2;16;16;16m▀[38;2;172;98;148;48;2;255;139;197m▀[38;2;255;139;197m▀▀▀▀[38;2;164;139;57;48;2;164;139;57m▀[38;2;255;222;115;48;2;255;222;115m▀▀[38;2;106;74;57;48;2;106;74;57m▀▀▀▀▀▀[38;2;16;16;16m▀▀[38;2;106;74;57;48;2;70;55;54m▀▀[48;2;106;74;57m▀▀▀[38;2;16;16;16m▀[49m▄[0m
[0m         [38;2;16;16;16;48;2;16;16;16m▀[38;2;172;98;148;48;2;255;139;197m▀[38;2;255;139;197m▀▀▀▀[38;2;164;139;57;48;2;164;139;57m▀[38;2;255;222;115;48;2;255;222;115m▀▀[38;2;164;139;57;48;2;106;74;57m▀[38;2;106;74;57m▀▀▀▀[48;2;172;98;148m▀▀[48;2;106;74;57m▀▀▀▀▀[38;2;70;55;54m▀▀[38;2;106;74;57;48;2;70;55;54m▀[38;2;16;16;16;48;2;16;16;16m▀[49m▄[0m [38;2;70;55;54m▄▄▄[0m
[0m       [38;2;82;74;57m▄[48;2;255;222;115m▀[38;2;164;139;57;48;2;255;139;197m▀[38;2;255;139;197m▀▀▀▀[48;2;164;139;57m▀[38;2;164;139;57;48;2;255;222;115m▀[38;2;255;222;115m▀[48;2;164;139;57m▀[38;2;106;74;57;48;2;106;74;57m▀▀▀▀▀[38;2;172;98;148m▀[48;2;172;98;148m▀▀▀[38;2;106;74;57m▀[48;2;106;74;57m▀▀[38;2;172;98;148m▀[48;2;172;98;148m▀[38;2;106;74;57m▀[48;2;106;74;57m▀[38;2;70;55;54m▀[38;2;16;16;16m▀[38;2;106;74;57;48;2;70;55;54m▀▀[48;2;106;74;57m▀[38;2;70;55;54m▀[49m▄[0m
[0m      [38;2;82;74;57;48;2;82;74;57m▀[38;2;255;222;115;48;2;255;222;115m▀[38;2;164;139;57;48;2;164;139;57m▀[38;2;255;139;197;48;2;255;139;197m▀▀▀▀▀[38;2;164;139;57;48;2;164;139;57m▀[38;2;255;222;115;48;2;255;222;115m▀▀[38;2;106;74;57;48;2;106;74;57m▀▀▀▀▀▀▀▀▀[38;2;172;98;148m▀▀[38;2;106;74;57m▀▀▀▀▀[48;2;172;98;148m▀▀▀[48;2;106;74;57m▀▀▀[48;2;70;55;54m▀[38;2;16;16;16;48;2;16;16;16m▀[0m
[0m     [38;2;82;74;57;48;2;82;74;57m▀[38;2;255;222;115;48;2;255;222;115m▀[38;2;164;139;57;48;2;164;139;57m▀[38;2;255;139;197;48;2;255;139;197m▀▀▀▀▀▀[38;2;164;139;57;48;2;164;139;57m▀[38;2;255;222;115;48;2;255;222;115m▀▀[38;2;106;74;57;48;2;164;139;57m▀[48;2;106;74;57m▀▀▀▀▀▀▀▀▀▀▀▀▀▀▀[38;2;172;98;148m▀▀[48;2;172;98;148m▀▀[38;2;106;74;57;48;2;106;74;57m▀▀▀▀[38;2;16;16;16m▀[49m▄[0m
[0m     [38;2;82;74;57;48;2;82;74;57m▀[38;2;255;222;115;48;2;164;139;57m▀[38;2;164;139;57;48;2;255;139;197m▀[38;2;255;139;197m▀▀▀▀▀▀▀[38;2;164;139;57;48;2;164;139;57m▀[38;2;255;222;115;48;2;255;222;115m▀▀[38;2;106;74;57;48;2;164;139;57m▀[48;2;106;74;57m▀▀▀▀▀▀▀▀▀▀▀▀▀▀▀▀▀▀▀▀▀[48;2;164;139;57m▀[38;2;164;139;57m▀[38;2;82;74;57m▀[38;2;16;16;16;48;2;16;16;16m▀[0m
[0m     [38;2;82;74;57m▀[38;2;164;139;57;48;2;16;16;16m▀[38;2;255;139;197;48;2;172;98;148m▀[48;2;255;139;197m▀▀▀▀▀▀▀▀[38;2;82;74;57;48;2;172;98;148m▀[38;2;255;222;115;48;2;82;74;57m▀[48;2;164;139;57m▀[38;2;164;139;57m▀[38;2;106;74;57m▀▀[48;2;106;74;57m▀▀▀▀[48;2;164;139;57m▀▀▀[38;2;164;139;57m▀[48;2;82;74;57m▀▀▀[48;2;164;139;57m▀▀[38;2;106;74;57m▀▀▀[38;2;164;139;57m▀▀[48;2;16;16;16m▀[38;2;82;74;57;48;2;82;74;57m▀[38;2;16;16;16;48;2;172;98;148m▀[48;2;106;57;82m▀[49m▄[0m
[0m     [38;2;16;16;16m▄[48;2;16;16;16m▀[38;2;172;98;148;48;2;106;57;82m▀[48;2;172;98;148m▀▀[38;2;255;139;197m▀▀▀[48;2;255;139;197m▀[48;2;172;98;148m▀[38;2;172;98;148;48;2;255;139;197m▀[48;2;172;98;148m▀▀[38;2;16;16;16m▀[48;2;82;74;57m▀[38;2;164;139;57;48;2;16;16;16m▀▀[48;2;164;139;57m▀▀▀▀[48;2;82;74;57m▀[48;2;16;16;16m▀[38;2;16;16;16;48;2;172;98;148m▀[38;2;82;74;57m▀[38;2;172;98;148m▀▀▀[38;2;82;74;57m▀[38;2;16;16;16m▀▀[38;2;164;139;57;48;2;16;16;16m▀▀▀[38;2;16;16;16;48;2;172;98;148m▀[38;2;172;98;148m▀▀▀▀[38;2;16;16;16m▀[49m▄[0m
[0m    [38;2;16;16;16m▄[48;2;172;98;148m▀[38;2;172;98;148m▀[38;2;106;57;82m▀[38;2;172;98;148;48;2;106;57;82m▀[48;2;172;98;148m▀▀▀[38;2;255;139;197m▀[38;2;172;98;148;48;2;255;139;197m▀[38;2;255;139;197;48;2;172;98;148m▀[38;2;172;98;148;48;2;255;139;197m▀[38;2;255;139;197;48;2;172;98;148m▀[38;2;172;98;148m▀▀▀▀▀[38;2;16;16;16m▀▀▀▀[38;2;172;98;148m▀▀▀▀▀▀▀▀▀▀▀▀▀▀▀▀▀▀[48;2;255;139;197m▀▀[38;2;16;16;16;48;2;106;57;82m▀[49m▄[0m
[0m   [38;2;106;57;82;48;2;106;57;82m▀[38;2;172;98;148;48;2;255;139;197m▀▀[48;2;172;98;148m▀▀▀▀[48;2;106;57;82m▀▀[48;2;172;98;148m▀▀▀▀▀▀▀▀▀▀▀▀▀▀▀▀▀▀[48;2;255;139;197m▀▀▀▀[48;2;172;98;148m▀▀▀▀[48;2;16;16;16m▀▀[48;2;106;57;82m▀[48;2;255;139;197m▀[38;2;255;139;197m▀▀▀▀▀[38;2;16;16;16m▀[49m▄[0m
[0m  [38;2;16;16;16;48;2;16;16;16m▀[38;2;255;139;197;48;2;106;57;82m▀[48;2;255;139;197m▀▀▀[48;2;172;98;148m▀[38;2;172;98;148;48;2;16;16;16m▀▀▀[38;2;16;16;16;49m▀▀[38;2;106;57;82m▀[38;2;172;98;148;48;2;16;16;16m▀▀[48;2;106;57;82m▀[48;2;172;98;148m▀▀[48;2;255;139;197m▀▀▀▀[48;2;172;98;148m▀▀▀[48;2;106;57;82m▀[48;2;16;16;16m▀[38;2;255;139;197m▀[48;2;106;57;82m▀[48;2;255;139;197m▀▀▀▀▀▀[38;2;172;98;148m▀[38;2;16;16;16;48;2;16;16;16m▀[49m▀[0m  [38;2;16;16;16m▀▀[38;2;255;139;197;48;2;16;16;16m▀▀▀▀[38;2;106;57;82m▀[38;2;16;16;16;49m▀[0m
[0m   [38;2;16;16;16m▀▀▀▀▀[0m         [38;2;16;16;16m▀[38;2;255;139;197;48;2;16;16;16m▀[48;2;255;139;197m▀▀▀▀▀▀[38;2;16;16;16;48;2;16;16;16m▀[49m▀[0m  [38;2;16;16;16m▀▀[38;2;106;57;82m▀[38;2;255;139;197;48;2;16;16;16m▀▀▀▀[38;2;106;57;82m▀[38;2;16;16;16;49m▀[0m
[0m                   [38;2;16;16;16m▀▀[38;2;255;139;197;48;2;16;16;16m▀▀▀[38;2;106;57;82m▀[38;2;16;16;16;49m▀[0m
