[0m     [38;2;115;74;65m▄[48;2;172;82;65m▀[48;2;255;115;90m▀[48;2;172;82;65m▀[38;2;16;16;16;49m▄[0m
[0m     [38;2;115;74;65;48;2;115;74;65m▀[38;2;255;115;90;48;2;255;115;90m▀▀▀▀[38;2;16;16;16;48;2;16;16;16m▀[0m    [38;2;115;74;65m▄▄[38;2;172;82;65;48;2;255;115;90m▀[38;2;115;74;65m▀[48;2;172;82;65m▀[49m▄[0m
[0m     [38;2;16;16;16;48;2;16;16;16m▀[38;2;255;115;90;48;2;172;82;65m▀[48;2;255;115;90m▀▀▀[48;2;222;189;115m▀[38;2;16;16;16;48;2;16;16;16m▀[0m  [38;2;16;16;16;48;2;16;16;16m▀[38;2;172;82;65;48;2;255;115;90m▀[38;2;255;115;90m▀▀▀▀[38;2;16;16;16;48;2;16;16;16m▀[0m
[0m      [38;2;16;16;16m▀[38;2;255;238;164;48;2;16;16;16m▀[48;2;255;238;164m▀▀▀[38;2;16;16;16;48;2;139;106;65m▀[38;2;139;106;65;48;2;222;189;115m▀[38;2;16;16;16;48;2;16;16;16m▀[38;2;222;189;115;48;2;255;238;164m▀[38;2;255;115;90m▀[48;2;255;115;90m▀▀▀[38;2;115;74;65;48;2;16;16;16m▀[0m
[0m     [38;2;115;74;65m▄[48;2;222;189;115m▀[38;2;139;106;65;48;2;255;238;164m▀[38;2;255;238;164;48;2;139;106;65m▀[48;2;255;238;164m▀▀▀▀[38;2;139;106;65m▀[38;2;255;238;164m▀▀▀[38;2;222;189;115;48;2;139;106;65m▀[38;2;16;16;16;49m▀[0m
[0m    [38;2;139;106;65;48;2;139;106;65m▀[38;2;222;189;115;48;2;255;238;164m▀[38;2;255;238;164m▀▀▀▀▀▀▀▀▀▀[38;2;139;106;65m▀[38;2;222;189;115;48;2;16;16;16m▀[38;2;139;106;65m▀[38;2;16;16;16;48;2;172;82;65m▀[48;2;255;115;90m▀▀[38;2;115;74;65m▀[49m▄[0m                    [38;2;115;74;65m▄▄▄▄[0m       [38;2;115;74;65m▄▄[0m
[0m  [38;2;82;32;106m▄[38;2;16;16;16;48;2;16;16;16m▀[38;2;222;189;115;48;2;222;189;115m▀[38;2;255;238;164;48;2;255;238;164m▀▀▀▀▀▀▀▀▀▀▀[38;2;139;106;65m▀[38;2;255;238;164m▀▀[38;2;255;115;90;48;2;255;115;90m▀▀▀▀▀[38;2;16;16;16;48;2;16;16;16m▀[0m                  [38;2;115;74;65;48;2;16;16;16m▀[38;2;172;82;65;48;2;255;115;90m▀[38;2;255;115;90m▀▀▀[38;2;115;74;65m▀[38;2;16;16;16;49m▄[0m   [38;2;172;82;65m▄[48;2;255;115;90m▀[38;2;255;115;90m▀▀[38;2;115;74;65m▀[38;2;16;16;16;49m▄[0m
[38;2;82;32;106;49m▄[48;2;180;98;230m▀[38;2;131;57;172m▀[38;2;16;16;16;48;2;16;16;16m▀[38;2;222;189;115;48;2;222;189;115m▀[38;2;255;238;164m▀[48;2;255;238;164m▀▀▀▀▀▀▀▀▀▀[48;2;139;106;65m▀▀[48;2;222;189;115m▀[38;2;222;189;115m▀[38;2;255;115;90m▀[48;2;16;16;16m▀[38;2;172;82;65m▀[38;2;16;16;16;49m▀[0m                   [38;2;16;16;16;48;2;16;16;16m▀[38;2;255;115;90;48;2;255;115;90m▀▀▀▀[48;2;222;189;115m▀[38;2;16;16;16m▀[49m▄[0m [38;2;16;16;16m▄[38;2;115;74;65;48;2;255;115;90m▀[38;2;255;115;90m▀▀▀▀[38;2;16;16;16;48;2;16;16;16m▀[0m
[38;2;82;32;106;48;2;82;32;106m▀[38;2;180;98;230;48;2;131;57;172m▀▀[38;2;16;16;16m▀[38;2;139;106;65;48;2;16;16;16m▀[38;2;222;189;115;48;2;222;189;115m▀▀[38;2;255;238;164m▀▀[48;2;255;238;164m▀▀▀▀[48;2;222;189;115m▀▀[38;2;222;189;115m▀▀▀[38;2;16;16;16;48;2;16;16;16m▀[49m▀[48;2;82;32;106m▀[38;2;82;32;106;49m▄▄[0m        [38;2;82;32;106m▄▄[38;2;16;16;16m▄[0m    [38;2;115;74;65m▄▄▄▄[0m  [38;2;16;16;16;48;2;115;74;65m▀[38;2;255;115;90;48;2;255;238;164m▀▀[38;2;255;238;164m▀▀[38;2;222;189;115;48;2;222;189;115m▀[38;2;16;16;16;48;2;16;16;16m▀[49m▄[48;2;115;74;65m▀[38;2;222;189;115;48;2;255;238;164m▀▀[38;2;255;115;90;48;2;222;189;115m▀▀[38;2;16;16;16;48;2;16;16;16m▀[0m
[0m [38;2;16;16;16m▀[38;2;131;57;172;48;2;16;16;16m▀▀[38;2;82;32;106;48;2;131;57;172m▀[38;2;16;16;16m▀[38;2;222;189;115;48;2;16;16;16m▀[48;2;222;189;115m▀▀▀▀▀▀▀▀▀[48;2;16;16;16m▀[38;2;16;16;16;49m▀[0m  [38;2;82;32;106m▀[38;2;156;74;197;48;2;82;32;106m▀[38;2;180;98;230;48;2;180;98;230m▀[38;2;82;32;106;48;2;156;74;197m▀[49m▄[0m   [38;2;82;32;106m▄[48;2;180;98;230m▀▀[38;2;180;98;230;48;2;131;57;172m▀[38;2;131;57;172;48;2;16;16;16m▀[38;2;16;16;16;49m▀[0m   [38;2;115;74;65;48;2;115;74;65m▀[38;2;172;82;65;48;2;255;115;90m▀[38;2;255;115;90m▀▀[38;2;172;82;65m▀[38;2;115;74;65m▀[49m▄[0m [38;2;115;74;65;48;2;139;106;65m▀[38;2;255;238;164;48;2;16;16;16m▀[48;2;255;238;164m▀▀▀[38;2;139;106;65m▀[38;2;222;189;115m▀[38;2;115;74;65m▀[38;2;255;238;164m▀▀[48;2;16;16;16m▀[38;2;16;16;16;48;2;139;106;65m▀[49m▄[0m
[0m  [38;2;16;16;16;48;2;16;16;16m▀[38;2;131;57;172;48;2;131;57;172m▀[38;2;180;98;230;48;2;156;74;197m▀▀[38;2;131;57;172;48;2;131;57;172m▀[38;2;16;16;16m▀▀[38;2;222;189;115;48;2;16;16;16m▀▀▀▀▀[38;2;16;16;16;48;2;131;57;172m▀[48;2;180;98;230m▀[38;2;180;98;230;48;2;156;74;197m▀[38;2;131;57;172;48;2;16;16;16m▀[0m   [38;2;82;32;106m▀[38;2;156;74;197;48;2;82;32;106m▀[48;2;131;57;172m▀[38;2;82;32;106m▀[38;2;16;16;16;49m▄[0m [38;2;82;32;106;48;2;16;16;16m▀[38;2;156;74;197;48;2;131;57;172m▀▀[48;2;16;16;16m▀[38;2;16;16;16;49m▀[0m     [38;2;16;16;16m▀[38;2;255;115;90;48;2;16;16;16m▀[48;2;255;115;90m▀▀▀[48;2;222;189;115m▀[38;2;222;189;115;48;2;255;238;164m▀[38;2;115;74;65m▀[38;2;139;106;65;48;2;139;106;65m▀[38;2;222;189;115;48;2;255;238;164m▀[38;2;139;106;65m▀[38;2;255;238;164m▀▀▀▀▀▀▀▀[38;2;139;106;65m▀[38;2;222;189;115;48;2;222;189;115m▀[38;2;16;16;16;48;2;16;16;16m▀[38;2;82;32;106;48;2;131;57;172m▀▀[38;2;16;16;16;49m▄[0m
[0m  [38;2;16;16;16m▀[38;2;131;57;172;48;2;16;16;16m▀[48;2;131;57;172m▀▀▀[38;2;82;32;106;48;2;82;32;106m▀[38;2;180;98;230;48;2;156;74;197m▀▀[38;2;131;57;172;48;2;131;57;172m▀▀▀[38;2;82;32;106;48;2;16;16;16m▀[38;2;131;57;172m▀▀[48;2;82;32;106m▀[38;2;82;32;106;49m▀[0m    [38;2;16;16;16m▀[38;2;131;57;172;48;2;16;16;16m▀[48;2;131;57;172m▀[38;2;16;16;16;48;2;82;32;106m▀[48;2;16;16;16m▀[38;2;131;57;172;48;2;131;57;172m▀▀[38;2;16;16;16;48;2;16;16;16m▀[0m         [38;2;16;16;16m▀[38;2;255;115;90;48;2;16;16;16m▀▀[38;2;222;189;115;48;2;222;189;115m▀[38;2;255;238;164;48;2;255;238;164m▀▀▀▀▀▀▀▀▀▀▀▀▀[48;2;222;189;115m▀[38;2;222;189;115m▀▀[38;2;82;32;106;48;2;16;16;16m▀[38;2;131;57;172;48;2;131;57;172m▀[48;2;82;32;106m▀[38;2;16;16;16;48;2;16;16;16m▀[0m
[0m    [38;2;16;16;16m▀[48;2;16;16;16m▀[38;2;82;32;106;48;2;82;32;106m▀[38;2;16;16;16m▀[38;2;131;57;172;48;2;16;16;16m▀▀▀▀[38;2;16;16;16;49m▀[0m          [38;2;16;16;16m▀[38;2;82;32;106;48;2;16;16;16m▀[38;2;131;57;172;48;2;180;98;230m▀[38;2;82;32;106;48;2;82;32;106m▀[38;2;131;57;172;48;2;131;57;172m▀[38;2;16;16;16;48;2;16;16;16m▀[0m             [38;2;16;16;16m▀[38;2;115;74;65;48;2;16;16;16m▀[38;2;139;106;65;48;2;222;189;115m▀[38;2;255;238;164;48;2;255;238;164m▀▀▀▀▀▀▀▀▀▀[48;2;222;189;115m▀[38;2;222;189;115m▀▀▀[38;2;16;16;16;48;2;16;16;16m▀[38;2;82;32;106;48;2;131;57;172m▀[38;2;16;16;16;48;2;82;32;106m▀[49m▄[0m
[0m    [38;2;82;32;106m▄[38;2;16;16;16;48;2;131;57;172m▀[38;2;131;57;172m▀[38;2;82;32;106m▀[48;2;16;16;16m▀[38;2;16;16;16;49m▀[0m            [38;2;82;32;106m▄▄[38;2;16;16;16;48;2;180;98;230m▀[38;2;180;98;230m▀[38;2;131;57;172m▀[38;2;82;32;106;48;2;82;32;106m▀[38;2;16;16;16;49m▄▄[0m             [38;2;16;16;16m▀[38;2;222;189;115;48;2;115;74;65m▀[48;2;222;189;115m▀[38;2;255;238;164m▀[48;2;255;238;164m▀▀▀[48;2;222;189;115m▀[38;2;222;189;115;48;2;255;238;164m▀[38;2;255;238;164;48;2;222;189;115m▀[38;2;222;189;115;48;2;255;238;164m▀[38;2;255;238;164;48;2;222;189;115m▀[38;2;222;189;115m▀▀▀[38;2;82;32;106;48;2;16;16;16m▀[38;2;131;57;172;48;2;180;98;230m▀[48;2;156;74;197m▀[48;2;131;57;172m▀[38;2;16;16;16;48;2;16;16;16m▀[0m
[0m    [38;2;82;32;106;48;2;82;32;106m▀[38;2;131;57;172;48;2;131;57;172m▀▀[38;2;16;16;16;48;2;16;16;16m▀[0m   [38;2;82;32;106m▄[48;2;131;57;172m▀[48;2;180;98;230m▀[48;2;131;57;172m▀[49m▄[0m  [38;2;82;32;106m▄▄[48;2;180;98;230m▀▀[38;2;131;57;172m▀[38;2;180;98;230m▀▀▀▀▀▀[38;2;131;57;172m▀[38;2;16;16;16m▀▀[49m▄▄[0m    [38;2;82;32;106m▄▄▄▄[0m  [38;2;115;74;65m▀[38;2;222;189;115;48;2;115;74;65m▀[48;2;222;189;115m▀▀▀▀[38;2;255;238;164m▀[38;2;222;189;115m▀[38;2;255;238;164m▀[38;2;222;189;115m▀▀▀[48;2;16;16;16m▀[38;2;16;16;16;48;2;82;32;106m▀[38;2;131;57;172;48;2;131;57;172m▀[38;2;156;74;197m▀▀[38;2;131;57;172;48;2;16;16;16m▀[38;2;16;16;16;49m▀[0m
[0m   [38;2;82;32;106;48;2;82;32;106m▀[38;2;131;57;172;48;2;131;57;172m▀▀[38;2;16;16;16;48;2;16;16;16m▀[0m   [38;2;82;32;106m▄[48;2;131;57;172m▀[38;2;180;98;230m▀[38;2;131;57;172;48;2;180;98;230m▀[38;2;180;98;230;48;2;131;57;172m▀[38;2;131;57;172m▀[38;2;82;32;106;48;2;16;16;16m▀[38;2;16;16;16;48;2;180;98;230m▀[38;2;180;98;230m▀▀[48;2;131;57;172m▀[48;2;180;98;230m▀▀▀[48;2;131;57;172m▀[48;2;180;98;230m▀▀▀▀▀▀▀▀▀[38;2;82;32;106m▀[38;2;16;16;16;49m▄[48;2;131;57;172m▀[38;2;82;32;106;48;2;180;98;230m▀[38;2;180;98;230m▀▀▀▀[38;2;16;16;16;48;2;131;57;172m▀[49m▄[0m  [38;2;16;16;16m▀[38;2;115;74;65;48;2;16;16;16m▀[38;2;222;189;115m▀▀[48;2;82;32;106m▀▀[48;2;16;16;16m▀[48;2;82;32;106m▀[38;2;16;16;16;48;2;180;98;230m▀[48;2;156;74;197m▀[38;2;131;57;172;48;2;131;57;172m▀▀[38;2;82;32;106m▀[48;2;16;16;16m▀[38;2;16;16;16;49m▀[0m
[0m  [38;2;82;32;106m▄[48;2;131;57;172m▀[38;2;131;57;172m▀[48;2;16;16;16m▀[38;2;16;16;16;49m▀[0m   [38;2;82;32;106;48;2;82;32;106m▀[38;2;131;57;172;48;2;131;57;172m▀▀▀[48;2;82;32;106m▀[38;2;82;32;106;48;2;180;98;230m▀[38;2;180;98;230m▀▀▀[38;2;156;74;197;48;2;131;57;172m▀[48;2;180;98;230m▀[38;2;180;98;230m▀▀▀[38;2;156;74;197m▀[48;2;131;57;172m▀[38;2;180;98;230;48;2;180;98;230m▀▀▀[48;2;255;238;164m▀▀[48;2;180;98;230m▀▀▀[48;2;16;16;16m▀[38;2;16;16;16;48;2;131;57;172m▀[38;2;180;98;230;48;2;180;98;230m▀▀[48;2;131;57;172m▀[38;2;131;57;172m▀▀▀▀[38;2;16;16;16m▀[49m▄[0m  [38;2;16;16;16m▀[38;2;131;57;172;48;2;16;16;16m▀[38;2;156;74;197;48;2;131;57;172m▀▀[38;2;131;57;172m▀[48;2;16;16;16m▀[38;2;82;32;106;49m▀[38;2;156;74;197;48;2;16;16;16m▀[48;2;131;57;172m▀[38;2;131;57;172m▀▀[48;2;16;16;16m▀[38;2;16;16;16;49m▀[0m
[0m  [38;2;82;32;106;48;2;82;32;106m▀[38;2;131;57;172;48;2;131;57;172m▀▀[38;2;16;16;16;48;2;16;16;16m▀[0m    [38;2;82;32;106;48;2;82;32;106m▀[38;2;131;57;172;48;2;131;57;172m▀▀[48;2;82;32;106m▀[38;2;82;32;106;48;2;180;98;230m▀[38;2;180;98;230;48;2;255;238;164m▀[38;2;255;238;164;48;2;222;189;115m▀[38;2;184;156;131m▀[38;2;180;98;230;48;2;255;238;164m▀[38;2;131;57;172m▀[38;2;180;98;230m▀▀▀▀▀[38;2;131;57;172m▀[38;2;184;156;131m▀[38;2;255;238;164m▀[48;2;222;189;115m▀▀[48;2;255;238;164m▀▀[38;2;180;98;230;48;2;180;98;230m▀[48;2;131;57;172m▀[38;2;16;16;16;48;2;82;32;106m▀[38;2;180;98;230;48;2;180;98;230m▀▀[38;2;131;57;172;48;2;82;32;106m▀[38;2;82;32;106;48;2;172;82;65m▀▀[38;2;131;57;172;48;2;82;32;106m▀[48;2;131;57;172m▀▀▀[38;2;16;16;16;48;2;16;16;16m▀[0m    [38;2;16;16;16m▀▀▀[0m   [38;2;16;16;16m▀[48;2;16;16;16m▀[48;2;82;32;106m▀[38;2;82;32;106m▀[38;2;16;16;16;48;2;16;16;16m▀[0m
[0m  [38;2;82;32;106;48;2;82;32;106m▀[38;2;131;57;172;48;2;131;57;172m▀▀[38;2;16;16;16;48;2;16;16;16m▀[0m    [38;2;82;32;106m▀[38;2;131;57;172;48;2;82;32;106m▀[48;2;131;57;172m▀[38;2;82;32;106;48;2;82;32;106m▀[38;2;180;98;230;48;2;222;189;115m▀[38;2;222;189;115;48;2;255;255;255m▀[38;2;255;255;255;48;2;16;16;16m▀▀[38;2;222;189;115;48;2;255;255;255m▀[38;2;255;238;164;48;2;255;238;164m▀▀▀▀▀▀▀▀[38;2;222;189;115;48;2;255;255;255m▀[38;2;255;255;255;48;2;16;16;16m▀▀[38;2;222;189;115;48;2;255;255;255m▀[38;2;255;238;164;48;2;222;189;115m▀[38;2;222;189;115m▀[38;2;131;57;172;48;2;131;57;172m▀▀[38;2;180;98;230m▀[38;2;131;57;172;48;2;82;32;106m▀[38;2;82;32;106;48;2;255;115;90m▀[38;2;172;82;65m▀[48;2;172;82;65m▀[38;2;82;32;106;48;2;82;32;106m▀[38;2;131;57;172;48;2;131;57;172m▀▀[48;2;16;16;16m▀[38;2;16;16;16;49m▀[0m           [38;2;16;16;16m▀[38;2;82;32;106;48;2;16;16;16m▀[38;2;131;57;172;48;2;131;57;172m▀[38;2;16;16;16m▀[38;2;82;32;106;49m▄[0m
[0m  [38;2;82;32;106;48;2;82;32;106m▀[38;2;131;57;172;48;2;131;57;172m▀[48;2;156;74;197m▀[38;2;16;16;16;48;2;16;16;16m▀[0m     [38;2;82;32;106;48;2;82;32;106m▀[38;2;131;57;172;48;2;131;57;172m▀[38;2;16;16;16;48;2;16;16;16m▀[38;2;222;189;115;48;2;222;189;115m▀[38;2;255;255;255;48;2;255;255;255m▀[38;2;16;16;16;48;2;16;16;16m▀[38;2;255;255;255m▀[48;2;255;255;255m▀[38;2;255;238;164;48;2;255;238;164m▀[48;2;222;189;115m▀[48;2;180;98;230m▀[48;2;184;156;131m▀[48;2;255;238;164m▀▀▀▀[38;2;255;255;255;48;2;255;255;255m▀[48;2;16;16;16m▀[38;2;16;16;16m▀[38;2;255;255;255;48;2;255;255;255m▀[38;2;222;189;115;48;2;222;189;115m▀▀[38;2;131;57;172;48;2;131;57;172m▀▀▀[38;2;82;32;106;48;2;82;32;106m▀[38;2;255;115;90;48;2;255;115;90m▀[48;2;172;82;65m▀[38;2;82;32;106;48;2;82;32;106m▀[38;2;131;57;172;48;2;131;57;172m▀▀[48;2;16;16;16m▀[38;2;16;16;16;49m▀[0m             [38;2;16;16;16;48;2;16;16;16m▀[38;2;131;57;172;48;2;131;57;172m▀▀[38;2;82;32;106;48;2;16;16;16m▀[0m
[0m  [38;2;82;32;106m▀[38;2;156;74;197;48;2;82;32;106m▀[48;2;156;74;197m▀[38;2;16;16;16;48;2;16;16;16m▀[0m      [38;2;82;32;106m▀[38;2;131;57;172;48;2;82;32;106m▀[38;2;16;16;16;48;2;16;16;16m▀[38;2;222;189;115;48;2;222;189;115m▀[38;2;255;255;255m▀▀[38;2;222;189;115m▀[38;2;255;238;164m▀[38;2;180;98;230m▀[38;2;222;189;115m▀[38;2;184;156;131m▀[38;2;180;98;230m▀[38;2;255;238;164m▀[48;2;184;156;131m▀[48;2;139;106;65m▀[38;2;222;189;115;48;2;222;189;115m▀[38;2;255;255;255m▀▀[38;2;222;189;115m▀▀[48;2;131;57;172m▀[38;2;131;57;172m▀▀▀▀[38;2;82;32;106m▀▀[38;2;131;57;172m▀▀[48;2;16;16;16m▀[38;2;16;16;16;49m▀[0m              [38;2;16;16;16;48;2;16;16;16m▀[38;2;131;57;172;48;2;131;57;172m▀▀[38;2;16;16;16;48;2;16;16;16m▀[0m
[0m   [38;2;82;32;106;48;2;82;32;106m▀[38;2;156;74;197;48;2;156;74;197m▀▀[38;2;16;16;16;48;2;16;16;16m▀[0m        [38;2;16;16;16m▀[38;2;222;189;115;48;2;16;16;16m▀[48;2;131;57;172m▀[38;2;184;156;131;48;2;222;189;115m▀[38;2;255;255;255;48;2;184;156;131m▀[38;2;139;106;65m▀[48;2;255;255;255m▀[48;2;184;156;131m▀[48;2;255;255;255m▀[48;2;184;156;131m▀[38;2;184;156;131;48;2;255;255;255m▀[38;2;255;255;255;48;2;184;156;131m▀[38;2;184;156;131;48;2;222;189;115m▀[38;2;222;189;115m▀▀[48;2;184;156;131m▀[38;2;184;156;131;48;2;131;57;172m▀[38;2;131;57;172m▀▀[48;2;16;16;16m▀[38;2;82;32;106m▀[38;2;131;57;172m▀▀▀[38;2;16;16;16;49m▀▀[0m                [38;2;16;16;16;48;2;16;16;16m▀[38;2;131;57;172;48;2;131;57;172m▀▀[38;2;16;16;16;48;2;16;16;16m▀[0m
[0m   [38;2;82;32;106m▀[38;2;156;74;197;48;2;82;32;106m▀[48;2;156;74;197m▀[38;2;16;16;16;48;2;16;16;16m▀[0m   [38;2;82;32;106m▄▄[0m     [38;2;16;16;16m▀▀[38;2;131;57;172;48;2;16;16;16m▀[38;2;222;189;115m▀[48;2;131;57;172m▀▀▀▀▀▀▀[38;2;184;156;131m▀[38;2;131;57;172m▀▀[48;2;16;16;16m▀▀[38;2;16;16;16;49m▀▀[0m   [38;2;82;32;106m▄[48;2;180;98;230m▀▀[49m▄[0m              [38;2;16;16;16;48;2;16;16;16m▀[38;2;131;57;172;48;2;156;74;197m▀[38;2;156;74;197m▀[38;2;16;16;16;48;2;16;16;16m▀[0m
[0m    [38;2;82;32;106;48;2;82;32;106m▀[38;2;156;74;197;48;2;156;74;197m▀▀[38;2;16;16;16;48;2;16;16;16m▀[0m [38;2;82;32;106;48;2;82;32;106m▀[38;2;180;98;230;48;2;156;74;197m▀[48;2;180;98;230m▀[38;2;82;32;106m▀[49m▄[0m       [38;2;16;16;16m▀▀▀[38;2;82;32;106;48;2;16;16;16m▀[48;2;131;57;172m▀[38;2;131;57;172m▀▀[38;2;82;32;106;48;2;16;16;16m▀[38;2;16;16;16;49m▀▀[0m     [38;2;82;32;106m▄[48;2;180;98;230m▀[38;2;180;98;230m▀▀[48;2;131;57;172m▀[38;2;82;32;106;48;2;82;32;106m▀[0m             [38;2;82;32;106m▄[38;2;16;16;16;48;2;156;74;197m▀[38;2;156;74;197m▀[48;2;16;16;16m▀[38;2;16;16;16;49m▀[0m
[0m     [38;2;82;32;106;48;2;82;32;106m▀[38;2;156;74;197;48;2;156;74;197m▀[38;2;82;32;106;48;2;180;98;230m▀[49m▄[0m [38;2;82;32;106;48;2;16;16;16m▀[38;2;180;98;230;48;2;156;74;197m▀[48;2;180;98;230m▀▀[38;2;82;32;106m▀[49m▄[0m   [38;2;82;32;106m▄▄▄[48;2;131;57;172m▀▀[38;2;131;57;172m▀▀▀▀▀[38;2;16;16;16m▀▀[49m▄▄▄[38;2;82;32;106m▄[48;2;180;98;230m▀[38;2;180;98;230m▀[48;2;156;74;197m▀[48;2;131;57;172m▀[38;2;131;57;172;48;2;82;32;106m▀[38;2;16;16;16;48;2;16;16;16m▀[0m             [38;2;82;32;106m▄[48;2;156;74;197m▀[38;2;156;74;197m▀[48;2;16;16;16m▀[38;2;16;16;16;49m▀[0m
[0m      [38;2;82;32;106;48;2;82;32;106m▀[38;2;156;74;197;48;2;131;57;172m▀[38;2;82;32;106;48;2;180;98;230m▀[49m▄[0m [38;2;16;16;16m▀[38;2;156;74;197;48;2;16;16;16m▀[38;2;180;98;230;48;2;156;74;197m▀[48;2;180;98;230m▀▀[38;2;82;32;106m▀▀▀[38;2;180;98;230;48;2;131;57;172m▀▀[38;2;131;57;172;48;2;16;16;16m▀▀[38;2;82;32;106m▀[38;2;131;57;172;48;2;131;57;172m▀[48;2;180;98;230m▀▀▀[48;2;131;57;172m▀[48;2;82;32;106m▀[48;2;16;16;16m▀[48;2;131;57;172m▀▀[38;2;82;32;106m▀[38;2;180;98;230;48;2;156;74;197m▀▀[38;2;156;74;197;48;2;131;57;172m▀[38;2;131;57;172;48;2;16;16;16m▀[48;2;82;32;106m▀[38;2;16;16;16;49m▀[0m             [38;2;82;32;106m▄[48;2;180;98;230m▀[38;2;180;98;230m▀[48;2;16;16;16m▀[38;2;16;16;16;49m▀[0m
[0m       [38;2;82;32;106m▀[38;2;156;74;197;48;2;16;16;16m▀[38;2;180;98;230;48;2;131;57;172m▀[38;2;82;32;106;48;2;180;98;230m▀[49m▄▄[38;2;16;16;16m▀▀[38;2;131;57;172;48;2;16;16;16m▀▀[48;2;82;32;106m▀[38;2;16;16;16;49m▀▀[38;2;82;32;106m▀[0m [38;2;16;16;16;48;2;16;16;16m▀[38;2;156;74;197;48;2;180;98;230m▀[38;2;180;98;230m▀[48;2;255;238;164m▀[38;2;255;238;164m▀▀[38;2;131;57;172m▀[38;2;16;16;16;48;2;16;16;16m▀[0m [38;2;16;16;16m▀▀[38;2;131;57;172;48;2;16;16;16m▀▀[38;2;16;16;16;49m▀▀[0m            [38;2;82;32;106m▄▄[48;2;180;98;230m▀▀[38;2;180;98;230m▀[48;2;16;16;16m▀[38;2;16;16;16;49m▀[0m
[0m         [38;2;16;16;16m▀[38;2;131;57;172;48;2;16;16;16m▀[38;2;156;74;197m▀[38;2;180;98;230;48;2;131;57;172m▀[38;2;82;32;106;48;2;156;74;197m▀[48;2;131;57;172m▀[49m▄▄▄▄[0m  [38;2;82;32;106;48;2;16;16;16m▀[38;2;180;98;230;48;2;180;98;230m▀▀[48;2;255;238;164m▀[38;2;255;238;164m▀▀▀▀[38;2;131;57;172;48;2;222;189;115m▀[38;2;16;16;16;48;2;16;16;16m▀[38;2;82;32;106;48;2;131;57;172m▀▀[49m▄▄▄[0m      [38;2;82;32;106m▄▄▄▄[48;2;156;74;197m▀▀▀[38;2;180;98;230;48;2;180;98;230m▀[48;2;16;16;16m▀▀[38;2;16;16;16;49m▀▀[0m
[0m            [38;2;16;16;16m▀▀[38;2;131;57;172;48;2;16;16;16m▀▀▀▀[48;2;131;57;172m▀[38;2;82;32;106m▀[48;2;82;32;106m▀[38;2;16;16;16m▀[38;2;180;98;230;48;2;131;57;172m▀[48;2;180;98;230m▀[38;2;255;238;164;48;2;255;238;164m▀▀[48;2;222;189;115m▀▀[38;2;222;189;115m▀▀[38;2;16;16;16;48;2;131;57;172m▀[38;2;131;57;172;48;2;16;16;16m▀[38;2;82;32;106;48;2;82;32;106m▀[38;2;131;57;172;48;2;131;57;172m▀[48;2;16;16;16m▀[38;2;16;16;16;48;2;82;32;106m▀[38;2;82;32;106;48;2;131;57;172m▀▀▀▀[48;2;156;74;197m▀▀[38;2;156;74;197m▀[48;2;16;16;16m▀▀▀▀[38;2;16;16;16;49m▀▀▀[0m
[0m                  [38;2;16;16;16m▀[48;2;16;16;16m▀[48;2;131;57;172m▀[38;2;131;57;172m▀▀▀▀[38;2;222;189;115;48;2;16;16;16m▀▀▀[48;2;131;57;172m▀[38;2;131;57;172m▀▀▀[38;2;16;16;16m▀[38;2;82;32;106;48;2;16;16;16m▀[38;2;131;57;172;48;2;82;32;106m▀[48;2;16;16;16m▀▀▀[38;2;16;16;16;49m▀▀▀▀[38;2;82;32;106m▀[0m
[0m                  [38;2;16;16;16m▄[38;2;82;32;106;48;2;131;57;172m▀[38;2;131;57;172m▀▀[48;2;16;16;16m▀[38;2;16;16;16;49m▀▀[0m   [38;2;16;16;16m▀▀[38;2;131;57;172;48;2;16;16;16m▀[48;2;131;57;172m▀▀▀[38;2;16;16;16;48;2;16;16;16m▀[0m
[0m                  [38;2;16;16;16;48;2;82;32;106m▀[38;2;131;57;172;48;2;131;57;172m▀▀[48;2;16;16;16m▀[38;2;16;16;16;49m▀[0m       [38;2;16;16;16m▄[38;2;82;32;106;48;2;82;32;106m▀[38;2;131;57;172;48;2;131;57;172m▀[48;2;82;32;106m▀[38;2;82;32;106;49m▀[0m
[0m               [38;2;82;32;106m▄▄[48;2;180;98;230m▀▀[38;2;131;57;172;48;2;156;74;197m▀[48;2;131;57;172m▀[38;2;16;16;16;48;2;16;16;16m▀[0m       [38;2;16;16;16m▄[48;2;131;57;172m▀[38;2;131;57;172m▀▀[38;2;16;16;16m▀▀[49m▄[0m
[0m              [38;2;82;32;106;48;2;82;32;106m▀[38;2;131;57;172;48;2;180;98;230m▀[38;2;180;98;230m▀[48;2;131;57;172m▀[48;2;180;98;230m▀▀▀[38;2;156;74;197m▀[38;2;16;16;16;48;2;16;16;16m▀[0m      [38;2;16;16;16m▀[38;2;131;57;172;48;2;16;16;16m▀[48;2;82;32;106m▀[48;2;180;98;230m▀[38;2;180;98;230m▀[38;2;131;57;172m▀[38;2;180;98;230;48;2;131;57;172m▀[38;2;16;16;16;48;2;16;16;16m▀[0m
[0m              [38;2;16;16;16m▀[38;2;131;57;172;48;2;16;16;16m▀[38;2;82;32;106m▀[38;2;180;98;230m▀▀▀[38;2;16;16;16;49m▀▀[0m          [38;2;16;16;16m▀▀▀▀[0m
