[0m          [38;2;197;213;230m▄[48;2;197;213;230m▀[48;2;255;255;255m▀▀[49m▄▄[0m [38;2;197;213;230m▄▄▄[0m
[0m       [38;2;197;213;230m▄[48;2;255;255;255m▀▀[38;2;255;255;255;48;2;197;213;230m▀[48;2;255;255;255m▀▀▀▀▀[38;2;197;213;230m▀[38;2;255;255;255m▀▀▀[38;2;197;213;230m▀[38;2;90;90;98;49m▄[0m
[0m      [38;2;197;213;230;48;2;197;213;230m▀[48;2;255;255;255m▀[38;2;255;255;255m▀▀▀▀▀▀▀▀▀▀▀▀▀[38;2;90;90;98;48;2;197;213;230m▀[49m▄▄▄▄▄[0m
[0m      [38;2;90;90;98;48;2;90;90;98m▀[38;2;197;213;230;48;2;197;213;230m▀[38;2;255;255;255m▀▀▀▀[38;2;197;213;230m▀▀[38;2;255;255;255m▀▀[48;2;255;255;255m▀▀▀[48;2;197;213;230m▀[38;2;197;213;230m▀▀[38;2;90;90;98m▀[38;2;197;213;230m▀▀[48;2;16;16;16m▀[38;2;16;16;16;49m▀[0m
[0m      [38;2;123;65;164m▄[38;2;16;16;16;48;2;123;65;164m▀[38;2;123;65;164;48;2;148;106;230m▀[38;2;197;213;230m▀▀[38;2;148;106;230m▀▀[38;2;123;65;164m▀▀[38;2;197;213;230m▀▀▀[48;2;123;65;164m▀▀[48;2;197;213;230m▀▀[48;2;16;16;16m▀[38;2;90;90;98;49m▀[38;2;16;16;16m▀[0m
[0m   [38;2;123;65;164m▄[48;2;148;106;230m▀[48;2;197;180;255m▀[38;2;148;106;230;48;2;255;255;255m▀[48;2;197;180;255m▀[48;2;148;106;230m▀▀▀▀▀▀▀▀▀▀▀▀[38;2;79;49;111m▀[38;2;16;16;16m▀[49m▄[0m
[0m  [38;2;123;65;164;48;2;123;65;164m▀[38;2;148;106;230;48;2;148;106;230m▀▀[38;2;197;180;255m▀▀▀[38;2;148;106;230m▀▀▀▀▀▀▀▀▀▀▀▀▀▀▀[38;2;16;16;16;48;2;16;16;16m▀[0m
[0m [38;2;123;65;164;48;2;79;49;111m▀[38;2;148;106;230;48;2;148;106;230m▀[48;2;79;49;111m▀[48;2;16;16;16m▀[48;2;205;180;0m▀[38;2;205;180;0;48;2;255;222;8m▀[38;2;139;106;32;48;2;205;180;0m▀[38;2;148;106;230;48;2;139;106;32m▀▀[38;2;139;106;32;48;2;255;222;8m▀[38;2;205;180;0m▀[38;2;255;222;8m▀[38;2;148;106;230m▀[48;2;148;106;230m▀▀▀▀▀▀▀▀▀▀[38;2;79;49;111;48;2;16;16;16m▀[0m
[38;2;123;65;164;48;2;79;49;111m▀[38;2;79;49;111;48;2;148;106;230m▀[38;2;148;106;230m▀[38;2;16;16;16;48;2;16;16;16m▀[48;2;79;49;111m▀[38;2;255;222;8;48;2;255;222;8m▀▀▀▀▀▀▀▀[38;2;205;180;0;48;2;139;106;32m▀[38;2;148;106;230;48;2;148;106;230m▀[38;2;79;49;111;48;2;16;16;16m▀[38;2;16;16;16m▀[38;2;148;106;230;48;2;148;106;230m▀▀▀▀▀▀[48;2;123;65;164m▀[48;2;148;106;230m▀[38;2;16;16;16;48;2;16;16;16m▀[0m
[38;2;16;16;16;48;2;16;16;16m▀[38;2;148;106;230;48;2;148;106;230m▀▀▀[48;2;139;106;32m▀[38;2;139;106;32m▀[38;2;255;222;8;48;2;255;222;8m▀▀▀▀▀▀[38;2;139;106;32;48;2;139;106;32m▀[38;2;148;106;230;48;2;148;106;230m▀▀[38;2;16;16;16m▀[38;2;79;49;111m▀[38;2;148;106;230m▀▀▀▀▀[38;2;123;65;164m▀[38;2;148;106;230;48;2;123;65;164m▀[38;2;123;65;164;48;2;148;106;230m▀[38;2;16;16;16;48;2;16;16;16m▀[0m
[38;2;16;16;16;48;2;79;49;111m▀[38;2;148;106;230;48;2;123;65;164m▀[48;2;148;106;230m▀▀[38;2;139;106;32m▀[38;2;255;222;8;48;2;255;222;8m▀▀▀[48;2;139;106;32m▀▀[48;2;255;222;8m▀▀▀[38;2;139;106;32;48;2;205;180;0m▀[38;2;148;106;230;48;2;148;106;230m▀▀▀▀▀▀▀[48;2;123;65;164m▀[38;2;123;65;164;48;2;148;106;230m▀[38;2;148;106;230;48;2;123;65;164m▀[38;2;123;65;164;48;2;148;106;230m▀[38;2;16;16;16;48;2;16;16;16m▀[0m
[0m [38;2;79;49;111;48;2;16;16;16m▀[38;2;148;106;230;48;2;148;106;230m▀▀▀[38;2;139;106;32m▀[38;2;205;180;0m▀[38;2;139;106;32m▀[38;2;148;106;230m▀▀[38;2;139;106;32m▀[38;2;205;180;0m▀▀[38;2;148;106;230m▀▀▀▀▀▀[48;2;123;65;164m▀[38;2;123;65;164m▀▀▀[38;2;148;106;230m▀[38;2;16;16;16;48;2;16;16;16m▀[0m
[0m  [38;2;79;49;111;48;2;16;16;16m▀[38;2;123;65;164;48;2;123;65;164m▀[38;2;148;106;230m▀▀[48;2;148;106;230m▀▀▀▀▀▀▀▀[48;2;123;65;164m▀▀▀[38;2;123;65;164m▀▀▀▀▀▀[38;2;16;16;16;48;2;16;16;16m▀[0m
[0m   [38;2;16;16;16m▀[38;2;123;65;164;48;2;16;16;16m▀[48;2;148;106;230m▀[48;2;123;65;164m▀▀▀▀▀▀▀▀▀▀▀▀▀▀▀[48;2;16;16;16m▀[38;2;16;16;16;49m▀[0m
[0m     [38;2;79;49;111m▀[38;2;16;16;16m▀[38;2;148;106;230;48;2;16;16;16m▀[38;2;123;65;164m▀▀[48;2;148;106;230m▀▀[48;2;123;65;164m▀▀▀[48;2;79;49;111m▀▀▀[48;2;123;65;164m▀[38;2;79;49;111m▀[38;2;16;16;16;48;2;16;16;16m▀[49m▄[0m
[0m          [38;2;16;16;16m▀▀[48;2;16;16;16m▀[48;2;79;49;111m▀[38;2;79;49;111;48;2;123;65;164m▀[38;2;123;65;164m▀▀[48;2;79;49;111m▀[48;2;148;106;230m▀[38;2;148;106;230m▀[48;2;16;16;16m▀▀[38;2;16;16;16m▀[0m
[0m           [38;2;16;16;16;48;2;16;16;16m▀[0m [38;2;16;16;16;48;2;16;16;16m▀[38;2;123;65;164;48;2;79;49;111m▀[38;2;79;49;111m▀[38;2;123;65;164;48;2;123;65;164m▀[38;2;79;49;111m▀[38;2;148;106;230;48;2;16;16;16m▀[48;2;79;49;111m▀[38;2;79;49;111;48;2;16;16;16m▀[0m
[0m          [38;2;90;90;98m▄[38;2;16;16;16m▀[0m   [38;2;16;16;16m▀▀[0m [38;2;16;16;16;48;2;16;16;16m▀[0m
[0m          [38;2;16;16;16;48;2;16;16;16m▀[0m        [38;2;90;90;98;48;2;16;16;16m▀[0m
[0m          [38;2;16;16;16;48;2;16;16;16m▀[0m        [38;2;16;16;16m▀[38;2;90;90;98;48;2;90;90;98m▀[0m
[0m          [38;2;16;16;16;48;2;16;16;16m▀[0m         [38;2;16;16;16;48;2;16;16;16m▀[38;2;90;90;98;49m▄[0m
[0m           [38;2;16;16;16;48;2;16;16;16m▀[0m         [38;2;90;90;98;48;2;16;16;16m▀[0m
[0m           [38;2;16;16;16;48;2;90;90;98m▀[0m          [38;2;90;90;98;48;2;16;16;16m▀[0m
[0m            [38;2;90;90;98;48;2;16;16;16m▀[0m          [38;2;16;16;16;48;2;16;16;16m▀[38;2;90;90;98;49m▄[0m
[0m            [38;2;16;16;16m▀[38;2;139;106;32m▄[0m          [38;2;16;16;16m▀▄[0m
[0m           [38;2;139;106;32m▄[48;2;205;180;0m▀[38;2;205;180;0;48;2;255;222;8m▀[38;2;16;16;16m▀▀[38;2;139;106;32m▀[38;2;16;16;16;49m▄[0m        [38;2;16;16;16m▀[48;2;16;16;16m▀[38;2;139;106;32;48;2;205;180;0m▀[49m▄▄▄[0m
[0m           [38;2;139;106;32;48;2;16;16;16m▀[38;2;255;222;8;48;2;255;222;8m▀▀[38;2;205;180;0;48;2;16;16;16m▀[38;2;255;222;8m▀▀[38;2;16;16;16;49m▀[0m        [38;2;16;16;16;48;2;16;16;16m▀[38;2;205;180;0;48;2;255;222;8m▀[38;2;255;222;8m▀[48;2;205;180;0m▀[48;2;255;222;8m▀▀[38;2;139;106;32;48;2;16;16;16m▀[0m
[0m            [38;2;16;16;16m▀▀[0m            [38;2;16;16;16m▀[38;2;255;222;8;48;2;16;16;16m▀▀[38;2;16;16;16;49m▀▀▀[0m
