[0m   [38;2;131;106;90m▄[48;2;197;164;123m▀[48;2;238;222;164m▀▀[49m▄[0m [38;2;131;106;90m▄▄[0m
[0m [38;2;131;106;90m▄▄[48;2;197;164;123m▀[38;2;238;222;164;48;2;238;222;164m▀▀▀[48;2;197;164;123m▀[38;2;131;106;90;48;2;238;222;164m▀[38;2;238;222;164m▀[38;2;197;164;123;48;2;197;164;123m▀[38;2;131;106;90m▀[49m▄[0m
[38;2;131;106;90;48;2;131;106;90m▀[38;2;197;164;123;48;2;238;222;164m▀[38;2;238;222;164m▀▀▀▀▀▀▀▀▀[38;2;197;164;123m▀[38;2;131;106;90;48;2;197;164;123m▀[49m▄[0m
[38;2;131;106;90;48;2;131;106;90m▀[38;2;238;222;164;48;2;238;222;164m▀▀▀▀▀▀▀▀▀▀[38;2;197;164;123;48;2;197;164;123m▀▀[38;2;131;106;90;48;2;131;106;90m▀[0m
[38;2;131;106;90;49m▀[38;2;197;164;123;48;2;131;106;90m▀[38;2;238;222;164;48;2;197;164;123m▀[38;2;197;164;123;48;2;238;222;164m▀[38;2;238;222;164m▀▀[48;2;197;164;123m▀▀[48;2;238;222;164m▀[48;2;197;164;123m▀[38;2;197;164;123m▀▀[48;2;131;106;90m▀[38;2;131;106;90;49m▀[0m
[0m [38;2;131;106;90m▀[38;2;197;164;123;48;2;131;106;90m▀[48;2;197;164;123m▀▀▀[48;2;131;106;90m▀[48;2;197;164;123m▀▀▀[48;2;131;106;90m▀[38;2;131;106;90;48;2;16;16;16m▀[0m
[0m   [38;2;131;106;90;48;2;16;16;16m▀[48;2;180;123;74m▀▀[38;2;180;123;74m▀[38;2;131;106;90m▀▀▀[38;2;180;123;74m▀[38;2;81;57;57;48;2;139;90;65m▀[49m▄[0m
[0m   [38;2;16;16;16;48;2;16;16;16m▀[38;2;180;123;74;48;2;139;90;65m▀[38;2;139;90;65;48;2;255;139;164m▀[38;2;123;57;65m▀[38;2;180;123;74;48;2;123;57;65m▀[48;2;180;123;74m▀▀[48;2;139;90;65m▀[38;2;139;90;65m▀[38;2;81;57;57;48;2;16;16;16m▀[0m
[0m    [38;2;16;16;16;48;2;16;16;16m▀[38;2;255;139;164;48;2;255;139;164m▀▀[38;2;123;57;65;48;2;197;90;123m▀[38;2;180;123;74;48;2;123;57;65m▀[48;2;139;90;65m▀[38;2;139;90;65m▀▀[38;2;16;16;16;48;2;16;16;16m▀[0m
[0m    [38;2;16;16;16m▀[38;2;197;90;123;48;2;16;16;16m▀[48;2;197;90;123m▀▀[38;2;123;57;65;48;2;123;57;65m▀[38;2;139;90;65;48;2;139;90;65m▀▀▀[38;2;16;16;16;48;2;16;16;16m▀[0m
[0m     [38;2;16;16;16;48;2;16;16;16m▀[38;2;197;90;123;48;2;197;90;123m▀▀[38;2;123;57;65;48;2;123;57;65m▀[38;2;139;90;65;48;2;139;90;65m▀▀[38;2;16;16;16;48;2;16;16;16m▀[0m
[0m      [38;2;16;16;16;48;2;16;16;16m▀[38;2;197;90;123;48;2;197;90;123m▀▀[38;2;123;57;65;48;2;123;57;65m▀[38;2;139;90;65;48;2;81;57;57m▀[38;2;81;57;57;48;2;139;90;65m▀[48;2;180;123;74m▀▀▀▀▀[49m▄▄[38;2;16;16;16m▄[38;2;81;57;57;48;2;180;123;74m▀[38;2;16;16;16m▀▀▀[49m▄[38;2;131;106;90m▄▄[0m
[0m      [38;2;81;57;57m▄[48;2;180;123;74m▀[38;2;139;90;65m▀[38;2;180;123;74m▀▀▀▀▀▀▀▀[48;2;139;90;65m▀[38;2;16;16;16m▀[38;2;180;123;74;48;2;180;123;74m▀▀▀[48;2;131;106;90m▀[38;2;131;106;90;48;2;238;222;164m▀[38;2;238;222;164m▀▀▀[38;2;131;106;90m▀[48;2;197;164;123m▀[48;2;238;222;164m▀[49m▄[0m
[0m    [38;2;81;57;57m▄[48;2;180;123;74m▀[38;2;180;123;74;48;2;139;90;65m▀[38;2;197;164;123;48;2;238;222;164m▀[38;2;180;123;74;48;2;139;90;65m▀[48;2;180;123;74m▀▀▀▀▀▀▀▀[38;2;81;57;57;48;2;81;57;57m▀[38;2;180;123;74;48;2;180;123;74m▀▀▀▀[38;2;131;106;90;48;2;131;106;90m▀[38;2;238;222;164;48;2;197;164;123m▀[48;2;238;222;164m▀▀▀▀▀▀▀[38;2;131;106;90;48;2;131;106;90m▀[0m
[0m   [38;2;81;57;57m▄[38;2;139;90;65;48;2;180;123;74m▀[38;2;180;123;74m▀▀[38;2;139;90;65m▀[38;2;180;123;74m▀▀▀▀▀▀[48;2;139;90;65m▀[38;2;197;164;123;48;2;238;222;164m▀[38;2;180;123;74;48;2;139;90;65m▀[38;2;81;57;57;48;2;81;57;57m▀[38;2;180;123;74;48;2;180;123;74m▀▀▀[38;2;131;106;90;48;2;131;106;90m▀[38;2;238;222;164;48;2;238;222;164m▀▀▀▀▀▀▀[48;2;197;164;123m▀[38;2;197;164;123;48;2;131;106;90m▀[38;2;131;106;90;49m▀[0m
[0m   [38;2;16;16;16;48;2;16;16;16m▀[38;2;180;123;74;48;2;139;90;65m▀[38;2;139;90;65;48;2;81;57;57m▀[38;2;81;57;57;48;2;255;255;255m▀[38;2;180;123;74;48;2;139;90;65m▀[48;2;180;123;74m▀▀▀▀▀▀▀[38;2;139;90;65m▀[38;2;180;123;74m▀[38;2;139;90;65m▀[48;2;81;57;57m▀[38;2;180;123;74;48;2;180;123;74m▀▀[38;2;131;106;90m▀[38;2;197;164;123;48;2;131;106;90m▀[38;2;238;222;164;48;2;197;164;123m▀[48;2;131;106;90m▀[48;2;197;164;123m▀▀[38;2;197;164;123m▀▀▀▀[38;2;131;106;90;48;2;131;106;90m▀[0m
[0m   [38;2;16;16;16m▀[38;2;139;90;65;48;2;81;57;57m▀[38;2;81;57;57;48;2;139;90;65m▀[38;2;16;16;16;48;2;81;57;57m▀[38;2;139;90;65;48;2;139;90;65m▀[38;2;180;123;74;48;2;123;57;65m▀▀[48;2;180;123;74m▀▀▀▀▀[48;2;81;57;57m▀[38;2;81;57;57;48;2;255;255;255m▀[38;2;139;90;65;48;2;16;16;16m▀[48;2;139;90;65m▀[48;2;16;16;16m▀[38;2;180;123;74;48;2;139;90;65m▀▀▀[38;2;131;106;90m▀[38;2;197;164;123;48;2;131;106;90m▀[48;2;197;164;123m▀▀[48;2;131;106;90m▀[38;2;131;106;90m▀[38;2;197;164;123m▀[38;2;131;106;90;49m▀[0m
[0m    [38;2;16;16;16m▀[38;2;139;90;65;48;2;16;16;16m▀[48;2;139;90;65m▀▀[38;2;197;90;123m▀[38;2;255;139;164;48;2;123;57;65m▀[38;2;123;57;65;48;2;139;90;65m▀[38;2;180;123;74m▀▀[38;2;139;90;65m▀▀[38;2;81;57;57m▀[38;2;16;16;16;48;2;81;57;57m▀[48;2;139;90;65m▀[38;2;139;90;65m▀▀[38;2;16;16;16m▀[38;2;139;90;65;48;2;16;16;16m▀[48;2;81;57;57m▀[48;2;139;90;65m▀▀[48;2;81;57;57m▀[48;2;16;16;16m▀[38;2;81;57;57m▀[38;2;16;16;16;49m▀[0m
[0m      [38;2;16;16;16m▀[38;2;81;57;57;48;2;16;16;16m▀[38;2;139;90;65m▀[38;2;81;57;57;48;2;139;90;65m▀[38;2;139;90;65;48;2;81;57;57m▀[48;2;139;90;65m▀▀▀[48;2;81;57;57m▀[48;2;139;90;65m▀▀▀▀▀[48;2;81;57;57m▀[48;2;16;16;16m▀[38;2;81;57;57;49m▀[38;2;16;16;16m▀▀[38;2;81;57;57m▀[0m
[0m         [38;2;16;16;16m▀▀[38;2;81;57;57;48;2;81;57;57m▀[48;2;16;16;16m▀▀[38;2;139;90;65;48;2;81;57;57m▀[48;2;139;90;65m▀[48;2;81;57;57m▀[48;2;16;16;16m▀[38;2;81;57;57;49m▀[38;2;16;16;16m▀[0m
[0m           [38;2;81;57;57m▄[48;2;180;123;74m▀[38;2;139;90;65m▀▀[48;2;139;90;65m▀▀▀[38;2;81;57;57m▀[48;2;180;123;74m▀[49m▄▄▄[0m
[0m       [38;2;81;57;57m▄▄[48;2;180;123;74m▀▀[38;2;180;123;74m▀[38;2;139;90;65;48;2;81;57;57m▀[38;2;180;123;74;48;2;180;123;74m▀▀▀▀▀[48;2;81;57;57m▀[48;2;180;123;74m▀▀▀▀[38;2;81;57;57m▀▀[38;2;16;16;16;48;2;139;90;65m▀[49m▄[0m
[0m      [38;2;81;57;57;48;2;81;57;57m▀[38;2;139;90;65;48;2;180;123;74m▀[38;2;180;123;74m▀▀▀[38;2;81;57;57;48;2;131;106;90m▀[38;2;180;123;74;48;2;238;222;164m▀[48;2;131;106;90m▀[38;2;131;106;90;48;2;238;222;164m▀▀[38;2;238;222;164m▀[38;2;131;106;90m▀[38;2;197;164;123m▀[38;2;16;16;16m▀[38;2;81;57;57;48;2;16;16;16m▀[38;2;180;123;74m▀[48;2;180;123;74m▀▀[38;2;139;90;65m▀[38;2;180;123;74;48;2;16;16;16m▀[38;2;16;16;16;49m▀[0m
[0m      [38;2;81;57;57m▀[38;2;139;90;65;48;2;81;57;57m▀[38;2;180;123;74;48;2;16;16;16m▀▀[38;2;81;57;57;48;2;131;106;90m▀[38;2;197;164;123;48;2;197;164;123m▀[38;2;238;222;164;48;2;238;222;164m▀▀▀▀▀▀[38;2;197;164;123m▀[38;2;238;222;164;48;2;197;164;123m▀[38;2;197;164;123;48;2;238;222;164m▀[48;2;197;164;123m▀[38;2;16;16;16m▀▀[48;2;16;16;16m▀[0m
[0m          [38;2;16;16;16m▄[38;2;131;106;90;48;2;197;164;123m▀[38;2;238;222;164m▀[48;2;238;222;164m▀▀▀▀[48;2;197;164;123m▀[38;2;197;164;123;48;2;238;222;164m▀[38;2;238;222;164;48;2;197;164;123m▀[38;2;197;164;123m▀▀[38;2;131;106;90m▀[38;2;197;164;123;48;2;16;16;16m▀[38;2;16;16;16;49m▀[0m
[0m          [38;2;16;16;16m▀[38;2;131;106;90;48;2;16;16;16m▀[38;2;197;164;123;48;2;131;106;90m▀[48;2;197;164;123m▀▀[48;2;131;106;90m▀[48;2;197;164;123m▀▀▀▀[48;2;131;106;90m▀[48;2;197;164;123m▀[48;2;131;106;90m▀[38;2;131;106;90;48;2;197;164;123m▀[38;2;16;16;16;48;2;131;106;90m▀[49m▄[0m
[0m            [38;2;16;16;16m▀[38;2;131;106;90;48;2;16;16;16m▀[38;2;16;16;16;48;2;197;164;123m▀▀[38;2;131;106;90m▀[38;2;197;164;123;48;2;16;16;16m▀▀▀[38;2;16;16;16m▀[38;2;131;106;90;48;2;197;164;123m▀[38;2;197;164;123m▀▀[48;2;238;222;164m▀[38;2;16;16;16m▀[49m▄[0m
[0m            [38;2;16;16;16;48;2;16;16;16m▀[38;2;197;164;123;48;2;131;106;90m▀[48;2;238;222;164m▀[48;2;131;106;90m▀[48;2;238;222;164m▀[48;2;131;106;90m▀[38;2;131;106;90;48;2;16;16;16m▀[38;2;16;16;16;49m▀▀[38;2;197;164;123;48;2;16;16;16m▀[48;2;238;222;164m▀[38;2;238;222;164;48;2;131;106;90m▀[38;2;131;106;90;48;2;238;222;164m▀[38;2;238;222;164;48;2;16;16;16m▀[38;2;16;16;16;49m▀[0m
[0m             [38;2;16;16;16m▀▀▀▀▀[0m    [38;2;16;16;16m▀▀▀[0m
