[0m                         [38;2;90;65;98m▄▄[0m  [38;2;90;65;98m▄[48;2;131;82;131m▀[48;2;180;98;180m▀[49m▄[0m  [38;2;90;65;98m▄▄▄[0m
[0m                         [38;2;90;65;98;48;2;90;65;98m▀[38;2;180;98;180;48;2;180;98;180m▀[38;2;90;65;98;48;2;131;82;131m▀[48;2;180;98;180m▀[38;2;180;98;180m▀▀▀[38;2;90;65;98;48;2;131;82;131m▀[48;2;180;98;180m▀▀[38;2;180;98;180m▀[48;2;90;65;98m▀[38;2;90;65;98;49m▀[0m
[0m                       [38;2;49;32;57m▄▄[48;2;180;98;180m▀[38;2;180;98;180m▀▀▀▀▀[38;2;131;82;131m▀[38;2;180;98;180m▀▀▀[48;2;131;82;131m▀[38;2;90;65;98;48;2;90;65;98m▀[49m▄[0m
[0m                    [38;2;16;16;16m▄[48;2;74;57;90m▀[48;2;106;74;148m▀[38;2;131;82;131m▀[38;2;180;98;180m▀▀[48;2;180;98;180m▀▀▀▀▀▀▀▀▀▀[48;2;90;65;98m▀[38;2;90;65;98;49m▀[0m
[0m         [38;2;90;65;98m▄▄[0m       [38;2;16;16;16m▄[48;2;106;74;148m▀[38;2;106;74;148m▀▀▀▀▀[38;2;131;82;131;48;2;180;98;180m▀[38;2;180;98;180;48;2;106;74;148m▀▀[38;2;131;82;131m▀[38;2;180;98;180;48;2;180;98;180m▀▀[48;2;131;82;131m▀[48;2;180;98;180m▀[38;2;90;65;98;48;2;49;32;57m▀[38;2;180;98;180;48;2;90;65;98m▀[38;2;90;65;98;49m▀▀[0m
[0m         [38;2;16;16;16;48;2;16;16;16m▀[38;2;180;98;180;48;2;180;98;180m▀[38;2;90;65;98m▀[49m▄▄▄[0m [38;2;16;16;16m▄[48;2;74;57;90m▀[38;2;74;57;90m▀[38;2;106;74;148m▀[48;2;106;74;148m▀▀▀▀▀▀▀▀▀[38;2;131;82;131m▀[38;2;106;74;148m▀▀[38;2;131;82;131m▀[38;2;49;32;57;48;2;49;32;57m▀[38;2;131;82;131;48;2;90;65;98m▀[38;2;90;65;98;49m▀[0m    [38;2;90;65;98m▄▄▄[0m
[0m          [38;2;90;65;98;48;2;16;16;16m▀[38;2;180;98;180;48;2;180;98;180m▀[48;2;106;74;148m▀[38;2;90;65;98m▀[38;2;180;98;180;48;2;49;32;57m▀[38;2;16;16;16m▀[38;2;74;57;90;48;2;74;57;90m▀▀▀▀[38;2;106;74;148m▀[48;2;106;74;148m▀▀▀▀▀▀▀▀▀▀▀▀▀[38;2;49;32;57;48;2;49;32;57m▀[0m [38;2;90;65;98m▄▄[48;2;180;98;180m▀▀[38;2;180;98;180m▀[48;2;49;32;57m▀[38;2;49;32;57;49m▀[0m
[0m          [38;2;16;16;16m▀[38;2;74;57;90;48;2;74;57;90m▀[38;2;106;74;148;48;2;106;74;148m▀[48;2;16;16;16m▀[38;2;16;16;16;48;2;49;32;57m▀[38;2;74;57;90m▀▀▀▀▀▀▀▀[38;2;106;74;148m▀▀▀▀[48;2;106;74;148m▀▀▀▀▀[48;2;49;32;57m▀[38;2;74;57;90;48;2;74;57;90m▀[38;2;49;32;57;48;2;106;74;148m▀[48;2;180;98;180m▀[38;2;180;98;180m▀▀[48;2;90;65;98m▀[38;2;90;65;98m▀[38;2;49;32;57;49m▀[0m
[0m       [38;2;16;16;16m▄[38;2;49;32;57m▄▄[38;2;16;16;16;48;2;106;74;148m▀▀[38;2;49;32;57m▀▀[38;2;106;74;148m▀▀▀▀▀▀▀▀▀▀▀▀▀[38;2;49;32;57m▀▀▀▀▀[38;2;74;57;90m▀[38;2;106;74;148;48;2;49;32;57m▀▀▀[48;2;106;74;148m▀[38;2;180;98;180m▀[48;2;180;98;180m▀[48;2;90;65;98m▀[38;2;90;65;98;49m▀[0m
[0m  [38;2;16;16;16m▄▄[38;2;49;32;57;48;2;106;74;148m▀▀▀[38;2;106;74;148m▀▀▀▀▀▀▀▀▀▀▀▀▀▀▀▀▀▀▀▀▀▀▀▀▀▀▀▀▀[38;2;16;16;16m▀▀[38;2;90;65;98;48;2;16;16;16m▀[38;2;16;16;16;49m▄[0m
[38;2;16;16;16;49m▄[48;2;106;74;148m▀[38;2;106;74;148m▀▀▀▀▀▀▀▀▀▀▀▀▀▀▀▀▀▀▀▀▀▀▀▀▀▀▀▀▀▀▀▀▀▀▀▀▀[48;2;131;82;131m▀[38;2;16;16;16;48;2;180;98;180m▀▀[38;2;90;65;98;49m▄[38;2;16;16;16m▄[0m    [38;2;90;65;98m▄▄▄[0m
[38;2;16;16;16;48;2;16;16;16m▀[38;2;106;74;148;48;2;106;74;148m▀▀▀▀[48;2;74;57;90m▀[48;2;49;32;57m▀[48;2;16;16;16m▀[38;2;74;57;90m▀[38;2;49;32;57;48;2;74;57;90m▀[38;2;16;16;16m▀▀[48;2;16;16;16m▀[48;2;49;32;57m▀[48;2;226;190;32m▀[38;2;74;57;90;48;2;16;16;16m▀[38;2;106;74;148;48;2;49;32;57m▀[48;2;106;74;148m▀[48;2;74;57;90m▀[48;2;49;32;57m▀[48;2;16;16;16m▀[38;2;74;57;90m▀[38;2;16;16;16m▀▀[48;2;255;255;255m▀[48;2;148;57;90m▀[48;2;226;190;32m▀[48;2;16;16;16m▀▀[48;2;74;57;90m▀[38;2;49;32;57m▀[38;2;106;74;148;48;2;16;16;16m▀▀▀▀[48;2;49;32;57m▀[48;2;106;74;148m▀▀▀▀▀[38;2;131;82;131;48;2;180;98;180m▀[38;2;180;98;180m▀▀[38;2;16;16;16m▀[38;2;90;65;98;48;2;90;65;98m▀[48;2;180;98;180m▀[38;2;180;98;180m▀▀[48;2;49;32;57m▀[38;2;90;65;98;49m▀[0m
[0m [38;2;49;32;57;48;2;16;16;16m▀[38;2;106;74;148;48;2;74;57;90m▀[38;2;74;57;90;48;2;49;32;57m▀[38;2;49;32;57;48;2;74;57;90m▀▀[38;2;74;57;90m▀▀▀▀▀▀▀[38;2;16;16;16;48;2;49;32;57m▀[38;2;226;190;32m▀[38;2;148;57;90;48;2;226;190;32m▀[38;2;16;16;16;48;2;16;16;16m▀[48;2;74;57;90m▀▀[38;2;49;32;57m▀[38;2;74;57;90m▀[38;2;16;16;16m▀[48;2;16;16;16m▀[38;2;238;57;16m▀[38;2;49;32;57;48;2;238;57;16m▀[38;2;148;57;90;48;2;226;190;32m▀[38;2;226;190;32;48;2;16;16;16m▀[38;2;16;16;16m▀[48;2;74;57;90m▀[38;2;74;57;90m▀▀[48;2;49;32;57m▀[48;2;74;57;90m▀▀▀▀[38;2;16;16;16m▀▀[38;2;49;32;57m▀[38;2;106;74;148;48;2;49;32;57m▀▀[48;2;106;74;148m▀[38;2;131;82;131m▀[38;2;180;98;180;48;2;131;82;131m▀[48;2;180;98;180m▀▀▀[38;2;90;65;98m▀[38;2;49;32;57m▀[38;2;90;65;98m▀▀[38;2;180;98;180;49m▄[38;2;90;65;98m▄[0m
[0m  [38;2;16;16;16m▀[38;2;74;57;90;48;2;49;32;57m▀[38;2;106;74;148m▀[38;2;74;57;90;48;2;106;74;148m▀[48;2;74;57;90m▀▀[38;2;106;74;148m▀[38;2;74;57;90;48;2;106;74;148m▀[38;2;106;74;148;48;2;74;57;90m▀[38;2;74;57;90;48;2;106;74;148m▀[48;2;74;57;90m▀▀[38;2;49;32;57m▀[38;2;74;57;90;48;2;49;32;57m▀[48;2;74;57;90m▀[38;2;238;57;16;48;2;106;74;148m▀[38;2;74;57;90;48;2;238;57;16m▀[38;2;238;57;16;48;2;106;74;148m▀[38;2;74;57;90;48;2;148;57;90m▀[48;2;238;57;16m▀[38;2;238;57;16;48;2;106;74;148m▀[38;2;106;74;148m▀[38;2;16;16;16m▀▀[38;2;106;74;148m▀[38;2;74;57;90m▀[48;2;74;57;90m▀[48;2;16;16;16m▀[38;2;49;32;57;48;2;74;57;90m▀[38;2;74;57;90m▀▀▀▀▀▀▀▀▀▀[38;2;49;32;57m▀[38;2;106;74;148;48;2;106;74;148m▀▀[38;2;180;98;180;48;2;180;98;180m▀▀[48;2;131;82;131m▀[48;2;49;32;57m▀▀[38;2;131;82;131m▀[38;2;49;32;57;49m▀▀[0m
[0m     [38;2;49;32;57m▀▀[38;2;106;74;148m▀[48;2;49;32;57m▀[38;2;74;57;90m▀[38;2;106;74;148m▀[38;2;74;57;90;48;2;74;57;90m▀[38;2;106;74;148m▀[38;2;74;57;90m▀▀▀[38;2;49;32;57m▀▀[38;2;74;57;90;48;2;49;32;57m▀[38;2;106;74;148m▀▀[48;2;74;57;90m▀▀▀[48;2;49;32;57m▀▀[38;2;74;57;90;48;2;74;57;90m▀[38;2;16;16;16m▀[48;2;49;32;57m▀[38;2;74;57;90;48;2;16;16;16m▀[48;2;74;57;90m▀▀▀▀▀▀▀▀▀[48;2;49;32;57m▀[38;2;106;74;148m▀[38;2;49;32;57;49m▀▀▀[38;2;131;82;131;48;2;49;32;57m▀▀▀[48;2;131;82;131m▀[38;2;90;65;98m▀[49m▄[0m
[0m          [38;2;131;82;131;48;2;90;65;98m▀[38;2;49;32;57;48;2;131;82;131m▀[48;2;90;65;98m▀[49m▀▀[38;2;74;57;90m▀[48;2;49;32;57m▀▀▀▀[38;2;16;16;16;48;2;16;16;16m▀[38;2;49;32;57;48;2;106;74;148m▀[38;2;106;74;148m▀▀▀▀▀[38;2;74;57;90;48;2;74;57;90m▀▀▀[38;2;16;16;16;48;2;16;16;16m▀[38;2;74;57;90;48;2;49;32;57m▀▀▀▀[38;2;49;32;57;48;2;131;82;131m▀[48;2;90;65;98m▀[49m▀[48;2;49;32;57m▀[38;2;131;82;131m▀[38;2;90;65;98m▀[49m▀[0m     [38;2;49;32;57m▀▀▀[0m
[0m           [38;2;90;65;98m▀[0m       [38;2;16;16;16;48;2;16;16;16m▀[38;2;74;57;90;48;2;74;57;90m▀[38;2;106;74;148m▀[48;2;106;74;148m▀▀[48;2;74;57;90m▀▀[38;2;74;57;90m▀▀[48;2;16;16;16m▀[38;2;16;16;16;49m▀[38;2;90;65;98m▀[38;2;131;82;131;48;2;90;65;98m▀[38;2;90;65;98;49m▀[38;2;49;32;57m▀[38;2;90;65;98m▀[38;2;131;82;131;48;2;49;32;57m▀▀[38;2;90;65;98m▀[0m
[0m                    [38;2;16;16;16m▀▀[38;2;74;57;90;48;2;16;16;16m▀▀[48;2;49;32;57m▀▀[38;2;49;32;57;48;2;74;57;90m▀[38;2;16;16;16;48;2;16;16;16m▀[0m
[0m                      [38;2;49;32;57m▄[48;2;49;32;57m▀[38;2;74;57;90;48;2;74;57;90m▀▀▀[48;2;106;74;148m▀[38;2;16;16;16;48;2;49;32;57m▀[38;2;49;32;57;48;2;148;57;90m▀[48;2;16;16;16m▀[48;2;74;57;90m▀▀[49m▄▄▄▄▄[0m
[0m                   [38;2;49;32;57m▄[48;2;74;57;90m▀[48;2;49;32;57m▀[38;2;238;57;16;48;2;148;57;90m▀[38;2;74;57;90;48;2;49;32;57m▀[38;2;16;16;16;48;2;148;57;90m▀[48;2;238;57;16m▀[38;2;106;74;148;48;2;16;16;16m▀[48;2;106;74;148m▀[38;2;49;32;57m▀[38;2;148;57;90;48;2;49;32;57m▀[38;2;238;57;16;48;2;148;57;90m▀[38;2;16;16;16;48;2;16;16;16m▀[38;2;74;57;90;48;2;106;74;148m▀▀[48;2;74;57;90m▀▀▀[38;2;131;82;131m▀[38;2;49;32;57m▀[0m
[0m                  [38;2;49;32;57;48;2;49;32;57m▀[38;2;74;57;90;48;2;74;57;90m▀▀[38;2;106;74;148;48;2;106;74;148m▀[38;2;49;32;57m▀[48;2;49;32;57m▀[38;2;238;57;16;48;2;148;57;90m▀[38;2;255;255;255;48;2;238;57;16m▀[38;2;238;57;16m▀[38;2;16;16;16;48;2;16;16;16m▀[38;2;106;74;148;48;2;106;74;148m▀▀[38;2;49;32;57m▀[38;2;74;57;90m▀[38;2;106;74;148m▀[48;2;74;57;90m▀[48;2;106;74;148m▀▀[38;2;74;57;90m▀[48;2;74;57;90m▀▀[38;2;49;32;57m▀[48;2;131;82;131m▀[49m▄▄[0m
[0m                 [38;2;49;32;57m▄[38;2;74;57;90;48;2;74;57;90m▀▀[38;2;49;32;57;48;2;49;32;57m▀[38;2;106;74;148;48;2;106;74;148m▀▀[48;2;49;32;57m▀[38;2;16;16;16;48;2;74;57;90m▀[38;2;238;57;16;48;2;16;16;16m▀[48;2;148;57;90m▀[38;2;148;57;90;48;2;74;57;90m▀[38;2;106;74;148;48;2;49;32;57m▀[48;2;106;74;148m▀▀▀[48;2;49;32;57m▀[48;2;106;74;148m▀[38;2;49;32;57m▀[38;2;74;57;90m▀[48;2;49;32;57m▀[38;2;106;74;148m▀[38;2;74;57;90;48;2;74;57;90m▀▀▀[38;2;131;82;131m▀[48;2;131;82;131m▀[38;2;49;32;57;48;2;49;32;57m▀[0m
[0m              [38;2;49;32;57m▄[48;2;131;82;131m▀[48;2;74;57;90m▀[38;2;74;57;90m▀▀▀[38;2;49;32;57;48;2;106;74;148m▀[38;2;106;74;148m▀▀[38;2;49;32;57;48;2;49;32;57m▀[38;2;106;74;148;48;2;106;74;148m▀[38;2;74;57;90m▀▀[38;2;106;74;148m▀[38;2;49;32;57;48;2;74;57;90m▀[38;2;106;74;148m▀[48;2;106;74;148m▀▀▀[38;2;49;32;57m▀[38;2;106;74;148;48;2;49;32;57m▀[48;2;106;74;148m▀▀▀[38;2;49;32;57m▀▀▀[38;2;74;57;90;48;2;49;32;57m▀[38;2;131;82;131m▀[38;2;49;32;57m▀[0m
[0m              [38;2;49;32;57m▀[38;2;131;82;131;48;2;74;57;90m▀[38;2;74;57;90;48;2;16;16;16m▀[38;2;16;16;16;48;2;106;74;148m▀[38;2;106;74;148m▀[38;2;49;32;57;48;2;49;32;57m▀[38;2;106;74;148;48;2;106;74;148m▀▀[38;2;74;57;90;48;2;49;32;57m▀[48;2;106;74;148m▀[38;2;106;74;148;48;2;74;57;90m▀[48;2;106;74;148m▀▀▀▀[38;2;49;32;57;48;2;16;16;16m▀[38;2;106;74;148;48;2;74;57;90m▀[48;2;106;74;148m▀▀▀[38;2;74;57;90m▀[48;2;49;32;57m▀[38;2;106;74;148;48;2;106;74;148m▀▀▀▀▀▀▀[38;2;180;98;180;48;2;180;98;180m▀[38;2;49;32;57m▀[49m▄[0m
[0m               [38;2;16;16;16;48;2;16;16;16m▀[38;2;74;57;90;48;2;131;82;131m▀[38;2;106;74;148;48;2;74;57;90m▀[38;2;16;16;16;48;2;16;16;16m▀[38;2;74;57;90;48;2;106;74;148m▀[38;2;106;74;148m▀▀[38;2;49;32;57;48;2;49;32;57m▀[38;2;74;57;90;48;2;106;74;148m▀[38;2;106;74;148;48;2;74;57;90m▀[38;2;74;57;90m▀[38;2;106;74;148m▀[48;2;106;74;148m▀▀[48;2;74;57;90m▀[38;2;49;32;57;48;2;16;16;16m▀[38;2;106;74;148;48;2;106;74;148m▀▀▀▀▀[38;2;49;32;57m▀[38;2;106;74;148;48;2;49;32;57m▀[48;2;106;74;148m▀▀▀[48;2;180;98;180m▀[38;2;180;98;180m▀▀[48;2;49;32;57m▀[38;2;49;32;57;49m▀[0m
[0m               [38;2;16;16;16m▀[38;2;131;82;131;48;2;16;16;16m▀▀[38;2;16;16;16;48;2;74;57;90m▀[38;2;106;74;148;48;2;106;74;148m▀▀[48;2;49;32;57m▀[38;2;49;32;57;48;2;74;57;90m▀[38;2;74;57;90m▀▀▀▀▀▀▀▀[38;2;49;32;57;48;2;16;16;16m▀[38;2;106;74;148;48;2;106;74;148m▀▀▀▀▀▀[38;2;49;32;57m▀[38;2;106;74;148;48;2;49;32;57m▀[38;2;180;98;180;48;2;180;98;180m▀▀[48;2;49;32;57m▀[38;2;49;32;57;49m▀[0m
[0m                 [38;2;16;16;16;48;2;16;16;16m▀[38;2;106;74;148;48;2;106;74;148m▀▀▀[38;2;49;32;57;48;2;49;32;57m▀[38;2;74;57;90;49m▀[48;2;74;57;90m▀[38;2;49;32;57;48;2;49;32;57m▀[38;2;74;57;90;49m▀[48;2;49;32;57m▀[48;2;74;57;90m▀▀[38;2;49;32;57;49m▀[38;2;74;57;90;48;2;49;32;57m▀[48;2;74;57;90m▀[38;2;49;32;57;48;2;16;16;16m▀[38;2;106;74;148;48;2;106;74;148m▀▀▀▀[48;2;131;82;131m▀[48;2;106;74;148m▀▀[38;2;16;16;16m▀[38;2;180;98;180;48;2;16;16;16m▀[38;2;74;57;90;49m▀[0m
[0m                [38;2;16;16;16;48;2;16;16;16m▀[38;2;74;57;90;48;2;106;74;148m▀[38;2;106;74;148m▀▀▀[38;2;16;16;16m▀[38;2;49;32;57;49m▄[0m    [38;2;49;32;57m▀[38;2;74;57;90;48;2;49;32;57m▀[0m  [38;2;49;32;57m▀[38;2;16;16;16m▀[38;2;106;74;148;48;2;16;16;16m▀[48;2;106;74;148m▀▀▀[38;2;180;98;180;48;2;131;82;131m▀[38;2;131;82;131;48;2;180;98;180m▀[38;2;106;74;148;48;2;131;82;131m▀[48;2;16;16;16m▀[38;2;16;16;16;49m▀[0m
[0m                [38;2;16;16;16m▀[38;2;106;74;148;48;2;16;16;16m▀▀[48;2;106;74;148m▀▀[48;2;180;98;180m▀[38;2;90;65;98;48;2;90;65;98m▀[38;2;49;32;57;48;2;49;32;57m▀[0m         [38;2;16;16;16m▀[38;2;131;82;131;48;2;16;16;16m▀[38;2;180;98;180m▀[38;2;131;82;131;48;2;180;98;180m▀▀[38;2;180;98;180m▀[38;2;16;16;16m▀[38;2;90;65;98;49m▄[0m
[0m                  [38;2;16;16;16m▄[48;2;180;98;180m▀[38;2;131;82;131m▀[38;2;180;98;180m▀[38;2;90;65;98;48;2;90;65;98m▀[49m▄[0m            [38;2;16;16;16;48;2;16;16;16m▀[38;2;180;98;180;48;2;180;98;180m▀▀▀▀[38;2;90;65;98;48;2;16;16;16m▀[0m
[0m                  [38;2;16;16;16m▀[38;2;180;98;180;48;2;16;16;16m▀▀[48;2;180;98;180m▀▀▀[38;2;90;65;98;48;2;90;65;98m▀[0m          [38;2;16;16;16;48;2;16;16;16m▀[38;2;180;98;180;48;2;90;65;98m▀[48;2;180;98;180m▀▀[38;2;90;65;98;48;2;90;65;98m▀[38;2;16;16;16;49m▀[0m
[0m                     [38;2;16;16;16m▀▀[38;2;180;98;180;48;2;16;16;16m▀[48;2;180;98;180m▀[38;2;90;65;98;48;2;90;65;98m▀[0m          [38;2;16;16;16m▀▀[38;2;180;98;180;48;2;16;16;16m▀▀[38;2;90;65;98m▀[0m
[0m                        [38;2;16;16;16m▀▀[0m
