[0m                [38;2;43;36;57m▄[48;2;57;90;156m▀▀[49m▄▄[48;2;57;90;156m▀▀[49m▄[0m
[0m               [38;2;43;36;57;48;2;43;36;57m▀[38;2;57;90;156;48;2;57;90;156m▀▀[48;2;57;57;90m▀[38;2;57;57;90;48;2;57;90;156m▀[38;2;57;90;156m▀▀▀▀[38;2;43;36;57;48;2;43;36;57m▀[0m
[0m             [38;2;57;57;90m▄[38;2;43;36;57;48;2;57;57;90m▀[38;2;57;90;156;48;2;57;90;156m▀▀[38;2;57;57;90m▀[38;2;57;90;156m▀▀▀▀▀▀▀[38;2;43;36;57;48;2;43;36;57m▀[0m       [38;2;16;16;16m▄▄[48;2;57;57;90m▀[48;2;16;16;16m▀[0m
[0m     [38;2;43;36;57m▄▄▄▄▄[38;2;16;16;16m▄▄▄[38;2;43;36;57;48;2;16;16;16m▀[38;2;57;90;156m▀[48;2;57;57;90m▀[48;2;57;90;156m▀▀▀▀▀▀[48;2;57;57;90m▀▀[38;2;57;57;90m▀[48;2;16;16;16m▀[38;2;43;36;57m▀[38;2;16;16;16;49m▄▄▄[48;2;57;90;156m▀▀▀[38;2;57;90;156;48;2;57;57;90m▀[38;2;57;57;90m▀[38;2;43;36;57;48;2;16;16;16m▀[48;2;57;57;90m▀[38;2;16;16;16;48;2;16;16;16m▀[0m
[0m [38;2;43;36;57m▄[48;2;43;36;57m▀[48;2;57;90;156m▀▀[38;2;57;57;90;48;2;57;57;90m▀[38;2;57;90;156m▀▀▀▀▀▀▀[48;2;57;90;156m▀▀[38;2;57;57;90m▀[38;2;16;16;16m▀▀▀▀▀▀▀▀[38;2;57;57;90m▀[38;2;57;90;156m▀[48;2;57;57;90m▀▀▀▀▀[38;2;57;57;90m▀[48;2;43;36;57m▀[48;2;16;16;16m▀[38;2;16;16;16;48;2;57;57;90m▀[38;2;57;57;90;48;2;43;36;57m▀[38;2;16;16;16;48;2;16;16;16m▀[0m
[0m [38;2;43;36;57m▀[38;2;57;90;156;48;2;16;16;16m▀[38;2;57;57;90;48;2;57;57;90m▀▀▀▀▀▀▀▀▀▀▀▀▀▀▀▀▀▀▀▀▀▀▀▀▀▀▀▀[38;2;16;16;16m▀[38;2;43;36;57m▀[38;2;57;57;90m▀[48;2;43;36;57m▀[38;2;16;16;16;48;2;16;16;16m▀[0m
[0m   [38;2;16;16;16m▀▀[38;2;57;57;90;48;2;16;16;16m▀▀[48;2;57;57;90m▀▀[48;2;16;16;16m▀▀[38;2;16;16;16;48;2;172;148;57m▀▀[48;2;164;164;180m▀[38;2;164;164;180;48;2;57;57;90m▀[38;2;57;57;90m▀▀[48;2;240;240;247m▀[48;2;57;57;90m▀▀▀▀▀▀▀▀▀▀▀▀[48;2;43;36;57m▀▀[38;2;43;36;57;48;2;57;57;90m▀[48;2;16;16;16m▀[38;2;16;16;16;49m▀[0m
[0m      [38;2;90;90;57m▄[38;2;16;16;16;48;2;90;90;57m▀[48;2;246;222;57m▀[38;2;246;222;57m▀▀[38;2;172;148;57m▀[38;2;164;164;180;48;2;164;164;180m▀[48;2;240;240;247m▀[38;2;57;57;90;48;2;57;57;90m▀[38;2;16;16;16;48;2;240;240;247m▀[38;2;222;82;90m▀[38;2;240;240;247;48;2;57;57;90m▀[38;2;57;57;90m▀[48;2;164;164;180m▀[48;2;57;57;90m▀▀▀▀▀▀▀▀▀▀[48;2;16;16;16m▀▀[38;2;16;16;16;49m▀[0m
[0m    [38;2;90;90;57m▄[48;2;246;222;57m▀[38;2;246;222;57m▀▀[48;2;90;90;57m▀▀▀[38;2;172;148;57m▀[38;2;90;90;57;48;2;246;222;57m▀[38;2;240;240;247;48;2;164;164;180m▀[48;2;240;240;247m▀[38;2;164;164;180m▀▀[48;2;16;16;16m▀▀[38;2;57;57;90m▀[48;2;240;240;247m▀▀[48;2;82;82;82m▀[48;2;57;57;90m▀▀[38;2;43;36;57m▀[38;2;57;57;90;48;2;16;16;16m▀[49m▀[38;2;16;16;16m▀▀[0m
[0m   [38;2;90;90;57;48;2;16;16;16m▀[38;2;246;222;57m▀[38;2;90;90;57;48;2;90;90;57m▀[38;2;16;16;16;49m▀▀[38;2;90;90;57;48;2;16;16;16m▀[38;2;246;222;57m▀▀▀▀▀[48;2;82;82;82m▀[38;2;16;16;16;48;2;240;240;247m▀▀[38;2;240;240;247m▀▀[48;2;57;57;90m▀▀[38;2;57;57;90m▀[38;2;16;16;16;48;2;57;90;156m▀▀▀▀▀[48;2;57;57;90m▀[49m▄▄[0m
[0m    [38;2;16;16;16m▄[38;2;164;164;180m▄[38;2;16;16;16;48;2;240;240;247m▀[38;2;164;164;180m▀[38;2;240;240;247m▀▀[48;2;16;16;16m▀[38;2;82;82;82;48;2;82;82;82m▀[38;2;16;16;16;48;2;240;240;247m▀[38;2;240;240;247m▀▀▀▀[48;2;57;57;90m▀[38;2;57;57;90;48;2;57;90;156m▀[38;2;57;90;156m▀▀▀▀▀▀▀▀▀▀[38;2;57;57;90m▀[38;2;16;16;16m▀[49m▄[0m        [38;2;74;32;32m▄[48;2;222;82;90m▀[48;2;74;32;32m▀[49m▄▄[48;2;222;82;90m▀[49m▄[0m [38;2;74;32;32m▄▄[0m
[0m  [38;2;82;82;82m▄[38;2;16;16;16;48;2;240;240;247m▀[38;2;240;240;247m▀▀▀▀[48;2;164;164;180m▀[38;2;16;16;16;48;2;240;240;247m▀[38;2;240;240;247m▀▀▀▀▀▀[38;2;57;57;90;48;2;57;57;90m▀[38;2;57;90;156;48;2;57;90;156m▀▀▀▀▀▀▀▀▀▀▀▀▀▀[48;2;57;57;90m▀[38;2;16;16;16;48;2;57;90;156m▀[38;2;43;36;57;49m▄[0m    [38;2;74;32;32m▄[48;2;222;82;90m▀▀[38;2;222;82;90;48;2;139;49;57m▀[48;2;222;82;90m▀[38;2;74;32;32m▀[38;2;222;82;90m▀▀[38;2;74;32;32;48;2;139;49;57m▀[48;2;222;82;90m▀[38;2;139;49;57m▀[38;2;222;82;90m▀[38;2;74;32;32;48;2;74;32;32m▀[0m
[0m [38;2;82;82;82;48;2;82;82;82m▀[38;2;240;240;247;48;2;240;240;247m▀▀▀▀▀▀▀▀▀▀▀▀▀[38;2;16;16;16;48;2;16;16;16m▀[38;2;57;90;156;48;2;57;90;156m▀▀▀▀▀▀▀▀▀▀▀▀▀▀[38;2;57;57;90m▀[38;2;57;90;156;48;2;57;57;90m▀[38;2;57;57;90;48;2;57;90;156m▀[38;2;16;16;16;48;2;57;57;90m▀[49m▄[0m   [38;2;74;32;32;48;2;74;32;32m▀[38;2;222;82;90;48;2;16;16;16m▀▀[48;2;222;82;90m▀▀[48;2;16;16;16m▀▀[48;2;222;82;90m▀▀[48;2;139;49;57m▀▀[38;2;74;32;32;48;2;74;32;32m▀[49m▄[0m
[38;2;82;82;82;48;2;82;82;82m▀[38;2;240;240;247;48;2;240;240;247m▀▀▀▀▀▀▀▀▀▀▀▀▀[38;2;164;164;180;48;2;43;36;57m▀[38;2;16;16;16;48;2;16;16;16m▀[38;2;57;90;156;48;2;57;90;156m▀▀▀▀▀▀▀▀▀▀▀▀▀[48;2;57;57;90m▀[38;2;57;57;90;48;2;57;90;156m▀[38;2;57;90;156;48;2;57;57;90m▀[38;2;57;57;90;48;2;57;90;156m▀[38;2;57;90;156;48;2;57;57;90m▀[38;2;16;16;16m▀[49m▄[0m [38;2;43;36;57m▄[38;2;16;16;16;48;2;43;36;57m▀[38;2;57;57;90;48;2;57;57;90m▀[38;2;16;16;16;48;2;16;16;16m▀[38;2;139;49;57m▀[38;2;16;16;16;48;2;57;57;90m▀[38;2;57;57;90m▀[38;2;16;16;16;48;2;16;16;16m▀[38;2;139;49;57;48;2;139;49;57m▀▀▀[38;2;74;32;32m▀[38;2;139;49;57m▀▀[38;2;74;32;32m▀[48;2;74;32;32m▀[0m
[38;2;82;82;82;48;2;82;82;82m▀[38;2;240;240;247;48;2;164;164;180m▀[48;2;240;240;247m▀▀▀▀▀▀▀▀▀▀▀[38;2;164;164;180;48;2;43;36;57m▀[38;2;43;36;57;48;2;57;90;156m▀[38;2;57;90;156m▀[38;2;16;16;16;48;2;16;16;16m▀[38;2;57;90;156;48;2;57;90;156m▀▀▀▀▀▀▀▀▀▀▀[48;2;57;57;90m▀▀[38;2;57;57;90m▀[38;2;57;90;156m▀[38;2;57;57;90m▀▀▀[38;2;16;16;16;48;2;16;16;16m▀[38;2;43;36;57;49m▄[38;2;16;16;16;48;2;43;36;57m▀[38;2;57;57;90;48;2;57;57;90m▀[48;2;16;16;16m▀[38;2;16;16;16;48;2;57;57;90m▀[38;2;57;57;90m▀[48;2;43;36;57m▀[38;2;16;16;16;48;2;16;16;16m▀[38;2;139;49;57m▀[38;2;16;16;16;48;2;57;57;90m▀▀[48;2;16;16;16m▀[38;2;139;49;57;48;2;139;49;57m▀▀[48;2;74;32;32m▀[38;2;74;32;32m▀[0m
[38;2;82;82;82;49m▀[38;2;164;164;180;48;2;82;82;82m▀[48;2;164;164;180m▀[38;2;240;240;247m▀▀[48;2;240;240;247m▀▀▀▀[48;2;164;164;180m▀[48;2;240;240;247m▀[48;2;164;164;180m▀[38;2;164;164;180m▀[38;2;43;36;57m▀[38;2;57;90;156;48;2;43;36;57m▀[48;2;57;90;156m▀[38;2;16;16;16m▀[38;2;57;90;156;48;2;16;16;16m▀[48;2;57;90;156m▀▀▀▀▀▀▀▀[48;2;57;57;90m▀[38;2;57;57;90m▀▀▀▀▀▀▀▀[38;2;43;36;57m▀[38;2;16;16;16;48;2;16;16;16m▀[38;2;57;57;90;48;2;57;57;90m▀[38;2;43;36;57;48;2;16;16;16m▀[48;2;57;57;90m▀[38;2;57;57;90m▀[48;2;16;16;16m▀[38;2;16;16;16;48;2;57;57;90m▀[38;2;43;36;57m▀[38;2;57;57;90m▀▀[38;2;16;16;16;48;2;16;16;16m▀[38;2;139;49;57;48;2;139;49;57m▀▀▀▀▀[38;2;74;32;32m▀[49m▄[0m
[0m [38;2;16;16;16m▀[38;2;164;164;180;48;2;16;16;16m▀[48;2;164;164;180m▀▀▀▀[38;2;240;240;247m▀[38;2;164;164;180;48;2;240;240;247m▀[38;2;240;240;247;48;2;164;164;180m▀[38;2;164;164;180;48;2;240;240;247m▀[38;2;240;240;247;48;2;164;164;180m▀[38;2;164;164;180m▀[48;2;43;36;57m▀[48;2;57;90;156m▀[38;2;57;90;156m▀▀[38;2;16;16;16m▀[38;2;57;90;156;48;2;16;16;16m▀[48;2;57;90;156m▀▀▀▀[48;2;57;57;90m▀▀[38;2;57;57;90m▀▀▀▀▀▀▀▀▀▀▀[38;2;16;16;16;48;2;16;16;16m▀[38;2;43;36;57;48;2;57;57;90m▀[38;2;57;57;90m▀▀[38;2;43;36;57m▀[38;2;57;57;90m▀▀▀[48;2;16;16;16m▀[38;2;16;16;16;48;2;164;164;180m▀[38;2;164;164;180m▀[38;2;74;32;32m▀[38;2;139;49;57;48;2;139;49;57m▀[38;2;74;32;32m▀[38;2;139;49;57;48;2;74;32;32m▀[38;2;74;32;32;49m▀▀[0m
[0m  [38;2;16;16;16m▀[38;2;164;164;180;48;2;16;16;16m▀[48;2;164;164;180m▀[48;2;82;82;82m▀[48;2;164;164;180m▀▀▀▀▀▀[48;2;16;16;16m▀[48;2;43;36;57m▀[38;2;43;36;57;48;2;57;90;156m▀[38;2;57;90;156m▀▀▀[38;2;16;16;16m▀[38;2;57;57;90;48;2;16;16;16m▀[48;2;57;57;90m▀▀▀▀▀▀▀▀▀▀▀▀▀▀▀▀[38;2;43;36;57m▀[38;2;57;57;90m▀▀▀[48;2;43;36;57m▀[48;2;16;16;16m▀▀[38;2;16;16;16;48;2;43;36;57m▀[48;2;57;57;90m▀▀▀▀[38;2;74;32;32;48;2;16;16;16m▀[38;2;139;49;57;48;2;74;32;32m▀[38;2;74;32;32;49m▀[0m
[0m  [38;2;16;16;16m▄[48;2;164;164;180m▀[38;2;164;164;180;48;2;82;82;82m▀[38;2;82;82;82;48;2;164;164;180m▀[38;2;164;164;180m▀▀▀[48;2;82;82;82m▀[48;2;16;16;16m▀[38;2;16;16;16;48;2;57;90;156m▀[38;2;57;90;156m▀▀▀▀▀▀[48;2;57;57;90m▀▀[38;2;16;16;16m▀[38;2;57;57;90;48;2;16;16;16m▀[48;2;43;36;57m▀[48;2;57;57;90m▀▀▀▀▀▀▀▀▀▀▀▀▀▀▀[48;2;43;36;57m▀[38;2;16;16;16;48;2;57;57;90m▀[38;2;43;36;57m▀[38;2;57;57;90m▀▀▀▀[48;2;16;16;16m▀[38;2;43;36;57;48;2;43;36;57m▀[38;2;16;16;16;49m▀[0m
[0m [38;2;16;16;16m▀[38;2;82;82;82;48;2;16;16;16m▀▀[38;2;164;164;180m▀▀▀[38;2;82;82;82;49m▀[38;2;16;16;16m▀[38;2;57;57;90;48;2;16;16;16m▀[38;2;57;90;156m▀[48;2;57;57;90m▀▀▀▀▀[38;2;57;57;90m▀▀▀▀▀▀▀[38;2;16;16;16m▀[38;2;43;36;57;48;2;43;36;57m▀[38;2;57;57;90;48;2;16;16;16m▀[48;2;57;57;90m▀▀▀▀▀▀▀▀▀▀▀▀▀▀[48;2;43;36;57m▀[48;2;16;16;16m▀▀[38;2;16;16;16;49m▀▀[0m
[0m           [38;2;16;16;16m▀▀[38;2;57;57;90;48;2;16;16;16m▀▀▀[48;2;57;57;90m▀▀▀▀▀▀▀▀▀[38;2;43;36;57;48;2;43;36;57m▀[38;2;16;16;16;48;2;57;57;90m▀▀[38;2;43;36;57m▀[38;2;57;57;90;48;2;16;16;16m▀▀▀▀▀▀▀▀▀[38;2;16;16;16;49m▀▀[38;2;43;36;57m▀[0m
[0m                [38;2;16;16;16m▀▀▀[38;2;43;36;57;48;2;16;16;16m▀▀[48;2;57;57;90m▀[38;2;57;57;90m▀▀▀[48;2;16;16;16m▀[38;2;43;36;57m▀[38;2;57;57;90m▀[48;2;57;57;90m▀▀▀▀▀▀[38;2;43;36;57;48;2;16;16;16m▀[49m▀[0m
[0m                     [38;2;16;16;16m▀[48;2;16;16;16m▀[48;2;43;36;57m▀▀[48;2;16;16;16m▀[0m  [38;2;16;16;16m▀▀[38;2;57;57;90;48;2;16;16;16m▀[48;2;43;36;57m▀[38;2;43;36;57;48;2;16;16;16m▀[38;2;16;16;16;49m▀[0m
[0m                 [38;2;16;16;16m▄▄▄[48;2;82;82;82m▀[48;2;43;36;57m▀[38;2;82;82;82;48;2;82;82;82m▀▀[38;2;16;16;16;48;2;16;16;16m▀[49m▄[0m    [38;2;16;16;16;48;2;43;36;57m▀[38;2;43;36;57m▀[38;2;16;16;16;48;2;16;16;16m▀[0m
[0m             [38;2;16;16;16m▄[48;2;164;164;180m▀[48;2;82;82;82m▀[48;2;240;240;247m▀[38;2;82;82;82;48;2;82;82;82m▀[48;2;16;16;16m▀▀[38;2;43;36;57;48;2;82;82;82m▀[38;2;82;82;82m▀▀[48;2;43;36;57m▀[38;2;43;36;57;48;2;16;16;16m▀▀[38;2;16;16;16;48;2;164;164;180m▀[49m▄▄[48;2;43;36;57m▀[38;2;43;36;57;48;2;82;82;82m▀[48;2;43;36;57m▀[38;2;16;16;16m▀[0m
[0m             [38;2;16;16;16m▀[48;2;16;16;16m▀[38;2;240;240;247m▀[38;2;16;16;16m▀[48;2;240;240;247m▀[38;2;240;240;247m▀[38;2;43;36;57;48;2;43;36;57m▀[38;2;82;82;82;48;2;16;16;16m▀[38;2;16;16;16;49m▀▀▀[48;2;16;16;16m▀[48;2;82;82;82m▀▀[38;2;82;82;82;48;2;43;36;57m▀[38;2;43;36;57;48;2;82;82;82m▀[38;2;82;82;82m▀[48;2;16;16;16m▀[38;2;43;36;57;48;2;43;36;57m▀▀[38;2;16;16;16;48;2;16;16;16m▀[0m
[0m                [38;2;16;16;16m▀▀▀▀[0m   [38;2;16;16;16;48;2;16;16;16m▀[38;2;82;82;82;48;2;164;164;180m▀[48;2;16;16;16m▀[38;2;43;36;57;48;2;43;36;57m▀[38;2;82;82;82;48;2;240;240;247m▀[48;2;164;164;180m▀[48;2;16;16;16m▀[38;2;16;16;16m▀[38;2;82;82;82;48;2;82;82;82m▀[48;2;43;36;57m▀[38;2;16;16;16;48;2;16;16;16m▀[0m
[0m                        [38;2;16;16;16m▀▀▀[38;2;240;240;247;48;2;16;16;16m▀[38;2;16;16;16m▀[49m▀▀[38;2;240;240;247;48;2;16;16;16m▀[38;2;16;16;16m▀[0m
