[0m          [38;2;16;16;16m▄[48;2;123;90;164m▀▀[49m▄▄[0m                              [38;2;16;16;16m▄▄▄[0m
[0m         [38;2;16;16;16m▄[48;2;82;57;106m▀[38;2;123;90;164;48;2;123;90;164m▀▀[38;2;82;57;106;48;2;82;57;106m▀[38;2;123;90;164;48;2;123;90;164m▀[38;2;16;16;16;48;2;16;16;16m▀[0m                         [38;2;82;57;106m▄[48;2;123;90;164m▀[38;2;16;16;16m▀[48;2;82;57;106m▀[38;2;82;57;106;48;2;123;90;164m▀[38;2;123;90;164m▀▀[38;2;16;16;16;48;2;16;16;16m▀[0m
[0m        [38;2;16;16;16;48;2;16;16;16m▀[38;2;123;90;164;48;2;123;90;164m▀[38;2;82;57;106m▀[38;2;123;90;164;48;2;82;57;106m▀[48;2;123;90;164m▀▀[38;2;82;57;106;48;2;82;57;106m▀[38;2;123;90;164;48;2;123;90;164m▀[38;2;16;16;16;48;2;16;16;16m▀[0m                       [38;2;82;57;106;48;2;82;57;106m▀[38;2;123;90;164;48;2;123;90;164m▀[48;2;82;57;106m▀[38;2;82;57;106;48;2;123;90;164m▀[38;2;123;90;164m▀▀▀[38;2;82;57;106;48;2;82;57;106m▀[38;2;16;16;16;48;2;123;90;164m▀[49m▄[0m
[0m        [38;2;16;16;16;48;2;16;16;16m▀[38;2;123;90;164;48;2;123;90;164m▀▀[38;2;82;57;106m▀[38;2;123;90;164;48;2;82;57;106m▀[48;2;123;90;164m▀▀▀▀[38;2;16;16;16;48;2;16;16;16m▀[0m                    [38;2;16;16;16m▄[38;2;82;57;106;48;2;123;90;164m▀[38;2;123;90;164m▀▀▀▀▀[48;2;82;57;106m▀[38;2;82;57;106;48;2;123;90;164m▀[38;2;123;90;164m▀[48;2;16;16;16m▀[38;2;16;16;16;49m▀[0m
[0m       [38;2;82;57;106;48;2;82;57;106m▀[38;2;123;90;164;48;2;123;90;164m▀[38;2;82;57;106;48;2;82;57;106m▀[38;2;123;90;164;48;2;123;90;164m▀▀▀▀▀▀▀▀[38;2;16;16;16;48;2;82;57;106m▀[49m▄[0m                [38;2;16;16;16m▄[48;2;131;148;180m▀[38;2;123;90;164;48;2;123;90;164m▀▀▀▀▀▀▀▀▀[48;2;16;16;16m▀[38;2;16;16;16;49m▀[0m
[0m       [38;2;82;57;106;48;2;82;57;106m▀[38;2;123;90;164;48;2;123;90;164m▀▀[38;2;82;57;106m▀[38;2;123;90;164m▀▀▀[48;2;82;90;98m▀▀[48;2;123;90;164m▀▀▀[38;2;16;16;16;48;2;131;148;180m▀[38;2;82;90;98;49m▄[0m           [38;2;16;16;16m▄▄[48;2;131;148;180m▀▀[38;2;131;148;180m▀[48;2;123;90;164m▀[38;2;123;90;164m▀▀▀▀▀▀▀[48;2;82;57;106m▀[38;2;16;16;16;48;2;123;90;164m▀▀[49m▄[0m
[0m        [38;2;82;57;106;48;2;16;16;16m▀[38;2;123;90;164;48;2;123;90;164m▀▀▀▀[38;2;82;90;98;48;2;82;90;98m▀[38;2;213;82;139;48;2;213;82;139m▀[38;2;82;90;98m▀▀[38;2;123;90;164;48;2;82;90;98m▀[38;2;131;148;180;48;2;131;148;180m▀▀▀[38;2;82;90;98m▀[48;2;106;115;131m▀[49m▄▄[38;2;16;16;16m▄▄▄▄[38;2;82;90;98m▄[38;2;16;16;16;48;2;106;115;131m▀[48;2;131;148;180m▀[38;2;131;148;180m▀▀▀▀▀[38;2;123;90;164;48;2;82;57;106m▀▀[38;2;82;57;106;48;2;213;82;139m▀▀[38;2;123;90;164;48;2;82;57;106m▀[48;2;123;90;164m▀▀▀▀▀▀[38;2;16;16;16;48;2;16;16;16m▀[0m
[0m        [38;2;16;16;16m▀[38;2;131;148;180;48;2;82;90;98m▀[38;2;123;90;164;48;2;131;148;180m▀▀▀[38;2;82;90;98;48;2;106;115;131m▀[38;2;255;123;156m▀[38;2;213;82;139;48;2;255;123;156m▀[48;2;213;82;139m▀▀[38;2;82;90;98;48;2;16;16;16m▀[38;2;131;148;180;48;2;106;115;131m▀[38;2;16;16;16;48;2;159;162;192m▀[38;2;106;115;131m▀[38;2;159;162;192m▀▀▀▀▀[48;2;131;148;180m▀[38;2;131;148;180;48;2;159;162;192m▀[48;2;131;148;180m▀[38;2;106;115;131m▀▀[38;2;131;148;180m▀[48;2;106;115;131m▀[48;2;82;90;98m▀[38;2;82;90;98m▀[48;2;213;82;139m▀[38;2;213;82;139m▀▀▀▀[38;2;82;57;106;48;2;82;57;106m▀[38;2;123;90;164;48;2;123;90;164m▀▀▀▀▀[38;2;16;16;16;48;2;16;16;16m▀[0m
[0m         [38;2;16;16;16;48;2;16;16;16m▀[38;2;131;148;180;48;2;131;148;180m▀▀▀▀[38;2;82;90;98;48;2;82;90;98m▀[38;2;255;123;156;48;2;255;123;156m▀[48;2;16;16;16m▀[38;2;16;16;16;48;2;238;255;255m▀[38;2;159;162;192;48;2;159;162;192m▀[38;2;131;148;180;48;2;131;148;180m▀[38;2;159;162;192m▀[48;2;159;162;192m▀▀▀[48;2;131;148;180m▀▀[38;2;131;148;180m▀[38;2;159;162;192m▀[38;2;131;148;180m▀[48;2;159;162;192m▀[48;2;238;255;255m▀[38;2;159;162;192m▀[38;2;238;255;255m▀[38;2;159;162;192m▀[38;2;82;90;98m▀[38;2;213;82;139;48;2;82;90;98m▀[48;2;213;82;139m▀[48;2;255;123;156m▀▀[38;2;255;123;156m▀[38;2;82;57;106;48;2;82;57;106m▀[38;2;123;90;164;48;2;131;148;180m▀[48;2;123;90;164m▀▀▀[48;2;131;148;180m▀[38;2;16;16;16;48;2;16;16;16m▀[48;2;106;115;131m▀[49m▄[0m
[0m          [38;2;16;16;16;48;2;16;16;16m▀[38;2;131;148;180;48;2;131;148;180m▀▀▀▀[38;2;16;16;16;48;2;16;16;16m▀[38;2;123;90;164;48;2;123;90;164m▀▀[38;2;238;255;255;48;2;238;255;255m▀[38;2;131;148;180;48;2;131;148;180m▀▀▀▀▀▀▀▀[48;2;238;255;255m▀[38;2;238;255;255;48;2;123;90;164m▀[38;2;123;90;164m▀▀[38;2;238;255;255m▀[48;2;238;255;255m▀▀▀[38;2;159;162;192m▀[38;2;255;123;156;48;2;82;90;98m▀[48;2;255;123;156m▀▀[38;2;106;115;131;48;2;82;90;98m▀[48;2;131;148;180m▀[38;2;131;148;180m▀▀▀[48;2;106;115;131m▀[38;2;16;16;16;48;2;16;16;16m▀[38;2;106;115;131;48;2;65;65;82m▀[48;2;106;115;131m▀[48;2;131;148;180m▀[38;2;16;16;16;48;2;16;16;16m▀[38;2;82;90;98;49m▄[0m
[0m           [38;2;16;16;16;48;2;82;90;98m▀[38;2;131;148;180m▀[48;2;131;148;180m▀[38;2;82;90;98;48;2;82;90;98m▀[38;2;172;164;115;48;2;172;164;115m▀[38;2;82;57;106;48;2;255;230;98m▀[38;2;123;90;164;48;2;82;90;98m▀[48;2;16;16;16m▀[38;2;159;162;192;48;2;238;255;255m▀[38;2;131;148;180;48;2;159;162;192m▀[48;2;131;148;180m▀▀[48;2;159;162;192m▀[48;2;238;255;255m▀[38;2;159;162;192m▀[38;2;238;255;255;48;2;123;90;164m▀[38;2;123;90;164m▀[48;2;16;16;16m▀[48;2;82;90;98m▀[38;2;82;90;98;48;2;255;230;98m▀[48;2;172;164;115m▀[38;2;238;255;255;48;2;238;255;255m▀▀▀▀[38;2;159;162;192m▀[38;2;255;123;156;48;2;131;148;180m▀[38;2;82;90;98m▀[38;2;131;148;180m▀▀▀[48;2;106;115;131m▀[38;2;106;115;131;48;2;65;65;82m▀[38;2;16;16;16m▀[0m [38;2;65;65;82;48;2;82;90;98m▀[38;2;131;148;180;48;2;65;65;82m▀[48;2;131;148;180m▀▀[38;2;16;16;16;48;2;16;16;16m▀[38;2;65;65;82;48;2;131;148;180m▀[38;2;16;16;16m▀[49m▄[0m
[0m            [38;2;16;16;16m▀[38;2;131;148;180;48;2;16;16;16m▀[38;2;82;90;98;48;2;82;90;98m▀[38;2;172;164;115;48;2;205;205;222m▀[38;2;255;230;98;48;2;172;164;115m▀[48;2;255;230;98m▀[38;2;16;16;16m▀[38;2;172;164;115;48;2;172;164;115m▀[38;2;238;255;255;48;2;238;255;255m▀[38;2;16;16;16m▀[38;2;238;255;255m▀▀▀[38;2;82;90;98m▀[48;2;172;164;115m▀[38;2;255;230;98m▀[38;2;16;16;16;48;2;255;230;98m▀[38;2;255;230;98;48;2;172;164;115m▀▀[38;2;172;164;115;48;2;238;255;255m▀[38;2;238;255;255m▀▀▀▀[48;2;131;148;180m▀[38;2;131;148;180m▀▀[48;2;106;115;131m▀▀[38;2;106;115;131m▀[48;2;16;16;16m▀[38;2;16;16;16;49m▀[0m [38;2;82;90;98;48;2;82;90;98m▀[38;2;106;115;131;48;2;106;115;131m▀[38;2;65;65;82;48;2;65;65;82m▀[38;2;131;148;180;48;2;131;148;180m▀▀[38;2;16;16;16;48;2;16;16;16m▀[38;2;131;148;180;48;2;82;90;98m▀[48;2;131;148;180m▀▀[38;2;16;16;16;48;2;65;65;82m▀[0m
[0m              [38;2;16;16;16;48;2;16;16;16m▀[38;2;131;148;180m▀[48;2;131;148;180m▀[38;2;238;255;255m▀[48;2;238;255;255m▀▀▀[48;2;16;16;16m▀▀[48;2;159;162;192m▀[48;2;238;255;255m▀▀▀▀▀[48;2;131;148;180m▀▀[38;2;131;148;180m▀▀▀[38;2;82;90;98m▀[38;2;238;255;255;48;2;82;90;98m▀[38;2;131;148;180;48;2;106;115;131m▀[38;2;106;115;131m▀▀▀[48;2;82;90;98m▀[38;2;16;16;16;48;2;205;205;222m▀[38;2;82;90;98;49m▄[0m [38;2;82;90;98;48;2;82;90;98m▀[38;2;106;115;131;48;2;106;115;131m▀[48;2;82;90;98m▀[38;2;65;65;82m▀[38;2;131;148;180;48;2;106;115;131m▀[38;2;106;115;131m▀[38;2;16;16;16;48;2;16;16;16m▀[38;2;82;90;98;49m▀[38;2;131;148;180;48;2;82;90;98m▀[48;2;131;148;180m▀▀[38;2;16;16;16;48;2;16;16;16m▀[0m
[0m [38;2;65;65;82;48;2;65;65;82m▀[49m▀▄[0m  [38;2;65;65;82m▄▀▀▄▄▄▀▀[0m [38;2;16;16;16m▀[38;2;106;115;131;48;2;16;16;16m▀[48;2;106;115;131m▀▀[38;2;238;255;255;48;2;205;205;222m▀[38;2;16;16;16m▀[38;2;205;205;222m▀▀[38;2;159;162;192m▀[38;2;16;16;16m▀[38;2;238;255;255;48;2;159;162;192m▀[48;2;205;205;222m▀[48;2;106;115;131m▀[38;2;131;148;180m▀▀▀[38;2;106;115;131m▀[38;2;65;65;82m▀[38;2;82;90;98;48;2;82;90;98m▀[38;2;106;115;131;48;2;65;65;82m▀[38;2;82;90;98m▀[38;2;106;115;131;48;2;106;115;131m▀[48;2;16;16;16m▀[38;2;82;90;98;48;2;205;205;222m▀▀[38;2;205;205;222m▀[48;2;159;162;192m▀[38;2;16;16;16;48;2;205;205;222m▀▀[38;2;106;115;131;48;2;16;16;16m▀▀[38;2;65;65;82;48;2;106;115;131m▀[38;2;106;115;131m▀[48;2;82;90;98m▀[38;2;16;16;16m▀[0m  [38;2;82;90;98;48;2;82;90;98m▀[38;2;131;148;180;48;2;131;148;180m▀[48;2;106;115;131m▀[38;2;16;16;16;48;2;65;65;82m▀[0m
[38;2;65;65;82;48;2;65;65;82m▀[0m   [38;2;65;65;82m▀▀[0m      [38;2;65;65;82m▄▄▀▀[0m [38;2;16;16;16;48;2;82;90;98m▀[48;2;159;162;192m▀[38;2;106;115;131;48;2;16;16;16m▀[38;2;205;205;222m▀[48;2;106;115;131m▀[48;2;205;205;222m▀▀▀▀▀[38;2;106;115;131m▀[48;2;106;115;131m▀▀▀[38;2;65;65;82m▀[38;2;106;115;131;48;2;16;16;16m▀[48;2;65;65;82m▀[48;2;82;90;98m▀[38;2;16;16;16m▀[48;2;159;162;192m▀[38;2;106;115;131;48;2;65;65;82m▀▀[38;2;205;205;222;48;2;106;115;131m▀[48;2;205;205;222m▀▀▀▀[48;2;238;255;255m▀[38;2;238;255;255;48;2;159;162;192m▀[38;2;16;16;16m▀[48;2;238;255;255m▀[38;2;82;90;98;48;2;16;16;16m▀[38;2;65;65;82;49m▄[38;2;82;90;98m▄[48;2;106;115;131m▀[38;2;106;115;131m▀▀[38;2;65;65;82;48;2;16;16;16m▀[0m
[38;2;65;65;82;49m▀[0m        [38;2;65;65;82m▄▀▀[0m   [38;2;82;90;98m▄[48;2;238;255;255m▀[38;2;238;255;255;48;2;205;205;222m▀[38;2;82;90;98;48;2;131;148;180m▀▀[48;2;82;90;98m▀▀[38;2;16;16;16m▀▀[38;2;82;90;98m▀▀▀[38;2;16;16;16m▀▀▀▀[38;2;82;90;98m▀▀[38;2;65;65;82m▀[38;2;16;16;16m▀[38;2;82;90;98;48;2;16;16;16m▀[38;2;159;162;192;48;2;159;162;192m▀▀▀[38;2;65;65;82;48;2;131;148;180m▀▀[48;2;106;115;131m▀[38;2;238;255;255;48;2;65;65;82m▀▀[38;2;65;65;82;48;2;238;255;255m▀▀[38;2;238;255;255;48;2;65;65;82m▀[48;2;238;255;255m▀▀[38;2;16;16;16;48;2;131;148;180m▀[38;2;65;65;82m▀[38;2;106;115;131;48;2;82;90;98m▀[48;2;65;65;82m▀[38;2;16;16;16;49m▀[0m
[0m     [38;2;65;65;82;48;2;65;65;82m▀[49m▀▄▄▀[0m   [38;2;82;90;98m▄[48;2;205;205;222m▀[38;2;238;255;255;48;2;238;255;255m▀▀[38;2;131;148;180;48;2;131;148;180m▀▀▀▀▀[38;2;82;90;98m▀▀▀▀[48;2;82;90;98m▀▀▀▀▀▀▀[48;2;131;148;180m▀▀[38;2;159;162;192;48;2;238;255;255m▀[38;2;16;16;16m▀[38;2;159;162;192;48;2;65;65;82m▀[38;2;238;255;255;48;2;238;255;255m▀[38;2;131;148;180m▀[48;2;131;148;180m▀▀[38;2;106;115;131m▀[38;2;238;255;255;48;2;106;115;131m▀[48;2;238;255;255m▀▀[38;2;65;65;82;48;2;65;65;82m▀[38;2;238;255;255m▀[38;2;65;65;82;48;2;238;255;255m▀[48;2;131;148;180m▀[38;2;131;148;180;48;2;65;65;82m▀[48;2;131;148;180m▀[38;2;82;90;98m▀[49m▄[0m
[0m [38;2;65;65;82m▀▄[0m [38;2;65;65;82m▄▀[0m      [38;2;82;90;98m▄[48;2;238;255;255m▀[38;2;238;255;255m▀[38;2;205;205;222;48;2;159;162;192m▀[38;2;238;255;255;48;2;238;255;255m▀▀▀[48;2;205;205;222m▀[48;2;131;148;180m▀▀[38;2;205;205;222m▀[38;2;131;148;180m▀▀▀▀▀▀▀▀▀▀▀[38;2;205;205;222;48;2;238;255;255m▀[38;2;238;255;255m▀▀▀[38;2;65;65;82;48;2;16;16;16m▀[38;2;238;255;255;48;2;238;255;255m▀[38;2;131;148;180;48;2;131;148;180m▀▀▀▀[38;2;106;115;131;48;2;106;115;131m▀[38;2;238;255;255;48;2;238;255;255m▀▀▀▀[48;2;205;205;222m▀[38;2;65;65;82;48;2;65;65;82m▀[38;2;131;148;180;48;2;131;148;180m▀▀▀[38;2;16;16;16;48;2;106;115;131m▀[49m▄[0m
[0m   [38;2;65;65;82m▀▀[0m      [38;2;82;90;98m▄[48;2;131;148;180m▀[38;2;238;255;255;48;2;238;255;255m▀[38;2;205;205;222;48;2;159;162;192m▀[48;2;238;255;255m▀[38;2;238;255;255m▀▀[38;2;131;148;180m▀[48;2;131;148;180m▀▀▀▀▀▀▀[38;2;205;205;222m▀[38;2;238;255;255m▀[48;2;238;255;255m▀▀[38;2;205;205;222m▀[38;2;131;148;180m▀▀[38;2;238;255;255m▀▀▀▀▀[38;2;16;16;16m▀[38;2;238;255;255;48;2;16;16;16m▀[38;2;131;148;180m▀[38;2;16;16;16;48;2;131;148;180m▀▀[38;2;131;148;180;48;2;65;65;82m▀[48;2;131;148;180m▀[38;2;106;115;131;48;2;106;115;131m▀[38;2;238;255;255;48;2;205;205;222m▀▀[38;2;205;205;222m▀[38;2;106;115;131m▀[38;2;131;148;180;48;2;106;115;131m▀[48;2;131;148;180m▀▀▀▀[38;2;16;16;16;48;2;106;115;131m▀[49m▄[0m
[0m           [38;2;82;90;98;48;2;82;90;98m▀[38;2;131;148;180;48;2;131;148;180m▀[38;2;238;255;255;48;2;238;255;255m▀[38;2;159;162;192;48;2;159;162;192m▀[38;2;238;255;255;48;2;238;255;255m▀▀▀▀▀[38;2;131;148;180m▀▀[48;2;205;205;222m▀[48;2;131;148;180m▀▀▀▀▀[48;2;238;255;255m▀[38;2;205;205;222m▀[38;2;238;255;255m▀▀▀▀▀▀▀▀▀[38;2;131;148;180;48;2;131;148;180m▀▀▀▀[38;2;16;16;16m▀[38;2;131;148;180;48;2;16;16;16m▀▀[38;2;65;65;82;48;2;65;65;82m▀[38;2;16;16;16;48;2;205;205;222m▀[38;2;205;205;222m▀▀▀[38;2;106;115;131;48;2;106;115;131m▀[38;2;131;148;180;48;2;131;148;180m▀[48;2;106;115;131m▀[38;2;106;115;131;48;2;131;148;180m▀[38;2;131;148;180;48;2;106;115;131m▀[38;2;16;16;16m▀[49m▄[0m
[0m          [38;2;82;90;98;48;2;82;90;98m▀[38;2;131;148;180;48;2;131;148;180m▀▀▀[38;2;205;205;222;48;2;238;255;255m▀[48;2;159;162;192m▀[38;2;238;255;255;48;2;238;255;255m▀▀▀▀▀▀▀▀▀▀▀▀▀▀▀▀▀▀▀▀▀▀[38;2;205;205;222;48;2;131;148;180m▀[38;2;131;148;180m▀▀▀▀▀[48;2;238;255;255m▀[38;2;238;255;255m▀[38;2;106;115;131m▀[38;2;159;162;192;48;2;106;115;131m▀[38;2;205;205;222;48;2;159;162;192m▀[48;2;82;90;98m▀[38;2;16;16;16m▀[38;2;131;148;180;48;2;131;148;180m▀▀[48;2;106;115;131m▀[38;2;106;115;131m▀[38;2;131;148;180m▀[38;2;106;115;131m▀[38;2;16;16;16m▀[49m▄[0m
[0m          [38;2;82;90;98;48;2;82;90;98m▀[38;2;238;255;255;48;2;238;255;255m▀[38;2;131;148;180;48;2;131;148;180m▀▀▀[38;2;159;162;192m▀[38;2;238;255;255;48;2;159;162;192m▀[48;2;238;255;255m▀▀▀▀▀▀▀▀▀▀▀▀▀▀▀[38;2;159;162;192;48;2;159;162;192m▀[38;2;238;255;255;48;2;238;255;255m▀▀▀[48;2;131;148;180m▀[38;2;131;148;180m▀▀▀▀▀[48;2;238;255;255m▀[38;2;238;255;255m▀▀[48;2;205;205;222m▀[48;2;131;148;180m▀[38;2;106;115;131;48;2;106;115;131m▀[38;2;205;205;222;48;2;16;16;16m▀[38;2;16;16;16;48;2;106;115;131m▀[38;2;106;115;131m▀▀▀▀▀▀▀▀[38;2;16;16;16;48;2;16;16;16m▀[0m
[0m          [38;2;82;90;98;48;2;82;90;98m▀[38;2;238;255;255;48;2;205;205;222m▀[48;2;238;255;255m▀[38;2;131;148;180m▀[48;2;131;148;180m▀▀[38;2;16;16;16m▀[38;2;238;255;255;48;2;16;16;16m▀[48;2;238;255;255m▀▀▀▀▀▀▀▀▀▀▀▀▀[48;2;205;205;222m▀[38;2;82;90;98;48;2;82;90;98m▀[38;2;238;255;255;48;2;131;148;180m▀[38;2;205;205;222m▀[38;2;131;148;180m▀▀▀▀▀▀[38;2;238;255;255m▀[38;2;205;205;222m▀[38;2;131;148;180m▀▀▀[48;2;106;115;131m▀[38;2;16;16;16;48;2;16;16;16m▀[38;2;106;115;131;48;2;106;115;131m▀▀▀▀▀▀▀▀▀▀[38;2;16;16;16;48;2;16;16;16m▀[0m
[0m           [38;2;16;16;16;48;2;16;16;16m▀[38;2;131;148;180;48;2;131;148;180m▀[38;2;205;205;222m▀[38;2;238;255;255m▀[38;2;131;148;180m▀▀▀[38;2;106;115;131m▀[38;2;159;162;192;48;2;16;16;16m▀[38;2;238;255;255;48;2;106;115;131m▀[48;2;205;205;222m▀▀▀▀▀▀▀[38;2;205;205;222m▀▀▀▀[38;2;106;115;131m▀[48;2;82;90;98m▀[38;2;131;148;180;48;2;131;148;180m▀▀▀▀▀▀▀▀▀▀[48;2;106;115;131m▀▀[38;2;16;16;16;48;2;16;16;16m▀[0m [38;2;65;65;82;48;2;82;90;98m▀[38;2;106;115;131m▀[48;2;106;115;131m▀▀▀▀▀▀▀[48;2;82;90;98m▀[38;2;16;16;16;48;2;16;16;16m▀[0m
[0m            [38;2;16;16;16;48;2;16;16;16m▀[38;2;106;115;131;48;2;106;115;131m▀[38;2;131;148;180m▀▀▀[38;2;106;115;131;48;2;159;162;192m▀▀▀[38;2;16;16;16m▀[48;2;16;16;16m▀[49m▀[38;2;205;205;222;48;2;16;16;16m▀▀[48;2;65;65;82m▀[48;2;205;205;222m▀▀▀▀▀[48;2;65;65;82m▀▀[38;2;16;16;16;48;2;16;16;16m▀[38;2;106;115;131;48;2;82;90;98m▀[48;2;106;115;131m▀▀[38;2;131;148;180m▀▀▀▀[38;2;106;115;131m▀▀▀▀[48;2;16;16;16m▀[38;2;16;16;16;49m▀[0m  [38;2;65;65;82m▀[38;2;106;115;131;48;2;65;65;82m▀[48;2;106;115;131m▀▀▀▀▀[48;2;82;90;98m▀[38;2;16;16;16;48;2;16;16;16m▀[0m
[0m             [38;2;16;16;16m▀[38;2;106;115;131;48;2;16;16;16m▀[48;2;106;115;131m▀▀▀▀[38;2;159;162;192m▀[38;2;16;16;16;48;2;16;16;16m▀[49m▀[0m   [38;2;65;65;82m▀[38;2;16;16;16m▀[48;2;65;65;82m▀[48;2;106;115;131m▀▀[38;2;65;65;82m▀[38;2;106;115;131m▀▀▀[38;2;16;16;16;48;2;65;65;82m▀[38;2;82;90;98;48;2;16;16;16m▀[38;2;106;115;131;48;2;159;162;192m▀▀[38;2;159;162;192m▀[48;2;106;115;131m▀[38;2;106;115;131m▀▀▀▀[48;2;16;16;16m▀[38;2;16;16;16;49m▀[0m     [38;2;16;16;16m▀[38;2;65;65;82;48;2;16;16;16m▀[38;2;106;115;131m▀[48;2;159;162;192m▀▀[38;2;16;16;16m▀[49m▄[0m
[0m            [38;2;16;16;16m▄[38;2;159;162;192;48;2;238;255;255m▀[38;2;238;255;255m▀▀▀[38;2;106;115;131m▀▀[38;2;16;16;16;48;2;16;16;16m▀[49m▀[0m       [38;2;65;65;82m▀[38;2;159;162;192;48;2;16;16;16m▀[38;2;106;115;131m▀[38;2;159;162;192m▀[38;2;106;115;131m▀[38;2;65;65;82;49m▀[0m  [38;2;16;16;16m▀[38;2;159;162;192;48;2;16;16;16m▀[38;2;106;115;131;48;2;82;90;98m▀[48;2;106;115;131m▀▀▀[48;2;16;16;16m▀[38;2;82;90;98m▀[38;2;16;16;16;49m▀[0m       [38;2;16;16;16m▀[38;2;159;162;192;48;2;16;16;16m▀[48;2;159;162;192m▀[48;2;106;115;131m▀[48;2;159;162;192m▀[48;2;106;115;131m▀[38;2;16;16;16;48;2;16;16;16m▀[0m
[0m            [38;2;16;16;16m▀[48;2;16;16;16m▀[38;2;238;255;255m▀[38;2;159;162;192m▀[38;2;238;255;255m▀[38;2;16;16;16;49m▀▀[0m                   [38;2;82;90;98;48;2;16;16;16m▀[38;2;16;16;16;48;2;238;255;255m▀[38;2;238;255;255m▀▀[38;2;131;148;180m▀[38;2;16;16;16m▀[49m▄[0m         [38;2;16;16;16m▀▀▀▀[0m
[0m                                      [38;2;16;16;16m▀[48;2;16;16;16m▀[38;2;238;255;255m▀[38;2;159;162;192m▀[38;2;238;255;255m▀[38;2;159;162;192m▀[38;2;16;16;16;49m▀[0m
