[0m                                 [38;2;16;16;16m▄▄▄▄▄[0m                [38;2;74;57;90;48;2;16;16;16m▀[48;2;106;82;139m▀[49m▄▄[0m
[0m                                 [38;2;16;16;16m▀[38;2;106;82;139;48;2;16;16;16m▀[48;2;106;82;139m▀▀▀[38;2;49;41;65m▀[38;2;16;16;16m▀▀▀▀▀[38;2;74;57;90;49m▄[38;2;16;16;16m▄▄[0m        [38;2;16;16;16;48;2;16;16;16m▀[38;2;106;82;139;48;2;106;82;139m▀▀[38;2;74;57;90m▀[49m▄[0m
[0m                                   [38;2;16;16;16m▀[48;2;49;41;65m▀[38;2;106;82;139;48;2;16;16;16m▀▀[48;2;106;82;139m▀▀▀▀▀▀▀▀[38;2;74;57;90m▀[38;2;16;16;16m▀▀[38;2;74;57;90;49m▄[38;2;16;16;16m▄[0m    [38;2;16;16;16;48;2;16;16;16m▀[38;2;106;82;139;48;2;106;82;139m▀▀▀[38;2;16;16;16;48;2;74;57;90m▀[38;2;49;41;65;49m▄[0m [38;2;16;16;16m▄▄[0m
[0m                            [38;2;49;41;65m▄▄▄[48;2;49;41;65m▀[48;2;106;82;139m▀▀▀▀[38;2;74;57;90m▀[38;2;106;82;139m▀▀[38;2;16;16;16m▀▀[38;2;74;57;90m▀[38;2;106;82;139;48;2;16;16;16m▀[48;2;74;57;90m▀[48;2;106;82;139m▀▀▀▀▀▀▀▀[38;2;74;57;90m▀[38;2;16;16;16m▀[38;2;74;57;90;49m▄[38;2;16;16;16m▄[0m [38;2;16;16;16;48;2;16;16;16m▀[38;2;106;82;139;48;2;106;82;139m▀▀▀[38;2;16;16;16m▀[49m▄[48;2;16;16;16m▀[38;2;106;82;139;48;2;106;82;139m▀[38;2;16;16;16m▀[49m▄[0m
[0m                        [38;2;49;41;65m▄▄[48;2;106;82;139m▀▀[38;2;106;82;139;48;2;74;57;90m▀▀▀▀▀[48;2;106;82;139m▀▀▀▀▀▀▀▀▀▀▀[38;2;74;57;90m▀[38;2;106;82;139m▀▀▀▀▀▀▀▀▀▀▀[38;2;16;16;16m▀[49m▄[48;2;16;16;16m▀[38;2;106;82;139;48;2;106;82;139m▀▀▀[38;2;74;57;90m▀[38;2;16;16;16;48;2;16;16;16m▀[38;2;106;82;139;48;2;106;82;139m▀▀[38;2;16;16;16m▀[49m▄[0m
[0m                     [38;2;49;41;65m▄[48;2;74;57;90m▀[48;2;106;82;139m▀[38;2;74;57;90m▀▀▀▀[38;2;106;82;139m▀▀▀▀▀▀▀▀▀▀▀▀▀▀▀▀▀▀▀▀▀▀▀▀▀▀▀▀▀▀[38;2;16;16;16m▀[38;2;74;57;90;48;2;74;57;90m▀[38;2;106;82;139;48;2;106;82;139m▀▀▀[38;2;74;57;90m▀[38;2;16;16;16;48;2;16;16;16m▀[38;2;106;82;139;48;2;106;82;139m▀▀[38;2;16;16;16m▀[49m▄[0m
[0m                    [38;2;49;41;65;48;2;16;16;16m▀[38;2;106;82;139m▀▀▀▀[48;2;74;57;90m▀[48;2;106;82;139m▀▀▀[48;2;49;41;65m▀▀▀[48;2;74;57;90m▀[48;2;106;82;139m▀▀▀▀▀▀▀▀▀▀▀▀▀▀▀▀▀▀▀[48;2;180;156;123m▀[48;2;238;222;172m▀▀[48;2;106;82;139m▀▀▀▀▀[38;2;74;57;90;48;2;74;57;90m▀[38;2;106;82;139;48;2;106;82;139m▀▀▀[38;2;16;16;16;48;2;74;57;90m▀[38;2;106;82;139;48;2;106;82;139m▀▀▀[38;2;16;16;16m▀[49m▄[0m
[0m                        [38;2;49;41;65m▄[38;2;74;57;90;48;2;49;41;65m▀[38;2;49;41;65;48;2;106;82;139m▀▀▀[38;2;106;82;139m▀▀▀▀▀▀▀▀▀▀▀▀▀▀▀[38;2;180;156;123m▀[38;2;238;222;172m▀[48;2;180;156;123m▀[48;2;238;222;172m▀[38;2;180;156;123m▀[38;2;106;82;139m▀▀▀[48;2;180;156;123m▀[48;2;106;82;139m▀[38;2;238;222;172m▀[48;2;238;222;172m▀▀[38;2;106;82;139m▀[48;2;106;82;139m▀▀▀[48;2;74;57;90m▀[48;2;106;82;139m▀▀▀[38;2;16;16;16;48;2;16;16;16m▀[38;2;106;82;139;48;2;106;82;139m▀▀▀[38;2;16;16;16;48;2;16;16;16m▀[0m
[0m                     [38;2;49;41;65m▄[48;2;106;82;139m▀▀[38;2;106;82;139m▀▀▀▀▀▀▀▀▀▀▀▀▀▀▀▀▀▀[48;2;180;156;123m▀[48;2;238;222;172m▀▀▀▀▀[38;2;180;156;123m▀[38;2;238;222;172m▀▀▀▀▀▀[38;2;180;156;123m▀[38;2;238;222;172m▀▀▀[38;2;106;82;139m▀[48;2;106;82;139m▀▀▀▀▀[38;2;74;57;90;48;2;74;57;90m▀[38;2;106;82;139;48;2;106;82;139m▀▀▀[38;2;74;57;90;48;2;74;57;90m▀[38;2;16;16;16;48;2;16;16;16m▀[0m
[0m                  [38;2;49;41;65m▄[48;2;106;82;139m▀[38;2;74;57;90m▀[38;2;106;82;139m▀▀[48;2;238;222;172m▀▀▀[48;2;106;82;139m▀▀▀▀▀▀▀▀▀▀[48;2;180;156;123m▀[48;2;238;222;172m▀▀[38;2;180;156;123m▀[38;2;238;222;172m▀▀▀▀▀[48;2;16;16;16m▀▀▀▀▀▀[48;2;180;156;123m▀[48;2;238;222;172m▀▀▀▀▀▀▀▀▀[38;2;106;82;139;48;2;106;82;139m▀▀▀▀[48;2;74;57;90m▀[48;2;106;82;139m▀▀[38;2;74;57;90;48;2;74;57;90m▀▀[38;2;16;16;16;48;2;16;16;16m▀[0m
[0m                [38;2;49;41;65m▄[48;2;238;222;172m▀[38;2;106;82;139m▀▀[38;2;238;222;172m▀▀▀[48;2;180;156;123m▀[48;2;106;82;139m▀[38;2;106;82;139m▀▀▀[48;2;180;156;123m▀[48;2;106;82;139m▀▀▀[48;2;180;156;123m▀[48;2;238;222;172m▀[38;2;180;156;123m▀[38;2;238;222;172m▀▀▀[48;2;16;16;16m▀▀[48;2;74;57;90m▀[38;2;16;16;16m▀▀▀[38;2;74;57;90m▀▀▀[48;2;16;16;16m▀[48;2;238;222;172m▀[38;2;180;156;123m▀[38;2;238;222;172m▀▀▀[48;2;180;156;123m▀▀[48;2;238;222;172m▀▀▀▀▀▀▀[38;2;106;82;139;48;2;106;82;139m▀▀▀▀[48;2;74;57;90m▀[38;2;74;57;90m▀▀▀[38;2;16;16;16;48;2;16;16;16m▀[0m
[0m             [38;2;98;90;65m▄▄[38;2;49;41;65;48;2;238;222;172m▀[38;2;238;222;172m▀▀▀▀▀[48;2;106;82;139m▀[38;2;106;82;139m▀▀[48;2;238;222;172m▀▀[38;2;238;222;172m▀[48;2;180;156;123m▀[38;2;106;82;139;48;2;238;222;172m▀▀[38;2;238;222;172m▀▀▀▀[48;2;16;16;16m▀[48;2;74;57;90m▀[38;2;16;16;16m▀[38;2;74;57;90m▀▀▀▀▀▀▀▀[48;2;106;82;139m▀▀▀[38;2;16;16;16m▀▀[48;2;74;57;90m▀[48;2;238;222;172m▀[38;2;180;156;123m▀[38;2;238;222;172m▀▀▀▀▀▀▀[48;2;180;156;123m▀[48;2;238;222;172m▀[48;2;180;156;123m▀[38;2;106;82;139;48;2;106;82;139m▀[48;2;74;57;90m▀[38;2;74;57;90m▀▀▀▀[48;2;16;16;16m▀[38;2;16;16;16;49m▀[0m [38;2;16;16;16m▄▄[0m
[0m          [38;2;98;90;65m▄▄[48;2;238;222;172m▀[38;2;180;156;123m▀[38;2;238;222;172m▀▀▀▀▀[48;2;180;156;123m▀[38;2;106;82;139;48;2;238;222;172m▀▀[38;2;238;222;172m▀▀▀[48;2;49;41;65m▀▀[48;2;238;222;172m▀[48;2;180;156;123m▀▀[38;2;180;156;123m▀[48;2;16;16;16m▀[38;2;16;16;16;48;2;74;57;90m▀[38;2;74;57;90m▀▀▀[48;2;106;82;139m▀[48;2;74;57;90m▀▀[48;2;106;82;139m▀▀▀[38;2;106;82;139m▀▀▀▀▀▀▀▀▀[38;2;16;16;16m▀▀▀▀[38;2;238;222;172;48;2;74;57;90m▀[48;2;16;16;16m▀▀[48;2;180;156;123m▀[38;2;180;156;123;48;2;238;222;172m▀[38;2;238;222;172;48;2;180;156;123m▀[38;2;180;156;123;48;2;238;222;172m▀[38;2;238;222;172;48;2;180;156;123m▀[38;2;180;156;123m▀[38;2;74;57;90;48;2;74;57;90m▀▀[38;2;180;156;123;48;2;180;156;123m▀[38;2;74;57;90;48;2;74;57;90m▀▀[38;2;16;16;16;48;2;16;16;16m▀[49m▄[48;2;74;57;90m▀[38;2;74;57;90m▀[38;2;16;16;16;48;2;16;16;16m▀[0m
[0m     [38;2;98;90;65m▄▄▄[48;2;238;222;172m▀▀[38;2;238;222;172m▀▀▀▀▀[48;2;180;156;123m▀[48;2;238;222;172m▀▀▀▀▀▀▀▀[38;2;74;57;90;48;2;49;41;65m▀[48;2;106;82;139m▀[38;2;106;82;139;48;2;74;57;90m▀[38;2;16;16;16;48;2;16;16;16m▀[38;2;180;156;123;48;2;49;41;65m▀[38;2;16;16;16;48;2;74;57;90m▀[38;2;74;57;90m▀▀[48;2;106;82;139m▀[38;2;106;82;139;48;2;74;57;90m▀[38;2;74;57;90;48;2;106;82;139m▀[38;2;106;82;139;48;2;74;57;90m▀[38;2;74;57;90;48;2;106;82;139m▀[38;2;106;82;139;48;2;74;57;90m▀[48;2;106;82;139m▀▀▀▀▀▀▀▀▀▀▀▀▀▀▀▀▀▀▀▀[38;2;74;57;90m▀[38;2;16;16;16m▀[38;2;180;156;123;48;2;74;57;90m▀[48;2;180;156;123m▀▀▀[38;2;74;57;90;48;2;74;57;90m▀[38;2;180;156;123;48;2;180;156;123m▀▀[38;2;74;57;90;48;2;74;57;90m▀[38;2;16;16;16;48;2;16;16;16m▀[48;2;74;57;90m▀[38;2;74;57;90m▀▀[38;2;49;41;65;48;2;16;16;16m▀[38;2;16;16;16;49m▀[0m
[38;2;98;90;65;48;2;98;90;65m▀[48;2;180;156;123m▀▀[48;2;238;222;172m▀▀[38;2;238;222;172m▀▀▀▀▀[48;2;180;156;123m▀▀▀[38;2;180;156;123;48;2;238;222;172m▀▀[38;2;238;222;172m▀▀▀▀▀▀[48;2;180;156;123m▀[38;2;180;156;123m▀[48;2;49;41;65m▀[38;2;49;41;65;48;2;106;82;139m▀[38;2;74;57;90;48;2;74;57;90m▀[38;2;144;78;49;48;2;246;139;74m▀[38;2;16;16;16;48;2;74;57;90m▀[38;2;74;57;90;48;2;16;16;16m▀[48;2;74;57;90m▀▀[48;2;49;41;65m▀▀[38;2;106;82;139m▀[38;2;74;57;90;48;2;106;82;139m▀[38;2;106;82;139m▀[38;2;74;57;90m▀[38;2;106;82;139m▀▀▀▀▀▀▀▀▀▀▀▀▀▀▀▀▀▀▀▀▀▀▀▀[38;2;16;16;16m▀[38;2;180;156;123;48;2;16;16;16m▀[48;2;180;156;123m▀▀▀▀[38;2;74;57;90;48;2;74;57;90m▀▀▀▀[48;2;49;41;65m▀[38;2;16;16;16;49m▀[0m
[0m [38;2;16;16;16m▀[38;2;238;222;172;48;2;16;16;16m▀[38;2;180;156;123;48;2;238;222;172m▀▀▀▀▀▀▀[38;2;238;222;172m▀▀▀▀▀▀[48;2;98;90;65m▀▀[48;2;180;156;123m▀[38;2;98;90;65m▀[38;2;180;156;123m▀[48;2;98;90;65m▀[48;2;144;78;49m▀[38;2;49;41;65m▀[38;2;106;82;139;48;2;106;82;139m▀[38;2;144;78;49m▀[38;2;246;139;74;48;2;74;57;90m▀[38;2;106;82;139;48;2;106;82;139m▀[38;2;16;16;16;48;2;74;57;90m▀[38;2;49;41;65;48;2;106;82;139m▀▀[38;2;106;82;139;48;2;49;41;65m▀▀[38;2;49;41;65m▀[38;2;106;82;139;48;2;106;82;139m▀▀▀▀▀▀▀▀▀▀▀▀▀▀▀▀▀▀▀▀▀▀▀▀▀▀▀▀[38;2;74;57;90m▀[38;2;180;156;123;48;2;49;41;65m▀[48;2;180;156;123m▀▀[48;2;106;82;139m▀[38;2;74;57;90;48;2;74;57;90m▀▀▀[48;2;16;16;16m▀[38;2;16;16;16;49m▀[0m
[0m   [38;2;16;16;16m▀[38;2;98;90;65m▀[38;2;238;222;172;48;2;16;16;16m▀[48;2;98;90;65m▀▀▀▀▀▀▀[38;2;98;90;65;48;2;180;156;123m▀▀▀[38;2;180;156;123m▀[48;2;98;90;65m▀▀▀[38;2;98;90;65;48;2;180;180;213m▀[38;2;180;180;213m▀[38;2;144;78;49;48;2;246;139;74m▀[48;2;144;78;49m▀[38;2;106;82;139;48;2;106;82;139m▀▀▀[48;2;74;57;90m▀[48;2;49;41;65m▀[38;2;49;41;65;48;2;106;82;139m▀▀▀[38;2;106;82;139;48;2;49;41;65m▀[38;2;49;41;65;48;2;106;82;139m▀[38;2;106;82;139m▀▀▀▀▀▀▀▀▀▀▀▀▀[48;2;238;222;172m▀[48;2;106;82;139m▀▀▀[48;2;238;222;172m▀[48;2;74;57;90m▀[38;2;74;57;90;48;2;106;82;139m▀[38;2;106;82;139m▀▀▀▀▀▀▀▀▀[38;2;49;41;65;48;2;49;41;65m▀[38;2;180;156;123;48;2;180;156;123m▀▀[38;2;74;57;90;48;2;74;57;90m▀[48;2;180;156;123m▀▀[38;2;180;156;123;48;2;16;16;16m▀[38;2;16;16;16;49m▀[0m
[0m       [38;2;16;16;16m▀▀[38;2;180;156;123;48;2;16;16;16m▀▀▀▀▀[48;2;144;78;49m▀[38;2;16;16;16;48;2;246;139;74m▀[48;2;144;78;49m▀[48;2;180;156;123m▀[38;2;180;180;213m▀[38;2;16;16;16;48;2;255;255;255m▀[38;2;255;255;255;48;2;246;139;74m▀[38;2;246;139;74m▀[48;2;144;78;49m▀[38;2;144;78;49;48;2;106;82;139m▀[38;2;106;82;139m▀▀▀▀[48;2;74;57;90m▀▀[38;2;49;41;65;48;2;106;82;139m▀[48;2;49;41;65m▀[38;2;106;82;139;48;2;106;82;139m▀▀▀▀▀▀▀▀▀▀▀[48;2;74;57;90m▀[48;2;106;82;139m▀▀[48;2;180;156;123m▀[38;2;238;222;172;48;2;238;222;172m▀▀[38;2;180;156;123m▀[38;2;238;222;172m▀[38;2;49;41;65;48;2;49;41;65m▀[38;2;106;82;139;48;2;106;82;139m▀▀▀▀▀▀▀▀▀▀▀[38;2;49;41;65;48;2;49;41;65m▀[38;2;180;156;123;48;2;180;156;123m▀[38;2;106;82;139m▀[38;2;180;156;123;48;2;98;90;65m▀▀[38;2;16;16;16;49m▀[0m
[0m          [38;2;98;90;65;48;2;98;90;65m▀[38;2;180;156;123;48;2;238;222;172m▀[38;2;238;222;172m▀[38;2;144;78;49;48;2;144;78;49m▀[38;2;246;139;74;48;2;246;139;74m▀[38;2;144;78;49;48;2;144;78;49m▀[38;2;238;222;172;48;2;238;222;172m▀▀▀▀▀[38;2;98;90;65;48;2;180;156;123m▀[38;2;16;16;16;48;2;16;16;16m▀[38;2;106;82;139;48;2;106;82;139m▀▀▀[38;2;74;57;90m▀[48;2;49;41;65m▀[38;2;106;82;139m▀[38;2;49;41;65;48;2;74;57;90m▀[48;2;106;82;139m▀[38;2;106;82;139m▀▀▀▀▀▀▀▀▀▀▀▀[38;2;74;57;90m▀[38;2;238;222;172;48;2;16;16;16m▀[38;2;106;82;139;48;2;238;222;172m▀[38;2;238;222;172m▀▀▀[48;2;180;156;123m▀[38;2;49;41;65;48;2;16;16;16m▀[38;2;106;82;139;48;2;106;82;139m▀▀▀▀▀▀▀▀▀▀▀[38;2;16;16;16;48;2;16;16;16m▀[38;2;180;156;123;48;2;98;90;65m▀▀[38;2;98;90;65;49m▀▀[0m
[0m           [38;2;16;16;16m▀[38;2;238;222;172;48;2;16;16;16m▀[38;2;180;156;123m▀[38;2;144;78;49;48;2;74;57;90m▀[38;2;16;16;16;48;2;49;41;65m▀[38;2;180;156;123;48;2;16;16;16m▀[38;2;238;222;172m▀[48;2;180;156;123m▀[38;2;180;156;123m▀▀[48;2;16;16;16m▀[38;2;16;16;16;48;2;255;255;255m▀[38;2;106;82;139;48;2;74;57;90m▀[48;2;49;41;65m▀[38;2;74;57;90;48;2;74;57;90m▀▀▀▀▀▀▀[38;2;106;82;139m▀[38;2;49;41;65m▀[38;2;106;82;139;48;2;16;16;16m▀[48;2;106;82;139m▀▀▀▀▀▀▀▀▀[38;2;16;16;16;48;2;74;57;90m▀[38;2;238;222;172;48;2;16;16;16m▀[48;2;180;156;123m▀[38;2;180;156;123m▀▀▀[38;2;16;16;16m▀[38;2;106;82;139;48;2;16;16;16m▀[48;2;106;82;139m▀▀▀[38;2;180;156;123;48;2;180;156;123m▀[38;2;106;82;139;48;2;238;222;172m▀[48;2;106;82;139m▀▀▀[38;2;238;222;172;48;2;238;222;172m▀[38;2;106;82;139;48;2;180;156;123m▀[38;2;16;16;16;48;2;16;16;16m▀[0m
[0m             [38;2;16;16;16m▀[38;2;74;57;90;48;2;16;16;16m▀▀[38;2;49;41;65m▀[38;2;74;57;90;48;2;49;41;65m▀[38;2;16;16;16;48;2;74;57;90m▀▀▀[38;2;74;57;90;48;2;16;16;16m▀▀[38;2;16;16;16;48;2;74;57;90m▀▀▀▀[38;2;49;41;65;48;2;49;41;65m▀[38;2;74;57;90;48;2;16;16;16m▀▀▀[48;2;74;57;90m▀▀▀[38;2;16;16;16m▀[38;2;74;57;90;48;2;16;16;16m▀[38;2;106;82;139;48;2;74;57;90m▀[48;2;106;82;139m▀▀▀▀[38;2;238;222;172;48;2;238;222;172m▀[38;2;106;82;139m▀[48;2;106;82;139m▀▀[38;2;16;16;16;48;2;180;156;123m▀[38;2;180;156;123;48;2;16;16;16m▀[48;2;49;41;65m▀[48;2;98;90;65m▀[38;2;98;90;65;48;2;49;41;65m▀[38;2;49;41;65;49m▀[38;2;16;16;16m▀[38;2;180;156;123;48;2;16;16;16m▀[38;2;106;82;139;48;2;238;222;172m▀▀[48;2;106;82;139m▀[38;2;238;222;172;48;2;238;222;172m▀▀▀[38;2;106;82;139m▀[38;2;238;222;172m▀[48;2;180;156;123m▀[38;2;16;16;16;48;2;16;16;16m▀[0m
[0m                 [38;2;16;16;16m▀▀▀▀[38;2;49;41;65;48;2;49;41;65m▀[38;2;74;57;90;48;2;180;156;123m▀[48;2;74;57;90m▀▀▀[48;2;180;156;123m▀[48;2;74;57;90m▀[48;2;16;16;16m▀[38;2;16;16;16;49m▀[0m [38;2;49;41;65m▀▀▀[38;2;74;57;90;48;2;49;41;65m▀▀▀[38;2;16;16;16m▀[38;2;180;156;123;48;2;16;16;16m▀[38;2;106;82;139;48;2;238;222;172m▀▀[38;2;238;222;172m▀▀▀[38;2;106;82;139m▀[38;2;238;222;172m▀[38;2;16;16;16;48;2;180;156;123m▀[38;2;98;90;65;48;2;16;16;16m▀[48;2;98;90;65m▀[38;2;49;41;65;48;2;49;41;65m▀[0m   [38;2;16;16;16m▀[38;2;180;156;123;48;2;16;16;16m▀[38;2;238;222;172m▀[48;2;180;156;123m▀▀[38;2;180;156;123m▀▀▀▀[38;2;98;90;65m▀[38;2;16;16;16;49m▄[0m
[0m                    [38;2;98;90;65;48;2;98;90;65m▀[38;2;49;41;65;48;2;238;222;172m▀[38;2;180;156;123m▀[38;2;74;57;90;48;2;180;156;123m▀[38;2;106;82;139m▀[38;2;180;156;123m▀▀[38;2;16;16;16;48;2;16;16;16m▀[0m           [38;2;16;16;16;48;2;98;90;65m▀[38;2;180;156;123;48;2;180;156;123m▀[38;2;238;222;172m▀▀▀[38;2;180;156;123m▀▀[48;2;16;16;16m▀[38;2;16;16;16;48;2;98;90;65m▀[38;2;49;41;65;48;2;49;41;65m▀[0m       [38;2;16;16;16m▀[48;2;98;90;65m▀[38;2;98;90;65;48;2;180;156;123m▀[38;2;180;156;123m▀▀▀▀[38;2;16;16;16;48;2;16;16;16m▀[0m
[0m                  [38;2;16;16;16m▄[38;2;106;82;139;48;2;106;82;139m▀[38;2;238;222;172m▀[48;2;238;222;172m▀▀▀▀[48;2;180;156;123m▀[38;2;16;16;16;48;2;16;16;16m▀[0m           [38;2;98;90;65m▄[48;2;180;156;123m▀[38;2;180;156;123m▀▀▀▀▀[38;2;98;90;65;48;2;16;16;16m▀[38;2;16;16;16;49m▀[38;2;49;41;65m▀[0m        [38;2;98;90;65m▄[48;2;238;222;172m▀[38;2;238;222;172m▀[38;2;180;156;123m▀▀[48;2;180;156;123m▀[38;2;98;90;65;48;2;16;16;16m▀[0m
[0m                 [38;2;16;16;16;48;2;16;16;16m▀[38;2;106;82;139;48;2;180;180;213m▀[38;2;180;180;213;48;2;16;16;16m▀[38;2;16;16;16;48;2;255;255;255m▀▀[38;2;98;90;65;48;2;16;16;16m▀[38;2;238;222;172m▀[38;2;16;16;16;49m▀▀[0m           [38;2;98;90;65m▄[48;2;238;222;172m▀[38;2;180;156;123m▀▀[48;2;180;156;123m▀▀▀[38;2;98;90;65;48;2;16;16;16m▀[0m        [38;2;106;82;139m▄[48;2;180;180;213m▀[38;2;180;180;213;48;2;106;82;139m▀[38;2;98;90;65;48;2;255;255;255m▀[38;2;238;222;172;48;2;16;16;16m▀[48;2;98;90;65m▀[48;2;238;222;172m▀▀[38;2;180;156;123;48;2;16;16;16m▀[38;2;16;16;16;49m▀[0m
[0m                  [38;2;16;16;16m▀▀▀▀[0m            [38;2;16;16;16m▄[48;2;180;180;213m▀[38;2;98;90;65;48;2;106;82;139m▀[48;2;255;255;255m▀[38;2;238;222;172;48;2;16;16;16m▀[48;2;106;82;139m▀[48;2;238;222;172m▀▀[48;2;16;16;16m▀[38;2;180;156;123m▀[38;2;16;16;16;49m▀[0m        [38;2;16;16;16m▀▀[38;2;180;180;213;48;2;16;16;16m▀[38;2;16;16;16m▀[38;2;255;255;255m▀[38;2;180;180;213m▀[38;2;98;90;65m▀[38;2;180;156;123m▀[38;2;16;16;16;49m▀[0m
[0m                                  [38;2;16;16;16m▀▀[38;2;180;180;213;48;2;16;16;16m▀[38;2;16;16;16m▀[38;2;255;255;255m▀[38;2;180;180;213m▀[38;2;16;16;16;49m▀▀[0m
