[0m          [38;2;49;90;24m▄[38;2;90;139;90m▄[38;2;49;90;24;48;2;156;222;123m▀▀▀[48;2;74;197;65m▀▀[49m▄▄[0m
[0m         [38;2;49;90;24;48;2;49;90;24m▀[38;2;74;197;65;48;2;74;197;65m▀[38;2;156;222;123;48;2;156;222;123m▀▀▀▀▀[38;2;74;197;65;48;2;74;197;65m▀▀▀[38;2;49;90;24;48;2;49;90;24m▀[0m
[0m        [38;2;49;90;24;48;2;49;90;24m▀[38;2;74;197;65;48;2;74;197;65m▀▀[38;2;156;222;123m▀[48;2;156;222;123m▀▀▀[48;2;74;197;65m▀[38;2;74;197;65m▀▀▀[38;2;90;139;90;48;2;90;139;90m▀[38;2;0;0;0;48;2;0;0;0m▀[0m
[0m        [38;2;49;90;24;48;2;0;0;0m▀[38;2;74;197;65;48;2;90;139;90m▀[48;2;74;197;65m▀▀▀▀▀▀▀[48;2;90;139;90m▀[38;2;90;139;90m▀▀[38;2;0;0;0;48;2;0;0;0m▀[0m
[0m  [38;2;49;90;24m▄▄[48;2;156;222;123m▀▀▀[48;2;74;197;65m▀[38;2;0;0;0m▀[38;2;90;139;90;48;2;0;0;0m▀[48;2;90;139;90m▀[38;2;74;197;65m▀▀▀▀▀[38;2;90;139;90m▀▀▀[48;2;0;0;0m▀[38;2;0;0;0;49m▀[0m
[0m [38;2;49;90;24;48;2;49;90;24m▀[38;2;74;197;65;48;2;74;197;65m▀[38;2;156;222;123;48;2;156;222;123m▀▀▀▀▀[38;2;74;197;65;48;2;74;197;65m▀[38;2;0;0;0m▀[38;2;90;139;90;48;2;0;0;0m▀▀[48;2;90;139;90m▀▀▀▀▀[48;2;0;0;0m▀▀[38;2;0;0;0;49m▀[0m [38;2;49;90;24m▄▄▄▄[0m
[38;2;49;90;24;48;2;49;90;24m▀[38;2;74;197;65;48;2;74;197;65m▀▀[38;2;156;222;123m▀[48;2;156;222;123m▀▀▀[48;2;74;197;65m▀[38;2;74;197;65m▀▀[38;2;90;139;90;48;2;90;139;90m▀[38;2;49;90;24;48;2;0;0;0m▀[38;2;0;0;0;49m▀[48;2;0;0;0m▀[48;2;131;106;65m▀[48;2;82;65;49m▀[49m▀[0m [38;2;0;0;0m▄[38;2;49;90;24;48;2;74;197;65m▀[48;2;156;222;123m▀[38;2;156;222;123m▀▀▀[38;2;74;197;65m▀[38;2;49;90;24;48;2;74;197;65m▀▀[49m▄[0m
[38;2;49;90;24;48;2;49;90;24m▀[38;2;74;197;65;48;2;90;139;90m▀[48;2;74;197;65m▀▀▀▀▀▀[48;2;90;139;90m▀[38;2;90;139;90m▀▀[38;2;0;0;0;48;2;0;0;0m▀[49m▄[38;2;82;65;49;48;2;0;0;0m▀[38;2;131;106;65;48;2;172;131;90m▀[38;2;82;65;49;48;2;82;65;49m▀[49m▄[38;2;0;0;0m▄[48;2;74;197;65m▀[38;2;74;197;65m▀[38;2;156;222;123;48;2;156;222;123m▀▀▀▀▀[38;2;74;197;65;48;2;74;197;65m▀▀[38;2;49;90;24;48;2;90;139;90m▀[38;2;0;0;0;49m▄[0m
[0m [38;2;0;0;0;48;2;0;0;0m▀[38;2;90;139;90;48;2;90;139;90m▀▀▀▀▀▀▀[48;2;82;65;49m▀[38;2;131;106;65m▀[38;2;172;131;90m▀[38;2;82;65;49;48;2;197;164;74m▀[38;2;197;164;74m▀[38;2;172;131;90;48;2;172;131;90m▀[38;2;131;106;65m▀[38;2;172;131;90m▀[38;2;0;0;0;48;2;0;0;0m▀[38;2;74;197;65;48;2;90;139;90m▀[48;2;74;197;65m▀▀[38;2;156;222;123m▀▀▀[38;2;74;197;65m▀▀[48;2;90;139;90m▀[38;2;90;139;90m▀[38;2;0;0;0;48;2;0;0;0m▀[0m
[0m  [38;2;0;0;0m▀▀[38;2;90;139;90;48;2;49;90;24m▀[48;2;0;0;0m▀▀▀[38;2;0;0;0;49m▀▀[0m  [38;2;82;65;49;48;2;82;65;49m▀[38;2;197;164;74;48;2;172;131;90m▀[38;2;172;131;90m▀▀[38;2;82;65;49;48;2;82;65;49m▀[38;2;0;0;0;49m▀[38;2;90;139;90;48;2;0;0;0m▀[48;2;90;139;90m▀[38;2;74;197;65m▀▀▀▀▀[38;2;90;139;90m▀▀[48;2;0;0;0m▀[38;2;0;0;0;49m▀[0m
[0m          [38;2;82;65;49m▄[48;2;172;131;90m▀[38;2;172;131;90m▀▀▀▀[38;2;0;0;0;48;2;0;0;0m▀[0m [38;2;0;0;0m▀[38;2;90;139;90;48;2;0;0;0m▀▀[48;2;90;139;90m▀▀▀▀[48;2;0;0;0m▀▀[38;2;0;0;0;49m▀[0m
[0m       [38;2;82;65;49m▄▄[48;2;197;164;74m▀[38;2;172;131;90m▀[38;2;197;164;74m▀▀[38;2;172;131;90m▀[48;2;172;131;90m▀▀[38;2;0;0;0m▀[49m▄[0m   [38;2;0;0;0m▀▀▀▀[0m
[0m     [38;2;82;65;49m▄[48;2;172;131;90m▀[38;2;172;131;90;48;2;197;164;74m▀[38;2;197;164;74m▀▀[48;2;255;238;123m▀▀[48;2;197;164;74m▀▀[38;2;172;131;90;48;2;172;131;90m▀▀▀[38;2;0;0;0m▀[49m▄[0m
[0m    [38;2;82;65;49;48;2;82;65;49m▀[38;2;172;131;90;48;2;197;164;74m▀[48;2;255;238;123m▀[38;2;197;164;74;48;2;197;164;74m▀▀[38;2;255;238;123;48;2;255;238;123m▀▀▀[38;2;197;164;74;48;2;197;164;74m▀[38;2;172;131;90;48;2;172;131;90m▀▀▀▀▀[38;2;0;0;0m▀[38;2;82;65;49;49m▄[0m
[0m  [38;2;82;65;49m▄[48;2;82;65;49m▀[38;2;172;131;90;48;2;172;131;90m▀[38;2;255;238;123;48;2;246;205;57m▀[38;2;0;0;0;48;2;0;0;0m▀[38;2;255;238;123;48;2;246;205;57m▀[38;2;197;164;74;48;2;197;164;74m▀[38;2;255;238;123m▀▀[38;2;197;164;74;48;2;172;131;90m▀[38;2;172;131;90;48;2;197;164;74m▀[48;2;255;238;123m▀[48;2;197;164;74m▀[48;2;172;131;90m▀▀▀▀[38;2;0;0;0;48;2;0;0;0m▀[0m
[38;2;82;65;49;49m▄[48;2;131;106;65m▀[38;2;197;164;74;48;2;197;164;74m▀[38;2;82;65;49m▀[38;2;172;131;90;48;2;82;65;49m▀[38;2;197;164;74;48;2;172;131;90m▀[38;2;246;205;57m▀[38;2;197;164;74m▀[38;2;172;131;90m▀▀▀▀[38;2;255;238;123;48;2;246;205;57m▀[38;2;0;0;0;48;2;0;0;0m▀[38;2;255;238;123;48;2;246;205;57m▀[38;2;172;131;90;48;2;172;131;90m▀▀▀[48;2;0;0;0m▀[38;2;0;0;0;48;2;82;65;49m▀[38;2;82;65;49;48;2;131;106;65m▀[49m▄[0m
[38;2;82;65;49;48;2;0;0;0m▀[38;2;172;131;90;48;2;172;131;90m▀▀[38;2;197;164;74m▀[38;2;131;106;65;48;2;197;164;74m▀[38;2;82;65;49m▀[48;2;131;106;65m▀[48;2;82;65;49m▀[48;2;164;65;74m▀[38;2;172;131;90m▀▀[48;2;82;65;49m▀[38;2;197;164;74;48;2;172;131;90m▀[38;2;246;205;57m▀[38;2;197;164;74m▀[38;2;172;131;90m▀▀[48;2;0;0;0m▀[38;2;82;65;49;48;2;172;131;90m▀[38;2;172;131;90m▀[38;2;131;106;65;48;2;131;106;65m▀[38;2;82;65;49m▀[48;2;0;0;0m▀[0m
[38;2;0;0;0;49m▀[38;2;131;106;65;48;2;0;0;0m▀[38;2;172;131;90;48;2;131;106;65m▀[48;2;172;131;90m▀▀[38;2;197;164;74m▀▀[48;2;197;164;74m▀[38;2;131;106;65m▀[38;2;82;65;49m▀[38;2;0;0;0m▀▀▀[48;2;172;131;90m▀▀▀[38;2;82;65;49m▀[38;2;172;131;90m▀[48;2;131;106;65m▀[38;2;131;106;65m▀▀▀[38;2;0;0;0;48;2;0;0;0m▀[0m
[0m [38;2;82;65;49;48;2;0;0;0m▀[38;2;0;0;0;48;2;131;106;65m▀[38;2;131;106;65;48;2;82;65;49m▀[38;2;172;131;90m▀▀[48;2;172;131;90m▀▀▀▀▀[48;2;131;106;65m▀[38;2;131;106;65;48;2;172;131;90m▀[38;2;172;131;90;48;2;131;106;65m▀[38;2;131;106;65;48;2;172;131;90m▀[38;2;172;131;90;48;2;131;106;65m▀[38;2;131;106;65m▀▀▀▀[48;2;0;0;0m▀[38;2;0;0;0m▀[49m▀[0m
[0m  [38;2;82;65;49;48;2;0;0;0m▀[38;2;131;106;65;48;2;131;106;65m▀▀▀[38;2;82;65;49m▀▀▀▀[38;2;131;106;65;48;2;82;65;49m▀[48;2;0;0;0m▀▀▀▀▀[48;2;82;65;49m▀[38;2;0;0;0;48;2;131;106;65m▀▀▀[48;2;0;0;0m▀[0m
[0m   [38;2;0;0;0;48;2;82;65;49m▀[38;2;131;106;65;48;2;0;0;0m▀▀[48;2;131;106;65m▀▀▀▀▀▀▀▀[48;2;82;65;49m▀[48;2;0;0;0m▀[48;2;82;65;49m▀[38;2;82;65;49;48;2;131;106;65m▀▀[38;2;0;0;0;48;2;0;0;0m▀[0m
[38;2;82;65;49;49m▄[48;2;131;106;65m▀▀[38;2;131;106;65m▀▀▀[38;2;0;0;0;48;2;0;0;0m▀[49m▀[38;2;131;106;65;48;2;0;0;0m▀▀▀▀▀[38;2;0;0;0;48;2;131;106;65m▀[38;2;82;65;49m▀[38;2;131;106;65m▀[48;2;82;65;49m▀[48;2;0;0;0m▀[38;2;0;0;0;49m▀[0m
[38;2;82;65;49;49m▀[38;2;131;106;65;48;2;0;0;0m▀▀▀[38;2;0;0;0;49m▀▀[0m      [38;2;82;65;49m▀▀[38;2;0;0;0;48;2;0;0;0m▀[38;2;131;106;65;48;2;131;106;65m▀[38;2;82;65;49m▀[49m▄▄[0m
[0m             [38;2;0;0;0;48;2;0;0;0m▀[38;2;131;106;65;48;2;131;106;65m▀[48;2;172;131;90m▀[38;2;172;131;90m▀▀▀[38;2;82;65;49m▀[49m▄[0m
[0m              [38;2;0;0;0m▀[38;2;82;65;49;48;2;82;65;49m▀[38;2;172;131;90;48;2;0;0;0m▀▀▀▀[38;2;0;0;0;49m▀[0m
