[0m              [38;2;106;98;106m▄[48;2;255;255;255m▀▀▀[48;2;222;213;222m▀[49m▄[0m
[0m             [38;2;106;98;106;48;2;106;98;106m▀[38;2;255;255;255;48;2;255;255;255m▀▀▀▀▀[38;2;189;172;189;48;2;189;172;189m▀[38;2;106;98;106;48;2;0;0;0m▀[0m
[0m             [38;2;106;98;106;48;2;106;98;106m▀[38;2;222;213;222;48;2;189;172;189m▀[38;2;255;255;255m▀▀▀[38;2;222;213;222m▀[38;2;189;172;189m▀[38;2;0;0;0;48;2;0;0;0m▀[0m
[0m              [38;2;0;0;0m▀[38;2;189;172;189;48;2;106;98;106m▀[48;2;0;0;0m▀▀▀[38;2;0;0;0;48;2;49;74;148m▀[49m▄[0m
[0m                  [38;2;41;49;90m▀[38;2;49;74;148;48;2;41;49;90m▀[48;2;82;106;213m▀[38;2;41;49;90m▀[49m▄[0m
[0m                   [38;2;0;0;0m▀[38;2;82;106;213;48;2;41;49;90m▀[48;2;82;106;213m▀▀[38;2;41;49;90;48;2;0;0;0m▀[0m
[0m              [38;2;41;49;90m▄▄[48;2;82;106;213m▀▀▀[38;2;0;0;0m▀[38;2;82;106;213m▀▀▀▀[38;2;0;0;0;48;2;41;49;90m▀[0m
[0m             [38;2;41;49;90;48;2;41;49;90m▀[38;2;82;106;213;48;2;82;106;213m▀▀▀▀▀▀▀▀▀[48;2;0;0;0m▀[38;2;0;0;0;49m▀[0m
[0m             [38;2;41;49;90m▀[38;2;82;106;213;48;2;41;49;90m▀[48;2;49;74;148m▀[48;2;82;106;213m▀▀▀▀▀▀[38;2;41;49;90m▀[49m▄[0m
[0m         [38;2;41;49;90m▄▄[48;2;82;106;213m▀▀[38;2;0;0;0m▀[38;2;41;49;90m▀[38;2;49;74;148;48;2;41;49;90m▀[48;2;49;74;148m▀▀[38;2;82;106;213m▀[48;2;82;106;213m▀▀▀▀▀[38;2;41;49;90m▀[49m▄[0m
[0m       [38;2;41;49;90m▄[48;2;49;74;148m▀[38;2;82;106;213;48;2;82;106;213m▀▀▀▀▀▀▀[38;2;49;74;148m▀▀▀[38;2;82;106;213m▀▀▀▀▀▀▀[38;2;41;49;90m▀[49m▄[0m
[0m       [38;2;0;0;0;48;2;0;0;0m▀[38;2;49;74;148;48;2;49;74;148m▀▀[38;2;82;106;213m▀▀[48;2;82;106;213m▀▀▀▀▀▀▀▀▀▀[48;2;49;74;148m▀[48;2;82;106;213m▀[48;2;49;74;148m▀[48;2;82;106;213m▀[48;2;49;74;148m▀[38;2;0;0;0;48;2;0;0;0m▀[0m
[0m       [38;2;0;0;0m▀[48;2;41;49;90m▀[38;2;49;74;148;48;2;49;74;148m▀▀▀▀▀▀▀▀▀▀▀▀▀[38;2;82;106;213m▀[38;2;49;74;148;48;2;82;106;213m▀[38;2;82;106;213;48;2;49;74;148m▀[38;2;49;74;148m▀[38;2;0;0;0;48;2;41;49;90m▀[0m
[0m     [38;2;41;49;90m▄[48;2;82;106;213m▀[38;2;82;106;213m▀▀[38;2;49;74;148;48;2;115;32;74m▀[48;2;222;123;172m▀[38;2;115;32;74;48;2;255;197;213m▀▀▀▀▀▀[38;2;49;74;148;48;2;222;123;172m▀[48;2;115;32;74m▀▀▀[48;2;49;74;148m▀[38;2;82;106;213m▀[38;2;49;74;148;48;2;82;106;213m▀[38;2;82;106;213;48;2;49;74;148m▀[38;2;49;74;148;48;2;82;106;213m▀▀[38;2;41;49;90;48;2;49;74;148m▀[49m▄[0m
[0m    [38;2;41;49;90;48;2;41;49;90m▀[38;2;82;106;213;48;2;82;106;213m▀▀[48;2;115;32;74m▀[38;2;115;32;74;48;2;255;197;213m▀[38;2;255;197;213m▀▀▀▀▀▀▀▀▀▀▀[38;2;222;123;172m▀[38;2;115;32;74m▀[48;2;222;123;172m▀[38;2;49;74;148;48;2;115;32;74m▀[38;2;82;106;213;48;2;82;106;213m▀▀▀▀[38;2;49;74;148;48;2;49;74;148m▀[38;2;41;49;90;48;2;41;49;90m▀[0m
[0m   [38;2;41;49;90;48;2;0;0;0m▀[38;2;82;106;213;48;2;49;74;148m▀[48;2;82;106;213m▀[48;2;115;32;74m▀[38;2;115;32;74;48;2;255;197;213m▀[38;2;255;197;213;48;2;0;0;0m▀[48;2;255;197;213m▀▀▀▀▀▀▀▀▀▀▀▀▀[48;2;41;49;90m▀[38;2;41;49;90;48;2;82;106;213m▀[38;2;82;106;213m▀▀▀▀[38;2;49;74;148;48;2;49;74;148m▀▀[38;2;41;49;90;48;2;0;0;0m▀[0m
[0m   [38;2;0;0;0;48;2;0;0;0m▀[38;2;49;74;148;48;2;49;74;148m▀▀[38;2;115;32;74;48;2;115;32;74m▀[38;2;0;0;0;48;2;0;0;0m▀[38;2;255;255;255m▀[38;2;0;0;0m▀[38;2;255;197;213;48;2;255;197;213m▀[48;2;197;32;74m▀▀▀▀[48;2;255;197;213m▀▀▀[48;2;0;0;0m▀[38;2;0;0;0;48;2;255;255;255m▀[38;2;255;197;213;48;2;0;0;0m▀[48;2;255;197;213m▀[38;2;0;0;0;48;2;0;0;0m▀[38;2;49;74;148;48;2;49;74;148m▀[38;2;82;106;213m▀▀▀[38;2;49;74;148m▀▀▀[38;2;0;0;0;48;2;0;0;0m▀[0m
[0m    [38;2;0;0;0m▀[38;2;49;74;148;48;2;0;0;0m▀[38;2;115;32;74m▀[38;2;222;123;172;48;2;222;123;172m▀[38;2;0;0;0m▀[38;2;255;197;213m▀[38;2;0;0;0;48;2;197;32;74m▀[38;2;238;90;57;48;2;238;90;57m▀[38;2;255;255;255m▀[38;2;238;90;57;48;2;197;32;74m▀[38;2;197;32;74m▀[38;2;0;0;0;48;2;115;32;74m▀[38;2;255;197;213;48;2;255;197;213m▀▀[38;2;0;0;0m▀[48;2;0;0;0m▀[48;2;255;197;213m▀[38;2;255;197;213m▀[38;2;0;0;0;48;2;222;123;172m▀[38;2;49;74;148;48;2;49;74;148m▀▀▀▀▀[48;2;41;49;90m▀[38;2;0;0;0;49m▀[0m     [38;2;115;32;74m▄[48;2;255;197;213m▀▀[49m▄[0m
[0m       [38;2;115;32;74;48;2;0;0;0m▀[38;2;222;123;172;48;2;222;123;172m▀▀[38;2;0;0;0m▀[38;2;197;32;74;48;2;0;0;0m▀▀▀▀[38;2;0;0;0;48;2;222;123;172m▀[38;2;255;197;213m▀[48;2;115;32;74m▀▀[48;2;222;123;172m▀[38;2;222;123;172m▀▀▀[38;2;41;49;90m▀[38;2;49;74;148;48;2;0;0;0m▀▀[38;2;0;0;0;49m▀▀[0m    [38;2;115;32;74m▄▄[48;2;115;32;74m▀[38;2;255;197;213;48;2;255;197;213m▀▀[48;2;222;123;172m▀[38;2;115;32;74;48;2;0;0;0m▀[0m
[0m        [38;2;0;0;0m▀[38;2;222;123;172;48;2;0;0;0m▀▀[48;2;222;123;172m▀▀[38;2;115;32;74m▀▀▀▀[38;2;222;123;172m▀▀▀▀[48;2;0;0;0m▀▀[38;2;0;0;0;48;2;115;32;74m▀[38;2;115;32;74;49m▄▄▄▄[48;2;255;197;213m▀▀▀▀[38;2;255;197;213;48;2;222;123;172m▀[48;2;0;0;0m▀▀▀[48;2;115;32;74m▀[38;2;0;0;0;49m▀[0m
[0m [38;2;115;32;74m▄▄[0m        [38;2;0;0;0m▀▀[38;2;222;123;172;48;2;0;0;0m▀▀▀▀▀[48;2;115;32;74m▀[38;2;0;0;0;48;2;222;123;172m▀▀[38;2;222;123;172m▀[48;2;115;32;74m▀▀[48;2;0;0;0m▀▀[38;2;255;197;213m▀▀[38;2;222;123;172;48;2;115;32;74m▀[38;2;0;0;0;49m▀▀▀[38;2;115;32;74m▀[0m
[38;2;115;32;74;48;2;115;32;74m▀[38;2;255;197;213;48;2;255;197;213m▀▀[38;2;115;32;74m▀▀[49m▄▄▄▄[48;2;255;197;213m▀▀▀[48;2;222;123;172m▀▀[38;2;222;123;172;48;2;0;0;0m▀▀[38;2;115;32;74m▀[38;2;222;123;172;48;2;222;123;172m▀[48;2;115;32;74m▀▀▀[48;2;255;197;213m▀[38;2;255;197;213m▀▀[38;2;222;123;172m▀▀[49m▄[38;2;115;32;74m▄▄[0m
[0m [38;2;0;0;0m▀[38;2;222;123;172;48;2;0;0;0m▀[38;2;255;197;213m▀▀▀▀▀[38;2;222;123;172m▀[38;2;0;0;0;49m▀▀▀▀▀[0m [38;2;115;32;74;48;2;115;32;74m▀[38;2;222;123;172;48;2;255;197;213m▀[38;2;115;32;74;48;2;0;0;0m▀[38;2;255;255;255;48;2;238;90;57m▀[38;2;238;90;57m▀[38;2;197;32;74;48;2;197;32;74m▀[38;2;115;32;74;48;2;115;32;74m▀[38;2;255;197;213;48;2;255;197;213m▀▀▀▀▀[48;2;115;32;74m▀▀[38;2;0;0;0;48;2;0;0;0m▀[0m
[0m             [38;2;115;32;74m▄[48;2;255;197;213m▀▀[38;2;255;197;213m▀[38;2;0;0;0m▀[38;2;197;32;74;48;2;115;32;74m▀[48;2;0;0;0m▀▀[38;2;0;0;0;48;2;255;197;213m▀[38;2;255;197;213m▀▀▀▀▀▀[38;2;0;0;0;48;2;0;0;0m▀[48;2;49;74;148m▀[38;2;41;49;90;48;2;41;49;90m▀[49m▄[0m
[0m             [38;2;0;0;0m▀[38;2;255;197;213;48;2;0;0;0m▀[38;2;222;123;172;48;2;115;32;74m▀[38;2;255;197;213;48;2;255;197;213m▀▀▀[48;2;222;123;172m▀[48;2;255;197;213m▀▀▀▀[38;2;115;32;74;48;2;115;32;74m▀[38;2;255;197;213;48;2;0;0;0m▀▀[38;2;0;0;0;48;2;49;74;148m▀[38;2;49;74;148m▀[48;2;0;0;0m▀▀[38;2;0;0;0;49m▀[0m
[0m               [38;2;0;0;0;48;2;41;49;90m▀[38;2;222;123;172;48;2;0;0;0m▀[38;2;255;197;213m▀[38;2;222;123;172m▀[38;2;0;0;0m▀[38;2;255;197;213;48;2;115;32;74m▀[48;2;222;123;172m▀▀[38;2;222;123;172;48;2;0;0;0m▀[38;2;0;0;0;48;2;49;74;148m▀[38;2;49;74;148;48;2;0;0;0m▀▀[38;2;0;0;0;49m▀▀[0m
[0m                [38;2;49;74;148;48;2;0;0;0m▀[48;2;82;106;213m▀[38;2;82;106;213m▀▀[38;2;0;0;0m▀[48;2;49;74;148m▀▀[38;2;41;49;90;48;2;41;49;90m▀[38;2;0;0;0;49m▀[0m
[0m                 [38;2;41;49;90;48;2;0;0;0m▀[38;2;82;106;213;48;2;49;74;148m▀▀[38;2;49;74;148m▀[48;2;0;0;0m▀[38;2;41;49;90;49m▀[0m
[0m                  [38;2;0;0;0m▀[38;2;49;74;148;48;2;0;0;0m▀[38;2;41;49;90m▀[38;2;0;0;0;49m▀[0m
