[0m                   [38;2;164;85;123m▄▄[48;2;255;197;213m▀▀▀▀[38;2;16;16;16;49m▄[0m
[0m                 [38;2;164;85;123m▄[48;2;255;197;213m▀[38;2;255;197;213m▀▀▀▀▀[48;2;197;139;164m▀[38;2;197;139;164m▀[38;2;16;16;16;48;2;16;16;16m▀[0m
[0m                [38;2;164;85;123m▄[48;2;255;197;213m▀[38;2;255;197;213m▀▀▀[48;2;164;85;123m▀[38;2;164;85;123;48;2;197;139;164m▀[48;2;164;85;123m▀[38;2;197;139;164;48;2;197;139;164m▀[48;2;164;85;123m▀[38;2;16;16;16;49m▀[0m
[0m                [38;2;164;85;123;48;2;164;85;123m▀[38;2;197;139;164;48;2;197;139;164m▀[38;2;255;197;213m▀▀▀[38;2;164;85;123;48;2;164;85;123m▀[38;2;197;139;164;48;2;197;139;164m▀▀[48;2;16;16;16m▀[38;2;16;16;16;49m▀[0m
[0m               [38;2;115;65;90m▄[38;2;164;85;123;48;2;115;65;90m▀[38;2;197;139;164m▀[48;2;197;139;164m▀[48;2;16;16;16m▀[38;2;115;65;90m▀[38;2;16;16;16;49m▀▀[0m
[0m             [38;2;16;16;16m▄[48;2;222;106;156m▀[38;2;222;106;156m▀▀[38;2;164;85;123;48;2;164;85;123m▀[38;2;16;16;16m▀[49m▄[0m
[0m         [38;2;164;85;123m▄▄[48;2;197;139;164m▀▀[38;2;115;65;90;48;2;255;197;213m▀[38;2;222;106;156m▀[48;2;115;65;90m▀[38;2;164;85;123m▀▀[38;2;115;65;90;48;2;255;197;213m▀[38;2;16;16;16m▀[38;2;164;85;123;49m▄[0m
[0m       [38;2;164;85;123m▄[48;2;255;197;213m▀[38;2;255;197;213;48;2;164;85;123m▀[38;2;164;85;123;48;2;255;197;213m▀[38;2;255;197;213m▀[48;2;164;85;123m▀[38;2;197;139;164;48;2;197;139;164m▀[48;2;255;197;213m▀▀[38;2;255;197;213;48;2;197;139;164m▀[48;2;255;197;213m▀▀▀▀[38;2;164;85;123m▀[38;2;16;16;16;49m▄[0m
[0m      [38;2;164;85;123m▄[38;2;197;139;164;48;2;255;197;213m▀[38;2;255;197;213;48;2;197;139;164m▀[38;2;164;85;123;48;2;255;197;213m▀[38;2;255;197;213;48;2;197;139;164m▀[48;2;255;197;213m▀[38;2;164;85;123;48;2;164;85;123m▀[38;2;255;197;213;48;2;255;197;213m▀▀▀▀▀▀▀▀▀[38;2;197;139;164m▀[38;2;16;16;16;48;2;16;16;16m▀[0m
[0m     [38;2;164;85;123;48;2;164;85;123m▀[38;2;255;197;213;48;2;222;106;156m▀[48;2;255;197;213m▀[38;2;255;255;255;48;2;16;16;16m▀[38;2;255;197;213;48;2;255;197;213m▀▀▀[48;2;255;255;255m▀[38;2;197;139;164;48;2;255;197;213m▀[38;2;255;197;213m▀▀▀▀▀▀▀▀▀[38;2;197;139;164m▀[38;2;16;16;16;48;2;16;16;16m▀[0m
[0m    [38;2;16;16;16;48;2;164;85;123m▀[38;2;222;106;156;48;2;222;106;156m▀▀[38;2;255;197;213;48;2;255;197;213m▀[38;2;16;16;16;48;2;164;85;123m▀[38;2;197;139;164;48;2;255;197;213m▀[38;2;255;197;213m▀▀[38;2;16;16;16;48;2;16;16;16m▀[38;2;255;197;213;48;2;255;197;213m▀[48;2;222;106;156m▀▀[48;2;255;197;213m▀▀▀▀▀▀▀▀[38;2;197;139;164;48;2;197;139;164m▀[38;2;16;16;16;48;2;16;16;16m▀[0m
[0m  [38;2;16;16;16m▄[48;2;164;85;123m▀[38;2;255;197;213;48;2;197;139;164m▀[38;2;222;106;156;48;2;255;197;213m▀[38;2;255;197;213m▀▀▀[38;2;164;85;123m▀▀[38;2;255;197;213m▀▀[38;2;222;106;156;48;2;222;106;156m▀▀▀▀[38;2;255;197;213;48;2;255;197;213m▀▀▀▀▀▀[48;2;197;139;164m▀[38;2;197;139;164m▀[38;2;164;85;123m▀[38;2;16;16;16;48;2;205;189;197m▀[49m▄[0m
[0m [38;2;16;16;16m▄[48;2;255;197;213m▀[38;2;255;197;213m▀[38;2;197;139;164;48;2;115;65;90m▀[38;2;115;65;90;48;2;255;255;255m▀▀[38;2;197;139;164m▀[38;2;255;197;213;48;2;197;139;164m▀[48;2;255;197;213m▀▀▀▀▀[38;2;222;106;156m▀▀[38;2;255;197;213m▀▀▀▀▀▀[48;2;197;139;164m▀[38;2;197;139;164m▀[48;2;164;85;123m▀[38;2;164;85;123;48;2;205;189;197m▀[38;2;205;189;197m▀[38;2;16;16;16m▀[49m▄[0m
[38;2;16;16;16;49m▄[38;2;164;85;123;48;2;255;255;255m▀[38;2;255;197;213;48;2;164;85;123m▀[38;2;115;65;90;48;2;115;65;90m▀[38;2;255;197;213;48;2;255;255;255m▀[38;2;255;255;255m▀▀[48;2;255;197;213m▀[38;2;255;197;213m▀[38;2;115;65;90;48;2;197;139;164m▀[38;2;255;197;213;48;2;115;65;90m▀[48;2;255;197;213m▀▀[48;2;16;16;16m▀[38;2;197;139;164;48;2;255;197;213m▀[38;2;255;197;213m▀▀▀[38;2;197;139;164;48;2;16;16;16m▀[38;2;255;197;213;48;2;255;197;213m▀[48;2;164;85;123m▀[38;2;197;139;164m▀[38;2;164;85;123;48;2;205;189;197m▀▀[38;2;205;189;197m▀▀▀[48;2;164;85;123m▀[38;2;16;16;16;48;2;16;16;16m▀[0m
[38;2;16;16;16;48;2;16;16;16m▀[38;2;255;255;255;48;2;255;255;255m▀▀[38;2;197;139;164m▀▀[38;2;255;197;213m▀[48;2;197;139;164m▀▀▀▀[38;2;115;65;90m▀[38;2;255;197;213m▀▀[38;2;16;16;16m▀[38;2;197;139;164;48;2;16;16;16m▀[38;2;255;197;213m▀[48;2;164;85;123m▀[38;2;16;16;16;48;2;255;255;255m▀[38;2;164;85;123m▀▀[38;2;255;255;255m▀▀[38;2;205;189;197;48;2;205;189;197m▀▀▀[48;2;164;85;123m▀[38;2;164;85;123m▀[38;2;16;16;16;48;2;16;16;16m▀[0m
[0m [38;2;115;65;90;48;2;16;16;16m▀[38;2;255;255;255;48;2;222;106;156m▀[48;2;255;255;255m▀▀▀▀▀▀▀▀▀▀▀▀▀▀▀▀▀[48;2;222;106;156m▀[38;2;205;189;197;48;2;164;85;123m▀▀[38;2;164;85;123m▀▀▀[38;2;115;65;90;48;2;16;16;16m▀[0m
[0m  [38;2;16;16;16m▀[38;2;222;106;156;48;2;16;16;16m▀[48;2;222;106;156m▀[38;2;255;255;255m▀▀▀▀▀▀▀▀▀▀▀▀[38;2;222;106;156m▀▀[48;2;164;85;123m▀[38;2;164;85;123;48;2;222;106;156m▀[48;2;164;85;123m▀▀▀▀[38;2;115;65;90;48;2;16;16;16m▀[0m
[0m    [38;2;16;16;16m▀[38;2;115;65;90;48;2;16;16;16m▀[38;2;222;106;156m▀[48;2;222;106;156m▀▀▀▀▀▀▀▀▀[48;2;164;85;123m▀▀[38;2;164;85;123;48;2;222;106;156m▀[38;2;222;106;156;48;2;164;85;123m▀[38;2;164;85;123;48;2;222;106;156m▀[38;2;222;106;156;48;2;164;85;123m▀[38;2;164;85;123m▀[48;2;16;16;16m▀[38;2;16;16;16;49m▀[0m
[0m       [38;2;16;16;16;48;2;16;16;16m▀[48;2;115;65;90m▀[38;2;164;85;123;48;2;164;85;123m▀[38;2;222;106;156;48;2;115;65;90m▀▀▀[38;2;164;85;123;48;2;164;85;123m▀▀▀▀▀▀[48;2;115;65;90m▀▀[38;2;115;65;90;48;2;16;16;16m▀[38;2;16;16;16;49m▀[0m
[0m       [38;2;16;16;16m▀[38;2;164;85;123;48;2;16;16;16m▀▀▀[38;2;16;16;16;49m▀▀▀▀▀[48;2;16;16;16m▀[48;2;222;106;156m▀▀[38;2;164;85;123;48;2;164;85;123m▀▀▀[38;2;16;16;16;48;2;16;16;16m▀[0m
[0m                [38;2;16;16;16m▀[38;2;115;65;90;48;2;16;16;16m▀[38;2;222;106;156m▀▀[38;2;115;65;90m▀[38;2;16;16;16;49m▀[0m
