[0m                 [38;2;41;41;49m▄[48;2;65;65;74m▀[49m▄[0m
[0m                [38;2;41;41;49;48;2;41;41;49m▀[38;2;90;90;98;48;2;90;90;98m▀▀[38;2;0;0;0;48;2;65;65;74m▀[38;2;41;41;49;49m▄[0m
[0m               [38;2;41;41;49m▄[48;2;65;65;74m▀[38;2;90;90;98m▀▀[38;2;65;65;74m▀▀[38;2;41;41;49m▀[49m▄▄[0m
[0m               [38;2;41;41;49;48;2;41;41;49m▀[38;2;65;65;74;48;2;65;65;74m▀▀[48;2;0;0;0m▀[48;2;65;65;74m▀▀▀▀▀[38;2;41;41;49m▀[49m▄[0m
[0m             [38;2;90;90;98m▄[38;2;41;41;49;48;2;41;41;49m▀[38;2;65;65;74;48;2;65;65;74m▀▀[38;2;0;0;0;48;2;0;0;0m▀▀[38;2;65;65;74;48;2;65;65;74m▀▀▀▀▀▀[38;2;0;0;0m▀[49m▄[0m
[0m    [38;2;41;41;49m▄▄[48;2;90;90;98m▀▀▀[48;2;65;65;74m▀▀▀[49m▄[48;2;41;41;49m▀[38;2;65;65;74;48;2;65;65;74m▀▀[38;2;0;0;0;48;2;0;0;0m▀[38;2;90;90;98;49m▄[48;2;255;255;255m▀[38;2;0;0;0m▀[38;2;41;41;49;48;2;0;0;0m▀[38;2;65;65;74m▀[48;2;65;65;74m▀▀▀▀[38;2;0;0;0;48;2;0;0;0m▀[0m
[0m  [38;2;41;41;49m▄[48;2;65;65;74m▀[38;2;65;65;74m▀[38;2;90;90;98m▀[48;2;90;90;98m▀▀▀[48;2;65;65;74m▀[38;2;65;65;74m▀▀▀[38;2;41;41;49m▀[38;2;65;65;74m▀[38;2;41;41;49;48;2;0;0;0m▀[38;2;0;0;0;48;2;255;255;255m▀[38;2;255;255;255m▀▀[48;2;41;41;49m▀[38;2;41;41;49;49m▀[0m [38;2;0;0;0m▀[38;2;41;41;49;48;2;0;0;0m▀[38;2;65;65;74;48;2;65;65;74m▀▀[38;2;0;0;0;48;2;0;0;0m▀[0m
[0m [38;2;41;41;49m▄[48;2;65;65;74m▀[38;2;65;65;74m▀▀▀▀▀▀▀▀▀▀▀▀[38;2;0;0;0;48;2;0;0;0m▀[38;2;255;255;255;48;2;255;255;255m▀▀[48;2;90;90;98m▀[38;2;41;41;49;48;2;41;41;49m▀[48;2;255;255;255m▀▀▀[38;2;0;0;0;48;2;0;0;0m▀[38;2;65;65;74;48;2;65;65;74m▀[38;2;0;0;0;48;2;0;0;0m▀[0m
[0m [38;2;41;41;49;48;2;41;41;49m▀[38;2;65;65;74;48;2;65;65;74m▀▀▀▀▀▀[48;2;255;255;255m▀▀[48;2;65;65;74m▀▀▀▀▀[38;2;0;0;0;48;2;0;0;0m▀[38;2;255;255;255;48;2;197;197;197m▀[38;2;90;90;98m▀[38;2;255;255;255;48;2;255;255;255m▀▀▀[48;2;41;41;49m▀▀[38;2;0;0;0;49m▀▀[0m
[38;2;41;41;49;49m▄[48;2;230;123;156m▀[38;2;230;123;156m▀▀[38;2;65;65;74;48;2;197;24;82m▀[48;2;41;41;49m▀[48;2;65;65;74m▀[38;2;255;255;255;48;2;255;255;255m▀[48;2;41;41;49m▀[38;2;41;41;49m▀[38;2;255;255;255;48;2;255;255;255m▀[38;2;65;65;74;48;2;41;41;49m▀▀▀[38;2;41;41;49m▀[38;2;0;0;0;48;2;0;0;0m▀[38;2;197;197;197;48;2;197;197;197m▀▀[48;2;255;255;255m▀[38;2;90;90;98m▀[38;2;41;41;49m▀▀[49m▄[0m
[38;2;41;41;49;48;2;41;41;49m▀[38;2;230;123;156;48;2;197;24;82m▀▀[38;2;197;24;82m▀▀[48;2;0;0;0m▀[38;2;41;41;49;48;2;41;41;49m▀[38;2;255;255;255m▀[38;2;0;0;0;48;2;197;197;197m▀▀[38;2;255;255;255;48;2;41;41;49m▀[38;2;41;41;49m▀▀▀[38;2;0;0;0;48;2;0;0;0m▀[38;2;197;197;197;48;2;197;197;197m▀▀▀[38;2;255;255;255;48;2;255;255;255m▀▀[48;2;41;41;49m▀▀[38;2;41;41;49;49m▀[0m
[38;2;41;41;49;49m▀[38;2;197;24;82;48;2;0;0;0m▀[48;2;197;24;82m▀▀[38;2;0;0;0;48;2;41;41;49m▀[38;2;197;24;82;48;2;0;0;0m▀[38;2;41;41;49;48;2;41;41;49m▀▀▀▀▀[48;2;0;0;0m▀▀[38;2;0;0;0;48;2;197;197;197m▀[38;2;197;197;197m▀▀▀[38;2;90;90;98;48;2;255;255;255m▀[38;2;41;41;49m▀[48;2;41;41;49m▀[49m▄[0m            [38;2;41;41;49m▄▄[48;2;65;65;74m▀[38;2;0;0;0;48;2;0;0;0m▀[0m
[0m [38;2;65;65;74m▄[38;2;0;0;0;48;2;255;255;255m▀▀[38;2;41;41;49;48;2;197;197;197m▀[38;2;197;197;197m▀[38;2;0;0;0m▀▀▀▀▀[38;2;197;197;197m▀▀▀[48;2;255;255;255m▀[38;2;90;90;98;48;2;197;197;197m▀[38;2;255;255;255;48;2;41;41;49m▀▀▀[38;2;41;41;49;48;2;41;148;205m▀[38;2;41;148;205m▀[38;2;41;41;49;48;2;32;49;123m▀[0m       [38;2;41;41;49m▄[48;2;65;65;74m▀[48;2;90;90;98m▀[48;2;65;65;74m▀▀[38;2;65;65;74;48;2;0;0;0m▀[38;2;0;0;0m▀[0m
[38;2;65;65;74;48;2;65;65;74m▀[38;2;255;255;255;48;2;255;255;255m▀▀[48;2;90;90;98m▀[38;2;90;90;98;48;2;255;255;255m▀[38;2;255;255;255m▀[38;2;197;197;197m▀▀▀▀[48;2;90;90;98m▀[38;2;255;255;255;48;2;255;255;255m▀▀▀▀▀[38;2;41;41;49;48;2;41;41;49m▀[38;2;41;148;205;48;2;41;148;205m▀▀▀▀[38;2;41;98;180;48;2;41;98;180m▀[38;2;41;41;49;48;2;41;41;49m▀[0m      [38;2;41;41;49;48;2;41;41;49m▀[38;2;65;65;74;48;2;65;65;74m▀▀▀▀[38;2;0;0;0;48;2;0;0;0m▀[0m
[0m [38;2;65;65;74m▀[48;2;65;65;74m▀[38;2;255;255;255;48;2;255;255;255m▀▀[48;2;0;0;0m▀[38;2;0;0;0;48;2;164;139;32m▀[38;2;255;255;255;48;2;65;65;74m▀[48;2;255;255;255m▀▀[38;2;41;41;49;48;2;0;0;0m▀[38;2;90;90;98;48;2;246;213;65m▀[38;2;255;255;255;48;2;0;0;0m▀▀[38;2;0;0;0;48;2;41;148;205m▀▀[38;2;41;148;205m▀▀▀▀[48;2;41;98;180m▀[38;2;41;98;180m▀▀[38;2;41;41;49;48;2;41;41;49m▀[38;2;32;49;123;49m▄▄[38;2;41;41;49;48;2;65;65;74m▀▀▀[38;2;65;65;74m▀[48;2;0;0;0m▀▀▀[38;2;0;0;0m▀[49m▀[0m
[0m   [38;2;0;0;0m▀▀[0m [38;2;0;0;0;48;2;0;0;0m▀[38;2;164;139;32;48;2;246;213;65m▀[38;2;0;0;0m▀▀[38;2;246;213;65m▀▀[38;2;32;49;123;48;2;164;139;32m▀[38;2;41;148;205;48;2;32;49;123m▀[48;2;41;148;205m▀▀▀[48;2;41;98;180m▀▀[38;2;41;98;180m▀▀▀▀▀▀[48;2;0;0;0m▀[38;2;0;0;0;48;2;65;65;74m▀[38;2;65;65;74m▀[48;2;0;0;0m▀[38;2;0;0;0;49m▀[0m
[0m       [38;2;0;0;0m▀[38;2;246;213;65;48;2;0;0;0m▀[48;2;246;213;65m▀▀[48;2;164;139;32m▀[38;2;164;139;32;48;2;32;98;16m▀[38;2;32;98;16m▀[38;2;32;49;123m▀[38;2;41;98;180;48;2;32;49;123m▀[48;2;41;98;180m▀▀▀▀▀▀▀▀[38;2;0;0;0m▀▀[48;2;0;0;0m▀[49m▀[0m
[0m         [38;2;0;0;0m▀▀[38;2;32;98;16;48;2;0;0;0m▀[48;2;32;98;16m▀▀▀▀[38;2;41;41;49m▀[38;2;41;98;180;48;2;41;41;49m▀[48;2;32;49;123m▀[48;2;41;98;180m▀▀▀▀▀[48;2;0;0;0m▀▀[38;2;0;0;0;49m▀[0m
[0m       [38;2;65;65;74m▄[48;2;246;213;65m▀[48;2;164;139;32m▀[48;2;246;213;65m▀[38;2;164;139;32;48;2;41;41;49m▀[38;2;0;0;0m▀[48;2;164;139;32m▀[38;2;32;98;16;48;2;90;90;98m▀[38;2;41;41;49;48;2;164;139;32m▀▀[38;2;32;98;16m▀▀[38;2;32;49;123;48;2;41;41;49m▀[38;2;0;0;0;49m▀▀▀[38;2;32;49;123m▀[0m
[0m      [38;2;41;41;49;48;2;0;0;0m▀[38;2;246;213;65;48;2;41;41;49m▀[38;2;65;65;74;48;2;164;139;32m▀[38;2;246;213;65;48;2;0;0;0m▀[38;2;164;139;32m▀[38;2;41;41;49;48;2;41;41;49m▀[38;2;164;139;32m▀[38;2;90;90;98;48;2;90;90;98m▀[38;2;164;139;32;48;2;164;139;32m▀[48;2;41;41;49m▀[38;2;41;41;49;49m▀[38;2;164;139;32;48;2;0;0;0m▀▀[48;2;164;139;32m▀[38;2;0;0;0;48;2;0;0;0m▀[0m
[0m             [38;2;41;41;49m▀[38;2;0;0;0m▀▀[0m  [38;2;41;41;49m▀[38;2;0;0;0m▀[0m
