[0m             [38;2;16;41;82m▄[38;2;57;74;139m▄[38;2;16;41;82;48;2;90;106;189m▀▀▀[49m▄[0m  [38;2;57;74;139m▄▄[48;2;90;106;189m▀▀▀▀[49m▄▄[0m   [38;2;16;41;82m▄[38;2;57;74;139m▄[48;2;90;106;189m▀▀[38;2;16;41;82m▀[49m▄[0m
[0m           [38;2;16;16;16m▄[38;2;16;41;82;48;2;139;139;189m▀[38;2;139;139;189;48;2;180;189;246m▀[38;2;180;189;246m▀[38;2;139;139;189m▀▀[38;2;90;106;189;48;2;139;139;189m▀[38;2;57;74;139;48;2;90;106;189m▀[38;2;16;41;82;48;2;16;41;82m▀[38;2;57;74;139;48;2;115;139;205m▀[38;2;115;139;205m▀▀[38;2;90;106;189m▀[48;2;90;106;189m▀▀▀▀▀[38;2;57;74;139m▀[38;2;16;41;82;49m▄[48;2;57;74;139m▀[38;2;90;106;189;48;2;180;189;246m▀▀▀▀[48;2;90;106;189m▀▀[38;2;16;41;82;48;2;16;41;82m▀[0m
[0m          [38;2;57;74;139m▄[38;2;139;139;189;48;2;90;106;189m▀[38;2;90;106;189m▀▀▀▀[38;2;139;139;189;48;2;57;74;139m▀[48;2;139;139;189m▀[38;2;16;41;82;48;2;57;74;139m▀[38;2;115;139;205;48;2;115;139;205m▀▀▀▀[48;2;90;106;189m▀[38;2;90;106;189m▀▀▀▀[38;2;57;74;139m▀[48;2;16;41;82m▀[38;2;16;41;82;48;2;139;139;189m▀[38;2;180;189;246;48;2;90;106;189m▀▀▀[48;2;139;139;189m▀[48;2;180;189;246m▀▀[38;2;90;106;189;48;2;139;139;189m▀[38;2;16;41;82;48;2;16;41;82m▀[0m          [38;2;57;74;139m▄[38;2;16;41;82m▄[0m
[0m          [38;2;16;16;16;48;2;16;16;16m▀[38;2;90;106;189;48;2;90;106;189m▀▀▀[48;2;57;74;139m▀[38;2;16;41;82m▀[38;2;57;74;139;48;2;16;41;82m▀[38;2;16;41;82;48;2;57;74;139m▀[38;2;90;106;189;48;2;90;106;189m▀▀[38;2;115;139;205m▀▀[38;2;90;106;189m▀▀▀▀▀▀▀[38;2;16;41;82;48;2;16;41;82m▀[38;2;90;106;189;48;2;90;106;189m▀▀▀▀▀▀[38;2;139;139;189;48;2;139;139;189m▀[48;2;16;41;82m▀[38;2;16;41;82;49m▀[0m       [38;2;57;74;139m▄[48;2;90;106;189m▀▀[38;2;90;106;189;48;2;57;74;139m▀[38;2;16;16;16;48;2;16;41;82m▀[0m
[0m           [38;2;16;16;16m▀[38;2;57;74;139;48;2;16;16;16m▀[48;2;16;41;82m▀▀[38;2;16;41;82;49m▀[48;2;57;74;139m▀[38;2;90;106;189;48;2;90;106;189m▀▀▀▀▀▀▀▀▀[48;2;16;41;82m▀[38;2;57;74;139m▀[48;2;57;74;139m▀[48;2;16;41;82m▀[38;2;90;106;189;48;2;57;74;139m▀[48;2;90;106;189m▀▀[48;2;57;74;139m▀▀[38;2;57;74;139m▀[38;2;139;139;189;48;2;16;41;82m▀[38;2;16;41;82;49m▀[0m     [38;2;57;74;139m▄[48;2;90;106;189m▀▀[38;2;90;106;189m▀▀[48;2;57;74;139m▀[38;2;16;16;16;48;2;16;41;82m▀[0m
[0m                [38;2;16;16;16;48;2;16;16;16m▀[38;2;90;106;189;48;2;16;41;82m▀[48;2;90;106;189m▀▀▀▀▀[48;2;16;16;16m▀[38;2;57;74;139m▀[38;2;16;16;16;48;2;234;190;24m▀[38;2;234;190;24m▀[38;2;16;16;16;48;2;16;16;16m▀[38;2;57;74;139;48;2;57;74;139m▀[48;2;90;16;0m▀[38;2;16;41;82;48;2;16;41;82m▀[38;2;57;74;139;48;2;16;16;16m▀▀▀[38;2;16;16;16;49m▀▀[0m     [38;2;57;74;139m▄[48;2;90;106;189m▀[38;2;90;106;189m▀▀[48;2;57;74;139m▀▀[38;2;57;74;139m▀[38;2;16;16;16;48;2;16;41;82m▀[0m
[0m                [38;2;16;16;16m▀[38;2;57;74;139;48;2;57;74;139m▀[38;2;90;106;189;48;2;90;106;189m▀▀▀[48;2;57;74;139m▀[38;2;57;74;139;48;2;90;106;189m▀[38;2;90;106;189m▀[38;2;16;41;82m▀[38;2;16;16;16m▀[48;2;57;74;139m▀[38;2;57;74;139;48;2;197;205;213m▀[38;2;90;16;0;48;2;172;49;74m▀[38;2;172;49;74m▀▀[38;2;57;74;139;48;2;57;74;139m▀[38;2;16;16;16;48;2;16;16;16m▀[0m       [38;2;16;41;82;48;2;16;41;82m▀[38;2;90;106;189;48;2;90;106;189m▀[48;2;57;74;139m▀▀[38;2;57;74;139m▀▀▀[48;2;16;16;16m▀[38;2;16;41;82;49m▀[0m
[0m                 [38;2;16;41;82;48;2;16;41;82m▀[38;2;90;106;189;48;2;57;74;139m▀[48;2;90;106;189m▀▀▀▀[48;2;57;74;139m▀[38;2;57;74;139;48;2;172;49;74m▀[38;2;255;255;255m▀[38;2;172;49;74;48;2;90;16;0m▀▀[38;2;90;16;0;48;2;172;49;74m▀[38;2;172;49;74m▀[38;2;90;16;0;48;2;57;74;139m▀[38;2;57;74;139m▀[38;2;16;16;16;48;2;16;16;16m▀[0m     [38;2;16;41;82m▄[48;2;57;74;139m▀[38;2;57;74;139m▀▀▀▀▀▀[48;2;16;41;82m▀[38;2;16;41;82;49m▀[0m
[0m                  [38;2;16;41;82m▀[38;2;90;106;189;48;2;16;41;82m▀▀[38;2;57;74;139;48;2;16;16;16m▀[38;2;16;16;16;49m▀[48;2;16;16;16m▀[38;2;90;16;0;48;2;172;49;74m▀▀[38;2;172;49;74m▀▀▀▀[38;2;16;41;82;48;2;90;106;189m▀▀[38;2;90;106;189;48;2;16;41;82m▀[38;2;16;16;16;48;2;16;16;16m▀[0m   [38;2;16;41;82m▄[48;2;57;74;139m▀[38;2;57;74;139m▀▀▀[48;2;16;41;82m▀▀[38;2;16;41;82;49m▀[38;2;16;16;16m▀[0m
[0m                        [38;2;16;16;16;48;2;16;16;16m▀[38;2;172;49;74;48;2;222;90;41m▀[48;2;172;49;74m▀▀▀[48;2;222;90;41m▀[38;2;16;41;82;48;2;90;16;0m▀[48;2;90;106;189m▀[38;2;90;106;189m▀[38;2;16;16;16;48;2;57;74;139m▀[49m▄[0m [38;2;16;41;82m▄[48;2;57;74;139m▀[38;2;57;74;139m▀▀▀▀▀▀[38;2;16;41;82m▀[38;2;16;16;16;49m▄[0m
[0m                       [38;2;16;41;82m▄[48;2;57;74;139m▀[38;2;90;16;0m▀[38;2;222;90;41;48;2;222;90;41m▀▀▀▀▀[38;2;16;41;82;48;2;57;74;139m▀[48;2;90;106;189m▀[38;2;90;106;189m▀[48;2;115;139;205m▀[38;2;16;16;16m▀▀▀[38;2;57;74;139;48;2;57;74;139m▀[48;2;16;41;82m▀▀▀▀▀▀[38;2;16;41;82m▀[0m
[0m           [38;2;57;74;139m▄▄▄[48;2;90;106;189m▀▀▀[38;2;16;41;82;49m▄▄▄▄[48;2;57;74;139m▀▀[38;2;57;74;139m▀▀[48;2;90;16;0m▀[38;2;222;90;41;48;2;222;90;41m▀▀▀▀▀[38;2;90;106;189m▀[48;2;90;106;189m▀[48;2;57;74;139m▀[38;2;115;139;205;48;2;90;106;189m▀▀▀[38;2;90;106;189m▀▀▀▀[48;2;16;41;82m▀▀[38;2;57;74;139;48;2;90;106;189m▀[48;2;115;139;205m▀[38;2;90;106;189m▀[38;2;57;74;139m▀[38;2;16;41;82;49m▄[0m
[0m      [38;2;57;74;139m▄▄[48;2;115;139;205m▀▀▀[38;2;115;139;205;48;2;90;106;189m▀▀▀[38;2;90;106;189m▀▀[48;2;57;74;139m▀[38;2;57;74;139m▀[48;2;16;16;16m▀▀▀▀▀▀[48;2;57;74;139m▀[38;2;90;16;0;48;2;90;16;0m▀[38;2;222;90;41;48;2;222;90;41m▀▀▀▀▀▀[38;2;90;106;189m▀[38;2;57;74;139;48;2;16;41;82m▀▀▀[38;2;90;106;189m▀▀[38;2;16;41;82;48;2;90;106;189m▀[48;2;115;139;205m▀▀[38;2;115;139;205m▀▀[48;2;90;106;189m▀▀▀[38;2;90;106;189;48;2;16;41;82m▀[38;2;16;41;82;49m▀[0m        [38;2;16;41;82m▄[0m
[0m    [38;2;115;123;131m▄[38;2;16;41;82;48;2;197;205;213m▀[38;2;115;123;131m▀[38;2;197;205;213m▀▀[48;2;57;74;139m▀[38;2;57;74;139;48;2;90;106;189m▀[38;2;90;106;189m▀▀[48;2;57;74;139m▀[48;2;16;16;16m▀[38;2;57;74;139m▀[38;2;16;16;16;49m▀▀[0m      [38;2;16;16;16m▀[38;2;90;16;0;48;2;90;16;0m▀[38;2;222;90;41;48;2;222;90;41m▀▀▀▀[48;2;115;123;131m▀[48;2;197;205;213m▀[38;2;115;123;131;48;2;255;255;255m▀[38;2;197;205;213;48;2;197;205;213m▀▀▀[48;2;57;74;139m▀[38;2;57;74;139;48;2;90;106;189m▀[38;2;115;139;205m▀▀[38;2;90;106;189m▀▀▀▀▀[38;2;16;41;82m▀[49m▄[0m        [38;2;16;41;82;48;2;16;41;82m▀[38;2;57;74;139;48;2;57;74;139m▀[38;2;16;41;82;48;2;16;41;82m▀[0m
[0m  [38;2;115;123;131m▄[48;2;255;255;255m▀[38;2;255;255;255m▀[48;2;197;205;213m▀[38;2;197;205;213m▀[48;2;57;74;139m▀▀[38;2;57;74;139m▀▀▀[48;2;16;16;16m▀[38;2;16;16;16;49m▀[0m           [38;2;90;16;0;48;2;90;16;0m▀[38;2;222;90;41;48;2;222;90;41m▀▀[48;2;16;41;82m▀[38;2;115;123;131;48;2;197;205;213m▀[38;2;255;255;255;48;2;255;255;255m▀▀▀[48;2;16;16;16m▀[38;2;197;205;213;48;2;57;74;139m▀[38;2;90;106;189m▀[48;2;90;106;189m▀▀▀▀▀▀▀▀▀[48;2;115;139;205m▀[38;2;115;139;205m▀[38;2;16;16;16m▀[49m▄[0m     [38;2;16;41;82m▄[48;2;57;74;139m▀[38;2;57;74;139m▀[38;2;16;41;82m▀[38;2;16;16;16;49m▄[0m
[38;2;115;123;131;49m▄[48;2;255;255;255m▀[38;2;255;255;255m▀[48;2;16;16;16m▀▀[38;2;16;16;16;49m▀[48;2;16;16;16m▀[38;2;57;74;139;48;2;57;74;139m▀▀▀[48;2;16;16;16m▀[38;2;16;16;16;49m▀[0m        [38;2;115;123;131m▄[0m    [38;2;90;16;0;48;2;172;49;74m▀[38;2;222;90;41;48;2;222;90;41m▀[48;2;16;41;82m▀[38;2;115;123;131;48;2;197;205;213m▀[38;2;197;205;213;48;2;115;123;131m▀[48;2;16;41;82m▀[38;2;115;123;131;48;2;222;90;41m▀[38;2;16;41;82m▀[38;2;222;90;41m▀[38;2;16;16;16m▀[38;2;57;74;139;48;2;16;16;16m▀▀[38;2;16;16;16;48;2;90;106;189m▀▀[38;2;90;106;189;48;2;16;16;16m▀▀[48;2;115;139;205m▀▀[38;2;115;139;205m▀▀▀▀▀▀[38;2;16;16;16m▀[38;2;57;74;139;49m▄[0m   [38;2;16;41;82;48;2;16;41;82m▀[38;2;57;74;139;48;2;57;74;139m▀▀▀[38;2;16;16;16;48;2;16;16;16m▀[0m
[38;2;115;123;131;49m▀[38;2;16;41;82m▀▀[0m   [38;2;16;16;16m▀[38;2;57;74;139;48;2;16;16;16m▀[48;2;57;74;139m▀[38;2;16;16;16;48;2;16;16;16m▀[0m         [38;2;115;123;131;48;2;115;123;131m▀[38;2;255;255;255;48;2;255;255;255m▀[38;2;115;123;131;48;2;115;123;131m▀[0m  [38;2;90;16;0;48;2;90;16;0m▀[38;2;222;90;41;48;2;222;90;41m▀▀[38;2;16;41;82m▀▀[38;2;222;90;41m▀▀▀▀▀▀[38;2;90;106;189m▀[48;2;90;106;189m▀▀▀▀[38;2;57;74;139;48;2;57;74;139m▀[38;2;16;16;16m▀▀[38;2;115;139;205;48;2;16;41;82m▀▀▀[48;2;115;139;205m▀▀▀▀▀[38;2;16;41;82m▀[48;2;57;74;139m▀[38;2;57;74;139;48;2;16;41;82m▀[48;2;57;74;139m▀▀▀▀[38;2;16;41;82m▀▀[48;2;90;106;189m▀▀▀▀[48;2;16;16;16m▀[0m
[0m        [38;2;16;16;16m▀[0m         [38;2;115;123;131m▄[48;2;255;255;255m▀[38;2;255;255;255;48;2;197;205;213m▀[38;2;197;205;213m▀[38;2;115;123;131;48;2;57;74;139m▀[38;2;16;16;16m▀[38;2;90;16;0;48;2;90;16;0m▀[38;2;222;90;41;48;2;222;90;41m▀▀▀▀▀▀▀▀▀▀▀[38;2;90;106;189m▀[48;2;90;106;189m▀▀[48;2;57;74;139m▀[38;2;57;74;139m▀▀▀▀▀▀[38;2;16;41;82;48;2;16;41;82m▀[48;2;57;74;139m▀▀▀[38;2;57;74;139;48;2;16;16;16m▀[38;2;115;139;205m▀▀▀[38;2;16;41;82m▀[38;2;57;74;139;48;2;16;41;82m▀[48;2;57;74;139m▀▀[38;2;90;106;189m▀▀▀[38;2;57;74;139m▀[48;2;16;16;16m▀[38;2;16;16;16;49m▀[0m
[0m                  [38;2;115;123;131;48;2;115;123;131m▀[38;2;255;255;255;48;2;255;255;255m▀[38;2;197;205;213;48;2;197;205;213m▀▀[48;2;57;74;139m▀[38;2;90;106;189;48;2;90;106;189m▀[38;2;90;16;0m▀[38;2;222;90;41;48;2;172;49;74m▀[48;2;222;90;41m▀▀▀▀▀▀▀▀▀▀▀▀[38;2;57;74;139;48;2;172;49;74m▀[48;2;57;74;139m▀[48;2;16;41;82m▀[38;2;16;41;82;48;2;57;74;139m▀[38;2;57;74;139;48;2;90;106;189m▀▀▀[38;2;16;41;82;48;2;16;41;82m▀[38;2;255;255;255;48;2;255;255;255m▀[38;2;16;41;82;48;2;115;123;131m▀[38;2;57;74;139;48;2;57;74;139m▀▀[38;2;16;41;82m▀[38;2;57;74;139;48;2;16;41;82m▀[48;2;57;74;139m▀[38;2;16;41;82m▀[38;2;57;74;139;48;2;16;41;82m▀[48;2;57;74;139m▀[38;2;16;41;82;48;2;16;41;82m▀[38;2;57;74;139m▀[48;2;57;74;139m▀[38;2;16;41;82;48;2;139;139;189m▀[38;2;16;16;16;48;2;16;41;82m▀[49m▀[0m
[0m                [38;2;115;123;131m▄[38;2;16;16;16;48;2;255;255;255m▀[48;2;197;205;213m▀[38;2;255;255;255;48;2;115;123;131m▀[38;2;197;205;213;48;2;57;74;139m▀[38;2;57;74;139;48;2;90;106;189m▀[38;2;90;106;189m▀▀▀[38;2;90;16;0;48;2;90;16;0m▀[38;2;222;90;41;48;2;222;90;41m▀▀▀[38;2;180;189;246;48;2;180;189;246m▀[38;2;222;90;41m▀[48;2;222;90;41m▀▀▀▀[48;2;172;49;74m▀▀[38;2;172;49;74m▀▀[48;2;16;41;82m▀[38;2;16;41;82;48;2;90;106;189m▀[38;2;90;106;189m▀▀▀[38;2;57;74;139;48;2;57;74;139m▀[38;2;197;205;213;48;2;197;205;213m▀▀[38;2;115;123;131;48;2;255;255;255m▀[38;2;90;106;189;48;2;57;74;139m▀[38;2;16;41;82;48;2;90;106;189m▀[38;2;57;74;139;48;2;16;41;82m▀[38;2;16;41;82m▀[38;2;57;74;139m▀[48;2;57;74;139m▀[38;2;16;41;82;48;2;139;139;189m▀▀[38;2;57;74;139m▀[38;2;139;139;189m▀[48;2;16;41;82m▀[38;2;16;41;82;49m▀[0m
[0m                [38;2;115;123;131;48;2;16;16;16m▀[38;2;255;255;255;48;2;57;74;139m▀[38;2;197;205;213;48;2;255;255;255m▀[38;2;115;123;131;48;2;57;74;139m▀[38;2;90;106;189;48;2;90;106;189m▀▀▀▀[48;2;57;74;139m▀[38;2;57;74;139m▀[38;2;172;49;74;48;2;16;41;82m▀[48;2;172;49;74m▀[38;2;222;90;41m▀[38;2;180;189;246m▀[48;2;139;139;189m▀▀[38;2;222;90;41m▀[38;2;172;49;74;48;2;172;49;74m▀▀▀▀▀[48;2;139;139;189m▀[38;2;16;41;82;48;2;16;41;82m▀[38;2;90;106;189;48;2;90;106;189m▀▀▀▀▀[38;2;57;74;139m▀[38;2;197;205;213;48;2;197;205;213m▀[38;2;255;255;255m▀[38;2;57;74;139;48;2;57;74;139m▀[38;2;90;106;189m▀[38;2;16;41;82;48;2;16;41;82m▀[38;2;139;139;189;48;2;139;139;189m▀▀▀▀▀▀[48;2;16;41;82m▀[38;2;16;41;82;49m▀[0m
[0m                [38;2;16;16;16;48;2;16;16;16m▀[38;2;57;74;139;48;2;57;74;139m▀▀[38;2;90;106;189m▀▀▀[38;2;57;74;139m▀▀▀▀▀[38;2;16;41;82m▀[38;2;139;139;189;48;2;16;41;82m▀[38;2;172;49;74;48;2;139;139;189m▀[38;2;139;139;189m▀▀▀▀[38;2;172;49;74m▀▀▀[38;2;139;139;189m▀▀[38;2;16;41;82;48;2;16;41;82m▀[38;2;90;106;189;48;2;90;106;189m▀▀▀▀▀▀[38;2;57;74;139m▀[38;2;197;205;213;48;2;57;74;139m▀[38;2;57;74;139;48;2;197;205;213m▀[38;2;255;255;255;48;2;255;255;255m▀[38;2;90;106;189;48;2;90;106;189m▀[38;2;16;41;82;48;2;16;41;82m▀[38;2;139;139;189;48;2;139;139;189m▀▀▀[48;2;16;41;82m▀[38;2;16;41;82;49m▀[0m
[0m                 [38;2;16;16;16m▀[38;2;57;74;139;48;2;16;16;16m▀▀[48;2;57;74;139m▀▀▀▀▀▀[48;2;16;16;16m▀[38;2;16;16;16;49m▀▀[38;2;16;41;82m▀[38;2;139;139;189;48;2;16;16;16m▀[48;2;16;41;82m▀[48;2;139;139;189m▀▀▀▀▀▀▀▀[38;2;16;16;16;48;2;16;16;16m▀[38;2;90;106;189;48;2;90;106;189m▀[38;2;115;139;205;48;2;115;139;205m▀▀[38;2;90;106;189m▀[48;2;90;106;189m▀▀[38;2;57;74;139m▀[38;2;255;255;255;48;2;255;255;255m▀[38;2;197;205;213;48;2;16;41;82m▀[38;2;90;106;189;48;2;57;74;139m▀[38;2;16;41;82;48;2;16;41;82m▀[38;2;139;139;189m▀[38;2;16;41;82;49m▀▀[0m
[0m                    [38;2;16;16;16m▀▀[38;2;57;74;139;48;2;16;16;16m▀▀[48;2;57;74;139m▀▀▀[38;2;16;16;16;48;2;16;41;82m▀[0m    [38;2;16;16;16m▀▀▀[38;2;139;139;189;48;2;16;41;82m▀▀▀▀▀▀[38;2;16;16;16;49m▀[38;2;90;106;189;48;2;16;16;16m▀[38;2;115;139;205m▀[48;2;57;74;139m▀[38;2;90;106;189;48;2;90;106;189m▀▀[48;2;57;74;139m▀[38;2;16;41;82m▀[38;2;57;74;139m▀[48;2;16;41;82m▀[38;2;16;41;82;49m▀[0m
[0m                   [38;2;115;123;131m▄[38;2;16;41;82m▄▄[48;2;57;74;139m▀[38;2;57;74;139m▀[38;2;16;41;82;48;2;16;41;82m▀[38;2;57;74;139;48;2;57;74;139m▀▀▀[38;2;16;41;82m▀[0m               [38;2;16;41;82m▀[38;2;57;74;139;48;2;16;41;82m▀[48;2;57;74;139m▀▀▀▀[38;2;16;41;82m▀[49m▄[0m
[0m                [38;2;16;16;16m▄[38;2;115;123;131;48;2;197;205;213m▀[48;2;115;123;131m▀[38;2;57;74;139;48;2;197;205;213m▀[48;2;115;123;131m▀[48;2;57;74;139m▀▀[38;2;16;41;82m▀[38;2;57;74;139m▀▀[48;2;16;16;16m▀▀[38;2;16;41;82;49m▀[0m                [38;2;16;41;82;48;2;16;41;82m▀▀[38;2;57;74;139;48;2;57;74;139m▀▀▀[48;2;16;41;82m▀[38;2;16;41;82;48;2;57;74;139m▀[38;2;16;16;16;49m▄[0m
[0m               [38;2;16;16;16m▀[38;2;197;205;213;48;2;16;16;16m▀[38;2;115;123;131m▀[38;2;255;255;255;48;2;115;123;131m▀[38;2;115;123;131;48;2;197;205;213m▀[38;2;197;205;213m▀[48;2;16;16;16m▀[38;2;57;74;139m▀▀[38;2;16;16;16;49m▀▀[0m                  [38;2;16;16;16;48;2;16;16;16m▀[38;2;57;74;139;48;2;57;74;139m▀▀[38;2;16;41;82;48;2;16;41;82m▀[38;2;57;74;139;48;2;57;74;139m▀[48;2;90;106;189m▀[38;2;16;41;82m▀[38;2;57;74;139m▀▀[38;2;16;16;16;48;2;57;74;139m▀[49m▄[38;2;115;123;131m▄[0m
[0m                  [38;2;16;16;16m▀▀▀[0m                       [38;2;16;16;16m▀[38;2;57;74;139;48;2;16;16;16m▀[48;2;90;106;189m▀[38;2;90;106;189m▀▀▀▀[48;2;57;74;139m▀▀[38;2;57;74;139;48;2;90;106;189m▀[38;2;255;255;255;48;2;197;205;213m▀[38;2;197;205;213;48;2;255;255;255m▀[38;2;115;123;131;48;2;115;123;131m▀[0m
[0m                                             [38;2;16;16;16m▀[38;2;90;106;189;48;2;16;16;16m▀[48;2;57;74;139m▀[38;2;57;74;139;48;2;197;205;213m▀[48;2;255;255;255m▀[48;2;57;74;139m▀[38;2;255;255;255;48;2;197;205;213m▀[48;2;255;255;255m▀[38;2;57;74;139;48;2;197;205;213m▀[38;2;16;16;16;48;2;16;16;16m▀[38;2;115;123;131;49m▀[38;2;255;255;255;48;2;16;16;16m▀[38;2;115;123;131m▀[0m
[0m                                               [38;2;16;16;16m▀[38;2;197;205;213;48;2;16;16;16m▀[38;2;255;255;255;48;2;255;255;255m▀[38;2;57;74;139;48;2;57;74;139m▀[38;2;16;16;16;49m▀▀[38;2;255;255;255;48;2;16;16;16m▀[38;2;115;123;131m▀[0m
[0m                                                 [38;2;16;16;16m▀▀[0m
