[0m                                   [38;2;65;65;139m▄[48;2;123;123;205m▀▀▀[49m▄▄[0m
[0m                    [38;2;197;148;16m▄[48;2;255;213;24m▀▀▀[38;2;41;41;82m▀[48;2;197;148;16m▀[48;2;90;98;172m▀▀[38;2;65;65;139;49m▄[38;2;41;41;82m▄▄▄[0m   [38;2;65;65;139;48;2;65;65;139m▀[38;2;123;123;205;48;2;90;98;172m▀▀▀[48;2;123;123;205m▀[38;2;90;98;172m▀[38;2;65;65;139;48;2;90;98;172m▀[38;2;41;41;82;49m▄[0m
[0m                  [38;2;65;65;139m▄[48;2;90;98;172m▀[38;2;255;213;24;48;2;255;213;24m▀▀▀[38;2;197;148;16m▀[38;2;90;98;172;48;2;197;148;16m▀[48;2;90;98;172m▀▀▀▀▀▀▀[38;2;65;65;139m▀[38;2;41;41;82m▀▀[48;2;65;65;139m▀[48;2;41;41;82m▀[38;2;90;98;172;48;2;90;98;172m▀▀▀▀[48;2;65;65;139m▀[38;2;65;65;139;48;2;90;98;172m▀[38;2;41;41;82m▀[38;2;16;16;16;49m▄[0m
[0m          [38;2;65;65;139m▄[48;2;123;123;205m▀▀▀[38;2;41;41;82;48;2;65;65;139m▀[49m▄▄[48;2;41;41;82m▀[38;2;65;65;139;48;2;90;98;172m▀[38;2;90;98;172m▀[38;2;255;213;24;48;2;197;148;16m▀[48;2;255;213;24m▀▀[48;2;90;98;172m▀▀[38;2;197;148;16m▀[38;2;90;98;172m▀▀▀▀▀▀▀▀▀▀▀[38;2;41;41;82m▀▀[38;2;65;65;139m▀▀[38;2;90;98;172m▀▀[48;2;65;65;139m▀[38;2;16;16;16;48;2;90;98;172m▀[49m▄[0m
[0m          [38;2;65;65;139;48;2;41;41;82m▀[38;2;90;98;172;48;2;65;65;139m▀▀[38;2;123;123;205;48;2;90;98;172m▀▀[38;2;90;98;172;48;2;65;65;139m▀[38;2;41;41;82;48;2;90;98;172m▀[38;2;65;65;139m▀[38;2;90;98;172m▀[48;2;41;41;82m▀[48;2;90;98;172m▀[38;2;255;213;24;48;2;197;148;16m▀[48;2;255;213;24m▀[38;2;90;98;172;48;2;90;98;172m▀[48;2;41;41;82m▀[38;2;65;65;139;48;2;90;98;172m▀[38;2;90;98;172;48;2;65;65;139m▀▀[48;2;16;16;16m▀▀[38;2;65;65;139;48;2;255;213;24m▀[48;2;16;16;16m▀▀[48;2;65;65;139m▀▀[48;2;41;41;82m▀[38;2;16;16;16m▀[49m▀▀[38;2;90;98;172;48;2;16;16;16m▀▀[38;2;41;41;82;48;2;65;65;139m▀▀[38;2;90;98;172m▀[48;2;90;98;172m▀[38;2;16;16;16;48;2;16;16;16m▀[0m
[0m           [38;2;41;41;82m▀[38;2;65;65;139;48;2;41;41;82m▀[38;2;41;41;82;48;2;65;65;139m▀▀[38;2;90;98;172m▀▀[48;2;41;41;82m▀[38;2;41;41;82;48;2;65;65;139m▀[49m▄▀[38;2;90;98;172;48;2;16;16;16m▀[38;2;197;148;16;48;2;65;65;139m▀[38;2;65;65;139m▀▀▀▀[38;2;16;16;16m▀▀[38;2;255;213;24m▀[38;2;197;148;16m▀[38;2;16;16;16m▀[38;2;65;65;139m▀▀▀▀▀[38;2;16;16;16;48;2;16;16;16m▀[0m   [38;2;16;16;16m▀▀[38;2;65;65;139;48;2;16;16;16m▀▀[38;2;16;16;16;49m▀[0m
[0m             [38;2;41;41;82m▀[38;2;65;65;139;48;2;41;41;82m▀▀[38;2;41;41;82;48;2;65;65;139m▀[38;2;65;65;139m▀▀[38;2;41;41;82;48;2;41;41;82m▀[0m  [38;2;16;16;16m▀[38;2;65;65;139;48;2;16;16;16m▀▀[38;2;16;16;16;49m▀[48;2;16;16;16m▀▀▀[38;2;255;255;255m▀[38;2;41;41;82m▀[38;2;65;65;139;48;2;255;255;255m▀[48;2;41;41;82m▀[48;2;65;65;139m▀▀▀▀[38;2;41;41;82;48;2;90;98;172m▀[38;2;16;16;16;49m▄[0m                    [38;2;65;65;139m▄▄▄▄▄▄▄▄[0m
[0m                [38;2;41;41;82m▀▀▀[0m       [38;2;115;123;131m▄[38;2;16;16;16;48;2;197;205;213m▀[38;2;106;57;90;48;2;106;57;90m▀[48;2;189;115;123m▀▀▀[48;2;255;255;255m▀[38;2;65;65;139;48;2;230;74;49m▀[48;2;41;41;82m▀[48;2;90;98;172m▀[38;2;90;98;172m▀▀[38;2;16;16;16m▀[49m▄[0m            [38;2;65;65;139m▄▄▄[38;2;90;98;172m▄[38;2;65;65;139;48;2;90;98;172m▀▀[38;2;90;98;172m▀▀▀▀▀▀▀▀[38;2;41;41;82;48;2;41;41;82m▀[0m
[0m                         [38;2;115;123;131;48;2;115;123;131m▀[38;2;255;255;255;48;2;90;16;0m▀[38;2;106;57;90;48;2;189;115;123m▀[38;2;189;115;123m▀[48;2;255;255;255m▀[48;2;106;57;90m▀[38;2;255;255;255;48;2;197;205;213m▀[38;2;90;16;0;48;2;230;74;49m▀[38;2;230;74;49m▀[48;2;189;57;65m▀[38;2;90;98;172m▀[48;2;65;65;139m▀▀[48;2;41;41;82m▀[38;2;16;16;16m▀[49m▄[0m      [38;2;41;41;82m▄▄[48;2;65;65;139m▀▀▀[38;2;90;98;172m▀▀▀▀[48;2;90;98;172m▀▀▀▀▀▀▀▀[48;2;41;41;82m▀[38;2;41;41;82;49m▀[0m
[0m                        [38;2;115;123;131;48;2;115;123;131m▀[38;2;255;255;255;48;2;90;16;0m▀[38;2;106;57;90;48;2;106;57;90m▀[38;2;189;115;123m▀[48;2;90;16;0m▀[38;2;255;255;255;48;2;230;74;49m▀[38;2;197;205;213m▀[38;2;230;74;49m▀[48;2;189;57;65m▀[38;2;189;57;65m▀[38;2;90;16;0;48;2;90;16;0m▀[38;2;189;57;65;48;2;189;57;65m▀[38;2;90;98;172m▀[48;2;65;65;139m▀▀[48;2;41;41;82m▀[38;2;16;16;16m▀[38;2;41;41;82;49m▄▄▄[48;2;65;65;139m▀▀▀[38;2;65;65;139m▀▀▀▀▀▀▀▀▀▀▀▀▀▀▀▀[38;2;41;41;82;48;2;41;41;82m▀[0m
[0m                         [38;2;90;16;0m▀[38;2;230;74;49;48;2;90;16;0m▀▀▀▀[38;2;189;57;65m▀▀[38;2;90;16;0;48;2;189;57;65m▀▀[38;2;189;57;65m▀▀▀[38;2;90;98;172;48;2;230;74;49m▀[48;2;65;65;139m▀▀[48;2;41;41;82m▀▀[38;2;16;16;16m▀[38;2;65;65;139;48;2;16;16;16m▀[48;2;65;65;139m▀▀▀▀▀▀▀▀▀▀▀▀[48;2;41;41;82m▀▀▀[38;2;41;41;82;49m▀▀▀▀[0m
[0m                             [38;2;90;16;0;48;2;90;16;0m▀[38;2;189;57;65;48;2;189;57;65m▀▀▀▀▀▀[48;2;230;74;49m▀[38;2;230;74;49m▀[38;2;90;98;172m▀[48;2;90;98;172m▀▀▀[38;2;65;65;139m▀▀[38;2;41;41;82m▀▀[38;2;65;65;139;48;2;16;16;16m▀▀▀[48;2;65;65;139m▀▀▀▀▀▀▀[38;2;41;41;82m▀[49m▄[38;2;65;65;139m▄[38;2;41;41;82m▄[48;2;41;41;82m▀[48;2;255;255;255m▀[38;2;115;123;131m▀▀[49m▄▄[0m
[0m                         [38;2;65;65;139m▄▄[48;2;90;98;172m▀▀[38;2;90;98;172m▀[38;2;90;16;0;48;2;90;16;0m▀[38;2;189;57;65;48;2;189;57;65m▀▀▀▀▀[38;2;230;74;49m▀[48;2;230;74;49m▀▀▀[38;2;90;98;172m▀[48;2;90;98;172m▀▀▀▀▀▀▀▀[38;2;16;16;16;48;2;16;16;16m▀[38;2;65;65;139m▀[48;2;65;65;139m▀▀▀▀▀▀[48;2;41;41;82m▀[38;2;41;41;82;48;2;90;98;172m▀[38;2;90;98;172m▀▀[38;2;255;255;255;48;2;255;255;255m▀▀▀▀▀[38;2;115;123;131m▀[49m▄[0m
[0m                        [38;2;65;65;139;48;2;65;65;139m▀[38;2;123;123;205;48;2;123;123;205m▀[48;2;90;98;172m▀[38;2;90;98;172m▀▀[48;2;230;74;49m▀[38;2;230;74;49m▀[38;2;90;16;0m▀[38;2;189;57;65;48;2;90;16;0m▀[48;2;189;57;65m▀▀[48;2;90;16;0m▀[38;2;90;16;0;48;2;230;74;49m▀[38;2;230;74;49m▀▀▀▀▀[38;2;90;98;172m▀[48;2;90;98;172m▀▀▀▀▀▀[38;2;41;41;82;48;2;255;255;255m▀[38;2;255;255;255m▀[38;2;16;16;16;48;2;16;16;16m▀[38;2;65;65;139;48;2;65;65;139m▀[48;2;16;16;16m▀▀[48;2;65;65;139m▀[48;2;41;41;82m▀[38;2;41;41;82;48;2;90;98;172m▀[38;2;90;98;172m▀▀[38;2;41;41;82;48;2;41;41;82m▀[38;2;90;98;172m▀[38;2;255;255;255m▀[48;2;197;205;213m▀[48;2;255;255;255m▀▀▀[38;2;115;123;131m▀[49m▄[0m
[0m                    [38;2;115;123;131;48;2;115;123;131m▀[48;2;255;255;255m▀[49m▄[38;2;41;41;82m▄[48;2;90;98;172m▀[38;2;90;98;172m▀▀▀[48;2;230;74;49m▀[38;2;230;74;49m▀▀▀▀▀▀▀▀▀▀▀▀▀▀▀[38;2;90;98;172m▀[48;2;90;98;172m▀▀▀▀[38;2;197;205;213;48;2;197;205;213m▀[38;2;255;255;255m▀[38;2;16;16;16;48;2;41;41;82m▀[48;2;255;255;255m▀[38;2;255;255;255m▀[38;2;16;16;16;48;2;16;16;16m▀[38;2;65;65;139;48;2;41;41;82m▀[38;2;41;41;82;48;2;90;98;172m▀[38;2;90;98;172m▀[48;2;41;41;82m▀[38;2;41;41;82;48;2;65;65;139m▀[38;2;65;65;139m▀▀▀[38;2;41;41;82m▀[38;2;197;205;213;48;2;41;41;82m▀[38;2;255;255;255;48;2;197;205;213m▀▀[48;2;255;255;255m▀[38;2;115;123;131;48;2;197;205;213m▀[49m▄[0m
[0m   [38;2;115;123;131m▄[38;2;255;255;255m▄[38;2;115;123;131;48;2;255;255;255m▀▀▀[38;2;41;41;82;48;2;90;98;172m▀[49m▄▄[0m      [38;2;115;123;131m▄▄[0m [38;2;115;123;131;48;2;115;123;131m▀[38;2;255;255;255;48;2;255;255;255m▀[38;2;197;205;213m▀[38;2;41;41;82;48;2;197;205;213m▀[38;2;90;98;172;48;2;90;98;172m▀▀[48;2;230;74;49m▀[38;2;230;74;49m▀▀[48;2;90;16;0m▀[48;2;230;74;49m▀▀▀▀▀▀▀▀▀▀▀[38;2;90;16;0;48;2;189;57;65m▀▀[38;2;189;57;65;48;2;90;16;0m▀[38;2;230;74;49m▀▀[48;2;230;74;49m▀[38;2;90;98;172m▀[48;2;90;98;172m▀▀▀▀[38;2;197;205;213;48;2;197;205;213m▀[38;2;255;255;255m▀[38;2;16;16;16;48;2;41;41;82m▀[38;2;41;41;82;48;2;90;98;172m▀[38;2;90;98;172m▀[48;2;65;65;139m▀[38;2;41;41;82m▀[38;2;65;65;139m▀▀▀▀[48;2;90;98;172m▀▀[38;2;41;41;82m▀[38;2;197;205;213;48;2;41;41;82m▀[48;2;197;205;213m▀▀[38;2;115;123;131;48;2;115;123;131m▀[0m
[0m [38;2;115;123;131m▄[48;2;255;255;255m▀[38;2;255;255;255m▀▀[48;2;197;205;213m▀▀[38;2;90;98;172m▀[48;2;90;98;172m▀[38;2;123;123;205m▀▀[38;2;41;41;82;48;2;123;123;205m▀▀[49m▄▄[0m  [38;2;115;123;131;48;2;115;123;131m▀[38;2;255;255;255;48;2;255;255;255m▀[38;2;41;41;82m▀[38;2;115;123;131;48;2;41;41;82m▀[38;2;255;255;255;48;2;90;98;172m▀[38;2;197;205;213m▀[38;2;90;98;172m▀▀[48;2;230;74;49m▀[38;2;230;74;49m▀[48;2;189;57;65m▀[38;2;189;57;65;48;2;90;16;0m▀[48;2;16;16;16m▀[38;2;90;16;0m▀[38;2;230;74;49m▀[48;2;230;74;49m▀▀▀▀▀▀▀▀▀▀[38;2;189;57;65;48;2;189;57;65m▀[38;2;65;65;139;48;2;65;65;139m▀▀▀[38;2;90;16;0m▀[48;2;41;41;82m▀[49m▀[38;2;90;98;172;48;2;41;41;82m▀[48;2;90;98;172m▀▀▀▀[38;2;41;41;82m▀[38;2;90;98;172m▀[48;2;65;65;139m▀[38;2;65;65;139m▀▀▀[48;2;90;98;172m▀[38;2;90;98;172m▀▀▀▀▀[38;2;41;41;82;48;2;41;41;82m▀[49m▀[38;2;197;205;213;48;2;41;41;82m▀[38;2;115;123;131;49m▀[0m
[38;2;115;123;131;49m▄[48;2;255;255;255m▀[38;2;255;255;255m▀▀[38;2;197;205;213;48;2;197;205;213m▀[48;2;41;41;82m▀[38;2;41;41;82;49m▀[48;2;41;41;82m▀[48;2;65;65;139m▀▀[38;2;90;98;172;48;2;41;41;82m▀[48;2;65;65;139m▀[48;2;90;98;172m▀▀▀[38;2;41;41;82m▀▀[48;2;41;41;82m▀[38;2;255;255;255;48;2;255;255;255m▀[48;2;197;205;213m▀[38;2;197;205;213;48;2;90;98;172m▀[38;2;90;98;172m▀▀▀▀[38;2;230;74;49;48;2;90;16;0m▀[38;2;16;16;16;49m▀▀[0m    [38;2;16;16;16m▀[38;2;230;74;49;48;2;16;16;16m▀[48;2;230;74;49m▀▀▀▀▀▀▀▀[38;2;189;57;65;48;2;189;57;65m▀[38;2;65;65;139;48;2;65;65;139m▀▀▀▀[38;2;41;41;82;48;2;41;41;82m▀[0m  [38;2;41;41;82m▀[38;2;90;98;172;48;2;41;41;82m▀[48;2;90;98;172m▀▀▀[48;2;41;41;82m▀[38;2;65;65;139;48;2;65;65;139m▀▀▀[38;2;90;98;172;48;2;90;98;172m▀▀▀▀▀▀▀[38;2;41;41;82;48;2;41;41;82m▀[0m
[38;2;115;123;131;48;2;115;123;131m▀[38;2;255;255;255;48;2;255;255;255m▀[48;2;197;205;213m▀[38;2;197;205;213;48;2;41;41;82m▀[38;2;41;41;82;49m▀[0m  [38;2;41;41;82;48;2;65;65;139m▀[38;2;65;65;139m▀▀▀▀▀▀[38;2;90;98;172m▀▀[48;2;90;98;172m▀▀▀▀▀▀[48;2;41;41;82m▀[38;2;41;41;82;49m▀[0m         [38;2;90;16;0;48;2;90;98;172m▀[38;2;230;74;49;48;2;65;65;139m▀[48;2;230;74;49m▀▀▀▀▀▀▀[38;2;189;57;65m▀[38;2;65;65;139;48;2;65;65;139m▀▀▀▀[38;2;41;41;82m▀[49m▄[0m   [38;2;41;41;82m▀[38;2;90;98;172;48;2;41;41;82m▀▀[38;2;41;41;82;49m▀[38;2;65;65;139;48;2;41;41;82m▀[48;2;65;65;139m▀[48;2;90;98;172m▀[38;2;90;98;172m▀▀▀▀▀▀▀[38;2;41;41;82;48;2;41;41;82m▀[0m
[0m [38;2;197;205;213;48;2;115;123;131m▀[38;2;41;41;82;49m▀[0m   [38;2;41;41;82;48;2;41;41;82m▀[38;2;65;65;139;48;2;65;65;139m▀▀▀▀▀[48;2;90;98;172m▀▀▀▀▀▀[38;2;90;98;172;48;2;65;65;139m▀[48;2;90;98;172m▀▀[38;2;16;16;16;48;2;16;16;16m▀[0m          [38;2;41;41;82m▄[38;2;90;98;172;48;2;90;98;172m▀[38;2;65;65;139;48;2;65;65;139m▀[38;2;230;74;49;48;2;230;74;49m▀[48;2;197;148;16m▀▀▀▀▀[48;2;230;74;49m▀▀[38;2;90;98;172;48;2;90;98;172m▀[38;2;65;65;139m▀▀[48;2;65;65;139m▀▀[38;2;41;41;82m▀[49m▄[0m      [38;2;41;41;82m▀[38;2;65;65;139;48;2;41;41;82m▀[38;2;90;98;172;48;2;90;98;172m▀▀▀▀▀▀▀▀[38;2;41;41;82;48;2;41;41;82m▀[0m
[0m      [38;2;41;41;82;48;2;41;41;82m▀[38;2;65;65;139;48;2;65;65;139m▀[48;2;90;98;172m▀▀[38;2;90;98;172m▀▀▀▀▀▀▀▀[48;2;16;16;16m▀[38;2;16;16;16;49m▀▀[0m     [38;2;115;123;131m▄▄[0m   [38;2;65;65;139m▄[48;2;90;98;172m▀[38;2;90;98;172;48;2;65;65;139m▀[38;2;65;65;139;48;2;197;148;16m▀[38;2;255;213;24;48;2;255;213;24m▀▀▀▀▀▀▀[38;2;197;148;16;48;2;197;148;16m▀[38;2;90;98;172;48;2;90;98;172m▀[48;2;65;65;139m▀[38;2;65;65;139;48;2;90;98;172m▀[38;2;90;98;172m▀[38;2;65;65;139m▀[38;2;41;41;82m▀[38;2;65;65;139;48;2;41;41;82m▀[38;2;41;41;82;48;2;65;65;139m▀[49m▄[0m     [38;2;41;41;82m▀[38;2;90;98;172;48;2;65;65;139m▀[48;2;90;98;172m▀▀▀▀▀▀[48;2;41;41;82m▀[38;2;41;41;82;49m▀[0m
[0m      [38;2;41;41;82;48;2;41;41;82m▀[38;2;90;98;172;48;2;90;98;172m▀▀▀▀▀▀▀▀▀▀[48;2;16;16;16m▀[38;2;16;16;16;49m▀[0m   [38;2;115;123;131m▄▄[0m  [38;2;115;123;131;48;2;115;123;131m▀[38;2;255;255;255;48;2;255;255;255m▀[38;2;16;16;16m▀[49m▄[38;2;65;65;139;48;2;90;98;172m▀[38;2;90;98;172m▀▀[38;2;65;65;139;48;2;65;65;139m▀[38;2;255;213;24;48;2;197;148;16m▀[48;2;255;213;24m▀▀▀▀▀▀▀▀[38;2;197;148;16;48;2;197;148;16m▀[38;2;65;65;139;48;2;90;98;172m▀[38;2;90;98;172m▀[38;2;255;255;255;48;2;255;255;255m▀[38;2;65;65;139m▀[38;2;90;98;172;48;2;65;65;139m▀[48;2;90;98;172m▀[38;2;41;41;82m▀[48;2;41;41;82m▀[49m▄[0m     [38;2;65;65;139;48;2;65;65;139m▀[38;2;90;98;172;48;2;90;98;172m▀▀▀▀▀▀[38;2;41;41;82;48;2;41;41;82m▀[0m
[0m      [38;2;41;41;82;48;2;41;41;82m▀[38;2;90;98;172;48;2;90;98;172m▀▀▀▀▀▀▀▀▀[48;2;16;16;16m▀[38;2;16;16;16;49m▀[0m    [38;2;115;123;131;48;2;115;123;131m▀[38;2;255;255;255;48;2;255;255;255m▀[38;2;16;16;16m▀[49m▄[38;2;115;123;131;48;2;90;98;172m▀[38;2;255;255;255;48;2;255;255;255m▀[48;2;197;205;213m▀[38;2;197;205;213;48;2;90;98;172m▀[38;2;90;98;172m▀▀[48;2;65;65;139m▀[38;2;65;65;139;48;2;90;98;172m▀[38;2;90;98;172m▀[38;2;255;213;24m▀[48;2;255;213;24m▀▀▀▀▀[48;2;90;98;172m▀[38;2;90;98;172m▀[38;2;41;41;82;48;2;41;41;82m▀[38;2;90;98;172;48;2;90;98;172m▀▀[38;2;255;255;255;48;2;255;255;255m▀▀[38;2;197;205;213;48;2;65;65;139m▀[38;2;65;65;139m▀[38;2;90;98;172;48;2;90;98;172m▀▀[38;2;41;41;82m▀[49m▄[0m     [38;2;65;65;139;48;2;65;65;139m▀[38;2;90;98;172;48;2;90;98;172m▀▀▀▀▀[38;2;41;41;82;48;2;41;41;82m▀[0m     [38;2;65;65;139m▄▄[0m
[0m       [38;2;65;65;139;48;2;65;65;139m▀[38;2;90;98;172;48;2;90;98;172m▀▀▀▀▀▀▀▀[38;2;16;16;16;48;2;16;16;16m▀[0m     [38;2;115;123;131;48;2;41;41;82m▀[38;2;255;255;255;48;2;255;255;255m▀[48;2;197;205;213m▀[38;2;197;205;213;48;2;90;98;172m▀[38;2;90;98;172m▀▀▀▀▀▀[38;2;65;65;139;48;2;65;65;139m▀[38;2;90;98;172;48;2;90;98;172m▀▀▀▀[38;2;255;213;24m▀[48;2;255;213;24m▀[48;2;90;98;172m▀[38;2;90;98;172m▀▀▀[38;2;41;41;82;48;2;41;41;82m▀[38;2;90;98;172;48;2;90;98;172m▀▀[38;2;197;205;213;48;2;65;65;139m▀[38;2;65;65;139m▀[38;2;255;255;255;48;2;255;255;255m▀[38;2;65;65;139m▀[38;2;90;98;172;48;2;65;65;139m▀[48;2;90;98;172m▀▀▀[38;2;41;41;82;48;2;41;41;82m▀[0m    [38;2;65;65;139;48;2;65;65;139m▀[38;2;90;98;172;48;2;90;98;172m▀▀▀▀[38;2;41;41;82;48;2;41;41;82m▀[0m    [38;2;65;65;139m▄[48;2;90;98;172m▀[38;2;90;98;172m▀[38;2;41;41;82;48;2;41;41;82m▀[0m
[0m       [38;2;65;65;139;48;2;65;65;139m▀[38;2;90;98;172;48;2;90;98;172m▀▀▀▀▀▀▀[48;2;16;16;16m▀[38;2;16;16;16;49m▀[0m   [38;2;41;41;82m▄[48;2;90;98;172m▀[38;2;90;98;172m▀▀▀▀▀▀▀▀▀▀[38;2;65;65;139;48;2;65;65;139m▀[48;2;90;98;172m▀[38;2;90;98;172;48;2;65;65;139m▀[48;2;90;98;172m▀▀▀▀▀▀[48;2;65;65;139m▀[38;2;65;65;139;48;2;90;98;172m▀[38;2;41;41;82;48;2;41;41;82m▀[38;2;90;98;172;48;2;90;98;172m▀▀▀[38;2;65;65;139;48;2;65;65;139m▀[38;2;255;255;255;48;2;255;255;255m▀[48;2;197;205;213m▀[38;2;197;205;213;48;2;65;65;139m▀[38;2;65;65;139m▀[38;2;90;98;172;48;2;90;98;172m▀▀▀[38;2;41;41;82;48;2;41;41;82m▀[49m▄[0m   [38;2;41;41;82;48;2;41;41;82m▀[38;2;90;98;172;48;2;90;98;172m▀▀▀[38;2;41;41;82;48;2;41;41;82m▀[0m  [38;2;65;65;139m▄[48;2;90;98;172m▀[38;2;90;98;172m▀▀[48;2;65;65;139m▀[38;2;41;41;82;48;2;41;41;82m▀[0m
[0m        [38;2;65;65;139;48;2;65;65;139m▀[38;2;90;98;172;48;2;90;98;172m▀▀▀▀▀▀[38;2;16;16;16;48;2;16;16;16m▀[0m   [38;2;41;41;82m▄[48;2;90;98;172m▀[38;2;90;98;172m▀▀▀▀▀▀▀▀▀▀▀[38;2;65;65;139m▀[38;2;90;98;172;48;2;65;65;139m▀[48;2;90;98;172m▀[38;2;65;65;139m▀[38;2;90;98;172;48;2;65;65;139m▀[48;2;90;98;172m▀▀[48;2;65;65;139m▀[38;2;65;65;139;48;2;90;98;172m▀[38;2;90;98;172m▀▀[38;2;41;41;82;48;2;41;41;82m▀[38;2;90;98;172;48;2;65;65;139m▀[48;2;90;98;172m▀▀▀[38;2;65;65;139m▀▀[38;2;90;98;172m▀▀▀▀▀▀[38;2;41;41;82;48;2;41;41;82m▀▀[49m▄▄[48;2;41;41;82m▀[38;2;90;98;172;48;2;90;98;172m▀▀[38;2;41;41;82;48;2;41;41;82m▀[0m  [38;2;41;41;82;48;2;65;65;139m▀[38;2;90;98;172;48;2;90;98;172m▀▀▀▀[38;2;41;41;82;48;2;41;41;82m▀[0m
[0m        [38;2;65;65;139m▀[38;2;90;98;172;48;2;65;65;139m▀[48;2;90;98;172m▀▀▀▀▀[38;2;16;16;16;48;2;16;16;16m▀[0m   [38;2;41;41;82;48;2;41;41;82m▀[38;2;90;98;172;48;2;90;98;172m▀▀▀[48;2;41;41;82m▀[48;2;65;65;139m▀[48;2;90;98;172m▀▀▀▀▀▀▀▀[38;2;41;41;82m▀[38;2;90;98;172;48;2;41;41;82m▀[48;2;90;98;172m▀▀[38;2;65;65;139m▀▀[38;2;90;98;172m▀▀▀▀▀[38;2;65;65;139;48;2;41;41;82m▀[38;2;90;98;172;48;2;65;65;139m▀[48;2;90;98;172m▀▀▀▀▀▀▀▀▀▀[38;2;41;41;82m▀[48;2;41;41;82m▀[38;2;65;65;139;48;2;65;65;139m▀[38;2;41;41;82m▀[48;2;41;41;82m▀[38;2;90;98;172;48;2;90;98;172m▀▀[38;2;41;41;82;48;2;41;41;82m▀[49m▄[48;2;41;41;82m▀[38;2;90;98;172;48;2;90;98;172m▀▀▀▀[38;2;65;65;139;48;2;41;41;82m▀[0m
[0m         [38;2;65;65;139m▀[38;2;90;98;172;48;2;65;65;139m▀[48;2;90;98;172m▀▀▀▀[38;2;16;16;16;48;2;16;16;16m▀[0m    [38;2;41;41;82m▀[38;2;65;65;139;48;2;41;41;82m▀[48;2;65;65;139m▀[38;2;41;41;82m▀[38;2;65;65;139m▀▀▀[38;2;90;98;172;48;2;41;41;82m▀[48;2;16;16;16m▀▀▀[38;2;16;16;16;49m▀▀▀[38;2;41;41;82m▀[38;2;90;98;172;48;2;41;41;82m▀[48;2;65;65;139m▀[48;2;90;98;172m▀▀▀▀▀▀▀[48;2;65;65;139m▀[38;2;41;41;82m▀[38;2;90;98;172;48;2;41;41;82m▀▀[48;2;90;98;172m▀▀▀▀[48;2;65;65;139m▀[48;2;90;98;172m▀▀▀▀[38;2;41;41;82m▀[38;2;65;65;139;48;2;41;41;82m▀[48;2;65;65;139m▀[38;2;41;41;82;48;2;41;41;82m▀[38;2;90;98;172;48;2;90;98;172m▀[38;2;41;41;82;48;2;41;41;82m▀[38;2;90;98;172;48;2;65;65;139m▀[38;2;41;41;82;48;2;90;98;172m▀[38;2;90;98;172;48;2;41;41;82m▀[38;2;41;41;82;48;2;90;98;172m▀▀▀▀▀▀[48;2;16;16;16m▀[0m
[0m          [38;2;65;65;139m▀[38;2;90;98;172;48;2;65;65;139m▀[48;2;90;98;172m▀▀▀[38;2;16;16;16;48;2;16;16;16m▀[0m      [38;2;41;41;82m▀[38;2;65;65;139;48;2;41;41;82m▀[48;2;65;65;139m▀▀▀[38;2;41;41;82m▀[38;2;16;16;16;49m▄[0m       [38;2;41;41;82m▀[38;2;65;65;139;48;2;41;41;82m▀[38;2;90;98;172;48;2;65;65;139m▀▀▀▀[38;2;65;65;139m▀▀▀▀▀▀[38;2;41;41;82m▀▀[38;2;90;98;172;48;2;41;41;82m▀[48;2;65;65;139m▀[38;2;65;65;139;48;2;90;98;172m▀▀[38;2;90;98;172;48;2;41;41;82m▀[48;2;65;65;139m▀[38;2;41;41;82m▀[38;2;90;98;172;48;2;90;98;172m▀[38;2;65;65;139;48;2;65;65;139m▀[38;2;41;41;82;48;2;41;41;82m▀▀▀[38;2;65;65;139;48;2;65;65;139m▀[38;2;41;41;82;48;2;41;41;82m▀[38;2;65;65;139;48;2;65;65;139m▀[38;2;41;41;82;48;2;41;41;82m▀[38;2;65;65;139;48;2;65;65;139m▀▀[48;2;41;41;82m▀▀[38;2;41;41;82;48;2;16;16;16m▀[38;2;16;16;16;49m▀[0m
[0m           [38;2;65;65;139m▀[38;2;90;98;172;48;2;90;98;172m▀▀▀[38;2;16;16;16;48;2;16;16;16m▀[0m       [38;2;41;41;82m▀[38;2;65;65;139;48;2;65;65;139m▀▀▀▀[48;2;41;41;82m▀[38;2;16;16;16;48;2;16;16;16m▀[0m        [38;2;16;16;16m▀[38;2;65;65;139;48;2;16;16;16m▀▀[48;2;65;65;139m▀▀▀▀▀▀▀▀▀▀▀[38;2;41;41;82m▀[48;2;41;41;82m▀[38;2;65;65;139m▀[38;2;41;41;82;48;2;65;65;139m▀[38;2;65;65;139m▀▀▀▀[38;2;41;41;82;48;2;41;41;82m▀[38;2;65;65;139;48;2;65;65;139m▀[48;2;41;41;82m▀[38;2;41;41;82;48;2;65;65;139m▀[38;2;65;65;139;48;2;41;41;82m▀[38;2;41;41;82m▀[48;2;65;65;139m▀▀[38;2;65;65;139m▀▀[38;2;16;16;16;48;2;16;16;16m▀[0m
[0m            [38;2;41;41;82m▀[38;2;90;98;172;48;2;41;41;82m▀[48;2;90;98;172m▀[38;2;16;16;16;48;2;16;16;16m▀[0m        [38;2;41;41;82;48;2;41;41;82m▀[48;2;65;65;139m▀▀▀[38;2;65;65;139m▀[38;2;16;16;16;48;2;41;41;82m▀[49m▄[0m          [38;2;16;16;16m▀▀[38;2;65;65;139;48;2;16;16;16m▀▀▀[48;2;65;65;139m▀▀▀▀▀▀▀▀[38;2;41;41;82m▀[38;2;65;65;139;48;2;41;41;82m▀▀▀▀[38;2;41;41;82;48;2;65;65;139m▀[48;2;41;41;82m▀[49m▀▀▀▀[38;2;65;65;139;48;2;41;41;82m▀[48;2;90;98;172m▀▀[48;2;65;65;139m▀▀▀[38;2;16;16;16;48;2;16;16;16m▀[0m
[0m              [38;2;16;16;16m▀▀[0m        [38;2;41;41;82;48;2;41;41;82m▀[48;2;65;65;139m▀▀▀▀[38;2;65;65;139;48;2;41;41;82m▀[38;2;16;16;16;48;2;65;65;139m▀[49m▄[0m              [38;2;16;16;16m▀▀▀▀▀▀▀▀▀[38;2;41;41;82;48;2;41;41;82m▀[38;2;65;65;139m▀▀▀▀[38;2;41;41;82;48;2;65;65;139m▀[48;2;41;41;82m▀[0m    [38;2;65;65;139m▀[38;2;90;98;172;48;2;65;65;139m▀[48;2;90;98;172m▀▀[38;2;65;65;139m▀[38;2;16;16;16;48;2;16;16;16m▀[0m
[0m                      [38;2;41;41;82m▄[48;2;41;41;82m▀[48;2;65;65;139m▀▀▀▀▀[38;2;65;65;139m▀▀[38;2;16;16;16;48;2;16;16;16m▀[0m                       [38;2;41;41;82;48;2;41;41;82m▀[38;2;65;65;139m▀▀▀▀▀[38;2;41;41;82;48;2;65;65;139m▀[38;2;16;16;16;49m▄[0m     [38;2;65;65;139m▀[38;2;90;98;172;48;2;65;65;139m▀[48;2;90;98;172m▀▀[38;2;16;16;16;48;2;16;16;16m▀[0m
[0m                 [38;2;115;123;131m▄[38;2;197;205;213m▄[38;2;255;255;255m▄[38;2;41;41;82;48;2;90;98;172m▀▀[38;2;90;98;172m▀▀▀▀[38;2;65;65;139m▀▀[48;2;65;65;139m▀[48;2;16;16;16m▀[38;2;16;16;16;49m▀[0m                        [38;2;65;65;139;48;2;90;98;172m▀[38;2;90;98;172m▀▀▀▀▀[38;2;65;65;139m▀[38;2;16;16;16;48;2;16;16;16m▀[0m        [38;2;41;41;82m▀[38;2;16;16;16m▀[0m
[0m                [38;2;115;123;131m▀[38;2;255;255;255;48;2;16;16;16m▀▀[38;2;115;123;131;48;2;255;255;255m▀[38;2;255;255;255m▀[38;2;197;205;213m▀[38;2;90;98;172;48;2;197;205;213m▀[48;2;115;123;131m▀[38;2;65;65;139;48;2;255;255;255m▀[38;2;255;255;255m▀[38;2;65;65;139;48;2;197;205;213m▀[38;2;90;98;172;48;2;65;65;139m▀[48;2;16;16;16m▀[38;2;16;16;16;49m▀[0m                        [38;2;65;65;139;48;2;115;123;131m▀[38;2;90;98;172;48;2;255;255;255m▀[48;2;90;98;172m▀▀[48;2;197;205;213m▀[48;2;90;98;172m▀▀[48;2;197;205;213m▀[38;2;16;16;16;48;2;255;255;255m▀[49m▄[0m
[0m                 [38;2;115;123;131m▀[38;2;255;255;255;48;2;16;16;16m▀[38;2;197;205;213m▀[49m▀[38;2;115;123;131m▀[48;2;16;16;16m▀[38;2;255;255;255m▀[38;2;197;205;213m▀[49m▀[38;2;16;16;16m▀▀[0m                         [38;2;115;123;131m▄[48;2;255;255;255m▀[38;2;255;255;255m▀[38;2;197;205;213;48;2;197;205;213m▀[38;2;115;123;131;48;2;115;123;131m▀[38;2;255;255;255;48;2;255;255;255m▀[38;2;197;205;213m▀[38;2;90;98;172;48;2;41;41;82m▀[38;2;255;255;255;48;2;255;255;255m▀▀[38;2;16;16;16;48;2;16;16;16m▀[0m
[0m                                                     [38;2;115;123;131;48;2;115;123;131m▀[38;2;255;255;255;48;2;255;255;255m▀[38;2;197;205;213;48;2;41;41;82m▀[38;2;41;41;82;49m▀[38;2;115;123;131;48;2;115;123;131m▀[38;2;255;255;255;48;2;255;255;255m▀[38;2;197;205;213;48;2;16;16;16m▀[38;2;41;41;82;49m▀[38;2;115;123;131;48;2;16;16;16m▀[38;2;255;255;255;48;2;197;205;213m▀[38;2;16;16;16;48;2;16;16;16m▀[0m
[0m                                                     [38;2;115;123;131m▀[38;2;41;41;82m▀[0m  [38;2;16;16;16m▀[38;2;255;255;255;48;2;16;16;16m▀[38;2;41;41;82;49m▀[0m  [38;2;16;16;16m▀[0m
