[0m                      [38;2;16;74;123m▄[48;2;74;156;238m▀[49m▄[0m
[0m             [38;2;16;74;123m▄▄[0m       [38;2;16;74;123;48;2;16;74;123m▀[38;2;74;156;238;48;2;74;156;238m▀[38;2;16;74;123m▀[38;2;16;16;16;49m▄[0m
[0m             [38;2;16;16;16;48;2;16;16;16m▀[38;2;74;156;238;48;2;74;156;238m▀[38;2;16;74;123m▀[49m▄[0m    [38;2;41;115;156;48;2;16;74;123m▀[38;2;74;156;238;48;2;74;156;238m▀▀▀[38;2;16;16;16;48;2;16;74;123m▀[0m
[0m             [38;2;16;16;16;48;2;16;16;16m▀[38;2;74;156;238;48;2;74;156;238m▀[48;2;57;57;57m▀[38;2;41;115;156;48;2;41;115;156m▀[38;2;16;74;123;48;2;16;16;16m▀[0m   [38;2;16;74;123;48;2;16;74;123m▀[48;2;57;57;57m▀[38;2;74;156;238m▀[48;2;74;156;238m▀[38;2;41;115;156;48;2;41;115;156m▀[38;2;16;16;16;48;2;16;16;16m▀[0m
[0m              [38;2;16;16;16;48;2;16;16;16m▀[38;2;57;57;57;48;2;90;90;90m▀[48;2;57;57;57m▀[38;2;41;115;156;48;2;16;74;123m▀[38;2;16;16;16;48;2;57;57;57m▀[38;2;57;57;57;49m▄▄[38;2;16;74;123;48;2;16;74;123m▀[38;2;57;57;57;48;2;41;115;156m▀[48;2;57;57;57m▀[38;2;74;156;238;48;2;41;115;156m▀[38;2;41;115;156m▀[38;2;16;16;16;48;2;16;16;16m▀[0m
[0m              [38;2;16;16;16m▀[38;2;41;115;156;48;2;16;16;16m▀[38;2;16;74;123;48;2;74;156;238m▀[38;2;57;57;57;48;2;90;90;90m▀[38;2;90;90;90;48;2;131;131;131m▀[48;2;90;90;90m▀[48;2;74;156;238m▀[38;2;16;74;123m▀[38;2;74;156;238m▀[38;2;41;115;156m▀▀[48;2;41;115;156m▀[38;2;16;16;16;48;2;90;90;90m▀[49m▄[0m
[0m              [38;2;57;57;57m▄[38;2;16;16;16;48;2;74;156;238m▀[38;2;90;90;90;48;2;131;131;131m▀[38;2;131;131;131m▀[48;2;90;90;90m▀[38;2;74;156;238;48;2;74;156;238m▀▀▀▀▀[48;2;90;90;90m▀[38;2;90;90;90m▀▀[38;2;16;16;16m▀[38;2;57;57;57;48;2;16;16;16m▀[49m▄[0m
[0m              [38;2;16;16;16;48;2;16;16;16m▀[38;2;90;90;90;48;2;131;131;131m▀[38;2;131;131;131m▀▀[38;2;74;156;238;48;2;74;156;238m▀[48;2;131;131;131m▀[48;2;90;90;90m▀▀[38;2;90;90;90m▀[48;2;16;16;16m▀[48;2;90;90;90m▀▀▀▀[38;2;16;16;16m▀[38;2;57;57;57;48;2;16;16;16m▀[48;2;57;57;57m▀▀[49m▄[0m
[0m             [38;2;57;57;57m▄[48;2;131;131;131m▀[38;2;131;131;131m▀▀▀[48;2;90;90;90m▀[38;2;90;90;90;48;2;16;16;16m▀[48;2;200;58;58m▀[38;2;16;16;16;48;2;16;16;16m▀[38;2;200;58;58;48;2;200;58;58m▀[38;2;255;255;255;48;2;255;255;255m▀[38;2;90;90;90;48;2;90;90;90m▀▀▀[48;2;41;115;156m▀[48;2;16;16;16m▀[38;2;16;16;16;48;2;57;57;57m▀[38;2;57;57;57m▀▀▀▀[38;2;16;16;16;49m▄[0m
[0m           [38;2;57;57;57m▄[48;2;90;90;90m▀[38;2;131;131;131;48;2;131;131;131m▀▀[48;2;90;90;90m▀▀[38;2;90;90;90m▀▀▀[38;2;200;58;58m▀▀[38;2;255;255;255m▀[38;2;90;90;90m▀[48;2;41;115;156m▀▀[38;2;41;115;156m▀[48;2;16;16;16m▀[38;2;16;16;16;48;2;57;57;57m▀[48;2;16;16;16m▀[38;2;57;57;57;48;2;57;57;57m▀[48;2;90;90;90m▀[38;2;90;90;90m▀▀▀[38;2;16;16;16;48;2;16;16;16m▀[0m
[0m           [38;2;16;16;16m▀[38;2;90;90;90;48;2;16;16;16m▀▀▀[48;2;41;115;156m▀▀▀[38;2;41;115;156m▀▀[48;2;57;57;57m▀▀[48;2;41;115;156m▀▀▀[48;2;16;74;123m▀[48;2;16;16;16m▀[38;2;16;16;16;48;2;57;57;57m▀[38;2;57;57;57m▀▀[38;2;16;16;16;48;2;16;16;16m▀[38;2;90;90;90;48;2;90;90;90m▀▀▀▀▀[38;2;16;16;16;48;2;16;16;16m▀[0m
[0m            [38;2;57;57;57;48;2;16;16;16m▀[38;2;90;90;90;48;2;57;57;57m▀[48;2;90;90;90m▀[38;2;16;16;16m▀▀[48;2;57;57;57m▀[48;2;90;90;90m▀[48;2;16;74;123m▀[38;2;41;115;156m▀▀[48;2;41;115;156m▀[38;2;16;74;123;48;2;16;16;16m▀[38;2;16;16;16;49m▀▀[0m [38;2;16;16;16m▀[38;2;57;57;57;48;2;16;16;16m▀[48;2;57;57;57m▀▀[38;2;16;16;16m▀[38;2;90;90;90;48;2;16;16;16m▀[48;2;90;90;90m▀▀[48;2;57;57;57m▀[38;2;16;16;16;48;2;16;16;16m▀[0m
[0m  [38;2;16;16;16m▄[38;2;57;57;57m▄[38;2;90;90;90;48;2;57;57;57m▀[48;2;131;131;131m▀▀[38;2;57;57;57;49m▄[0m     [38;2;16;16;16m▀▀[38;2;57;57;57m▀[48;2;16;16;16m▀[38;2;16;16;16;48;2;230;230;156m▀▀[38;2;180;180;98;48;2;57;57;57m▀[38;2;41;115;156;48;2;180;180;98m▀[48;2;57;57;57m▀[48;2;230;230;156m▀[38;2;230;230;156m▀[38;2;16;16;16;48;2;180;180;98m▀[48;2;16;16;16m▀[0m   [38;2;16;16;16m▀▀▀[0m [38;2;16;16;16m▀▀▀[0m  [38;2;90;90;90m▄▄[0m
[0m [38;2;16;16;16;48;2;16;16;16m▀[38;2;131;131;131;48;2;57;57;57m▀[48;2;131;131;131m▀[38;2;90;90;90m▀[38;2;57;57;57;48;2;90;90;90m▀[38;2;131;131;131;48;2;16;16;16m▀[38;2;90;90;90;48;2;90;90;90m▀[38;2;57;57;57;48;2;57;57;57m▀[0m     [38;2;90;90;90m▄[38;2;16;16;16;48;2;131;131;131m▀[38;2;90;90;90m▀[38;2;57;57;57;48;2;16;16;16m▀[38;2;180;180;98m▀[38;2;230;230;156;48;2;180;180;98m▀[48;2;230;230;156m▀▀▀[38;2;180;180;98;48;2;180;180;98m▀[38;2;230;230;156;48;2;57;57;57m▀[48;2;90;90;90m▀[38;2;16;16;16m▀▀[49m▄[0m      [38;2;57;57;57m▄[48;2;90;90;90m▀[38;2;16;16;16;48;2;131;131;131m▀[38;2;131;131;131;48;2;57;57;57m▀[48;2;131;131;131m▀[38;2;57;57;57;48;2;90;90;90m▀[49m▄[0m
[38;2;16;16;16;48;2;16;16;16m▀[38;2;131;131;131;48;2;90;90;90m▀[48;2;131;131;131m▀[38;2;90;90;90m▀[38;2;57;57;57;48;2;90;90;90m▀[38;2;90;90;90;48;2;16;16;16m▀[38;2;16;16;16;48;2;90;90;90m▀[48;2;57;57;57m▀[0m      [38;2;57;57;57;48;2;57;57;57m▀[38;2;131;131;131;48;2;90;90;90m▀[38;2;16;16;16m▀[38;2;255;255;255;48;2;16;16;16m▀[48;2;213;213;213m▀[38;2;213;213;213m▀[38;2;131;131;131;48;2;57;57;57m▀[38;2;230;230;156;48;2;230;230;156m▀▀[38;2;57;57;57;48;2;180;180;98m▀[38;2;131;131;131;48;2;131;131;131m▀▀[38;2;90;90;90;48;2;16;74;123m▀[38;2;16;74;123;48;2;41;115;156m▀[38;2;16;16;16;48;2;57;57;57m▀[0m     [38;2;16;16;16m▄[48;2;131;131;131m▀[38;2;131;131;131;48;2;90;90;90m▀[48;2;57;57;57m▀[48;2;131;131;131m▀[38;2;16;16;16;48;2;90;90;90m▀[38;2;90;90;90m▀[38;2;57;57;57;48;2;16;16;16m▀[0m
[0m [38;2;57;57;57;48;2;57;57;57m▀[38;2;90;90;90;48;2;90;90;90m▀[38;2;16;16;16m▀▀[38;2;90;90;90m▀▀[38;2;57;57;57m▀[49m▄[0m    [38;2;16;74;123;48;2;16;74;123m▀[38;2;41;115;156;48;2;41;115;156m▀[38;2;16;16;16m▀[38;2;90;90;90;48;2;16;16;16m▀▀[38;2;16;16;16;48;2;57;57;57m▀[48;2;230;230;156m▀[38;2;230;230;156m▀▀▀[38;2;57;57;57;48;2;57;57;57m▀[38;2;90;90;90;48;2;90;90;90m▀▀[38;2;16;74;123;48;2;16;16;16m▀[38;2;41;115;156;48;2;16;74;123m▀[48;2;74;156;238m▀[38;2;57;57;57;48;2;57;57;57m▀[0m  [38;2;57;57;57m▄▄[38;2;16;16;16;48;2;90;90;90m▀[38;2;131;131;131;48;2;16;16;16m▀[48;2;131;131;131m▀▀[38;2;16;16;16;48;2;90;90;90m▀[38;2;90;90;90m▀[38;2;57;57;57;48;2;57;57;57m▀[38;2;90;90;90;49m▄[0m
[0m  [38;2;57;57;57m▀[38;2;90;90;90;48;2;16;16;16m▀[48;2;90;90;90m▀▀▀▀[48;2;74;156;238m▀[38;2;57;57;57m▀[38;2;41;115;156;49m▄[38;2;16;74;123m▄[48;2;74;156;238m▀[38;2;74;156;238;48;2;41;115;156m▀[38;2;41;115;156;48;2;16;16;16m▀[38;2;16;74;123;49m▀[0m  [38;2;16;16;16;48;2;16;16;16m▀[38;2;230;230;156;48;2;180;180;98m▀[48;2;230;230;156m▀[48;2;180;180;98m▀[38;2;180;180;98;48;2;57;57;57m▀▀[38;2;57;57;57;49m▀[38;2;16;16;16m▀[0m [38;2;16;16;16m▀[38;2;74;156;238;48;2;16;16;16m▀[48;2;74;156;238m▀[38;2;16;74;123m▀[38;2;57;57;57m▀[38;2;41;115;156;48;2;90;90;90m▀[38;2;57;57;57m▀[38;2;90;90;90m▀▀▀▀▀[48;2;213;213;213m▀[38;2;213;213;213;48;2;255;255;255m▀[38;2;57;57;57m▀[38;2;90;90;90;49m▄[0m
[0m    [38;2;16;16;16m▀▀[38;2;90;90;90;48;2;16;16;16m▀▀[38;2;74;156;238;48;2;90;90;90m▀[48;2;74;156;238m▀▀[48;2;41;115;156m▀[48;2;16;16;16m▀[38;2;16;16;16;49m▀[0m   [38;2;16;16;16;48;2;16;16;16m▀[38;2;180;180;98;48;2;180;180;98m▀▀▀▀[38;2;57;57;57;48;2;57;57;57m▀[0m      [38;2;16;74;123;48;2;16;16;16m▀[38;2;74;156;238;48;2;74;156;238m▀[38;2;41;115;156m▀[38;2;90;90;90m▀[48;2;41;115;156m▀[48;2;90;90;90m▀[48;2;16;16;16m▀▀▀[38;2;16;16;16;49m▀[38;2;57;57;57m▀▀[38;2;213;213;213;48;2;57;57;57m▀▀[38;2;90;90;90m▀[0m
[0m        [38;2;16;16;16m▀▀▀[38;2;16;74;123m▀[0m   [38;2;16;16;16m▄[48;2;90;90;90m▀[38;2;180;180;98;48;2;180;180;98m▀[48;2;230;230;156m▀▀[48;2;180;180;98m▀[48;2;57;57;57m▀[48;2;90;90;90m▀[38;2;16;16;16m▀[49m▄▄[0m    [38;2;16;16;16m▀[38;2;57;57;57m▀[38;2;16;16;16m▀▀▀[0m
[0m           [38;2;41;115;156m▄[38;2;16;74;123m▄[38;2;16;16;16;48;2;74;156;238m▀[38;2;57;57;57;48;2;16;74;123m▀[38;2;90;90;90;48;2;90;90;90m▀▀[38;2;57;57;57m▀[38;2;230;230;156;48;2;57;57;57m▀[38;2;57;57;57;48;2;90;90;90m▀[38;2;230;230;156m▀[38;2;90;90;90m▀▀▀[48;2;57;57;57m▀[38;2;16;74;123;48;2;74;156;238m▀[38;2;16;16;16m▀▀[49m▄[0m          [38;2;41;115;156m▄[48;2;74;156;238m▀▀[38;2;16;74;123;49m▄[0m
[0m         [38;2;41;115;156m▄[48;2;74;156;238m▀[38;2;74;156;238m▀▀▀▀[38;2;57;57;57m▀[48;2;41;115;156m▀[38;2;90;90;90;48;2;16;16;16m▀▀▀[48;2;57;57;57m▀[48;2;41;115;156m▀[38;2;57;57;57m▀[48;2;74;156;238m▀[38;2;74;156;238m▀▀▀▀[48;2;41;115;156m▀[38;2;16;16;16;48;2;74;156;238m▀[49m▄[0m     [38;2;16;74;123m▄▄[38;2;41;115;156;48;2;74;156;238m▀[38;2;74;156;238m▀▀[48;2;41;115;156m▀▀[38;2;16;74;123m▀[49m▄[0m
[0m        [38;2;16;74;123;48;2;16;74;123m▀[38;2;74;156;238;48;2;74;156;238m▀▀▀▀▀▀[48;2;41;115;156m▀[38;2;41;115;156m▀▀▀▀▀[48;2;74;156;238m▀[38;2;74;156;238m▀▀▀▀▀▀[48;2;41;115;156m▀[38;2;41;115;156;48;2;74;156;238m▀[38;2;16;16;16;48;2;41;115;156m▀[49m▄[38;2;16;74;123m▄▄[48;2;41;115;156m▀▀[38;2;74;156;238m▀▀▀[38;2;41;115;156;48;2;16;16;16m▀▀[48;2;41;115;156m▀▀▀[38;2;16;74;123m▀[49m▄[0m
[0m       [38;2;16;74;123;48;2;16;74;123m▀[38;2;41;115;156;48;2;41;115;156m▀[38;2;74;156;238;48;2;74;156;238m▀▀▀▀▀[48;2;41;115;156m▀[38;2;41;115;156m▀[48;2;16;74;123m▀[48;2;16;16;16m▀▀[48;2;41;115;156m▀▀▀[38;2;74;156;238;48;2;74;156;238m▀▀▀▀▀[48;2;41;115;156m▀[38;2;41;115;156m▀▀▀[38;2;16;16;16;48;2;16;16;16m▀[38;2;41;115;156;48;2;41;115;156m▀▀▀▀[48;2;16;16;16m▀▀[38;2;16;16;16;49m▀[0m  [38;2;16;16;16m▀▀[38;2;41;115;156;48;2;16;16;16m▀[48;2;41;115;156m▀[38;2;16;74;123;48;2;16;74;123m▀[0m
[0m       [38;2;16;74;123m▀[38;2;41;115;156;48;2;16;74;123m▀[48;2;41;115;156m▀▀[38;2;74;156;238m▀▀[38;2;41;115;156m▀▀▀▀[38;2;16;74;123;48;2;16;74;123m▀[0m [38;2;16;16;16m▀[38;2;16;74;123m▀[38;2;41;115;156;48;2;16;16;16m▀[48;2;41;115;156m▀[38;2;74;156;238m▀[48;2;74;156;238m▀[48;2;41;115;156m▀▀[38;2;41;115;156m▀▀▀▀▀[38;2;16;16;16;48;2;16;16;16m▀[38;2;16;74;123;49m▀▀▀[0m        [38;2;16;16;16m▀▀[0m
[0m         [38;2;16;16;16m▀[38;2;41;115;156;48;2;16;16;16m▀▀▀▀▀[38;2;16;74;123m▀[49m▀[0m     [38;2;16;16;16m▀[38;2;16;74;123m▀[38;2;41;115;156;48;2;16;16;16m▀[48;2;41;115;156m▀▀▀▀[48;2;16;74;123m▀[48;2;16;16;16m▀▀[38;2;16;16;16;49m▀[0m
[0m           [38;2;16;16;16m▀[38;2;57;57;57;48;2;16;16;16m▀[48;2;57;57;57m▀▀▀[38;2;16;16;16;49m▄[0m        [38;2;16;16;16m▀▀[48;2;57;57;57m▀[38;2;16;74;123;48;2;90;90;90m▀[38;2;90;90;90m▀▀[38;2;57;57;57;48;2;57;57;57m▀[0m
[0m           [38;2;16;16;16m▄[48;2;57;57;57m▀[38;2;57;57;57m▀▀[48;2;16;16;16m▀[38;2;16;16;16;49m▀[0m           [38;2;16;16;16m▀[38;2;90;90;90;48;2;16;16;16m▀[48;2;90;90;90m▀▀▀[38;2;57;57;57;49m▄[0m
[0m       [38;2;16;16;16m▄[38;2;57;57;57m▄▄[48;2;131;131;131m▀[38;2;90;90;90;48;2;90;90;90m▀[38;2;57;57;57m▀[48;2;57;57;57m▀[48;2;16;16;16m▀[49m▀[0m              [38;2;57;57;57;48;2;57;57;57m▀[38;2;90;90;90m▀[48;2;90;90;90m▀▀[38;2;57;57;57m▀[49m▄[0m
[0m   [38;2;16;16;16m▄[38;2;57;57;57m▄[38;2;16;16;16;48;2;131;131;131m▀[38;2;57;57;57m▀[38;2;131;131;131;48;2;90;90;90m▀[48;2;57;57;57m▀[48;2;131;131;131m▀▀▀[38;2;90;90;90;48;2;16;16;16m▀[38;2;57;57;57;49m▀[0m                 [38;2;16;16;16;48;2;16;16;16m▀[38;2;90;90;90;48;2;90;90;90m▀[48;2;131;131;131m▀[38;2;131;131;131m▀▀[38;2;90;90;90m▀▀[49m▄[38;2;57;57;57m▄[0m
[0m  [38;2;16;16;16;48;2;16;16;16m▀[38;2;131;131;131;48;2;90;90;90m▀[38;2;57;57;57;48;2;57;57;57m▀[38;2;131;131;131;48;2;90;90;90m▀[38;2;90;90;90;48;2;57;57;57m▀[38;2;131;131;131;48;2;131;131;131m▀▀[48;2;90;90;90m▀[48;2;16;16;16m▀[38;2;90;90;90m▀[38;2;16;16;16;49m▀[0m                   [38;2;57;57;57;48;2;16;16;16m▀[38;2;131;131;131;48;2;131;131;131m▀▀[48;2;90;90;90m▀[48;2;131;131;131m▀▀[48;2;90;90;90m▀[48;2;131;131;131m▀[38;2;57;57;57m▀[38;2;16;16;16;49m▄[0m
[0m   [38;2;16;16;16m▀▀▀▀▀▀▀[0m                      [38;2;57;57;57m▀[38;2;90;90;90;48;2;16;16;16m▀[38;2;131;131;131;48;2;90;90;90m▀▀[38;2;57;57;57;48;2;57;57;57m▀[38;2;131;131;131;48;2;90;90;90m▀▀[38;2;57;57;57;48;2;57;57;57m▀[38;2;90;90;90;48;2;16;16;16m▀[38;2;16;16;16;49m▀[0m
[0m                                  [38;2;16;16;16m▀▀▀▀▀[38;2;57;57;57m▀[0m
