[0m                   [38;2;57;41;32m▄[48;2;90;71;38m▀[48;2;131;98;32m▀▀[48;2;90;71;38m▀[38;2;16;16;16;49m▄[48;2;57;41;32m▀[48;2;131;98;32m▀▀▀[48;2;57;41;32m▀[49m▄[0m
[0m                  [38;2;16;16;16m▄[38;2;57;41;32;48;2;131;98;32m▀[38;2;131;98;32;48;2;238;238;255m▀[38;2;238;238;255m▀[38;2;131;98;32m▀[48;2;16;16;16m▀[38;2;16;16;16;48;2;131;98;32m▀[38;2;131;98;32;48;2;238;238;255m▀[38;2;238;238;255m▀▀[38;2;131;98;32m▀[48;2;131;98;32m▀[38;2;16;16;16m▀[49m▄[0m
[0m                  [38;2;16;16;16;48;2;16;16;16m▀[38;2;131;98;32;48;2;131;98;32m▀[38;2;238;238;255;48;2;238;238;255m▀[38;2;16;16;16;48;2;16;16;16m▀[38;2;238;238;255;48;2;238;238;255m▀[38;2;16;16;16;48;2;16;16;16m▀[38;2;131;98;32;48;2;131;98;32m▀[38;2;238;238;255;48;2;238;238;255m▀[38;2;16;16;16;48;2;16;16;16m▀[38;2;238;238;255;48;2;238;238;255m▀▀[38;2;131;98;32;48;2;131;98;32m▀▀[38;2;16;16;16;48;2;16;16;16m▀[0m
[0m                 [38;2;57;41;32;48;2;57;41;32m▀[38;2;16;16;16;48;2;90;71;38m▀[38;2;131;98;32;48;2;16;16;16m▀[38;2;238;238;255;48;2;131;98;32m▀[48;2;238;238;255m▀[48;2;131;98;32m▀[38;2;16;16;16;48;2;16;16;16m▀[38;2;131;98;32;48;2;131;98;32m▀[38;2;238;238;255m▀[48;2;238;238;255m▀▀[48;2;131;98;32m▀[38;2;131;98;32m▀[48;2;57;41;32m▀[38;2;16;16;16m▀[48;2;131;98;32m▀▀[49m▄[0m
[0m                 [38;2;57;41;32m▀[38;2;90;71;38;48;2;57;41;32m▀[38;2;16;16;16;48;2;90;71;38m▀[38;2;131;98;32;48;2;57;41;32m▀[48;2;131;98;32m▀▀[38;2;90;71;38m▀[48;2;57;41;32m▀[38;2;131;98;32;48;2;131;98;32m▀▀▀▀[48;2;57;41;32m▀[38;2;16;16;16;48;2;131;98;32m▀[38;2;131;98;32m▀▀[48;2;16;16;16m▀[38;2;16;16;16;49m▀[0m     [38;2;57;41;32m▄[48;2;131;98;32m▀▀▀▀[38;2;90;71;38;49m▄[38;2;57;41;32m▄▄[0m
[0m                 [38;2;16;16;16m▄[38;2;57;41;32;48;2;90;71;38m▀[38;2;16;16;16;48;2;180;148;82m▀[38;2;131;98;32;48;2;131;98;32m▀▀▀▀▀▀▀▀▀▀▀[38;2;57;41;32;48;2;180;139;57m▀[38;2;16;16;16;48;2;16;16;16m▀[0m     [38;2;57;41;32m▄[48;2;57;41;32m▀[38;2;131;98;32m▀▀▀▀▀▀[48;2;90;71;38m▀[38;2;90;71;38;48;2;131;98;32m▀[38;2;57;41;32;48;2;57;41;32m▀[0m
[0m           [38;2;16;16;16m▄▄▄[48;2;230;205;123m▀▀▀▀▀▀[38;2;90;71;38m▀[38;2;230;205;123;48;2;16;16;16m▀▀[38;2;180;139;57;48;2;90;71;38m▀[38;2;131;98;32;48;2;230;205;123m▀▀▀▀[38;2;180;139;57m▀[38;2;230;205;123m▀▀▀▀[38;2;16;16;16;48;2;16;16;16m▀[38;2;90;71;38;49m▄[48;2;90;71;38m▀[48;2;180;139;57m▀▀[38;2;180;139;57m▀[38;2;230;205;123;48;2;230;205;123m▀▀▀▀▀[38;2;131;98;32m▀[48;2;131;98;32m▀[38;2;90;71;38m▀[38;2;57;41;32m▀▀[49m▄▄[0m
[0m       [38;2;90;71;38m▄▄[48;2;230;205;123m▀▀[38;2;230;205;123m▀▀▀▀▀▀▀▀▀▀▀▀▀[38;2;90;71;38m▀▀[38;2;230;205;123m▀▀▀▀▀▀▀▀[38;2;16;16;16;48;2;16;16;16m▀[38;2;180;139;57;48;2;180;139;57m▀▀▀▀▀[38;2;230;205;123m▀[38;2;180;139;57m▀▀▀[38;2;230;205;123m▀[38;2;131;98;32m▀[48;2;131;98;32m▀▀▀[38;2;180;139;57m▀[38;2;131;98;32;48;2;180;139;57m▀[38;2;57;41;32m▀[49m▄[0m
[0m     [38;2;90;71;38m▄[48;2;230;205;123m▀[38;2;230;205;123m▀▀▀▀▀▀▀▀▀▀▀▀▀▀▀▀▀▀▀▀▀▀▀▀▀▀▀▀[38;2;90;71;38;48;2;180;148;82m▀[38;2;180;139;57;48;2;230;205;123m▀[48;2;180;139;57m▀▀▀▀▀▀▀[48;2;131;98;32m▀[38;2;131;98;32m▀▀▀▀▀▀[38;2;180;139;57m▀[48;2;180;139;57m▀[38;2;57;41;32m▀[38;2;16;16;16;49m▄[38;2;90;71;38m▄[0m
[0m  [38;2;16;16;16m▄▄[38;2;90;71;38;48;2;16;16;16m▀[38;2;230;205;123m▀[48;2;230;205;123m▀▀▀▀▀▀▀▀▀▀▀▀▀▀▀▀▀▀▀▀▀▀▀▀▀▀▀▀▀▀▀▀▀[38;2;180;139;57m▀[48;2;180;139;57m▀▀▀▀[38;2;131;98;32m▀[48;2;131;98;32m▀▀[48;2;230;205;123m▀▀[48;2;131;98;32m▀▀[48;2;230;205;123m▀[38;2;180;139;57m▀[48;2;180;139;57m▀[38;2;57;41;32m▀[38;2;180;148;82;48;2;16;16;16m▀[38;2;90;71;38;48;2;180;148;82m▀▀▀[49m▄▄▄[0m
[0m [38;2;16;16;16;48;2;16;16;16m▀▀[38;2;90;71;38;48;2;131;98;32m▀[38;2;131;98;32m▀▀[38;2;57;41;32;48;2;57;41;32m▀[38;2;230;205;123;48;2;230;205;123m▀▀▀▀▀▀▀▀▀▀[48;2;90;71;38m▀▀[38;2;57;41;32;48;2;131;98;32m▀▀▀▀▀[38;2;230;205;123;48;2;57;41;32m▀▀[48;2;230;205;123m▀▀▀▀▀▀▀▀▀▀▀▀▀▀▀▀[38;2;180;139;57;48;2;180;139;57m▀▀▀▀▀[38;2;230;205;123;48;2;230;205;123m▀▀▀▀▀▀▀▀[38;2;57;41;32m▀[38;2;180;148;82;48;2;16;16;16m▀[48;2;180;148;82m▀▀[48;2;90;71;38m▀[48;2;16;16;16m▀[38;2;16;16;16;49m▀[0m
[38;2;16;16;16;48;2;16;16;16m▀▀▀[38;2;131;98;32;48;2;131;98;32m▀▀▀[38;2;57;41;32;48;2;180;148;82m▀[38;2;230;205;123;48;2;230;205;123m▀▀▀▀▀▀▀▀▀[38;2;90;71;38;48;2;90;71;38m▀[38;2;131;98;32;48;2;131;98;32m▀[48;2;16;16;16m▀[38;2;16;16;16m▀▀▀[38;2;131;98;32m▀[48;2;131;98;32m▀▀[38;2;90;71;38m▀[38;2;57;41;32;48;2;57;41;32m▀[38;2;230;205;123;48;2;230;205;123m▀▀▀▀▀▀▀▀▀[48;2;131;98;32m▀[38;2;131;98;32m▀▀▀▀▀[38;2;180;139;57m▀[48;2;180;139;57m▀▀▀▀▀[38;2;230;205;123;48;2;230;205;123m▀▀▀▀▀▀▀▀[38;2;16;16;16;48;2;57;41;32m▀[49m▀▀[38;2;90;71;38m▀[0m
[38;2;16;16;16;48;2;16;16;16m▀▀[38;2;90;71;38;48;2;131;98;32m▀[38;2;131;98;32m▀[48;2;90;71;38m▀[38;2;57;41;32;48;2;57;41;32m▀[38;2;230;205;123;48;2;230;205;123m▀▀▀▀▀▀▀▀▀[38;2;57;41;32;48;2;57;41;32m▀[38;2;131;98;32;48;2;131;98;32m▀[38;2;16;16;16;48;2;16;16;16m▀▀▀▀▀▀▀[38;2;131;98;32;48;2;131;98;32m▀▀▀[38;2;57;41;32;48;2;57;41;32m▀[38;2;230;205;123;48;2;230;205;123m▀▀▀▀▀▀▀▀[38;2;90;71;38;48;2;90;71;38m▀[38;2;131;98;32;48;2;131;98;32m▀▀▀▀▀[48;2;180;139;57m▀[38;2;180;139;57m▀▀▀▀▀▀[38;2;230;205;123;48;2;230;205;123m▀▀▀▀▀[48;2;180;139;57m▀[38;2;180;139;57m▀▀[38;2;16;16;16;48;2;16;16;16m▀[0m
[38;2;16;16;16;49m▀[38;2;90;71;38;48;2;16;16;16m▀[48;2;90;71;38m▀▀[48;2;57;41;32m▀[38;2;180;148;82;48;2;230;205;123m▀[38;2;230;205;123m▀▀▀▀▀▀▀▀▀[38;2;57;41;32;48;2;57;41;32m▀[38;2;90;71;38;48;2;90;71;38m▀[38;2;16;16;16m▀[48;2;16;16;16m▀▀▀▀▀[48;2;131;98;32m▀[38;2;131;98;32m▀[48;2;90;71;38m▀[38;2;90;71;38;48;2;57;41;32m▀[38;2;57;41;32;48;2;230;205;123m▀[38;2;230;205;123m▀▀▀▀▀▀▀[48;2;90;71;38m▀[38;2;90;71;38;48;2;180;139;57m▀[38;2;131;98;32m▀[48;2;131;98;32m▀▀[48;2;230;205;123m▀[38;2;230;205;123m▀▀[38;2;180;139;57m▀▀[48;2;180;139;57m▀▀▀[48;2;131;98;32m▀[38;2;230;205;123m▀▀[48;2;230;205;123m▀▀[38;2;180;139;57;48;2;180;139;57m▀▀▀▀[38;2;16;16;16;48;2;16;16;16m▀[0m
[0m  [38;2;16;16;16m▀[38;2;57;41;32;48;2;16;16;16m▀[38;2;230;205;123;48;2;180;148;82m▀[48;2;230;205;123m▀▀▀▀▀▀▀▀▀▀▀[38;2;57;41;32;48;2;57;41;32m▀[38;2;90;71;38;48;2;90;71;38m▀▀[38;2;16;16;16m▀▀▀[38;2;90;71;38m▀▀▀[48;2;57;41;32m▀[38;2;57;41;32;48;2;230;205;123m▀[38;2;230;205;123m▀▀▀▀▀▀▀[48;2;180;148;82m▀[38;2;90;71;38;48;2;90;71;38m▀[38;2;180;139;57;48;2;131;98;32m▀[48;2;180;139;57m▀▀▀▀[38;2;230;205;123;48;2;230;205;123m▀▀▀▀▀▀[38;2;131;98;32;48;2;131;98;32m▀▀▀▀▀▀[38;2;180;139;57;48;2;180;139;57m▀▀▀▀[38;2;16;16;16;48;2;16;16;16m▀[0m
[0m   [38;2;90;71;38m▀[48;2;16;16;16m▀[38;2;180;148;82;48;2;180;148;82m▀[38;2;230;205;123m▀▀[48;2;230;205;123m▀▀▀▀▀▀▀▀▀[38;2;57;41;32m▀▀[38;2;90;71;38;48;2;57;41;32m▀▀▀▀[38;2;57;41;32;48;2;230;205;123m▀▀[38;2;230;205;123m▀▀▀▀▀[48;2;180;148;82m▀▀▀[38;2;180;148;82m▀[38;2;16;16;16;48;2;16;16;16m▀[38;2;131;98;32;48;2;180;148;82m▀[48;2;90;71;38m▀[38;2;90;71;38;48;2;131;98;32m▀[38;2;131;98;32m▀[38;2;180;139;57;48;2;16;16;16m▀[38;2;90;71;38;48;2;90;71;38m▀[38;2;16;16;16;48;2;230;205;123m▀[38;2;90;71;38m▀[38;2;230;205;123m▀▀▀[38;2;131;98;32;48;2;131;98;32m▀▀▀▀[48;2;90;71;38m▀▀[38;2;90;71;38;48;2;230;205;123m▀[38;2;230;205;123m▀[38;2;180;139;57;48;2;131;98;32m▀▀[38;2;131;98;32m▀[38;2;16;16;16;48;2;16;16;16m▀[0m
[0m     [38;2;16;16;16m▀[38;2;180;148;82;48;2;16;16;16m▀[48;2;180;148;82m▀▀▀▀[38;2;230;205;123m▀▀▀▀▀▀▀▀▀▀▀▀▀▀▀▀[38;2;180;148;82m▀▀▀▀▀[48;2;16;16;16m▀[38;2;16;16;16m▀[38;2;180;148;82m▀[38;2;90;71;38m▀[38;2;180;148;82;48;2;180;148;82m▀[48;2;16;16;16m▀[38;2;16;16;16;48;2;180;148;82m▀[38;2;180;148;82m▀[38;2;230;205;123m▀[48;2;230;205;123m▀▀▀▀[48;2;180;148;82m▀[38;2;16;16;16;48;2;16;16;16m▀[38;2;131;98;32;48;2;57;41;32m▀▀[38;2;57;41;32;48;2;131;123;65m▀[48;2;180;148;82m▀[38;2;230;205;123m▀[38;2;180;148;82m▀▀▀[38;2;131;98;32m▀[38;2;16;16;16;48;2;16;16;16m▀[0m
[0m       [38;2;16;16;16m▀[38;2;90;71;38;48;2;16;16;16m▀[38;2;180;148;82m▀[48;2;90;71;38m▀[48;2;180;148;82m▀▀▀▀▀▀▀▀▀▀▀▀▀▀▀▀▀▀[48;2;16;16;16m▀▀[38;2;16;16;16;48;2;131;123;65m▀[38;2;131;123;65;48;2;90;71;38m▀[38;2;90;71;38;49m▀[0m  [38;2;16;16;16m▀▀[38;2;180;148;82;48;2;16;16;16m▀[48;2;180;148;82m▀▀▀▀▀▀[48;2;90;71;38m▀[38;2;16;16;16;48;2;16;16;16m▀[0m [38;2;90;71;38m▀[38;2;180;148;82;48;2;90;71;38m▀[48;2;180;148;82m▀▀[48;2;123;123;139m▀▀[48;2;180;148;82m▀[48;2;16;16;16m▀[38;2;16;16;16;49m▀[0m
[0m          [38;2;16;16;16m▀▀▀▀[38;2;90;71;38;48;2;16;16;16m▀[38;2;180;148;82m▀▀▀▀▀▀▀▀▀▀▀[38;2;16;16;16;48;2;131;123;65m▀▀▀[38;2;131;123;65m▀▀[48;2;90;71;38m▀[38;2;90;71;38;49m▀[0m    [38;2;16;16;16m▄[48;2;189;189;205m▀[38;2;180;148;82;48;2;123;123;139m▀[48;2;180;148;82m▀▀[48;2;123;123;139m▀▀▀[38;2;16;16;16;48;2;16;16;16m▀[0m   [38;2;90;71;38m▀[38;2;180;148;82;48;2;16;16;16m▀[38;2;123;123;139m▀[38;2;189;189;205m▀▀[38;2;123;123;139m▀[38;2;16;16;16;49m▀[0m
[0m                          [38;2;90;71;38m▀[38;2;16;16;16m▀▀▀▀[0m      [38;2;16;16;16m▀[38;2;123;123;139;48;2;16;16;16m▀[38;2;189;189;205m▀[38;2;180;148;82m▀[38;2;123;123;139m▀[38;2;189;189;205m▀▀[38;2;16;16;16;49m▀[0m
