[0m                                       [38;2;41;90;98;48;2;41;90;98m▀[48;2;222;238;246m▀▀[38;2;16;16;16;49m▄▄[0m
[0m                             [38;2;41;90;98m▄▄[0m     [38;2;66;65;114m▄▄▄[0m [38;2;41;90;98m▀[38;2;222;238;246;48;2;41;90;98m▀[48;2;222;238;246m▀[38;2;213;205;230m▀[38;2;16;16;16;48;2;213;205;230m▀[49m▄[0m
[0m                           [38;2;41;90;98m▄[48;2;222;238;246m▀[38;2;222;238;246;48;2;41;90;98m▀[38;2;41;90;98;49m▀[0m  [38;2;66;65;114m▄[48;2;106;106;180m▀▀[38;2;106;106;180m▀▀▀[38;2;16;16;16m▀[48;2;41;90;98m▀[38;2;41;90;98;48;2;222;238;246m▀[38;2;222;238;246m▀▀[38;2;213;205;230;48;2;213;205;230m▀[38;2;41;90;98;48;2;180;180;213m▀[38;2;16;16;16;48;2;16;16;16m▀[0m
[0m                          [38;2;41;90;98;48;2;41;90;98m▀[38;2;222;238;246;48;2;222;238;246m▀▀[38;2;41;90;98;48;2;41;90;98m▀[0m  [38;2;66;65;114;48;2;66;65;114m▀[38;2;106;106;180;48;2;106;106;180m▀[38;2;148;156;238;48;2;148;156;238m▀▀[38;2;106;106;180;48;2;106;106;180m▀▀▀[38;2;41;90;98;48;2;180;180;213m▀[38;2;180;180;213m▀[38;2;213;205;230m▀▀▀[38;2;180;180;213m▀[48;2;16;16;16m▀[38;2;16;16;16;49m▀[0m
[0m                         [38;2;16;16;16;48;2;16;16;16m▀[38;2;213;205;230;48;2;180;180;213m▀[38;2;222;238;246;48;2;213;205;230m▀▀[38;2;213;205;230;48;2;180;180;213m▀[38;2;41;90;98m▀[38;2;41;41;49;48;2;41;41;49m▀[38;2;106;106;180;48;2;106;106;180m▀▀▀▀▀▀▀[38;2;180;180;213;48;2;16;16;16m▀[48;2;180;180;213m▀▀▀[48;2;16;16;16m▀[38;2;41;90;98m▀[38;2;16;16;16;49m▀[0m
[0m                         [38;2;16;16;16m▀[38;2;180;180;213;48;2;16;16;16m▀[48;2;180;180;213m▀▀▀▀[38;2;41;41;49m▀[38;2;66;65;114;48;2;41;41;49m▀[38;2;106;106;180;48;2;66;65;114m▀▀▀▀[38;2;66;65;114m▀▀▀[38;2;16;16;16m▀▀[48;2;16;16;16m▀[49m▀[0m
[0m                           [38;2;16;16;16m▀[38;2;41;90;98m▀[38;2;180;180;213;48;2;16;16;16m▀▀[38;2;41;90;98m▀[38;2;41;41;49m▀[38;2;66;65;114;48;2;41;41;49m▀[48;2;66;65;114m▀▀▀▀▀▀▀[48;2;41;41;49m▀[38;2;16;16;16;48;2;106;106;180m▀[38;2;66;65;114m▀[48;2;148;156;238m▀▀[49m▄▄▄[0m
[0m                                  [38;2;41;41;49m▀▀[38;2;66;65;114;48;2;16;16;16m▀▀▀[38;2;41;41;49;48;2;106;106;180m▀▀[38;2;106;106;180m▀▀[38;2;148;156;238;48;2;148;156;238m▀▀▀[48;2;66;65;114m▀[48;2;106;106;180m▀▀[38;2;66;65;114;48;2;66;65;114m▀[0m
[0m                                     [38;2;66;65;114;48;2;66;65;114m▀[38;2;106;106;180;48;2;106;106;180m▀▀▀[48;2;66;65;114m▀[38;2;148;156;238m▀[38;2;106;106;180m▀[38;2;66;65;114;48;2;106;106;180m▀▀[38;2;106;106;180m▀[48;2;16;16;16m▀[38;2;16;16;16;49m▀[0m
[38;2;16;16;16;48;2;16;16;16m▀[38;2;41;90;98;48;2;222;238;246m▀▀[49m▄▄[38;2;66;65;114;48;2;148;156;238m▀▀▀[49m▄▄[0m               [38;2;16;16;16;48;2;16;16;16m▀[38;2;41;90;98;48;2;222;238;246m▀▀[49m▄▄[38;2;66;65;114;48;2;148;156;238m▀▀▀[49m▄▄[0m  [38;2;66;65;114m▀[38;2;106;106;180;48;2;16;16;16m▀[38;2;66;65;114;48;2;106;106;180m▀▀[38;2;106;106;180m▀▀▀[48;2;41;41;49m▀▀[38;2;16;16;16;48;2;66;65;114m▀[38;2;41;41;49;49m▄▄[0m
[38;2;16;16;16;49m▀[48;2;16;16;16m▀[38;2;222;238;246;48;2;213;205;230m▀[48;2;222;238;246m▀[48;2;213;205;230m▀[38;2;16;16;16;48;2;180;180;213m▀[38;2;148;156;238;48;2;16;16;16m▀[48;2;148;156;238m▀▀▀[38;2;66;65;114m▀[38;2;16;16;16;49m▄[0m             [38;2;16;16;16m▀[48;2;16;16;16m▀[38;2;222;238;246;48;2;213;205;230m▀[48;2;222;238;246m▀[48;2;213;205;230m▀[38;2;16;16;16;48;2;180;180;213m▀[38;2;148;156;238;48;2;16;16;16m▀[48;2;148;156;238m▀▀▀[38;2;66;65;114m▀[38;2;16;16;16;49m▄[0m  [38;2;16;16;16m▀[48;2;41;41;49m▀[38;2;41;41;49;48;2;66;65;114m▀▀▀[38;2;66;65;114m▀[48;2;98;90;164m▀[38;2;98;90;164m▀▀▀[38;2;41;41;49m▀[48;2;66;65;114m▀[49m▄[0m
[38;2;66;65;114;49m▄[48;2;148;156;238m▀[38;2;16;16;16;48;2;16;16;16m▀[38;2;213;205;230;48;2;180;180;213m▀[38;2;180;180;213m▀[48;2;16;16;16m▀[38;2;16;16;16;48;2;106;106;180m▀[38;2;148;156;238;48;2;148;156;238m▀[48;2;41;90;98m▀[38;2;41;90;98;48;2;24;148;180m▀[38;2;148;156;238;48;2;41;90;98m▀[38;2;66;65;114;48;2;106;106;180m▀[38;2;16;16;16;49m▄[0m        [38;2;41;90;98m▄[48;2;24;148;180m▀[48;2;41;90;98m▀[0m [38;2;16;16;16m▄[38;2;66;65;114;48;2;148;156;238m▀[38;2;16;16;16;48;2;16;16;16m▀[38;2;213;205;230;48;2;180;180;213m▀[38;2;180;180;213m▀[48;2;16;16;16m▀[38;2;16;16;16;48;2;106;106;180m▀[38;2;148;156;238;48;2;148;156;238m▀▀▀▀[38;2;16;16;16m▀[49m▄[0m [38;2;41;41;49;48;2;41;41;49m▀[38;2;66;65;114;48;2;66;65;114m▀▀▀▀[38;2;98;90;164;48;2;41;41;49m▀▀▀[38;2;41;41;49;48;2;66;65;114m▀▀[38;2;66;65;114m▀[48;2;41;41;49m▀[38;2;41;41;49;49m▀[0m
[38;2;16;16;16;48;2;16;16;16m▀[38;2;148;156;238;48;2;106;106;180m▀[48;2;148;156;238m▀[38;2;16;16;16m▀▀[38;2;106;106;180m▀[38;2;148;156;238m▀▀[38;2;41;90;98;48;2;41;90;98m▀[38;2;24;148;180;48;2;24;148;180m▀[38;2;41;90;98m▀[38;2;106;106;180;48;2;41;90;98m▀[38;2;16;16;16;48;2;16;16;16m▀[38;2;66;65;114;49m▄[48;2;66;65;114m▀[48;2;148;156;238m▀[48;2;106;106;180m▀[48;2;148;156;238m▀▀▀[38;2;41;90;98;48;2;41;90;98m▀[38;2;24;148;180;48;2;24;148;180m▀▀[38;2;41;90;98;48;2;41;90;98m▀[38;2;66;65;114;49m▄[38;2;16;16;16;48;2;16;16;16m▀[38;2;148;156;238;48;2;106;106;180m▀[48;2;148;156;238m▀[38;2;16;16;16m▀▀[38;2;106;106;180m▀[38;2;148;156;238m▀▀▀▀▀[48;2;106;106;180m▀[38;2;16;16;16;48;2;16;16;16m▀[38;2;41;41;49;49m▄[48;2;148;156;238m▀[38;2;16;16;16m▀▀▀[38;2;41;41;49;48;2;16;16;16m▀[38;2;66;65;114m▀[48;2;66;65;114m▀▀▀[48;2;41;41;49m▀[38;2;41;41;49;49m▀[0m
[0m [38;2;66;65;114;48;2;16;16;16m▀[38;2;106;106;180;48;2;106;106;180m▀[38;2;148;156;238m▀▀▀▀[38;2;106;106;180m▀[38;2;41;90;98;48;2;41;90;98m▀[38;2;24;148;180;48;2;24;148;180m▀▀[38;2;41;90;98;48;2;41;90;98m▀[38;2;66;65;114;48;2;148;156;238m▀[38;2;148;156;238m▀[48;2;106;106;180m▀[38;2;106;106;180;48;2;148;156;238m▀[38;2;148;156;238m▀[38;2;106;106;180;48;2;106;106;180m▀[38;2;148;156;238;48;2;148;156;238m▀[38;2;41;90;98;48;2;41;90;98m▀[38;2;24;148;180;48;2;24;148;180m▀▀▀[38;2;41;90;98;48;2;41;90;98m▀[38;2;148;156;238;48;2;148;156;238m▀[38;2;66;65;114m▀[48;2;16;16;16m▀[38;2;106;106;180;48;2;106;106;180m▀▀[38;2;148;156;238m▀▀▀▀▀[38;2;106;106;180m▀▀[38;2;16;16;16;48;2;16;16;16m▀[38;2;41;41;49;48;2;148;156;238m▀[38;2;148;156;238;48;2;66;65;114m▀▀▀[48;2;148;156;238m▀▀▀▀[38;2;16;16;16m▀[38;2;41;41;49;48;2;16;16;16m▀[49m▀[0m
[0m  [38;2;16;16;16m▀[38;2;106;106;180;48;2;16;16;16m▀[48;2;66;65;114m▀[48;2;106;106;180m▀▀▀[38;2;41;90;98;48;2;16;16;16m▀[38;2;24;148;180;48;2;41;90;98m▀[38;2;16;16;16;48;2;24;148;180m▀[38;2;24;148;180m▀[38;2;41;90;98;48;2;41;90;98m▀[38;2;106;106;180;48;2;148;156;238m▀[38;2;148;156;238m▀▀▀▀[38;2;106;106;180;48;2;41;90;98m▀[38;2;24;148;180;48;2;24;148;180m▀[38;2;16;16;16m▀[38;2;24;148;180m▀[38;2;41;90;98;48;2;41;90;98m▀[38;2;106;106;180;48;2;148;156;238m▀[38;2;148;156;238m▀▀▀[38;2;16;16;16m▀[38;2;106;106;180;48;2;16;16;16m▀▀[48;2;106;106;180m▀▀▀[48;2;16;16;16m▀▀[38;2;16;16;16;49m▀[48;2;66;65;114m▀[38;2;66;65;114;48;2;106;106;180m▀[38;2;106;106;180m▀▀▀[38;2;66;65;114m▀▀▀[38;2;148;156;238;48;2;66;65;114m▀▀[38;2;106;106;180;48;2;148;156;238m▀[38;2;16;16;16;48;2;66;65;114m▀[0m
[0m     [38;2;66;65;114m▀[48;2;41;90;98m▀[38;2;16;16;16m▀[38;2;106;106;180;48;2;148;156;238m▀[38;2;41;90;98m▀[38;2;24;148;180;48;2;41;90;98m▀▀[38;2;41;90;98m▀[38;2;148;156;238;48;2;148;156;238m▀▀▀▀▀[38;2;41;90;98;48;2;41;90;98m▀[38;2;24;148;180m▀▀[38;2;41;90;98;48;2;148;156;238m▀[38;2;148;156;238m▀▀▀▀▀[48;2;106;106;180m▀[38;2;106;106;180m▀[38;2;16;16;16;48;2;16;16;16m▀[49m▀▀▀[0m  [38;2;41;41;49m▄[38;2;16;16;16;48;2;98;90;164m▀[38;2;41;41;49m▀▀[38;2;66;65;114m▀[38;2;106;106;180;48;2;16;16;16m▀[48;2;66;65;114m▀[48;2;106;106;180m▀▀▀▀[38;2;66;65;114m▀[38;2;148;156;238m▀[38;2;16;16;16;48;2;66;65;114m▀[0m
[0m    [38;2;41;90;98m▄[48;2;180;180;213m▀[38;2;222;238;246;48;2;213;205;230m▀[48;2;222;238;246m▀[38;2;41;90;98m▀[38;2;148;156;238;48;2;16;16;16m▀[48;2;66;65;114m▀[48;2;148;156;238m▀▀[48;2;106;106;180m▀[48;2;66;65;114m▀▀[48;2;148;156;238m▀▀▀[48;2;66;65;114m▀▀[48;2;16;16;16m▀[48;2;41;90;98m▀[38;2;41;90;98;48;2;222;238;246m▀▀▀[38;2;106;106;180;48;2;41;90;98m▀[48;2;106;106;180m▀[48;2;66;65;114m▀[38;2;16;16;16;48;2;16;16;16m▀[38;2;41;41;49;49m▄▄[0m  [38;2;41;41;49;48;2;41;41;49m▀[38;2;66;65;114;48;2;66;65;114m▀[38;2;41;41;49m▀▀[38;2;98;90;164;48;2;41;41;49m▀▀[48;2;98;90;164m▀▀[38;2;16;16;16m▀[38;2;106;106;180;48;2;16;16;16m▀[48;2;66;65;114m▀▀[38;2;66;65;114;49m▀▀[0m
[0m    [38;2;16;16;16;48;2;16;16;16m▀[38;2;180;180;213;48;2;41;90;98m▀[48;2;180;180;213m▀[38;2;213;205;230m▀[38;2;222;238;246;48;2;66;65;114m▀▀[38;2;16;16;16;48;2;106;106;180m▀[38;2;66;65;114m▀[38;2;106;106;180;48;2;66;65;114m▀[38;2;66;65;114;48;2;106;106;180m▀[38;2;106;106;180m▀▀[38;2;66;65;114m▀[38;2;106;106;180;48;2;66;65;114m▀[38;2;66;65;114;48;2;106;106;180m▀[38;2;106;106;180;48;2;16;16;16m▀[38;2;16;16;16;48;2;222;238;246m▀[38;2;222;238;246m▀▀[48;2;213;205;230m▀▀[48;2;180;180;213m▀[38;2;180;180;213m▀[38;2;106;106;180;48;2;16;16;16m▀[38;2;16;16;16m▀[38;2;66;65;114;48;2;98;90;164m▀[38;2;98;90;164;48;2;66;65;114m▀[48;2;98;90;164m▀[38;2;41;41;49m▀[38;2;16;16;16m▀[48;2;41;41;49m▀[38;2;66;65;114m▀[48;2;66;65;114m▀▀▀▀[38;2;41;41;49m▀[38;2;98;90;164;48;2;41;41;49m▀[48;2;98;90;164m▀[38;2;41;41;49m▀[49m▄[0m
[0m     [38;2;16;16;16m▀▀[38;2;180;180;213;48;2;16;16;16m▀▀[38;2;16;16;16m▀[38;2;106;106;180m▀[48;2;66;65;114m▀[48;2;106;106;180m▀▀▀▀▀▀▀▀[38;2;66;65;114m▀[48;2;66;65;114m▀[48;2;180;180;213m▀[38;2;180;180;213m▀▀[48;2;16;16;16m▀[38;2;41;90;98m▀[38;2;16;16;16;48;2;66;65;114m▀[38;2;98;90;164;48;2;98;90;164m▀[48;2;41;41;49m▀▀[38;2;66;65;114;48;2;66;65;114m▀[38;2;98;90;164;48;2;98;90;164m▀[48;2;41;41;49m▀▀[38;2;16;16;16;48;2;66;65;114m▀[38;2;66;65;114;48;2;16;16;16m▀[48;2;41;41;49m▀[48;2;98;90;164m▀[38;2;98;90;164;48;2;66;65;114m▀[38;2;66;65;114;48;2;98;90;164m▀[38;2;98;90;164;48;2;66;65;114m▀[38;2;66;65;114;48;2;98;90;164m▀[38;2;98;90;164;48;2;66;65;114m▀[38;2;41;41;49;48;2;41;41;49m▀[0m
[0m           [38;2;16;16;16m▀[48;2;66;65;114m▀[48;2;106;106;180m▀[38;2;66;65;114;48;2;16;16;16m▀[38;2;106;106;180m▀▀▀▀▀▀[38;2;66;65;114;48;2;66;65;114m▀[38;2;16;16;16m▀▀▀[38;2;66;65;114m▀▀▀[38;2;41;41;49;48;2;106;106;180m▀[38;2;106;106;180m▀▀[38;2;41;41;49m▀[38;2;66;65;114;48;2;16;16;16m▀[38;2;106;106;180;48;2;106;106;180m▀▀[38;2;16;16;16m▀[48;2;66;65;114m▀[49m▄[38;2;41;41;49m▀▀▀▀▀▀[0m
[0m          [38;2;16;16;16m▄[48;2;66;65;114m▀[38;2;106;106;180;48;2;148;156;238m▀[48;2;106;106;180m▀[48;2;16;16;16m▀[38;2;66;65;114m▀[38;2;16;16;16;48;2;66;65;114m▀[38;2;66;65;114;48;2;41;41;49m▀[48;2;66;65;114m▀[48;2;98;90;164m▀[38;2;98;90;164;48;2;66;65;114m▀[38;2;66;65;114;48;2;98;90;164m▀[38;2;98;90;164;48;2;66;65;114m▀[38;2;66;65;114;48;2;98;90;164m▀[48;2;66;65;114m▀▀▀▀[38;2;41;41;49m▀[38;2;106;106;180;48;2;16;16;16m▀[48;2;148;156;238m▀[38;2;148;156;238m▀[38;2;106;106;180m▀[38;2;16;16;16;48;2;16;16;16m▀[38;2;106;106;180m▀[38;2;148;156;238;48;2;148;156;238m▀▀[38;2;16;16;16m▀[49m▄[0m
[0m          [38;2;16;16;16;48;2;16;16;16m▀[38;2;148;156;238;48;2;148;156;238m▀[48;2;66;65;114m▀[38;2;16;16;16;48;2;16;16;16m▀[0m [38;2;41;41;49;48;2;41;41;49m▀[38;2;106;106;180;48;2;106;106;180m▀[48;2;41;41;49m▀[38;2;16;16;16m▀[49m▀[38;2;41;41;49m▀[38;2;66;65;114;48;2;16;16;16m▀[38;2;98;90;164m▀[38;2;66;65;114m▀▀▀[38;2;16;16;16;49m▀▀▀▀[48;2;16;16;16m▀[38;2;148;156;238;48;2;66;65;114m▀[48;2;148;156;238m▀▀[38;2;16;16;16;48;2;16;16;16m▀[38;2;66;65;114m▀[38;2;148;156;238m▀[48;2;148;156;238m▀[38;2;16;16;16;48;2;16;16;16m▀[0m
[0m           [38;2;16;16;16m▀▀[0m   [38;2;41;41;49m▀▀[0m             [38;2;16;16;16m▀[38;2;148;156;238;48;2;16;16;16m▀[38;2;66;65;114m▀[38;2;16;16;16;49m▀[0m [38;2;16;16;16m▀▀[0m
