[0m      [38;2;74;74;139;48;2;16;16;16m▀[48;2;106;115;213m▀▀[49m▄▄[0m
[0m      [38;2;16;16;16;48;2;16;16;16m▀[38;2;106;115;213;48;2;74;74;139m▀[48;2;106;115;213m▀▀▀[38;2;74;74;139m▀▀[49m▄▄[0m
[0m       [38;2;16;16;16;48;2;16;16;16m▀[38;2;106;115;213;48;2;106;115;213m▀▀▀▀▀▀▀[38;2;74;74;139m▀▀[38;2;16;16;16;49m▄▄[38;2;74;74;139m▄[0m
[0m       [38;2;16;16;16m▀[38;2;74;74;139;48;2;16;16;16m▀[38;2;106;115;213;48;2;106;115;213m▀▀▀▀▀▀▀▀▀▀[38;2;74;74;139m▀[38;2;16;16;16m▀▀[49m▄▄[0m
[0m       [38;2;74;74;139m▄[38;2;16;16;16;48;2;131;156;255m▀[38;2;74;74;139;48;2;74;74;139m▀[38;2;106;115;213;48;2;131;156;255m▀[48;2;106;115;213m▀▀▀▀▀▀▀▀▀▀▀▀[38;2;74;74;139m▀[38;2;16;16;16m▀[49m▄[0m
[0m     [38;2;74;74;139m▄[48;2;131;156;255m▀[38;2;131;156;255m▀[38;2;74;74;139m▀[38;2;131;156;255m▀▀▀[38;2;106;115;213;48;2;106;115;213m▀▀▀▀▀[48;2;49;49;65m▀▀[38;2;49;49;65;48;2;180;139;24m▀[38;2;64;64;82;48;2;49;49;65m▀[38;2;106;115;213;48;2;106;115;213m▀▀▀▀▀[38;2;16;16;16;48;2;74;74;139m▀[49m▄[38;2;49;49;65m▄▄[0m
[0m    [38;2;16;16;16m▄[38;2;74;74;139;48;2;106;115;213m▀[38;2;131;156;255m▀[48;2;131;156;255m▀▀▀[48;2;106;115;213m▀[38;2;106;115;213m▀▀▀[38;2;64;64;82;48;2;49;49;65m▀[38;2;49;49;65;48;2;255;213;24m▀▀[38;2;16;16;16;48;2;16;16;16m▀[38;2;255;213;24;48;2;255;213;24m▀[48;2;180;139;24m▀[38;2;49;49;65;48;2;49;49;65m▀▀[38;2;74;74;139m▀[38;2;106;115;213m▀[48;2;106;115;213m▀▀▀[38;2;16;16;16m▀[38;2;74;74;139;48;2;16;16;16m▀[48;2;74;74;139m▀[38;2;49;49;65m▀▀[49m▄[0m
[0m    [38;2;16;16;16;48;2;49;49;65m▀[38;2;49;49;65m▀[38;2;106;115;213m▀[48;2;106;115;213m▀[48;2;74;74;139m▀[48;2;49;49;65m▀▀[38;2;74;74;139m▀[38;2;49;49;65m▀▀▀[48;2;74;74;139m▀[38;2;180;139;24;48;2;49;49;65m▀[38;2;255;213;24m▀[38;2;180;139;24m▀[38;2;49;49;65m▀[48;2;106;115;213m▀[38;2;106;115;213m▀[38;2;49;49;65m▀[48;2;74;74;139m▀[48;2;49;49;65m▀[38;2;74;74;139m▀[38;2;106;115;213m▀[48;2;106;115;213m▀[48;2;49;49;65m▀[38;2;16;16;16m▀▀[38;2;74;74;139;48;2;16;16;16m▀▀[38;2;49;49;65m▀[0m
[0m   [38;2;16;16;16;48;2;156;57;57m▀[38;2;230;82;90;48;2;16;16;16m▀[38;2;49;49;65;48;2;230;82;90m▀▀[48;2;49;49;65m▀▀[48;2;230;82;90m▀[38;2;230;82;90;48;2;16;16;16m▀▀▀[38;2;74;74;139;48;2;230;82;90m▀[38;2;106;115;213m▀▀▀▀[48;2;106;115;213m▀▀[48;2;230;82;90m▀▀[38;2;230;82;90;48;2;106;115;213m▀[38;2;106;115;213m▀▀[38;2;49;49;65;48;2;74;74;139m▀[48;2;49;49;65m▀▀▀[48;2;106;115;213m▀[38;2;106;115;213;48;2;131;156;255m▀[38;2;131;156;255m▀▀[38;2;106;115;213;48;2;106;115;213m▀[38;2;16;16;16m▀▀[49m▄▄[0m
[0m    [38;2;49;49;65m▀[38;2;16;16;16;48;2;16;16;16m▀[48;2;106;115;213m▀[38;2;230;82;90;48;2;74;74;139m▀[48;2;180;180;197m▀[38;2;16;16;16;48;2;255;255;255m▀[38;2;180;180;197;48;2;180;180;197m▀[38;2;255;255;255;48;2;255;255;255m▀[38;2;180;180;197m▀[38;2;16;16;16;48;2;180;180;197m▀[48;2;255;255;255m▀▀[48;2;74;74;139m▀[38;2;230;82;90;48;2;16;16;16m▀▀▀[38;2;16;16;16;48;2;106;115;213m▀▀[38;2;106;115;213m▀▀▀▀[38;2;49;49;65;48;2;49;49;65m▀▀▀[38;2;131;156;255;48;2;131;156;255m▀▀▀▀[48;2;106;115;213m▀[38;2;106;115;213m▀▀▀[38;2;74;74;139m▀[38;2;16;16;16;48;2;16;16;16m▀[0m
[0m      [38;2;16;16;16m▀[38;2;106;115;213;48;2;16;16;16m▀[38;2;74;74;139;48;2;64;64;82m▀[48;2;106;115;213m▀[38;2;255;255;255m▀[38;2;180;180;197;48;2;74;74;139m▀[38;2;255;255;255m▀▀[38;2;74;74;139;48;2;106;115;213m▀▀[38;2;106;115;213m▀▀▀▀▀▀▀▀▀▀[38;2;49;49;65;48;2;49;49;65m▀▀▀[38;2;106;115;213m▀[38;2;131;156;255;48;2;106;115;213m▀▀[38;2;106;115;213m▀▀▀▀▀▀▀[38;2;16;16;16m▀[49m▄[0m
[0m         [38;2;64;64;82m▀[48;2;16;16;16m▀[38;2;106;115;213;48;2;156;57;57m▀[48;2;230;82;90m▀[38;2;156;57;57m▀▀▀▀▀▀[38;2;106;115;213m▀[48;2;156;57;57m▀[48;2;16;16;16m▀[48;2;106;115;213m▀▀▀▀[38;2;74;74;139m▀[38;2;49;49;65;48;2;49;49;65m▀▀[38;2;16;16;16m▀[38;2;74;74;139;48;2;16;16;16m▀[38;2;106;115;213m▀[48;2;106;115;213m▀▀▀▀▀▀▀▀[38;2;16;16;16m▀[38;2;49;49;65;49m▄[0m
[0m         [38;2;16;16;16;48;2;156;57;57m▀[38;2;230;82;90;48;2;230;82;90m▀▀[48;2;255;156;164m▀▀▀[48;2;230;82;90m▀▀▀▀▀▀▀[38;2;16;16;16;48;2;156;57;57m▀[38;2;74;74;139;48;2;16;16;16m▀[48;2;74;74;139m▀▀[38;2;106;115;213m▀▀[38;2;49;49;65m▀▀[48;2;49;49;65m▀▀[38;2;16;16;16m▀[38;2;49;49;65;48;2;16;16;16m▀[38;2;106;115;213m▀▀▀▀▀[48;2;106;115;213m▀▀▀[38;2;49;49;65m▀[49m▄▄[0m
[0m        [38;2;156;57;57;48;2;156;57;57m▀[38;2;230;82;90;48;2;230;82;90m▀▀▀[38;2;255;156;164;48;2;255;156;164m▀▀▀[38;2;230;82;90;48;2;230;82;90m▀▀▀▀▀▀[48;2;156;57;57m▀[38;2;156;57;57m▀[38;2;16;16;16m▀[38;2;74;74;139;48;2;16;16;16m▀[48;2;74;74;139m▀▀▀▀▀▀[38;2;49;49;65;48;2;49;49;65m▀▀[38;2;106;115;213;48;2;74;74;139m▀[48;2;106;115;213m▀[38;2;16;16;16;48;2;16;16;16m▀[0m   [38;2;16;16;16m▀▀[38;2;106;115;213;48;2;16;16;16m▀[48;2;106;115;213m▀▀[48;2;74;74;139m▀[38;2;16;16;16;48;2;49;49;65m▀▀[49m▄[0m
[0m        [38;2;156;57;57m▀[38;2;230;82;90;48;2;156;57;57m▀[48;2;230;82;90m▀▀▀▀▀▀▀▀▀▀[48;2;156;57;57m▀[38;2;156;57;57m▀▀▀[38;2;16;16;16;48;2;16;16;16m▀[38;2;74;74;139;48;2;74;74;139m▀▀▀▀▀▀[38;2;106;115;213;48;2;106;115;213m▀[38;2;49;49;65;48;2;49;49;65m▀▀[38;2;106;115;213;48;2;106;115;213m▀[38;2;16;16;16m▀[49m▄[0m     [38;2;16;16;16;48;2;16;16;16m▀[38;2;49;49;65;48;2;49;49;65m▀▀[48;2;74;74;139m▀[48;2;106;115;213m▀[38;2;74;74;139m▀[38;2;16;16;16;48;2;16;16;16m▀[0m
[0m         [38;2;16;16;16;48;2;16;16;16m▀[38;2;230;82;90m▀[48;2;156;57;57m▀[48;2;230;82;90m▀▀▀▀▀[48;2;156;57;57m▀▀[38;2;156;57;57;48;2;230;82;90m▀[38;2;230;82;90;48;2;156;57;57m▀[38;2;156;57;57;48;2;230;82;90m▀[38;2;230;82;90;48;2;156;57;57m▀[38;2;16;16;16;48;2;49;49;65m▀[38;2;74;74;139m▀[48;2;74;74;139m▀▀▀▀▀[48;2;106;115;213m▀[38;2;106;115;213m▀[38;2;49;49;65;48;2;49;49;65m▀▀▀[38;2;106;115;213m▀[38;2;16;16;16;48;2;16;16;16m▀[0m     [38;2;16;16;16m▀[38;2;106;115;213;48;2;16;16;16m▀[48;2;106;115;213m▀▀[48;2;49;49;65m▀▀[38;2;49;49;65m▀[38;2;16;16;16m▀[49m▄[0m
[0m      [38;2;16;16;16m▄▄[48;2;49;49;65m▀[38;2;74;74;139m▀[48;2;74;74;139m▀[38;2;16;16;16m▀[38;2;156;57;57;48;2;16;16;16m▀▀[48;2;156;57;57m▀▀▀▀[38;2;230;82;90m▀[38;2;156;57;57;48;2;230;82;90m▀[38;2;230;82;90;48;2;16;16;16m▀[38;2;156;57;57m▀[38;2;16;16;16;49m▀▄[48;2;49;49;65m▀[38;2;74;74;139;48;2;106;115;213m▀▀▀[38;2;106;115;213m▀▀▀[38;2;74;74;139;48;2;49;49;65m▀[38;2;49;49;65m▀▀[48;2;74;74;139m▀[48;2;106;115;213m▀▀[38;2;16;16;16m▀[49m▄[0m    [38;2;16;16;16;48;2;16;16;16m▀[38;2;49;49;65;48;2;49;49;65m▀▀▀[48;2;74;74;139m▀[48;2;106;115;213m▀[38;2;106;115;213m▀[38;2;16;16;16m▀[49m▄[0m
[0m    [38;2;49;49;65m▄[38;2;16;16;16;48;2;106;115;213m▀[38;2;49;49;65m▀[48;2;74;74;139m▀[48;2;49;49;65m▀▀▀[38;2;74;74;139;48;2;16;16;16m▀[38;2;16;16;16;49m▀[0m [38;2;16;16;16m▀▀▀▀▀▀[38;2;49;49;65m▄[38;2;16;16;16m▄[48;2;49;49;65m▀[38;2;49;49;65m▀[38;2;106;115;213;48;2;106;115;213m▀▀▀▀▀▀[38;2;74;74;139;48;2;49;49;65m▀[38;2;49;49;65m▀[48;2;106;115;213m▀[38;2;106;115;213m▀▀▀▀▀▀[38;2;16;16;16;48;2;16;16;16m▀[0m    [38;2;16;16;16;48;2;16;16;16m▀[38;2;106;115;213;48;2;106;115;213m▀▀▀▀▀▀[38;2;74;74;139m▀[38;2;16;16;16;48;2;16;16;16m▀[0m
[0m   [38;2;49;49;65;48;2;49;49;65m▀[38;2;106;115;213;48;2;106;115;213m▀▀▀▀▀▀[38;2;49;49;65m▀[38;2;16;16;16;48;2;16;16;16m▀[0m     [38;2;49;49;65m▄[48;2;106;115;213m▀▀[38;2;106;115;213m▀▀[38;2;49;49;65;48;2;74;74;139m▀[48;2;49;49;65m▀[38;2;255;255;255;48;2;123;123;139m▀[48;2;255;255;255m▀[38;2;106;115;213m▀▀▀▀[38;2;49;49;65;48;2;49;49;65m▀[38;2;74;74;139;48;2;106;115;213m▀[38;2;106;115;213m▀▀▀▀▀▀▀[38;2;74;74;139m▀[38;2;16;16;16;48;2;16;16;16m▀[0m   [38;2;16;16;16;48;2;16;16;16m▀[38;2;106;115;213;48;2;106;115;213m▀▀▀▀▀▀▀[38;2;74;74;139m▀[38;2;16;16;16;48;2;16;16;16m▀[0m
[0m  [38;2;16;16;16;48;2;16;16;16m▀[38;2;106;115;213;48;2;156;57;57m▀▀[48;2;106;115;213m▀▀▀▀▀[38;2;16;16;16;48;2;16;16;16m▀[0m    [38;2;49;49;65m▄[48;2;106;115;213m▀[38;2;106;115;213m▀▀▀▀▀▀[38;2;49;49;65;48;2;49;49;65m▀▀[38;2;123;123;139;48;2;180;180;197m▀[48;2;123;123;139m▀[38;2;255;255;255m▀▀▀[38;2;49;49;65;48;2;16;16;16m▀[38;2;106;115;213;48;2;106;115;213m▀▀▀▀▀▀▀▀[48;2;74;74;139m▀[38;2;16;16;16m▀[49m▄[0m [38;2;49;49;65m▄[38;2;74;74;139;48;2;106;115;213m▀[38;2;106;115;213;48;2;74;74;139m▀[48;2;106;115;213m▀▀[48;2;156;57;57m▀▀[48;2;64;64;82m▀[48;2;106;115;213m▀[48;2;74;74;139m▀[38;2;16;16;16;48;2;49;49;65m▀[0m
[0m [38;2;16;16;16;48;2;16;16;16m▀[38;2;156;57;57;48;2;230;82;90m▀[38;2;230;82;90m▀▀[38;2;156;57;57;48;2;16;16;16m▀[38;2;106;115;213;48;2;106;115;213m▀[38;2;74;74;139;48;2;16;16;16m▀[38;2;106;115;213;48;2;106;115;213m▀▀[38;2;49;49;65;48;2;74;74;139m▀[49m▄[0m  [38;2;49;49;65m▄[48;2;74;74;139m▀[38;2;106;115;213m▀[48;2;106;115;213m▀▀▀▀[48;2;74;74;139m▀▀▀[38;2;16;16;16m▀[38;2;123;123;139;48;2;16;16;16m▀[38;2;180;180;197m▀[48;2;123;123;139m▀[48;2;180;180;197m▀▀[38;2;16;16;16m▀[38;2;106;115;213;48;2;49;49;65m▀[48;2;106;115;213m▀▀▀▀▀▀[48;2;74;74;139m▀[38;2;74;74;139m▀▀[38;2;16;16;16;48;2;16;16;16m▀[38;2;49;49;65;49m▄[48;2;74;74;139m▀[38;2;74;74;139m▀[48;2;49;49;65m▀[38;2;16;16;16;48;2;16;16;16m▀[38;2;156;57;57;48;2;230;82;90m▀▀[38;2;230;82;90m▀[38;2;16;16;16;48;2;16;16;16m▀[38;2;64;64;82m▀[38;2;74;74;139;48;2;74;74;139m▀▀[38;2;49;49;65;48;2;49;49;65m▀[0m
[38;2;156;57;57;49m▄[48;2;230;82;90m▀[38;2;230;82;90m▀▀[38;2;156;57;57;48;2;16;16;16m▀[38;2;16;16;16;48;2;74;74;139m▀[38;2;106;115;213m▀[38;2;49;49;65;48;2;49;49;65m▀[38;2;16;16;16;49m▀[38;2;74;74;139;48;2;49;49;65m▀[48;2;74;74;139m▀[38;2;49;49;65;48;2;16;16;16m▀[0m  [38;2;49;49;65;48;2;49;49;65m▀[38;2;74;74;139;48;2;74;74;139m▀▀▀▀▀▀▀▀▀▀[48;2;16;16;16m▀▀[38;2;16;16;16;49m▀▀▀▀▀[38;2;74;74;139;48;2;49;49;65m▀[38;2;106;115;213;48;2;74;74;139m▀▀▀▀[38;2;74;74;139m▀▀▀▀[38;2;16;16;16;48;2;16;16;16m▀[38;2;49;49;65;49m▀[38;2;74;74;139;48;2;16;16;16m▀▀[38;2;49;49;65;48;2;49;49;65m▀[38;2;16;16;16;48;2;16;16;16m▀[38;2;230;82;90;48;2;230;82;90m▀▀▀[38;2;16;16;16;48;2;16;16;16m▀[0m [38;2;49;49;65;48;2;16;16;16m▀[38;2;74;74;139;48;2;74;74;139m▀▀[38;2;49;49;65;48;2;49;49;65m▀[0m
[38;2;156;57;57;48;2;156;57;57m▀[38;2;230;82;90;48;2;230;82;90m▀▀[38;2;156;57;57;48;2;16;16;16m▀[38;2;16;16;16;48;2;64;64;82m▀[38;2;74;74;139;48;2;49;49;65m▀[48;2;74;74;139m▀[38;2;49;49;65m▀[38;2;16;16;16;49m▄▀▀[0m    [38;2;16;16;16m▀[38;2;74;74;139;48;2;16;16;16m▀[48;2;49;49;65m▀[48;2;74;74;139m▀▀[48;2;49;49;65m▀▀[38;2;49;49;65;48;2;16;16;16m▀[38;2;16;16;16;49m▀[48;2;49;49;65m▀[38;2;49;49;65;49m▄[38;2;16;16;16m▄[0m      [38;2;16;16;16m▀[38;2;74;74;139;48;2;16;16;16m▀[48;2;49;49;65m▀[48;2;74;74;139m▀▀[48;2;64;64;82m▀▀[38;2;64;64;82;48;2;74;74;139m▀[38;2;16;16;16;48;2;16;16;16m▀[0m  [38;2;64;64;82m▄[38;2;16;16;16;48;2;16;16;16m▀[38;2;74;74;139;48;2;74;74;139m▀[38;2;16;16;16;48;2;16;16;16m▀[38;2;230;82;90;48;2;230;82;90m▀▀[48;2;156;57;57m▀[38;2;16;16;16;48;2;16;16;16m▀[0m [38;2;16;16;16m▀▀[0m
[38;2;156;57;57;49m▀[38;2;230;82;90;48;2;16;16;16m▀[38;2;156;57;57;48;2;156;57;57m▀[38;2;16;16;16m▀[38;2;64;64;82;48;2;16;16;16m▀[38;2;16;16;16;49m▀[38;2;74;74;139;48;2;16;16;16m▀▀[38;2;49;49;65;49m▀[0m        [38;2;16;16;16m▀▀[38;2;74;74;139;48;2;16;16;16m▀[48;2;74;74;139m▀▀[38;2;16;16;16m▀[38;2;49;49;65;48;2;16;16;16m▀[38;2;74;74;139;48;2;74;74;139m▀▀[38;2;16;16;16;48;2;16;16;16m▀[0m         [38;2;16;16;16m▀▀▀[38;2;74;74;139;48;2;64;64;82m▀[48;2;74;74;139m▀▀[38;2;16;16;16;48;2;64;64;82m▀[38;2;64;64;82;48;2;74;74;139m▀[38;2;74;74;139m▀[38;2;49;49;65;48;2;49;49;65m▀[38;2;16;16;16;49m▀▀▀[38;2;156;57;57;48;2;16;16;16m▀[48;2;156;57;57m▀[38;2;16;16;16m▀[49m▄[0m
[0m  [38;2;16;16;16m▀▀▀[0m           [38;2;16;16;16m▄▄[38;2;49;49;65;48;2;74;74;139m▀▀[38;2;16;16;16m▀[38;2;74;74;139m▀▀▀[48;2;106;115;213m▀[48;2;49;49;65m▀[38;2;16;16;16m▀[0m             [38;2;64;64;82;48;2;16;16;16m▀[38;2;74;74;139;48;2;74;74;139m▀▀[38;2;64;64;82m▀[38;2;74;74;139m▀[38;2;49;49;65;48;2;49;49;65m▀[49m▄[0m   [38;2;16;16;16m▀▀▀[0m
[0m          [38;2;49;49;65m▄[48;2;74;74;139m▀▀[48;2;16;16;16m▀[38;2;16;16;16;48;2;230;82;90m▀▀[38;2;49;49;65m▀[48;2;49;49;65m▀▀[48;2;64;64;82m▀▀[38;2;106;115;213m▀[48;2;106;115;213m▀[48;2;74;74;139m▀[38;2;74;74;139m▀[38;2;16;16;16;48;2;16;16;16m▀[0m            [38;2;16;16;16m▄[48;2;16;16;16m▀[48;2;49;49;65m▀[38;2;49;49;65m▀▀▀▀[38;2;74;74;139m▀[38;2;16;16;16;48;2;16;16;16m▀[0m
[0m          [38;2;49;49;65m▀[38;2;74;74;139;48;2;16;16;16m▀[38;2;49;49;65m▀[38;2;230;82;90m▀[48;2;156;57;57m▀[38;2;156;57;57m▀[48;2;16;16;16m▀[38;2;74;74;139;48;2;106;115;213m▀[38;2;106;115;213m▀[48;2;74;74;139m▀[38;2;64;64;82;48;2;49;49;65m▀[38;2;49;49;65m▀[48;2;16;16;16m▀[38;2;74;74;139m▀[38;2;16;16;16;49m▀[0m          [38;2;16;16;16m▄[48;2;74;74;139m▀[48;2;106;115;213m▀[38;2;49;49;65;48;2;16;16;16m▀▀[38;2;16;16;16;48;2;230;82;90m▀[38;2;49;49;65m▀[48;2;16;16;16m▀[48;2;49;49;65m▀[38;2;16;16;16;48;2;106;115;213m▀▀[48;2;16;16;16m▀[49m▄[0m
[0m             [38;2;16;16;16m▀▀▀▀[38;2;74;74;139;48;2;16;16;16m▀▀▀[38;2;16;16;16;49m▀▀[0m             [38;2;16;16;16;48;2;16;16;16m▀[38;2;106;115;213;48;2;74;74;139m▀▀[38;2;16;16;16;48;2;16;16;16m▀[38;2;230;82;90;48;2;230;82;90m▀▀[48;2;156;57;57m▀▀[38;2;16;16;16;48;2;16;16;16m▀[38;2;106;115;213;48;2;74;74;139m▀▀[38;2;74;74;139;48;2;16;16;16m▀[38;2;16;16;16m▀[0m
[0m                                    [38;2;16;16;16m▀▀▀[48;2;16;16;16m▀[38;2;156;57;57m▀▀[38;2;16;16;16m▀[49m▀▀▀▀[0m
