[0m                          [38;2;16;16;16m▄▄[0m     [38;2;90;98;65m▄[48;2;90;98;65m▀[48;2;139;148;82m▀[48;2;90;98;65m▀[0m
[0m                         [38;2;90;98;65;48;2;90;98;65m▀[38;2;139;148;82;48;2;139;148;82m▀[38;2;16;16;16m▀[49m▄[0m  [38;2;90;98;65m▄[48;2;189;197;123m▀[38;2;189;197;123;48;2;139;148;82m▀[38;2;139;148;82;48;2;189;197;123m▀[48;2;139;148;82m▀[38;2;90;98;65;48;2;90;98;65m▀[0m
[0m                        [38;2;90;98;65;48;2;90;98;65m▀[38;2;139;148;82;48;2;139;148;82m▀▀▀[38;2;16;16;16m▀[49m▄[38;2;90;98;65;48;2;139;148;82m▀[38;2;139;148;82;48;2;90;98;65m▀[48;2;16;16;16m▀[38;2;189;197;123m▀[38;2;139;148;82m▀[38;2;189;197;123m▀[38;2;90;98;65m▀[38;2;16;16;16;49m▄[38;2;90;98;65m▄▄▄▄▄[0m        [38;2;90;98;65m▄▄▄[48;2;189;197;123m▀▀[48;2;16;16;16m▀[0m
[0m                       [38;2;90;98;65;48;2;90;98;65m▀[38;2;139;148;82;48;2;139;148;82m▀▀[48;2;16;16;16m▀[48;2;90;98;65m▀[38;2;16;16;16;48;2;189;197;123m▀▀▀[38;2;90;98;65m▀[38;2;189;197;123m▀▀▀[38;2;139;148;82;48;2;98;131;57m▀[38;2;98;131;57m▀▀▀[48;2;189;197;123m▀[38;2;189;197;123m▀▀▀[38;2;90;98;65m▀▀[38;2;16;16;16m▀[48;2;139;148;82m▀[49m▄▄[38;2;90;98;65;48;2;139;148;82m▀▀[38;2;189;197;123m▀▀[48;2;189;197;123m▀▀[48;2;16;16;16m▀[38;2;16;16;16;49m▀[0m
[0m         [38;2;16;16;16m▄▄[0m           [38;2;16;16;16m▄[38;2;90;98;65;48;2;90;98;65m▀[38;2;16;16;16;48;2;189;197;123m▀[38;2;90;98;65m▀[38;2;189;197;123;48;2;98;131;57m▀[38;2;98;131;57m▀▀▀▀[38;2;139;148;82;48;2;189;197;123m▀[38;2;189;197;123m▀▀▀▀▀▀▀[48;2;98;131;57m▀▀▀▀[48;2;139;148;82m▀[48;2;189;197;123m▀▀▀▀▀[38;2;16;16;16m▀[48;2;139;148;82m▀[38;2;139;148;82;48;2;16;16;16m▀[48;2;139;148;82m▀▀[48;2;16;16;16m▀[38;2;16;16;16;49m▀[0m
[0m       [38;2;43;62;54m▄[38;2;16;16;16;48;2;98;131;57m▀[38;2;43;62;54;48;2;43;62;54m▀[38;2;16;16;16;48;2;16;16;16m▀[0m         [38;2;16;16;16m▄[48;2;189;197;123m▀[38;2;189;197;123m▀▀▀▀[38;2;139;148;82m▀[38;2;98;131;57m▀▀[38;2;189;197;123m▀▀▀▀▀▀▀▀▀[38;2;98;131;57m▀[48;2;139;148;82m▀[48;2;98;131;57m▀▀▀▀▀[38;2;189;197;123;48;2;189;197;123m▀▀▀▀▀▀[38;2;139;148;82;48;2;139;148;82m▀[38;2;90;98;65m▀[48;2;16;16;16m▀[48;2;139;148;82m▀▀[48;2;189;197;123m▀▀▀▀[38;2;16;16;16;48;2;16;16;16m▀[0m
[0m      [38;2;43;62;54;48;2;43;62;54m▀[38;2;98;131;57;48;2;98;131;57m▀[38;2;57;90;57;48;2;43;62;54m▀[48;2;98;131;57m▀[38;2;16;16;16;48;2;43;62;54m▀[49m▄[0m       [38;2;16;16;16;48;2;16;16;16m▀[38;2;139;148;82;48;2;189;197;123m▀[38;2;189;197;123m▀▀[48;2;255;255;255m▀▀▀[48;2;189;197;123m▀▀[48;2;139;148;82m▀[38;2;98;131;57;48;2;98;131;57m▀▀[38;2;139;148;82m▀[38;2;189;197;123;48;2;189;197;123m▀▀▀▀▀▀▀▀▀▀[38;2;98;131;57m▀▀[38;2;189;197;123m▀▀▀▀▀▀▀▀[38;2;139;148;82;48;2;139;148;82m▀[38;2;90;98;65m▀[48;2;16;16;16m▀[38;2;139;148;82;48;2;139;148;82m▀▀[38;2;189;197;123;48;2;189;197;123m▀[48;2;16;16;16m▀[38;2;16;16;16;49m▀[0m
[38;2;16;16;16;49m▄▄[0m   [38;2;43;62;54;48;2;43;62;54m▀[38;2;98;131;57;48;2;98;131;57m▀▀[38;2;43;62;54;48;2;43;62;54m▀[38;2;98;131;57;48;2;98;131;57m▀▀[38;2;16;16;16;48;2;16;16;16m▀[49m▄[48;2;98;131;57m▀[48;2;43;62;54m▀[48;2;16;16;16m▀[0m [38;2;16;16;16m▄[48;2;16;16;16m▀[38;2;139;148;82;48;2;189;197;123m▀[38;2;189;197;123m▀▀[38;2;255;255;255;48;2;255;255;255m▀▀[48;2;16;16;16m▀[48;2;255;255;255m▀▀[38;2;189;197;123;48;2;189;197;123m▀▀[38;2;98;131;57m▀▀[38;2;189;197;123m▀▀▀▀▀▀▀[48;2;255;255;255m▀▀▀[48;2;189;197;123m▀▀▀▀▀▀▀▀▀▀[48;2;90;98;65m▀[38;2;139;148;82;48;2;139;148;82m▀▀[38;2;90;98;65m▀[38;2;139;148;82m▀[48;2;16;16;16m▀[38;2;16;16;16;49m▀[0m
[38;2;16;16;16;48;2;16;16;16m▀[38;2;43;62;54;48;2;43;62;54m▀[38;2;16;16;16;48;2;98;131;57m▀[49m▄[38;2;43;62;54;48;2;43;62;54m▀[38;2;98;131;57;48;2;98;131;57m▀▀[38;2;57;90;57;48;2;43;62;54m▀[48;2;98;131;57m▀[38;2;98;131;57m▀▀▀[48;2;57;90;57m▀[38;2;43;62;54m▀[38;2;98;131;57;48;2;16;16;16m▀[38;2;16;16;16;49m▀[0m [38;2;16;16;16;48;2;16;16;16m▀[38;2;189;197;123;48;2;189;197;123m▀[38;2;90;98;65;48;2;90;98;65m▀[38;2;189;197;123;48;2;189;197;123m▀▀[38;2;255;255;255m▀[48;2;255;255;255m▀▀▀[48;2;189;197;123m▀[38;2;189;197;123m▀▀▀▀▀▀▀▀▀▀[38;2;255;255;255;48;2;255;255;255m▀▀[48;2;16;16;16m▀[48;2;255;255;255m▀▀[38;2;189;197;123;48;2;189;197;123m▀▀▀▀▀▀▀▀[48;2;16;16;16m▀[38;2;90;98;65;48;2;156;32;74m▀[38;2;139;148;82;48;2;90;98;65m▀[48;2;139;148;82m▀▀[38;2;16;16;16;48;2;16;16;16m▀[0m              [38;2;16;16;16m▄[0m
[38;2;16;16;16;48;2;16;16;16m▀[38;2;98;131;57;48;2;98;131;57m▀[38;2;43;62;54;48;2;43;62;54m▀[38;2;98;131;57;48;2;98;131;57m▀[38;2;16;16;16m▀[38;2;98;131;57m▀▀[38;2;43;62;54;48;2;43;62;54m▀[38;2;98;131;57;48;2;98;131;57m▀▀▀[48;2;57;90;57m▀[38;2;43;62;54m▀[38;2;98;131;57;48;2;98;131;57m▀[38;2;16;16;16;48;2;16;16;16m▀[0m  [38;2;16;16;16;48;2;16;16;16m▀[38;2;189;197;123;48;2;139;148;82m▀[38;2;90;98;65;48;2;90;98;65m▀[38;2;139;148;82;48;2;139;148;82m▀[38;2;189;197;123m▀[48;2;90;98;65m▀[48;2;189;197;123m▀▀[48;2;90;98;65m▀▀[48;2;189;197;123m▀▀▀▀▀▀[48;2;90;98;65m▀▀[48;2;189;197;123m▀▀[38;2;255;255;255m▀[48;2;255;255;255m▀▀▀[48;2;189;197;123m▀[38;2;189;197;123m▀▀▀[38;2;90;98;65;48;2;16;16;16m▀[48;2;139;148;82m▀[38;2;189;197;123;48;2;16;16;16m▀[38;2;139;148;82m▀[38;2;16;16;16;48;2;156;32;74m▀[38;2;156;32;74m▀▀[38;2;90;98;65;48;2;90;98;65m▀[38;2;139;148;82;48;2;139;148;82m▀▀[38;2;16;16;16;48;2;16;16;16m▀[0m      [38;2;16;16;16m▄▄[0m     [38;2;16;16;16;48;2;16;16;16m▀[38;2;43;62;54;48;2;43;62;54m▀[38;2;16;16;16;48;2;16;16;16m▀[0m
[0m [38;2;43;62;54;48;2;43;62;54m▀[38;2;98;131;57;48;2;98;131;57m▀[38;2;43;62;54;48;2;43;62;54m▀[38;2;98;131;57;48;2;98;131;57m▀▀▀[38;2;43;62;54;48;2;43;62;54m▀[38;2;98;131;57;48;2;98;131;57m▀▀▀[38;2;43;62;54;48;2;43;62;54m▀[38;2;98;131;57;48;2;98;131;57m▀[38;2;16;16;16;48;2;16;16;16m▀[0m   [38;2;16;16;16m▀[38;2;139;148;82;48;2;16;16;16m▀[48;2;139;148;82m▀[38;2;16;16;16;48;2;16;16;16m▀[38;2;139;148;82;48;2;139;148;82m▀▀[38;2;90;98;65;48;2;156;32;74m▀[38;2;16;16;16;48;2;16;16;16m▀[38;2;189;197;123;48;2;189;197;123m▀[38;2;16;16;16;48;2;16;16;16m▀[38;2;189;197;123;48;2;139;148;82m▀▀▀[48;2;189;197;123m▀▀▀[38;2;16;16;16;48;2;16;16;16m▀[38;2;189;197;123;48;2;189;197;123m▀[38;2;16;16;16;48;2;16;16;16m▀[38;2;189;197;123;48;2;189;197;123m▀▀▀▀▀[48;2;139;148;82m▀▀▀[38;2;139;148;82;48;2;16;16;16m▀[38;2;16;16;16m▀[38;2;139;148;82;48;2;139;148;82m▀[38;2;16;16;16;48;2;16;16;16m▀[38;2;156;32;74;48;2;156;32;74m▀▀▀[38;2;16;16;16;48;2;90;98;65m▀[38;2;139;148;82;48;2;139;148;82m▀▀[38;2;90;98;65;48;2;16;16;16m▀[38;2;16;16;16;49m▀[0m      [38;2;16;16;16;48;2;16;16;16m▀[38;2;43;62;54;48;2;43;62;54m▀[38;2;16;16;16;48;2;98;131;57m▀[49m▄[0m  [38;2;16;16;16m▄[48;2;98;131;57m▀[38;2;43;62;54;48;2;43;62;54m▀[38;2;98;131;57;48;2;98;131;57m▀[38;2;16;16;16;48;2;16;16;16m▀[0m
[0m [38;2;43;62;54m▀[38;2;98;131;57;48;2;43;62;54m▀[48;2;98;131;57m▀[38;2;43;62;54;48;2;43;62;54m▀[38;2;98;131;57;48;2;57;90;57m▀[48;2;98;131;57m▀[38;2;43;62;54m▀[38;2;98;131;57;48;2;43;62;54m▀[48;2;98;131;57m▀[38;2;43;62;54;48;2;43;62;54m▀[38;2;98;131;57;48;2;98;131;57m▀▀[38;2;16;16;16;48;2;16;16;16m▀[0m    [38;2;16;16;16m▀[38;2;139;148;82;48;2;16;16;16m▀[38;2;16;16;16m▀[38;2;189;197;123;48;2;189;197;123m▀[38;2;90;98;65;48;2;16;16;16m▀[38;2;156;32;74;48;2;156;32;74m▀[38;2;16;16;16;48;2;139;148;82m▀[38;2;189;197;123;48;2;189;197;123m▀[38;2;16;16;16;48;2;16;16;16m▀[48;2;156;32;74m▀[38;2;90;98;65;48;2;16;16;16m▀[38;2;139;148;82;48;2;139;148;82m▀▀[48;2;90;98;65m▀[48;2;16;16;16m▀[38;2;16;16;16m▀[38;2;189;197;123;48;2;189;197;123m▀[38;2;16;16;16;48;2;139;148;82m▀[38;2;139;148;82;48;2;16;16;16m▀▀▀[48;2;90;98;65m▀[48;2;139;148;82m▀▀[38;2;90;98;65m▀[38;2;16;16;16;48;2;16;16;16m▀[38;2;156;32;74;48;2;156;32;74m▀[38;2;16;16;16;48;2;16;16;16m▀[38;2;139;148;82;48;2;139;148;82m▀▀[38;2;16;16;16;48;2;16;16;16m▀[38;2;156;32;74;48;2;90;98;65m▀[38;2;16;16;16;48;2;139;148;82m▀[38;2;139;148;82m▀▀[38;2;90;98;65;48;2;16;16;16m▀[38;2;16;16;16;49m▀[0m       [38;2;16;16;16;48;2;16;16;16m▀[38;2;57;90;57;48;2;98;131;57m▀[48;2;43;62;54m▀[38;2;98;131;57;48;2;98;131;57m▀[38;2;16;16;16;48;2;16;16;16m▀[49m▄[48;2;98;131;57m▀[38;2;98;131;57m▀[38;2;43;62;54;48;2;43;62;54m▀[38;2;98;131;57;48;2;98;131;57m▀[38;2;16;16;16m▀[49m▄[0m
[0m  [38;2;43;62;54m▀[38;2;98;131;57;48;2;43;62;54m▀[48;2;98;131;57m▀[38;2;57;90;57m▀[38;2;43;62;54m▀[38;2;98;131;57;48;2;43;62;54m▀[38;2;43;62;54m▀[38;2;57;90;57m▀[48;2;98;131;57m▀[38;2;98;131;57m▀▀[38;2;57;90;57m▀[38;2;16;16;16;48;2;16;16;16m▀[0m     [38;2;16;16;16;48;2;16;16;16m▀[38;2;189;197;123;48;2;139;148;82m▀[38;2;16;16;16;48;2;16;16;16m▀[38;2;90;98;65;48;2;139;148;82m▀[38;2;139;148;82m▀▀[38;2;16;16;16;48;2;90;98;65m▀[38;2;156;32;74;48;2;156;32;74m▀[38;2;16;16;16;48;2;16;16;16m▀[38;2;189;197;123;48;2;189;197;123m▀▀[38;2;16;16;16;48;2;16;16;16m▀[38;2;156;32;74;48;2;230;41;24m▀[38;2;16;16;16;48;2;16;16;16m▀[38;2;189;197;123;48;2;189;197;123m▀▀[38;2;16;16;16;48;2;16;16;16m▀[38;2;156;32;74;48;2;230;41;24m▀▀[38;2;16;16;16;48;2;16;16;16m▀[38;2;139;148;82;48;2;189;197;123m▀[38;2;189;197;123m▀[38;2;90;98;65;48;2;16;16;16m▀[38;2;16;16;16;48;2;230;41;24m▀[38;2;230;41;24;48;2;156;32;74m▀[38;2;16;16;16;48;2;16;16;16m▀[38;2;139;148;82;48;2;139;148;82m▀▀[38;2;90;98;65m▀[38;2;139;148;82m▀[48;2;90;98;65m▀[48;2;16;16;16m▀[38;2;16;16;16;49m▀[0m        [38;2;16;16;16m▄[48;2;98;131;57m▀[38;2;98;131;57m▀[38;2;43;62;54m▀[38;2;98;131;57;48;2;43;62;54m▀[48;2;98;131;57m▀[38;2;16;16;16m▀[38;2;98;131;57m▀[48;2;57;90;57m▀[38;2;43;62;54m▀[38;2;98;131;57;48;2;98;131;57m▀▀[38;2;16;16;16;48;2;16;16;16m▀[0m
[0m   [38;2;43;62;54m▀[38;2;98;131;57;48;2;43;62;54m▀[48;2;98;131;57m▀▀▀▀[38;2;43;62;54m▀[38;2;98;131;57;48;2;43;62;54m▀[48;2;57;90;57m▀[48;2;98;131;57m▀▀▀[38;2;16;16;16m▀[48;2;57;90;57m▀[49m▄▄▄[0m [38;2;90;98;65m▀[38;2;16;16;16m▀▀[38;2;139;148;82;48;2;16;16;16m▀▀▀[38;2;90;98;65;48;2;139;148;82m▀▀[38;2;16;16;16;48;2;16;16;16m▀[38;2;189;197;123;48;2;189;197;123m▀[38;2;16;16;16;48;2;16;16;16m▀[38;2;230;41;24;48;2;90;98;65m▀[38;2;16;16;16m▀[38;2;139;148;82;48;2;139;148;82m▀[38;2;189;197;123m▀[38;2;139;148;82m▀[38;2;16;16;16;48;2;90;98;65m▀[38;2;230;41;24m▀[48;2;139;148;82m▀[38;2;90;98;65;48;2;90;98;65m▀[38;2;189;197;123;48;2;189;197;123m▀[38;2;16;16;16;48;2;16;16;16m▀[38;2;90;98;65;48;2;139;148;82m▀▀[38;2;139;148;82m▀[48;2;16;16;16m▀▀[38;2;90;98;65m▀[38;2;16;16;16;49m▀▀[0m         [38;2;16;16;16m▄[48;2;98;131;57m▀[38;2;98;131;57m▀▀▀[38;2;43;62;54;48;2;43;62;54m▀[38;2;98;131;57;48;2;98;131;57m▀▀▀[38;2;43;62;54;48;2;43;62;54m▀[38;2;98;131;57;48;2;98;131;57m▀▀▀[38;2;16;16;16m▀▀[48;2;43;62;54m▀▀[48;2;16;16;16m▀[0m
[0m     [38;2;16;16;16m▀[38;2;98;131;57;48;2;16;16;16m▀[48;2;57;90;57m▀[48;2;98;131;57m▀▀▀[38;2;57;90;57m▀[38;2;43;62;54m▀[48;2;57;90;57m▀[38;2;98;131;57;48;2;43;62;54m▀[38;2;57;90;57m▀[48;2;57;90;57m▀▀▀▀[38;2;16;16;16m▀▀▀▀[38;2;57;90;57m▀[48;2;43;62;54m▀▀[38;2;16;16;16m▀[48;2;57;90;57m▀▀[38;2;139;148;82;48;2;16;16;16m▀[38;2;16;16;16m▀[38;2;139;148;82m▀▀▀▀▀▀▀▀[38;2;16;16;16m▀[38;2;189;197;123;48;2;139;148;82m▀[38;2;16;16;16;48;2;16;16;16m▀[48;2;57;90;57m▀▀[38;2;57;90;57m▀▀[38;2;16;16;16m▀[49m▄▄[0m      [38;2;16;16;16m▄▄▄[48;2;98;131;57m▀[38;2;98;131;57m▀▀▀▀▀[38;2;43;62;54;48;2;43;62;54m▀[38;2;98;131;57;48;2;98;131;57m▀▀[38;2;57;90;57;48;2;43;62;54m▀[48;2;98;131;57m▀[38;2;98;131;57m▀▀[48;2;57;90;57m▀[48;2;43;62;54m▀[38;2;43;62;54;48;2;98;131;57m▀[38;2;98;131;57m▀[38;2;16;16;16;48;2;16;16;16m▀[0m
[0m       [38;2;16;16;16m▀▀[38;2;57;90;57;48;2;16;16;16m▀▀[38;2;98;131;57;48;2;57;90;57m▀[38;2;57;90;57;48;2;98;131;57m▀[38;2;98;131;57;48;2;57;90;57m▀[38;2;57;90;57;48;2;98;131;57m▀[38;2;98;131;57;48;2;57;90;57m▀[38;2;43;62;54;48;2;98;131;57m▀[48;2;57;90;57m▀▀▀▀▀▀▀▀[38;2;57;90;57m▀[48;2;16;16;16m▀▀▀[38;2;16;16;16;49m▀[48;2;16;16;16m▀[38;2;197;156;49;48;2;197;156;49m▀▀▀▀▀▀[48;2;57;90;57m▀[38;2;57;90;57m▀▀[38;2;197;156;49m▀[38;2;16;16;16;48;2;197;156;49m▀[38;2;197;156;49m▀[38;2;16;16;16m▀[38;2;57;90;57;48;2;16;16;16m▀[38;2;43;62;54;48;2;57;90;57m▀[38;2;57;90;57;48;2;43;62;54m▀▀[48;2;57;90;57m▀▀[38;2;16;16;16m▀▀▀▀▀▀[38;2;43;62;54m▀[38;2;57;90;57m▀[48;2;98;131;57m▀[38;2;98;131;57m▀▀▀▀▀▀[38;2;43;62;54;48;2;43;62;54m▀[38;2;98;131;57;48;2;57;90;57m▀[38;2;43;62;54m▀[38;2;98;131;57;48;2;43;62;54m▀▀[38;2;43;62;54;48;2;98;131;57m▀▀[38;2;57;90;57m▀[38;2;98;131;57m▀[48;2;16;16;16m▀[38;2;16;16;16;49m▀[0m
[0m           [38;2;16;16;16m▀▀▀[38;2;57;90;57;48;2;16;16;16m▀[38;2;98;131;57m▀[38;2;57;90;57m▀▀▀▀▀▀[38;2;16;16;16;49m▀▀▀▀[0m    [38;2;16;16;16;48;2;16;16;16m▀[38;2;197;156;49;48;2;197;156;49m▀[38;2;57;90;57;48;2;57;90;57m▀▀[38;2;197;156;49m▀[48;2;197;156;49m▀▀[38;2;57;90;57;48;2;57;90;57m▀▀[48;2;197;156;49m▀[38;2;197;156;49;48;2;246;205;49m▀[48;2;197;156;49m▀▀▀[48;2;131;106;49m▀[38;2;16;16;16;48;2;197;156;49m▀[38;2;57;90;57;48;2;16;16;16m▀[48;2;57;90;57m▀[38;2;43;62;54m▀▀▀[38;2;57;90;57;48;2;43;62;54m▀▀▀▀▀[48;2;57;90;57m▀[48;2;98;131;57m▀[38;2;98;131;57m▀▀▀[48;2;43;62;54m▀▀▀[38;2;43;62;54m▀[48;2;98;131;57m▀▀▀[38;2;98;131;57m▀▀▀[48;2;16;16;16m▀▀[38;2;16;16;16;49m▀[0m
[0m                               [38;2;16;16;16;48;2;131;106;49m▀[38;2;131;106;49;48;2;246;205;49m▀[38;2;57;90;57;48;2;131;106;49m▀▀[38;2;197;156;49;48;2;197;156;49m▀▀[38;2;246;205;49m▀[38;2;197;156;49;48;2;246;205;49m▀[38;2;246;205;49;48;2;197;156;49m▀[38;2;197;156;49;48;2;246;205;49m▀[38;2;246;205;49;48;2;131;106;49m▀[38;2;197;156;49m▀[38;2;131;106;49;48;2;197;156;49m▀[38;2;197;156;49m▀[38;2;131;106;49;48;2;131;106;49m▀[0m [38;2;16;16;16m▀▀[38;2;57;90;57;48;2;16;16;16m▀▀[48;2;57;90;57m▀▀▀▀▀[38;2;43;62;54m▀[48;2;98;131;57m▀▀▀▀[38;2;98;131;57m▀▀▀▀▀[48;2;16;16;16m▀▀▀[38;2;16;16;16;49m▀▀[0m
[0m                                [38;2;131;106;49m▀[38;2;246;205;49;48;2;16;16;16m▀[48;2;197;156;49m▀[38;2;131;106;49;48;2;246;205;49m▀▀▀▀[48;2;197;156;49m▀▀[38;2;197;156;49m▀▀[48;2;16;16;16m▀[38;2;131;106;49;48;2;43;62;54m▀[0m      [38;2;16;16;16m▀▀▀▀[38;2;57;90;57;48;2;16;16;16m▀▀▀[38;2;98;131;57m▀▀▀[38;2;16;16;16;49m▀▀▀▀▀[0m
[0m                               [38;2;90;98;65m▄[48;2;139;148;82m▀▀[38;2;16;16;16m▀[48;2;90;98;65m▀[38;2;131;106;49;48;2;16;16;16m▀[38;2;246;205;49m▀▀▀[38;2;131;106;49m▀[38;2;16;16;16;48;2;139;148;82m▀▀[38;2;156;32;74;48;2;16;16;16m▀[48;2;156;32;74m▀[38;2;43;62;54;48;2;43;62;54m▀[0m
[0m                             [38;2;90;98;65m▄[48;2;139;148;82m▀[38;2;139;148;82m▀▀[48;2;16;16;16m▀[38;2;16;16;16;48;2;90;98;65m▀[38;2;43;62;54;48;2;43;62;54m▀[38;2;156;32;74;48;2;156;32;74m▀[38;2;43;62;54;48;2;43;62;54m▀[38;2;90;98;65;48;2;90;98;65m▀▀[38;2;43;62;54;48;2;43;62;54m▀[38;2;139;148;82;48;2;139;148;82m▀▀[38;2;16;16;16;48;2;16;16;16m▀[38;2;156;32;74;48;2;156;32;74m▀▀[38;2;43;62;54;48;2;43;62;54m▀[0m
[0m                            [38;2;16;16;16m▄[38;2;90;98;65;48;2;189;197;123m▀[38;2;189;197;123m▀[38;2;139;148;82m▀[38;2;90;98;65;48;2;16;16;16m▀[38;2;16;16;16;48;2;90;98;65m▀[38;2;90;98;65m▀[38;2;43;62;54;48;2;43;62;54m▀[38;2;156;32;74;48;2;156;32;74m▀[38;2;43;62;54m▀[48;2;43;62;54m▀[38;2;90;98;65;48;2;16;16;16m▀[38;2;43;62;54;48;2;139;148;82m▀[38;2;139;148;82m▀▀[38;2;16;16;16;48;2;16;16;16m▀[38;2;156;32;74;48;2;230;41;24m▀[38;2;230;41;24m▀[38;2;43;62;54;48;2;43;62;54m▀[0m
[0m                            [38;2;16;16;16;48;2;16;16;16m▀[38;2;189;197;123;48;2;189;197;123m▀▀▀[38;2;16;16;16;48;2;16;16;16m▀[38;2;90;98;65;48;2;90;98;65m▀▀▀[38;2;43;62;54;48;2;43;62;54m▀[38;2;156;32;74;48;2;16;16;16m▀[38;2;16;16;16;48;2;43;62;54m▀[38;2;43;62;54;48;2;189;197;123m▀[38;2;189;197;123m▀[38;2;139;148;82m▀[38;2;16;16;16;48;2;16;16;16m▀[38;2;230;41;24;48;2;230;41;24m▀▀[38;2;156;32;74;48;2;43;62;54m▀[38;2;43;62;54;49m▀[0m
[0m                           [38;2;43;62;54;48;2;43;62;54m▀[38;2;230;41;24;48;2;230;41;24m▀[38;2;16;16;16;48;2;16;16;16m▀[38;2;189;197;123;48;2;189;197;123m▀[48;2;139;148;82m▀[38;2;139;148;82m▀[38;2;16;16;16;48;2;16;16;16m▀[38;2;90;98;65m▀[38;2;16;16;16;48;2;189;197;123m▀▀[38;2;189;197;123m▀▀[48;2;16;16;16m▀▀[38;2;16;16;16;48;2;230;41;24m▀[38;2;230;41;24m▀▀[38;2;156;32;74;48;2;16;16;16m▀[38;2;43;62;54;49m▀[0m
[0m                           [38;2;43;62;54;48;2;43;62;54m▀[38;2;230;41;24;48;2;230;41;24m▀▀[38;2;16;16;16;48;2;156;32;74m▀[38;2;139;148;82;48;2;16;16;16m▀[38;2;16;16;16;48;2;139;148;82m▀[38;2;139;148;82;48;2;189;197;123m▀[38;2;189;197;123m▀▀[48;2;16;16;16m▀▀[38;2;16;16;16;48;2;90;98;65m▀[48;2;16;16;16m▀[38;2;156;32;74;48;2;230;41;24m▀[38;2;230;41;24m▀▀[38;2;16;16;16;48;2;16;16;16m▀[0m
[0m                           [38;2;43;62;54m▀[38;2;230;41;24;48;2;43;62;54m▀[38;2;156;32;74;48;2;156;32;74m▀[48;2;16;16;16m▀[38;2;16;16;16;48;2;189;197;123m▀[38;2;189;197;123m▀▀[48;2;16;16;16m▀[38;2;16;16;16;48;2;90;98;65m▀[38;2;90;98;65;48;2;43;62;54m▀[38;2;43;62;54;48;2;90;98;65m▀[38;2;90;98;65m▀[38;2;16;16;16m▀[38;2;230;41;24;48;2;16;16;16m▀[48;2;230;41;24m▀▀[38;2;16;16;16;48;2;16;16;16m▀[0m
[0m                            [38;2;43;62;54m▀[38;2;156;32;74;48;2;16;16;16m▀[38;2;16;16;16;48;2;90;98;65m▀[38;2;189;197;123;48;2;139;148;82m▀[48;2;189;197;123m▀▀[38;2;16;16;16;48;2;16;16;16m▀[38;2;90;98;65;48;2;43;62;54m▀[38;2;43;62;54;48;2;90;98;65m▀[38;2;90;98;65;48;2;43;62;54m▀▀[38;2;43;62;54;49m▀[38;2;16;16;16m▀[38;2;230;41;24;48;2;16;16;16m▀[38;2;156;32;74;48;2;156;32;74m▀▀[38;2;16;16;16;48;2;16;16;16m▀[0m
[0m                     [38;2;90;98;65;48;2;16;16;16m▀[48;2;189;197;123m▀[38;2;16;16;16;49m▄▄▄▄[48;2;139;148;82m▀▀[38;2;139;148;82m▀[38;2;90;98;65m▀[38;2;16;16;16;48;2;16;16;16m▀[38;2;189;197;123;48;2;189;197;123m▀▀[38;2;16;16;16m▀[38;2;43;62;54;48;2;16;16;16m▀[49m▀[0m     [38;2;16;16;16m▀[38;2;156;32;74;48;2;16;16;16m▀▀[38;2;16;16;16m▀[0m
[0m                      [38;2;16;16;16m▀[38;2;189;197;123;48;2;16;16;16m▀▀[48;2;189;197;123m▀[48;2;139;148;82m▀[38;2;139;148;82m▀[48;2;16;16;16m▀▀[38;2;16;16;16;49m▀[0m [38;2;16;16;16;48;2;16;16;16m▀[38;2;189;197;123;48;2;90;98;65m▀[48;2;189;197;123m▀[38;2;16;16;16m▀[49m▄[0m
[0m                         [38;2;16;16;16m▀▀▀[0m     [38;2;16;16;16m▀▀[38;2;189;197;123;48;2;16;16;16m▀▀[38;2;16;16;16;49m▀[0m
