[0m                       [38;2;79;106;138m▄[48;2;148;213;230m▀▀[38;2;16;16;16;49m▄[0m
[0m                     [38;2;16;16;16m▄[48;2;148;213;230m▀[38;2;148;213;230m▀▀[48;2;16;16;16m▀[38;2;16;16;16;49m▀[0m
[0m                    [38;2;16;16;16m▄[38;2;79;106;138;48;2;148;213;230m▀[38;2;148;213;230m▀▀[48;2;115;148;172m▀[38;2;16;16;16m▀[49m▄[0m     [38;2;16;16;16m▄[38;2;79;106;138m▄[48;2;199;232;247m▀▀▀[38;2;16;16;16;49m▄[0m
[0m                    [38;2;16;16;16;48;2;16;16;16m▀[38;2;148;213;230;48;2;148;213;230m▀[48;2;115;148;172m▀[38;2;115;148;172;48;2;115;65;123m▀▀[48;2;115;148;172m▀[38;2;79;106;138m▀[49m▄[0m [38;2;16;16;16m▄[48;2;148;213;230m▀[38;2;79;106;138;48;2;199;232;247m▀[38;2;199;232;247m▀▀▀▀[48;2;16;16;16m▀[38;2;16;16;16;49m▀[0m
[0m                   [38;2;16;16;16;48;2;16;16;16m▀[38;2;115;148;172;48;2;115;148;172m▀▀[48;2;115;65;123m▀[38;2;115;65;123m▀▀▀[38;2;115;148;172;48;2;115;148;172m▀[48;2;16;16;16m▀[38;2;16;16;16;48;2;148;213;230m▀[38;2;148;213;230m▀[38;2;199;232;247m▀▀[38;2;148;213;230m▀▀▀[38;2;16;16;16;48;2;79;106;138m▀[49m▄[0m
[0m                   [38;2;16;16;16;48;2;16;16;16m▀[38;2;115;148;172;48;2;115;148;172m▀▀[38;2;115;65;123;48;2;115;65;123m▀▀▀[48;2;16;16;16m▀[38;2;16;16;16;48;2;148;213;230m▀[38;2;148;213;230m▀▀▀▀[48;2;197;74;148m▀[38;2;197;74;148m▀▀▀[38;2;148;213;230m▀[38;2;16;16;16;48;2;148;213;230m▀[49m▄[0m
[0m       [38;2;41;41;57m▄[38;2;16;16;16m▄[0m          [38;2;16;16;16;48;2;16;16;16m▀[38;2;115;148;172;48;2;115;148;172m▀▀[38;2;115;65;123;48;2;115;65;123m▀▀[48;2;16;16;16m▀[38;2;16;16;16;48;2;148;213;230m▀[38;2;148;213;230m▀▀▀[48;2;197;74;148m▀[38;2;197;74;148m▀▀▀▀▀▀[38;2;148;213;230;48;2;148;213;230m▀[38;2;16;16;16;48;2;16;16;16m▀[0m
[0m     [38;2;41;41;57m▄[48;2;49;65;90m▀[38;2;49;65;90m▀[38;2;16;16;16m▀[48;2;16;16;16m▀[0m  [38;2;16;16;16m▄▄▄[0m    [38;2;79;106;138m▀[38;2;115;148;172;48;2;79;106;138m▀[48;2;115;148;172m▀[38;2;115;65;123m▀[48;2;115;65;123m▀[38;2;16;16;16;48;2;16;16;16m▀[38;2;148;213;230;48;2;148;213;230m▀▀▀[48;2;197;74;148m▀[38;2;197;74;148m▀▀▀▀▀▀[48;2;148;213;230m▀[38;2;148;213;230;48;2;16;16;16m▀[38;2;16;16;16;49m▀[0m
[0m    [38;2;16;16;16m▄[38;2;41;41;57;48;2;49;65;90m▀[38;2;49;65;90m▀▀[48;2;41;41;57m▀[38;2;16;16;16m▀[48;2;49;65;90m▀▀[38;2;49;65;90m▀▀[38;2;16;16;16;48;2;16;16;16m▀[38;2;41;41;57;48;2;49;65;90m▀▀▀▀[38;2;16;16;16;49m▄[38;2;79;106;138;48;2;16;16;16m▀[38;2;115;148;172m▀[48;2;115;148;172m▀[38;2;16;16;16;48;2;16;16;16m▀[38;2;148;213;230;48;2;148;213;230m▀▀▀▀[38;2;197;74;148;48;2;197;74;148m▀▀▀▀▀▀[38;2;148;213;230;48;2;148;213;230m▀[48;2;16;16;16m▀[38;2;16;16;16;49m▀[0m
[0m    [38;2;16;16;16;48;2;16;16;16m▀[38;2;49;65;90;48;2;49;65;90m▀▀[48;2;41;41;57m▀[38;2;16;16;16m▀[38;2;49;65;90;48;2;49;65;90m▀▀▀▀[38;2;41;41;57;48;2;16;16;16m▀[48;2;49;65;90m▀[38;2;49;65;90m▀▀▀▀▀▀▀[38;2;16;16;16m▀▀[38;2;148;213;230;48;2;16;16;16m▀[48;2;148;213;230m▀▀▀[38;2;197;74;148m▀[48;2;197;74;148m▀▀▀[48;2;148;213;230m▀[38;2;148;213;230m▀[48;2;16;16;16m▀[38;2;16;16;16;49m▀[0m
[0m     [38;2;16;16;16;48;2;16;16;16m▀[38;2;49;65;90;48;2;49;65;90m▀[38;2;16;16;16;48;2;16;16;16m▀[38;2;49;65;90;48;2;49;65;90m▀▀▀[48;2;41;41;57m▀[38;2;16;16;16;48;2;49;65;90m▀[38;2;49;65;90m▀▀▀▀▀▀▀▀▀▀[48;2;115;65;123m▀[38;2;115;65;123;48;2;115;148;172m▀[38;2;115;148;172;48;2;79;106;138m▀[38;2;148;213;230;48;2;148;213;230m▀▀▀▀▀[48;2;79;106;138m▀[48;2;16;16;16m▀[38;2;16;16;16;49m▀[0m
[0m   [38;2;41;41;57m▄[48;2;49;65;90m▀[38;2;49;65;90;48;2;79;106;138m▀[38;2;41;41;57m▀[38;2;49;65;90;48;2;49;65;90m▀▀[38;2;41;41;57m▀[38;2;49;65;90m▀▀▀▀▀▀▀▀▀▀[48;2;115;65;123m▀▀[38;2;115;65;123;48;2;115;148;172m▀[38;2;115;148;172m▀[48;2;79;106;138m▀[38;2;79;106;138;48;2;115;148;172m▀[38;2;148;213;230;48;2;148;213;230m▀▀▀[38;2;79;106;138m▀[38;2;16;16;16;48;2;16;16;16m▀[49m▀[0m
[0m  [38;2;41;41;57;48;2;41;41;57m▀[38;2;49;65;90;48;2;49;65;90m▀[38;2;79;106;138;48;2;79;106;138m▀▀[48;2;49;65;90m▀[38;2;49;65;90m▀▀▀▀▀▀▀▀▀▀▀[48;2;197;74;148m▀[38;2;197;74;148;48;2;115;65;123m▀[38;2;115;65;123;48;2;115;148;172m▀[38;2;115;148;172m▀▀[48;2;16;16;16m▀[38;2;16;16;16;48;2;79;106;138m▀[38;2;148;213;230m▀[48;2;148;213;230m▀[38;2;197;74;148;48;2;197;74;148m▀▀[38;2;172;139;189m▀[38;2;148;213;230;48;2;148;213;230m▀[38;2;16;16;16;48;2;16;16;16m▀[0m
[0m [38;2;41;41;57;48;2;41;41;57m▀[38;2;49;65;90;48;2;49;65;90m▀▀▀▀▀▀[48;2;199;232;247m▀[38;2;41;41;57;48;2;197;74;148m▀[48;2;16;16;16m▀[38;2;49;65;90;48;2;49;65;90m▀▀▀[48;2;197;74;148m▀▀[38;2;197;74;148;48;2;148;213;230m▀▀[38;2;148;213;230;48;2;115;148;172m▀[38;2;115;148;172m▀▀[48;2;16;16;16m▀[38;2;16;16;16;49m▀[0m  [38;2;16;16;16m▀[38;2;148;213;230;48;2;16;16;16m▀[38;2;172;139;189;48;2;148;213;230m▀[38;2;197;74;148m▀▀[38;2;148;213;230;48;2;16;16;16m▀[38;2;16;16;16;49m▀[0m
[38;2;16;16;16;48;2;16;16;16m▀[38;2;197;74;148;48;2;148;213;230m▀[48;2;197;74;148m▀[38;2;49;65;90m▀▀▀▀[38;2;41;41;57;48;2;41;41;57m▀[38;2;16;16;16;48;2;197;74;148m▀[38;2;197;74;148m▀[38;2;16;16;16;48;2;16;16;16m▀[38;2;41;41;57;48;2;148;213;230m▀[38;2;197;74;148m▀▀[38;2;148;213;230m▀[38;2;79;106;138;48;2;79;106;138m▀[48;2;148;213;230m▀▀▀[38;2;16;16;16m▀▀[48;2;79;106;138m▀[49m▄[0m    [38;2;16;16;16m▀▀▀[0m
[38;2;16;16;16;49m▀[38;2;79;106;138;48;2;16;16;16m▀[38;2;148;213;230m▀▀[48;2;79;106;138m▀[48;2;148;213;230m▀▀▀[38;2;41;41;57m▀▀[38;2;148;213;230m▀▀▀[48;2;115;148;172m▀[48;2;16;16;16m▀[38;2;115;148;172m▀[38;2;79;106;138m▀[38;2;148;213;230m▀[48;2;79;106;138m▀[38;2;199;232;247;48;2;199;232;247m▀▀[48;2;16;16;16m▀[38;2;16;16;16;49m▀[0m
[0m    [38;2;16;16;16m▀▀▀▀▀▀▀▀▀▀[0m    [38;2;16;16;16m▀▀▀[0m
