[0m         [38;2;16;57;123m▄[48;2;16;82;172m▀▀▀▀[49m▄[0m                [38;2;16;57;123m▄▄▄▄▄▄[0m
[0m       [38;2;16;57;123m▄[48;2;16;82;172m▀[38;2;57;115;197;48;2;98;156;213m▀[38;2;98;156;213m▀[38;2;57;115;197m▀[38;2;16;82;172;48;2;16;82;172m▀▀[38;2;16;57;123;48;2;16;41;82m▀[0m             [38;2;16;57;123m▄[48;2;16;82;172m▀[48;2;57;115;197m▀[38;2;16;82;172;48;2;98;156;213m▀▀[48;2;16;82;172m▀▀▀▀[38;2;16;57;123m▀[38;2;16;41;82;49m▄[0m
[0m       [38;2;16;57;123;48;2;16;57;123m▀[38;2;16;82;172;48;2;16;82;172m▀[38;2;57;115;197m▀[38;2;98;156;213m▀[38;2;16;82;172m▀▀▀[38;2;0;0;0;48;2;0;0;0m▀[0m           [38;2;16;57;123m▄[48;2;16;82;172m▀[38;2;16;82;172m▀[38;2;57;115;197;48;2;98;156;213m▀[38;2;98;156;213m▀[48;2;57;115;197m▀[38;2;57;115;197;48;2;16;82;172m▀[38;2;16;82;172m▀▀▀▀▀[38;2;16;41;82;48;2;0;0;0m▀[0m
[0m      [38;2;16;57;123;48;2;16;57;123m▀[38;2;16;82;172;48;2;16;82;172m▀▀▀▀▀▀[48;2;16;41;82m▀[38;2;0;0;0;49m▀[0m         [38;2;16;57;123m▄[48;2;16;82;172m▀[38;2;16;82;172m▀▀▀▀▀▀▀▀▀▀[48;2;0;0;0m▀▀[38;2;0;0;0;49m▀[0m
[0m      [38;2;16;57;123;48;2;16;57;123m▀[38;2;16;82;172;48;2;16;82;172m▀▀▀▀▀▀[38;2;16;41;82;48;2;16;41;82m▀[0m         [38;2;16;57;123m▄[48;2;16;82;172m▀[38;2;16;82;172m▀▀▀▀▀▀▀[48;2;0;0;0m▀▀[38;2;0;0;0;49m▀▀[0m
[0m      [38;2;16;57;123m▀[38;2;16;82;172;48;2;16;41;82m▀[48;2;16;82;172m▀▀▀▀[38;2;16;41;82;48;2;0;0;0m▀[0m         [38;2;16;41;82m▄[38;2;16;57;123;48;2;16;82;172m▀[38;2;16;82;172m▀▀▀▀▀[48;2;0;0;0m▀[38;2;16;41;82;49m▀▀[0m
[0m       [38;2;16;41;82;48;2;16;41;82m▀[38;2;16;82;172;48;2;16;82;172m▀▀▀▀[38;2;0;0;0;48;2;0;0;0m▀[0m        [38;2;16;41;82m▄[48;2;16;82;172m▀[38;2;16;82;172m▀▀▀▀[48;2;0;0;0m▀[38;2;0;0;0;49m▀[0m
[0m       [38;2;16;41;82m▀[38;2;16;82;172;48;2;16;41;82m▀[48;2;16;82;172m▀▀▀[38;2;16;41;82;48;2;16;41;82m▀[0m        [38;2;16;41;82;48;2;16;41;82m▀[38;2;16;82;172;48;2;16;82;172m▀▀▀▀[38;2;0;0;0;48;2;0;0;0m▀[0m
[0m        [38;2;16;41;82;48;2;0;0;0m▀[38;2;16;82;172;48;2;16;82;172m▀▀▀[38;2;0;0;0;48;2;0;0;0m▀[0m  [38;2;16;57;123m▄▄[48;2;16;82;172m▀▀▀[38;2;16;41;82;48;2;16;41;82m▀[38;2;16;57;123;48;2;16;57;123m▀[38;2;16;82;172;48;2;16;82;172m▀▀[48;2;16;57;123m▀[38;2;0;0;0;48;2;0;0;0m▀[38;2;16;57;123;48;2;16;82;172m▀▀[49m▄▄[0m
[0m         [38;2;16;41;82;48;2;0;0;0m▀[38;2;16;82;172;48;2;16;57;123m▀[38;2;16;57;123m▀▀[38;2;16;41;82;48;2;0;0;0m▀[38;2;16;57;123;48;2;16;82;172m▀[38;2;16;82;172;48;2;98;156;213m▀[38;2;98;156;213m▀▀[38;2;57;115;197m▀[38;2;16;82;172;48;2;16;82;172m▀[38;2;16;41;82;48;2;16;41;82m▀[38;2;16;57;123;48;2;16;57;123m▀▀▀[38;2;16;41;82;48;2;16;41;82m▀[38;2;16;82;172;48;2;16;82;172m▀▀▀▀▀[38;2;16;57;123m▀▀[49m▄▄[0m
[0m          [38;2;0;0;0m▀[38;2;16;57;123;48;2;0;0;0m▀[48;2;16;41;82m▀[48;2;16;57;123m▀[38;2;0;0;0m▀[38;2;98;156;213;48;2;57;115;197m▀[48;2;98;156;213m▀▀[48;2;16;82;172m▀[38;2;16;82;172m▀▀[38;2;16;57;123m▀▀[38;2;16;41;82m▀[38;2;16;82;172m▀▀▀▀▀▀▀▀▀▀[38;2;16;57;123m▀[49m▄▄[0m
[0m          [38;2;16;57;123m▄[38;2;0;0;0;48;2;16;57;123m▀[38;2;16;82;172;48;2;16;82;172m▀▀▀▀▀▀▀▀▀▀▀▀▀[48;2;98;156;213m▀[48;2;156;180;222m▀[48;2;180;222;255m▀▀[48;2;98;156;213m▀[48;2;16;82;172m▀▀▀▀▀▀▀[38;2;16;57;123m▀▀[49m▄[38;2;16;41;82m▄▄[0m
[0m       [38;2;16;57;123m▄▄[48;2;16;82;172m▀[38;2;0;0;0;48;2;0;0;0m▀[38;2;98;156;213;48;2;180;222;255m▀[38;2;16;82;172m▀[48;2;98;156;213m▀[48;2;16;82;172m▀▀▀▀▀▀▀[48;2;180;222;255m▀[38;2;98;156;213m▀[38;2;156;180;222m▀[38;2;180;222;255m▀▀▀▀▀▀▀[38;2;98;156;213m▀[38;2;16;82;172;48;2;156;180;222m▀[48;2;16;82;172m▀▀▀▀▀▀▀▀▀[38;2;16;41;82m▀▀[49m▄▄[0m
[0m    [38;2;16;57;123m▄▄[48;2;16;82;172m▀[38;2;16;82;172m▀▀[38;2;0;0;0;48;2;0;0;0m▀[38;2;123;148;164m▀[38;2;0;0;0m▀[38;2;123;148;164;48;2;123;148;164m▀[38;2;180;222;255;48;2;180;222;255m▀▀▀[38;2;16;82;172m▀▀[38;2;98;156;213m▀[38;2;156;180;222m▀[38;2;180;222;255m▀▀[48;2;0;0;0m▀[38;2;0;0;0m▀▀▀[38;2;123;148;164m▀[38;2;180;222;255;48;2;123;148;164m▀[48;2;180;222;255m▀▀▀▀▀[38;2;156;180;222m▀[38;2;16;82;172m▀▀▀▀[48;2;98;156;213m▀[48;2;16;82;172m▀▀▀▀▀▀▀[38;2;16;41;82m▀▀[49m▄[38;2;0;0;0m▄[0m
[0m  [38;2;16;57;123m▄[48;2;16;82;172m▀[38;2;16;82;172m▀▀▀▀[48;2;98;156;213m▀[38;2;0;0;0;48;2;0;0;0m▀▀[38;2;255;255;255;48;2;255;255;255m▀[38;2;0;0;0;48;2;0;0;0m▀[38;2;180;222;255;48;2;180;222;255m▀▀▀▀▀▀▀▀▀[38;2;0;0;0;48;2;0;0;0m▀▀[38;2;255;255;255;48;2;255;255;255m▀▀[38;2;0;0;0;48;2;0;0;0m▀▀[38;2;180;222;255;48;2;180;222;255m▀▀▀▀▀▀▀▀[48;2;156;180;222m▀[48;2;180;222;255m▀[48;2;156;180;222m▀[48;2;180;222;255m▀[48;2;156;180;222m▀[38;2;98;156;213;48;2;180;222;255m▀[38;2;16;82;172;48;2;156;180;222m▀▀[48;2;98;156;213m▀[48;2;16;82;172m▀▀▀▀▀[38;2;16;41;82m▀[38;2;0;0;0m▀[38;2;16;41;82;49m▄[0m
[38;2;16;57;123;49m▄[48;2;16;82;172m▀[38;2;16;82;172m▀▀▀[48;2;180;222;255m▀[38;2;98;156;213m▀[38;2;180;222;255m▀▀[38;2;0;0;0;48;2;156;180;222m▀[48;2;0;0;0m▀▀[48;2;74;98;115m▀[38;2;74;98;115;48;2;180;222;255m▀[38;2;180;222;255;48;2;74;98;115m▀[48;2;0;0;0m▀[48;2;180;222;255m▀▀[48;2;123;148;164m▀[38;2;74;98;115m▀[38;2;180;222;255;48;2;180;222;255m▀▀[38;2;123;148;164m▀[38;2;0;0;0;48;2;123;148;164m▀[48;2;0;0;0m▀▀▀[48;2;74;98;115m▀[38;2;180;222;255;48;2;180;222;255m▀▀▀▀▀▀[48;2;156;180;222m▀[38;2;156;180;222m▀[38;2;180;222;255m▀[38;2;156;180;222;48;2;180;222;255m▀[38;2;180;222;255;48;2;156;180;222m▀[38;2;156;180;222;48;2;180;222;255m▀[38;2;180;222;255;48;2;156;180;222m▀[38;2;156;180;222;48;2;180;222;255m▀[38;2;180;222;255;48;2;156;180;222m▀[38;2;156;180;222m▀▀▀[38;2;16;57;123;48;2;16;57;123m▀▀[38;2;16;82;172m▀▀▀[48;2;16;82;172m▀▀[38;2;0;0;0;48;2;16;57;123m▀[49m▄[0m
[38;2;16;41;82;48;2;16;41;82m▀[38;2;16;82;172;48;2;16;57;123m▀[48;2;16;82;172m▀[48;2;98;156;213m▀[38;2;98;156;213;48;2;180;222;255m▀[38;2;180;222;255;48;2;156;180;222m▀▀[38;2;156;180;222m▀▀▀[38;2;0;0;0;48;2;74;98;115m▀[38;2;180;222;255;48;2;180;222;255m▀[38;2;74;98;115m▀[38;2;180;222;255m▀▀[38;2;0;0;0m▀▀[38;2;74;98;115m▀[38;2;123;148;164m▀[38;2;180;222;255m▀▀▀▀▀[38;2;74;98;115;48;2;74;98;115m▀[38;2;180;222;255;48;2;180;222;255m▀▀▀[38;2;74;98;115m▀[38;2;180;222;255m▀▀▀▀▀[38;2;156;180;222;48;2;156;180;222m▀▀▀▀▀▀▀▀▀▀▀▀[38;2;98;156;213m▀[38;2;16;57;123;48;2;16;57;123m▀▀▀▀▀▀[38;2;16;82;172m▀[38;2;0;0;0;48;2;0;0;0m▀[0m
[38;2;16;41;82;49m▀[38;2;16;57;123;48;2;16;41;82m▀[48;2;16;57;123m▀[38;2;98;156;213m▀[38;2;156;180;222;48;2;156;180;222m▀▀▀▀▀▀▀[38;2;74;98;115;48;2;74;98;115m▀[38;2;180;222;255;48;2;180;222;255m▀▀▀▀▀▀▀▀▀▀▀▀▀▀▀▀▀▀▀▀▀[48;2;156;180;222m▀[38;2;156;180;222m▀▀▀▀▀▀▀▀▀▀▀▀[48;2;98;156;213m▀[38;2;16;57;123;48;2;16;57;123m▀▀▀▀▀[48;2;0;0;0m▀▀[38;2;0;0;0;49m▀[0m
[0m  [38;2;16;41;82m▀[38;2;16;57;123;48;2;16;41;82m▀▀[38;2;156;180;222;48;2;16;57;123m▀▀[48;2;98;156;213m▀[48;2;156;180;222m▀▀▀▀[38;2;74;98;115;48;2;16;41;82m▀[38;2;180;222;255;48;2;180;222;255m▀▀▀▀▀▀▀▀▀▀▀▀▀▀▀▀▀▀[48;2;0;0;0m▀[38;2;74;98;115m▀[38;2;156;180;222;48;2;156;180;222m▀▀▀▀▀▀▀▀▀▀▀[48;2;16;57;123m▀▀[38;2;16;57;123m▀[48;2;0;0;0m▀▀▀[38;2;0;0;0;49m▀▀[0m
[0m     [38;2;16;41;82m▀▀▀[38;2;98;156;213;48;2;16;41;82m▀[38;2;156;180;222m▀▀[48;2;98;156;213m▀[48;2;156;180;222m▀[38;2;16;41;82m▀[38;2;180;222;255;48;2;16;41;82m▀[48;2;180;222;255m▀▀▀▀▀▀▀▀▀▀▀▀▀[48;2;0;0;0m▀▀[38;2;74;98;115;48;2;74;98;115m▀[38;2;0;0;0;48;2;156;180;222m▀[38;2;156;180;222m▀▀▀▀▀▀▀[48;2;0;0;0m▀▀▀[38;2;98;156;213m▀[38;2;16;57;123m▀[38;2;0;0;0;49m▀▀▀[0m
[0m           [38;2;16;41;82m▀▀▀▀[38;2;0;0;0m▀[38;2;156;180;222;48;2;16;41;82m▀[38;2;180;222;255;48;2;156;180;222m▀▀[48;2;180;222;255m▀▀▀▀▀▀[48;2;156;180;222m▀▀[38;2;156;180;222m▀▀▀▀▀▀▀▀▀▀[38;2;0;0;0;48;2;123;148;164m▀▀[38;2;123;148;164m▀[48;2;0;0;0m▀[38;2;0;0;0;49m▀[0m
[0m                 [38;2;16;41;82m▀[38;2;123;148;164;48;2;16;41;82m▀[38;2;156;180;222m▀[48;2;123;148;164m▀[48;2;156;180;222m▀▀▀▀▀▀▀▀▀▀▀▀▀[48;2;123;148;164m▀▀[38;2;123;148;164m▀[48;2;0;0;0m▀▀[38;2;0;0;0;49m▀[0m
[0m                    [38;2;16;41;82m▀[38;2;0;0;0m▀[38;2;156;180;222;48;2;0;0;0m▀▀[48;2;123;148;164m▀▀▀▀▀▀▀[38;2;123;148;164m▀[48;2;0;0;0m▀▀▀[38;2;0;0;0;49m▀▀[0m
[0m                        [38;2;0;0;0m▀▀▀▀▀▀▀▀[0m
