[0m                                  [38;2;148;164;172m▄[48;2;255;255;255m▀[38;2;106;123;131m▀[49m▄[0m
[0m                            [38;2;148;164;172m▄[48;2;255;255;255m▀[38;2;106;123;131m▀[49m▄[0m [38;2;148;164;172;48;2;106;123;131m▀[38;2;255;255;255;48;2;255;255;255m▀▀▀[38;2;32;32;41;48;2;205;222;222m▀[49m▄[0m [38;2;148;164;172m▄[38;2;106;123;131m▄[0m
[0m                           [38;2;148;164;172m▄[48;2;255;255;255m▀[38;2;255;255;255m▀[38;2;205;222;222;48;2;205;222;222m▀▀[38;2;106;123;131;48;2;106;123;131m▀[38;2;255;255;255;48;2;255;255;255m▀▀▀▀[38;2;205;222;222;48;2;205;222;222m▀[38;2;32;32;41;48;2;106;123;131m▀[38;2;106;123;131;48;2;255;255;255m▀[38;2;255;255;255m▀[38;2;205;222;222;48;2;205;222;222m▀[38;2;106;123;131;48;2;32;32;41m▀[0m
[0m                          [38;2;148;164;172m▄[48;2;255;255;255m▀[38;2;255;255;255m▀▀[38;2;205;222;222;48;2;205;222;222m▀[38;2;106;123;131;48;2;106;123;131m▀[38;2;255;255;255;48;2;255;255;255m▀▀▀▀[38;2;205;222;222;48;2;205;222;222m▀[48;2;148;164;172m▀[38;2;106;123;131;48;2;255;255;255m▀[38;2;255;255;255m▀▀[38;2;205;222;222;48;2;205;222;222m▀[38;2;32;32;41m▀[49m▄[0m
[0m                        [38;2;148;164;172m▄[48;2;255;255;255m▀[38;2;255;255;255m▀▀▀[38;2;205;222;222;48;2;205;222;222m▀[48;2;148;164;172m▀[38;2;148;164;172;48;2;255;255;255m▀[38;2;255;255;255m▀▀▀[48;2;205;222;222m▀[38;2;205;222;222;48;2;148;164;172m▀[38;2;148;164;172;48;2;255;255;255m▀[38;2;255;255;255m▀▀▀[38;2;205;222;222;48;2;205;222;222m▀▀[38;2;32;32;41;48;2;32;32;41m▀[0m
[0m                      [38;2;148;164;172m▄[48;2;255;255;255m▀[38;2;255;255;255m▀[48;2;205;222;222m▀[48;2;255;255;255m▀▀▀[38;2;205;222;222m▀[38;2;148;164;172m▀[38;2;255;255;255m▀▀▀▀[38;2;205;222;222m▀[38;2;148;164;172m▀[38;2;255;255;255m▀▀▀▀[38;2;205;222;222;48;2;205;222;222m▀▀▀[38;2;32;32;41;48;2;32;32;41m▀[0m
[0m                    [38;2;148;164;172m▄[48;2;255;255;255m▀[38;2;255;255;255m▀▀[48;2;148;164;172m▀[38;2;148;164;172;48;2;255;255;255m▀[38;2;255;255;255m▀▀▀[38;2;205;222;222;48;2;148;164;172m▀[38;2;255;255;255;48;2;255;255;255m▀▀[48;2;205;222;222m▀[48;2;255;255;255m▀▀▀[48;2;205;222;222m▀[48;2;255;255;255m▀▀▀[38;2;205;222;222;48;2;205;222;222m▀[48;2;148;164;172m▀[48;2;205;222;222m▀▀▀[38;2;32;32;41;48;2;32;32;41m▀[0m
[0m                  [38;2;32;32;41m▄[38;2;148;164;172;48;2;255;255;255m▀[38;2;255;255;255m▀▀▀[48;2;148;164;172m▀[38;2;148;164;172;48;2;255;255;255m▀[38;2;255;255;255m▀▀▀[38;2;148;164;172;48;2;148;164;172m▀[38;2;255;255;255;48;2;255;255;255m▀▀▀[38;2;148;164;172;48;2;148;164;172m▀[38;2;255;255;255;48;2;255;255;255m▀▀▀[38;2;148;164;172;48;2;148;164;172m▀[38;2;255;255;255;48;2;255;255;255m▀▀▀[38;2;205;222;222;48;2;205;222;222m▀[38;2;148;164;172m▀[38;2;205;222;222;48;2;148;164;172m▀[48;2;205;222;222m▀▀▀[38;2;32;32;41;48;2;32;32;41m▀[0m
[0m                  [38;2;32;32;41m▀[38;2;205;222;222;48;2;32;32;41m▀[48;2;205;222;222m▀[38;2;255;255;255m▀[48;2;148;164;172m▀[38;2;148;164;172;48;2;205;222;222m▀[38;2;255;255;255;48;2;255;255;255m▀▀▀[38;2;148;164;172;48;2;148;164;172m▀[38;2;255;255;255;48;2;255;255;255m▀▀▀▀[38;2;148;164;172;48;2;148;164;172m▀[38;2;255;255;255;48;2;255;255;255m▀▀▀[38;2;148;164;172;48;2;205;222;222m▀[38;2;255;255;255;48;2;148;164;172m▀[48;2;205;222;222m▀[38;2;205;222;222m▀▀▀[38;2;148;164;172m▀[38;2;205;222;222;48;2;148;164;172m▀[48;2;205;222;222m▀▀▀[38;2;32;32;41;48;2;32;32;41m▀[0m
[0m                    [38;2;32;32;41m▀▀[38;2;148;164;172;48;2;32;32;41m▀[38;2;205;222;222;48;2;106;123;131m▀[48;2;205;222;222m▀▀[38;2;148;164;172;48;2;148;164;172m▀[38;2;205;222;222;48;2;205;222;222m▀[38;2;255;255;255m▀▀▀[38;2;148;164;172;48;2;148;164;172m▀[38;2;255;255;255;48;2;205;222;222m▀[48;2;255;255;255m▀[48;2;205;222;222m▀▀[38;2;205;222;222m▀[38;2;106;123;131;48;2;106;123;131m▀[38;2;205;222;222;48;2;205;222;222m▀▀▀▀▀[38;2;106;123;131;48;2;148;164;172m▀[38;2;205;222;222;48;2;106;123;131m▀[48;2;148;164;172m▀[38;2;148;164;172m▀▀[38;2;32;32;41;48;2;32;32;41m▀[0m
[0m                  [38;2;41;90;90m▄▄[48;2;255;255;255m▀[48;2;106;123;131m▀[38;2;106;123;131;48;2;148;164;172m▀[38;2;148;164;172m▀[38;2;32;32;41;48;2;106;123;131m▀[48;2;205;222;222m▀[48;2;57;115;123m▀[38;2;106;123;131;48;2;32;32;41m▀[38;2;205;222;222;48;2;106;123;131m▀[48;2;32;32;41m▀▀[38;2;148;164;172m▀[38;2;205;222;222;48;2;106;123;131m▀[48;2;148;164;172m▀▀▀[38;2;148;164;172m▀▀[38;2;106;123;131;48;2;106;123;131m▀[38;2;148;164;172;48;2;148;164;172m▀▀[48;2;106;123;131m▀[48;2;32;32;41m▀▀[38;2;106;123;131m▀[38;2;148;164;172m▀[38;2;106;123;131m▀[38;2;32;32;41;49m▀[0m
[0m             [38;2;41;90;90m▄▄[48;2;255;255;255m▀▀▀[38;2;255;255;255m▀▀[48;2;106;123;131m▀[38;2;106;123;131;48;2;205;222;222m▀[38;2;255;255;255;48;2;255;255;255m▀[38;2;205;222;222m▀[38;2;106;123;131;48;2;106;123;131m▀[38;2;255;255;255;48;2;255;255;255m▀[38;2;74;156;139m▀[38;2;32;32;41;48;2;106;123;131m▀[38;2;148;164;172;48;2;148;164;172m▀▀▀▀[38;2;106;123;131m▀[38;2;32;32;41;48;2;32;32;41m▀[38;2;57;115;123;48;2;57;115;123m▀[38;2;32;32;41;48;2;255;255;255m▀[48;2;32;32;41m▀[48;2;148;164;172m▀▀▀▀▀[38;2;148;164;172m▀▀[38;2;32;32;41m▀[49m▄[38;2;41;90;90m▄[0m
[0m       [38;2;41;90;90m▄▄[38;2;106;123;131m▄[38;2;41;90;90;48;2;255;255;255m▀▀[38;2;106;123;131m▀[38;2;255;255;255m▀▀▀▀[48;2;205;222;222m▀▀[38;2;205;222;222;48;2;106;123;131m▀[38;2;106;123;131;48;2;205;222;222m▀[38;2;205;222;222;48;2;255;255;255m▀[38;2;255;255;255m▀▀▀[38;2;106;123;131m▀▀[38;2;255;255;255m▀▀▀[38;2;148;164;172m▀▀▀[38;2;106;123;131m▀[38;2;255;255;255;48;2;106;123;131m▀▀[38;2;106;123;131;48;2;148;164;172m▀[38;2;148;164;172m▀▀[48;2;205;222;222m▀▀▀[38;2;205;222;222m▀▀▀▀▀[38;2;41;90;90m▀[48;2;148;164;172m▀[49m▄▄[0m
[0m [38;2;41;90;90;48;2;41;90;90m▀[48;2;74;156;139m▀▀▀▀▀[38;2;74;156;139m▀▀[38;2;255;255;255m▀▀▀▀▀[48;2;205;222;222m▀[38;2;205;222;222m▀▀▀[48;2;106;123;131m▀[38;2;90;74;65;48;2;90;74;65m▀[38;2;205;222;222;48;2;205;222;222m▀[38;2;255;255;255;48;2;255;255;255m▀▀▀▀▀▀▀▀▀▀▀▀▀▀▀▀▀▀[38;2;205;222;222m▀[48;2;205;222;222m▀▀[38;2;148;164;172m▀[38;2;205;222;222;48;2;106;123;131m▀[48;2;205;222;222m▀▀▀▀▀▀▀[38;2;41;90;90m▀▀[49m▄▄[0m
[0m  [38;2;41;90;90;48;2;41;90;90m▀[38;2;74;156;139;48;2;74;156;139m▀▀▀▀▀[48;2;41;90;90m▀[48;2;74;156;139m▀▀▀[48;2;205;222;222m▀[38;2;205;222;222m▀▀▀[48;2;32;32;41m▀[38;2;32;32;41;49m▀[38;2;90;74;65;48;2;90;74;65m▀[38;2;255;255;255m▀[48;2;255;255;255m▀▀▀[48;2;90;74;65m▀[38;2;139;115;82;48;2;139;115;82m▀[38;2;115;90;74;48;2;115;90;74m▀[38;2;255;255;255;48;2;255;255;255m▀▀▀▀▀▀▀▀▀▀▀▀▀▀[38;2;205;222;222m▀[48;2;205;222;222m▀▀▀[38;2;32;32;41m▀[38;2;205;222;222;48;2;32;32;41m▀[48;2;205;222;222m▀[48;2;255;255;255m▀▀▀▀[48;2;205;222;222m▀▀▀▀[38;2;41;90;90m▀[48;2;74;156;139m▀[49m▄[0m
[0m  [38;2;41;90;90m▄[48;2;74;156;139m▀[38;2;74;156;139m▀▀[48;2;41;90;90m▀[38;2;41;90;90;48;2;74;156;139m▀[38;2;74;156;139m▀[48;2;57;115;123m▀▀[38;2;205;222;222m▀▀▀[48;2;32;32;41m▀[38;2;32;32;41;49m▀[0m [38;2;90;74;65;48;2;90;74;65m▀[38;2;139;115;82;48;2;139;115;82m▀▀[38;2;90;74;65m▀[38;2;255;255;255;48;2;90;74;65m▀[38;2;90;74;65;48;2;139;115;82m▀[38;2;139;115;82m▀▀▀[38;2;115;90;74m▀[38;2;255;255;255;48;2;90;74;65m▀[48;2;255;255;255m▀▀▀▀[48;2;90;74;65m▀[38;2;115;90;74;48;2;139;115;82m▀▀[38;2;255;255;255;48;2;115;90;74m▀[48;2;255;255;255m▀▀▀▀[48;2;90;74;65m▀[38;2;90;74;65;48;2;115;90;74m▀▀[38;2;205;222;222;48;2;90;74;65m▀[48;2;205;222;222m▀▀[38;2;32;32;41m▀[38;2;255;255;255;48;2;32;32;41m▀[48;2;255;255;255m▀▀▀▀▀[38;2;139;213;172;48;2;74;156;139m▀[38;2;74;156;139m▀▀▀▀[38;2;41;90;90m▀▀[49m▄▄▄[0m
[38;2;41;90;90;49m▄[48;2;74;156;139m▀[38;2;74;156;139m▀▀[48;2;57;115;123m▀[38;2;41;90;90;48;2;32;32;41m▀[38;2;74;156;139m▀[38;2;57;115;123m▀▀[38;2;32;32;41;48;2;57;115;123m▀▀[38;2;57;115;123m▀[48;2;32;32;41m▀[38;2;32;32;41;49m▀[0m   [38;2;32;32;41;48;2;32;32;41m▀[38;2;139;115;82;48;2;139;115;82m▀▀▀▀▀▀▀▀▀[38;2;90;74;65m▀[38;2;255;255;255;48;2;90;74;65m▀[48;2;255;255;255m▀[48;2;90;74;65m▀[38;2;90;74;65;48;2;139;115;82m▀[38;2;139;115;82m▀▀▀▀[38;2;205;222;222;48;2;90;74;65m▀[38;2;255;255;255;48;2;255;255;255m▀[48;2;90;74;65m▀[38;2;90;74;65;48;2;115;90;74m▀[38;2;115;90;74m▀▀▀▀[38;2;90;74;65m▀[38;2;205;222;222;48;2;90;74;65m▀[38;2;90;74;65;48;2;115;90;74m▀[38;2;32;32;41;48;2;32;32;41m▀[49m▀[38;2;139;213;172;48;2;32;32;41m▀[38;2;255;255;255;48;2;74;156;139m▀[48;2;139;213;172m▀▀[38;2;74;156;139;48;2;74;156;139m▀▀▀▀▀▀[48;2;41;90;90m▀[48;2;74;156;139m▀[48;2;57;115;123m▀▀[38;2;41;90;90m▀▀[48;2;32;32;41m▀[0m
[38;2;41;90;90;49m▀[38;2;57;115;123;48;2;32;32;41m▀▀▀▀▀[48;2;57;115;123m▀▀▀▀[48;2;32;32;41m▀[38;2;32;32;41;49m▀[0m     [38;2;32;32;41;48;2;32;32;41m▀[38;2;139;115;82;48;2;139;115;82m▀▀▀▀▀▀▀▀▀▀▀[38;2;90;74;65m▀[38;2;139;115;82m▀▀▀▀▀▀▀[38;2;90;74;65;48;2;115;90;74m▀[38;2;115;90;74m▀▀▀▀▀▀▀▀▀[38;2;32;32;41;48;2;32;32;41m▀[0m  [38;2;32;32;41;48;2;32;32;41m▀[38;2;74;156;139;48;2;74;156;139m▀▀▀▀▀▀▀▀[38;2;41;90;90;48;2;41;90;90m▀[38;2;57;115;123;48;2;57;115;123m▀▀[48;2;32;32;41m▀▀[38;2;32;32;41;49m▀[0m
[0m     [38;2;32;32;41;48;2;32;32;41m▀[38;2;57;115;123;48;2;57;115;123m▀▀▀[48;2;32;32;41m▀[38;2;32;32;41;49m▀[0m      [38;2;32;32;41m▀[38;2;115;90;74;48;2;32;32;41m▀[38;2;139;115;82;48;2;115;90;74m▀[48;2;139;115;82m▀▀[48;2;90;74;65m▀[38;2;90;74;65;48;2;139;115;82m▀▀[38;2;139;115;82;48;2;90;74;65m▀[48;2;139;115;82m▀▀▀▀▀▀▀▀[48;2;115;90;74m▀▀[38;2;115;90;74m▀▀▀▀▀▀▀▀▀▀▀[38;2;32;32;41;48;2;32;32;41m▀[0m   [38;2;32;32;41;48;2;32;32;41m▀[38;2;74;156;139;48;2;74;156;139m▀▀▀[38;2;57;115;123;48;2;41;90;90m▀[48;2;57;115;123m▀[38;2;74;156;139m▀▀[38;2;57;115;123m▀[38;2;32;32;41;48;2;32;32;41m▀[38;2;57;115;123;48;2;57;115;123m▀[38;2;32;32;41;48;2;32;32;41m▀[0m
[0m      [38;2;32;32;41;48;2;32;32;41m▀[38;2;57;115;123;48;2;57;115;123m▀[48;2;32;32;41m▀[38;2;32;32;41;49m▀[0m        [38;2;32;32;41;48;2;32;32;41m▀[38;2;115;90;74;48;2;115;90;74m▀[48;2;90;74;65m▀[38;2;90;74;65;48;2;115;90;74m▀[38;2;139;115;82m▀▀[48;2;139;115;82m▀▀[38;2;90;74;65m▀[38;2;139;115;82;48;2;90;74;65m▀[48;2;139;115;82m▀▀[48;2;115;90;74m▀▀▀[38;2;90;74;65;48;2;139;115;82m▀[38;2;115;90;74;48;2;90;74;65m▀[48;2;115;90;74m▀▀▀▀▀[48;2;90;74;65m▀[38;2;90;74;65;48;2;139;115;82m▀[48;2;115;90;74m▀[38;2;115;90;74;48;2;90;74;65m▀[48;2;115;90;74m▀▀[48;2;32;32;41m▀[38;2;32;32;41;49m▀[0m    [38;2;32;32;41;48;2;32;32;41m▀[38;2;74;156;139;48;2;74;156;139m▀▀[48;2;57;115;123m▀[38;2;32;32;41m▀▀[38;2;57;115;123;48;2;32;32;41m▀▀[38;2;32;32;41;48;2;57;115;123m▀[38;2;57;115;123m▀▀[38;2;32;32;41;48;2;32;32;41m▀[0m
[0m      [38;2;32;32;41m▀▀[0m           [38;2;32;32;41;48;2;32;32;41m▀[38;2;115;90;74;48;2;90;74;65m▀[48;2;115;90;74m▀▀▀▀▀▀▀[38;2;90;74;65m▀[38;2;115;90;74;48;2;90;74;65m▀[48;2;115;90;74m▀[48;2;90;74;65m▀[38;2;90;74;65;48;2;115;90;74m▀[38;2;115;90;74m▀▀[38;2;90;74;65m▀[38;2;115;90;74;48;2;90;74;65m▀[48;2;115;90;74m▀[48;2;90;74;65m▀[38;2;90;74;65;48;2;115;90;74m▀[38;2;139;115;82m▀[38;2;115;90;74m▀▀▀[38;2;90;74;65m▀[38;2;115;90;74;48;2;90;74;65m▀[38;2;32;32;41;48;2;32;32;41m▀[48;2;57;115;123m▀[49m▄[0m   [38;2;32;32;41;48;2;32;32;41m▀[38;2;74;156;139;48;2;74;156;139m▀[48;2;57;115;123m▀[38;2;41;90;90m▀[38;2;57;115;123;48;2;32;32;41m▀▀▀[48;2;57;115;123m▀▀▀▀[38;2;32;32;41;48;2;32;32;41m▀[0m
[0m                    [38;2;32;32;41;48;2;90;74;65m▀[38;2;115;90;74;48;2;32;32;41m▀[48;2;115;90;74m▀▀▀▀▀▀▀▀[38;2;90;74;65m▀[38;2;115;90;74m▀▀▀▀▀▀[38;2;90;74;65m▀[38;2;115;90;74m▀[48;2;90;74;65m▀▀[48;2;32;32;41m▀▀[48;2;115;90;74m▀▀[38;2;32;32;41;48;2;32;32;41m▀[38;2;57;115;123;48;2;57;115;123m▀[38;2;41;90;90;48;2;41;90;90m▀[38;2;32;32;41;48;2;57;115;123m▀[38;2;41;90;90m▀[49m▄▄[38;2;32;32;41;48;2;32;32;41m▀[38;2;74;156;139m▀[38;2;57;115;123m▀[38;2;32;32;41;49m▀[0m   [38;2;32;32;41m▀▀▀▀[0m
[0m                  [38;2;90;74;65m▄[48;2;115;90;74m▀[38;2;139;115;82m▀[48;2;139;115;82m▀[38;2;32;32;41m▀[38;2;115;90;74;48;2;32;32;41m▀▀[48;2;115;90;74m▀▀▀▀▀▀▀▀▀▀[48;2;90;74;65m▀▀[38;2;90;74;65;48;2;32;32;41m▀[38;2;32;32;41;48;2;115;90;74m▀[38;2;115;90;74m▀[48;2;139;115;82m▀▀▀[38;2;32;32;41m▀[38;2;90;74;65;48;2;32;32;41m▀[38;2;57;115;123;48;2;57;115;123m▀▀▀[38;2;41;90;90;48;2;41;90;90m▀[38;2;57;115;123;48;2;57;115;123m▀▀▀[38;2;41;90;90;48;2;32;32;41m▀[0m
[0m                 [38;2;32;32;41;48;2;32;32;41m▀[38;2;139;115;82;48;2;139;115;82m▀▀[48;2;115;90;74m▀[38;2;90;74;65;48;2;90;74;65m▀[38;2;139;115;82;48;2;115;90;74m▀[38;2;115;90;74m▀[48;2;90;74;65m▀[38;2;32;32;41m▀▀[38;2;115;90;74;48;2;32;32;41m▀▀▀[48;2;90;74;65m▀▀▀[38;2;90;74;65m▀▀▀[38;2;32;32;41;48;2;32;32;41m▀[38;2;90;74;65;48;2;90;74;65m▀[38;2;115;90;74;48;2;115;90;74m▀[38;2;139;115;82;48;2;139;115;82m▀▀[48;2;115;90;74m▀[38;2;115;90;74;48;2;139;115;82m▀▀[38;2;90;74;65m▀[38;2;32;32;41;48;2;32;32;41m▀[38;2;57;115;123;48;2;57;115;123m▀[38;2;41;90;90;48;2;32;32;41m▀[38;2;57;115;123m▀▀[38;2;32;32;41;49m▀▀[0m
[0m                  [38;2;90;74;65m▀[38;2;32;32;41m▀▀▀▀▀[0m      [38;2;32;32;41m▀▀▀▀▀▀▀▀▀[38;2;115;90;74;48;2;32;32;41m▀[38;2;90;74;65m▀[38;2;139;115;82;48;2;115;90;74m▀[48;2;139;115;82m▀▀▀[48;2;115;90;74m▀[38;2;32;32;41;48;2;32;32;41m▀[0m
[0m                                         [38;2;32;32;41m▀▀▀▀▀[0m
