[0m                        [38;2;189;82;115m▄▄[38;2;148;65;98;48;2;255;164;180m▀▀[48;2;230;115;148m▀▀▀[49m▄[38;2;16;16;16m▄[0m
[0m                      [38;2;148;65;98m▄[38;2;189;82;115;48;2;255;164;180m▀[38;2;255;164;180m▀▀▀▀[48;2;230;115;148m▀[38;2;230;115;148m▀▀▀▀[38;2;16;16;16m▀[49m▄[0m
[0m                     [38;2;148;65;98;48;2;16;16;16m▀[38;2;230;115;148;48;2;230;115;148m▀▀[38;2;255;164;180m▀▀[38;2;230;115;148m▀▀▀▀[38;2;148;65;98;48;2;148;65;98m▀[48;2;230;115;148m▀[38;2;189;82;115m▀[38;2;230;115;148;48;2;189;82;115m▀[38;2;16;16;16;48;2;230;115;148m▀[38;2;98;41;57;49m▄[0m
[0m                     [38;2;16;16;16m▀[38;2;230;115;148;48;2;148;65;98m▀[48;2;230;115;148m▀▀▀▀▀▀▀[38;2;189;82;115m▀[48;2;16;16;16m▀[38;2;230;115;148;48;2;148;65;98m▀[48;2;230;115;148m▀[48;2;98;41;57m▀[38;2;98;41;57;49m▀[0m
[0m                      [38;2;16;16;16m▀[38;2;230;115;148;48;2;16;16;16m▀[48;2;230;115;148m▀▀▀▀▀▀▀▀▀[38;2;16;16;16m▀▀▀[49m▄▄[0m
[0m                       [38;2;148;65;98m▄[48;2;230;115;148m▀[38;2;189;82;115;48;2;255;164;180m▀[38;2;255;164;180m▀▀[38;2;230;115;148m▀[48;2;230;115;148m▀▀▀▀▀▀▀▀▀[38;2;16;16;16m▀[48;2;189;82;115m▀[49m▄[0m
[0m                     [38;2;148;65;98m▄[48;2;230;115;148m▀[38;2;230;115;148;48;2;189;82;115m▀[48;2;230;115;148m▀▀[38;2;255;164;180m▀▀[38;2;230;115;148m▀▀▀▀▀▀▀▀▀▀▀▀▀[38;2;16;16;16m▀[49m▄[0m
[0m                    [38;2;148;65;98;48;2;148;65;98m▀[38;2;189;82;115;48;2;230;115;148m▀[38;2;16;16;16;48;2;16;16;16m▀[38;2;255;255;255m▀[38;2;189;82;115;48;2;230;115;148m▀[38;2;230;115;148m▀▀▀▀▀▀▀▀▀[48;2;189;82;115m▀[38;2;189;82;115;48;2;255;255;255m▀[38;2;230;115;148;48;2;16;16;16m▀[48;2;230;115;148m▀▀▀▀▀[38;2;189;82;115m▀[38;2;16;16;16;48;2;16;16;16m▀[0m
[0m                   [38;2;148;65;98;48;2;148;65;98m▀[38;2;230;115;148;48;2;230;115;148m▀▀[48;2;16;16;16m▀▀[48;2;148;65;98m▀▀▀▀▀[48;2;189;82;115m▀[48;2;230;115;148m▀▀▀▀▀[38;2;16;16;16m▀▀[38;2;230;115;148m▀▀▀▀▀▀▀[38;2;16;16;16;48;2;16;16;16m▀[0m
[0m               [38;2;16;16;16m▄▄[38;2;148;57;65m▄[38;2;16;16;16;48;2;246;123;90m▀▀▀[38;2;148;57;65m▀[38;2;246;123;90;48;2;197;90;90m▀▀[38;2;197;90;90;48;2;246;123;90m▀▀[38;2;246;123;90m▀▀▀[38;2;197;90;90m▀[38;2;98;41;57m▀▀▀[38;2;230;115;148;48;2;98;41;57m▀▀[48;2;189;82;115m▀[48;2;230;115;148m▀▀[48;2;189;82;115m▀[38;2;189;82;115;48;2;230;115;148m▀[38;2;230;115;148m▀▀▀▀[38;2;16;16;16;48;2;16;16;16m▀[0m
[0m           [38;2;148;57;65m▄▄[38;2;16;16;16;48;2;246;123;90m▀[38;2;148;57;65m▀[38;2;246;123;90m▀▀▀[48;2;197;90;90m▀▀[38;2;197;90;90;48;2;246;123;90m▀▀[38;2;246;123;90m▀▀▀▀▀▀▀▀▀▀[38;2;197;90;90;48;2;16;16;16m▀[38;2;16;16;16;48;2;230;115;148m▀[38;2;230;115;148m▀[38;2;189;82;115m▀[38;2;98;41;57m▀[48;2;189;82;115m▀[38;2;189;82;115;48;2;230;115;148m▀[38;2;230;115;148m▀▀▀▀[48;2;189;82;115m▀[38;2;16;16;16;48;2;16;16;16m▀[0m
[0m        [38;2;148;57;65m▄[48;2;246;123;90m▀▀[38;2;246;123;90m▀▀▀▀[48;2;197;90;90m▀[38;2;197;90;90;48;2;246;123;90m▀▀[38;2;246;123;90m▀▀▀▀▀▀▀▀▀▀▀▀[48;2;16;16;16m▀[38;2;16;16;16;48;2;230;115;148m▀[38;2;230;115;148m▀▀▀▀▀[38;2;189;82;115m▀[38;2;230;115;148m▀▀[48;2;189;82;115m▀▀[38;2;189;82;115m▀[38;2;16;16;16;48;2;16;16;16m▀[0m
[0m      [38;2;148;57;65m▄[48;2;197;90;90m▀[38;2;246;123;90;48;2;255;180;139m▀▀[48;2;246;123;90m▀▀▀▀[38;2;197;90;90m▀[38;2;246;123;90m▀▀▀▀▀▀▀▀▀▀▀▀▀[48;2;16;16;16m▀[38;2;16;16;16;48;2;189;82;115m▀[38;2;230;115;148m▀▀▀▀▀▀▀[38;2;189;82;115m▀▀▀[48;2;148;65;98m▀[48;2;16;16;16m▀[38;2;16;16;16;49m▀[0m
[0m     [38;2;148;57;65m▄[48;2;197;90;90m▀[38;2;246;123;90;48;2;246;123;90m▀[38;2;255;180;139m▀▀[38;2;246;123;90m▀▀▀▀▀▀▀▀▀▀▀▀▀▀▀[48;2;197;90;90m▀[48;2;16;16;16m▀[38;2;16;16;16;48;2;213;205;222m▀[38;2;189;82;115;48;2;148;65;98m▀▀[48;2;98;41;57m▀▀▀▀[48;2;148;65;98m▀▀[48;2;189;82;115m▀▀▀▀▀▀[38;2;98;41;57m▀[49m▄[0m
[0m   [38;2;139;139;172m▄▄[38;2;16;16;16;48;2;16;16;16m▀[38;2;197;90;90;48;2;197;90;90m▀▀[38;2;246;123;90m▀[48;2;246;123;90m▀▀▀▀▀▀▀▀▀▀▀▀▀[48;2;16;16;16m▀[38;2;197;90;90m▀[38;2;16;16;16;48;2;213;205;222m▀[38;2;213;205;222m▀▀▀▀▀[48;2;16;16;16m▀▀▀[38;2;139;139;172;48;2;213;205;222m▀[48;2;255;255;255m▀[38;2;213;205;222;48;2;139;139;172m▀[48;2;189;82;115m▀[38;2;189;82;115m▀▀▀▀▀[48;2;230;115;148m▀[38;2;230;115;148m▀[38;2;98;41;57m▀[49m▄[0m
[0m [38;2;148;65;98m▄[38;2;139;139;172;48;2;139;139;172m▀[38;2;213;205;222;48;2;255;255;255m▀[38;2;255;255;255;48;2;139;139;172m▀[38;2;16;16;16;48;2;230;115;148m▀[38;2;197;90;90;48;2;16;16;16m▀[48;2;197;90;90m▀▀▀▀▀[38;2;246;123;90m▀▀▀▀▀[48;2;16;16;16m▀▀[38;2;197;90;90m▀[38;2;16;16;16;48;2;255;255;255m▀▀[38;2;213;205;222m▀▀[48;2;213;205;222m▀▀▀▀[48;2;16;16;16m▀[38;2;16;16;16;48;2;189;82;115m▀[38;2;189;82;115;48;2;230;115;148m▀[38;2;230;115;148m▀▀▀▀[38;2;189;82;115m▀[38;2;16;16;16m▀[38;2;189;82;115;48;2;16;16;16m▀▀[48;2;230;115;148m▀[38;2;230;115;148m▀▀▀▀▀▀[38;2;98;41;57;48;2;148;65;98m▀[38;2;148;65;98;49m▄[0m
[38;2;98;41;57;48;2;98;41;57m▀[38;2;230;115;148;48;2;230;115;148m▀▀▀▀▀▀[38;2;16;16;16m▀[38;2;148;57;65;48;2;189;82;115m▀[38;2;197;90;90;48;2;16;16;16m▀▀▀▀▀[38;2;16;16;16;48;2;230;115;148m▀[48;2;255;164;180m▀[48;2;255;255;255m▀[38;2;255;255;255m▀▀▀▀▀▀▀▀▀▀[38;2;213;205;222m▀[38;2;16;16;16;48;2;16;16;16m▀[38;2;230;115;148;48;2;230;115;148m▀▀▀▀▀▀▀▀▀[38;2;189;82;115m▀[38;2;16;16;16m▀[38;2;189;82;115;48;2;148;65;98m▀[48;2;230;115;148m▀[38;2;230;115;148m▀▀▀▀▀[38;2;98;41;57m▀[49m▄[0m
[0m [38;2;98;41;57m▀[38;2;230;115;148;48;2;98;41;57m▀▀[48;2;189;82;115m▀▀[38;2;189;82;115m▀▀▀▀[48;2;98;41;57m▀[38;2;98;41;57;48;2;230;115;148m▀[38;2;230;115;148m▀▀[48;2;255;164;180m▀[38;2;255;255;255;48;2;255;255;255m▀▀[48;2;255;164;180m▀[48;2;255;255;255m▀▀▀▀▀▀▀▀▀▀▀[38;2;16;16;16;48;2;16;16;16m▀[38;2;230;115;148;48;2;230;115;148m▀▀▀▀▀▀▀▀▀▀▀[38;2;189;82;115m▀[38;2;230;115;148m▀▀▀▀▀▀[38;2;98;41;57m▀[49m▄[0m
[0m    [38;2;98;41;57m▀▀[38;2;148;65;98m▀[38;2;189;82;115;48;2;148;65;98m▀▀[48;2;16;16;16m▀[38;2;16;16;16;48;2;230;115;148m▀[38;2;230;115;148m▀▀▀[38;2;255;255;255;48;2;255;255;255m▀[48;2;230;115;148m▀[38;2;255;164;180m▀[38;2;230;115;148m▀[38;2;255;164;180m▀[38;2;255;255;255;48;2;255;255;255m▀▀▀▀[48;2;255;164;180m▀[48;2;230;115;148m▀[38;2;255;164;180m▀[38;2;255;255;255;48;2;255;255;255m▀▀▀▀[38;2;16;16;16;48;2;255;164;180m▀[38;2;230;115;148;48;2;98;41;57m▀[48;2;230;115;148m▀▀▀▀▀▀▀▀▀▀▀▀▀▀▀▀▀[38;2;98;41;57m▀[49m▄[0m
[0m        [38;2;16;16;16m▄[48;2;230;115;148m▀[38;2;230;115;148m▀▀▀▀▀▀▀▀▀▀[38;2;255;255;255m▀[38;2;255;164;180m▀[38;2;230;115;148m▀▀▀▀▀[38;2;255;255;255;48;2;255;164;180m▀[48;2;255;255;255m▀▀[38;2;255;164;180;48;2;255;164;180m▀[38;2;230;115;148;48;2;230;115;148m▀[38;2;98;41;57m▀▀[38;2;230;115;148;48;2;98;41;57m▀▀[48;2;189;82;115m▀[48;2;230;115;148m▀▀▀▀▀▀▀▀▀▀▀▀▀[38;2;98;41;57;48;2;98;41;57m▀[0m
[0m        [38;2;16;16;16;48;2;98;41;57m▀[38;2;230;115;148;48;2;230;115;148m▀▀▀▀[48;2;255;164;180m▀[48;2;255;230;123m▀[48;2;230;115;148m▀▀▀▀▀▀▀▀▀▀▀▀▀[38;2;255;255;255m▀[48;2;255;164;180m▀[38;2;255;164;180m▀[38;2;230;115;148;48;2;230;115;148m▀▀▀▀▀[38;2;148;65;98m▀▀▀[38;2;189;82;115m▀[38;2;230;115;148m▀▀▀▀▀▀▀▀▀▀[38;2;98;41;57m▀[38;2;16;16;16;49m▄[0m
[0m       [38;2;148;65;98;48;2;148;65;98m▀[38;2;230;115;148;48;2;230;115;148m▀▀▀▀▀[38;2;255;230;123;48;2;255;230;123m▀▀▀[38;2;230;115;148m▀[48;2;255;164;180m▀[48;2;230;115;148m▀▀▀[48;2;255;230;123m▀▀[38;2;255;230;123m▀▀[38;2;230;115;148m▀[48;2;230;115;148m▀▀▀▀▀▀▀▀▀▀▀▀▀▀▀▀▀▀▀▀▀▀▀▀▀[38;2;16;16;16;48;2;16;16;16m▀[0m
[0m       [38;2;148;65;98;48;2;148;65;98m▀[38;2;230;115;148;48;2;230;115;148m▀▀▀▀▀▀[38;2;255;230;123m▀[48;2;255;230;123m▀▀▀▀▀▀▀▀▀▀[48;2;230;115;148m▀[38;2;230;115;148m▀▀▀▀▀▀▀▀▀▀▀▀▀▀▀▀▀▀▀▀▀▀▀▀▀[38;2;16;16;16;48;2;16;16;16m▀[0m  [38;2;98;41;57m▄▄▄▄[0m
[0m       [38;2;148;65;98;48;2;148;65;98m▀[38;2;230;115;148;48;2;230;115;148m▀▀▀▀[48;2;255;164;180m▀[48;2;255;230;123m▀[48;2;230;115;148m▀▀▀[38;2;255;230;123m▀▀▀▀▀[38;2;230;115;148m▀▀▀▀▀▀▀▀▀▀▀▀▀▀▀▀▀▀▀▀▀▀▀▀▀▀▀▀[38;2;189;82;115;48;2;189;82;115m▀[38;2;16;16;16;48;2;16;16;16m▀[38;2;98;41;57;48;2;189;82;115m▀▀[38;2;189;82;115m▀▀▀▀[38;2;98;41;57m▀▀[49m▄[0m
[0m       [38;2;98;41;57;48;2;148;65;98m▀[38;2;230;115;148m▀[48;2;230;115;148m▀▀▀[38;2;255;230;123;48;2;255;230;123m▀▀▀[38;2;230;115;148m▀▀[48;2;230;115;148m▀▀▀▀▀[48;2;255;230;123m▀▀▀[38;2;255;230;123m▀▀[38;2;230;115;148m▀[48;2;230;115;148m▀▀▀▀▀▀▀▀▀▀▀▀▀▀▀▀▀▀▀▀[48;2;189;82;115m▀[38;2;189;82;115m▀▀[38;2;16;16;16;48;2;16;16;16m▀[38;2;189;82;115;48;2;148;65;98m▀[48;2;189;82;115m▀▀▀▀▀[48;2;98;41;57m▀[48;2;189;82;115m▀[48;2;148;65;98m▀[38;2;98;41;57;48;2;98;41;57m▀[0m
[0m        [38;2;98;41;57;48;2;98;41;57m▀[38;2;189;82;115;48;2;189;82;115m▀[38;2;230;115;148m▀[48;2;230;115;148m▀▀[38;2;255;230;123m▀[48;2;255;164;180m▀[48;2;255;230;123m▀▀▀▀▀▀▀▀▀▀▀▀[48;2;230;115;148m▀[38;2;230;115;148m▀▀▀▀▀▀▀▀▀▀▀▀▀▀▀▀▀[48;2;189;82;115m▀▀[38;2;189;82;115m▀▀▀[38;2;16;16;16;48;2;16;16;16m▀[38;2;148;65;98;48;2;148;65;98m▀▀▀▀[38;2;189;82;115m▀▀[48;2;98;41;57m▀[38;2;98;41;57;48;2;148;65;98m▀[38;2;148;65;98m▀[48;2;16;16;16m▀[38;2;98;41;57;49m▀[0m
[0m         [38;2;98;41;57;48;2;16;16;16m▀[38;2;189;82;115;48;2;189;82;115m▀▀▀[38;2;230;115;148m▀▀[48;2;230;115;148m▀[38;2;255;164;180m▀[38;2;255;230;123m▀▀▀▀▀▀[38;2;255;164;180m▀[38;2;230;115;148m▀▀▀▀▀▀▀▀▀▀▀▀▀▀▀▀[48;2;189;82;115m▀▀▀[38;2;189;82;115m▀▀▀▀▀▀[38;2;98;41;57;48;2;16;16;16m▀[38;2;148;65;98;48;2;148;65;98m▀▀▀▀▀▀[48;2;16;16;16m▀[38;2;16;16;16;49m▀▀▀[0m
[0m          [38;2;16;16;16m▀[38;2;189;82;115;48;2;16;16;16m▀[48;2;148;65;98m▀[48;2;189;82;115m▀[38;2;205;172;74;48;2;205;172;74m▀▀[38;2;189;82;115m▀▀▀[48;2;189;82;115m▀[38;2;230;115;148m▀▀▀▀[48;2;255;230;123m▀▀[38;2;255;230;123m▀▀▀▀[38;2;230;115;148m▀[48;2;230;115;148m▀▀[48;2;189;82;115m▀▀▀▀▀[38;2;189;82;115m▀▀▀▀▀▀▀▀▀[48;2;16;16;16m▀[38;2;98;41;57;48;2;148;65;98m▀[38;2;148;65;98m▀[48;2;189;82;115m▀[48;2;148;65;98m▀[48;2;189;82;115m▀[48;2;148;65;98m▀▀[48;2;16;16;16m▀[38;2;16;16;16;49m▀[0m
[0m            [38;2;16;16;16m▀[38;2;148;65;98;48;2;16;16;16m▀[48;2;189;82;115m▀[38;2;205;172;74;48;2;148;65;98m▀[48;2;98;41;57m▀[48;2;148;65;98m▀[48;2;205;172;74m▀▀▀▀▀▀▀▀▀▀▀[48;2;189;82;115m▀▀[38;2;189;82;115m▀▀▀▀▀▀▀▀▀▀▀▀▀[48;2;98;41;57m▀[38;2;148;65;98m▀[38;2;16;16;16;48;2;148;65;98m▀[38;2;148;65;98m▀[48;2;189;82;115m▀[38;2;189;82;115;48;2;148;65;98m▀[38;2;148;65;98;48;2;189;82;115m▀[38;2;189;82;115;48;2;148;65;98m▀[38;2;148;65;98;48;2;189;82;115m▀[48;2;16;16;16m▀[38;2;16;16;16;49m▀[0m
[0m             [38;2;16;16;16m▀[38;2;148;65;98;48;2;16;16;16m▀[38;2;189;82;115;48;2;189;82;115m▀▀[38;2;148;65;98m▀[38;2;98;41;57m▀▀[38;2;148;65;98;48;2;148;65;98m▀[38;2;189;82;115;48;2;98;41;57m▀▀[48;2;16;16;16m▀▀▀▀[48;2;98;41;57m▀[48;2;189;82;115m▀▀▀▀▀▀▀▀▀▀▀▀▀▀▀▀[38;2;16;16;16;48;2;16;16;16m▀[38;2;148;65;98;48;2;148;65;98m▀▀▀[48;2;98;41;57m▀[38;2;189;82;115;48;2;16;16;16m▀[38;2;148;65;98m▀[38;2;98;41;57;49m▀[38;2;16;16;16m▀[0m
[0m               [38;2;16;16;16;48;2;139;139;172m▀[38;2;189;82;115;48;2;213;205;222m▀[48;2;189;82;115m▀▀▀▀▀▀[48;2;16;16;16m▀[38;2;16;16;16;49m▀[0m  [38;2;98;41;57m▀[38;2;16;16;16m▀▀▀▀[38;2;148;65;98;48;2;16;16;16m▀[48;2;189;82;115m▀[38;2;189;82;115m▀▀▀[48;2;230;115;148m▀[38;2;230;115;148m▀▀▀▀[38;2;189;82;115m▀[38;2;98;41;57;48;2;16;16;16m▀[49m▀▀▀▀[0m
[0m              [38;2;139;139;172m▀[38;2;213;205;222;48;2;16;16;16m▀▀▀▀[38;2;189;82;115m▀[48;2;98;41;57m▀[38;2;16;16;16;49m▀[38;2;98;41;57m▀[0m          [38;2;16;16;16m▀[38;2;189;82;115;48;2;16;16;16m▀[48;2;98;41;57m▀[38;2;230;115;148;48;2;230;115;148m▀▀[48;2;139;139;172m▀[48;2;255;255;255m▀▀[48;2;230;115;148m▀[48;2;16;16;16m▀[38;2;16;16;16;49m▀[0m
[0m                                   [38;2;16;16;16m▀▀[38;2;189;82;115;48;2;16;16;16m▀[38;2;255;255;255m▀▀▀▀[38;2;16;16;16;49m▀[0m
