[0m                                    [38;2;24;57;98m▄▄[48;2;82;156;197m▀▀▀▀▀[48;2;57;115;172m▀[49m▄[38;2;0;0;0m▄[0m
[0m                             [38;2;41;90;131m▄▄[38;2;24;57;98m▄▄[38;2;0;0;0m▄[38;2;24;57;98m▄[48;2;82;156;197m▀[38;2;82;156;197m▀▀▀[48;2;24;57;98m▀▀▀[38;2;57;115;172;48;2;0;0;0m▀[48;2;57;115;172m▀[48;2;24;57;98m▀▀[38;2;24;57;98;48;2;82;156;197m▀[38;2;0;0;0m▀▀▀[48;2;57;115;172m▀[49m▄▄[0m
[0m                          [38;2;41;90;131m▄[48;2;82;156;197m▀▀[38;2;82;156;197m▀▀▀▀[38;2;57;115;172;48;2;24;57;98m▀[38;2;24;57;98;48;2;82;156;197m▀[38;2;82;156;197m▀▀[48;2;24;57;98m▀[38;2;24;57;98;48;2;57;115;172m▀[38;2;57;115;172m▀▀▀[48;2;24;57;98m▀[38;2;24;57;98;48;2;57;115;172m▀[38;2;57;115;172m▀[38;2;82;156;197;48;2;82;156;197m▀▀▀▀▀[48;2;57;115;172m▀[38;2;57;115;172m▀▀[38;2;0;0;0m▀[49m▄[0m
[0m                        [38;2;0;0;0m▄[38;2;24;57;98;48;2;82;156;197m▀[38;2;82;156;197m▀▀▀[48;2;57;115;172m▀[38;2;57;115;172m▀▀▀[38;2;24;57;98m▀[38;2;82;156;197;48;2;82;156;197m▀▀▀[38;2;24;57;98;48;2;57;115;172m▀[38;2;57;115;172m▀▀▀▀▀[48;2;24;57;98m▀▀[38;2;24;57;98;48;2;57;115;172m▀▀▀▀▀[38;2;57;115;172;48;2;24;57;98m▀[48;2;0;0;0m▀[48;2;57;115;172m▀▀▀[38;2;0;0;0;48;2;0;0;0m▀[0m
[0m                       [38;2;41;90;131m▄[38;2;0;0;0;48;2;41;90;131m▀[38;2;24;57;98;48;2;82;156;197m▀▀[38;2;41;90;131;48;2;57;115;172m▀[38;2;57;115;172m▀▀[48;2;41;90;131m▀[48;2;24;57;98m▀[48;2;57;115;172m▀▀▀[38;2;82;156;197m▀[38;2;57;115;172m▀▀▀▀▀[48;2;24;57;98m▀[38;2;24;57;98;48;2;82;156;197m▀[38;2;82;156;197m▀▀[38;2;57;115;172;48;2;57;115;172m▀[48;2;24;57;98m▀▀[48;2;57;115;172m▀▀▀▀[38;2;0;0;0m▀[38;2;57;115;172m▀▀[48;2;24;57;98m▀[38;2;0;0;0;48;2;57;115;172m▀▀▀[49m▄▄[0m
[0m                     [38;2;41;90;131m▄[48;2;82;156;197m▀[38;2;82;156;197m▀▀[48;2;57;115;172m▀[48;2;24;57;98m▀[38;2;57;115;172m▀▀[48;2;57;115;172m▀▀▀[38;2;24;57;98m▀[38;2;57;115;172;48;2;24;57;98m▀[48;2;57;115;172m▀▀▀▀▀▀[38;2;24;57;98;48;2;24;57;98m▀[38;2;82;156;197;48;2;82;156;197m▀▀[48;2;57;115;172m▀[38;2;57;115;172;48;2;24;57;98m▀[38;2;24;57;98;48;2;41;90;131m▀[38;2;41;90;131m▀[48;2;57;115;172m▀[38;2;57;115;172m▀▀▀▀▀▀▀▀▀▀▀▀▀[38;2;0;0;0m▀[49m▄[0m
[0m                    [38;2;24;57;98m▄[38;2;41;90;131;48;2;57;115;172m▀[38;2;82;156;197m▀▀[38;2;57;115;172;48;2;24;57;98m▀[38;2;24;57;98;48;2;57;115;172m▀[38;2;57;115;172m▀▀▀[38;2;24;57;98m▀[38;2;57;115;172;48;2;24;57;98m▀[48;2;57;115;172m▀▀[38;2;24;57;98;48;2;0;0;0m▀[38;2;57;115;172m▀[38;2;0;0;0;48;2;57;115;172m▀▀▀▀[38;2;24;57;98;48;2;24;57;98m▀[38;2;57;115;172;48;2;57;115;172m▀▀▀[38;2;24;57;98;48;2;24;57;98m▀[38;2;41;90;131;48;2;41;90;131m▀▀[38;2;57;115;172;48;2;57;115;172m▀▀[48;2;24;57;98m▀[38;2;24;57;98;48;2;57;115;172m▀▀▀▀[38;2;57;115;172;48;2;24;57;98m▀▀[48;2;57;115;172m▀▀▀[38;2;24;57;98m▀[38;2;57;115;172;48;2;24;57;98m▀[48;2;57;115;172m▀▀[38;2;0;0;0m▀[49m▄[0m
[0m                    [38;2;0;0;0;48;2;24;57;98m▀[38;2;57;115;172;48;2;57;115;172m▀▀▀[38;2;24;57;98m▀[38;2;57;115;172m▀▀[48;2;24;57;98m▀[48;2;57;115;172m▀▀[38;2;24;57;98m▀[38;2;57;115;172m▀[38;2;0;0;0m▀[38;2;57;115;172m▀▀▀▀▀▀[38;2;24;57;98;48;2;0;0;0m▀[38;2;57;115;172;48;2;57;115;172m▀▀▀[38;2;0;0;0;48;2;0;0;0m▀[38;2;41;90;131;48;2;24;57;98m▀▀[38;2;24;57;98;48;2;57;115;172m▀▀▀▀[38;2;57;115;172;48;2;24;57;98m▀[48;2;0;0;0m▀[38;2;82;156;197;48;2;82;156;197m▀▀▀[38;2;24;57;98m▀[38;2;57;115;172;48;2;24;57;98m▀▀[48;2;57;115;172m▀[38;2;24;57;98m▀[38;2;57;115;172;48;2;0;0;0m▀[48;2;57;115;172m▀▀[38;2;0;0;0m▀[49m▄[0m
[0m                  [38;2;41;90;131m▄[48;2;57;115;172m▀[38;2;57;115;172m▀▀▀▀▀[48;2;24;57;98m▀[38;2;24;57;98;48;2;57;115;172m▀[38;2;57;115;172m▀▀[48;2;24;57;98m▀[38;2;24;57;98m▀[48;2;57;115;172m▀[38;2;57;115;172m▀▀▀[48;2;0;0;0m▀[38;2;0;0;0;48;2;74;74;82m▀▀▀[38;2;57;115;172;48;2;0;0;0m▀[38;2;0;0;0m▀[38;2;57;115;172;48;2;57;115;172m▀▀▀[38;2;0;0;0m▀[38;2;41;90;131;48;2;24;57;98m▀[48;2;41;90;131m▀[38;2;57;115;172;48;2;0;0;0m▀[48;2;24;57;98m▀[48;2;57;115;172m▀▀▀[38;2;24;57;98m▀[38;2;57;115;172;48;2;0;0;0m▀[38;2;82;156;197;48;2;57;115;172m▀▀[38;2;57;115;172m▀▀▀▀[38;2;0;0;0;48;2;24;57;98m▀[38;2;57;115;172;48;2;41;90;131m▀▀[38;2;41;90;131m▀[38;2;0;0;0;48;2;0;0;0m▀[0m
[0m                 [38;2;41;90;131m▄[48;2;82;156;197m▀[38;2;82;156;197m▀▀[38;2;57;115;172;48;2;24;57;98m▀[38;2;24;57;98;48;2;57;115;172m▀[38;2;57;115;172m▀[48;2;24;57;98m▀[38;2;24;57;98;48;2;82;156;197m▀[38;2;82;156;197m▀▀[38;2;57;115;172;48;2;0;0;0m▀[38;2;0;0;0;48;2;57;115;172m▀[38;2;57;115;172m▀▀[48;2;0;0;0m▀▀[38;2;0;0;0;48;2;74;74;82m▀[38;2;74;74;82m▀▀▀▀▀▀[38;2;0;0;0m▀[38;2;57;115;172;48;2;0;0;0m▀[48;2;41;90;131m▀▀[38;2;41;90;131m▀[38;2;24;57;98;48;2;0;0;0m▀[38;2;41;90;131;48;2;41;90;131m▀▀[38;2;0;0;0m▀[38;2;57;115;172;48;2;0;0;0m▀[48;2;57;115;172m▀▀[38;2;24;57;98m▀[38;2;57;115;172;48;2;0;0;0m▀[48;2;57;115;172m▀▀▀[48;2;24;57;98m▀[38;2;24;57;98;48;2;41;90;131m▀[38;2;41;90;131m▀▀▀[48;2;0;0;0m▀[38;2;0;0;0;49m▀[0m
[0m                [38;2;24;57;98m▄[48;2;57;115;172m▀[38;2;82;156;197;48;2;82;156;197m▀▀[48;2;24;57;98m▀[38;2;24;57;98;48;2;41;90;131m▀[38;2;57;115;172;48;2;57;115;172m▀▀[38;2;24;57;98;48;2;24;57;98m▀[38;2;82;156;197;48;2;82;156;197m▀▀▀[38;2;0;0;0;48;2;0;0;0m▀[48;2;49;49;57m▀▀▀[38;2;74;74;82;48;2;255;255;255m▀▀[48;2;74;74;82m▀▀▀▀▀▀▀[48;2;49;49;57m▀▀[38;2;0;0;0m▀[38;2;41;90;131;48;2;0;0;0m▀▀[38;2;0;0;0m▀[38;2;41;90;131;48;2;41;90;131m▀▀▀[38;2;0;0;0;48;2;24;57;98m▀[38;2;57;115;172;48;2;57;115;172m▀▀▀[38;2;0;0;0;48;2;0;0;0m▀[48;2;41;90;131m▀▀[38;2;24;57;98m▀[38;2;41;90;131m▀▀▀▀[48;2;0;0;0m▀[38;2;0;0;0;49m▀[0m
[0m                [38;2;0;0;0;48;2;0;0;0m▀[38;2;82;156;197;48;2;82;156;197m▀▀▀[38;2;24;57;98;48;2;24;57;98m▀[38;2;41;90;131;48;2;41;90;131m▀▀[38;2;57;115;172m▀[38;2;24;57;98;48;2;24;57;98m▀[38;2;82;156;197;48;2;57;115;172m▀[48;2;82;156;197m▀[48;2;57;115;172m▀[38;2;0;0;0;48;2;0;0;0m▀[38;2;49;49;57;48;2;49;49;57m▀▀[38;2;255;255;255;48;2;255;255;255m▀▀[48;2;49;49;57m▀[48;2;255;255;255m▀[38;2;49;49;57;48;2;49;49;57m▀▀▀[48;2;255;255;255m▀[38;2;255;255;255m▀▀[38;2;74;74;82m▀[38;2;49;49;57;48;2;74;74;82m▀[48;2;49;49;57m▀▀[38;2;0;0;0;48;2;0;0;0m▀[38;2;41;90;131;48;2;57;115;172m▀[48;2;41;90;131m▀▀[38;2;24;57;98;48;2;0;0;0m▀[38;2;57;115;172;48;2;82;156;197m▀[48;2;57;115;172m▀▀[38;2;24;57;98;48;2;0;0;0m▀[38;2;41;90;131;48;2;41;90;131m▀▀▀▀[48;2;0;0;0m▀▀[38;2;0;0;0m▀[48;2;41;90;131m▀[38;2;41;90;131m▀[38;2;0;0;0m▀[49m▄[0m
[0m                [38;2;0;0;0;48;2;24;57;98m▀[38;2;57;115;172;48;2;57;115;172m▀[38;2;82;156;197m▀[38;2;57;115;172m▀[38;2;24;57;98m▀[38;2;41;90;131;48;2;24;57;98m▀[48;2;41;90;131m▀▀▀[38;2;24;57;98;48;2;24;57;98m▀[38;2;57;115;172;48;2;57;115;172m▀▀▀[38;2;0;0;0m▀[38;2;49;49;57;48;2;0;0;0m▀[48;2;49;49;57m▀[38;2;255;255;255m▀▀[38;2;49;49;57m▀▀▀▀[38;2;255;255;255m▀[38;2;49;49;57;48;2;255;255;255m▀[38;2;255;255;255m▀[48;2;49;49;57m▀[38;2;74;74;82m▀[38;2;49;49;57;48;2;0;0;0m▀[38;2;0;0;0;48;2;57;115;172m▀[38;2;57;115;172m▀▀▀[38;2;24;57;98;48;2;0;0;0m▀[38;2;82;156;197;48;2;82;156;197m▀▀▀[38;2;24;57;98;48;2;24;57;98m▀[38;2;41;90;131;48;2;0;0;0m▀▀▀[48;2;41;90;131m▀▀▀[48;2;57;115;172m▀[38;2;57;115;172m▀[38;2;0;0;0m▀[38;2;41;90;131;48;2;0;0;0m▀[48;2;41;90;131m▀[38;2;0;0;0m▀[49m▄[0m
[0m               [38;2;0;0;0m▄[48;2;41;90;131m▀[48;2;0;0;0m▀[38;2;57;115;172;48;2;57;115;172m▀▀▀[38;2;24;57;98m▀[38;2;41;90;131;48;2;24;57;98m▀[48;2;41;90;131m▀▀[48;2;24;57;98m▀[38;2;24;57;98m▀[38;2;57;115;172;48;2;41;90;131m▀[48;2;57;115;172m▀▀[38;2;0;0;0m▀[48;2;0;0;0m▀[38;2;49;49;57;48;2;24;57;98m▀[48;2;49;49;57m▀▀▀▀▀▀▀▀▀[38;2;0;0;0;48;2;41;90;131m▀[38;2;57;115;172;48;2;57;115;172m▀▀▀[48;2;24;57;98m▀[38;2;0;0;0;48;2;57;115;172m▀[48;2;24;57;98m▀[38;2;82;156;197;48;2;82;156;197m▀▀▀[38;2;24;57;98;48;2;24;57;98m▀[38;2;41;90;131;48;2;41;90;131m▀▀▀[38;2;0;0;0;48;2;57;115;172m▀[38;2;41;90;131;48;2;0;0;0m▀[48;2;41;90;131m▀[38;2;57;115;172;48;2;0;0;0m▀[48;2;57;115;172m▀▀[38;2;0;0;0m▀[38;2;41;90;131;48;2;0;0;0m▀[48;2;41;90;131m▀[38;2;0;0;0m▀[49m▄[0m
[0m             [38;2;0;0;0m▄[48;2;41;90;131m▀[38;2;41;90;131m▀▀[38;2;0;0;0;48;2;24;57;98m▀[38;2;57;115;172;48;2;0;0;0m▀[48;2;57;115;172m▀▀▀[38;2;24;57;98m▀[38;2;41;90;131m▀[48;2;24;57;98m▀[38;2;24;57;98;48;2;82;156;197m▀▀[48;2;57;115;172m▀[38;2;41;90;131;48;2;24;57;98m▀[38;2;57;115;172;48;2;41;90;131m▀[48;2;57;115;172m▀[38;2;0;0;0;48;2;0;0;0m▀[38;2;24;57;98;48;2;57;115;172m▀[38;2;0;0;0m▀▀[38;2;49;49;57;48;2;24;57;98m▀[48;2;0;0;0m▀▀▀▀[38;2;24;57;98;48;2;57;115;172m▀[48;2;82;156;197m▀[38;2;82;156;197m▀▀[38;2;57;115;172;48;2;57;115;172m▀[48;2;24;57;98m▀[38;2;24;57;98;48;2;57;115;172m▀[38;2;57;115;172m▀[38;2;24;57;98m▀[38;2;82;156;197;48;2;24;57;98m▀[48;2;82;156;197m▀[48;2;57;115;172m▀[38;2;24;57;98m▀[38;2;41;90;131;48;2;24;57;98m▀[48;2;0;0;0m▀[48;2;57;115;172m▀[38;2;57;115;172m▀[38;2;0;0;0;48;2;0;0;0m▀[38;2;41;90;131;48;2;41;90;131m▀[38;2;0;0;0;48;2;0;0;0m▀[38;2;57;115;172;48;2;57;115;172m▀▀▀[38;2;0;0;0;48;2;0;0;0m▀[38;2;41;90;131;48;2;41;90;131m▀▀[38;2;0;0;0;48;2;0;0;0m▀[0m
[0m           [38;2;24;57;98m▄[48;2;41;90;131m▀[38;2;41;90;131;48;2;57;115;172m▀[48;2;41;90;131m▀▀[38;2;0;0;0;48;2;0;0;0m▀[38;2;41;90;131;48;2;41;90;131m▀[48;2;57;115;172m▀[38;2;0;0;0;48;2;24;57;98m▀[38;2;57;115;172;48;2;0;0;0m▀[48;2;57;115;172m▀▀[38;2;24;57;98;48;2;0;0;0m▀[38;2;82;156;197;48;2;82;156;197m▀▀[48;2;41;90;131m▀[48;2;57;115;172m▀[38;2;57;115;172;48;2;24;57;98m▀[38;2;24;57;98;48;2;0;0;0m▀[38;2;57;115;172;48;2;57;115;172m▀[38;2;0;0;0;48;2;0;0;0m▀[38;2;57;115;172;48;2;24;57;98m▀[48;2;41;90;131m▀[48;2;57;115;172m▀[38;2;82;156;197;48;2;82;156;197m▀▀▀▀▀▀[48;2;57;115;172m▀[48;2;24;57;98m▀[38;2;57;115;172m▀[38;2;24;57;98;48;2;57;115;172m▀[38;2;57;115;172m▀▀▀▀[38;2;0;0;0m▀[38;2;57;115;172;48;2;24;57;98m▀[48;2;57;115;172m▀▀▀▀▀▀[38;2;0;0;0;48;2;0;0;0m▀[48;2;41;90;131m▀[38;2;57;115;172;48;2;57;115;172m▀▀▀[48;2;0;0;0m▀[38;2;0;0;0m▀[38;2;41;90;131;48;2;41;90;131m▀▀[38;2;0;0;0;48;2;0;0;0m▀[0m
[0m         [38;2;0;0;0m▄[48;2;57;115;172m▀[38;2;41;90;131m▀[38;2;57;115;172m▀▀[48;2;41;90;131m▀[38;2;0;0;0;48;2;0;0;0m▀[38;2;57;115;172;48;2;57;115;172m▀▀[38;2;24;57;98;48;2;24;57;98m▀[38;2;57;115;172;48;2;57;115;172m▀▀[38;2;0;0;0m▀▀[48;2;24;57;98m▀[38;2;82;156;197;48;2;57;115;172m▀▀[38;2;41;90;131m▀[38;2;24;57;98m▀[38;2;0;0;0m▀[38;2;57;115;172m▀[48;2;24;57;98m▀[38;2;0;0;0;48;2;0;0;0m▀[38;2;57;115;172;48;2;57;115;172m▀[38;2;41;90;131m▀[38;2;24;57;98m▀▀[38;2;41;90;131m▀[38;2;57;115;172m▀▀[38;2;41;90;131m▀▀[38;2;24;57;98m▀[38;2;57;115;172m▀▀▀▀▀▀▀▀▀[38;2;0;0;0m▀[38;2;24;57;98;48;2;41;90;131m▀[38;2;57;115;172;48;2;0;0;0m▀▀▀[38;2;0;0;0;48;2;57;115;172m▀[38;2;41;90;131;48;2;0;0;0m▀[48;2;41;90;131m▀▀[48;2;0;0;0m▀[38;2;0;0;0m▀[38;2;41;90;131;48;2;41;90;131m▀▀[38;2;0;0;0m▀[38;2;41;90;131;48;2;0;0;0m▀[38;2;0;0;0;49m▀[0m
[0m        [38;2;24;57;98;48;2;24;57;98m▀[38;2;41;90;131;48;2;57;115;172m▀[38;2;57;115;172m▀▀▀▀[38;2;0;0;0;48;2;0;0;0m▀[38;2;57;115;172;48;2;24;57;98m▀[48;2;57;115;172m▀[38;2;24;57;98;48;2;24;57;98m▀[38;2;57;115;172;48;2;57;115;172m▀[48;2;82;156;197m▀[48;2;57;115;172m▀[48;2;24;57;98m▀[48;2;57;115;172m▀▀[38;2;24;57;98m▀[38;2;57;115;172;48;2;24;57;98m▀[48;2;0;0;0m▀▀[48;2;24;57;98m▀[38;2;24;57;98m▀[38;2;0;0;0;48;2;57;115;172m▀[38;2;57;115;172m▀▀▀▀▀▀▀▀▀▀▀▀▀▀▀▀▀▀▀▀▀▀▀[48;2;24;57;98m▀[48;2;57;115;172m▀▀▀[38;2;0;0;0;48;2;24;57;98m▀[38;2;41;90;131;48;2;41;90;131m▀▀▀[38;2;0;0;0m▀[38;2;41;90;131;48;2;0;0;0m▀[48;2;41;90;131m▀▀[38;2;0;0;0m▀[49m▄[0m
[0m      [38;2;24;57;98m▄[48;2;57;115;172m▀[38;2;57;115;172m▀▀▀▀▀[38;2;41;90;131;48;2;0;0;0m▀[0m [38;2;0;0;0m▀[38;2;57;115;172;48;2;0;0;0m▀[38;2;24;57;98m▀[38;2;82;156;197;48;2;82;156;197m▀▀▀[38;2;24;57;98;48;2;24;57;98m▀[38;2;57;115;172;48;2;57;115;172m▀▀▀▀▀▀▀▀▀▀▀▀▀▀▀▀▀▀▀▀▀▀▀▀▀▀▀▀[48;2;41;90;131m▀[48;2;57;115;172m▀▀▀▀[38;2;24;57;98;48;2;24;57;98m▀[38;2;57;115;172;48;2;57;115;172m▀▀▀[38;2;24;57;98;48;2;0;0;0m▀[38;2;41;90;131;48;2;41;90;131m▀▀▀▀[38;2;0;0;0;48;2;0;0;0m▀[38;2;41;90;131;48;2;41;90;131m▀▀[48;2;57;115;172m▀[38;2;24;57;98;48;2;41;90;131m▀[49m▄[0m
[0m     [38;2;24;57;98;48;2;0;0;0m▀[38;2;57;115;172;48;2;82;156;197m▀[38;2;82;156;197m▀▀[38;2;57;115;172m▀[48;2;57;115;172m▀▀[48;2;41;90;131m▀[38;2;0;0;0;49m▀[0m [38;2;24;57;98m▄[48;2;57;115;172m▀[38;2;0;0;0m▀[38;2;82;156;197;48;2;24;57;98m▀[48;2;82;156;197m▀▀[38;2;57;115;172m▀[38;2;24;57;98;48;2;57;115;172m▀[38;2;57;115;172;48;2;24;57;98m▀▀[48;2;41;90;131m▀[48;2;57;115;172m▀▀▀▀▀[48;2;41;90;131m▀[48;2;57;115;172m▀▀▀▀▀▀▀▀▀▀▀▀▀▀[38;2;41;90;131;48;2;41;90;131m▀[38;2;57;115;172;48;2;57;115;172m▀▀▀[38;2;41;90;131;48;2;41;90;131m▀[38;2;57;115;172m▀▀▀[38;2;41;90;131m▀[38;2;24;57;98;48;2;24;57;98m▀[38;2;57;115;172;48;2;57;115;172m▀▀▀[38;2;0;0;0;48;2;24;57;98m▀[38;2;41;90;131;48;2;41;90;131m▀▀▀[48;2;24;57;98m▀▀[38;2;0;0;0;48;2;0;0;0m▀[38;2;57;115;172;48;2;41;90;131m▀[48;2;57;115;172m▀▀[38;2;41;90;131m▀[38;2;0;0;0m▀[49m▄[0m
[0m    [38;2;24;57;98;48;2;0;0;0m▀[38;2;82;156;197;48;2;82;156;197m▀▀▀▀▀▀[38;2;57;115;172;48;2;57;115;172m▀[38;2;0;0;0;48;2;0;0;0m▀[0m [38;2;24;57;98;48;2;24;57;98m▀[38;2;57;115;172;48;2;57;115;172m▀▀▀[38;2;0;0;0m▀[38;2;57;115;172;48;2;24;57;98m▀[38;2;82;156;197;48;2;57;115;172m▀▀[38;2;57;115;172m▀▀[38;2;41;90;131m▀[38;2;24;57;98;48;2;24;57;98m▀[38;2;41;90;131;48;2;41;90;131m▀[38;2;57;115;172m▀▀▀[38;2;41;90;131m▀▀▀[38;2;57;115;172m▀▀[48;2;57;115;172m▀▀▀▀▀[48;2;41;90;131m▀[38;2;41;90;131m▀[38;2;57;115;172m▀▀▀[38;2;41;90;131m▀▀[38;2;24;57;98;48;2;24;57;98m▀[38;2;57;115;172;48;2;57;115;172m▀▀▀[38;2;41;90;131;48;2;24;57;98m▀[48;2;41;90;131m▀[48;2;0;0;0m▀[38;2;24;57;98;48;2;57;115;172m▀[38;2;57;115;172m▀▀▀[38;2;24;57;98;48;2;0;0;0m▀[38;2;41;90;131;48;2;57;115;172m▀▀[38;2;57;115;172m▀▀▀▀[38;2;24;57;98;48;2;41;90;131m▀[38;2;0;0;0;48;2;0;0;0m▀[38;2;57;115;172;48;2;57;115;172m▀▀▀▀[38;2;41;90;131m▀[48;2;0;0;0m▀[0m
[0m   [38;2;24;57;98;48;2;0;0;0m▀[38;2;82;156;197;48;2;82;156;197m▀[38;2;41;90;131;48;2;24;57;98m▀[38;2;82;156;197;48;2;82;156;197m▀▀[38;2;41;90;131;48;2;24;57;98m▀[38;2;82;156;197;48;2;82;156;197m▀▀[38;2;57;115;172;48;2;41;90;131m▀[38;2;0;0;0;49m▀[38;2;24;57;98;48;2;24;57;98m▀[38;2;57;115;172;48;2;57;115;172m▀▀[48;2;24;57;98m▀[48;2;57;115;172m▀▀▀[38;2;24;57;98m▀[48;2;0;0;0m▀[38;2;57;115;172m▀▀▀[38;2;0;0;0;48;2;41;90;131m▀[38;2;41;90;131m▀[48;2;24;57;98m▀[38;2;24;57;98;48;2;57;115;172m▀▀[38;2;41;90;131;48;2;41;90;131m▀▀▀▀▀▀▀▀▀▀▀▀[48;2;57;115;172m▀[38;2;57;115;172m▀▀[38;2;41;90;131m▀[48;2;41;90;131m▀▀[38;2;24;57;98;48;2;0;0;0m▀[38;2;57;115;172;48;2;57;115;172m▀▀▀[38;2;0;0;0m▀[38;2;24;57;98m▀[38;2;57;115;172;48;2;24;57;98m▀[48;2;0;0;0m▀[48;2;24;57;98m▀[38;2;0;0;0;48;2;57;115;172m▀[38;2;57;115;172m▀▀▀[48;2;24;57;98m▀▀[48;2;0;0;0m▀[38;2;41;90;131;48;2;41;90;131m▀▀[38;2;0;0;0m▀[38;2;41;90;131;48;2;0;0;0m▀[38;2;57;115;172;48;2;57;115;172m▀▀▀▀▀[38;2;0;0;0m▀[49m▄[0m
[0m  [38;2;0;0;0m▄[38;2;24;57;98;48;2;41;90;131m▀[38;2;57;115;172m▀[38;2;24;57;98m▀[38;2;82;156;197;48;2;82;156;197m▀[48;2;41;90;131m▀[38;2;24;57;98m▀[38;2;82;156;197;48;2;82;156;197m▀▀[38;2;0;0;0;48;2;0;0;0m▀[0m [38;2;24;57;98;48;2;24;57;98m▀[38;2;57;115;172m▀[48;2;57;115;172m▀[38;2;0;0;0;48;2;0;0;0m▀[38;2;57;115;172;48;2;41;90;131m▀[48;2;57;115;172m▀▀▀[38;2;0;0;0m▀[38;2;41;90;131;48;2;0;0;0m▀[48;2;41;90;131m▀▀[48;2;24;57;98m▀[38;2;24;57;98;48;2;57;115;172m▀[38;2;57;115;172m▀▀▀▀[38;2;41;90;131;48;2;0;0;0m▀[48;2;24;57;98m▀[48;2;41;90;131m▀▀▀▀▀▀▀▀▀[38;2;57;115;172m▀▀[48;2;57;115;172m▀▀▀[38;2;41;90;131m▀[48;2;41;90;131m▀[38;2;0;0;0m▀[38;2;57;115;172;48;2;0;0;0m▀[48;2;57;115;172m▀▀▀▀▀▀▀▀[48;2;0;0;0m▀[38;2;0;0;0;48;2;24;57;98m▀[38;2;41;90;131;48;2;41;90;131m▀[48;2;57;115;172m▀▀[38;2;0;0;0;48;2;24;57;98m▀[38;2;41;90;131;48;2;41;90;131m▀▀[38;2;0;0;0;48;2;0;0;0m▀[38;2;57;115;172;48;2;41;90;131m▀[48;2;57;115;172m▀▀▀▀▀[38;2;41;90;131m▀[48;2;0;0;0m▀[0m
[0m  [38;2;0;0;0;48;2;90;24;57m▀[38;2;41;90;131;48;2;189;32;106m▀[38;2;24;57;98;48;2;24;57;98m▀[38;2;82;156;197;48;2;82;156;197m▀▀[38;2;24;57;98;48;2;24;57;98m▀[38;2;82;156;197;48;2;82;156;197m▀▀[48;2;57;115;172m▀[38;2;0;0;0;48;2;0;0;0m▀[0m  [38;2;24;57;98m▀[38;2;0;0;0;48;2;0;0;0m▀[38;2;41;90;131;48;2;41;90;131m▀▀[38;2;0;0;0;48;2;0;0;0m▀[38;2;57;115;172;48;2;41;90;131m▀[48;2;57;115;172m▀▀▀[38;2;0;0;0m▀[48;2;24;57;98m▀[38;2;24;57;98;48;2;57;115;172m▀[38;2;57;115;172m▀▀▀[48;2;0;0;0m▀[38;2;0;0;0;48;2;41;90;131m▀[38;2;41;90;131m▀[48;2;24;57;98m▀[48;2;41;90;131m▀▀▀[38;2;24;57;98;48;2;0;0;0m▀[38;2;41;90;131;48;2;41;90;131m▀▀▀[48;2;24;57;98m▀[48;2;41;90;131m▀▀▀[38;2;0;0;0;48;2;24;57;98m▀[38;2;57;115;172;48;2;0;0;0m▀[48;2;57;115;172m▀▀▀[38;2;0;0;0;48;2;0;0;0m▀[38;2;41;90;131;48;2;41;90;131m▀[38;2;0;0;0m▀▀[38;2;57;115;172;48;2;24;57;98m▀[48;2;0;0;0m▀▀[48;2;24;57;98m▀[38;2;24;57;98;48;2;41;90;131m▀[38;2;0;0;0;48;2;0;0;0m▀[38;2;24;57;98;48;2;41;90;131m▀▀[38;2;57;115;172;48;2;24;57;98m▀[48;2;57;115;172m▀▀▀[38;2;24;57;98m▀[38;2;41;90;131;48;2;0;0;0m▀▀[38;2;0;0;0m▀[38;2;57;115;172;48;2;57;115;172m▀▀▀▀▀▀▀[38;2;24;57;98;48;2;0;0;0m▀[0m
[0m [38;2;90;24;57;48;2;0;0;0m▀[38;2;189;32;106;48;2;189;32;106m▀[48;2;90;24;57m▀[38;2;0;0;0;48;2;189;32;106m▀[38;2;189;32;106;48;2;213;90;148m▀[38;2;57;115;172;48;2;189;32;106m▀[38;2;90;24;57m▀[38;2;189;32;106;48;2;213;90;148m▀▀[38;2;57;115;172;48;2;90;24;57m▀[38;2;0;0;0;48;2;0;0;0m▀[0m [38;2;24;57;98m▄[48;2;57;115;172m▀[38;2;57;115;172m▀[38;2;41;90;131m▀▀[48;2;41;90;131m▀[38;2;0;0;0;48;2;0;0;0m▀[38;2;41;90;131m▀▀[38;2;57;115;172;48;2;41;90;131m▀▀[38;2;24;57;98;48;2;0;0;0m▀[38;2;57;115;172;48;2;57;115;172m▀▀▀▀[38;2;0;0;0;48;2;0;0;0m▀[38;2;41;90;131;48;2;41;90;131m▀▀[38;2;0;0;0;48;2;0;0;0m▀[38;2;41;90;131;48;2;57;115;172m▀[38;2;57;115;172m▀[38;2;41;90;131m▀[38;2;0;0;0;48;2;0;0;0m▀[38;2;41;90;131;48;2;41;90;131m▀▀▀▀[38;2;24;57;98m▀[38;2;0;0;0m▀▀[38;2;41;90;131m▀[38;2;0;0;0m▀[38;2;57;115;172;48;2;0;0;0m▀[48;2;57;115;172m▀▀▀[38;2;0;0;0;48;2;0;0;0m▀[38;2;41;90;131;48;2;41;90;131m▀▀▀[38;2;0;0;0;48;2;0;0;0m▀[38;2;41;90;131;48;2;41;90;131m▀▀▀[38;2;0;0;0;48;2;0;0;0m▀[38;2;41;90;131;48;2;41;90;131m▀▀[38;2;24;57;98m▀[38;2;57;115;172;48;2;24;57;98m▀[48;2;57;115;172m▀▀▀▀▀[38;2;0;0;0;48;2;0;0;0m▀[38;2;57;115;172;48;2;41;90;131m▀[48;2;57;115;172m▀▀[38;2;41;90;131;48;2;24;57;98m▀[38;2;57;115;172;48;2;57;115;172m▀▀[38;2;41;90;131;48;2;24;57;98m▀[38;2;57;115;172;48;2;57;115;172m▀[38;2;24;57;98;48;2;0;0;0m▀[0m
[38;2;0;0;0;49m▄[38;2;90;24;57;48;2;189;32;106m▀[38;2;189;32;106m▀[38;2;0;0;0;48;2;0;0;0m▀[38;2;213;90;148;48;2;213;90;148m▀▀[38;2;90;24;57;48;2;0;0;0m▀[38;2;213;90;148;48;2;213;90;148m▀▀▀[38;2;90;24;57;48;2;90;24;57m▀[0m [38;2;24;57;98;48;2;24;57;98m▀[38;2;57;115;172;48;2;57;115;172m▀▀▀▀[48;2;0;0;0m▀[38;2;0;0;0;48;2;41;90;131m▀[38;2;41;90;131m▀▀▀[38;2;0;0;0;48;2;0;0;0m▀[48;2;49;49;57m▀▀[38;2;57;115;172;48;2;0;0;0m▀[48;2;57;115;172m▀▀[48;2;41;90;131m▀[38;2;0;0;0m▀[38;2;41;90;131;48;2;0;0;0m▀[48;2;41;90;131m▀[38;2;0;0;0;48;2;0;0;0m▀[38;2;57;115;172;48;2;41;90;131m▀[48;2;57;115;172m▀▀[38;2;0;0;0;48;2;41;90;131m▀[48;2;49;49;57m▀[38;2;41;90;131;48;2;0;0;0m▀▀[48;2;41;90;131m▀▀▀▀[48;2;0;0;0m▀▀[38;2;0;0;0m▀[38;2;57;115;172;48;2;57;115;172m▀▀▀[38;2;0;0;0;48;2;0;0;0m▀[38;2;41;90;131m▀[48;2;41;90;131m▀▀▀[38;2;0;0;0m▀[38;2;41;90;131;48;2;0;0;0m▀[48;2;41;90;131m▀▀[38;2;0;0;0;48;2;0;0;0m▀[38;2;41;90;131;48;2;41;90;131m▀▀▀[38;2;24;57;98m▀[38;2;57;115;172;48;2;0;0;0m▀▀▀[38;2;24;57;98m▀[38;2;0;0;0;49m▀[48;2;0;0;0m▀[38;2;57;115;172;48;2;57;115;172m▀▀[38;2;24;57;98;48;2;41;90;131m▀[38;2;57;115;172m▀[48;2;57;115;172m▀[38;2;24;57;98;48;2;41;90;131m▀[38;2;57;115;172m▀[38;2;24;57;98m▀[38;2;0;0;0;49m▄[0m
[38;2;0;0;0;48;2;0;0;0m▀[38;2;189;32;106;48;2;189;32;106m▀[38;2;0;0;0;48;2;0;0;0m▀[38;2;213;90;148;48;2;213;90;148m▀▀[38;2;189;32;106;48;2;189;32;106m▀[38;2;0;0;0;48;2;90;24;57m▀[38;2;213;90;148;48;2;213;90;148m▀▀[48;2;189;32;106m▀[38;2;0;0;0;48;2;0;0;0m▀[0m [38;2;24;57;98m▀[48;2;0;0;0m▀[38;2;57;115;172m▀▀[38;2;0;0;0;48;2;41;90;131m▀[38;2;41;90;131m▀▀▀[48;2;0;0;0m▀[38;2;0;0;0m▀[38;2;49;49;57;48;2;49;49;57m▀▀▀[38;2;0;0;0m▀[38;2;41;90;131;48;2;0;0;0m▀[48;2;41;90;131m▀▀▀[38;2;0;0;0m▀[48;2;0;0;0m▀[48;2;49;49;57m▀[48;2;0;0;0m▀[38;2;57;115;172;48;2;41;90;131m▀[48;2;57;115;172m▀▀[38;2;0;0;0;48;2;0;0;0m▀[38;2;49;49;57;48;2;49;49;57m▀[38;2;74;74;82;48;2;74;74;82m▀[38;2;0;0;0m▀▀▀▀[38;2;74;74;82m▀[38;2;0;0;0;48;2;0;0;0m▀[38;2;57;115;172;48;2;57;115;172m▀▀▀[48;2;0;0;0m▀[38;2;0;0;0;48;2;49;49;57m▀[38;2;49;49;57m▀[38;2;0;0;0m▀[38;2;41;90;131;48;2;0;0;0m▀[48;2;41;90;131m▀▀▀[38;2;0;0;0;48;2;0;0;0m▀[38;2;41;90;131;48;2;41;90;131m▀▀[38;2;0;0;0m▀[38;2;41;90;131;48;2;0;0;0m▀[48;2;41;90;131m▀▀▀[38;2;0;0;0m▀[49m▄[0m  [38;2;0;0;0;48;2;0;0;0m▀[38;2;57;115;172;48;2;57;115;172m▀▀▀[38;2;24;57;98;48;2;24;57;98m▀[38;2;57;115;172;48;2;57;115;172m▀▀[38;2;24;57;98;48;2;24;57;98m▀[38;2;41;90;131;48;2;41;90;131m▀[38;2;0;0;0;48;2;90;24;57m▀[0m
[38;2;0;0;0;49m▀[38;2;90;24;57;48;2;0;0;0m▀[38;2;189;32;106;48;2;189;32;106m▀[38;2;213;90;148m▀[38;2;189;32;106m▀[38;2;90;24;57;48;2;0;0;0m▀[38;2;189;32;106;48;2;189;32;106m▀[38;2;213;90;148m▀▀[38;2;189;32;106m▀[38;2;0;0;0;48;2;0;0;0m▀[0m    [38;2;0;0;0m▀[38;2;41;90;131;48;2;0;0;0m▀▀▀[38;2;0;0;0m▀[48;2;49;49;57m▀[38;2;49;49;57m▀[38;2;74;74;82;48;2;74;74;82m▀▀▀[38;2;49;49;57m▀[38;2;0;0;0;48;2;49;49;57m▀[38;2;41;90;131;48;2;0;0;0m▀[48;2;41;90;131m▀▀[48;2;0;0;0m▀[38;2;0;0;0m▀[38;2;49;49;57;48;2;49;49;57m▀▀[38;2;0;0;0m▀▀▀[38;2;49;49;57m▀[48;2;74;74;82m▀[38;2;74;74;82m▀▀▀▀▀▀[38;2;0;0;0m▀[48;2;0;0;0m▀[38;2;57;115;172m▀▀[38;2;0;0;0;48;2;74;74;82m▀[38;2;49;49;57m▀[48;2;49;49;57m▀▀▀[38;2;0;0;0m▀▀▀[38;2;41;90;131;48;2;0;0;0m▀[48;2;41;90;131m▀▀▀[38;2;0;0;0;48;2;0;0;0m▀[49m▀[38;2;41;90;131;48;2;0;0;0m▀[48;2;41;90;131m▀▀▀[38;2;0;0;0;48;2;0;0;0m▀[0m [38;2;0;0;0;48;2;0;0;0m▀[38;2;57;115;172;48;2;41;90;131m▀[38;2;41;90;131;48;2;189;32;106m▀▀[38;2;90;24;57;48;2;90;24;57m▀[38;2;57;115;172;48;2;189;32;106m▀[38;2;41;90;131m▀[38;2;0;0;0m▀[38;2;189;32;106;48;2;90;24;57m▀[48;2;189;32;106m▀[38;2;90;24;57;48;2;0;0;0m▀[0m
[0m [38;2;0;0;0m▀[38;2;90;24;57;48;2;0;0;0m▀[38;2;189;32;106m▀▀[38;2;0;0;0;49m▀▀[38;2;189;32;106;48;2;0;0;0m▀▀[38;2;90;24;57m▀[38;2;0;0;0;49m▀[0m        [38;2;0;0;0;48;2;0;0;0m▀[38;2;49;49;57;48;2;90;24;57m▀[38;2;74;74;82;48;2;74;74;82m▀▀▀▀▀▀[38;2;49;49;57;48;2;49;49;57m▀[38;2;0;0;0m▀▀▀[38;2;49;49;57;48;2;0;0;0m▀▀[38;2;0;0;0;49m▀▀▀▀▀▀▀▀▀[38;2;49;49;57m▀[38;2;74;74;82;48;2;49;49;57m▀[48;2;0;0;0m▀▀[48;2;74;74;82m▀▀▀▀▀▀[38;2;49;49;57;48;2;49;49;57m▀▀▀▀▀▀[38;2;0;0;0m▀▀[49m▀[0m   [38;2;0;0;0m▀▀▀[0m  [38;2;0;0;0;48;2;0;0;0m▀[38;2;189;32;106;48;2;90;24;57m▀[48;2;189;32;106m▀▀▀[38;2;90;24;57;48;2;0;0;0m▀[38;2;189;32;106;48;2;189;32;106m▀▀[38;2;0;0;0;48;2;0;0;0m▀[38;2;189;32;106;48;2;189;32;106m▀[38;2;90;24;57m▀[38;2;0;0;0;49m▄[0m
[0m                   [38;2;0;0;0;48;2;0;0;0m▀[38;2;189;32;106m▀[38;2;90;24;57;48;2;189;32;106m▀▀[38;2;74;74;82;48;2;90;24;57m▀▀▀[38;2;49;49;57m▀▀▀[38;2;90;24;57;48;2;189;32;106m▀[38;2;0;0;0;48;2;0;0;0m▀[49m▀[0m              [38;2;0;0;0m▀[38;2;74;74;82;48;2;0;0;0m▀[48;2;74;74;82m▀▀▀▀▀[38;2;49;49;57;48;2;49;49;57m▀▀▀▀▀[48;2;90;24;57m▀[48;2;0;0;0m▀[0m          [38;2;0;0;0;48;2;0;0;0m▀[38;2;189;32;106;48;2;189;32;106m▀▀▀[38;2;0;0;0;48;2;90;24;57m▀[38;2;189;32;106m▀[48;2;189;32;106m▀▀[38;2;0;0;0;48;2;0;0;0m▀[38;2;189;32;106;48;2;189;32;106m▀[38;2;0;0;0;48;2;0;0;0m▀[0m
[0m                    [38;2;0;0;0m▀[38;2;189;32;106;48;2;0;0;0m▀[48;2;90;24;57m▀[48;2;189;32;106m▀▀▀▀▀[48;2;0;0;0m▀[38;2;0;0;0;49m▀[0m                 [38;2;0;0;0m▀[38;2;90;24;57;48;2;0;0;0m▀[48;2;189;32;106m▀[38;2;74;74;82;48;2;90;24;57m▀▀▀[38;2;49;49;57m▀▀▀[38;2;90;24;57;48;2;189;32;106m▀▀[38;2;189;32;106;48;2;90;24;57m▀[38;2;49;49;57;49m▀[0m          [38;2;0;0;0;48;2;0;0;0m▀[38;2;189;32;106;48;2;189;32;106m▀▀▀▀[38;2;90;24;57;48;2;0;0;0m▀[38;2;189;32;106;48;2;189;32;106m▀▀▀[38;2;90;24;57;48;2;0;0;0m▀[38;2;0;0;0;49m▀[0m
[0m                       [38;2;90;24;57m▀[38;2;0;0;0m▀▀▀[38;2;90;24;57m▀[0m                    [38;2;0;0;0m▀[38;2;189;32;106;48;2;0;0;0m▀▀[48;2;189;32;106m▀▀▀▀▀[48;2;90;24;57m▀[48;2;0;0;0m▀[38;2;0;0;0;49m▀[0m           [38;2;0;0;0m▀[38;2;90;24;57;48;2;0;0;0m▀[38;2;189;32;106m▀▀[38;2;0;0;0;49m▀▀[38;2;189;32;106;48;2;0;0;0m▀▀[38;2;90;24;57m▀[38;2;0;0;0;49m▀[0m
[0m                                                   [38;2;90;24;57m▀[38;2;0;0;0m▀▀▀[38;2;90;24;57m▀[0m
