[0m                      [38;2;115;49;41m▄▄[0m       [38;2;131;156;180m▄▄▄[48;2;238;238;255m▀▀[48;2;74;90;115m▀[0m
[0m [38;2;131;156;180m▄▄▄[0m               [38;2;115;49;41m▄[48;2;205;74;49m▀▀[38;2;205;74;49m▀[38;2;115;49;41;48;2;115;49;41m▀[0m  [38;2;74;90;115m▄▄[38;2;131;156;180;48;2;238;238;255m▀▀▀[38;2;238;238;255m▀▀▀▀[38;2;189;197;222;48;2;74;90;115m▀[38;2;74;90;115;49m▀[0m
[38;2;16;16;16;48;2;16;16;16m▀[38;2;189;197;222;48;2;189;197;222m▀[38;2;238;238;255m▀▀[38;2;131;156;180;48;2;238;238;255m▀▀▀▀[49m▄▄[0m       [38;2;115;49;41m▄[48;2;205;74;49m▀[38;2;205;74;49m▀▀▀[48;2;16;16;16m▀[38;2;115;49;41m▀[38;2;16;16;16;48;2;238;238;255m▀▀[38;2;238;238;255m▀▀▀▀▀▀▀▀[38;2;189;197;222;48;2;74;90;115m▀[38;2;74;90;115;49m▀[38;2;16;16;16m▄▄▄▄[48;2;65;131;238m▀▀▀▀[48;2;16;16;16m▀[0m                  [38;2;131;156;180m▄▄▄▄▄▄[48;2;238;238;255m▀▀▀▀▀▀[48;2;131;156;180m▀[38;2;74;90;115;49m▄[0m
[0m [38;2;16;16;16;48;2;16;16;16m▀[38;2;189;197;222;48;2;189;197;222m▀▀▀▀[38;2;238;238;255m▀▀[48;2;238;238;255m▀▀[38;2;74;90;115m▀▀[49m▄▄[0m  [38;2;115;49;41;48;2;115;49;41m▀[38;2;205;74;49;48;2;205;74;49m▀▀[48;2;16;16;16m▀[38;2;16;16;16;48;2;238;238;255m▀▀[38;2;238;238;255m▀▀▀▀▀▀▀[48;2;16;16;16m▀▀▀[38;2;16;16;16;48;2;65;131;238m▀▀▀▀[38;2;65;131;238m▀▀▀▀▀▀[48;2;16;16;16m▀[38;2;16;16;16;49m▀[0m        [38;2;131;156;180m▄▄▄▄▄[48;2;238;238;255m▀▀▀▀▀▀[38;2;238;238;255m▀▀▀▀▀▀[48;2;189;197;222m▀▀▀[38;2;189;197;222m▀▀▀[48;2;16;16;16m▀[38;2;74;90;115;49m▀[0m
[0m  [38;2;16;16;16m▀[38;2;189;197;222;48;2;16;16;16m▀[48;2;74;90;115m▀[48;2;189;197;222m▀▀▀▀[38;2;238;238;255m▀[48;2;238;238;255m▀▀▀[38;2;189;197;222m▀[38;2;74;90;115m▀[38;2;115;49;41;48;2;16;16;16m▀[38;2;205;74;49m▀[38;2;16;16;16;48;2;238;238;255m▀[38;2;131;156;180m▀[38;2;238;238;255m▀▀▀▀▀▀[48;2;74;90;115m▀▀[38;2;16;16;16;48;2;238;238;255m▀▀[38;2;238;238;255m▀[48;2;65;131;238m▀[38;2;148;180;255m▀[38;2;65;131;238m▀▀▀▀▀[48;2;148;180;255m▀[48;2;238;238;255m▀▀[48;2;16;16;16m▀[38;2;16;16;16;49m▀[0m  [38;2;131;156;180m▄▄▄▄[48;2;238;238;255m▀▀▀▀[38;2;238;238;255m▀▀▀▀▀▀▀▀▀[48;2;189;197;222m▀▀▀▀[38;2;189;197;222m▀▀▀▀▀▀▀[48;2;16;16;16m▀▀[38;2;16;16;16;49m▀[0m
[0m    [38;2;16;16;16m▀[48;2;16;16;16m▀[48;2;189;197;222m▀[38;2;189;197;222;48;2;16;16;16m▀[48;2;189;197;222m▀▀▀▀[38;2;238;238;255m▀[48;2;238;238;255m▀[38;2;115;49;41;48;2;16;16;16m▀[38;2;16;16;16;48;2;238;238;255m▀[38;2;238;238;255m▀▀▀▀▀▀▀[38;2;131;156;180m▀▀[38;2;238;238;255m▀▀▀▀▀▀▀▀▀▀▀▀[48;2;16;16;16m▀[38;2;16;16;16;48;2;74;90;115m▀▀[38;2;74;90;115;49m▄[48;2;238;238;255m▀▀▀[38;2;238;238;255m▀▀▀▀▀▀▀▀▀▀▀▀▀[48;2;189;197;222m▀▀[38;2;189;197;222m▀▀[48;2;74;90;115m▀[48;2;16;16;16m▀▀▀[48;2;189;197;222m▀▀▀[48;2;16;16;16m▀▀[38;2;16;16;16;49m▀▀[0m
[0m     [38;2;16;16;16;48;2;16;16;16m▀[38;2;189;197;222;48;2;189;197;222m▀▀[38;2;74;90;115m▀[38;2;189;197;222;48;2;74;90;115m▀[48;2;189;197;222m▀▀▀[38;2;16;16;16;48;2;16;16;16m▀[48;2;238;238;255m▀[38;2;238;238;255m▀▀▀▀▀[48;2;131;156;180m▀[48;2;16;16;16m▀[48;2;238;238;255m▀▀▀▀▀▀▀▀▀▀▀[48;2;74;90;115m▀▀[38;2;74;90;115;48;2;238;238;255m▀▀▀[38;2;238;238;255m▀▀▀▀▀▀▀▀▀▀▀▀▀▀[48;2;189;197;222m▀▀▀[38;2;189;197;222m▀▀[48;2;131;156;180m▀[48;2;16;16;16m▀[38;2;16;16;16;48;2;189;197;222m▀▀[38;2;189;197;222m▀▀▀[38;2;74;90;115m▀[48;2;16;16;16m▀[38;2;16;16;16;49m▀▀[0m
[0m      [38;2;16;16;16;48;2;16;16;16m▀[38;2;189;197;222;48;2;189;197;222m▀▀[38;2;74;90;115m▀[38;2;189;197;222;48;2;74;90;115m▀[48;2;189;197;222m▀[38;2;16;16;16;48;2;16;16;16m▀[38;2;238;238;255;48;2;238;238;255m▀▀▀▀▀▀▀[48;2;16;16;16m▀[38;2;16;16;16m▀[38;2;238;238;255;48;2;238;238;255m▀▀▀▀▀▀▀▀[48;2;131;156;180m▀[38;2;189;197;222;48;2;189;197;222m▀[38;2;131;156;180;48;2;238;238;255m▀[38;2;238;238;255m▀▀▀▀▀▀▀▀▀▀▀▀▀▀[48;2;189;197;222m▀▀[38;2;189;197;222m▀▀▀▀▀▀[48;2;74;90;115m▀[38;2;74;90;115;48;2;189;197;222m▀[38;2;131;156;180m▀[38;2;189;197;222m▀▀▀▀▀▀▀[38;2;16;16;16;48;2;16;16;16m▀[0m
[0m       [38;2;74;90;115m▀[38;2;189;197;222;48;2;74;90;115m▀[48;2;189;197;222m▀[38;2;74;90;115m▀[38;2;189;197;222;48;2;131;156;180m▀[38;2;16;16;16;48;2;16;16;16m▀[38;2;238;238;255;48;2;238;238;255m▀▀▀▀▀▀▀[38;2;16;16;16m▀[38;2;131;156;180m▀[38;2;238;238;255m▀▀▀▀▀▀▀▀▀▀▀▀▀▀▀▀▀▀▀▀[48;2;189;197;222m▀▀[38;2;189;197;222m▀▀▀▀▀▀▀▀▀[48;2;74;90;115m▀[38;2;74;90;115;48;2;189;197;222m▀[38;2;189;197;222m▀▀▀▀▀▀▀▀▀[38;2;16;16;16;48;2;16;16;16m▀[0m
[0m         [38;2;74;90;115m▀[38;2;189;197;222;48;2;74;90;115m▀[38;2;131;156;180m▀[38;2;74;90;115;48;2;189;197;222m▀[38;2;16;16;16;48;2;16;16;16m▀[38;2;238;238;255;48;2;238;238;255m▀[38;2;131;156;180m▀[38;2;189;197;222;48;2;74;90;115m▀[38;2;238;238;255m▀▀[38;2;131;156;180;48;2;238;238;255m▀[38;2;238;238;255m▀▀▀▀▀▀▀▀▀▀▀▀▀▀▀▀▀▀[48;2;189;197;222m▀▀[38;2;189;197;222m▀▀▀▀▀▀▀▀▀▀▀▀[48;2;74;90;115m▀[38;2;74;90;115;48;2;189;197;222m▀[38;2;189;197;222m▀▀▀▀[48;2;74;90;115m▀[38;2;131;156;180;48;2;189;197;222m▀[38;2;189;197;222m▀▀[48;2;16;16;16m▀[38;2;16;16;16;49m▀[0m
[0m            [38;2;74;90;115m▀[38;2;16;16;16;48;2;74;90;115m▀[38;2;238;238;255;48;2;16;16;16m▀[48;2;238;238;255m▀▀▀▀▀▀▀▀▀▀▀▀▀▀▀▀▀▀▀▀[48;2;189;197;222m▀[38;2;189;197;222m▀▀▀▀▀▀▀▀▀▀▀▀▀▀▀▀[38;2;74;90;115m▀[38;2;189;197;222;48;2;74;90;115m▀▀[38;2;131;156;180;48;2;131;156;180m▀[38;2;74;90;115;48;2;189;197;222m▀▀[38;2;189;197;222m▀▀[48;2;16;16;16m▀[38;2;16;16;16;49m▀[0m
[0m              [38;2;16;16;16m▀[38;2;189;197;222;48;2;16;16;16m▀[38;2;238;238;255;48;2;238;238;255m▀▀▀▀▀▀▀▀▀▀▀▀▀▀▀▀▀[48;2;189;197;222m▀[38;2;131;156;180m▀[38;2;189;197;222;48;2;74;90;115m▀[48;2;189;197;222m▀▀▀▀▀▀▀▀▀▀▀▀▀▀▀▀▀▀▀▀▀[48;2;16;16;16m▀[38;2;74;90;115m▀[38;2;16;16;16;49m▀[0m
[0m               [38;2;16;16;16m▀[38;2;74;90;115;48;2;16;16;16m▀[38;2;238;238;255;48;2;189;197;222m▀▀[48;2;238;238;255m▀▀▀[48;2;65;131;238m▀[48;2;238;238;255m▀▀▀▀▀▀[48;2;189;197;222m▀▀[38;2;189;197;222m▀▀▀▀▀[38;2;74;90;115m▀[38;2;131;156;180;48;2;74;90;115m▀[38;2;189;197;222m▀[48;2;189;197;222m▀▀▀▀▀▀▀▀▀▀▀▀▀[48;2;16;16;16m▀▀▀[38;2;16;16;16;49m▀▀[0m
[0m                 [38;2;16;16;16m▀[38;2;189;197;222;48;2;16;16;16m▀[48;2;189;197;222m▀[48;2;82;90;172m▀[38;2;65;131;238m▀▀[38;2;238;238;255;48;2;189;197;222m▀▀▀[38;2;189;197;222m▀▀▀▀[38;2;189;131;131;48;2;205;74;49m▀[38;2;189;197;222m▀[48;2;189;197;222m▀▀▀▀▀▀▀[38;2;131;156;180m▀▀[38;2;189;197;222m▀▀▀▀[48;2;131;156;180m▀▀▀[38;2;74;90;115;48;2;189;197;222m▀[38;2;16;16;16m▀[48;2;74;90;115m▀[49m▀[0m [38;2;74;90;115m▄▄[48;2;131;156;180m▀[48;2;189;197;222m▀▀▀▀[49m▄[0m
[0m                   [38;2;16;16;16m▀[38;2;189;197;222;48;2;16;16;16m▀[38;2;131;156;180;48;2;189;197;222m▀[38;2;82;90;172m▀[38;2;189;197;222m▀▀▀▀▀▀[38;2;189;131;131;48;2;205;74;49m▀[38;2;205;74;49m▀▀[38;2;189;131;131m▀[38;2;189;197;222;48;2;189;197;222m▀▀▀▀▀▀▀▀▀▀▀▀▀▀▀▀▀[38;2;131;156;180;48;2;131;156;180m▀[38;2;74;90;115;48;2;189;197;222m▀▀[38;2;189;197;222m▀▀▀▀[48;2;74;90;115m▀▀[38;2;74;90;115;49m▀[0m
[0m                     [38;2;16;16;16m▀[38;2;189;197;222;48;2;16;16;16m▀[48;2;74;90;115m▀[48;2;189;197;222m▀▀▀[48;2;82;90;172m▀[48;2;131;156;180m▀[48;2;189;197;222m▀▀▀▀▀▀▀[48;2;82;90;172m▀▀▀▀[48;2;189;197;222m▀▀[48;2;238;238;255m▀[38;2;238;238;255;48;2;189;197;222m▀[38;2;189;197;222;48;2;238;238;255m▀[38;2;238;238;255;48;2;189;197;222m▀[38;2;189;197;222;48;2;238;238;255m▀[38;2;238;238;255;48;2;189;197;222m▀[38;2;189;197;222m▀▀[48;2;131;156;180m▀▀[48;2;189;197;222m▀[38;2;131;156;180m▀▀[38;2;74;90;115m▀[48;2;74;90;115m▀[0m
[0m                       [38;2;16;16;16m▀▀[38;2;189;197;222;48;2;16;16;16m▀▀[38;2;82;90;172;48;2;82;90;172m▀[48;2;131;156;180m▀[48;2;189;197;222m▀[38;2;189;197;222m▀▀▀▀▀▀▀[38;2;82;90;172m▀[48;2;82;90;172m▀[38;2;131;156;180;48;2;189;197;222m▀[38;2;189;197;222;48;2;238;238;255m▀[38;2;238;238;255;48;2;189;197;222m▀[38;2;189;197;222;48;2;238;238;255m▀[38;2;238;238;255;48;2;189;197;222m▀[38;2;189;197;222;48;2;238;238;255m▀[38;2;238;238;255;48;2;189;197;222m▀[38;2;189;197;222;48;2;238;238;255m▀[38;2;238;238;255;48;2;16;16;16m▀[38;2;189;197;222m▀[38;2;16;16;16;49m▀[38;2;189;197;222;48;2;74;90;115m▀[48;2;189;197;222m▀[38;2;74;90;115m▀[48;2;74;90;115m▀[49m▀▀[0m
[0m                           [38;2;16;16;16m▀▀▀[38;2;189;197;222;48;2;16;16;16m▀▀▀[38;2;205;74;49;48;2;205;74;49m▀[38;2;189;197;222m▀[48;2;189;197;222m▀▀▀▀▀▀[38;2;238;238;255m▀[38;2;189;197;222;48;2;16;16;16m▀[38;2;238;238;255m▀[38;2;189;197;222m▀[38;2;16;16;16;49m▀▀[0m    [38;2;74;90;115m▀▀[0m
[0m                                 [38;2;16;16;16m▀▀[48;2;74;90;115m▀[48;2;189;197;222m▀▀[48;2;74;90;115m▀[48;2;189;197;222m▀▀▀[38;2;189;197;222m▀[38;2;74;90;115;48;2;16;16;16m▀[0m
[0m                                    [38;2;74;90;115;48;2;74;90;115m▀[38;2;189;197;222;48;2;238;238;255m▀[38;2;74;90;115;48;2;74;90;115m▀[38;2;189;197;222;48;2;131;156;180m▀[48;2;238;238;255m▀[48;2;189;197;222m▀[48;2;131;156;180m▀[38;2;16;16;16;48;2;16;16;16m▀[0m
[0m                                     [38;2;16;16;16m▀[38;2;238;238;255;48;2;16;16;16m▀[38;2;74;90;115;48;2;74;90;115m▀[38;2;238;238;255;48;2;131;156;180m▀[48;2;238;238;255m▀[38;2;16;16;16;48;2;16;16;16m▀[0m
[0m                                        [38;2;16;16;16m▀▀[0m
