[0m                                                [38;2;57;90;41m▄[38;2;32;57;24;48;2;82;131;74m▀[38;2;16;16;16;48;2;16;16;16m▀[0m  [38;2;32;57;24;48;2;32;57;24m▀[38;2;16;16;16;48;2;57;90;41m▀[49m▄[0m
[0m                                       [38;2;164;172;197m▄▄▄▄[0m [38;2;16;16;16;48;2;16;16;16m▀[48;2;123;123;131m▀▀[49m▄[38;2;57;90;41;48;2;16;16;16m▀[38;2;82;131;74;48;2;82;131;74m▀[38;2;16;16;16;48;2;16;16;16m▀[0m  [38;2;32;57;24;48;2;32;57;24m▀[38;2;82;131;74;48;2;82;131;74m▀[38;2;16;16;16;48;2;16;16;16m▀[0m      [38;2;164;172;197m▄▄▄▄▄[0m
[0m                                    [38;2;164;172;197m▄[48;2;255;255;255m▀▀[38;2;255;255;255m▀▀▀▀[38;2;164;172;197m▀[38;2;16;16;16;48;2;164;172;197m▀[38;2;123;123;131;48;2;16;16;16m▀[38;2;74;74;82;48;2;74;74;82m▀▀▀[38;2;16;16;16m▀▀[49m▄▄[38;2;32;57;24;48;2;32;57;24m▀[38;2;82;131;74;48;2;82;131;74m▀[38;2;57;90;41;48;2;57;90;41m▀[38;2;16;16;16;48;2;16;16;16m▀[38;2;164;172;197;49m▄▄[48;2;255;255;255m▀▀▀[38;2;255;255;255m▀▀▀▀▀[38;2;164;172;197m▀[49m▄[0m
[0m                                    [38;2;164;172;197;48;2;164;172;197m▀[38;2;255;255;255;48;2;255;255;255m▀▀▀▀▀▀▀▀▀[38;2;16;16;16m▀[38;2;74;74;82;48;2;16;16;16m▀[48;2;74;74;82m▀▀▀▀[38;2;82;131;74;48;2;82;131;74m▀▀▀▀[38;2;255;255;255;48;2;255;255;255m▀▀▀▀▀▀▀▀▀▀▀▀[38;2;123;123;131;48;2;123;123;131m▀[0m
[0m                                     [38;2;123;123;131m▀▀[38;2;255;255;255;48;2;123;123;131m▀▀▀▀▀▀[38;2;164;172;197;49m▀▀[48;2;32;57;24m▀[38;2;16;16;16;48;2;82;131;74m▀[38;2;74;74;82;48;2;16;16;16m▀▀[48;2;82;131;74m▀[38;2;82;131;74m▀▀▀[38;2;57;90;41;48;2;57;90;41m▀[38;2;164;172;197;48;2;16;16;16m▀[49m▀▀[38;2;255;255;255;48;2;123;123;131m▀▀▀▀▀▀▀[38;2;123;123;131;49m▀▀[0m
[0m                                               [38;2;32;57;24;48;2;57;90;41m▀[48;2;82;131;74m▀▀▀▀▀▀▀[38;2;57;90;41;48;2;32;57;24m▀[38;2;32;57;24;48;2;16;16;16m▀[0m
[0m    [38;2;180;49;24m▄[48;2;180;49;24m▀[48;2;246;90;82m▀▀▀[38;2;246;90;82;49m▄[38;2;180;49;24m▄▄[0m                                  [38;2;32;57;24;48;2;32;57;24m▀[38;2;82;131;74;48;2;82;131;74m▀▀[38;2;246;90;82;48;2;246;90;82m▀▀▀▀[38;2;82;131;74;48;2;82;131;74m▀▀[38;2;57;90;41;48;2;57;90;41m▀[38;2;16;16;16;48;2;16;16;16m▀[0m
[0m    [38;2;115;49;0;48;2;115;49;0m▀[38;2;246;90;82;48;2;246;90;82m▀▀▀▀▀▀▀[38;2;180;49;24m▀▀[49m▄[0m                              [38;2;32;57;24m▄[38;2;57;90;41;48;2;32;57;24m▀[38;2;82;131;74m▀▀▀▀▀▀▀[38;2;57;90;41;48;2;57;90;41m▀[48;2;32;57;24m▀[38;2;16;16;16;49m▀[0m
[38;2;180;49;24;49m▄[48;2;180;49;24m▀[48;2;246;90;82m▀▀▀▀▀[38;2;246;90;82;48;2;180;49;24m▀▀▀[48;2;246;90;82m▀▀▀▀▀[38;2;180;49;24m▀[49m▄[0m                            [38;2;32;57;24;48;2;57;90;41m▀[38;2;82;131;74;48;2;82;131;74m▀▀[48;2;246;90;82m▀▀▀▀[48;2;82;131;74m▀▀[38;2;32;57;24;48;2;57;90;41m▀[38;2;16;16;16;48;2;16;16;16m▀[0m
[38;2;180;49;24;48;2;180;49;24m▀[38;2;246;90;82;48;2;246;90;82m▀▀▀▀▀▀▀▀[38;2;180;49;24m▀▀[38;2;246;90;82;48;2;180;49;24m▀▀[48;2;246;90;82m▀▀▀▀[38;2;180;49;24m▀[38;2;115;49;0;49m▄[0m                         [38;2;32;57;24;48;2;32;57;24m▀[38;2;82;131;74;48;2;82;131;74m▀▀▀[38;2;246;90;82m▀▀▀▀[38;2;82;131;74m▀[48;2;57;90;41m▀[38;2;57;90;41m▀[38;2;16;16;16;48;2;16;16;16m▀[0m                [38;2;180;49;24m▄▄▄▄▄[0m
[0m [38;2;115;49;0;48;2;115;49;0m▀[38;2;246;90;82;48;2;246;90;82m▀▀▀▀▀▀▀▀▀▀▀[38;2;180;49;24m▀[38;2;246;90;82;48;2;180;49;24m▀[48;2;246;90;82m▀▀▀▀[38;2;164;172;197;48;2;255;148;139m▀[49m▄[0m                      [38;2;57;90;41;48;2;32;57;24m▀[38;2;32;57;24;48;2;82;131;74m▀▀▀▀▀▀▀[38;2;82;131;74;48;2;32;57;24m▀▀[38;2;57;90;41;48;2;57;90;41m▀[38;2;16;16;16;48;2;16;16;16m▀[0m           [38;2;180;49;24m▄▄▄[48;2;246;90;82m▀▀▀[38;2;246;90;82m▀▀▀▀▀[38;2;180;49;24;48;2;180;49;24m▀[0m
[0m  [38;2;115;49;0m▀[38;2;246;90;82;48;2;115;49;0m▀[48;2;246;90;82m▀▀▀▀▀▀▀▀▀▀▀[38;2;180;49;24m▀[48;2;197;205;230m▀[38;2;246;90;82;48;2;180;49;24m▀[48;2;255;255;255m▀[38;2;255;148;139m▀[38;2;255;255;255m▀▀[38;2;164;172;197m▀[49m▄[0m              [38;2;74;74;82m▄[48;2;123;123;131m▀[38;2;16;16;16;49m▄[38;2;32;57;24m▄[48;2;82;131;74m▀[38;2;82;131;74m▀▀[38;2;246;90;82;48;2;246;90;82m▀▀▀▀[38;2;82;131;74;48;2;82;131;74m▀▀▀[38;2;57;90;41;48;2;57;90;41m▀[38;2;32;57;24;48;2;16;16;16m▀[38;2;16;16;16;49m▀[0m       [38;2;180;49;24m▄▄[48;2;246;90;82m▀▀[38;2;246;90;82m▀▀▀[48;2;180;49;24m▀▀▀[48;2;115;49;0m▀▀▀[48;2;246;90;82m▀[48;2;180;49;24m▀[38;2;180;49;24;49m▀[0m
[0m    [38;2;115;49;0m▀▀[38;2;246;90;82;48;2;115;49;0m▀▀[48;2;246;90;82m▀▀▀▀▀▀▀▀▀[38;2;197;205;230;48;2;255;255;255m▀▀[38;2;255;255;255;48;2;197;205;230m▀▀[48;2;255;255;255m▀▀▀[38;2;164;172;197m▀[49m▄[0m       [38;2;74;74;82m▄[48;2;123;123;131m▀[38;2;16;16;16;49m▄[0m [38;2;16;16;16m▄[38;2;74;74;82;48;2;123;123;131m▀[48;2;74;74;82m▀[38;2;16;16;16;48;2;16;16;16m▀[38;2;32;57;24;48;2;32;57;24m▀[38;2;82;131;74m▀▀▀▀▀[48;2;82;131;74m▀▀▀▀[38;2;57;90;41;48;2;57;90;41m▀[48;2;32;57;24m▀[38;2;16;16;16;49m▀[0m    [38;2;180;49;24m▄▄[48;2;246;90;82m▀▀[38;2;246;90;82m▀[48;2;180;49;24m▀▀▀[38;2;180;49;24;48;2;246;90;82m▀▀▀[38;2;246;90;82m▀▀▀▀▀[38;2;180;49;24m▀[38;2;115;49;0;48;2;115;49;0m▀[0m
[0m        [38;2;115;49;0m▀▀[38;2;246;90;82;48;2;115;49;0m▀▀[48;2;246;90;82m▀▀▀[48;2;255;148;139m▀[38;2;255;148;139;48;2;255;255;255m▀[38;2;255;255;255m▀▀▀▀[38;2;197;205;230m▀[38;2;255;255;255;48;2;197;205;230m▀[48;2;255;255;255m▀▀▀[38;2;164;172;197m▀[49m▄[38;2;74;74;82m▄[48;2;123;123;131m▀[38;2;16;16;16;49m▄[0m  [38;2;74;74;82;48;2;16;16;16m▀[38;2;123;123;131;48;2;123;123;131m▀[38;2;16;16;16;48;2;74;74;82m▀[49m▄[48;2;16;16;16m▀[38;2;74;74;82;48;2;74;74;82m▀▀[38;2;16;16;16m▀[38;2;82;131;74;48;2;16;16;16m▀[48;2;246;90;82m▀▀▀[48;2;82;131;74m▀▀[38;2;32;57;24m▀▀▀[38;2;57;90;41;48;2;32;57;24m▀[48;2;57;90;41m▀[38;2;16;16;16;48;2;16;16;16m▀[0m   [38;2;255;255;255m▄[38;2;164;172;197;48;2;255;255;255m▀[38;2;255;255;255;48;2;197;205;230m▀[38;2;255;148;139;48;2;180;49;24m▀[38;2;246;90;82m▀[38;2;180;49;24;48;2;246;90;82m▀▀[38;2;246;90;82m▀▀▀▀▀▀▀▀▀▀▀[48;2;115;49;0m▀[38;2;115;49;0;49m▀[0m
[0m            [38;2;115;49;0m▀[38;2;197;205;230m▀[38;2;255;255;255;48;2;123;123;131m▀▀▀[48;2;255;255;255m▀▀▀▀▀▀[38;2;197;205;230m▀▀[38;2;255;255;255;48;2;197;205;230m▀[48;2;255;255;255m▀[38;2;197;205;230m▀[38;2;74;74;82;48;2;16;16;16m▀[38;2;123;123;131;48;2;74;74;82m▀[38;2;16;16;16;48;2;16;16;16m▀[0m [38;2;16;16;16;48;2;16;16;16m▀[38;2;123;123;131;48;2;123;123;131m▀[38;2;74;74;82;48;2;74;74;82m▀▀[38;2;16;16;16;48;2;16;16;16m▀[38;2;123;123;131;48;2;123;123;131m▀[38;2;74;74;82;48;2;74;74;82m▀▀▀[38;2;16;16;16;48;2;16;16;16m▀[38;2;246;90;82;48;2;82;131;74m▀▀[48;2;246;90;82m▀▀▀[38;2;82;131;74;48;2;82;131;74m▀▀[48;2;57;90;41m▀[38;2;57;90;41m▀[38;2;32;57;24;48;2;32;57;24m▀[38;2;164;172;197;49m▄[48;2;255;255;255m▀▀[38;2;255;255;255;48;2;197;205;230m▀▀[38;2;197;205;230;48;2;255;255;255m▀[38;2;123;123;131;48;2;255;148;139m▀[38;2;246;90;82;48;2;246;90;82m▀▀▀▀▀▀▀▀▀▀▀[48;2;115;49;0m▀▀[38;2;115;49;0;49m▀▀[0m
[0m                 [38;2;123;123;131m▀▀[38;2;255;255;255m▀[48;2;123;123;131m▀▀[48;2;255;255;255m▀▀▀▀[38;2;197;205;230m▀[38;2;16;16;16;48;2;16;16;16m▀[38;2;123;123;131;48;2;123;123;131m▀[38;2;74;74;82;48;2;74;74;82m▀[38;2;16;16;16;48;2;16;16;16m▀[38;2;32;57;24;48;2;82;131;74m▀[38;2;16;16;16;48;2;16;16;16m▀[38;2;123;123;131;48;2;74;74;82m▀[38;2;74;74;82m▀▀[38;2;16;16;16;48;2;16;16;16m▀[38;2;74;74;82;48;2;74;74;82m▀▀▀▀[38;2;16;16;16;48;2;32;57;24m▀[38;2;82;131;74m▀▀[48;2;82;131;74m▀▀▀▀[48;2;164;172;197m▀[38;2;57;90;41;48;2;255;255;255m▀[38;2;164;172;197;48;2;197;205;230m▀[38;2;255;255;255m▀▀[38;2;197;205;230;48;2;255;255;255m▀▀[38;2;255;255;255m▀▀▀[38;2;255;148;139m▀[38;2;246;90;82;48;2;197;205;230m▀[48;2;255;148;139m▀[48;2;246;90;82m▀▀▀[48;2;115;49;0m▀▀▀[38;2;115;49;0;49m▀▀▀[0m
[0m                      [38;2;123;123;131m▀▀▀[38;2;255;255;255;48;2;123;123;131m▀[48;2;32;57;24m▀[38;2;16;16;16;48;2;16;16;16m▀[38;2;123;123;131;48;2;123;123;131m▀[38;2;74;74;82;48;2;74;74;82m▀▀[38;2;16;16;16;48;2;16;16;16m▀[38;2;123;123;131;48;2;123;123;131m▀[38;2;74;74;82;48;2;74;74;82m▀▀▀[38;2;16;16;16;48;2;82;131;74m▀[38;2;74;74;82m▀▀[38;2;32;57;24;48;2;115;156;98m▀▀[38;2;115;156;98;48;2;57;90;41m▀▀▀[38;2;32;57;24;48;2;82;131;74m▀[48;2;164;172;197m▀[38;2;164;172;197m▀[38;2;255;255;255m▀[38;2;197;205;230;48;2;255;255;255m▀▀[38;2;255;255;255m▀▀▀▀[48;2;164;172;197m▀[48;2;123;123;131m▀▀▀[38;2;164;172;197m▀[38;2;123;123;131;49m▀[38;2;115;49;0m▀▀▀▀[0m
[0m                        [38;2;32;57;24m▄[48;2;115;156;98m▀[38;2;16;16;16;48;2;16;16;16m▀[38;2;123;123;131;48;2;123;123;131m▀[38;2;74;74;82;48;2;74;74;82m▀▀▀[38;2;16;16;16;48;2;16;16;16m▀[38;2;123;123;131;48;2;74;74;82m▀[38;2;74;74;82;48;2;32;57;24m▀[38;2;32;57;24;48;2;82;131;74m▀▀[48;2;115;156;98m▀▀[38;2;57;90;41m▀[38;2;115;156;98;48;2;57;90;41m▀[48;2;32;57;24m▀[48;2;115;156;98m▀[48;2;164;172;197m▀[38;2;164;172;197;48;2;197;205;230m▀▀▀[38;2;197;205;230m▀[48;2;164;172;197m▀[48;2;123;123;131m▀▀[38;2;255;255;255m▀[38;2;123;123;131;49m▀▀▀[0m
[0m                      [38;2;32;57;24m▄[48;2;57;90;41m▀[38;2;82;131;74m▀[48;2;32;57;24m▀[38;2;16;16;16;48;2;16;16;16m▀[38;2;123;123;131;48;2;74;74;82m▀[38;2;74;74;82m▀[48;2;41;41;49m▀[38;2;41;41;49;48;2;82;131;74m▀[38;2;16;16;16m▀▀▀[38;2;115;156;98;48;2;16;16;16m▀[48;2;32;57;24m▀[48;2;82;131;74m▀[48;2;115;156;98m▀▀[48;2;82;131;74m▀▀[38;2;197;205;230m▀▀[38;2;164;172;197;48;2;32;57;24m▀[48;2;82;131;74m▀[38;2;123;123;131m▀▀[38;2;32;57;24;48;2;57;90;41m▀[38;2;57;90;41;48;2;32;57;24m▀[38;2;32;57;24m▀[38;2;16;16;16;49m▄[0m
[0m                     [38;2;115;49;0m▄[38;2;32;57;24;48;2;57;90;41m▀[38;2;16;16;16;48;2;115;156;98m▀[38;2;115;156;98;48;2;255;255;255m▀▀[38;2;16;16;16;48;2;16;16;16m▀[38;2;74;74;82;48;2;74;74;82m▀[48;2;41;41;49m▀[38;2;82;131;74;48;2;82;131;74m▀▀▀▀[48;2;115;156;98m▀[38;2;115;156;98m▀[38;2;57;90;41m▀[38;2;16;16;16;48;2;57;90;41m▀[48;2;180;49;24m▀[38;2;82;131;74;48;2;16;16;16m▀[48;2;82;131;74m▀▀▀▀▀[38;2;32;57;24;48;2;32;57;24m▀[38;2;82;131;74;48;2;82;131;74m▀[48;2;57;90;41m▀[38;2;57;90;41m▀[38;2;180;49;24;48;2;180;49;24m▀[38;2;115;49;0m▀[38;2;16;16;16;48;2;16;16;16m▀[0m
[0m                   [38;2;115;49;0m▄[48;2;246;90;82m▀[38;2;16;16;16;48;2;16;16;16m▀[38;2;115;156;98;48;2;115;156;98m▀▀[38;2;255;255;255m▀▀[38;2;16;16;16;48;2;74;74;82m▀[38;2;74;74;82;48;2;41;41;49m▀[38;2;82;131;74;48;2;82;131;74m▀▀[48;2;115;156;98m▀▀[38;2;115;156;98m▀▀▀▀[38;2;57;90;41;48;2;16;16;16m▀[38;2;180;49;24;48;2;246;90;82m▀[38;2;246;90;82m▀[38;2;16;16;16m▀[38;2;82;131;74;48;2;16;16;16m▀[48;2;57;90;41m▀▀[48;2;180;49;24m▀[38;2;246;90;82m▀[38;2;57;90;41m▀[48;2;57;90;41m▀▀[38;2;180;49;24m▀[38;2;16;16;16;48;2;16;16;16m▀[49m▄▄▄[0m
[0m                  [38;2;115;49;0m▄[38;2;180;49;24;48;2;246;90;82m▀[38;2;246;90;82;48;2;255;255;255m▀[38;2;16;16;16m▀[38;2;115;156;98;48;2;57;90;41m▀[48;2;115;156;98m▀▀▀▀▀▀▀▀▀▀▀[48;2;57;90;41m▀[38;2;57;90;41;48;2;16;16;16m▀[38;2;180;49;24;48;2;246;90;82m▀[38;2;246;90;82m▀▀▀[38;2;16;16;16m▀[38;2;57;90;41;48;2;16;16;16m▀[48;2;57;90;41m▀[38;2;180;49;24m▀[48;2;180;49;24m▀[48;2;57;90;41m▀[38;2;57;90;41m▀[48;2;16;16;16m▀[38;2;16;16;16m▀▀▀▀[38;2;74;74;82m▀[38;2;16;16;16;48;2;74;74;82m▀▀▀[49m▄[0m
[0m                  [38;2;115;49;0;48;2;115;49;0m▀[38;2;246;90;82;48;2;16;16;16m▀[38;2;255;255;255;48;2;246;90;82m▀▀[38;2;16;16;16;48;2;115;49;0m▀[48;2;180;49;24m▀[38;2;115;156;98;48;2;57;90;41m▀[48;2;32;57;24m▀▀▀[48;2;57;90;41m▀▀[48;2;16;16;16m▀▀[38;2;57;90;41;48;2;115;49;0m▀[38;2;16;16;16;48;2;246;90;82m▀[48;2;115;49;0m▀[38;2;246;90;82;48;2;16;16;16m▀[48;2;246;90;82m▀▀▀[48;2;180;49;24m▀[38;2;115;49;0;48;2;115;49;0m▀[38;2;16;16;16;48;2;16;16;16m▀[38;2;57;90;41;48;2;57;90;41m▀▀[48;2;16;16;16m▀[38;2;32;57;24m▀[38;2;16;16;16m▀[49m▄▄▄[0m   [38;2;16;16;16m▀[48;2;16;16;16m▀[38;2;74;74;82;48;2;74;74;82m▀▀[38;2;16;16;16;48;2;16;16;16m▀[0m
[0m                  [38;2;115;49;0;48;2;115;49;0m▀[38;2;16;16;16;48;2;180;49;24m▀[38;2;180;49;24;48;2;16;16;16m▀[38;2;115;49;0;48;2;115;49;0m▀[38;2;180;49;24;48;2;246;90;82m▀[38;2;246;90;82m▀[48;2;57;90;41m▀[38;2;32;57;24;48;2;115;156;98m▀▀[38;2;57;90;41;48;2;82;131;74m▀[38;2;32;57;24m▀[38;2;16;16;16m▀[38;2;246;90;82;48;2;16;16;16m▀[48;2;246;90;82m▀▀▀[48;2;255;255;255m▀[38;2;115;49;0;48;2;246;90;82m▀[48;2;16;16;16m▀[38;2;246;90;82m▀[38;2;180;49;24;48;2;115;49;0m▀[38;2;16;16;16;48;2;180;49;24m▀[38;2;180;49;24m▀[38;2;16;16;16;48;2;16;16;16m▀▀▀[49m▄▄▀▀▀[48;2;16;16;16m▀▀[48;2;74;74;82m▀▀[48;2;16;16;16m▀[38;2;74;74;82m▀[48;2;74;74;82m▀[38;2;16;16;16;48;2;16;16;16m▀[0m
[0m                  [38;2;16;16;16m▄[48;2;16;16;16m▀[38;2;180;49;24;48;2;180;49;24m▀[38;2;16;16;16;48;2;16;16;16m▀[38;2;180;49;24;48;2;180;49;24m▀[38;2;16;16;16;48;2;57;90;41m▀[38;2;82;131;74m▀[38;2;115;156;98;48;2;82;131;74m▀▀[38;2;82;131;74m▀▀[48;2;57;90;41m▀[38;2;32;57;24m▀[38;2;115;49;0;48;2;16;16;16m▀[38;2;246;90;82;48;2;180;49;24m▀▀[38;2;180;49;24m▀▀[38;2;16;16;16;48;2;16;16;16m▀[38;2;115;49;0;48;2;180;49;24m▀[38;2;180;49;24m▀▀[38;2;115;49;0;48;2;16;16;16m▀[0m [38;2;16;16;16m▀▀[48;2;16;16;16m▀[48;2;74;74;82m▀▀[49m▄▄[0m  [38;2;16;16;16;48;2;16;16;16m▀[38;2;74;74;82m▀[48;2;74;74;82m▀▀[38;2;16;16;16;48;2;16;16;16m▀[0m
[0m                [38;2;16;16;16m▄[48;2;74;74;82m▀[48;2;16;16;16m▀▀[49m▀[38;2;180;49;24;48;2;16;16;16m▀[38;2;16;16;16;48;2;74;74;82m▀[38;2;57;90;41;48;2;197;205;230m▀[48;2;57;90;41m▀[48;2;16;16;16m▀▀▀[48;2;57;90;41m▀[48;2;197;205;230m▀[48;2;57;90;41m▀[38;2;16;16;16;48;2;16;16;16m▀[38;2;180;49;24;48;2;180;49;24m▀▀▀[48;2;16;16;16m▀[38;2;115;49;0;48;2;180;49;24m▀[38;2;180;49;24;48;2;115;49;0m▀[48;2;16;16;16m▀[38;2;16;16;16;49m▀[0m     [38;2;16;16;16m▀▀[38;2;74;74;82;48;2;16;16;16m▀[48;2;74;74;82m▀[38;2;16;16;16m▀[49m▄[48;2;74;74;82m▀▀[38;2;74;74;82m▀[38;2;16;16;16;48;2;16;16;16m▀[0m
[0m               [38;2;16;16;16;48;2;16;16;16m▀[38;2;74;74;82;48;2;74;74;82m▀▀[48;2;16;16;16m▀[38;2;16;16;16;49m▀[0m  [38;2;123;123;131;48;2;123;123;131m▀[38;2;255;255;255;48;2;197;205;230m▀[38;2;16;16;16;48;2;16;16;16m▀[38;2;32;57;24;48;2;32;57;24m▀▀▀[38;2;16;16;16;48;2;16;16;16m▀[38;2;255;255;255;48;2;255;255;255m▀[48;2;164;172;197m▀[38;2;16;16;16;48;2;115;49;0m▀[38;2;180;49;24;48;2;16;16;16m▀[38;2;16;16;16m▀[38;2;115;49;0m▀[38;2;16;16;16;49m▀▀[0m        [38;2;16;16;16m▄▄[48;2;74;74;82m▀[38;2;74;74;82m▀[48;2;16;16;16m▀[38;2;16;16;16m▀[48;2;74;74;82m▀[38;2;74;74;82m▀[48;2;16;16;16m▀[38;2;16;16;16;49m▀[0m
[0m                [38;2;16;16;16;48;2;16;16;16m▀[38;2;74;74;82;48;2;74;74;82m▀[38;2;16;16;16m▀▀[49m▄[0m  [38;2;123;123;131m▀[0m [38;2;16;16;16m▀▀[38;2;32;57;24;48;2;16;16;16m▀[38;2;16;16;16m▀[38;2;197;205;230;48;2;123;123;131m▀[38;2;123;123;131;49m▀[0m           [38;2;16;16;16m▄▄[48;2;16;16;16m▀[38;2;123;123;131m▀[38;2;74;74;82;48;2;74;74;82m▀▀[38;2;16;16;16;48;2;16;16;16m▀[49m▀▄[48;2;74;74;82m▀[38;2;74;74;82;48;2;16;16;16m▀[38;2;16;16;16;49m▀[0m
[0m                 [38;2;16;16;16m▀[38;2;74;74;82;48;2;16;16;16m▀[38;2;16;16;16;48;2;74;74;82m▀[49m▄[0m                    [38;2;16;16;16m▀[38;2;123;123;131;48;2;16;16;16m▀[48;2;74;74;82m▀[38;2;74;74;82m▀▀[48;2;16;16;16m▀[38;2;16;16;16;49m▀[0m   [38;2;16;16;16m▀[0m
[0m                   [38;2;16;16;16m▀▀[0m                    [38;2;16;16;16;48;2;16;16;16m▀[38;2;123;123;131m▀[38;2;74;74;82m▀[38;2;16;16;16;49m▀▀[0m
