[0m                                          [38;2;49;98;90m▄▄[48;2;49;98;90m▀[48;2;106;189;139m▀▀[48;2;16;16;16m▀[0m
[0m                                       [38;2;49;98;90m▄[48;2;106;189;139m▀▀[38;2;106;189;139m▀▀[48;2;49;98;90m▀[48;2;16;16;16m▀[38;2;16;16;16;49m▀[0m
[0m      [38;2;49;98;90m▄▄[48;2;49;156;115m▀[48;2;49;98;90m▀▀[0m                         [38;2;49;98;90m▄[38;2;16;16;16m▄[48;2;106;189;139m▀[38;2;106;189;139m▀▀[48;2;49;156;115m▀[48;2;49;98;90m▀[38;2;49;98;90;48;2;106;189;139m▀[38;2;106;189;139;48;2;16;16;16m▀[38;2;16;16;16;49m▀[0m
[0m    [38;2;49;98;90m▄[48;2;49;98;90m▀[38;2;49;156;115;48;2;49;156;115m▀[48;2;49;98;90m▀[38;2;49;98;90;48;2;49;156;115m▀[48;2;49;98;90m▀[38;2;16;16;16;49m▄▄▄[0m                     [38;2;16;16;16m▄[48;2;49;98;90m▀[38;2;49;98;90;48;2;106;189;139m▀[38;2;106;189;139m▀▀[48;2;49;98;90m▀[38;2;49;98;90;48;2;106;189;139m▀[38;2;49;156;115m▀[38;2;106;189;139m▀[48;2;49;156;115m▀[38;2;16;16;16;48;2;16;16;16m▀[0m
[0m  [38;2;49;98;90m▄[48;2;49;156;115m▀[38;2;49;156;115m▀[38;2;49;98;90m▀[38;2;49;156;115;48;2;49;98;90m▀[38;2;49;98;90;48;2;16;16;16m▀[38;2;16;16;16;48;2;106;189;139m▀▀[38;2;106;189;139m▀▀▀[38;2;49;98;90m▀[48;2;49;156;115m▀[49m▄[0m         [38;2;16;16;16m▄[48;2;106;189;139m▀[49m▄[0m      [38;2;16;16;16;48;2;16;16;16m▀[38;2;106;189;139;48;2;49;156;115m▀[38;2;49;98;90;48;2;49;98;90m▀[38;2;106;189;139;48;2;49;156;115m▀▀[38;2;49;98;90;48;2;49;98;90m▀[38;2;49;156;115;48;2;49;156;115m▀▀▀▀[38;2;49;98;90m▀[38;2;16;16;16;49m▄[0m
[0m [38;2;16;16;16m▄[38;2;49;156;115m▄[38;2;49;98;90;48;2;49;156;115m▀[38;2;49;156;115m▀[38;2;49;98;90;48;2;49;98;90m▀[38;2;16;16;16;48;2;16;16;16m▀[38;2;49;156;115;48;2;49;156;115m▀[38;2;106;189;139;48;2;16;16;16m▀▀▀[48;2;106;189;139m▀▀[48;2;49;156;115m▀[38;2;49;156;115m▀▀[38;2;49;98;90;48;2;49;98;90m▀[38;2;98;82;65;49m▄[0m    [38;2;49;98;90m▄▄[38;2;16;16;16;48;2;106;189;139m▀[38;2;49;98;90;48;2;49;98;90m▀[38;2;106;189;139;48;2;106;189;139m▀[38;2;16;16;16;48;2;16;16;16m▀[0m      [38;2;16;16;16m▀[38;2;49;98;90;48;2;16;16;16m▀[38;2;49;156;115;48;2;49;156;115m▀[38;2;49;98;90;48;2;49;98;90m▀[38;2;49;156;115;48;2;49;156;115m▀▀[38;2;49;98;90;48;2;49;98;90m▀[38;2;49;156;115;48;2;49;156;115m▀▀▀▀[38;2;16;16;16;48;2;16;16;16m▀[0m
[38;2;16;16;16;49m▄[48;2;49;156;115m▀[38;2;49;156;115m▀▀[38;2;90;65;32;48;2;90;65;32m▀[38;2;49;156;115;48;2;49;156;115m▀[38;2;16;16;16m▀▀[38;2;49;98;90;48;2;49;98;90m▀[38;2;98;82;65;49m▄[0m [38;2;16;16;16m▀[38;2;49;156;115;48;2;16;16;16m▀[48;2;49;156;115m▀▀▀▀[38;2;16;16;16;48;2;16;16;16m▀[0m   [38;2;49;98;90;48;2;49;98;90m▀[38;2;49;156;115;48;2;106;189;139m▀[38;2;106;189;139m▀[48;2;49;98;90m▀[38;2;49;98;90;48;2;106;189;139m▀[38;2;106;189;139m▀[38;2;16;16;16;48;2;16;16;16m▀[0m       [38;2;16;16;16;48;2;16;16;16m▀[38;2;49;156;115;48;2;49;156;115m▀▀[38;2;49;98;90m▀▀[48;2;49;98;90m▀[38;2;49;156;115;48;2;49;156;115m▀▀▀▀[38;2;16;16;16;48;2;49;98;90m▀[0m
[38;2;16;16;16;48;2;16;16;16m▀[38;2;49;156;115;48;2;106;189;139m▀▀[38;2;90;65;32;48;2;90;65;32m▀▀[38;2;106;189;139;48;2;106;189;139m▀▀[38;2;49;98;90;48;2;98;82;65m▀[38;2;98;82;65;48;2;238;213;156m▀[38;2;238;213;156m▀[38;2;98;82;65;48;2;189;148;98m▀[48;2;238;213;156m▀[38;2;16;16;16;48;2;16;16;16m▀[38;2;49;156;115;48;2;49;156;115m▀▀▀[48;2;16;16;16m▀[38;2;16;16;16;49m▀▄[38;2;49;98;90;48;2;49;156;115m▀▀[38;2;49;156;115m▀▀[38;2;106;189;139;48;2;49;98;90m▀[38;2;49;98;90m▀[38;2;106;189;139m▀[38;2;49;98;90;48;2;49;156;115m▀[38;2;16;16;16;48;2;16;16;16m▀[0m       [38;2;16;16;16m▀[38;2;49;98;90;48;2;16;16;16m▀[38;2;49;156;115;48;2;49;156;115m▀▀▀▀[38;2;49;98;90m▀[38;2;49;156;115;48;2;49;98;90m▀▀[48;2;49;156;115m▀[38;2;49;98;90;48;2;49;98;90m▀[38;2;16;16;16;48;2;49;156;115m▀[49m▄▄[0m
[38;2;16;16;16;48;2;16;16;16m▀[38;2;106;189;139;48;2;238;213;156m▀▀[38;2;90;65;32;48;2;90;65;32m▀[38;2;143;100;53;48;2;143;100;53m▀[38;2;90;65;32;48;2;90;65;32m▀[38;2;189;148;98;48;2;238;213;156m▀[38;2;238;213;156m▀[48;2;189;148;98m▀[38;2;189;148;98;48;2;49;98;90m▀[38;2;238;213;156m▀[38;2;16;16;16;48;2;49;156;115m▀[38;2;49;156;115m▀▀▀[48;2;49;98;90m▀[38;2;16;16;16;48;2;189;148;98m▀[49m▄[48;2;106;189;139m▀[38;2;49;156;115;48;2;49;156;115m▀▀[48;2;59;45;36m▀▀[38;2;59;45;36;48;2;90;65;32m▀[38;2;49;156;115;48;2;49;156;115m▀▀[48;2;16;16;16m▀[38;2;16;16;16;49m▀[0m         [38;2;16;16;16;48;2;16;16;16m▀[38;2;49;156;115;48;2;49;156;115m▀[48;2;49;98;90m▀[48;2;16;16;16m▀▀[48;2;49;156;115m▀[38;2;49;98;90m▀[48;2;49;98;90m▀[48;2;49;156;115m▀[38;2;49;156;115m▀▀▀[38;2;16;16;16m▀[49m▄[0m
[0m [38;2;16;16;16;48;2;16;16;16m▀[38;2;238;213;156;48;2;238;213;156m▀[38;2;90;65;32;48;2;189;148;98m▀[38;2;143;100;53;48;2;90;65;32m▀[38;2;90;65;32;48;2;238;213;156m▀[38;2;238;213;156m▀[38;2;189;148;98;48;2;49;98;90m▀[38;2;49;98;90;48;2;49;156;115m▀[38;2;49;156;115m▀[48;2;49;98;90m▀▀[38;2;49;98;90;48;2;238;213;156m▀▀[38;2;189;148;98;48;2;189;148;98m▀[38;2;238;213;156;48;2;238;213;156m▀[38;2;98;82;65;48;2;98;82;65m▀[38;2;106;189;139;48;2;238;213;156m▀[48;2;106;189;139m▀[48;2;59;45;36m▀[38;2;59;45;36;48;2;90;65;32m▀[38;2;90;65;32;48;2;143;100;53m▀[38;2;143;100;53m▀[38;2;90;65;32;48;2;49;156;115m▀[38;2;49;156;115m▀[38;2;16;16;16m▀[49m▄[0m           [38;2;16;16;16m▀[0m [38;2;16;16;16m▄[48;2;49;156;115m▀[38;2;49;156;115m▀▀[38;2;49;98;90;48;2;49;98;90m▀[38;2;49;156;115;48;2;49;156;115m▀▀▀▀[48;2;49;98;90m▀[38;2;16;16;16;48;2;16;16;16m▀[0m
[38;2;98;82;65;49m▄[48;2;189;148;98m▀[38;2;238;213;156;48;2;98;82;65m▀[48;2;238;213;156m▀[38;2;90;65;32m▀[38;2;238;213;156m▀▀[38;2;49;98;90m▀[38;2;49;156;115;48;2;49;98;90m▀[38;2;49;98;90;48;2;238;213;156m▀[38;2;238;213;156m▀▀▀[38;2;189;148;98;48;2;189;148;98m▀[38;2;238;213;156;48;2;238;213;156m▀[38;2;189;148;98;48;2;98;82;65m▀[48;2;238;213;156m▀[38;2;238;213;156m▀[48;2;59;45;36m▀[38;2;59;45;36;48;2;90;65;32m▀[38;2;90;65;32m▀[38;2;143;100;53;48;2;143;100;53m▀[38;2;90;65;32;48;2;106;189;139m▀[38;2;106;189;139m▀[38;2;49;156;115m▀[38;2;49;98;90;48;2;16;16;16m▀[38;2;16;16;16;49m▀[0m              [38;2;49;98;90;48;2;16;16;16m▀[38;2;16;16;16;48;2;49;156;115m▀[38;2;49;156;115;48;2;49;98;90m▀[38;2;49;98;90;48;2;49;156;115m▀[38;2;49;156;115m▀▀▀[48;2;49;98;90m▀[38;2;16;16;16;48;2;16;16;16m▀[0m
[0m [38;2;98;82;65m▀[38;2;189;148;98;48;2;98;82;65m▀[38;2;238;213;156;48;2;189;148;98m▀[48;2;238;213;156m▀▀▀▀▀▀▀▀▀▀▀[38;2;98;82;65;48;2;189;148;98m▀[38;2;238;213;156;48;2;238;213;156m▀[38;2;189;148;98;48;2;189;148;98m▀[38;2;59;45;36;48;2;238;213;156m▀[38;2;189;148;98m▀[38;2;238;213;156m▀▀[48;2;16;16;16m▀[38;2;106;189;139m▀[38;2;16;16;16;49m▀[0m               [38;2;98;82;65;48;2;98;82;65m▀[38;2;49;156;115;48;2;49;156;115m▀[48;2;49;98;90m▀[38;2;49;98;90;48;2;49;156;115m▀[38;2;49;156;115m▀▀▀▀[38;2;16;16;16;48;2;16;16;16m▀[0m
[0m  [38;2;16;16;16m▀[38;2;189;148;98;48;2;16;16;16m▀[38;2;143;100;53;48;2;59;45;36m▀[38;2;59;45;36;48;2;238;255;255m▀[38;2;238;213;156;48;2;238;213;156m▀▀▀▀▀▀[48;2;59;45;36m▀▀[48;2;238;213;156m▀▀▀▀[48;2;98;82;65m▀[48;2;16;16;16m▀[38;2;16;16;16;49m▀▀[0m                [38;2;98;82;65m▄[48;2;106;189;139m▀[38;2;106;189;139m▀▀[38;2;49;98;90;48;2;49;98;90m▀[38;2;49;156;115;48;2;106;189;139m▀[38;2;49;98;90;48;2;16;16;16m▀[38;2;16;16;16;49m▀▀▀[0m
[0m   [38;2;16;16;16;48;2;16;16;16m▀[38;2;59;45;36;48;2;238;213;156m▀[38;2;90;65;32;48;2;90;65;32m▀[38;2;238;213;156;48;2;238;213;156m▀▀▀▀[48;2;59;45;36m▀[38;2;59;45;36;48;2;90;65;32m▀[38;2;238;255;255m▀[38;2;90;65;32m▀[38;2;59;45;36m▀[38;2;238;213;156;48;2;238;213;156m▀▀[48;2;189;148;98m▀[38;2;189;148;98;48;2;16;16;16m▀▀[38;2;98;82;65;49m▀[0m [38;2;49;98;90m▄[48;2;49;156;115m▀[38;2;16;16;16;49m▄[0m         [38;2;98;82;65m▄▄[48;2;238;213;156m▀▀[38;2;238;213;156;48;2;189;148;98m▀▀[38;2;49;98;90;48;2;238;213;156m▀[48;2;106;189;139m▀[38;2;106;189;139m▀▀[48;2;16;16;16m▀[38;2;16;16;16m▀[0m
[0m    [38;2;16;16;16;48;2;16;16;16m▀[38;2;238;213;156;48;2;189;148;98m▀[48;2;238;213;156m▀[48;2;143;100;53m▀[48;2;238;213;156m▀▀[38;2;189;148;98m▀[38;2;90;65;32m▀▀▀[38;2;238;213;156m▀[48;2;98;82;65m▀[38;2;98;82;65;48;2;189;148;98m▀[38;2;16;16;16m▀[38;2;98;82;65;49m▄[38;2;49;98;90m▄[48;2;49;156;115m▀▀[38;2;49;156;115m▀[48;2;16;16;16m▀[38;2;16;16;16;49m▀[0m  [38;2;98;82;65m▄▄▄▄[0m  [38;2;98;82;65;48;2;98;82;65m▀[38;2;189;148;98;48;2;189;148;98m▀[48;2;98;82;65m▀[38;2;98;82;65;48;2;189;148;98m▀▀[38;2;238;213;156;48;2;98;82;65m▀[48;2;16;16;16m▀▀▀[38;2;16;16;16;49m▀▀[0m
[0m     [38;2;16;16;16m▀▀[38;2;189;148;98;48;2;16;16;16m▀▀[38;2;238;213;156m▀[48;2;143;100;53m▀▀[38;2;189;148;98m▀[38;2;143;100;53;48;2;189;148;98m▀[38;2;98;82;65m▀[38;2;189;148;98m▀▀▀▀▀[48;2;213;180;115m▀[38;2;98;82;65;48;2;238;213;156m▀▀▀▀▀[38;2;189;148;98m▀[38;2;238;213;156m▀▀▀▀[38;2;98;82;65m▀▀[38;2;189;148;98;48;2;98;82;65m▀[38;2;143;100;53m▀[38;2;189;148;98;48;2;16;16;16m▀▀[38;2;16;16;16;49m▀▀[0m
[0m           [38;2;16;16;16m▀[38;2;189;148;98;48;2;98;82;65m▀[48;2;189;148;98m▀▀▀[48;2;238;213;156m▀▀[38;2;213;180;115m▀[38;2;238;213;156m▀▀▀▀▀▀▀▀▀▀▀▀▀▀▀[38;2;16;16;16;48;2;16;16;16m▀[0m
[0m      [38;2;49;98;90m▄▄[0m [38;2;49;98;90m▄[48;2;49;156;115m▀[48;2;49;98;90m▀[38;2;16;16;16;48;2;49;156;115m▀[38;2;238;213;156;48;2;106;189;139m▀[48;2;238;213;156m▀▀▀▀▀▀▀▀▀▀▀▀▀▀▀[48;2;213;180;115m▀[48;2;189;148;98m▀▀[38;2;213;180;115m▀[38;2;189;148;98m▀[48;2;213;180;115m▀[38;2;16;16;16;48;2;16;16;16m▀[0m
[0m      [38;2;49;98;90m▀[38;2;49;156;115;48;2;16;16;16m▀[38;2;49;98;90;48;2;49;156;115m▀▀▀[38;2;49;156;115m▀[48;2;49;98;90m▀[48;2;49;156;115m▀[38;2;49;98;90;48;2;49;98;90m▀[38;2;238;213;156;48;2;238;213;156m▀▀▀▀▀[48;2;143;100;53m▀[48;2;189;148;98m▀▀▀[38;2;213;180;115m▀[38;2;189;148;98m▀▀[38;2;143;100;53m▀[38;2;189;148;98;48;2;143;100;53m▀[48;2;189;148;98m▀▀▀[48;2;213;180;115m▀[38;2;213;180;115;48;2;189;148;98m▀[38;2;189;148;98;48;2;213;180;115m▀[38;2;16;16;16;48;2;189;148;98m▀[49m▄[0m
[0m        [38;2;16;16;16m▀▀▀[38;2;49;98;90;48;2;16;16;16m▀[38;2;49;156;115m▀[38;2;16;16;16;48;2;59;45;36m▀[38;2;189;148;98;48;2;238;213;156m▀[38;2;238;213;156m▀▀▀[48;2;189;148;98m▀[38;2;16;16;16;48;2;16;16;16m▀[38;2;189;148;98;48;2;59;45;36m▀▀[38;2;59;45;36;49m▀▀[48;2;98;82;65m▀[48;2;189;148;98m▀▀▀▀[38;2;189;148;98;48;2;98;82;65m▀[48;2;189;148;98m▀▀▀[38;2;213;180;115m▀[38;2;189;148;98m▀[38;2;213;180;115m▀[38;2;16;16;16m▀[49m▄[0m
[0m            [38;2;49;98;90m▄[38;2;59;45;36;48;2;238;213;156m▀[38;2;238;213;156m▀▀▀[48;2;189;148;98m▀[38;2;16;16;16;48;2;98;82;65m▀[0m      [38;2;98;82;65;48;2;98;82;65m▀[38;2;189;148;98m▀[48;2;189;148;98m▀▀▀[38;2;98;82;65m▀[38;2;143;100;53;48;2;143;100;53m▀[38;2;189;148;98;48;2;98;82;65m▀[48;2;143;100;53m▀[48;2;189;148;98m▀▀▀▀[38;2;16;16;16;48;2;16;16;16m▀[0m
[0m         [38;2;49;98;90m▄[48;2;49;156;115m▀▀[38;2;49;156;115m▀[38;2;106;189;139;48;2;49;98;90m▀[38;2;238;213;156;48;2;238;213;156m▀▀[48;2;106;189;139m▀[38;2;16;16;16;48;2;16;16;16m▀[38;2;98;82;65;48;2;98;82;65m▀[48;2;16;16;16m▀[0m      [38;2;16;16;16;48;2;16;16;16m▀[38;2;189;148;98;48;2;189;148;98m▀▀▀[38;2;98;82;65;48;2;98;82;65m▀[0m  [38;2;16;16;16;48;2;16;16;16m▀[38;2;189;148;98;48;2;189;148;98m▀▀[48;2;49;98;90m▀[38;2;49;156;115;48;2;49;156;115m▀[38;2;16;16;16m▀[38;2;49;98;90;49m▄▄▀[0m
[0m          [38;2;49;98;90m▀[48;2;59;45;36m▀[48;2;189;148;98m▀[38;2;189;148;98m▀▀[38;2;106;189;139;48;2;16;16;16m▀[38;2;49;156;115;48;2;49;98;90m▀[38;2;98;82;65;48;2;49;156;115m▀[48;2;16;16;16m▀[38;2;16;16;16;49m▀[0m     [38;2;16;16;16m▄[38;2;98;82;65;48;2;90;65;32m▀[38;2;90;65;32m▀▀[38;2;16;16;16;48;2;16;16;16m▀[0m   [38;2;16;16;16;48;2;16;16;16m▀[38;2;189;148;98;48;2;189;148;98m▀▀[48;2;143;100;53m▀[38;2;16;16;16;48;2;16;16;16m▀[38;2;49;98;90;49m▀▀[0m
[0m         [38;2;59;45;36m▄[48;2;59;45;36m▀[38;2;143;100;53;48;2;143;100;53m▀▀▀[48;2;16;16;16m▀[38;2;90;65;32;49m▀[48;2;16;16;16m▀▀[38;2;16;16;16;49m▀[0m      [38;2;16;16;16;48;2;16;16;16m▀[38;2;90;65;32m▀▀[38;2;16;16;16;49m▀[0m   [38;2;16;16;16m▄[48;2;143;100;53m▀[38;2;143;100;53m▀▀[38;2;16;16;16;48;2;16;16;16m▀[0m
[0m         [38;2;59;45;36m▀[38;2;143;100;53;48;2;16;16;16m▀[38;2;90;65;32m▀[38;2;143;100;53m▀[38;2;16;16;16;49m▀[0m                  [38;2;16;16;16m▀[38;2;143;100;53;48;2;16;16;16m▀▀[38;2;16;16;16m▀[49m▀[0m
