[0m                   [38;2;16;16;16m▄[48;2;123;156;180m▀[48;2;148;230;238m▀[49m▄[0m
[0m                 [38;2;82;90;131m▄[38;2;16;16;16;48;2;148;230;238m▀[38;2;148;230;238m▀▀▀[38;2;16;16;16;48;2;16;16;16m▀[0m
[0m               [38;2;82;90;131m▄[48;2;148;230;238m▀[38;2;148;230;238m▀▀[48;2;82;98;156m▀[48;2;148;230;238m▀▀[38;2;16;16;16;48;2;16;16;16m▀[0m
[0m              [38;2;82;90;131;48;2;82;90;131m▀[38;2;148;230;238;48;2;148;230;238m▀▀[48;2;53;57;79m▀[38;2;53;57;79;48;2;82;98;156m▀[38;2;82;98;156m▀[38;2;148;230;238;48;2;148;230;238m▀▀▀[38;2;16;16;16;48;2;16;16;16m▀[0m
[0m             [38;2;82;90;131;48;2;82;90;131m▀[38;2;148;230;238;48;2;148;230;238m▀▀[48;2;53;57;79m▀[38;2;82;98;156;48;2;82;98;156m▀[48;2;82;156;222m▀[48;2;53;57;79m▀[38;2;148;230;238;48;2;148;230;238m▀[48;2;123;156;180m▀▀[38;2;16;16;16;48;2;16;16;16m▀[0m
[0m             [38;2;82;90;131;48;2;82;90;131m▀[38;2;148;230;238m▀[48;2;148;230;238m▀[38;2;82;98;156;48;2;82;98;156m▀[38;2;82;156;222;48;2;82;156;222m▀▀[38;2;53;57;79;48;2;53;57;79m▀[38;2;123;156;180;48;2;123;156;180m▀▀[38;2;16;16;16;48;2;16;16;16m▀[0m
[0m              [38;2;82;90;131;48;2;82;90;131m▀[38;2;123;156;180;48;2;123;156;180m▀[38;2;82;98;156m▀[38;2;82;156;222;48;2;82;98;156m▀[38;2;53;57;79;48;2;53;57;79m▀[38;2;123;156;180;48;2;123;156;180m▀[48;2;16;16;16m▀[38;2;16;16;16;49m▀[0m          [38;2;53;57;79m▄▄[48;2;148;230;238m▀▀▀[49m▄▄▄[0m
[0m              [38;2;82;90;131m▀[38;2;123;156;180;48;2;82;90;131m▀[48;2;123;156;180m▀[38;2;53;57;79;48;2;53;57;79m▀[38;2;123;156;180m▀[38;2;53;57;79;48;2;82;156;222m▀▀[38;2;82;90;131;48;2;53;57;79m▀[48;2;148;230;238m▀▀▀[48;2;123;156;180m▀[49m▄▄[0m  [38;2;53;57;79m▄[48;2;148;230;238m▀[38;2;148;230;238m▀▀▀[48;2;53;57;79m▀▀[48;2;148;230;238m▀▀▀[38;2;53;57;79m▀▀▀[49m▄▄[0m
[0m              [38;2;53;57;79m▄[48;2;53;57;79m▀[48;2;82;156;222m▀[38;2;82;156;222m▀▀▀▀[38;2;53;57;79;48;2;53;57;79m▀[48;2;82;156;222m▀▀[38;2;148;230;238;48;2;53;57;79m▀[48;2;148;230;238m▀▀[38;2;123;156;180m▀[38;2;82;90;131;48;2;82;90;131m▀[38;2;53;57;79;48;2;148;230;238m▀[38;2;148;230;238m▀[48;2;82;98;156m▀[48;2;53;57;79m▀[38;2;53;57;79;48;2;82;98;156m▀▀[38;2;82;98;156m▀▀[38;2;53;57;79m▀▀[38;2;82;98;156;48;2;53;57;79m▀[38;2;123;156;180m▀[48;2;123;156;180m▀[38;2;148;230;238m▀▀[38;2;123;156;180;48;2;16;16;16m▀[38;2;16;16;16;49m▀[0m                 [38;2;53;57;79m▄▄[48;2;65;90;106m▀▀[38;2;16;16;16;49m▄[0m
[0m             [38;2;16;16;16;48;2;16;16;16m▀[38;2;82;98;156;48;2;82;98;156m▀[38;2;53;57;79;48;2;53;57;79m▀[38;2;82;156;222;48;2;82;98;156m▀▀[48;2;82;156;222m▀▀[38;2;82;98;156;48;2;53;57;79m▀[48;2;82;156;222m▀[38;2;82;156;222m▀▀▀[38;2;53;57;79;48;2;82;98;156m▀[38;2;148;230;238m▀[48;2;148;230;238m▀▀[48;2;82;98;156m▀[38;2;53;57;79;48;2;123;156;180m▀[38;2;82;156;222;48;2;82;98;156m▀▀[48;2;82;156;222m▀▀[48;2;82;98;156m▀[38;2;82;98;156m▀[48;2;123;156;180m▀▀[38;2;123;156;180m▀▀[48;2;16;16;16m▀[38;2;82;90;131;49m▀[38;2;16;16;16m▀[0m               [38;2;53;57;79m▄▄[48;2;65;90;106m▀▀[38;2;65;90;106m▀▀▀▀[38;2;16;16;16;48;2;16;16;16m▀[0m
[0m             [38;2;53;57;79m▀[48;2;16;16;16m▀[38;2;82;98;156;48;2;82;98;156m▀[38;2;53;57;79;48;2;53;57;79m▀[38;2;82;98;156;48;2;82;98;156m▀▀[38;2;53;57;79;48;2;53;57;79m▀[48;2;82;98;156m▀[38;2;82;98;156m▀[38;2;82;156;222m▀▀▀▀[38;2;53;57;79m▀[38;2;148;230;238;48;2;53;57;79m▀[38;2;123;156;180;48;2;148;230;238m▀[48;2;53;57;79m▀▀[48;2;123;156;180m▀▀▀▀▀▀[48;2;16;16;16m▀▀[38;2;16;16;16;49m▀▀[0m                [38;2;53;57;79m▄[48;2;65;90;106m▀[38;2;65;90;106m▀▀▀▀▀▀▀▀[38;2;16;16;16;48;2;16;16;16m▀[0m
[0m           [38;2;53;57;79m▄▄[48;2;82;98;156m▀[38;2;16;16;16;48;2;16;16;16m▀[38;2;53;57;79;48;2;238;255;255m▀[38;2;82;98;156;48;2;123;156;180m▀[38;2;53;57;79m▀▀[38;2;82;98;156;48;2;53;57;79m▀▀▀[48;2;82;98;156m▀▀▀[48;2;53;57;79m▀▀[38;2;53;57;79;48;2;82;98;156m▀[38;2;123;156;180m▀[48;2;123;156;180m▀▀[38;2;16;16;16;48;2;53;57;79m▀[49m▀▀▀▀▀[0m                    [38;2;53;57;79;48;2;53;57;79m▀[38;2;65;90;106;48;2;65;90;106m▀▀▀▀▀▀▀▀▀[38;2;16;16;16;48;2;16;16;16m▀[0m
[0m      [38;2;82;98;156m▄▄▄[48;2;53;57;79m▀[38;2;53;57;79m▀[38;2;82;98;156m▀[38;2;53;57;79;49m▀▀[38;2;16;16;16;48;2;123;156;180m▀[38;2;53;57;79;48;2;53;57;79m▀[38;2;148;230;238;48;2;148;230;238m▀▀▀▀▀[48;2;16;16;16m▀[38;2;123;156;180;48;2;238;255;255m▀[38;2;16;16;16;48;2;53;57;79m▀[38;2;53;57;79;48;2;65;90;106m▀[38;2;148;230;238;48;2;148;230;238m▀[38;2;53;57;79;48;2;53;57;79m▀[38;2;82;98;156;48;2;82;98;156m▀[38;2;53;57;79;48;2;53;57;79m▀[38;2;123;156;180;48;2;123;156;180m▀▀[38;2;53;57;79;48;2;53;57;79m▀[0m                        [38;2;53;57;79;48;2;53;57;79m▀[38;2;65;90;106;48;2;65;90;106m▀▀▀▀▀▀▀▀▀[48;2;16;16;16m▀[38;2;16;16;16;49m▀[0m
[0m  [38;2;53;57;79m▄▄[48;2;82;156;222m▀▀[38;2;82;156;222m▀[48;2;16;16;16m▀[38;2;16;16;16;49m▀[38;2;53;57;79m▀[0m    [38;2;16;16;16;48;2;16;16;16m▀[38;2;148;230;238;48;2;148;230;238m▀[48;2;65;90;106m▀[48;2;148;230;238m▀▀▀[38;2;123;156;180m▀[38;2;65;90;106m▀[38;2;53;57;79;48;2;65;90;106m▀▀[38;2;65;90;106;48;2;148;230;238m▀[38;2;148;230;238;48;2;16;16;16m▀[38;2;53;57;79;48;2;82;98;156m▀[38;2;82;98;156;48;2;53;57;79m▀[38;2;53;57;79;48;2;123;156;180m▀[38;2;123;156;180m▀[38;2;53;57;79;48;2;16;16;16m▀[0m                        [38;2;16;16;16m▄[38;2;53;57;79;48;2;148;230;238m▀[38;2;65;90;106;48;2;65;90;106m▀▀▀▀▀▀▀▀▀[38;2;16;16;16;48;2;16;16;16m▀[0m
[0m [38;2;53;57;79;48;2;53;57;79m▀[38;2;65;90;106;48;2;65;90;106m▀▀▀[38;2;82;156;222;48;2;82;156;222m▀[38;2;16;16;16;48;2;16;16;16m▀[0m        [38;2;16;16;16m▀[38;2;148;230;238;48;2;16;16;16m▀[48;2;123;156;180m▀[48;2;148;230;238m▀▀▀▀[48;2;123;156;180m▀▀[38;2;123;156;180;48;2;16;16;16m▀[38;2;16;16;16;48;2;82;98;156m▀[38;2;82;98;156m▀[38;2;53;57;79;48;2;53;57;79m▀[38;2;123;156;180;48;2;123;156;180m▀[38;2;65;90;106;48;2;65;90;106m▀▀[38;2;16;16;16m▀[49m▄▄[0m                    [38;2;16;16;16m▄[48;2;148;230;238m▀[38;2;148;230;238m▀[38;2;65;90;106;48;2;65;90;106m▀▀▀▀[48;2;123;156;180m▀[48;2;148;230;238m▀▀▀[38;2;123;156;180;48;2;16;16;16m▀[38;2;16;16;16;49m▀[0m
[38;2;53;57;79;49m▄[48;2;65;90;106m▀[38;2;65;90;106m▀▀▀[38;2;82;156;222;48;2;16;16;16m▀[38;2;16;16;16;49m▀[0m          [38;2;16;16;16m▀▀[38;2;123;156;180;48;2;53;57;79m▀▀▀▀[38;2;53;57;79;48;2;16;16;16m▀[38;2;16;16;16;48;2;82;156;222m▀[38;2;82;156;222m▀[48;2;16;16;16m▀[38;2;53;57;79;48;2;123;156;180m▀[38;2;123;156;180m▀▀[38;2;65;90;106m▀▀[38;2;148;230;238;48;2;148;230;238m▀[38;2;65;90;106m▀[38;2;53;57;79;48;2;65;90;106m▀▀[38;2;65;90;106;49m▄[38;2;53;57;79m▄▄▄▄▄▄▄[38;2;82;90;131m▄▄[0m     [38;2;16;16;16m▄▄[48;2;148;230;238m▀[38;2;148;230;238m▀▀▀▀▀[48;2;123;156;180m▀[48;2;16;16;16m▀▀[38;2;123;156;180m▀[38;2;16;16;16;49m▀▀[0m
[38;2;53;57;79;48;2;53;57;79m▀[38;2;65;90;106;48;2;65;90;106m▀▀▀[48;2;16;16;16m▀[38;2;16;16;16;49m▀[0m           [38;2;16;16;16m▄▄▄▄[48;2;82;156;222m▀▀[38;2;82;156;222m▀▀[48;2;16;16;16m▀[38;2;16;16;16;48;2;123;156;180m▀[38;2;123;156;180m▀▀[48;2;148;230;238m▀▀[38;2;148;230;238m▀▀▀▀[38;2;65;90;106m▀▀[48;2;65;90;106m▀▀▀[48;2;123;156;180m▀[48;2;148;230;238m▀▀[38;2;148;230;238m▀▀▀[38;2;82;90;131m▀[38;2;16;16;16;48;2;82;90;131m▀[48;2;123;156;180m▀▀▀[38;2;123;156;180m▀[38;2;148;230;238m▀[48;2;16;16;16m▀▀▀[38;2;123;156;180m▀[38;2;16;16;16;49m▀▀▀[0m
[38;2;53;57;79;49m▀[38;2;65;90;106;48;2;16;16;16m▀▀[38;2;16;16;16;49m▀[0m         [38;2;53;57;79m▄[48;2;65;90;106m▀▀▀[38;2;82;156;222m▀▀▀▀[48;2;82;156;222m▀▀▀[48;2;16;16;16m▀[38;2;16;16;16;48;2;82;90;131m▀[38;2;148;230;238;48;2;148;230;238m▀▀▀▀▀▀▀▀▀▀▀▀▀▀▀▀▀▀▀▀▀[38;2;123;156;180m▀[38;2;16;16;16;48;2;16;16;16m▀[49m▀▀▀▀[0m
[0m           [38;2;53;57;79m▄[48;2;65;90;106m▀[38;2;65;90;106m▀▀▀▀▀▀▀[48;2;82;156;222m▀[38;2;82;156;222m▀▀[48;2;16;16;16m▀[38;2;16;16;16;48;2;82;90;131m▀[38;2;148;230;238;48;2;123;156;180m▀[48;2;148;180;205m▀[48;2;148;230;238m▀▀▀▀▀[48;2;123;156;180m▀[48;2;148;230;238m▀▀▀▀▀▀▀[48;2;82;90;131m▀[48;2;148;230;238m▀▀▀▀▀▀▀[38;2;16;16;16;48;2;82;90;131m▀[0m
[0m          [38;2;53;57;79m▄[48;2;65;90;106m▀[38;2;65;90;106m▀▀▀▀▀▀▀[48;2;82;156;222m▀[38;2;82;156;222m▀[48;2;16;16;16m▀[38;2;16;16;16;49m▀[0m  [38;2;82;90;131;48;2;82;90;131m▀[38;2;123;156;180;48;2;123;156;180m▀▀[38;2;148;180;205m▀[38;2;148;230;238m▀▀▀[38;2;82;90;131;48;2;53;57;79m▀[38;2;148;230;238m▀▀▀[48;2;123;156;180m▀▀[38;2;123;156;180m▀▀[38;2;82;90;131;48;2;53;57;79m▀[38;2;148;230;238;48;2;16;16;16m▀[48;2;148;180;205m▀[48;2;148;230;238m▀▀▀[48;2;148;180;205m▀[48;2;123;156;180m▀[38;2;123;156;180m▀[38;2;16;16;16;48;2;16;16;16m▀[0m
[0m          [38;2;53;57;79m▀[38;2;65;90;106;48;2;16;16;16m▀▀▀▀▀▀▀▀[38;2;16;16;16;49m▀▀[0m     [38;2;82;90;131;48;2;82;90;131m▀[38;2;123;156;180;48;2;123;156;180m▀▀▀▀[38;2;16;16;16;48;2;16;16;16m▀[38;2;82;90;131;48;2;82;90;131m▀[38;2;53;57;79;48;2;53;57;79m▀[0m  [38;2;53;57;79m▀▀▀[48;2;53;57;79m▀[48;2;82;90;131m▀[38;2;16;16;16m▀[38;2;123;156;180;48;2;16;16;16m▀[48;2;123;156;180m▀▀▀▀▀▀[38;2;16;16;16;48;2;82;90;131m▀[0m
[0m                          [38;2;82;90;131;48;2;82;90;131m▀[38;2;123;156;180;48;2;123;156;180m▀▀▀▀[38;2;16;16;16;48;2;16;16;16m▀[38;2;82;90;131;48;2;82;90;131m▀[38;2;53;57;79;48;2;53;57;79m▀[0m     [38;2;53;57;79m▀[38;2;82;90;131;48;2;53;57;79m▀[48;2;82;90;131m▀▀[38;2;16;16;16m▀[38;2;123;156;180;48;2;16;16;16m▀▀[48;2;123;156;180m▀▀▀▀[38;2;16;16;16m▀[49m▄[0m
[0m                          [38;2;82;90;131;48;2;82;90;131m▀[38;2;123;156;180;48;2;123;156;180m▀▀▀[38;2;16;16;16;48;2;16;16;16m▀[38;2;82;90;131;48;2;82;90;131m▀[38;2;53;57;79;48;2;53;57;79m▀[0m       [38;2;53;57;79m▀[38;2;82;90;131;48;2;53;57;79m▀[48;2;82;90;131m▀▀[48;2;16;16;16m▀[38;2;16;16;16;49m▀[48;2;16;16;16m▀[38;2;123;156;180;48;2;123;156;180m▀▀▀▀[38;2;16;16;16;48;2;16;16;16m▀[0m
[0m                          [38;2;16;16;16;48;2;16;16;16m▀[38;2;123;156;180;48;2;65;90;106m▀[48;2;123;156;180m▀[48;2;65;90;106m▀[38;2;16;16;16;48;2;16;16;16m▀[38;2;82;90;131;48;2;82;90;131m▀[38;2;16;16;16;48;2;16;16;16m▀[0m      [38;2;16;16;16m▄[38;2;53;57;79;48;2;53;57;79m▀[38;2;82;90;131m▀[48;2;82;90;131m▀[48;2;53;57;79m▀[38;2;16;16;16;49m▀[0m [38;2;16;16;16;48;2;16;16;16m▀[38;2;123;156;180;48;2;123;156;180m▀▀▀[38;2;65;90;106;48;2;16;16;16m▀[0m
[0m                          [38;2;16;16;16;48;2;16;16;16m▀[38;2;65;90;106;48;2;65;90;106m▀▀[38;2;16;16;16;48;2;16;16;16m▀[38;2;82;90;131;48;2;82;90;131m▀[38;2;53;57;79;48;2;16;16;16m▀[0m      [38;2;16;16;16m▄[48;2;53;57;79m▀[38;2;53;57;79m▀▀[48;2;16;16;16m▀[49m▀[0m  [38;2;16;16;16;48;2;16;16;16m▀[38;2;65;90;106;48;2;65;90;106m▀[38;2;123;156;180m▀[38;2;16;16;16;48;2;16;16;16m▀[0m
[0m                         [38;2;16;16;16;48;2;16;16;16m▀[38;2;65;90;106;48;2;65;90;106m▀▀[48;2;16;16;16m▀[38;2;16;16;16;49m▀▀[0m       [38;2;16;16;16;48;2;16;16;16m▀[38;2;53;57;79m▀▀[38;2;16;16;16;49m▀[0m   [38;2;53;57;79;48;2;16;16;16m▀[48;2;65;90;106m▀[38;2;65;90;106m▀[48;2;16;16;16m▀[38;2;16;16;16;49m▀[0m
[0m                          [38;2;16;16;16m▀▀[0m                 [38;2;16;16;16m▀▀▀▀[0m
