[0m                   [38;2;91;64;72m▄[48;2;148;65;106m▀[48;2;238;90;98m▀[38;2;16;16;16;49m▄[0m
[0m                  [38;2;91;64;72m▄[48;2;238;90;98m▀[38;2;238;90;98m▀[48;2;91;64;72m▀[38;2;16;16;16;49m▀[0m
[0m                 [38;2;91;64;72m▄[48;2;238;90;98m▀[38;2;238;90;98m▀[48;2;189;74;106m▀[38;2;16;16;16;48;2;16;16;16m▀[0m
[0m            [38;2;91;64;72m▄▄▄▄[48;2;148;65;106m▀[48;2;238;90;98m▀[38;2;238;90;98m▀▀[38;2;91;64;72;48;2;16;16;16m▀[0m
[0m         [38;2;148;65;106m▄[38;2;91;64;72;48;2;148;65;106m▀[48;2;238;90;98m▀[38;2;148;65;106;48;2;255;148;180m▀[38;2;255;148;180;48;2;255;255;255m▀▀[38;2;238;90;98;48;2;255;148;180m▀[48;2;238;90;98m▀▀▀▀[38;2;16;16;16m▀[38;2;91;64;72;48;2;148;65;106m▀[38;2;16;16;16;49m▄[0m
[0m    [38;2;49;57;98m▄▄▄▄[38;2;148;65;106;48;2;49;115;156m▀[38;2;238;90;98;48;2;238;90;98m▀▀▀[38;2;255;148;180m▀[38;2;255;255;255;48;2;255;148;180m▀▀[38;2;255;148;180;48;2;238;90;98m▀[38;2;238;90;98m▀▀[48;2;255;213;98m▀▀▀[48;2;238;90;98m▀▀[38;2;16;16;16m▀[49m▄[0m
[0m   [38;2;16;16;16;48;2;16;16;16m▀[38;2;139;213;255;48;2;74;156;213m▀[38;2;255;255;255;48;2;139;213;255m▀▀[38;2;139;213;255;48;2;74;156;213m▀[38;2;49;115;156m▀[38;2;49;57;98m▀▀[38;2;238;90;98;48;2;49;57;98m▀[48;2;16;16;16m▀[48;2;238;90;98m▀▀▀▀[38;2;255;213;98;48;2;91;64;72m▀[38;2;16;16;16m▀[48;2;255;213;98m▀[48;2;91;64;72m▀[38;2;255;213;98m▀[38;2;238;90;98;48;2;180;148;74m▀[38;2;189;74;106;48;2;148;65;106m▀[38;2;16;16;16m▀[49m▄[0m
[0m    [38;2;16;16;16m▀[38;2;49;115;156;48;2;16;16;16m▀[38;2;74;156;213m▀[48;2;49;115;156m▀[48;2;74;156;213m▀▀▀▀▀[38;2;16;16;16m▀[38;2;238;90;98;48;2;16;16;16m▀[48;2;189;74;106m▀▀[38;2;16;16;16;48;2;16;16;16m▀[38;2;255;213;98;48;2;180;148;74m▀[38;2;16;16;16;48;2;16;16;16m▀[38;2;255;213;98;48;2;180;148;74m▀[38;2;16;16;16;48;2;16;16;16m▀[38;2;180;148;74;48;2;180;148;74m▀[38;2;148;65;106;48;2;148;65;106m▀▀[38;2;16;16;16;48;2;16;16;16m▀[0m     [38;2;49;115;156m▄▄[48;2;255;255;255m▀▀[48;2;139;213;255m▀[38;2;49;57;98;49m▄[0m
[0m       [38;2;16;16;16;48;2;91;64;72m▀[48;2;148;65;106m▀▀[38;2;49;115;156;48;2;16;16;16m▀[38;2;74;156;213m▀▀[38;2;49;115;156m▀[38;2;16;16;16;48;2;148;65;106m▀[38;2;148;65;106m▀▀[38;2;91;64;72;48;2;180;148;74m▀[48;2;16;16;16m▀[38;2;180;148;74m▀[38;2;91;64;72m▀[48;2;180;148;74m▀[38;2;180;148;74;48;2;148;65;106m▀[38;2;148;65;106m▀[48;2;91;64;72m▀[38;2;16;16;16;49m▀[0m   [38;2;49;115;156m▄[48;2;74;156;213m▀[38;2;74;156;213m▀[38;2;139;213;255m▀[38;2;255;255;255;48;2;139;213;255m▀▀[38;2;139;213;255;48;2;74;156;213m▀[38;2;49;57;98;48;2;49;57;98m▀[0m
[0m        [38;2;91;64;72m▀[38;2;148;65;106;48;2;16;16;16m▀[48;2;91;64;72m▀[48;2;148;65;106m▀▀▀▀▀▀▀[38;2;180;148;74m▀▀▀[38;2;148;65;106m▀▀[48;2;91;64;72m▀[38;2;91;64;72;49m▀[0m  [38;2;16;16;16m▄[38;2;49;115;156;48;2;74;156;213m▀[38;2;74;156;213m▀▀▀▀▀▀[48;2;49;57;98m▀[38;2;49;57;98;49m▀[0m
[38;2;16;16;16;49m▄[48;2;49;115;156m▀[38;2;49;115;156;48;2;255;255;255m▀▀[48;2;139;213;255m▀[48;2;74;156;213m▀[38;2;49;57;98;49m▄▄▄[0m  [38;2;16;16;16m▀▀[38;2;91;64;72m▀[38;2;148;65;106;48;2;16;16;16m▀▀▀▀[48;2;91;64;72m▀▀▀[38;2;91;64;72;49m▀▀[0m   [38;2;16;16;16;48;2;16;16;16m▀[38;2;49;115;156;48;2;74;156;213m▀[38;2;74;156;213m▀▀▀▀▀▀[48;2;49;57;98m▀[38;2;49;57;98;49m▀[0m
[38;2;16;16;16;48;2;16;16;16m▀[38;2;139;213;255;48;2;74;156;213m▀[38;2;255;255;255;48;2;139;213;255m▀▀[38;2;139;213;255;48;2;74;156;213m▀[38;2;74;156;213m▀▀▀▀[38;2;49;57;98m▀▀[38;2;16;16;16;49m▄[38;2;49;57;98m▄[0m      [38;2;91;64;72m▄▄▄▄[0m  [38;2;16;16;16;48;2;16;16;16m▀[38;2;49;115;156;48;2;49;115;156m▀[38;2;74;156;213m▀[48;2;74;156;213m▀▀▀[48;2;49;115;156m▀▀[38;2;49;115;156;48;2;49;57;98m▀[38;2;49;57;98;49m▀[0m
[0m [38;2;16;16;16m▀[38;2;74;156;213;48;2;16;16;16m▀[48;2;74;156;213m▀▀▀▀▀▀▀▀▀[38;2;49;57;98m▀[38;2;16;16;16;48;2;49;115;156m▀[38;2;49;57;98;49m▄[0m [38;2;16;16;16m▄[38;2;91;64;72;48;2;255;148;180m▀▀[38;2;238;90;98;48;2;238;90;98m▀▀▀[38;2;148;65;106m▀[38;2;49;57;98;48;2;49;115;156m▀[38;2;16;16;16;48;2;16;16;16m▀[38;2;49;115;156;48;2;49;115;156m▀▀▀▀▀▀[48;2;16;16;16m▀[38;2;16;16;16;49m▀[0m
[0m   [38;2;16;16;16m▀▀[38;2;74;156;213;48;2;16;16;16m▀▀▀[48;2;74;156;213m▀▀▀▀[48;2;49;115;156m▀[38;2;49;115;156m▀▀[38;2;16;16;16;48;2;49;57;98m▀[38;2;255;148;180;48;2;255;148;180m▀[38;2;255;255;255;48;2;255;255;255m▀▀[38;2;255;148;180;48;2;255;148;180m▀[38;2;238;90;98;48;2;238;90;98m▀▀[48;2;74;156;213m▀[38;2;49;57;98;48;2;49;57;98m▀[38;2;49;115;156;48;2;49;115;156m▀▀▀▀[48;2;16;16;16m▀[38;2;49;57;98m▀[38;2;16;16;16;49m▀[0m
[0m        [38;2;49;57;98m▀▀▀[38;2;49;115;156;48;2;49;57;98m▀▀▀[48;2;16;16;16m▀[38;2;74;156;213;48;2;74;156;213m▀[38;2;238;90;98;48;2;238;90;98m▀[38;2;255;148;180m▀▀[38;2;238;90;98m▀▀[48;2;74;156;213m▀[38;2;74;156;213m▀[38;2;49;57;98m▀[38;2;49;115;156;48;2;16;16;16m▀▀[38;2;16;16;16;48;2;238;90;98m▀[48;2;91;64;72m▀[0m
[0m              [38;2;16;16;16;48;2;16;16;16m▀[38;2;74;156;213;48;2;74;156;213m▀▀[38;2;238;90;98m▀▀▀[38;2;74;156;213m▀▀▀▀▀▀[38;2;238;90;98;48;2;189;74;106m▀[38;2;189;74;106;48;2;148;65;106m▀[38;2;91;64;72;48;2;16;16;16m▀[0m
[0m              [38;2;16;16;16m▀[38;2;49;115;156;48;2;49;57;98m▀[38;2;74;156;213;48;2;49;115;156m▀▀[48;2;74;156;213m▀▀▀▀▀[48;2;49;115;156m▀▀[38;2;189;74;106;48;2;148;65;106m▀[38;2;148;65;106m▀▀[38;2;16;16;16;48;2;16;16;16m▀[0m
[0m               [38;2;49;57;98m▀[38;2;49;115;156;48;2;16;16;16m▀[48;2;49;115;156m▀▀▀▀▀[48;2;148;65;106m▀▀[38;2;148;65;106m▀▀▀[48;2;91;64;72m▀[38;2;16;16;16;49m▀[0m
[0m                 [38;2;16;16;16m▀[38;2;148;65;106;48;2;16;16;16m▀▀[48;2;148;65;106m▀▀▀▀▀▀[48;2;16;16;16m▀[38;2;16;16;16;49m▀[0m
[0m                    [38;2;16;16;16m▀▀[38;2;49;57;98;48;2;16;16;16m▀[48;2;49;115;156m▀[38;2;49;115;156;48;2;49;57;98m▀[38;2;16;16;16;48;2;16;16;16m▀[0m
[0m                    [38;2;49;57;98m▄[48;2;49;115;156m▀[38;2;49;115;156m▀▀[38;2;16;16;16;48;2;16;16;16m▀[0m
[0m                 [38;2;49;57;98m▄[38;2;49;115;156;48;2;49;115;156m▀[38;2;49;57;98;48;2;74;156;213m▀[38;2;49;115;156m▀▀[48;2;49;115;156m▀[48;2;49;57;98m▀[38;2;16;16;16;48;2;16;16;16m▀[0m
[0m               [38;2;49;115;156m▄[48;2;139;213;255m▀[38;2;74;156;213m▀[48;2;74;156;213m▀▀▀▀[48;2;49;115;156m▀[38;2;16;16;16;48;2;16;16;16m▀[0m
[0m              [38;2;49;57;98m▄[38;2;49;115;156;48;2;139;213;255m▀[38;2;255;255;255;48;2;255;255;255m▀▀[38;2;139;213;255;48;2;139;213;255m▀[38;2;74;156;213;48;2;74;156;213m▀▀[48;2;49;115;156m▀[38;2;16;16;16;48;2;16;16;16m▀[0m
[0m              [38;2;16;16;16;48;2;16;16;16m▀[38;2;74;156;213;48;2;74;156;213m▀[38;2;139;213;255m▀▀[38;2;74;156;213m▀▀[48;2;16;16;16m▀[38;2;16;16;16;49m▀[0m
[0m              [38;2;16;16;16m▀[38;2;49;57;98;48;2;16;16;16m▀[38;2;74;156;213m▀▀[38;2;16;16;16;49m▀▀[0m
