[0m                      [38;2;123;49;41m▄[48;2;238;123;139m▀▀▀▀▀▀▀[38;2;90;41;32m▀[48;2;230;90;98m▀▀▀▀[38;2;16;16;16m▀[48;2;189;49;82m▀▀▀[49m▄[0m
[0m                  [38;2;123;49;41m▄▄▄▄[48;2;90;41;32m▀[38;2;230;90;98m▀▀▀▀▀▀▀▀[38;2;189;49;82m▀▀▀▀▀▀▀[48;2;16;16;16m▀[38;2;16;16;16m▀[49m▄▄[0m
[0m             [38;2;123;49;41m▄[48;2;230;90;98m▀▀▀[38;2;189;49;82m▀[38;2;238;123;139m▀[48;2;238;123;139m▀▀▀[48;2;230;90;98m▀▀▀▀▀▀▀▀▀▀▀▀▀[38;2;230;90;98m▀[48;2;189;49;82m▀▀▀▀▀[38;2;123;49;41m▀▀[38;2;16;16;16m▀▀▀▀▀[38;2;123;49;41;49m▄[38;2;16;16;16m▄[0m
[0m            [38;2;123;49;41;48;2;123;49;41m▀[38;2;230;90;98;48;2;230;90;98m▀▀▀▀▀[38;2;238;123;139m▀[48;2;238;123;139m▀▀[38;2;230;90;98m▀[38;2;238;123;139;48;2;230;90;98m▀[38;2;230;90;98m▀▀▀▀▀▀▀▀▀▀▀▀▀[48;2;189;49;82m▀[38;2;189;49;82;48;2;230;90;98m▀[48;2;189;49;82m▀▀▀▀▀▀▀▀▀▀▀[38;2;41;57;74;48;2;16;16;16m▀[0m
[0m            [38;2;123;49;41;48;2;123;49;41m▀[38;2;230;90;98;48;2;230;90;98m▀▀▀▀▀[38;2;238;123;139m▀[48;2;238;123;139m▀▀[38;2;230;90;98m▀[38;2;238;123;139;48;2;230;90;98m▀[38;2;230;90;98m▀▀▀▀▀▀▀▀▀▀▀▀▀[48;2;189;49;82m▀[38;2;189;49;82;48;2;230;90;98m▀[48;2;189;49;82m▀▀▀▀▀▀▀▀▀▀▀[38;2;16;16;16;48;2;16;16;16m▀[0m
[0m            [38;2;123;49;41;48;2;90;41;32m▀[38;2;230;90;98;48;2;230;90;98m▀▀▀▀▀[38;2;238;123;139m▀[48;2;238;123;139m▀▀[38;2;230;90;98m▀[38;2;238;123;139;48;2;230;90;98m▀[38;2;230;90;98m▀▀▀▀▀▀▀▀▀▀▀▀▀[48;2;189;49;82m▀[38;2;189;49;82;48;2;230;90;98m▀[48;2;189;49;82m▀▀▀▀▀▀▀▀▀▀▀[38;2;16;16;16;48;2;16;16;16m▀[0m
[0m            [38;2;90;41;32;48;2;90;41;32m▀[38;2;230;90;98;48;2;230;90;98m▀▀▀▀▀[38;2;238;123;139m▀[48;2;238;123;139m▀▀[38;2;230;90;98m▀[38;2;238;123;139;48;2;230;90;98m▀[38;2;230;90;98m▀▀[48;2;123;49;41m▀[48;2;230;90;98m▀▀▀▀▀▀▀▀▀[38;2;189;49;82m▀[38;2;230;90;98;48;2;189;49;82m▀[38;2;189;49;82;48;2;230;90;98m▀[48;2;189;49;82m▀▀▀▀▀▀▀▀▀▀▀[38;2;16;16;16;48;2;16;16;16m▀[0m
[0m            [38;2;90;41;32m▀[38;2;230;90;98;48;2;16;16;16m▀[48;2;189;49;82m▀▀▀▀[38;2;238;123;139m▀[48;2;238;123;139m▀▀[38;2;230;90;98m▀[38;2;238;123;139;48;2;230;90;98m▀[38;2;230;90;98;48;2;123;49;41m▀[38;2;123;49;41;48;2;189;49;82m▀[38;2;189;49;82;48;2;123;49;41m▀[38;2;123;49;41m▀[38;2;230;90;98m▀[48;2;230;90;98m▀▀▀▀▀[48;2;189;49;82m▀▀[38;2;189;49;82m▀[38;2;230;90;98m▀[38;2;189;49;82m▀▀▀▀▀[48;2;123;49;41m▀▀▀▀▀▀[38;2;123;49;41m▀[38;2;16;16;16;48;2;16;16;16m▀[0m
[0m              [38;2;16;16;16m▀▀▀▀▀[38;2;123;49;41;48;2;41;57;74m▀[48;2;197;205;222m▀▀[48;2;16;16;16m▀[38;2;189;49;82m▀[38;2;16;16;16m▀▀▀▀[38;2;123;49;41m▀[48;2;41;57;74m▀[48;2;197;205;222m▀▀▀▀[48;2;41;57;74m▀[48;2;16;16;16m▀▀▀▀▀[48;2;41;57;74m▀[49m▀[38;2;41;57;74m▀[38;2;16;16;16m▀▀▀▀▀▀[0m
[0m                  [38;2;41;57;74;48;2;41;57;74m▀[38;2;197;205;222;48;2;197;205;222m▀[38;2;255;255;255;48;2;255;255;255m▀[38;2;24;74;131;48;2;24;74;131m▀[38;2;41;57;74;48;2;41;57;74m▀▀[38;2;16;16;16;48;2;16;16;16m▀▀▀▀▀[38;2;197;205;222;48;2;197;205;222m▀[38;2;255;255;255;48;2;24;74;131m▀[38;2;24;74;131;48;2;57;98;172m▀[48;2;24;74;131m▀[38;2;197;205;222;48;2;197;205;222m▀▀[38;2;16;16;16;48;2;16;16;16m▀▀▀▀▀[38;2;41;57;74;49m▄[0m
[0m                  [38;2;41;57;74m▀[38;2;255;255;255;48;2;16;16;16m▀[38;2;90;123;205;48;2;255;255;255m▀[48;2;123;49;41m▀[38;2;41;57;74;48;2;230;90;98m▀[38;2;230;90;98;48;2;189;49;82m▀[48;2;230;90;98m▀▀[38;2;41;57;74m▀[38;2;16;16;16;48;2;41;57;74m▀▀[38;2;255;255;255;48;2;197;205;222m▀[38;2;24;74;131;48;2;129;170;244m▀[38;2;57;98;172;48;2;90;123;205m▀[38;2;24;74;131;48;2;129;170;244m▀[38;2;255;255;255;48;2;255;255;255m▀[48;2;197;205;222m▀[38;2;16;16;16;48;2;16;16;16m▀▀▀[48;2;24;74;131m▀[38;2;57;98;172;48;2;57;98;172m▀[38;2;90;123;205;48;2;90;123;205m▀[38;2;41;57;74m▀[49m▄[0m
[0m                   [38;2;123;49;41m▄[48;2;238;123;139m▀[38;2;238;123;139;48;2;189;49;82m▀[38;2;189;49;82;48;2;230;90;98m▀[38;2;230;90;98m▀▀▀▀[48;2;189;49;82m▀[38;2;41;57;74m▀[48;2;41;57;74m▀[38;2;197;205;222m▀▀▀▀[38;2;41;57;74;48;2;16;16;16m▀[48;2;90;123;205m▀[38;2;90;123;205;48;2;24;74;131m▀[48;2;90;123;205m▀▀▀▀▀[38;2;41;57;74m▀[48;2;41;57;74m▀[48;2;129;170;244m▀▀▀▀▀[38;2;16;16;16;49m▄[0m
[0m          [38;2;24;74;131m▄[48;2;129;170;244m▀▀▀▀▀[38;2;41;57;74;48;2;90;123;205m▀[38;2;123;49;41;49m▄[48;2;238;123;139m▀[38;2;238;123;139m▀[38;2;189;49;82;48;2;230;90;98m▀[38;2;230;90;98m▀▀▀▀▀▀[38;2;123;49;41;48;2;123;49;41m▀[38;2;189;49;82;48;2;189;49;82m▀[38;2;41;57;74;48;2;41;57;74m▀[48;2;16;16;16m▀▀[38;2;16;16;16m▀[48;2;90;123;205m▀[38;2;90;123;205;48;2;129;170;244m▀[38;2;129;170;244m▀▀[38;2;24;74;131m▀[38;2;90;123;205;48;2;24;74;131m▀▀[38;2;24;74;131;48;2;90;123;205m▀[38;2;90;123;205m▀▀[38;2;41;57;74m▀[38;2;129;170;244;48;2;41;57;74m▀[48;2;129;170;244m▀[48;2;90;123;205m▀▀[38;2;90;123;205m▀[38;2;16;16;16m▀[49m▄[0m
[0m         [38;2;24;74;131;48;2;41;57;74m▀[38;2;129;170;244;48;2;90;123;205m▀▀▀▀▀[38;2;90;123;205;48;2;41;57;74m▀[38;2;123;49;41;48;2;238;123;139m▀[38;2;238;123;139m▀[48;2;123;49;41m▀[38;2;123;49;41;48;2;230;90;98m▀[38;2;230;90;98m▀▀▀▀▀▀[38;2;189;49;82;48;2;123;49;41m▀[48;2;189;49;82m▀▀[38;2;41;57;74;48;2;41;57;74m▀[38;2;16;16;16;48;2;16;16;16m▀▀[38;2;90;123;205;48;2;129;170;244m▀[38;2;129;170;244m▀▀[48;2;90;123;205m▀▀▀▀[38;2;24;74;131;48;2;24;74;131m▀[38;2;90;123;205;48;2;90;123;205m▀▀▀▀[38;2;41;57;74m▀[38;2;90;123;205;48;2;41;57;74m▀[38;2;41;57;74m▀[48;2;129;170;244m▀▀▀▀▀▀[38;2;16;16;16;49m▄[0m
[0m       [38;2;41;57;74m▄[48;2;57;98;172m▀[38;2;57;98;172;48;2;90;123;205m▀[38;2;90;123;205;48;2;41;57;74m▀[38;2;41;57;74;48;2;90;123;205m▀[38;2;24;74;131;48;2;41;57;74m▀[38;2;90;123;205m▀[38;2;41;57;74;48;2;238;123;139m▀[38;2;238;123;139m▀[48;2;123;49;41m▀[38;2;123;49;41;48;2;230;90;98m▀[38;2;230;90;98m▀▀▀▀▀▀▀[48;2;189;49;82m▀[38;2;123;49;41m▀[38;2;189;49;82m▀▀▀[38;2;16;16;16;48;2;16;16;16m▀▀[38;2;90;123;205;48;2;90;123;205m▀▀▀▀▀▀▀▀[38;2;24;74;131;48;2;24;74;131m▀[38;2;90;123;205;48;2;90;123;205m▀▀▀▀[38;2;41;57;74;48;2;41;57;74m▀[38;2;129;170;244;48;2;129;170;244m▀▀▀▀▀▀▀[38;2;41;57;74;48;2;90;123;205m▀[38;2;16;16;16;49m▄[0m
[0m     [38;2;41;57;74m▄[48;2;90;123;205m▀[38;2;57;98;172;48;2;57;98;172m▀[38;2;24;74;131;48;2;24;74;131m▀[38;2;90;123;205;48;2;90;123;205m▀[38;2;41;57;74;48;2;41;57;74m▀[38;2;90;123;205m▀[38;2;41;57;74;48;2;238;123;139m▀[38;2;238;123;139m▀[48;2;230;90;98m▀[38;2;189;49;82m▀[38;2;230;90;98m▀▀▀▀▀▀▀▀▀[38;2;189;49;82;48;2;189;49;82m▀▀▀▀▀[38;2;16;16;16;48;2;41;57;74m▀[48;2;16;16;16m▀[38;2;90;123;205;48;2;90;123;205m▀▀▀▀▀▀▀▀[38;2;24;74;131;48;2;24;74;131m▀[38;2;90;123;205;48;2;90;123;205m▀▀▀[38;2;41;57;74;48;2;41;57;74m▀[38;2;129;170;244;48;2;129;170;244m▀[38;2;90;123;205;48;2;41;57;74m▀[38;2;41;57;74m▀▀[38;2;129;170;244;48;2;129;170;244m▀▀▀[48;2;57;98;172m▀[38;2;57;98;172;48;2;90;123;205m▀[38;2;16;16;16m▀[49m▄[0m
[0m   [38;2;41;57;74m▄[48;2;90;123;205m▀[38;2;90;123;205;48;2;57;98;172m▀[38;2;57;98;172m▀[38;2;24;74;131;48;2;24;74;131m▀[38;2;90;123;205;48;2;90;123;205m▀[48;2;41;57;74m▀[38;2;41;57;74;48;2;238;123;139m▀[38;2;238;123;139m▀▀[38;2;230;90;98;48;2;230;90;98m▀▀▀▀▀▀▀▀▀▀▀[38;2;189;49;82;48;2;123;49;41m▀[48;2;189;49;82m▀▀▀▀▀[38;2;41;57;74;48;2;41;57;74m▀[38;2;16;16;16;48;2;16;16;16m▀[38;2;90;123;205;48;2;90;123;205m▀▀▀▀▀▀▀▀▀[38;2;24;74;131;48;2;24;74;131m▀[38;2;90;123;205;48;2;90;123;205m▀[48;2;41;57;74m▀[38;2;24;74;131;48;2;129;170;244m▀[38;2;129;170;244m▀[38;2;41;57;74;48;2;41;57;74m▀[38;2;129;170;244;48;2;129;170;244m▀[38;2;41;57;74;48;2;41;57;74m▀[38;2;129;170;244;48;2;129;170;244m▀▀▀[38;2;24;74;131;48;2;24;74;131m▀[38;2;90;123;205;48;2;90;123;205m▀▀▀[38;2;16;16;16;48;2;16;16;16m▀[0m
[0m   [38;2;41;57;74m▀[38;2;57;98;172;48;2;41;57;74m▀▀▀[38;2;24;74;131m▀[38;2;41;57;74;48;2;238;123;139m▀[38;2;238;123;139m▀▀[48;2;189;49;82m▀[38;2;189;49;82;48;2;230;90;98m▀[38;2;230;90;98m▀▀▀▀▀▀▀▀▀▀▀[38;2;123;49;41;48;2;123;49;41m▀[38;2;189;49;82;48;2;189;49;82m▀▀▀▀▀▀[38;2;41;57;74;48;2;41;57;74m▀[38;2;90;123;205;48;2;90;123;205m▀▀▀▀▀▀▀▀▀[38;2;24;74;131m▀[38;2;90;123;205;48;2;41;57;74m▀[38;2;41;57;74;48;2;129;170;244m▀[38;2;129;170;244m▀▀[38;2;41;57;74;48;2;41;57;74m▀▀[48;2;90;123;205m▀[38;2;129;170;244;48;2;129;170;244m▀▀[38;2;57;98;172;48;2;24;74;131m▀[38;2;90;123;205;48;2;90;123;205m▀▀▀▀▀[38;2;16;16;16;48;2;16;16;16m▀[0m
[0m     [38;2;123;49;41m▄[48;2;238;123;139m▀[38;2;238;123;139m▀▀[48;2;189;49;82m▀[38;2;189;49;82;48;2;230;90;98m▀[38;2;230;90;98m▀▀▀▀▀▀▀▀▀▀▀▀[38;2;123;49;41;48;2;123;49;41m▀[38;2;189;49;82;48;2;189;49;82m▀▀▀▀▀▀▀[38;2;41;57;74;48;2;41;57;74m▀[38;2;90;123;205;48;2;90;123;205m▀▀▀▀▀▀▀▀▀[48;2;41;57;74m▀[38;2;41;57;74;48;2;129;170;244m▀[38;2;129;170;244m▀▀▀▀▀▀▀[48;2;57;98;172m▀[38;2;24;74;131;48;2;90;123;205m▀[38;2;90;123;205m▀▀▀▀▀▀[38;2;16;16;16;48;2;16;16;16m▀[0m
[0m   [38;2;123;49;41m▄[48;2;238;123;139m▀[38;2;238;123;139m▀▀[48;2;189;49;82m▀[38;2;189;49;82;48;2;123;49;41m▀[38;2;123;49;41;48;2;230;90;98m▀[38;2;230;90;98m▀▀▀▀▀▀▀▀▀▀▀▀▀[38;2;123;49;41;48;2;123;49;41m▀[38;2;189;49;82m▀▀▀[48;2;189;49;82m▀▀▀▀[38;2;41;57;74m▀[38;2;90;123;205;48;2;41;57;74m▀[48;2;90;123;205m▀▀▀▀▀▀▀▀[38;2;41;57;74m▀[38;2;129;170;244;48;2;41;57;74m▀[48;2;90;123;205m▀▀[48;2;129;170;244m▀▀▀[48;2;24;74;131m▀[38;2;24;74;131;48;2;90;123;205m▀[38;2;57;98;172m▀[38;2;90;123;205m▀▀▀▀▀▀▀▀[38;2;41;57;74;48;2;24;74;131m▀[38;2;16;16;16;49m▄[0m
[0m  [38;2;123;49;41;48;2;123;49;41m▀[38;2;230;90;98;48;2;238;123;139m▀[38;2;238;123;139m▀[48;2;230;90;98m▀[48;2;123;49;41m▀[38;2;123;49;41;48;2;230;90;98m▀[38;2;230;90;98m▀▀▀▀▀▀▀▀▀▀▀▀▀▀▀▀▀▀▀[38;2;189;49;82m▀[38;2;123;49;41m▀▀▀[38;2;189;49;82m▀[48;2;189;49;82m▀[38;2;41;57;74m▀▀[38;2;90;123;205;48;2;41;57;74m▀[48;2;90;123;205m▀▀▀▀▀▀[38;2;41;57;74m▀[38;2;90;123;205;48;2;41;57;74m▀[48;2;90;123;205m▀▀▀▀▀[38;2;24;74;131m▀[48;2;24;74;131m▀[38;2;90;123;205m▀▀▀▀[48;2;16;16;16m▀▀▀▀[38;2;24;74;131m▀[38;2;16;16;16;49m▀[0m
[0m  [38;2;16;16;16m▀[38;2;230;90;98;48;2;16;16;16m▀[48;2;189;49;82m▀[38;2;189;49;82m▀[38;2;123;49;41m▀[38;2;189;49;82;48;2;123;49;41m▀[48;2;189;49;82m▀▀▀▀▀▀[38;2;230;90;98m▀▀▀▀[48;2;123;49;41m▀▀▀▀▀▀[48;2;230;90;98m▀▀▀▀▀▀▀▀▀▀▀[38;2;41;57;74m▀[38;2;90;123;205;48;2;41;57;74m▀[48;2;90;123;205m▀▀▀▀▀▀[38;2;41;57;74m▀[38;2;90;123;205;48;2;41;57;74m▀[48;2;90;123;205m▀▀▀▀[38;2;24;74;131;48;2;24;74;131m▀[38;2;90;123;205;48;2;90;123;205m▀▀▀▀▀▀[38;2;16;16;16;48;2;16;16;16m▀[0m
[0m    [38;2;16;16;16m▀[38;2;189;49;82;48;2;16;16;16m▀[48;2;189;49;82m▀▀[38;2;123;49;41m▀[38;2;189;49;82;48;2;123;49;41m▀[48;2;189;49;82m▀▀▀▀▀▀▀▀▀▀▀▀▀▀[38;2;123;49;41m▀▀▀▀▀▀▀▀[38;2;230;90;98;48;2;123;49;41m▀▀▀▀[38;2;41;57;74;48;2;41;57;74m▀[38;2;90;123;205;48;2;90;123;205m▀▀▀▀▀▀▀[38;2;24;74;131;48;2;24;74;131m▀[38;2;41;57;74;48;2;57;98;172m▀▀[38;2;90;123;205;48;2;41;57;74m▀[38;2;24;74;131;48;2;16;16;16m▀[38;2;90;123;205m▀▀▀▀▀[38;2;41;57;74m▀[38;2;16;16;16;49m▀[0m
[0m  [38;2;41;57;74;48;2;41;57;74m▀▀[49m▄[38;2;16;16;16;48;2;16;16;16m▀[38;2;189;49;82;48;2;189;49;82m▀[38;2;41;57;74;48;2;41;57;74m▀▀[38;2;189;49;82m▀[38;2;123;49;41m▀[38;2;189;49;82m▀[38;2;41;57;74m▀▀▀[38;2;189;49;82;48;2;189;49;82m▀▀[48;2;41;57;74m▀[38;2;41;57;74m▀▀[38;2;189;49;82;48;2;189;49;82m▀▀[48;2;41;57;74m▀▀▀[48;2;189;49;82m▀▀[48;2;41;57;74m▀▀▀[48;2;189;49;82m▀[48;2;41;57;74m▀▀[48;2;189;49;82m▀[48;2;41;57;74m▀[38;2;41;57;74;48;2;90;123;205m▀[38;2;90;123;205m▀▀▀▀▀▀▀[48;2;129;170;244m▀[38;2;129;170;244m▀[38;2;24;74;131;48;2;24;74;131m▀[38;2;90;123;205;48;2;90;123;205m▀[38;2;57;98;172m▀▀[48;2;57;98;172m▀[48;2;24;74;131m▀▀▀▀[38;2;16;16;16;48;2;57;98;172m▀[49m▄[0m
[38;2;16;16;16;48;2;16;16;16m▀[38;2;41;57;74m▀[48;2;41;57;74m▀[38;2;57;74;90;48;2;57;74;90m▀▀[38;2;41;57;74m▀[48;2;41;57;74m▀▀▀▀▀▀▀▀▀▀▀▀▀▀▀[38;2;189;49;82m▀[38;2;41;57;74m▀▀▀▀[38;2;189;49;82m▀[38;2;41;57;74m▀▀▀[38;2;189;49;82m▀[38;2;41;57;74m▀▀[48;2;16;16;16m▀[38;2;90;123;205m▀[48;2;129;170;244m▀▀▀▀[38;2;129;170;244;48;2;90;123;205m▀[48;2;57;98;172m▀▀▀▀▀[38;2;24;74;131m▀▀▀▀▀[38;2;90;123;205m▀[38;2;57;98;172;48;2;90;123;205m▀[38;2;90;123;205;48;2;57;98;172m▀[48;2;90;123;205m▀[48;2;16;16;16m▀[38;2;16;16;16;49m▀[0m
[0m [38;2;16;16;16m▄[48;2;41;57;74m▀[38;2;57;74;90;48;2;57;74;90m▀▀▀[38;2;41;57;74m▀▀[38;2;57;74;90m▀▀[38;2;41;57;74m▀▀[48;2;41;57;74m▀[48;2;57;74;90m▀▀▀[48;2;41;57;74m▀▀[48;2;57;74;90m▀▀▀▀[48;2;41;57;74m▀▀▀▀▀▀▀▀▀▀[48;2;16;16;16m▀[38;2;16;16;16m▀[48;2;57;98;172m▀[38;2;57;98;172m▀▀▀▀▀▀▀▀▀▀▀▀▀▀[48;2;90;123;205m▀[38;2;90;123;205;48;2;57;98;172m▀[38;2;57;98;172;48;2;90;123;205m▀[38;2;90;123;205m▀[38;2;16;16;16;48;2;16;16;16m▀[0m
[0m [38;2;16;16;16m▀▀▀[48;2;16;16;16m▀[38;2;57;74;90;48;2;57;74;90m▀▀▀▀▀▀▀[38;2;41;57;74m▀[38;2;57;74;90m▀▀▀[38;2;41;57;74m▀[38;2;57;74;90m▀▀▀▀▀▀[38;2;41;57;74;48;2;41;57;74m▀▀▀▀▀▀▀▀[38;2;16;16;16;48;2;16;16;16m▀▀[38;2;57;98;172m▀▀[48;2;57;98;172m▀▀▀▀▀▀▀▀▀▀▀▀▀▀▀[38;2;90;123;205;48;2;90;123;205m▀[48;2;24;74;131m▀[38;2;16;16;16;49m▀[0m
[0m   [38;2;16;16;16;48;2;16;16;16m▀[38;2;41;57;74;48;2;41;57;74m▀[38;2;57;74;90m▀▀▀[48;2;57;74;90m▀▀▀▀▀▀▀▀▀▀▀▀▀▀▀▀▀[38;2;41;57;74m▀[48;2;41;57;74m▀▀▀▀[48;2;16;16;16m▀▀[38;2;16;16;16m▀▀[48;2;57;98;172m▀[38;2;57;98;172m▀▀▀▀▀▀▀▀▀▀▀▀▀▀[38;2;90;123;205;48;2;90;123;205m▀[48;2;16;16;16m▀[38;2;16;16;16;49m▀[0m
[0m   [38;2;16;16;16m▀▀▀▄[38;2;41;57;74;48;2;41;57;74m▀[38;2;57;74;90m▀▀[48;2;57;74;90m▀▀[38;2;41;57;74;48;2;41;57;74m▀▀▀[38;2;57;74;90;48;2;57;74;90m▀▀▀[48;2;41;57;74m▀▀[48;2;57;74;90m▀▀[48;2;41;57;74m▀▀[48;2;57;74;90m▀[48;2;41;57;74m▀[38;2;41;57;74m▀▀▀▀[38;2;16;16;16;48;2;16;16;16m▀[38;2;57;98;172m▀[38;2;16;16;16;48;2;57;98;172m▀▀[38;2;57;98;172m▀▀▀▀▀▀▀▀▀[48;2;41;57;74m▀[48;2;16;16;16m▀▀▀▀[38;2;16;16;16;49m▀▀[0m
[0m      [38;2;16;16;16m▀[38;2;41;57;74;48;2;16;16;16m▀▀▀▀▀[48;2;41;57;74m▀▀▀▀[38;2;57;74;90;48;2;16;16;16m▀[38;2;41;57;74m▀▀[48;2;41;57;74m▀[38;2;57;74;90m▀▀[38;2;41;57;74;48;2;16;16;16m▀▀▀[48;2;41;57;74m▀[48;2;16;16;16m▀[38;2;16;16;16m▀▀[49m▀[48;2;16;16;16m▀▀[38;2;57;98;172m▀▀▀▀▀▀[38;2;16;16;16;49m▀▀▀▀▀[0m
[0m        [38;2;16;16;16m▀▀[0m [38;2;16;16;16m▀[48;2;16;16;16m▀▀▀▀[49m▀[0m [38;2;16;16;16m▀▀[48;2;16;16;16m▀▀▀[0m [38;2;16;16;16m▀[48;2;16;16;16m▀▀[0m
