[0m                                      [38;2;87;74;58m▄[38;2;156;123;41m▄[38;2;87;74;58;48;2;222;180;49m▀▀▀▀▀▀[49m▄▄[0m
[0m                                     [38;2;87;74;58;48;2;87;74;58m▀[38;2;222;180;49;48;2;156;123;41m▀▀[38;2;156;123;41m▀▀▀▀▀▀[38;2;222;180;49m▀▀[38;2;87;74;58;48;2;222;180;49m▀[49m▄[0m
[0m                                     [38;2;87;74;58m▀[38;2;156;123;41;48;2;87;74;58m▀[48;2;156;123;41m▀[48;2;87;74;58m▀[38;2;87;74;58;48;2;156;123;41m▀▀[38;2;156;123;41m▀▀[48;2;87;74;58m▀[48;2;156;123;41m▀▀[38;2;222;180;49m▀[38;2;87;74;58;48;2;87;74;58m▀[0m
[0m                                     [38;2;65;57;57m▄[38;2;98;90;98m▄[38;2;65;57;57;48;2;172;164;156m▀[38;2;0;0;0m▀▀▀[38;2;156;123;41;48;2;0;0;0m▀▀[48;2;156;123;41m▀[38;2;87;74;58;48;2;87;74;58m▀[49m▀▀[0m
[0m                                   [38;2;65;57;57m▄[48;2;172;164;156m▀[38;2;172;164;156m▀▀▀▀▀▀▀[38;2;131;115;115;48;2;131;115;115m▀[38;2;0;0;0m▀[49m▄[0m
[0m                          [38;2;131;115;115m▄[38;2;98;82;82m▄[38;2;0;0;0m▄[48;2;172;164;156m▀▀▀[48;2;131;115;115m▀[49m▄[48;2;0;0;0m▀[38;2;131;115;115;48;2;172;164;156m▀[38;2;172;164;156m▀▀▀▀▀▀▀[48;2;131;115;115m▀[38;2;131;115;115m▀▀[38;2;0;0;0m▀[49m▄[0m   [38;2;0;0;0m▄▄▄[0m
[0m                        [38;2;131;115;115m▄[48;2;205;197;172m▀[38;2;205;197;172m▀▀▀[38;2;0;0;0m▀[38;2;172;164;156;48;2;0;0;0m▀[38;2;131;115;115;48;2;131;115;115m▀[48;2;0;0;0m▀[38;2;0;0;0;48;2;156;123;41m▀[38;2;156;123;41;48;2;222;180;49m▀[38;2;222;180;49m▀▀▀▀▀▀[38;2;172;164;156m▀▀[38;2;131;115;115;48;2;131;115;115m▀▀▀▀[38;2;0;0;0;48;2;0;0;0m▀[49m▄[48;2;131;115;115m▀[48;2;172;164;156m▀[38;2;172;164;156m▀▀[38;2;131;115;115;48;2;131;115;115m▀[38;2;0;0;0;48;2;0;0;0m▀[0m
[0m                       [38;2;131;115;115;48;2;131;115;115m▀[38;2;205;197;172;48;2;205;197;172m▀▀▀▀▀▀[38;2;172;164;156;48;2;172;164;156m▀[38;2;98;82;82;48;2;0;0;0m▀[38;2;0;0;0;48;2;131;115;115m▀[38;2;222;180;49;48;2;172;164;156m▀▀[38;2;172;164;156;48;2;205;197;172m▀▀[48;2;172;164;156m▀▀▀▀[38;2;222;180;49m▀[48;2;131;115;115m▀[38;2;156;123;41;48;2;156;123;41m▀▀[38;2;131;115;115m▀[48;2;131;115;115m▀[38;2;0;0;0;48;2;0;0;0m▀[38;2;131;115;115;48;2;131;115;115m▀▀[38;2;172;164;156;48;2;172;164;156m▀▀▀▀[38;2;131;115;115;48;2;131;115;115m▀[38;2;0;0;0;48;2;0;0;0m▀[0m
[0m                      [38;2;131;115;115;48;2;131;115;115m▀[38;2;172;164;156;48;2;65;57;57m▀[38;2;205;197;172m▀[48;2;131;115;115m▀[48;2;205;197;172m▀▀[48;2;172;164;156m▀[38;2;172;164;156;48;2;131;115;115m▀[38;2;131;115;115;48;2;0;0;0m▀[38;2;0;0;0;48;2;131;115;115m▀[38;2;172;164;156;48;2;172;164;156m▀[48;2;205;197;172m▀[38;2;205;197;172m▀▀▀[48;2;172;164;156m▀[38;2;172;164;156m▀▀▀[48;2;131;115;115m▀[38;2;131;115;115m▀▀[38;2;156;123;41m▀[48;2;156;123;41m▀[38;2;0;0;0;48;2;0;0;0m▀[38;2;131;115;115;48;2;131;115;115m▀▀[38;2;172;164;156;48;2;172;164;156m▀[48;2;65;57;57m▀▀[48;2;131;115;115m▀[38;2;0;0;0;48;2;172;164;156m▀▀[38;2;98;82;82m▀▀[48;2;131;115;115m▀[49m▄[0m
[0m                      [38;2;131;115;115m▄[38;2;65;57;57;48;2;205;197;172m▀[38;2;205;197;172m▀▀[38;2;65;57;57m▀[48;2;172;164;156m▀[38;2;172;164;156;48;2;65;57;57m▀[38;2;131;115;115;48;2;0;0;0m▀[38;2;0;0;0;48;2;131;115;115m▀[38;2;172;164;156;48;2;172;164;156m▀▀[38;2;205;197;172m▀[48;2;205;197;172m▀▀[48;2;172;164;156m▀[38;2;172;164;156m▀▀▀[48;2;131;115;115m▀[38;2;131;115;115m▀▀▀▀[38;2;156;123;41m▀[38;2;0;0;0;48;2;0;0;0m▀[38;2;131;115;115m▀[38;2;0;0;0;48;2;131;115;115m▀[38;2;98;90;98m▀[38;2;172;164;156;48;2;172;164;156m▀▀▀▀▀[48;2;131;115;115m▀[38;2;131;115;115m▀[48;2;0;0;0m▀[38;2;0;0;0;49m▀[0m
[0m                     [38;2;98;82;82m▄[48;2;131;115;115m▀[38;2;205;197;172;48;2;205;197;172m▀▀▀[48;2;172;164;156m▀[38;2;172;164;156m▀[38;2;131;115;115;48;2;131;115;115m▀[38;2;0;0;0;48;2;0;0;0m▀[38;2;172;164;156;48;2;131;115;115m▀[48;2;172;164;156m▀▀▀▀▀▀▀[48;2;131;115;115m▀[38;2;131;115;115m▀▀▀▀▀▀▀[38;2;0;0;0;48;2;0;0;0m▀[38;2;131;115;115;48;2;131;115;115m▀▀[38;2;172;164;156;48;2;172;164;156m▀▀▀▀▀[48;2;131;115;115m▀[38;2;131;115;115m▀[48;2;0;0;0m▀[38;2;0;0;0;49m▀[0m
[0m                     [38;2;98;82;82;48;2;0;0;0m▀[38;2;172;164;156m▀[38;2;131;115;115;48;2;172;164;156m▀▀[38;2;172;164;156;48;2;131;115;115m▀▀[38;2;131;115;115m▀▀[38;2;0;0;0m▀[48;2;0;0;0m▀[38;2;131;115;115m▀[38;2;172;164;156m▀[48;2;131;115;115m▀▀▀[38;2;131;115;115m▀▀[48;2;0;0;0m▀[38;2;65;57;57m▀▀▀[48;2;131;115;115m▀[38;2;131;115;115m▀▀[48;2;65;57;57m▀[38;2;0;0;0;48;2;131;115;115m▀[38;2;131;115;115;48;2;0;0;0m▀[48;2;65;57;57m▀[38;2;98;90;98;48;2;172;164;156m▀[38;2;65;57;57m▀▀[38;2;98;90;98m▀[38;2;131;115;115;48;2;0;0;0m▀▀[38;2;0;0;0;48;2;65;57;57m▀[38;2;65;57;57m▀[38;2;0;0;0m▀▀▀[38;2;65;57;57;49m▄[0m
[0m                 [38;2;98;82;82m▄▄[48;2;222;180;49m▀[38;2;65;57;57m▀[38;2;98;90;98;48;2;156;123;41m▀[48;2;98;90;98m▀[38;2;0;0;0m▀▀[38;2;172;164;156;48;2;0;0;0m▀▀[38;2;131;115;115;48;2;172;164;156m▀[48;2;131;115;115m▀[48;2;0;0;0m▀[38;2;0;0;0;48;2;172;164;156m▀[38;2;98;90;98;48;2;0;0;0m▀[38;2;0;0;0m▀[38;2;222;180;49;48;2;222;180;49m▀[38;2;189;49;24;48;2;189;49;24m▀▀▀[38;2;222;180;49;48;2;222;180;49m▀[38;2;0;0;0;48;2;0;0;0m▀▀▀[48;2;131;115;115m▀[38;2;131;115;115m▀▀▀[38;2;65;57;57;48;2;65;57;57m▀[38;2;0;0;0;48;2;131;115;115m▀[38;2;131;115;115m▀[48;2;172;164;156m▀[38;2;172;164;156m▀▀▀[38;2;98;90;98;48;2;98;90;98m▀[38;2;131;115;115;48;2;131;115;115m▀[38;2;0;0;0;48;2;0;0;0m▀[38;2;65;57;57;48;2;65;57;57m▀▀[48;2;222;180;49m▀[38;2;156;123;41m▀[38;2;222;180;49m▀▀[38;2;65;57;57m▀▀[49m▄[0m
[0m              [38;2;65;57;57m▄[48;2;156;123;41m▀[48;2;222;180;49m▀[38;2;98;90;98m▀[48;2;98;90;98m▀[38;2;156;123;41m▀[38;2;222;180;49m▀[48;2;156;123;41m▀[48;2;222;180;49m▀[38;2;156;123;41m▀[38;2;98;90;98m▀[48;2;98;90;98m▀[48;2;65;57;57m▀[38;2;0;0;0m▀[38;2;172;164;156;48;2;98;90;98m▀[38;2;0;0;0;48;2;172;164;156m▀[38;2;172;164;156;48;2;65;57;57m▀[38;2;0;0;0;48;2;172;164;156m▀[48;2;0;0;0m▀▀[38;2;222;180;49m▀▀▀[38;2;0;0;0m▀▀[48;2;65;57;57m▀[38;2;98;90;98;48;2;131;115;115m▀[38;2;131;115;115m▀▀▀[38;2;65;57;57;48;2;65;57;57m▀[38;2;131;115;115;48;2;131;115;115m▀[48;2;98;90;98m▀▀[38;2;172;164;156m▀▀▀[38;2;98;90;98;48;2;131;115;115m▀[38;2;131;115;115;48;2;0;0;0m▀[38;2;0;0;0;48;2;65;57;57m▀[38;2;65;57;57m▀[38;2;156;123;41;48;2;222;180;49m▀[38;2;222;180;49m▀[48;2;98;90;98m▀[38;2;156;123;41m▀[38;2;98;90;98m▀▀[38;2;156;123;41m▀[38;2;222;180;49;48;2;65;57;57m▀▀[38;2;65;57;57;48;2;98;90;98m▀[49m▄[0m
[0m       [38;2;131;115;115m▄▄[0m   [38;2;0;0;0m▄[48;2;98;90;98m▀[38;2;156;123;41m▀[38;2;222;180;49m▀▀[48;2;156;123;41m▀[48;2;222;180;49m▀[38;2;156;123;41m▀[38;2;98;90;98m▀[48;2;98;90;98m▀▀[38;2;222;180;49;48;2;222;180;49m▀[48;2;156;123;41m▀[38;2;65;57;57m▀[48;2;65;57;57m▀▀[38;2;0;0;0m▀[38;2;172;164;156;48;2;98;90;98m▀[38;2;65;57;57;48;2;172;164;156m▀[38;2;172;164;156;48;2;98;90;98m▀[38;2;98;90;98;48;2;172;164;156m▀[38;2;0;0;0m▀[48;2;0;0;0m▀▀[48;2;65;57;57m▀[48;2;131;115;115m▀[38;2;65;57;57m▀[38;2;131;115;115m▀▀[48;2;65;57;57m▀[38;2;65;57;57;48;2;98;90;98m▀[48;2;172;164;156m▀[38;2;98;90;98m▀▀[38;2;172;164;156;48;2;65;57;57m▀[48;2;0;0;0m▀▀▀[38;2;131;115;115m▀▀[38;2;0;0;0;48;2;65;57;57m▀[38;2;65;57;57m▀[38;2;222;180;49;48;2;222;180;49m▀▀[38;2;156;123;41;48;2;98;90;98m▀[38;2;98;90;98m▀[48;2;222;180;49m▀[38;2;156;123;41m▀[38;2;222;180;49m▀▀[48;2;98;90;98m▀[48;2;156;123;41m▀[38;2;156;123;41;48;2;222;180;49m▀[38;2;65;57;57m▀[49m▄[0m
[0m    [38;2;131;115;115m▄[48;2;172;164;156m▀▀[38;2;172;164;156m▀▀[38;2;87;74;58m▀[38;2;0;0;0;49m▄[38;2;87;74;58;48;2;65;57;57m▀[38;2;0;0;0m▀▀▀[38;2;98;90;98;48;2;0;0;0m▀▀[48;2;98;90;98m▀[38;2;156;123;41m▀[38;2;222;180;49m▀[48;2;222;180;49m▀[48;2;156;123;41m▀[38;2;65;57;57m▀[48;2;65;57;57m▀[38;2;156;123;41;48;2;156;123;41m▀▀[38;2;65;57;57;48;2;65;57;57m▀▀[38;2;0;0;0;48;2;0;0;0m▀[38;2;98;90;98;48;2;172;164;156m▀[38;2;172;164;156m▀▀[38;2;98;90;98m▀[38;2;172;164;156;48;2;98;90;98m▀▀[38;2;131;115;115;48;2;172;164;156m▀[48;2;131;115;115m▀▀[48;2;65;57;57m▀▀[38;2;65;57;57;48;2;172;164;156m▀[38;2;172;164;156;48;2;131;115;115m▀▀[38;2;131;115;115m▀[38;2;65;57;57;48;2;0;0;0m▀[38;2;0;0;0;48;2;65;57;57m▀▀[38;2;65;57;57m▀▀▀▀▀▀[38;2;156;123;41;48;2;156;123;41m▀[38;2;222;180;49;48;2;222;180;49m▀[38;2;98;90;98;48;2;65;57;57m▀[48;2;98;90;98m▀[38;2;222;180;49;48;2;222;180;49m▀[48;2;156;123;41m▀[48;2;98;90;98m▀[38;2;98;90;98m▀▀▀[48;2;0;0;0m▀[38;2;0;0;0;48;2;172;164;156m▀▀[38;2;65;57;57;48;2;98;82;82m▀[38;2;0;0;0;49m▄[0m
[0m    [38;2;131;115;115m▀[48;2;0;0;0m▀[38;2;98;82;82;48;2;98;82;82m▀▀[38;2;131;115;115m▀[38;2;172;164;156;48;2;131;115;115m▀[48;2;172;164;156m▀[38;2;0;0;0m▀▀[38;2;65;57;57;48;2;0;0;0m▀▀[48;2;65;57;57m▀▀[38;2;0;0;0m▀[38;2;65;57;57;48;2;0;0;0m▀[48;2;65;57;57m▀[38;2;156;123;41m▀[48;2;156;123;41m▀▀[38;2;65;57;57;48;2;0;0;0m▀[38;2;156;123;41m▀[38;2;0;0;0;49m▀▀[38;2;65;57;57;48;2;65;57;57m▀[38;2;98;90;98;48;2;98;90;98m▀[38;2;65;57;57;48;2;65;57;57m▀[38;2;172;164;156;48;2;172;164;156m▀▀▀▀[38;2;131;115;115m▀[38;2;65;57;57m▀▀▀[38;2;172;164;156m▀[48;2;131;115;115m▀[38;2;131;115;115m▀▀[48;2;65;57;57m▀[38;2;0;0;0;48;2;98;90;98m▀[38;2;98;90;98m▀▀▀▀[38;2;65;57;57m▀▀[48;2;65;57;57m▀▀▀[38;2;0;0;0m▀[38;2;222;180;49;48;2;0;0;0m▀[38;2;0;0;0m▀[38;2;222;180;49;48;2;222;180;49m▀▀[38;2;98;90;98;48;2;98;90;98m▀[48;2;0;0;0m▀▀[38;2;0;0;0;48;2;65;57;57m▀[48;2;0;0;0m▀[38;2;131;115;115;48;2;172;164;156m▀[38;2;98;82;82;48;2;131;115;115m▀[38;2;131;115;115;48;2;98;82;82m▀[38;2;172;164;156m▀▀[38;2;87;74;58;48;2;0;0;0m▀[0m
[0m  [38;2;131;115;115;48;2;87;74;58m▀[38;2;87;74;58;48;2;172;164;156m▀[38;2;0;0;0;48;2;131;115;115m▀[48;2;0;0;0m▀▀[38;2;98;82;82m▀[48;2;98;82;82m▀▀[38;2;131;115;115m▀▀[38;2;172;164;156;48;2;131;115;115m▀[48;2;172;164;156m▀[38;2;0;0;0m▀[48;2;0;0;0m▀[38;2;65;57;57m▀[48;2;65;57;57m▀[38;2;0;0;0m▀[38;2;65;57;57;48;2;0;0;0m▀[48;2;156;123;41m▀[38;2;156;123;41;48;2;0;0;0m▀[38;2;0;0;0;49m▀[0m   [38;2;98;90;98;48;2;65;57;57m▀[48;2;98;90;98m▀▀▀[38;2;65;57;57;48;2;65;57;57m▀[38;2;172;164;156;48;2;172;164;156m▀▀▀▀▀▀▀[48;2;131;115;115m▀[38;2;131;115;115m▀▀[48;2;0;0;0m▀[38;2;0;0;0;48;2;98;90;98m▀[38;2;98;90;98m▀▀▀▀▀▀▀▀[38;2;65;57;57m▀[48;2;65;57;57m▀▀▀[38;2;0;0;0;48;2;0;0;0m▀[38;2;222;180;49m▀[38;2;98;90;98m▀[38;2;0;0;0m▀[38;2;65;57;57m▀▀▀[38;2;0;0;0;48;2;172;164;156m▀[38;2;131;115;115;48;2;131;115;115m▀[38;2;98;82;82;48;2;98;82;82m▀▀▀[38;2;0;0;0;48;2;0;0;0m▀[38;2;65;57;57m▀[38;2;0;0;0;49m▄[38;2;87;74;58m▄[0m
[0m [38;2;131;115;115;48;2;87;74;58m▀[38;2;172;164;156;48;2;172;164;156m▀[48;2;98;82;82m▀[38;2;131;115;115m▀▀[48;2;131;115;115m▀[38;2;0;0;0m▀[48;2;98;82;82m▀[38;2;98;82;82m▀▀▀▀[38;2;131;115;115m▀[38;2;172;164;156;48;2;131;115;115m▀[48;2;172;164;156m▀[38;2;0;0;0m▀[38;2;65;57;57;48;2;0;0;0m▀[48;2;65;57;57m▀[38;2;0;0;0;48;2;0;0;0m▀▀[0m    [38;2;87;74;58m▄[38;2;65;57;57;48;2;222;180;49m▀▀[38;2;98;90;98;48;2;65;57;57m▀[48;2;98;90;98m▀▀[38;2;65;57;57m▀[38;2;172;164;156;48;2;65;57;57m▀[48;2;172;164;156m▀▀▀[48;2;131;115;115m▀▀[38;2;131;115;115m▀[48;2;65;57;57m▀[38;2;65;57;57;48;2;98;90;98m▀[38;2;98;90;98m▀▀▀▀▀▀[48;2;65;57;57m▀▀▀[48;2;98;90;98m▀▀[38;2;65;57;57;48;2;65;57;57m▀▀▀[38;2;0;0;0;48;2;172;164;156m▀[38;2;172;164;156;48;2;131;115;115m▀[48;2;98;82;82m▀[38;2;131;115;115m▀[38;2;0;0;0m▀▀[38;2;131;115;115m▀[38;2;98;82;82m▀▀▀[48;2;0;0;0m▀[38;2;0;0;0;48;2;98;82;82m▀▀[38;2;131;115;115m▀▀[38;2;172;164;156;48;2;131;115;115m▀[38;2;0;0;0;48;2;172;164;156m▀[38;2;87;74;58;49m▄[0m
[0m [38;2;87;74;58m▄[38;2;0;0;0;48;2;172;164;156m▀[48;2;98;82;82m▀[38;2;98;82;82;48;2;0;0;0m▀▀▀[48;2;98;82;82m▀▀▀▀▀▀▀[38;2;131;115;115m▀[38;2;172;164;156m▀[48;2;172;164;156m▀[38;2;0;0;0m▀[38;2;65;57;57;48;2;0;0;0m▀[38;2;0;0;0;49m▀[0m     [38;2;87;74;58;48;2;87;74;58m▀[38;2;222;180;49;48;2;222;180;49m▀[48;2;156;123;41m▀[38;2;156;123;41;48;2;222;180;49m▀[38;2;65;57;57;48;2;65;57;57m▀[38;2;98;90;98;48;2;98;90;98m▀▀▀[38;2;65;57;57m▀▀[38;2;131;115;115;48;2;65;57;57m▀▀[38;2;65;57;57;48;2;98;90;98m▀▀[38;2;98;90;98m▀▀▀▀▀[48;2;65;57;57m▀[38;2;65;57;57;48;2;156;123;41m▀[48;2;222;180;49m▀[38;2;156;123;41;48;2;156;123;41m▀[38;2;222;180;49;48;2;222;180;49m▀▀[38;2;65;57;57;48;2;156;123;41m▀[38;2;98;90;98;48;2;65;57;57m▀[38;2;65;57;57m▀▀[38;2;0;0;0;48;2;0;0;0m▀[38;2;131;115;115;48;2;98;82;82m▀[38;2;98;82;82m▀▀▀▀▀▀▀▀▀▀▀▀▀▀▀[38;2;172;164;156;48;2;172;164;156m▀[38;2;87;74;58;48;2;87;74;58m▀[0m
[38;2;87;74;58;49m▄[48;2;172;164;156m▀[38;2;172;164;156;48;2;131;115;115m▀[38;2;98;82;82;48;2;98;82;82m▀▀▀▀▀▀▀▀▀[48;2;0;0;0m▀[48;2;98;82;82m▀▀▀▀[38;2;172;164;156;48;2;172;164;156m▀▀[38;2;0;0;0;48;2;0;0;0m▀[0m     [38;2;87;74;58m▀[38;2;156;123;41;48;2;87;74;58m▀[38;2;222;180;49;48;2;222;180;49m▀[48;2;156;123;41m▀▀[38;2;65;57;57;48;2;65;57;57m▀[38;2;98;90;98;48;2;98;90;98m▀▀▀▀▀▀▀▀▀▀▀▀[38;2;65;57;57;48;2;65;57;57m▀[38;2;156;123;41;48;2;222;180;49m▀[38;2;222;180;49;48;2;156;123;41m▀[48;2;222;180;49m▀▀[38;2;156;123;41;48;2;156;123;41m▀[38;2;222;180;49;48;2;222;180;49m▀[38;2;156;123;41;48;2;156;123;41m▀[38;2;65;57;57;48;2;65;57;57m▀▀▀▀[38;2;0;0;0m▀▀▀[48;2;0;0;0m▀[38;2;98;82;82m▀[48;2;98;82;82m▀▀▀▀▀▀[48;2;0;0;0m▀▀[38;2;0;0;0;48;2;98;82;82m▀▀[48;2;172;164;156m▀[48;2;87;74;58m▀[0m
[38;2;87;74;58;49m▀[38;2;172;164;156;48;2;87;74;58m▀[38;2;98;82;82;48;2;0;0;0m▀▀[38;2;0;0;0;48;2;98;82;82m▀▀▀[38;2;98;82;82m▀▀▀[48;2;0;0;0m▀▀[38;2;0;0;0m▀▀[38;2;98;82;82m▀[38;2;131;115;115;48;2;172;164;156m▀[38;2;172;164;156m▀[48;2;0;0;0m▀[38;2;0;0;0;49m▀[0m       [38;2;87;74;58m▀[38;2;156;123;41;48;2;65;57;57m▀[38;2;222;180;49;48;2;222;180;49m▀[48;2;87;74;58m▀[38;2;65;57;57;48;2;98;90;98m▀[38;2;98;90;98m▀▀▀▀▀▀▀▀▀▀▀[38;2;65;57;57;48;2;65;57;57m▀[38;2;222;180;49;48;2;222;180;49m▀▀▀[38;2;156;123;41;48;2;156;123;41m▀[38;2;222;180;49;48;2;65;57;57m▀▀[38;2;156;123;41m▀[38;2;65;57;57m▀▀▀[38;2;156;123;41;48;2;156;123;41m▀▀▀[38;2;65;57;57m▀▀▀[48;2;65;57;57m▀[38;2;0;0;0m▀[38;2;98;82;82;48;2;0;0;0m▀[48;2;98;82;82m▀▀▀▀▀▀▀▀[38;2;131;115;115;48;2;131;115;115m▀[38;2;172;164;156;48;2;172;164;156m▀[38;2;87;74;58;48;2;0;0;0m▀[0m
[0m  [38;2;0;0;0;48;2;0;0;0m▀[38;2;98;82;82;48;2;172;164;156m▀[48;2;98;82;82m▀▀[48;2;0;0;0m▀▀[38;2;0;0;0;49m▀▀[0m     [38;2;0;0;0m▀▀[0m           [38;2;65;57;57;48;2;65;57;57m▀[38;2;98;90;98;48;2;222;180;49m▀▀▀[48;2;98;90;98m▀▀▀▀▀▀▀▀▀[48;2;222;180;49m▀▀[38;2;65;57;57;48;2;156;123;41m▀[48;2;65;57;57m▀▀▀▀▀▀▀▀[38;2;156;123;41;48;2;156;123;41m▀▀[48;2;65;57;57m▀[38;2;65;57;57m▀[38;2;156;123;41m▀▀▀[48;2;156;123;41m▀▀[38;2;0;0;0;48;2;0;0;0m▀[49m▀[38;2;98;82;82;48;2;0;0;0m▀[48;2;98;82;82m▀▀[38;2;0;0;0m▀▀[48;2;0;0;0m▀[38;2;98;82;82m▀▀[38;2;0;0;0;49m▀▀[0m
[0m   [38;2;0;0;0m▀▀▀[0m                       [38;2;65;57;57;48;2;65;57;57m▀[38;2;222;180;49;48;2;98;90;98m▀[48;2;222;180;49m▀[38;2;98;90;98m▀[48;2;98;90;98m▀▀▀▀▀[48;2;65;57;57m▀[48;2;222;180;49m▀[38;2;222;180;49m▀[48;2;156;123;41m▀[38;2;156;123;41;48;2;65;57;57m▀[48;2;156;123;41m▀▀[38;2;65;57;57m▀[48;2;65;57;57m▀▀▀▀▀[38;2;156;123;41;48;2;156;123;41m▀▀[48;2;65;57;57m▀[38;2;65;57;57m▀▀▀▀▀▀[38;2;0;0;0;48;2;0;0;0m▀[0m  [38;2;0;0;0m▀[38;2;98;82;82;48;2;0;0;0m▀[48;2;98;82;82m▀▀▀[48;2;131;115;115m▀[38;2;0;0;0;48;2;0;0;0m▀[0m
[0m                              [38;2;65;57;57m▀[38;2;98;90;98;48;2;65;57;57m▀[38;2;156;123;41;48;2;98;90;98m▀[48;2;156;123;41m▀[38;2;65;57;57m▀[48;2;65;57;57m▀▀[48;2;156;123;41m▀[38;2;156;123;41m▀▀[48;2;65;57;57m▀[38;2;65;57;57m▀▀▀[38;2;156;123;41m▀▀[48;2;156;123;41m▀[38;2;65;57;57m▀▀▀[38;2;156;123;41m▀▀[48;2;65;57;57m▀[38;2;65;57;57m▀▀▀▀▀[48;2;0;0;0m▀[38;2;0;0;0;49m▀[0m     [38;2;0;0;0m▀[38;2;98;82;82;48;2;0;0;0m▀▀[38;2;0;0;0;49m▀[0m
[0m                                [38;2;65;57;57m▀[38;2;98;90;98;48;2;65;57;57m▀[38;2;156;123;41m▀[48;2;98;90;98m▀[48;2;156;123;41m▀▀[48;2;65;57;57m▀[38;2;65;57;57m▀▀▀▀▀▀▀▀▀[38;2;156;123;41m▀▀▀[38;2;65;57;57m▀▀▀▀▀[48;2;0;0;0m▀[38;2;0;0;0;49m▀[0m
[0m                                   [38;2;65;57;57m▀▀[48;2;65;57;57m▀▀▀▀▀▀▀▀▀▀▀▀▀[48;2;0;0;0m▀▀[48;2;65;57;57m▀[38;2;0;0;0m▀▀[38;2;65;57;57m▀▀[38;2;0;0;0m▀▀[49m▄[0m
[0m                                        [38;2;65;57;57m▀[38;2;0;0;0m▀[48;2;0;0;0m▀[48;2;65;57;57m▀▀▀▀▀[38;2;65;57;57m▀▀▀▀▀▀▀▀▀▀[48;2;0;0;0m▀[38;2;0;0;0;49m▀[0m
[0m                                          [38;2;0;0;0;48;2;0;0;0m▀[38;2;98;90;98;48;2;98;90;98m▀▀▀[38;2;65;57;57m▀▀▀[48;2;65;57;57m▀▀▀▀▀▀▀[48;2;0;0;0m▀[38;2;0;0;0;49m▀[0m
[0m                                           [38;2;0;0;0m▀▀[38;2;98;90;98;48;2;0;0;0m▀▀▀▀▀[38;2;65;57;57;48;2;65;57;57m▀▀▀[48;2;0;0;0m▀[38;2;0;0;0m▀[49m▀▄▄▄[0m
[0m                                               [38;2;0;0;0m▄[48;2;65;57;57m▀[38;2;65;57;57m▀▀[48;2;98;90;98m▀▀[48;2;65;57;57m▀▀[38;2;0;0;0m▀[38;2;65;57;57m▀[48;2;0;0;0m▀[38;2;0;0;0;49m▀[0m
[0m                                              [38;2;0;0;0;48;2;0;0;0m▀[38;2;98;90;98;48;2;98;90;98m▀▀▀[48;2;65;57;57m▀▀[38;2;65;57;57;48;2;0;0;0m▀▀▀[38;2;0;0;0;49m▀▀[0m
[0m                                               [38;2;0;0;0m▀▀▀▀▀[0m
