[0m                                [38;2;41;172;189;48;2;41;172;189m▀[0m
[0m                               [38;2;41;172;189;48;2;41;172;189m▀[38;2;90;197;189;48;2;90;197;189m▀[38;2;41;172;189;48;2;41;172;189m▀[0m
[0m                              [38;2;41;172;189;48;2;41;172;189m▀[38;2;90;197;189;48;2;90;197;189m▀▀▀[38;2;41;172;189;48;2;41;172;189m▀[0m
[0m                             [38;2;41;172;189m▄[48;2;90;197;189m▀[38;2;197;74;24;48;2;197;74;24m▀[38;2;90;197;189;48;2;123;57;32m▀[48;2;90;197;189m▀[38;2;41;172;189;48;2;41;172;189m▀[0m
[0m                             [38;2;41;172;189;48;2;41;172;189m▀[38;2;90;197;189;48;2;90;197;189m▀[38;2;197;74;24;48;2;197;74;24m▀[38;2;123;57;32;48;2;123;57;32m▀[38;2;90;197;189;48;2;90;197;189m▀[38;2;41;172;189;48;2;41;172;189m▀[0m
[0m                            [38;2;41;172;189;48;2;41;172;189m▀[38;2;90;197;189;48;2;90;197;189m▀[38;2;197;74;24;48;2;197;74;24m▀[38;2;238;115;41;48;2;238;115;41m▀[38;2;123;57;32;48;2;123;57;32m▀[38;2;90;197;189;48;2;90;197;189m▀[38;2;41;172;189;48;2;41;172;189m▀[0m
[0m                           [38;2;41;172;189m▄[48;2;90;197;189m▀[38;2;90;197;189m▀[38;2;197;74;24;48;2;197;74;24m▀[38;2;238;115;41;48;2;238;115;41m▀[38;2;197;74;24;48;2;197;74;24m▀[38;2;90;197;189;48;2;90;197;189m▀[38;2;41;172;189;48;2;41;172;189m▀[0m
[0m                          [38;2;41;172;189m▄[48;2;41;172;189m▀[38;2;90;197;189;48;2;90;197;189m▀[38;2;197;74;24;48;2;123;57;32m▀[38;2;238;115;41;48;2;238;115;41m▀▀▀[38;2;90;197;189;48;2;197;74;24m▀[48;2;90;197;189m▀[38;2;41;172;189;48;2;41;172;189m▀[0m
[0m                       [38;2;41;172;189m▄[48;2;90;197;189m▀▀[38;2;90;197;189m▀[48;2;197;74;24m▀▀[38;2;123;57;32;48;2;238;115;41m▀[38;2;238;115;41m▀▀▀[38;2;197;74;24;48;2;197;74;24m▀[38;2;90;197;189;48;2;123;57;32m▀[48;2;90;197;189m▀[38;2;41;172;189m▀[49m▄[0m
[0m                      [38;2;41;172;189;48;2;90;197;189m▀[38;2;90;197;189m▀[48;2;197;74;24m▀[38;2;197;74;24;48;2;255;172;131m▀[48;2;255;255;255m▀[38;2;238;115;41;48;2;255;172;131m▀[48;2;238;115;41m▀▀▀▀▀▀▀[38;2;123;57;32m▀[38;2;90;197;189;48;2;16;16;16m▀[48;2;90;197;189m▀[38;2;41;172;189m▀[49m▄[0m
[0m                     [38;2;41;172;189;48;2;90;197;189m▀[38;2;90;197;189m▀[38;2;197;74;24;48;2;189;189;189m▀[38;2;255;172;131;48;2;197;74;24m▀[38;2;255;255;255;48;2;255;172;131m▀▀[38;2;255;172;131;48;2;238;115;41m▀[38;2;238;115;41m▀▀▀[38;2;197;74;24;48;2;189;189;189m▀[38;2;189;189;189;48;2;255;255;255m▀[38;2;255;255;255;48;2;49;123;238m▀[38;2;197;74;24;48;2;189;189;189m▀[38;2;238;115;41;48;2;238;115;41m▀▀[38;2;16;16;16;48;2;123;57;32m▀[38;2;90;197;189;48;2;90;197;189m▀[38;2;41;172;189m▀[49m▄[0m
[0m                    [38;2;41;172;189;48;2;41;172;189m▀[38;2;90;197;189;48;2;90;197;189m▀[38;2;8;65;172;48;2;8;65;172m▀[38;2;49;123;238m▀[38;2;255;255;255;48;2;16;16;16m▀[38;2;238;115;41;48;2;197;74;24m▀[48;2;238;115;41m▀▀▀▀[38;2;197;74;24;48;2;16;16;16m▀[38;2;255;255;255;48;2;8;65;172m▀[38;2;8;65;172m▀▀[38;2;255;255;255;48;2;255;255;255m▀[38;2;238;115;41;48;2;238;115;41m▀▀▀[38;2;123;57;32;48;2;16;16;16m▀[38;2;90;197;189;48;2;90;197;189m▀[38;2;41;172;189;48;2;41;172;189m▀[0m
[0m                    [38;2;41;172;189;48;2;41;172;189m▀[38;2;90;197;189;48;2;90;197;189m▀[38;2;49;123;238;48;2;255;255;255m▀[38;2;8;65;172;48;2;49;123;238m▀[38;2;255;255;255;48;2;189;189;189m▀[38;2;238;115;41;48;2;238;115;41m▀▀▀▀▀[38;2;255;255;255;48;2;255;255;255m▀[38;2;8;65;172;48;2;8;65;172m▀▀[48;2;189;189;189m▀[38;2;16;16;16;48;2;123;57;32m▀[38;2;197;74;24;48;2;197;74;24m▀[38;2;238;115;41m▀[38;2;197;74;24m▀[38;2;16;16;16;48;2;16;16;16m▀[38;2;90;197;189;48;2;90;197;189m▀[38;2;41;172;189;48;2;41;172;189m▀[0m
[0m                    [38;2;41;172;189m▀[38;2;90;197;189;48;2;41;172;189m▀[38;2;123;57;32;48;2;90;197;189m▀[38;2;255;255;255;48;2;123;57;32m▀[38;2;238;115;41;48;2;197;74;24m▀[48;2;123;57;32m▀[48;2;238;115;41m▀▀▀[48;2;16;16;16m▀[48;2;197;74;24m▀[38;2;255;255;255;48;2;123;57;32m▀[38;2;189;189;189m▀[38;2;123;57;32;48;2;197;74;24m▀[38;2;197;74;24m▀▀▀[48;2;123;57;32m▀[38;2;16;16;16;48;2;90;197;189m▀[38;2;90;197;189;48;2;41;172;189m▀[38;2;41;172;189;49m▀[0m
[0m             [38;2;41;172;189m▄▄▄▄▄▄[48;2;90;197;189m▀▀[38;2;90;197;189m▀▀[38;2;16;16;16m▀[38;2;197;74;24;48;2;16;16;16m▀[48;2;197;74;24m▀[38;2;123;57;32m▀[38;2;16;16;16m▀▀[38;2;197;74;24m▀▀▀▀▀▀▀[48;2;16;16;16m▀[38;2;16;16;16;48;2;90;197;189m▀[38;2;90;197;189m▀[38;2;41;172;189m▀[49m▄▄[0m
[0m       [38;2;41;172;189m▄[48;2;41;172;189m▀[48;2;90;197;189m▀▀[48;2;189;246;238m▀[38;2;90;197;189;48;2;255;255;255m▀▀▀▀[38;2;189;246;238;48;2;189;246;238m▀[48;2;90;197;189m▀[38;2;90;197;189;48;2;41;172;189m▀▀[38;2;41;172;189;49m▀▀▀▀[38;2;90;197;189;48;2;41;172;189m▀[38;2;16;16;16m▀[38;2;123;57;32;48;2;90;197;189m▀[38;2;197;74;24;48;2;123;57;32m▀[48;2;16;16;16m▀[48;2;197;74;24m▀▀▀▀[48;2;16;16;16m▀[38;2;123;57;32;48;2;90;197;189m▀[38;2;16;16;16m▀[38;2;90;197;189;48;2;41;172;189m▀[38;2;41;172;189;49m▀▀▀[38;2;90;197;189;48;2;41;172;189m▀[48;2;90;197;189m▀[38;2;41;172;189m▀▀▀[49m▄▄▄[0m
[0m        [38;2;41;172;189m▀[38;2;90;197;189;48;2;41;172;189m▀▀[48;2;90;197;189m▀[38;2;189;246;238m▀[38;2;255;255;255m▀[38;2;189;246;238;48;2;41;172;189m▀[38;2;90;197;189m▀[38;2;41;172;189;49m▀▀[0m       [38;2;41;172;189m▄[48;2;90;197;189m▀[38;2;90;197;189m▀[48;2;123;57;32m▀[38;2;123;57;32;48;2;197;74;24m▀[38;2;197;74;24m▀▀[38;2;123;57;32m▀[38;2;90;197;189;48;2;123;57;32m▀[48;2;90;197;189m▀[38;2;41;172;189m▀[49m▄[0m    [38;2;41;172;189m▀▀[38;2;90;197;189;48;2;41;172;189m▀[38;2;189;246;238;48;2;90;197;189m▀[38;2;255;255;255m▀[38;2;90;197;189;48;2;255;255;255m▀▀[38;2;41;172;189;48;2;189;246;238m▀[48;2;90;197;189m▀▀[49m▄▄[0m
[0m           [38;2;41;172;189m▀▀[38;2;90;197;189;48;2;41;172;189m▀[48;2;90;197;189m▀[38;2;41;172;189m▀[49m▄▄[0m       [38;2;41;172;189m▀[38;2;90;197;189;48;2;41;172;189m▀[48;2;90;197;189m▀[38;2;123;57;32m▀[38;2;197;74;24;48;2;123;57;32m▀[48;2;197;74;24m▀▀[48;2;123;57;32m▀[38;2;16;16;16;48;2;90;197;189m▀[38;2;90;197;189m▀[48;2;41;172;189m▀[38;2;41;172;189;49m▀[0m       [38;2;41;172;189m▀▀[38;2;90;197;189;48;2;41;172;189m▀[38;2;189;246;238;48;2;90;197;189m▀[38;2;255;255;255m▀[48;2;255;255;255m▀[48;2;189;246;238m▀[38;2;189;246;238;48;2;90;197;189m▀[38;2;90;197;189m▀[38;2;41;172;189m▀[48;2;41;172;189m▀[49m▄[0m
[0m          [38;2;41;172;189m▄▄[48;2;90;197;189m▀[38;2;90;197;189m▀[48;2;255;255;255m▀[38;2;189;246;238m▀[38;2;90;197;189m▀[48;2;90;197;189m▀[38;2;41;172;189m▀[49m▄▄[0m      [38;2;41;172;189m▀[48;2;41;172;189m▀[38;2;90;197;189;48;2;90;197;189m▀▀▀▀[38;2;41;172;189;48;2;41;172;189m▀[49m▀[0m          [38;2;41;172;189m▄▄[48;2;90;197;189m▀[38;2;90;197;189m▀▀▀[48;2;41;172;189m▀[38;2;41;172;189;49m▀▀[0m
[0m       [38;2;41;172;189m▄[48;2;90;197;189m▀▀[38;2;90;197;189;48;2;189;246;238m▀[48;2;255;255;255m▀[38;2;189;246;238m▀[38;2;255;255;255m▀▀▀▀[48;2;189;246;238m▀[38;2;189;246;238;48;2;90;197;189m▀[38;2;90;197;189m▀▀[38;2;41;172;189m▀[49m▄[0m     [38;2;41;172;189m▀[38;2;90;197;189;48;2;41;172;189m▀[48;2;90;197;189m▀▀[38;2;41;172;189;48;2;41;172;189m▀[0m        [38;2;41;172;189m▄▄[48;2;90;197;189m▀▀[38;2;90;197;189;48;2;189;246;238m▀[48;2;255;255;255m▀[38;2;189;246;238m▀[38;2;255;255;255m▀[38;2;90;197;189;48;2;90;197;189m▀[38;2;41;172;189m▀[49m▄[0m
[0m    [38;2;41;172;189m▄[48;2;90;197;189m▀▀[38;2;90;197;189;48;2;255;255;255m▀[38;2;189;246;238m▀[38;2;90;197;189m▀[48;2;90;197;189m▀[38;2;255;255;255m▀▀[38;2;189;246;238m▀[38;2;90;197;189m▀[48;2;41;172;189m▀▀▀▀[38;2;41;172;189;49m▀▀▀[0m       [38;2;41;172;189;48;2;41;172;189m▀[38;2;90;197;189;48;2;90;197;189m▀[38;2;41;172;189;48;2;41;172;189m▀[0m        [38;2;41;172;189;48;2;41;172;189m▀[38;2;90;197;189m▀[48;2;90;197;189m▀▀[38;2;255;255;255m▀[48;2;189;246;238m▀[48;2;255;255;255m▀▀▀▀[38;2;90;197;189m▀[48;2;90;197;189m▀[38;2;41;172;189m▀[49m▄[0m
[0m [38;2;41;172;189m▄[48;2;90;197;189m▀▀[38;2;90;197;189m▀[38;2;189;246;238m▀[38;2;255;255;255;48;2;41;172;189m▀[38;2;189;246;238m▀[38;2;90;197;189m▀▀▀[38;2;41;172;189;49m▀▀▀▀[0m               [38;2;41;172;189m▀[0m           [38;2;41;172;189m▀▀[38;2;90;197;189;48;2;41;172;189m▀▀▀[48;2;90;197;189m▀[38;2;255;255;255m▀▀[48;2;189;246;238m▀[48;2;90;197;189m▀[38;2;90;197;189m▀[48;2;255;255;255m▀[38;2;41;172;189;48;2;90;197;189m▀[49m▄[0m
[38;2;41;172;189;49m▀▀▀▀▀▀[0m                                         [38;2;41;172;189m▀▀[38;2;90;197;189;48;2;41;172;189m▀▀▀[38;2;255;255;255;48;2;90;197;189m▀▀[48;2;255;255;255m▀[38;2;90;197;189m▀[38;2;41;172;189;48;2;90;197;189m▀[49m▄[0m
[0m                                                   [38;2;41;172;189m▀▀▀[38;2;90;197;189;48;2;41;172;189m▀▀[38;2;189;246;238;48;2;90;197;189m▀[38;2;90;197;189m▀[38;2;41;172;189m▀[49m▄[0m
[0m                                                        [38;2;41;172;189m▀▀[38;2;90;197;189;48;2;41;172;189m▀▀[38;2;41;172;189m▀[0m
