[0m             [38;2;133;65;104m▄▄▄[38;2;16;16;16;48;2;238;115;172m▀▀▀▀▀▀[49m▄▄▄[0m
[0m          [38;2;133;65;104m▄[48;2;238;115;172m▀▀[38;2;238;115;172m▀▀[48;2;255;148;205m▀▀▀▀[48;2;238;115;172m▀▀▀▀[48;2;180;82;131m▀▀[38;2;16;16;16;48;2;238;115;172m▀[48;2;180;82;131m▀[49m▄[0m
[0m       [38;2;133;65;104m▄[48;2;238;115;172m▀[38;2;238;115;172m▀▀[48;2;133;65;104m▀[38;2;180;82;131;48;2;238;115;172m▀[38;2;255;148;205;48;2;255;148;205m▀▀[48;2;238;65;65m▀[48;2;66;64;65m▀[48;2;255;148;205m▀▀▀[38;2;238;115;172;48;2;238;115;172m▀▀[48;2;180;82;131m▀[48;2;238;115;172m▀[38;2;180;82;131m▀[38;2;133;65;104m▀[38;2;180;82;131;48;2;133;65;104m▀[48;2;180;82;131m▀[38;2;133;65;104m▀[38;2;16;16;16m▀[49m▄[0m
[0m     [38;2;133;65;104m▄[48;2;238;115;172m▀[38;2;238;115;172m▀▀▀[38;2;133;65;104;48;2;16;16;16m▀[38;2;123;115;148;48;2;180;205;246m▀[38;2;255;148;205;48;2;255;148;205m▀▀[38;2;238;65;65;48;2;238;65;65m▀[38;2;255;255;255m▀[38;2;238;65;65m▀[38;2;66;64;65;48;2;66;64;65m▀[38;2;255;148;205;48;2;255;148;205m▀▀[38;2;238;115;172;48;2;238;115;172m▀▀▀[38;2;133;65;104m▀[38;2;238;115;172;48;2;133;65;104m▀[48;2;238;115;172m▀▀[38;2;133;65;104m▀[38;2;180;82;131;48;2;133;65;104m▀[48;2;180;82;131m▀▀[38;2;16;16;16m▀[49m▄[0m
[0m   [38;2;133;65;104m▄[48;2;180;82;131m▀[38;2;238;115;172;48;2;238;115;172m▀▀▀[48;2;133;65;104m▀[38;2;133;65;104;48;2;16;16;16m▀[38;2;148;156;197;48;2;180;205;246m▀[38;2;180;205;246m▀[38;2;148;156;197m▀[38;2;255;148;205;48;2;255;148;205m▀[38;2;238;65;65;48;2;66;64;65m▀[38;2;133;65;104;48;2;133;65;104m▀[48;2;66;64;65m▀[38;2;66;64;65m▀[38;2;255;148;205;48;2;238;115;172m▀[38;2;238;115;172m▀[48;2;148;156;197m▀[38;2;148;156;197;48;2;180;205;246m▀[38;2;180;205;246m▀▀[38;2;133;65;104m▀[38;2;238;115;172;48;2;133;65;104m▀[48;2;238;115;172m▀▀[38;2;180;82;131m▀[48;2;16;16;16m▀[48;2;180;82;131m▀▀▀[38;2;16;16;16;48;2;133;65;104m▀[38;2;133;65;104;49m▄[0m
[0m  [38;2;133;65;104m▄[48;2;238;115;172m▀[38;2;238;115;172m▀▀▀[38;2;133;65;104;48;2;133;65;104m▀[0m [38;2;16;16;16;48;2;16;16;16m▀[38;2;255;255;255;48;2;255;255;255m▀[38;2;148;156;197;48;2;255;180;32m▀[38;2;180;205;246;48;2;148;156;197m▀[38;2;238;115;172;48;2;238;115;172m▀▀[38;2;66;64;65m▀▀[38;2;238;115;172m▀▀[48;2;148;156;197m▀[38;2;180;205;246;48;2;180;205;246m▀[48;2;148;156;197m▀▀[38;2;148;156;197;48;2;255;255;255m▀[38;2;180;205;246;48;2;180;205;246m▀[38;2;133;65;104;48;2;148;156;197m▀[38;2;238;115;172;48;2;133;65;104m▀[48;2;238;115;172m▀▀▀[38;2;16;16;16;48;2;133;65;104m▀[38;2;180;82;131;48;2;180;82;131m▀▀▀[38;2;16;16;16m▀[49m▄[0m
[0m [38;2;133;65;104m▄[48;2;238;115;172m▀[38;2;238;115;172m▀▀▀[38;2;133;65;104;48;2;133;65;104m▀[0m [38;2;133;65;104m▄[38;2;16;16;16;48;2;180;82;131m▀[38;2;255;255;255;48;2;16;16;16m▀[38;2;255;180;32;48;2;255;255;255m▀[38;2;16;16;16;48;2;172;139;65m▀[38;2;238;115;172;48;2;238;115;172m▀▀▀▀▀▀[38;2;148;156;197;48;2;255;255;255m▀[48;2;16;16;16m▀[38;2;255;180;32;48;2;255;180;32m▀[38;2;255;255;255;48;2;255;255;255m▀▀[38;2;180;205;246;48;2;148;156;197m▀[38;2;148;156;197m▀[38;2;133;65;104;48;2;133;65;104m▀[38;2;238;115;172;48;2;238;115;172m▀▀▀▀[38;2;16;16;16;48;2;133;65;104m▀[38;2;180;82;131;48;2;180;82;131m▀▀▀▀[38;2;16;16;16m▀[49m▄[0m
[38;2;133;65;104;49m▄[48;2;238;115;172m▀[38;2;238;115;172m▀▀▀[48;2;66;64;65m▀[38;2;133;65;104m▀[49m▄[48;2;180;82;131m▀[38;2;180;82;131m▀[38;2;16;16;16m▀[38;2;148;156;197;48;2;16;16;16m▀[38;2;238;115;172;48;2;180;205;246m▀[48;2;238;115;172m▀[48;2;180;82;131m▀[48;2;238;115;172m▀▀[48;2;133;65;104m▀[48;2;238;115;172m▀▀[38;2;255;180;32m▀[38;2;172;139;65;48;2;148;156;197m▀[38;2;255;255;255m▀[38;2;148;156;197m▀[48;2;16;16;16m▀[38;2;16;16;16;49m▀[0m [38;2;133;65;104;48;2;133;65;104m▀[38;2;238;115;172;48;2;238;115;172m▀▀▀▀[38;2;16;16;16;48;2;133;65;104m▀[38;2;180;82;131;48;2;180;82;131m▀▀▀▀[38;2;16;16;16m▀[49m▄[0m
[38;2;133;65;104;48;2;133;65;104m▀[38;2;238;115;172;48;2;238;115;172m▀▀▀[48;2;66;64;65m▀[38;2;66;64;65;48;2;180;205;246m▀[38;2;180;205;246m▀[38;2;66;64;65m▀▀[38;2;180;82;131;48;2;66;64;65m▀▀[38;2;133;65;104m▀[38;2;16;16;16;49m▀▀[38;2;238;115;172;48;2;16;16;16m▀[38;2;180;82;131m▀[38;2;133;65;104;48;2;180;82;131m▀[38;2;238;115;172m▀▀[48;2;123;115;148m▀[38;2;148;156;197;48;2;16;16;16m▀▀[38;2;16;16;16;49m▀▀[0m   [38;2;133;65;104m▀[38;2;180;82;131;48;2;133;65;104m▀[38;2;238;115;172;48;2;238;115;172m▀▀▀▀[38;2;16;16;16;48;2;16;16;16m▀[38;2;180;82;131;48;2;180;82;131m▀[48;2;238;115;172m▀[38;2;238;115;172m▀▀[38;2;16;16;16m▀[49m▄[0m
[38;2;133;65;104;49m▀[38;2;238;115;172;48;2;16;16;16m▀[48;2;238;115;172m▀▀[48;2;180;82;131m▀[38;2;66;64;65;48;2;133;65;104m▀[38;2;148;156;197;48;2;66;64;65m▀[38;2;180;205;246;48;2;148;156;197m▀▀▀▀[38;2;148;156;197m▀[38;2;66;64;65m▀▀▀▀[48;2;123;115;148m▀[38;2;123;115;148;48;2;148;156;197m▀▀[38;2;66;64;65;48;2;123;115;148m▀[0m        [38;2;133;65;104;48;2;133;65;104m▀[38;2;180;82;131;48;2;180;82;131m▀[38;2;238;115;172m▀▀[38;2;180;82;131m▀[38;2;133;65;104m▀[48;2;16;16;16m▀[38;2;238;115;172;48;2;180;82;131m▀[48;2;238;115;172m▀▀▀[38;2;16;16;16;48;2;16;16;16m▀[0m
[0m  [38;2;16;16;16m▀▀▀[0m  [38;2;66;64;65m▀▀[38;2;148;156;197;48;2;66;64;65m▀▀▀▀[38;2;123;115;148;48;2;16;16;16m▀▀[38;2;16;16;16;48;2;180;205;246m▀[38;2;180;205;246m▀[38;2;148;156;197m▀[48;2;148;156;197m▀▀[38;2;66;64;65m▀[49m▄▄[0m     [38;2;133;65;104;48;2;133;65;104m▀[38;2;180;82;131;48;2;180;82;131m▀▀▀▀▀[38;2;16;16;16;48;2;16;16;16m▀[49m▀[38;2;180;82;131;48;2;16;16;16m▀▀[38;2;16;16;16m▀[49m▀[0m
[0m           [38;2;66;64;65m▄[48;2;180;205;246m▀[38;2;180;205;246m▀▀▀▀▀[38;2;148;156;197;48;2;148;156;197m▀[38;2;123;115;148;48;2;66;64;65m▀[38;2;148;156;197;48;2;148;156;197m▀▀▀[38;2;66;64;65m▀▀[49m▄[0m   [38;2;133;65;104;48;2;133;65;104m▀[38;2;180;82;131;48;2;180;82;131m▀▀▀▀[38;2;16;16;16;48;2;16;16;16m▀[0m
[0m       [38;2;66;64;65;48;2;66;64;65m▀[48;2;180;205;246m▀[49m▄▄[48;2;123;115;148m▀[38;2;180;205;246;48;2;180;205;246m▀▀▀▀▀[38;2;148;156;197;48;2;148;156;197m▀▀[38;2;66;64;65;48;2;66;64;65m▀[38;2;16;16;16;49m▀[38;2;148;156;197;48;2;16;16;16m▀[48;2;148;156;197m▀▀▀▀[38;2;66;64;65m▀[49m▄▄[38;2;133;65;104m▀[48;2;16;16;16m▀[38;2;180;82;131m▀▀[38;2;16;16;16;49m▀[0m
[0m       [38;2;66;64;65m▀[38;2;148;156;197;48;2;66;64;65m▀[48;2;148;156;197m▀[38;2;66;64;65;48;2;123;115;148m▀[38;2;148;156;197;48;2;148;156;197m▀▀[38;2;180;205;246m▀[48;2;66;64;65m▀[38;2;66;64;65;48;2;180;205;246m▀[38;2;148;156;197;48;2;66;64;65m▀[48;2;148;156;197m▀[48;2;66;64;65m▀[38;2;66;64;65;49m▀[0m  [38;2;16;16;16m▀▀[38;2;148;156;197;48;2;16;16;16m▀▀[48;2;148;156;197m▀[48;2;66;64;65m▀[48;2;16;16;16m▀[38;2;66;64;65;49m▀[0m
[0m         [38;2;16;16;16m▀▀[48;2;66;64;65m▀[38;2;148;156;197;48;2;123;115;148m▀[38;2;123;115;148;48;2;66;64;65m▀[48;2;148;156;197m▀[38;2;148;156;197m▀[38;2;66;64;65;48;2;16;16;16m▀[38;2;148;156;197m▀[38;2;16;16;16;48;2;66;64;65m▀[0m       [38;2;16;16;16m▀▀[0m
[0m   [38;2;66;64;65m▄▄[0m      [38;2;66;64;65;48;2;66;64;65m▀[38;2;148;156;197;48;2;148;156;197m▀▀[38;2;16;16;16;48;2;123;115;148m▀[48;2;66;64;65m▀[38;2;123;115;148;48;2;148;156;197m▀[38;2;148;156;197m▀[38;2;66;64;65;48;2;66;64;65m▀[0m
[0m  [38;2;123;115;148;48;2;123;115;148m▀[38;2;180;205;246;48;2;180;205;246m▀[38;2;148;156;197m▀[38;2;66;64;65m▀[49m▄[0m   [38;2;123;115;148m▄[0m [38;2;66;64;65;48;2;66;64;65m▀[38;2;148;156;197;48;2;148;156;197m▀▀[38;2;66;64;65;48;2;66;64;65m▀[38;2;148;156;197;48;2;148;156;197m▀▀[38;2;66;64;65;48;2;66;64;65m▀[0m            [38;2;123;115;148m▄▄[0m
[0m  [38;2;123;115;148m▀[38;2;180;205;246;48;2;123;115;148m▀[48;2;180;205;246m▀▀[38;2;148;156;197m▀[38;2;66;64;65;48;2;66;64;65m▀[0m [38;2;123;115;148;48;2;123;115;148m▀[38;2;180;205;246;48;2;180;205;246m▀[38;2;123;115;148;48;2;123;115;148m▀[38;2;66;64;65;48;2;66;64;65m▀[38;2;148;156;197;48;2;148;156;197m▀▀[38;2;66;64;65;48;2;66;64;65m▀[38;2;148;156;197;48;2;148;156;197m▀▀[38;2;66;64;65;48;2;66;64;65m▀[0m         [38;2;123;115;148m▄[48;2;148;156;197m▀[48;2;180;205;246m▀[38;2;180;205;246m▀[38;2;66;64;65;48;2;66;64;65m▀[0m
[38;2;123;115;148;49m▄▄▄[48;2;148;156;197m▀[38;2;180;205;246;48;2;180;205;246m▀▀[48;2;238;65;65m▀[48;2;180;205;246m▀[38;2;66;64;65m▀[38;2;180;205;246m▀▀[38;2;123;115;148;48;2;123;115;148m▀[0m [38;2;66;64;65;48;2;66;64;65m▀[38;2;148;156;197;48;2;148;156;197m▀[38;2;66;64;65m▀[38;2;123;115;148;48;2;66;64;65m▀[38;2;148;156;197;48;2;148;156;197m▀[38;2;66;64;65;48;2;66;64;65m▀[0m    [38;2;123;115;148;48;2;66;64;65m▀[48;2;180;205;246m▀[49m▄[0m [38;2;123;115;148;48;2;123;115;148m▀[38;2;148;156;197;48;2;180;205;246m▀[38;2;180;205;246m▀▀[48;2;66;64;65m▀[38;2;66;64;65;49m▀[0m
[38;2;123;115;148;49m▀[38;2;180;205;246;48;2;16;16;16m▀[48;2;180;205;246m▀▀[38;2;148;156;197m▀[38;2;180;205;246m▀[38;2;238;65;65m▀[48;2;238;65;65m▀[38;2;180;205;246;48;2;180;205;246m▀▀[38;2;148;156;197;48;2;123;115;148m▀[38;2;123;115;148;49m▀[0m [38;2;66;64;65;48;2;66;64;65m▀[38;2;148;156;197;48;2;148;156;197m▀▀[38;2;66;64;65;48;2;66;64;65m▀[38;2;148;156;197;48;2;148;156;197m▀[38;2;66;64;65;48;2;123;115;148m▀[49m▄[0m   [38;2;66;64;65;48;2;66;64;65m▀[38;2;180;205;246;48;2;180;205;246m▀▀[38;2;66;64;65m▀[38;2;180;205;246m▀[48;2;238;65;65m▀[48;2;180;205;246m▀▀[38;2;66;64;65;48;2;148;156;197m▀[38;2;123;115;148;49m▄▄▄[0m
[0m  [38;2;16;16;16m▀▀[38;2;180;205;246;48;2;16;16;16m▀▀[48;2;123;115;148m▀[48;2;148;156;197m▀[48;2;180;205;246m▀[38;2;148;156;197;48;2;148;156;197m▀[38;2;123;115;148;48;2;180;205;246m▀[38;2;66;64;65;49m▄[0m  [38;2;66;64;65;48;2;66;64;65m▀[38;2;148;156;197;48;2;148;156;197m▀[38;2;66;64;65;48;2;66;64;65m▀[38;2;148;156;197;48;2;148;156;197m▀▀[38;2;66;64;65;48;2;66;64;65m▀[0m    [38;2;66;64;65;48;2;66;64;65m▀[38;2;180;205;246;48;2;148;156;197m▀[48;2;180;205;246m▀[38;2;238;65;65;48;2;238;65;65m▀[48;2;180;205;246m▀[38;2;180;205;246m▀[38;2;148;156;197m▀[38;2;180;205;246m▀▀[48;2;16;16;16m▀[38;2;66;64;65;49m▀[0m
[0m     [38;2;123;115;148m▀[38;2;180;205;246;48;2;66;64;65m▀[48;2;16;16;16m▀[48;2;148;156;197m▀[48;2;180;205;246m▀[38;2;66;64;65m▀[38;2;123;115;148m▀[38;2;66;64;65;49m▄[0m [38;2;66;64;65;48;2;66;64;65m▀[38;2;148;156;197;48;2;148;156;197m▀[38;2;66;64;65;48;2;66;64;65m▀[38;2;123;115;148;48;2;123;115;148m▀[38;2;148;156;197;48;2;148;156;197m▀[38;2;66;64;65;48;2;66;64;65m▀[0m [38;2;66;64;65m▄▄[48;2;66;64;65m▀[48;2;180;205;246m▀[48;2;66;64;65m▀[38;2;180;205;246;48;2;180;205;246m▀[48;2;123;115;148m▀▀[48;2;16;16;16m▀▀[38;2;16;16;16;49m▀▀[0m
[0m      [38;2;16;16;16m▀[38;2;180;205;246;48;2;16;16;16m▀[48;2;66;64;65m▀[38;2;148;156;197m▀[38;2;180;205;246;48;2;148;156;197m▀[38;2;66;64;65;48;2;180;205;246m▀[38;2;123;115;148;48;2;66;64;65m▀[38;2;66;64;65m▀[38;2;123;115;148;48;2;148;156;197m▀[38;2;148;156;197m▀[38;2;123;115;148;48;2;123;115;148m▀[38;2;66;64;65;48;2;66;64;65m▀[38;2;148;156;197;48;2;148;156;197m▀[38;2;66;64;65;48;2;66;64;65m▀[0m [38;2;66;64;65m▀[38;2;180;205;246;48;2;66;64;65m▀[38;2;123;115;148;48;2;180;205;246m▀[38;2;148;156;197m▀[38;2;180;205;246m▀[48;2;66;64;65m▀[48;2;16;16;16m▀[38;2;66;64;65;48;2;66;64;65m▀[0m
[0m          [38;2;66;64;65m▀▀[38;2;148;156;197;48;2;66;64;65m▀▀▀[38;2;66;64;65;49m▀[0m [38;2;66;64;65;48;2;66;64;65m▀[38;2;148;156;197;48;2;123;115;148m▀[48;2;148;156;197m▀[38;2;66;64;65;48;2;123;115;148m▀[48;2;180;205;246m▀[38;2;148;156;197m▀[38;2;180;205;246;48;2;148;156;197m▀[38;2;148;156;197;48;2;16;16;16m▀[38;2;123;115;148m▀[38;2;180;205;246m▀[38;2;66;64;65;48;2;66;64;65m▀[0m
[0m                  [38;2;66;64;65m▀[38;2;148;156;197;48;2;66;64;65m▀▀▀[38;2;66;64;65;49m▀▀[0m
