[0m             [38;2;57;74;115m▄▄▄[38;2;65;98;148m▄[38;2;57;74;115;48;2;90;148;197m▀▀▀▀▀▀▀[38;2;16;16;16;49m▄▄[0m
[0m       [38;2;90;57;65m▄▄[48;2;238;65;65m▀[48;2;172;72;65m▀[38;2;57;74;115;48;2;90;57;65m▀[48;2;90;148;197m▀[38;2;90;148;197m▀▀▀▀▀▀▀▀▀▀▀▀[38;2;57;74;115m▀[38;2;16;16;16;48;2;16;16;16m▀[0m
[0m      [38;2;90;57;65;48;2;90;57;65m▀[38;2;255;255;255;48;2;238;65;65m▀[38;2;238;65;65m▀▀[48;2;90;57;65m▀[38;2;65;98;148;48;2;115;172;230m▀[38;2;115;172;230m▀▀[38;2;90;148;197m▀[48;2;90;148;197m▀▀▀▀▀▀▀▀▀[48;2;65;98;148m▀[38;2;65;98;148m▀[38;2;16;16;16;48;2;16;16;16m▀[0m
[0m    [38;2;57;74;115m▄[48;2;90;148;197m▀[38;2;90;57;65;48;2;90;57;65m▀[38;2;238;65;65;48;2;172;72;65m▀▀[38;2;172;72;65;48;2;90;57;65m▀[38;2;65;98;148;48;2;90;148;197m▀[38;2;115;172;230;48;2;115;172;230m▀▀▀[48;2;90;148;197m▀[38;2;90;148;197m▀▀▀▀▀▀[38;2;65;98;148m▀[38;2;90;148;197;48;2;57;74;115m▀[38;2;65;98;148;48;2;65;98;148m▀▀[38;2;16;16;16;48;2;16;16;16m▀[0m                      [38;2;123;115;148m▄▄[0m
[0m   [38;2;57;74;115m▄[38;2;16;16;16;48;2;57;74;115m▀[38;2;115;172;230;48;2;115;172;230m▀[38;2;90;57;65m▀[38;2;172;72;65;48;2;90;57;65m▀[48;2;65;98;148m▀[38;2;65;98;148;48;2;115;172;230m▀[38;2;115;172;230m▀▀[48;2;90;148;197m▀[48;2;57;74;115m▀[38;2;90;148;197m▀[38;2;57;74;115;48;2;255;255;255m▀[48;2;148;156;197m▀[48;2;180;205;246m▀[38;2;90;148;197;48;2;57;74;115m▀▀[48;2;90;148;197m▀▀▀[38;2;57;74;115m▀[38;2;16;16;16;48;2;16;16;16m▀[0m               [38;2;123;115;148m▄▄[0m   [38;2;123;115;148m▄[48;2;148;156;197m▀[48;2;180;205;246m▀[38;2;180;205;246m▀[38;2;65;65;65;48;2;65;65;65m▀[0m
[0m   [38;2;16;16;16;48;2;16;16;16m▀[38;2;180;205;246;48;2;255;255;255m▀[38;2;65;98;148;48;2;255;180;32m▀[38;2;115;172;230;48;2;90;148;197m▀▀▀▀[38;2;90;148;197m▀[48;2;57;74;115m▀[38;2;57;74;115;48;2;255;255;255m▀[38;2;255;180;32;48;2;16;16;16m▀[48;2;255;180;32m▀[38;2;255;255;255;48;2;255;255;255m▀▀[38;2;180;205;246;48;2;180;205;246m▀▀[38;2;123;115;148m▀[38;2;65;98;148;48;2;123;115;148m▀[48;2;148;156;197m▀[38;2;90;148;197;48;2;65;98;148m▀[48;2;90;148;197m▀▀[38;2;16;16;16m▀[49m▄[0m             [38;2;65;65;65;48;2;65;65;65m▀[38;2;148;156;197;48;2;148;156;197m▀[38;2;123;115;148m▀[49m▄[48;2;148;156;197m▀[38;2;148;156;197m▀[38;2;180;205;246;48;2;180;205;246m▀▀[48;2;65;65;65m▀[38;2;65;65;65;49m▀[0m  [38;2;123;115;148m▄▄[48;2;180;205;246m▀[48;2;123;115;148m▀[0m
[0m  [38;2;57;74;115;48;2;57;74;115m▀[38;2;16;16;16;48;2;123;115;148m▀[38;2;255;255;255;48;2;90;148;197m▀[38;2;16;16;16;48;2;255;180;32m▀[38;2;90;148;197;48;2;90;148;197m▀▀▀▀▀[38;2;65;98;148m▀[38;2;255;255;255;48;2;65;98;148m▀[38;2;172;72;65;48;2;255;180;32m▀[38;2;255;180;32;48;2;255;255;255m▀[38;2;255;255;255m▀[48;2;148;156;197m▀[38;2;180;205;246;48;2;180;205;246m▀▀[48;2;148;156;197m▀[38;2;123;115;148;48;2;123;115;148m▀[38;2;180;205;246;48;2;180;205;246m▀[38;2;148;156;197m▀[38;2;65;98;148;48;2;148;156;197m▀[38;2;90;148;197;48;2;90;148;197m▀▀[38;2;65;98;148;48;2;65;98;148m▀[38;2;16;16;16;48;2;90;148;197m▀[49m▄[0m           [38;2;65;65;65m▀[38;2;148;156;197;48;2;65;65;65m▀[48;2;148;156;197m▀▀[48;2;172;72;65m▀[38;2;172;72;65m▀[38;2;65;65;65;48;2;65;65;65m▀[48;2;180;205;246m▀[38;2;123;115;148;48;2;65;65;65m▀[48;2;148;156;197m▀[48;2;65;65;65m▀[38;2;65;65;65;48;2;180;205;246m▀[38;2;180;205;246m▀▀▀[38;2;123;115;148;48;2;123;115;148m▀[0m
[0m [38;2;57;74;115;48;2;57;74;115m▀[38;2;148;156;197;48;2;148;156;197m▀[38;2;123;115;148m▀[38;2;90;148;197;48;2;57;74;115m▀[38;2;65;98;148;48;2;90;148;197m▀[38;2;90;148;197m▀▀[48;2;65;98;148m▀▀[48;2;90;148;197m▀▀▀▀[38;2;148;156;197m▀[38;2;180;205;246;48;2;180;205;246m▀▀▀[48;2;148;156;197m▀[38;2;148;156;197m▀[48;2;65;65;65m▀[38;2;180;205;246m▀[48;2;148;156;197m▀[48;2;180;205;246m▀[38;2;65;98;148m▀[38;2;90;148;197;48;2;65;98;148m▀▀[38;2;65;98;148;48;2;57;74;115m▀[38;2;90;148;197;48;2;65;98;148m▀[38;2;16;16;16;48;2;16;16;16m▀[0m           [38;2;65;65;65m▀[38;2;148;156;197;48;2;65;65;65m▀[48;2;148;156;197m▀[38;2;172;72;65m▀[38;2;148;156;197m▀[38;2;65;65;65;48;2;65;65;65m▀[38;2;180;205;246;48;2;148;156;197m▀[48;2;180;205;246m▀[38;2;65;65;65m▀[38;2;180;205;246m▀[48;2;238;65;65m▀[48;2;180;205;246m▀[48;2;123;115;148m▀[38;2;65;65;65m▀[38;2;123;115;148;49m▄▄[38;2;16;16;16m▄[0m
[38;2;57;74;115;48;2;123;115;148m▀[38;2;148;156;197;48;2;148;156;197m▀[48;2;65;98;148m▀[38;2;65;98;148m▀[48;2;57;74;115m▀[38;2;16;16;16m▀[38;2;148;156;197;48;2;16;16;16m▀[38;2;90;148;197;48;2;65;98;148m▀[48;2;148;156;197m▀[48;2;90;148;197m▀▀▀[48;2;180;205;246m▀▀[38;2;180;205;246;48;2;148;156;197m▀▀[38;2;148;156;197m▀[48;2;123;115;148m▀[48;2;16;16;16m▀[38;2;16;16;16;49m▀[0m  [38;2;16;16;16m▀▀[38;2;148;156;197;48;2;16;16;16m▀[38;2;65;98;148m▀▀[38;2;57;74;115m▀[38;2;65;98;148m▀[38;2;16;16;16;49m▀[0m           [38;2;65;65;65;48;2;65;65;65m▀[38;2;148;156;197m▀[48;2;148;156;197m▀▀[38;2;123;115;148m▀[48;2;123;115;148m▀[38;2;65;65;65;48;2;65;65;65m▀[38;2;180;205;246;48;2;148;156;197m▀[48;2;180;205;246m▀[38;2;238;65;65;48;2;238;65;65m▀[48;2;180;205;246m▀[38;2;180;205;246m▀▀▀▀[48;2;16;16;16m▀[38;2;16;16;16;49m▀[0m
[0m [38;2;16;16;16m▀[38;2;57;74;115;48;2;16;16;16m▀▀[38;2;16;16;16;49m▀▀[0m  [38;2;16;16;16m▀▀[38;2;123;115;148m▀[38;2;148;156;197;48;2;16;16;16m▀▀▀[48;2;148;156;197m▀[38;2;123;115;148m▀▀[38;2;65;65;65m▀▀[38;2;16;16;16m▀[48;2;123;115;148m▀[38;2;65;65;65;49m▄▄▄▄▄[38;2;16;16;16m▄▄[0m            [38;2;65;65;65m▀[38;2;148;156;197;48;2;65;65;65m▀[48;2;148;156;197m▀[48;2;123;115;148m▀[38;2;65;65;65;48;2;148;156;197m▀[48;2;65;65;65m▀[0m [38;2;123;115;148m▄[38;2;65;65;65;48;2;148;156;197m▀[38;2;148;156;197m▀[38;2;180;205;246m▀[48;2;123;115;148m▀[48;2;16;16;16m▀[38;2;148;156;197m▀[38;2;16;16;16;49m▀▀[0m
[0m       [38;2;65;65;65m▄▄[48;2;148;156;197m▀▀[38;2;123;115;148m▀[38;2;148;156;197m▀[48;2;65;65;65m▀[38;2;123;115;148m▀[38;2;148;156;197;48;2;180;205;246m▀▀[38;2;123;115;148m▀[38;2;148;156;197;48;2;65;65;65m▀[38;2;180;205;246m▀[48;2;123;115;148m▀[48;2;148;156;197m▀[48;2;180;205;246m▀▀▀▀▀[48;2;123;115;148m▀[38;2;65;65;65;48;2;180;205;246m▀▀[38;2;16;16;16;49m▄[0m        [38;2;123;115;148m▄[48;2;148;156;197m▀▀[38;2;148;156;197;48;2;16;16;16m▀[38;2;16;16;16;49m▀▀[0m [38;2;65;65;65m▄[48;2;148;156;197m▀[38;2;123;115;148m▀[38;2;148;156;197m▀[48;2;65;65;65m▀[48;2;16;16;16m▀[38;2;16;16;16;49m▀[0m
[0m   [38;2;65;65;65m▄[48;2;180;205;246m▀▀[38;2;148;156;197m▀[38;2;180;205;246m▀▀[48;2;123;115;148m▀[38;2;148;156;197;48;2;16;16;16m▀[38;2;123;115;148m▀[38;2;65;65;65;49m▀[0m [38;2;65;65;65m▀[38;2;123;115;148;48;2;16;16;16m▀[38;2;180;205;246;48;2;180;205;246m▀▀▀▀▀[38;2;65;65;65m▀[38;2;16;16;16;48;2;16;16;16m▀[49m▀▀[38;2;123;115;148m▀[38;2;180;205;246;48;2;16;16;16m▀▀[38;2;16;16;16;49m▀▀[0m     [38;2;123;115;148m▄▄[48;2;148;156;197m▀▀[38;2;148;156;197;48;2;16;16;16m▀[38;2;65;65;65;49m▀[38;2;16;16;16m▀[0m    [38;2;65;65;65m▄[48;2;148;156;197m▀[38;2;148;156;197;48;2;16;16;16m▀[38;2;123;115;148m▀[38;2;148;156;197m▀[38;2;16;16;16;49m▀[0m
[0m    [38;2;16;16;16m▀[38;2;123;115;148;48;2;16;16;16m▀[38;2;180;205;246m▀[38;2;65;65;65;49m▀[38;2;16;16;16m▀▀[0m     [38;2;16;16;16;48;2;16;16;16m▀[38;2;180;205;246;48;2;123;115;148m▀[48;2;180;205;246m▀▀▀▀[48;2;148;156;197m▀[38;2;148;156;197m▀[38;2;16;16;16;48;2;123;115;148m▀[49m▄[38;2;65;65;65m▄▄▄▄[38;2;123;115;148m▄▄▄[48;2;148;156;197m▀▀▀[38;2;148;156;197;48;2;65;65;65m▀▀[38;2;65;65;65;49m▀▀[0m   [38;2;65;65;65m▄▄[38;2;123;115;148;48;2;148;156;197m▀[38;2;65;65;65m▀[38;2;148;156;197;48;2;16;16;16m▀[38;2;65;65;65;49m▀[0m
[0m                [38;2;16;16;16;48;2;65;65;65m▀[38;2;148;156;197;48;2;16;16;16m▀[48;2;123;115;148m▀[48;2;148;156;197m▀▀[48;2;123;115;148m▀[48;2;148;156;197m▀▀[38;2;65;65;65;48;2;123;115;148m▀[38;2;148;156;197m▀[48;2;16;16;16m▀▀[48;2;148;156;197m▀[38;2;16;16;16m▀▀▀▀[38;2;65;65;65;48;2;16;16;16m▀▀[38;2;16;16;16;49m▄▄▄[38;2;65;65;65m▄[48;2;180;205;246m▀▀▀[38;2;180;205;246;48;2;16;16;16m▀▀[38;2;16;16;16;49m▀▀[0m
[0m                [38;2;65;65;65m▀[38;2;148;156;197;48;2;65;65;65m▀[38;2;123;115;148;48;2;148;156;197m▀[38;2;65;65;65;48;2;16;16;16m▀[38;2;16;16;16;49m▀▀[38;2;148;156;197;48;2;16;16;16m▀▀[48;2;148;156;197m▀[38;2;65;65;65;48;2;65;65;65m▀[0m  [38;2;16;16;16m▀▀▀▀[38;2;148;156;197;48;2;16;16;16m▀▀▀[38;2;180;205;246m▀▀▀▀[38;2;65;65;65;49m▀[38;2;16;16;16m▀▀[0m
[0m                  [38;2;16;16;16m▀[0m    [38;2;16;16;16m▀▀▀[0m
