[0m                          [38;2;57;57;74m▄▄▄[0m                       [38;2;57;57;74;48;2;57;57;74m▀▀[49m▄▄▄[0m     [38;2;57;57;74m▄▄▄▄[0m
[0m                 [38;2;57;57;74m▄▄▄▄[0m  [38;2;57;57;74m▄▄[48;2;57;57;74m▀[49m▀▀[0m                          [38;2;57;57;74m▀▀[48;2;57;57;74m▀▀▀▀▀▀▀▀▀▀▀[49m▄[0m  [38;2;57;57;74m▄▄▄▄[0m
[0m               [38;2;57;57;74m▄[48;2;57;57;74m▀▀▀▀▀▀▀▀▀[0m       [38;2;115;82;0m▄[48;2;255;238;197m▀[48;2;115;82;0m▀[0m     [38;2;115;82;0;48;2;115;82;0m▀[48;2;255;238;197m▀[49m▄[0m                [38;2;57;57;74m▀[48;2;57;57;74m▀▀▀▀▀▀▀▀▀▀▀▀▀▀▀[49m▄[0m
[0m          [38;2;57;57;74m▄▄[48;2;57;57;74m▀▀▀▀▀▀▀▀▀▀▀▀[0m      [38;2;115;82;0m▄[48;2;255;213;0m▀[38;2;255;238;197;48;2;255;238;197m▀[38;2;115;82;0;48;2;115;82;0m▀[49m▄[38;2;106;106;123m▄▄▄▄▄[38;2;115;82;0;48;2;115;82;0m▀[38;2;255;238;197;48;2;255;238;197m▀[38;2;205;156;0;48;2;255;213;0m▀[38;2;115;82;0;48;2;205;156;0m▀[49m▄[0m                [38;2;57;57;74;48;2;57;57;74m▀▀▀▀▀▀▀▀▀▀▀▀▀▀▀[49m▄[0m
[0m        [38;2;57;57;74m▄[48;2;57;57;74m▀▀▀▀▀▀▀▀▀▀▀▀[49m▀[0m      [38;2;115;82;0m▄▄[48;2;255;213;0m▀[38;2;255;238;197;48;2;255;238;197m▀[38;2;115;82;0;48;2;115;82;0m▀[48;2;148;148;164m▀[38;2;148;148;164;48;2;197;205;213m▀[38;2;197;205;213m▀▀▀▀[48;2;115;82;0m▀[38;2;115;82;0;48;2;255;238;197m▀[38;2;255;238;197;48;2;255;213;0m▀[38;2;255;213;0m▀▀[38;2;115;82;0;48;2;115;82;0m▀[48;2;255;213;0m▀▀▀[49m▄▄▄[0m         [38;2;57;57;74m▄[48;2;57;57;74m▀▀▀▀▀▀▀▀▀▀▀▀▀▀▀▀[49m▄[0m
[0m       [38;2;57;57;74m▄[48;2;57;57;74m▀▀▀▀▀▀▀▀▀▀▀▀▀[0m   [38;2;0;0;0m▄[38;2;115;82;0m▄[48;2;255;238;197m▀[48;2;255;213;0m▀[38;2;255;213;0m▀[38;2;115;82;0;48;2;115;82;0m▀[38;2;255;213;0;48;2;255;213;0m▀[38;2;255;238;197m▀[38;2;115;82;0;48;2;115;82;0m▀[38;2;197;205;213;48;2;197;205;213m▀▀▀▀[48;2;115;82;0m▀▀[38;2;115;82;0;48;2;255;213;0m▀[38;2;255;238;197m▀[38;2;255;213;0m▀▀[48;2;115;82;0m▀[38;2;115;82;0;48;2;255;213;0m▀[38;2;255;213;0m▀▀▀▀▀[38;2;172;123;0m▀[38;2;115;82;0m▀[48;2;172;123;0m▀[49m▄[0m    [38;2;57;57;74m▄[48;2;57;57;74m▀▀▀▀▀▀▀▀▀▀▀▀▀▀▀▀▀▀▀▀[49m▄[0m
[0m    [38;2;57;57;74m▄▄[48;2;57;57;74m▀▀▀▀▀▀▀▀▀▀▀▀▀▀▀▀[0m [38;2;0;0;0m▀[38;2;255;238;197;48;2;0;0;0m▀[48;2;205;156;0m▀[48;2;255;238;197m▀[48;2;255;213;0m▀[38;2;255;213;0m▀▀[38;2;115;82;0;48;2;115;82;0m▀[38;2;255;213;0;48;2;255;213;0m▀▀[38;2;115;82;0;48;2;255;238;197m▀▀[48;2;255;213;0m▀▀[38;2;255;213;0m▀▀▀▀[48;2;115;82;0m▀[38;2;115;82;0;48;2;57;57;74m▀[38;2;57;57;74;48;2;255;213;0m▀[38;2;255;213;0m▀▀▀▀▀▀▀▀▀▀[38;2;115;82;0m▀▀[38;2;0;0;0;49m▄[0m [38;2;57;57;74;48;2;57;57;74m▀▀▀▀▀▀▀▀▀▀▀▀▀▀▀▀▀▀▀▀▀▀[49m▄[0m
[0m [38;2;57;57;74m▄[48;2;57;57;74m▀▀▀▀[49m▀▀[48;2;57;57;74m▀▀▀▀▀▀▀▀▀▀▀▀▀▀▀[0m  [38;2;0;0;0m▀[38;2;172;123;0;48;2;0;0;0m▀[48;2;205;156;0m▀[38;2;255;213;0m▀[48;2;115;82;0m▀[38;2;205;156;0;48;2;205;156;0m▀[38;2;115;82;0;48;2;0;0;0m▀[38;2;255;213;0;48;2;255;213;0m▀[38;2;255;238;197m▀[48;2;255;238;197m▀[38;2;255;213;0;48;2;205;156;0m▀[48;2;255;213;0m▀[48;2;0;0;0m▀[38;2;205;156;0;48;2;164;32;57m▀[38;2;57;57;74;48;2;255;65;82m▀[38;2;255;65;82;48;2;164;32;57m▀[38;2;0;0;0;48;2;0;0;0m▀[38;2;57;57;74;48;2;57;57;74m▀[38;2;255;213;0;48;2;255;213;0m▀▀▀▀▀▀[48;2;172;123;0m▀▀[48;2;205;156;0m▀[38;2;172;123;0m▀▀[38;2;205;156;0m▀[48;2;0;0;0m▀[38;2;0;0;0;49m▀[0m [38;2;57;57;74;48;2;57;57;74m▀▀▀▀▀▀▀▀▀▀▀▀▀▀[49m▀[0m   [38;2;57;57;74m▀▀▀[48;2;57;57;74m▀▀▀[49m▄[0m
[38;2;57;57;74;49m▀▀▀[0m      [38;2;57;57;74;48;2;90;49;16m▀▀[48;2;255;65;82m▀▀▀[48;2;57;57;74m▀▀▀▀▀▀▀▀▀[0m    [38;2;0;0;0m▀[38;2;115;82;0;48;2;0;0;0m▀[38;2;255;213;0;48;2;255;213;0m▀▀[38;2;205;156;0;48;2;205;156;0m▀[38;2;0;0;0m▀[38;2;255;213;0;48;2;0;0;0m▀[38;2;205;156;0;48;2;205;156;0m▀[48;2;0;0;0m▀[38;2;0;0;0;48;2;74;74;90m▀[38;2;74;74;90m▀[38;2;0;0;0m▀[48;2;0;0;0m▀[48;2;57;57;74m▀[48;2;172;123;0m▀[38;2;255;213;0;48;2;255;213;0m▀[48;2;172;123;0m▀[48;2;255;213;0m▀▀▀[38;2;172;123;0;48;2;172;123;0m▀[38;2;205;156;0;48;2;205;156;0m▀[38;2;115;82;0;48;2;115;82;0m▀[38;2;205;156;0;48;2;205;156;0m▀[48;2;0;0;0m▀▀[38;2;0;0;0;49m▀▀[0m  [38;2;57;57;74;48;2;57;57;74m▀▀▀▀▀▀▀▀[48;2;164;32;57m▀[38;2;164;32;57;48;2;255;65;82m▀▀▀[38;2;90;49;16m▀[38;2;57;57;74;48;2;164;32;57m▀[48;2;57;57;74m▀[49m▄[0m         [38;2;57;57;74m▀▀[0m
[0m      [38;2;90;49;16m▄[48;2;255;65;82m▀▀[38;2;255;65;82m▀▀▀[48;2;164;32;57m▀▀[38;2;164;32;57m▀[38;2;57;57;74;48;2;57;57;74m▀▀▀▀▀▀▀[49m▀[0m     [38;2;0;0;0;48;2;0;0;0m▀[38;2;255;213;0;48;2;255;213;0m▀▀[38;2;205;156;0;48;2;205;156;0m▀[38;2;0;0;0;48;2;0;0;0m▀[38;2;172;123;0m▀[38;2;0;0;0;48;2;172;123;0m▀[48;2;0;0;0m▀[38;2;74;74;90m▀▀[38;2;0;0;0;48;2;172;123;0m▀[38;2;172;123;0;48;2;255;213;0m▀[38;2;255;213;0m▀[48;2;172;123;0m▀[48;2;57;57;74m▀[38;2;172;123;0m▀[38;2;255;213;0;48;2;255;213;0m▀▀[38;2;172;123;0;48;2;172;123;0m▀[38;2;205;156;0;48;2;205;156;0m▀▀[38;2;115;82;0;48;2;0;0;0m▀[38;2;0;0;0;49m▀[0m     [38;2;57;57;74m▄[48;2;57;57;74m▀▀▀▀▀▀▀[38;2;90;49;16;48;2;90;49;16m▀[38;2;164;32;57;48;2;164;32;57m▀[38;2;255;65;82m▀[48;2;255;65;82m▀▀▀▀▀[38;2;164;32;57m▀[38;2;57;57;74m▀[38;2;164;32;57;49m▄[38;2;57;57;74m▄[0m
[0m        [38;2;90;49;16;48;2;57;57;74m▀▀[38;2;164;32;57m▀▀▀▀[38;2;57;57;74m▀▀▀▀▀▀▀▀[0m      [38;2;115;82;0m▄[48;2;115;82;0m▀[38;2;255;213;0m▀[48;2;205;156;0m▀[38;2;205;156;0m▀[38;2;0;0;0;48;2;0;0;0m▀[48;2;57;57;74m▀[38;2;172;123;0;48;2;0;0;0m▀[38;2;255;213;0m▀▀▀[38;2;172;123;0;48;2;57;57;74m▀[38;2;0;0;0m▀▀[38;2;57;57;74;48;2;255;213;0m▀[38;2;255;213;0m▀[48;2;205;156;0m▀[38;2;172;123;0m▀[38;2;205;156;0m▀[48;2;115;82;0m▀[38;2;115;82;0;48;2;205;156;0m▀[38;2;57;57;74;49m▄[0m    [38;2;57;57;74m▄[48;2;57;57;74m▀▀▀▀▀▀▀▀▀▀[38;2;90;49;16m▀[38;2;164;32;57m▀▀▀▀[38;2;90;49;16m▀▀▀[38;2;57;57;74m▀▀▀▀[49m▄▄[0m
[0m    [38;2;57;57;74m▄▄[48;2;57;57;74m▀▀▀▀[49m▀▀▀[48;2;57;57;74m▀[48;2;90;49;16m▀[48;2;57;57;74m▀▀▀▀▀▀▀[49m▄[0m  [38;2;115;82;0m▄[48;2;255;213;0m▀▀[38;2;255;213;0m▀[48;2;115;82;0m▀[38;2;115;82;0;48;2;197;205;213m▀[38;2;57;57;74;48;2;57;57;74m▀▀▀▀▀▀▀▀▀▀[38;2;205;156;0m▀[48;2;148;148;164m▀▀[38;2;115;82;0m▀[48;2;197;205;213m▀[48;2;115;82;0m▀[38;2;74;74;90;48;2;205;156;0m▀[38;2;205;156;0;48;2;255;213;0m▀▀[38;2;115;82;0m▀[49m▄[0m [38;2;57;57;74;48;2;57;57;74m▀▀▀▀▀▀▀▀▀▀▀▀▀▀[49m▀▀[0m    [38;2;57;57;74m▀▀▀▀▀[48;2;57;57;74m▀▀[49m▄[0m
[0m    [38;2;57;57;74m▀▀▀[0m   [38;2;90;49;16m▄▄[48;2;255;65;82m▀▀[38;2;255;65;82m▀▀[38;2;164;32;57m▀[38;2;57;57;74;48;2;164;32;57m▀[48;2;57;57;74m▀▀▀▀▀[38;2;115;82;0;49m▄[48;2;255;213;0m▀[38;2;255;238;197;48;2;255;238;197m▀[38;2;255;213;0m▀[48;2;255;213;0m▀[38;2;115;82;0;48;2;115;82;0m▀[38;2;197;205;213;48;2;197;205;213m▀[38;2;148;148;164m▀[48;2;148;148;164m▀[38;2;57;57;74;48;2;164;32;57m▀▀▀▀▀▀▀[48;2;148;148;164m▀▀[38;2;148;148;164m▀[48;2;197;205;213m▀[38;2;197;205;213m▀[48;2;115;82;0m▀[38;2;115;82;0m▀[48;2;255;213;0m▀[38;2;255;213;0m▀▀▀▀[48;2;205;156;0m▀[38;2;115;82;0;48;2;115;82;0m▀[38;2;57;57;74;48;2;57;57;74m▀▀▀▀▀▀▀▀▀▀[48;2;164;32;57m▀[38;2;164;32;57;48;2;255;65;82m▀▀[38;2;90;49;16m▀▀[49m▄▄[0m
[0m         [38;2;90;49;16m▀[38;2;255;65;82;48;2;90;49;16m▀▀[48;2;164;32;57m▀▀▀▀[38;2;164;32;57;48;2;57;57;74m▀▀[38;2;57;57;74m▀▀▀▀▀[38;2;0;0;0;48;2;0;0;0m▀[38;2;205;156;0;48;2;205;156;0m▀[38;2;255;213;0;48;2;172;123;0m▀[38;2;255;238;197m▀[38;2;255;213;0;48;2;255;213;0m▀▀[38;2;115;82;0m▀[38;2;197;205;213;48;2;115;82;0m▀[48;2;197;205;213m▀[38;2;57;57;74;48;2;74;74;90m▀[38;2;164;32;57m▀[48;2;57;57;74m▀▀▀▀[38;2;57;57;74;48;2;74;74;90m▀[38;2;148;148;164;48;2;57;57;74m▀[38;2;197;205;213;48;2;197;205;213m▀[48;2;115;82;0m▀▀[38;2;115;82;0;48;2;255;238;197m▀[38;2;255;213;0m▀[48;2;255;213;0m▀▀[48;2;172;123;0m▀▀[38;2;172;123;0;48;2;205;156;0m▀[38;2;205;156;0m▀▀[38;2;0;0;0;48;2;0;0;0m▀[38;2;57;57;74;48;2;57;57;74m▀▀▀▀▀▀▀▀▀▀[38;2;164;32;57m▀[38;2;255;65;82;48;2;164;32;57m▀[48;2;255;65;82m▀▀▀▀[38;2;164;32;57m▀[38;2;90;49;16m▀[49m▄[0m
[0m        [38;2;57;57;74m▄▄[48;2;57;57;74m▀▀▀▀[49m▀[48;2;90;49;16m▀▀[48;2;164;32;57m▀▀[48;2;57;57;74m▀▀▀▀▀[38;2;0;0;0m▀[38;2;205;156;0;48;2;0;0;0m▀▀[38;2;172;123;0;48;2;205;156;0m▀▀[38;2;255;213;0m▀▀[38;2;57;57;74m▀[38;2;74;74;90;48;2;57;57;74m▀[48;2;74;74;90m▀▀▀▀▀[38;2;57;57;74;48;2;255;213;0m▀[38;2;115;82;0m▀▀[38;2;255;213;0m▀[48;2;172;123;0m▀[38;2;255;238;197;48;2;205;156;0m▀[38;2;172;123;0m▀▀[38;2;205;156;0m▀▀▀▀[48;2;57;57;74m▀[38;2;0;0;0m▀[38;2;57;57;74m▀▀▀▀▀[48;2;164;32;57m▀[38;2;164;32;57;48;2;255;65;82m▀▀[38;2;90;49;16m▀[38;2;57;57;74;48;2;90;49;16m▀[49m▀▀[48;2;57;57;74m▀[38;2;90;49;16m▀[38;2;164;32;57m▀▀[38;2;255;65;82m▀▀[48;2;90;49;16m▀▀[38;2;90;49;16m▀[0m
[0m       [38;2;57;57;74m▀▀▀[0m   [38;2;90;49;16m▄[48;2;255;65;82m▀[38;2;164;32;57m▀[38;2;255;65;82m▀▀▀[38;2;164;32;57;48;2;164;32;57m▀[38;2;57;57;74;48;2;57;57;74m▀▀▀[48;2;172;123;0m▀[38;2;172;123;0;48;2;255;213;0m▀▀[38;2;0;0;0;48;2;115;82;0m▀[48;2;148;148;164m▀[48;2;197;205;213m▀[38;2;57;57;74m▀[48;2;164;32;57m▀[48;2;255;65;82m▀[38;2;255;65;82m▀▀▀▀▀[38;2;90;49;16m▀[38;2;255;213;0;48;2;90;49;16m▀[38;2;205;156;0;48;2;57;57;74m▀▀[48;2;0;0;0m▀▀▀[48;2;57;57;74m▀[38;2;0;0;0;48;2;172;123;0m▀▀[48;2;205;156;0m▀[38;2;57;57;74;48;2;255;213;0m▀▀[48;2;0;0;0m▀[48;2;57;57;74m▀▀▀▀▀▀[38;2;164;32;57;48;2;90;49;16m▀[38;2;255;65;82;48;2;164;32;57m▀[48;2;255;65;82m▀▀▀[38;2;90;49;16m▀[49m▄[0m   [38;2;57;57;74m▀▀[48;2;57;57;74m▀▀▀[49m▄[0m
[0m            [38;2;90;49;16m▀[38;2;255;65;82;48;2;90;49;16m▀[48;2;57;57;74m▀▀▀[38;2;164;32;57m▀▀[38;2;57;57;74m▀▀[48;2;115;82;0m▀[38;2;172;123;0;48;2;255;238;197m▀[38;2;255;213;0;48;2;255;213;0m▀▀[38;2;115;82;0;48;2;115;82;0m▀[38;2;197;205;213;48;2;148;148;164m▀[48;2;197;205;213m▀▀▀[38;2;74;74;90;48;2;74;74;90m▀[38;2;255;65;82m▀▀▀▀▀▀[38;2;164;32;57;48;2;57;57;74m▀[38;2;197;205;213;48;2;197;205;213m▀[38;2;148;148;164m▀▀▀▀[48;2;57;57;74m▀[38;2;57;57;74;48;2;255;213;0m▀[38;2;255;213;0m▀[38;2;205;156;0m▀[38;2;255;213;0m▀▀▀▀[38;2;0;0;0;48;2;0;0;0m▀[38;2;57;57;74;48;2;57;57;74m▀▀[49m▀▀[48;2;57;57;74m▀▀[38;2;90;49;16m▀[38;2;164;32;57m▀[48;2;90;49;16m▀[38;2;255;65;82;48;2;164;32;57m▀▀[48;2;255;65;82m▀[38;2;90;49;16m▀[49m▄[0m     [38;2;57;57;74m▀▀▀[0m
[0m             [38;2;57;57;74;48;2;57;57;74m▀▀▀▀[49m▀▀[48;2;57;57;74m▀[38;2;115;82;0;48;2;115;82;0m▀[38;2;255;213;0;48;2;172;123;0m▀[38;2;255;238;197;48;2;255;213;0m▀[38;2;255;213;0;48;2;255;238;197m▀[48;2;255;213;0m▀[38;2;115;82;0m▀[38;2;148;148;164;48;2;115;82;0m▀[38;2;197;205;213;48;2;197;205;213m▀▀[38;2;74;74;90;48;2;74;74;90m▀▀▀▀▀▀▀▀[48;2;57;57;74m▀[38;2;197;205;213;48;2;197;205;213m▀[48;2;57;57;74m▀▀[38;2;57;57;74;48;2;255;213;0m▀▀[38;2;255;213;0;48;2;255;238;197m▀[48;2;255;213;0m▀▀▀▀[48;2;172;123;0m▀[48;2;205;156;0m▀[38;2;205;156;0;48;2;0;0;0m▀[38;2;0;0;0;49m▀[0m      [38;2;57;57;74m▀▀▀[48;2;57;57;74m▀▀▀[49m▄[0m
[0m            [38;2;57;57;74;48;2;57;57;74m▀[49m▀▀[0m     [38;2;115;82;0m▀[38;2;205;156;0;48;2;115;82;0m▀[38;2;172;123;0;48;2;205;156;0m▀[38;2;255;213;0;48;2;172;123;0m▀▀[48;2;255;213;0m▀▀[38;2;115;82;0m▀[38;2;197;205;213;48;2;57;57;74m▀[38;2;164;32;57;48;2;90;49;16m▀[38;2;74;74;90;48;2;255;65;82m▀▀▀▀▀[38;2;164;32;57;48;2;90;49;16m▀[38;2;255;65;82m▀[38;2;57;57;74;48;2;255;213;0m▀▀[38;2;255;213;0m▀▀▀▀[38;2;255;238;197;48;2;172;123;0m▀[38;2;255;213;0m▀▀[38;2;172;123;0;48;2;205;156;0m▀▀[38;2;205;156;0m▀[48;2;0;0;0m▀[38;2;0;0;0;49m▀[0m           [38;2;57;57;74m▀▀▀[48;2;57;57;74m▀[0m
[0m                      [38;2;115;82;0;48;2;0;0;0m▀[38;2;205;156;0;48;2;57;57;74m▀▀▀[38;2;172;123;0m▀[38;2;255;213;0;48;2;74;74;90m▀▀▀[38;2;90;49;16;48;2;255;65;82m▀[38;2;255;65;82m▀▀▀[38;2;90;49;16m▀[38;2;255;213;0;48;2;57;57;74m▀▀[48;2;115;82;0m▀[48;2;205;156;0m▀▀[38;2;172;123;0m▀▀▀[38;2;205;156;0;48;2;57;57;74m▀[48;2;0;0;0m▀▀[38;2;0;0;0;48;2;172;123;0m▀▀▀[49m▄[0m                [38;2;106;106;123m▄▄▄▄[0m
[0m                    [38;2;115;82;0m▄[38;2;205;156;0;48;2;255;213;0m▀[38;2;255;213;0m▀[38;2;57;57;74;48;2;115;82;0m▀[38;2;148;148;164;48;2;148;148;164m▀[48;2;197;205;213m▀[38;2;197;205;213m▀[38;2;74;74;90;48;2;74;74;90m▀[38;2;255;65;82m▀▀▀▀▀▀▀[38;2;164;32;57m▀[38;2;74;74;90m▀[38;2;148;148;164;48;2;197;205;213m▀[38;2;197;205;213m▀[38;2;57;57;74;48;2;148;148;164m▀▀▀▀[38;2;148;148;164m▀[48;2;115;82;0m▀[38;2;57;57;74;48;2;255;213;0m▀[38;2;205;156;0m▀▀▀▀[38;2;115;82;0;48;2;205;156;0m▀[49m▄[0m             [38;2;106;106;123m▀[38;2;197;205;213;48;2;106;106;123m▀[48;2;197;205;213m▀[38;2;148;148;164m▀[38;2;106;106;123m▀[38;2;57;57;74;48;2;148;148;164m▀▀[49m▄[0m
[0m                   [38;2;115;82;0;48;2;115;82;0m▀[38;2;255;213;0;48;2;172;123;0m▀[38;2;255;238;197;48;2;255;238;197m▀[38;2;255;213;0m▀[48;2;255;213;0m▀[38;2;115;82;0m▀[38;2;197;205;213;48;2;115;82;0m▀▀[38;2;74;74;90;48;2;164;32;57m▀[48;2;74;74;90m▀▀▀▀▀▀▀▀[48;2;164;32;57m▀[38;2;197;205;213;48;2;197;205;213m▀▀▀▀[48;2;115;82;0m▀▀[38;2;115;82;0;48;2;255;213;0m▀[38;2;255;213;0m▀▀▀▀▀[48;2;172;123;0m▀[38;2;172;123;0;48;2;205;156;0m▀[38;2;205;156;0m▀[38;2;115;82;0;48;2;0;0;0m▀[0m              [38;2;106;106;123;48;2;106;106;123m▀[38;2;197;205;213m▀[48;2;197;205;213m▀▀[38;2;148;148;164m▀[48;2;148;148;164m▀[38;2;57;57;74;48;2;0;0;0m▀[0m
[0m                   [38;2;115;82;0m▀[38;2;205;156;0;48;2;115;82;0m▀[38;2;172;123;0;48;2;205;156;0m▀▀[38;2;255;213;0;48;2;172;123;0m▀[48;2;255;213;0m▀▀[38;2;90;49;16m▀[38;2;115;82;0;48;2;90;49;16m▀[38;2;255;65;82m▀[48;2;255;65;82m▀▀▀▀▀▀▀▀[38;2;197;205;213;48;2;57;57;74m▀▀[38;2;115;82;0;48;2;255;213;0m▀▀[38;2;255;213;0m▀▀[48;2;255;238;197m▀[38;2;255;238;197m▀[48;2;172;123;0m▀[38;2;255;213;0m▀[38;2;172;123;0;48;2;205;156;0m▀▀[38;2;205;156;0m▀▀[48;2;0;0;0m▀[38;2;0;0;0;48;2;57;57;74m▀[38;2;57;57;74;49m▄[0m              [38;2;106;106;123;48;2;106;106;123m▀[38;2;197;205;213m▀[48;2;148;148;164m▀[48;2;106;106;123m▀[38;2;148;148;164m▀[48;2;148;148;164m▀[38;2;0;0;0;48;2;0;0;0m▀[0m
[0m                     [38;2;57;57;74m▀[38;2;172;123;0;48;2;57;57;74m▀[38;2;205;156;0m▀▀▀[38;2;255;213;0;48;2;74;74;90m▀▀[48;2;164;32;57m▀[38;2;90;49;16;48;2;255;65;82m▀[38;2;255;65;82m▀▀▀▀▀▀[38;2;90;49;16;48;2;164;32;57m▀[38;2;255;213;0m▀[48;2;74;74;90m▀[48;2;115;82;0m▀[48;2;205;156;0m▀▀[38;2;172;123;0m▀▀[38;2;205;156;0m▀[48;2;57;57;74m▀[48;2;0;0;0m▀▀▀[38;2;0;0;0;48;2;148;148;164m▀▀[38;2;148;148;164m▀[38;2;74;74;90;48;2;74;74;90m▀[38;2;197;205;213;48;2;106;106;123m▀[38;2;106;106;123;48;2;197;205;213m▀[49m▄[38;2;57;57;74m▄[0m         [38;2;106;106;123m▄[48;2;148;148;164m▀▀[38;2;197;205;213;48;2;106;106;123m▀[48;2;197;205;213m▀▀[38;2;148;148;164;48;2;148;148;164m▀[38;2;106;106;123m▀[48;2;106;106;123m▀[38;2;0;0;0;48;2;0;0;0m▀[0m
[0m                      [38;2;57;57;74;48;2;57;57;74m▀[38;2;197;205;213;48;2;197;205;213m▀▀▀[38;2;74;74;90;48;2;74;74;90m▀▀▀▀▀▀▀▀▀▀▀▀▀[38;2;148;148;164;48;2;197;205;213m▀[38;2;57;57;74;48;2;148;148;164m▀▀▀▀▀[38;2;148;148;164m▀[48;2;197;205;213m▀▀▀▀[38;2;106;106;123m▀[38;2;197;205;213m▀[38;2;106;106;123m▀[38;2;74;74;90;48;2;74;74;90m▀[38;2;106;106;123m▀[38;2;197;205;213;48;2;197;205;213m▀▀[38;2;57;57;74;48;2;106;106;123m▀[38;2;106;106;123;48;2;57;57;74m▀[48;2;197;205;213m▀[49m▄▄[38;2;57;57;74m▄[38;2;106;106;123;48;2;148;148;164m▀[48;2;197;205;213m▀▀[38;2;148;148;164m▀[38;2;197;205;213m▀▀[38;2;148;148;164m▀[38;2;106;106;123m▀[48;2;106;106;123m▀[38;2;148;148;164m▀[48;2;148;148;164m▀[38;2;106;106;123m▀[38;2;0;0;0;48;2;0;0;0m▀[0m
[0m                     [38;2;106;106;123;48;2;106;106;123m▀[38;2;148;148;164;48;2;197;205;213m▀[38;2;197;205;213m▀▀[48;2;255;65;82m▀[38;2;164;32;57m▀[38;2;74;74;90m▀[48;2;164;32;57m▀▀▀▀▀▀▀▀▀[38;2;164;32;57;48;2;255;65;82m▀[38;2;197;205;213;48;2;197;205;213m▀▀▀▀▀▀▀▀▀▀▀▀▀▀▀[38;2;74;74;90;48;2;74;74;90m▀▀▀[38;2;197;205;213m▀[48;2;197;205;213m▀[38;2;57;57;74;48;2;106;106;123m▀[48;2;57;57;74m▀[38;2;197;205;213m▀▀[48;2;197;205;213m▀[38;2;57;57;74m▀[38;2;148;148;164;48;2;57;57;74m▀[38;2;197;205;213m▀[48;2;197;205;213m▀▀[48;2;148;148;164m▀▀[38;2;148;148;164m▀▀▀[38;2;106;106;123;48;2;106;106;123m▀[38;2;148;148;164;48;2;148;148;164m▀[38;2;0;0;0;48;2;0;0;0m▀[0m
[0m                    [38;2;74;74;90m▄[38;2;106;106;123;48;2;74;74;90m▀[38;2;197;205;213;48;2;197;205;213m▀▀▀[38;2;255;65;82;48;2;255;65;82m▀▀▀▀▀▀▀▀▀▀▀▀▀[38;2;197;205;213;48;2;197;205;213m▀▀▀▀▀▀▀▀[48;2;148;148;164m▀[38;2;148;148;164;48;2;197;205;213m▀[38;2;197;205;213m▀▀▀[48;2;148;148;164m▀[38;2;106;106;123;48;2;74;74;90m▀[38;2;74;74;90;48;2;57;57;74m▀▀[38;2;148;148;164;48;2;197;205;213m▀[38;2;197;205;213m▀▀▀[38;2;57;57;74;48;2;57;57;74m▀▀[38;2;197;205;213m▀[48;2;197;205;213m▀▀▀▀[38;2;57;57;74m▀[48;2;57;57;74m▀[38;2;148;148;164m▀[48;2;148;148;164m▀▀▀▀▀[38;2;0;0;0;48;2;0;0;0m▀[0m
[0m                    [38;2;74;74;90;48;2;74;74;90m▀▀[38;2;197;205;213m▀[48;2;197;205;213m▀▀[38;2;164;32;57m▀[38;2;255;65;82;48;2;164;32;57m▀▀[48;2;255;65;82m▀▀▀▀▀▀▀[48;2;164;32;57m▀▀▀[38;2;164;32;57;48;2;74;74;90m▀[38;2;197;205;213;48;2;197;205;213m▀▀▀▀▀▀[38;2;106;106;123;48;2;106;106;123m▀[38;2;197;205;213;48;2;197;205;213m▀▀[48;2;148;148;164m▀[38;2;148;148;164m▀[48;2;57;57;74m▀[38;2;57;57;74m▀▀▀▀[38;2;197;205;213;48;2;106;106;123m▀[48;2;197;205;213m▀[48;2;106;106;123m▀[38;2;106;106;123;48;2;57;57;74m▀[38;2;57;57;74m▀[48;2;197;205;213m▀[38;2;148;148;164m▀[38;2;57;57;74;48;2;148;148;164m▀[38;2;197;205;213;48;2;57;57;74m▀[48;2;197;205;213m▀[48;2;106;106;123m▀[38;2;106;106;123;48;2;57;57;74m▀[38;2;57;57;74;48;2;148;148;164m▀[48;2;197;205;213m▀[38;2;148;148;164;48;2;57;57;74m▀[48;2;148;148;164m▀▀▀[38;2;0;0;0;48;2;0;0;0m▀[0m
[0m                   [38;2;57;57;74m▄[48;2;197;205;213m▀[38;2;74;74;90;48;2;57;57;74m▀▀[38;2;148;148;164;48;2;148;148;164m▀[38;2;197;205;213;48;2;106;106;123m▀[48;2;197;205;213m▀[38;2;74;74;90m▀[48;2;74;74;90m▀▀▀▀▀▀▀▀▀▀▀▀[38;2;197;205;213;48;2;197;205;213m▀▀[48;2;148;148;164m▀[48;2;197;205;213m▀[48;2;148;148;164m▀[38;2;106;106;123;48;2;106;106;123m▀[38;2;148;148;164;48;2;148;148;164m▀▀▀[48;2;57;57;74m▀[38;2;57;57;74m▀▀[48;2;106;106;123m▀[48;2;197;205;213m▀▀[48;2;148;148;164m▀[48;2;57;57;74m▀[38;2;197;205;213m▀[38;2;57;57;74m▀[48;2;197;205;213m▀[38;2;197;205;213m▀▀▀▀[38;2;57;57;74;48;2;148;148;164m▀[48;2;57;57;74m▀▀[48;2;197;205;213m▀[38;2;197;205;213m▀▀[38;2;57;57;74;48;2;106;106;123m▀[38;2;148;148;164;48;2;148;148;164m▀[48;2;0;0;0m▀[38;2;0;0;0;49m▀[0m
[0m                 [38;2;106;106;123m▄[48;2;197;205;213m▀[38;2;197;205;213m▀▀[38;2;57;57;74;48;2;106;106;123m▀[48;2;57;57;74m▀[38;2;106;106;123m▀[48;2;148;148;164m▀[38;2;148;148;164;48;2;106;106;123m▀[48;2;148;148;164m▀[38;2;74;74;90m▀[48;2;57;57;74m▀▀▀▀▀▀▀▀▀▀[48;2;197;205;213m▀[38;2;197;205;213;48;2;148;148;164m▀[38;2;148;148;164;48;2;197;205;213m▀[38;2;197;205;213;48;2;148;148;164m▀[38;2;148;148;164;48;2;197;205;213m▀[48;2;148;148;164m▀[38;2;106;106;123m▀[38;2;148;148;164m▀[48;2;57;57;74m▀[38;2;57;57;74m▀▀[48;2;197;205;213m▀[38;2;197;205;213m▀▀▀▀▀[38;2;57;57;74;48;2;106;106;123m▀[48;2;57;57;74m▀[38;2;106;106;123;48;2;197;205;213m▀[38;2;197;205;213m▀▀▀▀▀▀[38;2;57;57;74;48;2;57;57;74m▀[38;2;197;205;213;48;2;197;205;213m▀▀▀▀▀[38;2;0;0;0;48;2;0;0;0m▀[49m▀[0m
[0m                [38;2;106;106;123m▄[48;2;197;205;213m▀[38;2;197;205;213m▀▀▀▀[38;2;57;57;74m▀[48;2;57;57;74m▀[38;2;106;106;123m▀[38;2;148;148;164m▀[48;2;148;148;164m▀▀[38;2;57;57;74m▀[48;2;57;57;74m▀▀▀▀▀▀▀▀▀[38;2;148;148;164;48;2;148;148;164m▀▀▀[38;2;197;205;213m▀[38;2;148;148;164m▀▀[48;2;106;106;123m▀[48;2;57;57;74m▀[38;2;57;57;74m▀[48;2;197;205;213m▀[38;2;197;205;213m▀▀▀▀▀▀▀▀[38;2;57;57;74;48;2;57;57;74m▀[38;2;197;205;213;48;2;197;205;213m▀▀▀▀▀▀▀▀[38;2;57;57;74;48;2;57;57;74m▀[38;2;197;205;213;48;2;197;205;213m▀▀▀[48;2;148;148;164m▀[38;2;148;148;164;48;2;115;82;0m▀[38;2;57;57;74;48;2;255;213;0m▀▀[38;2;115;82;0;49m▄[0m
[0m               [38;2;205;156;0m▄[38;2;57;57;74;48;2;115;82;0m▀[38;2;197;205;213m▀[48;2;197;205;213m▀▀▀▀▀▀[38;2;57;57;74m▀[48;2;57;57;74m▀▀[38;2;148;148;164m▀[48;2;148;148;164m▀[38;2;57;57;74m▀[48;2;57;57;74m▀▀▀▀▀▀▀▀[38;2;74;74;90;48;2;74;74;90m▀[38;2;148;148;164;48;2;148;148;164m▀▀▀▀[48;2;57;57;74m▀[38;2;57;57;74m▀▀[38;2;148;148;164;48;2;197;205;213m▀[38;2;197;205;213m▀▀▀▀▀▀▀[48;2;148;148;164m▀▀[38;2;57;57;74m▀[38;2;197;205;213;48;2;57;57;74m▀[48;2;197;205;213m▀▀▀▀[48;2;148;148;164m▀▀[38;2;148;148;164;48;2;255;213;0m▀[38;2;57;57;74m▀▀[38;2;197;205;213;48;2;57;57;74m▀[38;2;148;148;164;48;2;148;148;164m▀[38;2;255;213;0;48;2;115;82;0m▀▀[38;2;172;123;0;48;2;205;156;0m▀▀[38;2;205;156;0;48;2;115;82;0m▀[38;2;0;0;0;48;2;0;0;0m▀[0m
[0m             [38;2;115;82;0m▄[48;2;255;213;0m▀[38;2;255;238;197;48;2;255;238;197m▀[38;2;255;213;0m▀[48;2;255;213;0m▀[38;2;115;82;0m▀▀▀[38;2;197;205;213m▀[48;2;115;82;0m▀[48;2;197;205;213m▀▀▀[38;2;148;148;164m▀[38;2;57;57;74;48;2;148;148;164m▀[48;2;57;57;74m▀[38;2;148;148;164m▀▀[38;2;57;57;74;48;2;148;148;164m▀▀[48;2;57;57;74m▀▀▀▀▀▀[38;2;148;148;164m▀[48;2;148;148;164m▀▀[48;2;57;57;74m▀[38;2;57;57;74m▀[48;2;148;148;164m▀[38;2;148;148;164m▀[38;2;197;205;213;48;2;197;205;213m▀▀▀[48;2;148;148;164m▀[48;2;115;82;0m▀▀[38;2;115;82;0;48;2;255;213;0m▀▀[38;2;255;213;0m▀[48;2;255;238;197m▀▀[48;2;172;123;0m▀[38;2;57;57;74;48;2;205;156;0m▀[38;2;197;205;213;48;2;57;57;74m▀[48;2;197;205;213m▀[38;2;148;148;164m▀[38;2;255;213;0;48;2;115;82;0m▀▀[48;2;205;156;0m▀[38;2;172;123;0m▀▀[38;2;205;156;0;48;2;0;0;0m▀[38;2;0;0;0;48;2;197;205;213m▀[38;2;197;205;213m▀[48;2;148;148;164m▀[38;2;0;0;0m▀▀[48;2;0;0;0m▀[0m
[0m              [38;2;115;82;0m▀[38;2;205;156;0;48;2;0;0;0m▀[38;2;172;123;0;48;2;115;82;0m▀▀▀[38;2;205;156;0m▀[38;2;115;82;0;48;2;197;205;213m▀▀[38;2;197;205;213m▀▀▀[48;2;148;148;164m▀[38;2;148;148;164;48;2;115;82;0m▀▀▀[48;2;205;156;0m▀[38;2;0;0;0;48;2;57;57;74m▀[48;2;148;148;164m▀▀▀[38;2;57;57;74;48;2;0;0;0m▀▀▀▀▀▀▀[38;2;148;148;164m▀[38;2;57;57;74;48;2;57;57;74m▀▀[38;2;148;148;164m▀[48;2;148;148;164m▀[38;2;197;205;213m▀[48;2;197;205;213m▀[38;2;115;82;0m▀[38;2;255;213;0;48;2;148;148;164m▀[48;2;115;82;0m▀▀▀[38;2;172;123;0;48;2;205;156;0m▀▀▀▀[38;2;205;156;0m▀[48;2;57;57;74m▀[38;2;57;57;74;48;2;205;156;0m▀▀[38;2;197;205;213;48;2;115;82;0m▀[48;2;197;205;213m▀[48;2;148;148;164m▀[38;2;0;0;0m▀▀[48;2;57;57;74m▀[38;2;148;148;164;48;2;148;148;164m▀▀▀▀▀▀[38;2;0;0;0;48;2;0;0;0m▀[0m
[0m                [38;2;0;0;0;48;2;0;0;0m▀[38;2;197;205;213;48;2;197;205;213m▀▀▀▀▀[48;2;115;82;0m▀[38;2;115;82;0;48;2;255;213;0m▀▀▀[38;2;255;213;0;48;2;205;156;0m▀[48;2;172;123;0m▀▀[38;2;205;156;0;48;2;205;156;0m▀[38;2;0;0;0;48;2;0;0;0m▀[38;2;148;148;164;48;2;148;148;164m▀[38;2;115;82;0m▀[48;2;106;106;123m▀[38;2;205;156;0;48;2;115;82;0m▀[38;2;255;213;0m▀[48;2;205;156;0m▀▀[38;2;205;156;0;48;2;57;57;74m▀[48;2;0;0;0m▀[38;2;0;0;0;48;2;74;74;90m▀[38;2;106;106;123m▀[48;2;106;106;123m▀[38;2;74;74;90;48;2;0;0;0m▀[38;2;115;82;0;48;2;255;213;0m▀[38;2;205;156;0m▀▀[38;2;115;82;0m▀▀[38;2;148;148;164m▀▀[38;2;197;205;213;48;2;148;148;164m▀[48;2;197;205;213m▀[38;2;115;82;0m▀▀▀[48;2;148;148;164m▀▀[38;2;57;57;74;48;2;0;0;0m▀[38;2;205;156;0m▀[38;2;115;82;0;48;2;148;148;164m▀[38;2;148;148;164;48;2;115;82;0m▀[48;2;148;148;164m▀▀▀▀[38;2;0;0;0;48;2;0;0;0m▀[38;2;148;148;164;48;2;148;148;164m▀[48;2;115;82;0m▀[38;2;115;82;0;48;2;205;156;0m▀[38;2;148;148;164;48;2;115;82;0m▀[48;2;148;148;164m▀[48;2;115;82;0m▀[38;2;57;57;74;48;2;57;57;74m▀[0m
[0m               [38;2;0;0;0;48;2;0;0;0m▀[38;2;148;148;164;48;2;148;148;164m▀[38;2;197;205;213m▀[38;2;205;156;0;48;2;255;238;197m▀[38;2;115;82;0;48;2;115;82;0m▀[38;2;197;205;213;48;2;197;205;213m▀▀[48;2;148;148;164m▀[38;2;115;82;0m▀▀▀[38;2;205;156;0;48;2;115;82;0m▀▀[48;2;0;0;0m▀[38;2;0;0;0;48;2;205;156;0m▀[38;2;148;148;164;48;2;115;82;0m▀[48;2;106;106;123m▀[38;2;106;106;123;48;2;115;82;0m▀▀▀[48;2;106;106;123m▀▀[38;2;0;0;0;48;2;0;0;0m▀[38;2;115;82;0;48;2;115;82;0m▀[48;2;57;57;74m▀[38;2;74;74;90;48;2;115;82;0m▀[38;2;115;82;0m▀[38;2;74;74;90;48;2;0;0;0m▀[38;2;0;0;0m▀[38;2;205;156;0m▀[38;2;172;123;0;48;2;205;156;0m▀▀▀[38;2;205;156;0;48;2;57;57;74m▀▀[38;2;57;57;74;48;2;148;148;164m▀[38;2;197;205;213;48;2;197;205;213m▀[48;2;115;82;0m▀[48;2;197;205;213m▀[48;2;148;148;164m▀[38;2;148;148;164m▀▀▀[38;2;0;0;0;48;2;0;0;0m▀[38;2;148;148;164;48;2;148;148;164m▀[38;2;115;82;0;48;2;115;82;0m▀[38;2;205;156;0;48;2;205;156;0m▀[38;2;115;82;0;48;2;115;82;0m▀[38;2;148;148;164;48;2;148;148;164m▀▀▀[38;2;0;0;0;48;2;0;0;0m▀[38;2;148;148;164;48;2;115;82;0m▀[38;2;115;82;0;48;2;205;156;0m▀[38;2;205;156;0m▀[38;2;115;82;0;48;2;172;123;0m▀[48;2;115;82;0m▀[38;2;205;156;0;48;2;205;156;0m▀[38;2;115;82;0;48;2;172;123;0m▀[38;2;0;0;0;49m▄[0m
[0m              [38;2;115;82;0m▄[38;2;0;0;0;48;2;205;156;0m▀[38;2;148;148;164;48;2;115;82;0m▀[38;2;115;82;0;48;2;255;238;197m▀[38;2;255;238;197;48;2;255;213;0m▀[38;2;172;123;0;48;2;172;123;0m▀[38;2;0;0;0;48;2;205;156;0m▀[38;2;148;148;164;48;2;0;0;0m▀[48;2;148;148;164m▀▀▀▀▀[38;2;0;0;0;48;2;0;0;0m▀[38;2;205;156;0;48;2;205;156;0m▀[48;2;172;123;0m▀[38;2;115;82;0;48;2;115;82;0m▀[48;2;205;156;0m▀[38;2;205;156;0m▀[48;2;172;123;0m▀[38;2;172;123;0;48;2;115;82;0m▀[38;2;115;82;0;48;2;0;0;0m▀[38;2;106;106;123m▀[38;2;0;0;0;49m▀▀▀▀▀[0m   [38;2;0;0;0m▀[48;2;0;0;0m▀[48;2;148;148;164m▀[38;2;148;148;164m▀▀▀[38;2;115;82;0;48;2;115;82;0m▀[38;2;205;156;0;48;2;205;156;0m▀[38;2;115;82;0;48;2;115;82;0m▀[38;2;148;148;164;48;2;148;148;164m▀▀▀▀[38;2;0;0;0;48;2;0;0;0m▀[38;2;148;148;164;48;2;115;82;0m▀[38;2;205;156;0;48;2;205;156;0m▀▀[38;2;172;123;0;48;2;172;123;0m▀[38;2;115;82;0;48;2;115;82;0m▀[48;2;205;156;0m▀▀[38;2;0;0;0;48;2;115;82;0m▀[38;2;172;123;0;48;2;0;0;0m▀[38;2;115;82;0;49m▀[38;2;205;156;0;48;2;0;0;0m▀[38;2;0;0;0m▀[38;2;172;123;0m▀▀[38;2;0;0;0;49m▀[0m
[0m             [38;2;115;82;0;48;2;115;82;0m▀[38;2;255;213;0;48;2;255;213;0m▀[38;2;205;156;0;48;2;115;82;0m▀[38;2;115;82;0;48;2;255;213;0m▀[38;2;255;213;0;48;2;172;123;0m▀[38;2;172;123;0;48;2;205;156;0m▀[38;2;205;156;0m▀[48;2;115;82;0m▀[38;2;115;82;0;48;2;255;213;0m▀[38;2;255;213;0m▀[38;2;0;0;0;48;2;205;156;0m▀[38;2;148;148;164m▀[48;2;0;0;0m▀▀[38;2;0;0;0m▀[49m▀▀[0m [38;2;0;0;0m▀▀▀▀[0m           [38;2;0;0;0;48;2;115;82;0m▀[38;2;148;148;164;48;2;255;213;0m▀[48;2;205;156;0m▀[48;2;148;148;164m▀[38;2;115;82;0;48;2;115;82;0m▀[38;2;255;213;0;48;2;255;238;197m▀[38;2;172;123;0;48;2;172;123;0m▀[38;2;205;156;0;48;2;205;156;0m▀[38;2;115;82;0;48;2;115;82;0m▀[38;2;148;148;164;48;2;148;148;164m▀[48;2;255;213;0m▀[48;2;205;156;0m▀[38;2;0;0;0;48;2;0;0;0m▀[38;2;115;82;0;48;2;205;156;0m▀[38;2;205;156;0;48;2;115;82;0m▀[48;2;172;123;0m▀[38;2;172;123;0;48;2;115;82;0m▀[38;2;115;82;0;48;2;205;156;0m▀[38;2;205;156;0m▀[38;2;172;123;0;48;2;0;0;0m▀▀[38;2;0;0;0;49m▀[0m
[0m              [38;2;115;82;0;48;2;115;82;0m▀[38;2;255;213;0;48;2;0;0;0m▀[38;2;205;156;0m▀▀▀[38;2;115;82;0;49m▀[38;2;255;213;0;48;2;0;0;0m▀▀[38;2;205;156;0m▀[38;2;0;0;0;49m▀▀[0m                    [38;2;115;82;0;48;2;115;82;0m▀[38;2;255;213;0m▀[48;2;255;213;0m▀▀[38;2;115;82;0m▀[38;2;255;213;0;48;2;115;82;0m▀[38;2;255;238;197;48;2;255;238;197m▀[38;2;172;123;0;48;2;172;123;0m▀[38;2;205;156;0;48;2;205;156;0m▀[48;2;115;82;0m▀[38;2;115;82;0;48;2;255;213;0m▀[38;2;255;213;0;48;2;205;156;0m▀[38;2;205;156;0m▀[48;2;0;0;0m▀[38;2;0;0;0m▀[0m [38;2;0;0;0m▀▀▀▀[0m
[0m                                               [38;2;0;0;0m▀▀[38;2;205;156;0;48;2;0;0;0m▀[38;2;115;82;0m▀[38;2;255;213;0;48;2;115;82;0m▀[38;2;172;123;0;48;2;205;156;0m▀[38;2;205;156;0;48;2;115;82;0m▀[38;2;115;82;0;48;2;0;0;0m▀[38;2;255;213;0m▀[38;2;0;0;0;49m▀▀[0m
[0m                                                    [38;2;0;0;0m▀▀[0m
