[0m            [38;2;106;82;49;48;2;16;16;16m▀[48;2;255;238;189m▀▀▀[49m▄▄▄[0m
[0m             [38;2;16;16;16m▀[38;2;172;148;90;48;2;16;16;16m▀[38;2;255;238;189;48;2;172;148;90m▀[48;2;255;238;189m▀▀[38;2;172;148;90m▀[38;2;16;16;16;48;2;255;213;115m▀[38;2;106;82;49;48;2;106;82;49m▀[38;2;16;16;16;49m▄[0m
[0m              [38;2;16;16;16m▀[38;2;255;213;115;48;2;106;82;49m▀[38;2;172;148;90;48;2;172;148;90m▀[38;2;255;238;189;48;2;255;213;115m▀[38;2;255;213;115m▀▀▀▀[38;2;16;16;16m▀[49m▄[0m
[0m               [38;2;16;16;16;48;2;16;16;16m▀[38;2;255;213;115;48;2;255;213;115m▀[38;2;172;148;90;48;2;172;148;90m▀[38;2;255;213;115;48;2;255;213;115m▀▀▀▀▀[38;2;172;148;90m▀[38;2;16;16;16;48;2;16;16;16m▀[0m
[0m                [38;2;106;82;49;48;2;106;82;49m▀[38;2;172;148;90;48;2;255;213;115m▀[38;2;255;213;115;48;2;172;148;90m▀[48;2;255;213;115m▀▀▀▀▀▀[38;2;16;16;16;48;2;16;16;16m▀[0m
[0m                [38;2;106;82;49;48;2;106;82;49m▀[38;2;255;213;115;48;2;255;213;115m▀[38;2;172;148;90;48;2;172;148;90m▀[38;2;255;213;115;48;2;255;213;115m▀▀▀▀▀▀▀[38;2;16;16;16;48;2;16;16;16m▀[0m
[0m               [38;2;106;82;49;48;2;16;16;16m▀[38;2;172;148;90m▀[48;2;172;148;90m▀[48;2;255;213;115m▀[38;2;255;213;115m▀▀▀▀▀▀▀[38;2;172;148;90m▀[38;2;16;16;16;48;2;16;16;16m▀[0m
[0m            [38;2;139;65;123m▄[38;2;16;16;16;48;2;213;139;205m▀[38;2;197;90;156m▀[38;2;213;139;205m▀▀[38;2;16;16;16;48;2;197;90;156m▀[38;2;255;213;115;48;2;172;148;90m▀[48;2;255;213;115m▀▀▀▀▀▀▀▀[38;2;16;16;16;48;2;16;16;16m▀[0m
[0m           [38;2;16;16;16;48;2;16;16;16m▀[38;2;213;139;205;48;2;197;90;156m▀[48;2;213;139;205m▀▀[48;2;197;90;156m▀[38;2;197;90;156m▀▀[38;2;16;16;16;48;2;16;16;16m▀[38;2;255;213;115;48;2;255;213;115m▀▀▀▀▀▀▀▀[38;2;172;148;90m▀[38;2;16;16;16;48;2;16;16;16m▀[0m
[0m          [38;2;16;16;16;48;2;16;16;16m▀[38;2;197;90;156;48;2;197;90;156m▀▀▀▀[48;2;139;65;123m▀[48;2;82;57;90m▀[38;2;82;57;90;48;2;255;213;115m▀[38;2;172;148;90m▀[38;2;106;82;49;48;2;16;16;16m▀[38;2;255;213;115;48;2;255;213;115m▀▀▀▀▀▀▀▀[38;2;16;16;16;48;2;16;16;16m▀[0m                           [38;2;139;65;123m▄▄▄▄▄▄▄[0m
[0m      [38;2;106;82;49m▄▄▄[48;2;172;148;90m▀[38;2;16;16;16;48;2;106;82;49m▀[38;2;139;65;123;48;2;82;57;90m▀[38;2;197;90;156m▀[38;2;139;65;123;48;2;255;213;115m▀[38;2;82;57;90m▀[38;2;255;213;115m▀[48;2;82;57;90m▀▀[48;2;197;90;156m▀[38;2;16;16;16;48;2;16;16;16m▀[38;2;255;213;115;48;2;255;213;115m▀▀▀▀▀▀▀[48;2;172;148;90m▀[38;2;16;16;16;48;2;16;16;16m▀[0m                     [38;2;139;65;123m▄▄[48;2;231;198;239m▀▀▀▀[38;2;231;198;239m▀▀▀▀▀▀▀[38;2;139;65;123m▀▀▀[49m▄[0m
[38;2;106;82;49;49m▄[48;2;255;238;189m▀▀[48;2;255;213;115m▀▀[38;2;172;148;90;48;2;172;148;90m▀▀[48;2;106;82;49m▀[48;2;172;148;90m▀[38;2;16;16;16;48;2;255;213;115m▀[38;2;255;213;115m▀▀▀▀[48;2;197;90;156m▀[38;2;82;57;90m▀[38;2;231;198;239;48;2;82;57;90m▀[38;2;82;57;90;48;2;255;213;115m▀[38;2;255;213;115m▀[38;2;16;16;16;48;2;16;16;16m▀[38;2;255;213;115;48;2;255;238;189m▀▀[48;2;255;213;115m▀▀▀▀▀[38;2;16;16;16;48;2;16;16;16m▀[0m                  [38;2;139;65;123m▄▄[48;2;231;198;239m▀▀[38;2;231;198;239m▀[48;2;213;139;205m▀▀▀▀[38;2;213;139;205m▀▀▀▀▀[38;2;231;198;239m▀▀[48;2;231;198;239m▀▀▀▀▀[38;2;139;65;123;48;2;139;65;123m▀[0m
[0m [38;2;16;16;16m▀[38;2;255;213;115;48;2;16;16;16m▀▀[38;2;172;148;90;48;2;172;148;90m▀▀[38;2;16;16;16m▀[38;2;255;213;115;48;2;16;16;16m▀▀[48;2;106;82;49m▀[48;2;172;148;90m▀[48;2;255;213;115m▀▀▀▀[48;2;131;148;246m▀[48;2;82;106;180m▀[38;2;131;148;246m▀[38;2;106;82;49;48;2;16;16;16m▀[48;2;255;238;189m▀[38;2;255;238;189m▀▀▀[38;2;255;213;115;48;2;255;213;115m▀▀▀[38;2;172;148;90;48;2;16;16;16m▀[38;2;16;16;16;49m▀[0m               [38;2;139;65;123m▄[48;2;197;90;156m▀[48;2;231;198;239m▀[38;2;231;198;239;48;2;213;139;205m▀▀[38;2;213;139;205m▀▀▀▀▀▀▀▀▀▀▀▀▀▀▀[38;2;231;198;239;48;2;231;198;239m▀▀▀▀▀[38;2;139;65;123;48;2;139;65;123m▀[0m
[0m    [38;2;16;16;16m▀▀[38;2;172;148;90;48;2;16;16;16m▀▀▀[48;2;106;82;49m▀[38;2;16;16;16;49m▀▀[38;2;106;82;49m▀[38;2;172;148;90;48;2;106;82;49m▀▀▀[48;2;172;148;90m▀[48;2;106;82;49m▀[38;2;16;16;16;48;2;172;148;90m▀[38;2;255;238;189;48;2;255;238;189m▀▀▀[48;2;255;213;115m▀[38;2;255;213;115m▀▀[48;2;16;16;16m▀[38;2;16;16;16;49m▀[0m              [38;2;139;65;123m▄[48;2;231;198;239m▀[38;2;231;198;239;48;2;213;139;205m▀[38;2;213;139;205m▀▀[48;2;197;90;156m▀▀▀▀[38;2;197;90;156m▀▀▀▀▀▀[38;2;213;139;205m▀▀[48;2;213;139;205m▀▀▀▀▀▀[38;2;231;198;239;48;2;231;198;239m▀▀▀▀[38;2;139;65;123;48;2;139;65;123m▀[0m
[0m               [38;2;16;16;16m▄[38;2;106;82;49;48;2;16;16;16m▀[38;2;16;16;16;48;2;255;238;189m▀[38;2;255;238;189m▀▀▀[48;2;255;213;115m▀[38;2;255;213;115;48;2;16;16;16m▀[38;2;172;148;90m▀[38;2;16;16;16;49m▀[0m              [38;2;139;65;123m▄[48;2;213;139;205m▀[38;2;213;139;205m▀[48;2;197;90;156m▀▀[38;2;197;90;156m▀▀▀▀▀▀▀▀▀▀▀▀▀▀[38;2;213;139;205m▀[48;2;213;139;205m▀▀▀▀▀[38;2;231;198;239;48;2;231;198;239m▀▀▀[48;2;139;65;123m▀[38;2;139;65;123;49m▀[0m
[0m              [38;2;16;16;16m▀[38;2;255;238;189;48;2;16;16;16m▀▀▀▀[38;2;106;82;49;48;2;106;82;49m▀[38;2;16;16;16;48;2;172;148;90m▀[48;2;82;106;180m▀[38;2;82;106;180m▀[38;2;57;65;123;48;2;57;65;123m▀[0m             [38;2;139;65;123m▄[48;2;213;139;205m▀[38;2;213;139;205;48;2;197;90;156m▀▀[38;2;197;90;156m▀▀▀▀[48;2;82;57;90m▀▀▀[38;2;82;57;90;49m▀▀▀▀[38;2;197;90;156;48;2;82;57;90m▀[48;2;197;90;156m▀▀▀▀▀▀[38;2;213;139;205;48;2;213;139;205m▀▀▀▀[48;2;231;198;239m▀[38;2;231;198;239m▀▀▀[38;2;139;65;123;48;2;139;65;123m▀[0m
[0m                  [38;2;106;82;49;48;2;106;82;49m▀[38;2;172;148;90;48;2;172;148;90m▀▀[38;2;82;106;180m▀[48;2;82;106;180m▀▀[38;2;57;65;123;49m▄[0m          [38;2;139;65;123m▄[48;2;213;139;205m▀[38;2;213;139;205;48;2;197;90;156m▀[38;2;197;90;156m▀▀▀[48;2;82;57;90m▀▀[38;2;82;57;90;49m▀▀[0m        [38;2;82;57;90;48;2;82;57;90m▀[38;2;197;90;156;48;2;197;90;156m▀▀▀▀▀[38;2;213;139;205;48;2;213;139;205m▀▀▀▀[38;2;231;198;239;48;2;231;198;239m▀▀▀[38;2;139;65;123;48;2;139;65;123m▀[0m
[0m                  [38;2;106;82;49;48;2;106;82;49m▀[38;2;255;213;115;48;2;255;213;115m▀[38;2;172;148;90m▀▀[38;2;82;106;180;48;2;131;148;246m▀[38;2;131;148;246m▀[38;2;57;65;123;48;2;57;65;123m▀[0m         [38;2;139;65;123m▄[48;2;213;139;205m▀[38;2;197;90;156;48;2;197;90;156m▀▀[48;2;82;57;90m▀[49m▀[38;2;82;57;90m▀[0m            [38;2;82;57;90;48;2;82;57;90m▀[38;2;197;90;156;48;2;197;90;156m▀▀▀▀[38;2;213;139;205;48;2;213;139;205m▀▀▀▀[38;2;231;198;239;48;2;231;198;239m▀▀[48;2;213;139;205m▀[38;2;139;65;123;48;2;139;65;123m▀[0m
[0m                  [38;2;106;82;49;48;2;106;82;49m▀[38;2;255;213;115;48;2;255;213;115m▀▀▀[38;2;131;148;246;48;2;131;148;246m▀▀▀[38;2;57;65;123;48;2;57;65;123m▀[0m       [38;2;139;65;123;48;2;139;65;123m▀[38;2;213;139;205;48;2;197;90;156m▀[38;2;197;90;156m▀[48;2;82;57;90m▀[38;2;82;57;90;49m▀[0m              [38;2;82;57;90;48;2;82;57;90m▀[38;2;197;90;156;48;2;197;90;156m▀▀▀▀[48;2;213;139;205m▀[38;2;213;139;205m▀▀▀[38;2;231;198;239;48;2;231;198;239m▀▀[48;2;82;57;90m▀[38;2;82;57;90;49m▀[0m
[0m                 [38;2;106;82;49;48;2;106;82;49m▀[38;2;255;213;115;48;2;255;213;115m▀▀▀[38;2;197;180;180;48;2;131;148;246m▀[38;2;131;148;246m▀▀▀▀[38;2;16;16;16;48;2;57;65;123m▀[0m    [38;2;139;65;123m▄[48;2;139;65;123m▀[38;2;213;139;205;48;2;197;90;156m▀[38;2;197;90;156;48;2;82;57;90m▀[38;2;82;57;90;49m▀[0m               [38;2;82;57;90;48;2;82;57;90m▀[38;2;197;90;156;48;2;197;90;156m▀▀▀▀[48;2;213;139;205m▀[38;2;213;139;205m▀▀[48;2;231;198;239m▀[38;2;231;198;239m▀[48;2;82;57;90m▀[38;2;82;57;90;49m▀[0m
[0m                [38;2;106;82;49m▄[48;2;255;213;115m▀[38;2;255;213;115m▀▀▀[38;2;131;148;246;48;2;131;148;246m▀▀▀▀▀▀[38;2;16;16;16;48;2;57;65;123m▀[0m   [38;2;139;65;123;48;2;139;65;123m▀[38;2;197;90;156;48;2;82;57;90m▀[38;2;82;57;90;49m▀[0m               [38;2;82;57;90m▄[48;2;197;90;156m▀[38;2;197;90;156m▀▀▀[48;2;213;139;205m▀[38;2;213;139;205m▀▀[48;2;231;198;239m▀[38;2;231;198;239m▀[48;2;82;57;90m▀[38;2;82;57;90;49m▀[0m
[0m                [38;2;106;82;49;48;2;106;82;49m▀[38;2;255;213;115;48;2;255;213;115m▀▀▀[38;2;197;180;180;48;2;131;148;246m▀[38;2;131;148;246m▀▀▀▀▀▀▀[38;2;16;16;16m▀[49m▄[38;2;139;65;123;48;2;139;65;123m▀[48;2;82;57;90m▀[38;2;82;57;90;49m▀[0m              [38;2;82;57;90m▄[48;2;197;90;156m▀[38;2;197;90;156m▀▀▀[48;2;213;139;205m▀[38;2;213;139;205m▀▀[48;2;231;198;239m▀[38;2;231;198;239;48;2;82;57;90m▀[38;2;139;65;123;48;2;16;16;16m▀[38;2;82;57;90;49m▀[0m
[0m               [38;2;106;82;49;48;2;16;16;16m▀[38;2;255;213;115m▀[48;2;172;148;90m▀[48;2;82;57;90m▀▀[38;2;131;148;246;48;2;131;148;246m▀▀▀▀▀▀▀▀▀▀[38;2;57;65;123m▀[38;2;16;16;16m▀▀[38;2;57;65;123;49m▄[38;2;16;16;16m▄▄[0m        [38;2;16;16;16m▄[38;2;197;90;156m▄[38;2;16;16;16;48;2;197;90;156m▀[38;2;197;90;156m▀[48;2;213;139;205m▀▀[38;2;213;139;205m▀[48;2;231;198;239m▀[48;2;82;57;90m▀[38;2;231;198;239;48;2;16;16;16m▀[38;2;82;57;90;49m▀[38;2;16;16;16m▀[0m
[0m             [38;2;16;16;16m▄[48;2;213;139;205m▀[38;2;213;139;205;48;2;139;65;123m▀[38;2;139;65;123;48;2;213;139;205m▀[38;2;82;57;90;48;2;82;57;90m▀[38;2;213;139;205;48;2;139;65;123m▀[38;2;139;65;123;48;2;213;139;205m▀[38;2;82;57;90;48;2;139;65;123m▀[48;2;213;139;205m▀[38;2;131;148;246;48;2;82;57;90m▀[48;2;131;148;246m▀▀▀▀▀▀▀▀▀▀▀▀[38;2;82;106;180m▀[38;2;57;65;123m▀[38;2;16;16;16m▀[38;2;57;65;123;49m▄[38;2;16;16;16m▄▄[38;2;197;90;156m▄[38;2;16;16;16;48;2;197;90;156m▀[38;2;197;90;156m▀[48;2;213;139;205m▀▀[38;2;213;139;205;48;2;16;16;16m▀▀[38;2;231;198;239m▀[38;2;82;57;90;49m▀[38;2;16;16;16m▀▀[0m
[0m            [38;2;16;16;16m▄[48;2;197;90;156m▀[38;2;213;139;205m▀[48;2;213;139;205m▀[38;2;82;57;90;48;2;82;57;90m▀[48;2;172;148;90m▀[38;2;213;139;205;48;2;82;57;90m▀[48;2;213;139;205m▀▀▀▀[38;2;16;16;16;48;2;197;90;156m▀[38;2;131;148;246;48;2;16;16;16m▀[48;2;131;148;246m▀▀▀▀▀▀▀▀▀▀▀[38;2;82;57;90m▀[48;2;82;57;90m▀[48;2;139;65;123m▀▀[38;2;197;90;156;48;2;16;16;16m▀▀[38;2;213;139;205m▀[38;2;16;16;16;48;2;131;148;246m▀▀[38;2;57;65;123;48;2;82;106;180m▀[49m▄▄[0m
[0m            [38;2;16;16;16;48;2;16;16;16m▀[38;2;139;65;123;48;2;139;65;123m▀[38;2;197;90;156m▀▀[38;2;82;57;90;48;2;172;148;90m▀[38;2;172;148;90;48;2;255;213;115m▀[38;2;82;57;90;48;2;172;148;90m▀[38;2;213;139;205;48;2;16;16;16m▀[48;2;213;139;205m▀▀[48;2;197;90;156m▀[38;2;197;90;156m▀▀[38;2;16;16;16;48;2;82;57;90m▀[38;2;131;148;246m▀[48;2;131;148;246m▀▀▀▀▀▀▀▀▀▀▀[38;2;82;57;90m▀[38;2;139;65;123m▀[48;2;82;57;90m▀[48;2;139;65;123m▀[38;2;131;148;246;48;2;82;57;90m▀▀[48;2;131;148;246m▀[48;2;82;106;180m▀[38;2;82;106;180m▀▀[38;2;57;65;123m▀▀▀[49m▄▄▄[0m
[0m           [38;2;82;57;90m▄[48;2;139;65;123m▀[38;2;139;65;123;48;2;16;16;16m▀[48;2;139;65;123m▀[38;2;16;16;16;48;2;16;16;16m▀[38;2;255;213;115;48;2;255;213;115m▀▀▀[38;2;16;16;16m▀[38;2;197;90;156;48;2;16;16;16m▀[48;2;197;90;156m▀[48;2;139;65;123m▀[48;2;197;90;156m▀[48;2;139;65;123m▀[48;2;197;90;156m▀[38;2;16;16;16m▀[38;2;131;148;246;48;2;82;57;90m▀[48;2;131;148;246m▀▀▀▀▀▀▀▀▀▀▀▀▀[38;2;139;65;123m▀[48;2;16;16;16m▀[48;2;139;65;123m▀[38;2;16;16;16m▀[38;2;82;106;180;48;2;82;57;90m▀[48;2;16;16;16m▀[48;2;82;106;180m▀[48;2;172;148;90m▀▀▀[48;2;82;106;180m▀▀▀[38;2;57;65;123;48;2;131;148;246m▀▀▀[49m▄▄▄[0m
[0m        [38;2;82;57;90m▄[48;2;197;90;156m▀[38;2;139;65;123m▀[48;2;82;57;90m▀▀[38;2;16;16;16;49m▀[38;2;139;65;123;48;2;16;16;16m▀[38;2;16;16;16;48;2;82;57;90m▀[38;2;255;213;115;48;2;16;16;16m▀[48;2;255;213;115m▀▀▀[38;2;197;180;180m▀[38;2;16;16;16;48;2;131;148;246m▀[38;2;139;65;123;48;2;16;16;16m▀[48;2;139;65;123m▀[38;2;197;90;156;48;2;197;90;156m▀[38;2;139;65;123m▀[38;2;197;90;156;48;2;16;16;16m▀[38;2;82;57;90;48;2;139;65;123m▀[38;2;131;148;246;48;2;82;57;90m▀[48;2;131;148;246m▀▀▀▀▀▀▀▀▀▀▀▀▀[48;2;82;106;180m▀[38;2;16;16;16m▀[38;2;139;65;123;48;2;16;16;16m▀[48;2;139;65;123m▀▀[38;2;16;16;16m▀[48;2;82;57;90m▀[38;2;172;148;90;48;2;16;16;16m▀[48;2;106;82;49m▀▀▀▀[48;2;172;148;90m▀[38;2;255;213;115m▀[38;2;197;180;180;48;2;255;213;115m▀[38;2;131;148;246m▀▀▀[38;2;57;65;123m▀[48;2;172;148;90m▀[38;2;16;16;16;49m▄[0m
[0m     [38;2;82;57;90m▄[48;2;197;90;156m▀[38;2;139;65;123m▀[38;2;197;90;156m▀[48;2;82;57;90m▀[38;2;82;57;90;49m▀▀[0m    [38;2;16;16;16m▀[38;2;172;148;90;48;2;16;16;16m▀[38;2;255;213;115;48;2;172;148;90m▀▀[48;2;255;213;115m▀[38;2;197;180;180m▀[38;2;131;148;246;48;2;131;148;246m▀[38;2;82;57;90m▀[38;2;16;16;16m▀[38;2;197;90;156;48;2;16;16;16m▀[48;2;197;90;156m▀[38;2;16;16;16m▀[38;2;82;57;90;48;2;16;16;16m▀[38;2;131;148;246;48;2;131;148;246m▀▀▀▀▀▀▀▀▀▀[48;2;82;106;180m▀[38;2;82;106;180;48;2;131;148;246m▀[38;2;131;148;246;48;2;82;106;180m▀[38;2;82;106;180;48;2;131;148;246m▀[48;2;82;106;180m▀▀[38;2;16;16;16;48;2;57;65;123m▀[38;2;139;65;123;48;2;16;16;16m▀[48;2;139;65;123m▀▀▀[38;2;16;16;16m▀[49m▄[0m  [38;2;106;82;49m▀▀▀▀[38;2;16;16;16m▀▀▀▀[0m
[0m   [38;2;82;57;90m▄[48;2;197;90;156m▀[38;2;197;90;156m▀▀[48;2;82;57;90m▀[38;2;82;57;90;49m▀[0m     [38;2;82;57;90m▄▄[48;2;139;65;123m▀▀[38;2;16;16;16m▀[38;2;172;148;90;48;2;16;16;16m▀[48;2;172;148;90m▀▀[38;2;255;213;115m▀[38;2;197;180;180m▀[38;2;131;148;246;48;2;82;106;180m▀▀[38;2;16;16;16m▀[38;2;197;90;156;48;2;16;16;16m▀[48;2;197;90;156m▀[38;2;82;57;90m▀[38;2;16;16;16m▀[38;2;131;148;246;48;2;82;57;90m▀[48;2;16;16;16m▀[48;2;82;106;180m▀▀▀[38;2;82;106;180m▀▀[48;2;131;148;246m▀[38;2;131;148;246;48;2;82;106;180m▀[38;2;82;106;180;48;2;131;148;246m▀[38;2;131;148;246;48;2;82;106;180m▀[38;2;82;106;180m▀[48;2;57;65;123m▀[38;2;57;65;123;49m▀[0m  [38;2;82;57;90m▀[38;2;139;65;123;48;2;82;57;90m▀[38;2;197;90;156;48;2;139;65;123m▀[38;2;139;65;123;48;2;197;90;156m▀[38;2;197;90;156;48;2;139;65;123m▀[38;2;16;16;16;48;2;197;90;156m▀[49m▄[0m
[0m  [38;2;82;57;90;48;2;82;57;90m▀[38;2;197;90;156;48;2;197;90;156m▀▀▀[38;2;139;65;123;48;2;82;57;90m▀[38;2;82;57;90;49m▄▄▄[48;2;139;65;123m▀▀▀▀[38;2;139;65;123m▀[48;2;82;57;90m▀[48;2;16;16;16m▀[38;2;82;57;90;49m▀[0m  [38;2;16;16;16m▀▀[38;2;172;148;90;48;2;16;16;16m▀[48;2;106;82;49m▀[48;2;172;148;90m▀[38;2;82;106;180m▀▀[48;2;82;106;180m▀[38;2;16;16;16m▀[38;2;82;57;90;48;2;82;57;90m▀[38;2;197;90;156;48;2;16;16;16m▀[48;2;197;90;156m▀▀[38;2;16;16;16m▀▀[38;2;82;106;180;48;2;82;57;90m▀[48;2;16;16;16m▀▀[48;2;82;106;180m▀[48;2;57;65;123m▀▀[38;2;57;65;123;49m▀▀[0m     [38;2;82;57;90m▀[38;2;197;90;156;48;2;82;57;90m▀[38;2;139;65;123;48;2;197;90;156m▀[38;2;197;90;156m▀▀▀[38;2;16;16;16;48;2;16;16;16m▀[0m
[0m [38;2;16;16;16;48;2;16;16;16m▀[38;2;197;90;156;48;2;197;90;156m▀[48;2;139;65;123m▀▀[38;2;139;65;123m▀▀▀▀▀[48;2;82;57;90m▀[48;2;16;16;16m▀▀[38;2;82;57;90;49m▀[38;2;16;16;16m▀[0m         [38;2;106;82;49m▀▀▀▀[38;2;172;148;90;48;2;57;65;123m▀[38;2;82;106;180m▀▀[38;2;16;16;16m▀[38;2;139;65;123;48;2;16;16;16m▀[38;2;197;90;156m▀[48;2;197;90;156m▀▀▀▀[38;2;82;57;90m▀[38;2;16;16;16m▀▀▀[38;2;82;57;90;49m▄▄▄▄▄▄[48;2;82;57;90m▀[48;2;197;90;156m▀[38;2;197;90;156m▀▀▀▀▀[38;2;16;16;16;48;2;16;16;16m▀[0m
[0m [38;2;16;16;16m▀[38;2;82;57;90;48;2;16;16;16m▀[38;2;139;65;123m▀▀▀[38;2;82;57;90;49m▀[38;2;16;16;16m▀▀▀[0m                        [38;2;16;16;16m▀[38;2;82;57;90m▀[38;2;197;90;156;48;2;16;16;16m▀▀[48;2;82;57;90m▀[48;2;197;90;156m▀▀▀▀▀▀▀▀▀▀▀▀▀▀▀▀▀[38;2;16;16;16;48;2;16;16;16m▀[0m
[0m                                       [38;2;16;16;16m▀▀▀[38;2;82;57;90m▀[38;2;197;90;156;48;2;16;16;16m▀▀▀[48;2;82;57;90m▀[48;2;197;90;156m▀▀▀▀▀▀▀▀[48;2;16;16;16m▀[38;2;16;16;16;49m▀[0m
[0m                                               [38;2;16;16;16m▀▀▀▀▀▀▀▀[0m
