[0m                [38;2;49;123;172m▄▄[48;2;156;230;255m▀[38;2;57;82;156m▀[48;2;106;197;246m▀▀[49m▄▄[0m
[0m              [38;2;57;82;156m▄[38;2;49;123;172;48;2;24;156;213m▀[38;2;106;197;246;48;2;106;197;246m▀[38;2;156;230;255m▀[48;2;156;230;255m▀▀[48;2;106;197;246m▀[38;2;106;197;246m▀▀▀[38;2;57;82;156m▀[38;2;16;16;16;49m▄▄▄▄▄[38;2;57;82;156m▄[0m
[0m              [38;2;57;82;156m▀[38;2;24;156;213;48;2;16;16;16m▀[48;2;24;156;213m▀[38;2;106;197;246m▀▀[48;2;106;197;246m▀▀▀▀▀[48;2;16;16;16m▀[38;2;57;82;156m▀[38;2;24;156;213m▀[48;2;24;156;213m▀▀▀▀[38;2;16;16;16;48;2;106;197;246m▀▀[38;2;57;82;156m▀[38;2;16;16;16;49m▄[38;2;57;82;156m▄[0m
[0m              [38;2;49;123;172m▄[38;2;57;82;156;48;2;49;123;172m▀[38;2;16;16;16;48;2;106;197;246m▀[38;2;57;82;156m▀[38;2;24;156;213m▀▀[48;2;49;123;172m▀[48;2;16;16;16m▀[38;2;16;16;16;48;2;57;82;156m▀[49m▀[0m   [38;2;16;16;16m▀▀▀[38;2;106;197;246;48;2;16;16;16m▀[48;2;57;82;156m▀[48;2;106;197;246m▀▀▀▀[38;2;57;82;156m▀[38;2;49;123;172;48;2;49;123;172m▀[38;2;57;82;156;49m▄[0m
[0m           [38;2;49;123;172m▄[48;2;156;230;255m▀[48;2;224;245;255m▀[38;2;156;230;255m▀[48;2;156;230;255m▀[38;2;106;197;246m▀[48;2;106;197;246m▀▀▀▀▀▀[38;2;16;16;16m▀[38;2;57;82;156m▀[38;2;16;16;16;49m▄[0m      [38;2;16;16;16m▀[38;2;57;82;156m▀[38;2;106;197;246;48;2;16;16;16m▀[48;2;106;197;246m▀▀▀▀[38;2;49;123;172m▀[49m▄[0m
[0m         [38;2;57;82;156m▄[38;2;49;123;172;48;2;106;197;246m▀[38;2;156;230;255m▀[38;2;224;245;255;48;2;156;230;255m▀▀[38;2;156;230;255m▀▀[48;2;106;197;246m▀[38;2;106;197;246m▀▀▀▀▀▀▀▀▀[38;2;16;16;16m▀[49m▄[0m       [38;2;16;16;16m▀[38;2;106;197;246;48;2;16;16;16m▀[48;2;106;197;246m▀▀▀▀[38;2;49;123;172m▀[38;2;57;82;156;49m▄[0m
[0m        [38;2;57;82;156;48;2;57;82;156m▀[38;2;106;197;246;48;2;106;197;246m▀▀▀[38;2;24;156;213;48;2;24;106;222m▀[38;2;24;106;222m▀[38;2;24;156;213m▀[38;2;106;197;246;48;2;106;197;246m▀▀▀[48;2;24;156;213m▀[48;2;24;106;222m▀[48;2;24;156;213m▀[48;2;106;197;246m▀▀▀▀▀▀[38;2;57;82;156m▀[38;2;16;16;16;49m▄[0m        [38;2;16;16;16m▀[38;2;106;197;246;48;2;16;16;16m▀[48;2;106;197;246m▀▀▀▀[38;2;57;82;156;48;2;49;123;172m▀[38;2;49;123;172;49m▄[0m
[0m       [38;2;57;82;156;48;2;57;82;156m▀[38;2;106;197;246;48;2;106;197;246m▀[48;2;24;106;222m▀▀[48;2;106;197;246m▀[38;2;24;156;213;48;2;49;123;172m▀[38;2;24;106;222;48;2;106;197;246m▀[38;2;24;156;213m▀[38;2;106;197;246m▀▀▀[38;2;24;106;222;48;2;24;156;213m▀[48;2;24;106;222m▀[48;2;24;156;213m▀[38;2;106;197;246;48;2;106;197;246m▀▀▀▀▀▀[48;2;24;156;213m▀[38;2;16;16;16;48;2;57;82;156m▀[0m          [38;2;24;156;213;48;2;16;16;16m▀[38;2;106;197;246;48;2;106;197;246m▀▀▀▀[38;2;57;82;156m▀[49m▄[0m
[0m      [38;2;57;82;156;48;2;57;82;156m▀[38;2;106;197;246;48;2;106;197;246m▀[38;2;24;106;222;48;2;24;106;222m▀[48;2;16;16;16m▀[38;2;16;16;16;48;2;224;245;255m▀[38;2;24;106;222;48;2;16;16;16m▀[38;2;106;197;246;48;2;106;197;246m▀▀▀▀▀▀▀▀▀[38;2;49;123;172;48;2;24;156;213m▀[38;2;106;197;246;48;2;24;106;222m▀[38;2;24;106;222;48;2;16;16;16m▀[48;2;24;106;222m▀[38;2;106;197;246m▀[48;2;106;197;246m▀[38;2;24;156;213;48;2;24;156;213m▀▀[38;2;16;16;16;48;2;16;16;16m▀[0m          [38;2;16;16;16;48;2;16;16;16m▀[38;2;106;197;246;48;2;24;156;213m▀[48;2;106;197;246m▀▀▀[38;2;57;82;156m▀[49m▄[0m
[0m      [38;2;16;16;16;48;2;16;16;16m▀[38;2;106;197;246;48;2;106;197;246m▀[38;2;24;106;222;48;2;24;106;222m▀[38;2;16;16;16;48;2;148;139;156m▀[48;2;16;16;16m▀[48;2;74;82;106m▀[38;2;106;197;246;48;2;106;197;246m▀▀▀▀▀▀▀▀▀[38;2;24;106;222;48;2;24;106;222m▀[38;2;16;16;16;48;2;16;16;16m▀[38;2;224;245;255m▀[38;2;16;16;16m▀[38;2;24;106;222;48;2;24;106;222m▀[38;2;24;156;213;48;2;24;156;213m▀▀▀[38;2;16;16;16;48;2;16;16;16m▀[0m           [38;2;16;16;16;48;2;16;16;16m▀[38;2;24;156;213;48;2;24;156;213m▀[38;2;106;197;246m▀▀[38;2;24;156;213m▀[38;2;57;82;156m▀[49m▄[0m
[0m       [38;2;16;16;16;48;2;16;16;16m▀[38;2;106;197;246;48;2;24;156;213m▀[38;2;24;106;222;48;2;106;197;246m▀[38;2;148;139;156;48;2;24;106;222m▀[38;2;24;106;222;48;2;106;197;246m▀[38;2;106;197;246m▀▀[48;2;49;123;172m▀[48;2;106;197;246m▀▀[48;2;49;123;172m▀[48;2;106;197;246m▀▀▀[38;2;24;106;222;48;2;24;106;222m▀[38;2;148;139;156m▀[38;2;16;16;16;48;2;148;139;156m▀[38;2;74;82;106;48;2;24;106;222m▀[38;2;24;106;222;48;2;24;156;213m▀[38;2;24;156;213m▀▀[48;2;57;82;156m▀[38;2;16;16;16;49m▀[0m           [38;2;16;16;16m▀[38;2;24;156;213;48;2;16;16;16m▀[48;2;24;156;213m▀▀▀▀[38;2;16;16;16;48;2;16;16;16m▀[0m
[0m        [38;2;16;16;16m▀[38;2;24;156;213;48;2;16;16;16m▀[48;2;57;82;156m▀[38;2;106;197;246;48;2;24;156;213m▀▀[48;2;106;197;246m▀▀[38;2;57;82;156m▀▀[38;2;106;197;246m▀[48;2;24;156;213m▀▀[38;2;24;156;213m▀▀[38;2;24;106;222m▀▀[38;2;24;156;213m▀▀▀[48;2;16;16;16m▀[38;2;16;16;16;49m▀[0m             [38;2;16;16;16;48;2;16;16;16m▀[38;2;24;156;213;48;2;24;156;213m▀▀▀▀▀[38;2;57;82;156;48;2;16;16;16m▀[0m
[0m          [38;2;16;16;16m▀▀[38;2;57;82;156m▀[38;2;24;156;213;48;2;16;16;16m▀▀[48;2;49;123;172m▀[48;2;24;156;213m▀▀[48;2;49;123;172m▀[48;2;16;16;16m▀[48;2;57;82;156m▀[48;2;16;16;16m▀▀▀[38;2;57;82;156;48;2;57;82;156m▀[38;2;16;16;16;49m▀▀[0m              [38;2;16;16;16m▄[48;2;24;156;213m▀[38;2;24;156;213m▀▀▀▀▀[38;2;16;16;16;48;2;16;16;16m▀[0m
[38;2;49;123;172;49m▄[48;2;106;197;246m▀[48;2;156;230;255m▀[48;2;106;197;246m▀[38;2;57;82;156m▀[48;2;49;123;172m▀[49m▄▄▄▄▄[48;2;24;156;213m▀[38;2;16;16;16m▀[38;2;57;82;156;48;2;57;82;156m▀[38;2;49;123;172;48;2;24;156;213m▀[38;2;24;156;213;48;2;172;57;41m▀[38;2;172;57;41;48;2;224;245;255m▀[38;2;57;82;156;48;2;172;57;41m▀[38;2;24;156;213;48;2;24;156;213m▀[38;2;49;123;172m▀[38;2;57;82;156m▀[38;2;16;16;16m▀[49m▄[38;2;57;82;156m▄[0m                 [38;2;16;16;16m▀[38;2;24;156;213;48;2;16;16;16m▀▀[38;2;57;82;156m▀[38;2;24;156;213;48;2;24;156;213m▀▀[38;2;57;82;156;48;2;16;16;16m▀[0m
[38;2;57;82;156;48;2;57;82;156m▀[38;2;156;230;255;48;2;24;156;213m▀[38;2;224;245;255;48;2;156;230;255m▀[38;2;156;230;255;48;2;106;197;246m▀[38;2;106;197;246m▀[38;2;24;156;213m▀[38;2;106;197;246;48;2;24;156;213m▀[38;2;24;156;213;48;2;106;197;246m▀[48;2;24;156;213m▀▀▀▀[38;2;57;82;156;48;2;16;16;16m▀[38;2;24;156;213;48;2;106;197;246m▀[38;2;106;197;246m▀[38;2;172;57;41;48;2;230;65;16m▀[38;2;222;131;156;48;2;222;131;156m▀[38;2;172;57;41;48;2;230;65;16m▀[38;2;24;156;213;48;2;106;197;246m▀[48;2;24;156;213m▀▀▀▀▀[38;2;57;82;156m▀▀▀[49m▄▄▄▄▄▄[0m            [38;2;16;16;16m▀▀[0m
[0m [38;2;57;82;156m▀[38;2;106;197;246;48;2;57;82;156m▀[48;2;16;16;16m▀[48;2;106;197;246m▀▀▀[38;2;24;156;213;48;2;57;82;156m▀[48;2;16;16;16m▀▀[38;2;57;82;156;49m▀[38;2;16;16;16m▀[48;2;16;16;16m▀[38;2;106;197;246;48;2;57;82;156m▀[48;2;106;197;246m▀▀[38;2;230;65;16m▀[38;2;106;197;246m▀▀▀[38;2;57;82;156;48;2;24;156;213m▀[38;2;24;156;213;48;2;16;16;16m▀[48;2;24;156;213m▀▀▀▀▀▀[38;2;106;197;246m▀[38;2;24;156;213;48;2;106;197;246m▀[38;2;106;197;246;48;2;24;156;213m▀[48;2;106;197;246m▀[38;2;49;123;172m▀[38;2;57;82;156;48;2;57;82;156m▀[0m
[0m    [38;2;16;16;16m▀▀▀[0m      [38;2;57;82;156m▀[38;2;24;156;213;48;2;57;82;156m▀[38;2;106;197;246;48;2;24;156;213m▀▀▀[38;2;24;156;213m▀▀[48;2;16;16;16m▀[38;2;57;82;156;49m▀[38;2;16;16;16m▀[38;2;24;156;213;48;2;16;16;16m▀▀[48;2;24;156;213m▀▀▀[38;2;106;197;246m▀[38;2;24;156;213;48;2;106;197;246m▀[38;2;106;197;246m▀▀[48;2;16;16;16m▀[38;2;16;16;16;49m▀[0m
[0m               [38;2;16;16;16m▀[38;2;24;156;213;48;2;16;16;16m▀[48;2;24;156;213m▀▀[38;2;16;16;16;48;2;16;16;16m▀[0m     [38;2;16;16;16m▀▀[38;2;24;156;213;48;2;16;16;16m▀▀▀[38;2;16;16;16;49m▀▀[0m
[0m                 [38;2;16;16;16m▀▀[0m
