[0m                                        [38;2;131;131;131m▄▄[48;2;172;180;189m▀▀▀[49m▄[0m
[0m                                     [38;2;131;131;131m▄[48;2;172;180;189m▀▀[38;2;172;180;189m▀▀[48;2;82;74;74m▀[38;2;82;74;74;49m▀▀[0m
[0m                                   [38;2;131;131;131m▄[48;2;172;180;189m▀[38;2;172;180;189m▀▀▀▀[38;2;131;131;131m▀[38;2;172;180;189;48;2;131;131;131m▀[38;2;82;74;74;49m▀[0m
[0m                                [38;2;131;131;131m▄[48;2;172;180;189m▀▀[38;2;172;180;189m▀▀▀▀▀▀[38;2;131;131;131m▀[48;2;82;74;74m▀[0m
[0m         [38;2;16;16;16m▄[0m                    [38;2;131;131;131m▄[48;2;172;180;189m▀[38;2;172;180;189m▀▀▀▀▀▀▀▀▀[48;2;82;74;74m▀[38;2;82;74;74;49m▀[0m
[0m         [38;2;16;16;16m▀[48;2;49;49;49m▀[49m▄[0m                  [38;2;131;131;131;48;2;131;131;131m▀[38;2;172;180;189;48;2;172;180;189m▀▀▀▀▀▀▀▀▀[38;2;82;74;74;48;2;82;74;74m▀[0m
[0m         [38;2;16;16;16;48;2;16;16;16m▀[38;2;49;49;49;48;2;49;49;49m▀▀[38;2;16;16;16;48;2;16;16;16m▀[0m                  [38;2;131;131;131m▀▀[38;2;172;180;189;48;2;131;131;131m▀[48;2;172;180;189m▀▀▀▀▀▀[38;2;131;131;131m▀[49m▄[0m
[0m          [38;2;16;16;16m▀[38;2;49;49;49;48;2;16;16;16m▀[48;2;82;74;74m▀[38;2;16;16;16;48;2;16;16;16m▀[0m                 [38;2;131;131;131m▄▄[48;2;223;231;239m▀[38;2;172;180;189m▀[38;2;223;231;239m▀▀[38;2;172;180;189m▀[48;2;172;180;189m▀▀▀▀[38;2;131;131;131;48;2;131;131;131m▀[0m                       [38;2;16;16;16m▄[48;2;82;74;74m▀[48;2;16;16;16m▀[0m
[0m         [38;2;16;16;16m▄[48;2;82;74;74m▀[38;2;82;74;74m▀[48;2;49;49;49m▀[38;2;49;49;49m▀[38;2;16;16;16;48;2;16;16;16m▀[0m               [38;2;131;131;131;48;2;172;180;189m▀[38;2;223;231;239;48;2;223;231;239m▀▀▀▀▀▀▀▀[38;2;172;180;189;48;2;172;180;189m▀▀[38;2;82;74;74;48;2;16;16;16m▀[0m                     [38;2;49;49;49m▄[48;2;82;74;74m▀[38;2;16;16;16;48;2;16;16;16m▀[38;2;82;74;74;48;2;82;74;74m▀[38;2;16;16;16;48;2;16;16;16m▀[0m
[0m        [38;2;16;16;16;48;2;16;16;16m▀[38;2;82;74;74;48;2;82;74;74m▀▀[48;2;49;49;49m▀[38;2;49;49;49m▀[38;2;16;16;16;48;2;16;16;16m▀[0m               [38;2;131;131;131;48;2;172;180;189m▀[38;2;223;231;239;48;2;223;231;239m▀▀▀▀▀▀▀▀[38;2;172;180;189;48;2;16;16;16m▀[38;2;16;16;16;49m▀▀[0m                     [38;2;49;49;49m▄[48;2;82;74;74m▀[38;2;82;74;74m▀▀[38;2;49;49;49;48;2;16;16;16m▀[0m
[0m        [38;2;16;16;16m▀[38;2;49;49;49;48;2;16;16;16m▀[48;2;49;49;49m▀▀▀▀[38;2;16;16;16m▀▀[49m▄▄[0m        [38;2;131;131;131m▄[38;2;172;180;189m▄[38;2;131;131;131;48;2;223;231;239m▀[38;2;223;231;239m▀▀▀▀▀▀▀▀[38;2;172;180;189;48;2;172;180;189m▀[38;2;16;16;16;48;2;16;16;16m▀[0m                    [38;2;16;16;16m▄▄[38;2;49;49;49m▄[48;2;49;49;49m▀[38;2;82;74;74m▀[48;2;82;74;74m▀▀[38;2;16;16;16;48;2;16;16;16m▀[0m
[0m          [38;2;16;16;16m▀▀[38;2;49;49;49;48;2;16;16;16m▀[48;2;49;49;49m▀▀▀▀▀[38;2;16;16;16m▀▀[49m▄[0m    [38;2;131;131;131;48;2;131;131;131m▀[38;2;223;231;239;48;2;223;231;239m▀▀▀▀▀▀▀▀▀▀[38;2;172;180;189;48;2;16;16;16m▀[38;2;16;16;16;49m▀▄▄[0m              [38;2;49;49;49m▄[48;2;82;74;74m▀▀▀▀[48;2;49;49;49m▀▀▀[48;2;16;16;16m▀▀▀[38;2;16;16;16;49m▀[0m
[0m          [38;2;16;16;16m▄▄[48;2;82;74;74m▀[38;2;82;74;74m▀▀[38;2;49;49;49;48;2;49;49;49m▀▀▀▀[48;2;16;16;16m▀[38;2;16;16;16;49m▀[0m   [38;2;131;131;131m▄[38;2;172;180;189;48;2;223;231;239m▀[38;2;223;231;239m▀▀▀▀▀▀▀▀▀▀[38;2;16;16;16;48;2;16;16;16m▀[48;2;82;0;0m▀[38;2;49;49;49;48;2;16;16;16m▀[48;2;49;49;49m▀[38;2;16;16;16m▀[49m▄[0m           [38;2;49;49;49;48;2;16;16;16m▀[38;2;82;74;74;48;2;82;74;74m▀▀▀[48;2;49;49;49m▀▀▀[38;2;49;49;49m▀[38;2;16;16;16;48;2;16;16;16m▀[0m
[0m         [38;2;16;16;16;48;2;16;16;16m▀[38;2;49;49;49;48;2;82;74;74m▀[38;2;82;74;74m▀▀[48;2;49;49;49m▀[38;2;49;49;49m▀▀▀▀[38;2;16;16;16m▀[49m▄▄[0m   [38;2;131;131;131;48;2;131;131;131m▀[38;2;223;231;239;48;2;223;231;239m▀▀▀▀▀▀▀▀▀▀▀[38;2;172;180;189m▀[38;2;49;49;49;48;2;16;16;16m▀[38;2;148;41;65;48;2;148;41;65m▀[38;2;16;16;16m▀[38;2;49;49;49;48;2;16;16;16m▀[48;2;49;49;49m▀[38;2;16;16;16;48;2;16;16;16m▀[0m         [38;2;16;16;16m▄▄[48;2;49;49;49m▀[38;2;49;49;49m▀▀▀▀▀[48;2;16;16;16m▀[38;2;16;16;16;49m▀[0m
[0m         [38;2;16;16;16m▀[38;2;49;49;49;48;2;16;16;16m▀▀[48;2;49;49;49m▀▀▀▀▀▀▀▀▀[38;2;16;16;16m▀[0m  [38;2;16;16;16m▄[38;2;131;131;131;48;2;131;131;131m▀[38;2;223;231;239;48;2;223;231;239m▀▀▀▀▀▀▀▀[48;2;82;74;74m▀[38;2;172;180;189;48;2;172;180;189m▀[38;2;223;231;239;48;2;223;231;239m▀[38;2;172;180;189;48;2;82;74;74m▀[38;2;16;16;16;48;2;16;16;16m▀[38;2;148;41;65;48;2;82;0;0m▀[48;2;148;41;65m▀[38;2;16;16;16;48;2;16;16;16m▀[38;2;49;49;49;48;2;49;49;49m▀[38;2;16;16;16;48;2;16;16;16m▀[0m [38;2;16;16;16m▄▄[48;2;82;74;74m▀▀▀[49m▄[48;2;16;16;16m▀[38;2;49;49;49;48;2;49;49;49m▀▀▀▀▀▀▀▀[38;2;16;16;16;48;2;16;16;16m▀[0m
[0m            [38;2;16;16;16m▀▀[38;2;49;49;49;48;2;16;16;16m▀▀[48;2;49;49;49m▀[48;2;82;74;74m▀[38;2;82;74;74m▀▀▀[38;2;49;49;49m▀[38;2;16;16;16;48;2;49;49;49m▀[49m▄[48;2;148;41;65m▀[38;2;131;131;131;48;2;16;16;16m▀[38;2;223;231;239;48;2;223;231;239m▀▀▀▀▀[48;2;172;180;189m▀[38;2;172;180;189;48;2;16;16;16m▀[38;2;49;49;49;48;2;172;180;189m▀[38;2;20;155;187;48;2;20;155;187m▀[38;2;223;231;239;48;2;223;231;239m▀[48;2;82;74;74m▀[38;2;82;74;74;48;2;172;180;189m▀[38;2;82;0;0;48;2;82;0;0m▀[38;2;148;41;65;48;2;148;41;65m▀[38;2;82;0;0m▀[48;2;82;0;0m▀[38;2;49;49;49;48;2;16;16;16m▀[48;2;49;49;49m▀[38;2;16;16;16;48;2;16;16;16m▀[38;2;82;74;74;48;2;82;74;74m▀▀▀▀▀▀[38;2;49;49;49m▀[48;2;49;49;49m▀▀▀▀▀▀▀[38;2;16;16;16;48;2;16;16;16m▀[0m
[0m               [38;2;16;16;16;48;2;16;16;16m▀[38;2;82;74;74;48;2;82;74;74m▀▀▀▀▀▀[38;2;49;49;49;48;2;49;49;49m▀[38;2;16;16;16;48;2;16;16;16m▀[38;2;148;41;65;48;2;230;57;41m▀▀[38;2;131;131;131;48;2;16;16;16m▀[38;2;223;231;239;48;2;131;131;131m▀[48;2;172;180;189m▀[38;2;172;180;189m▀[48;2;16;16;16m▀[38;2;16;16;16m▀[38;2;20;155;187;48;2;20;155;187m▀[38;2;223;231;239m▀[38;2;20;155;187;48;2;16;16;16m▀[38;2;16;16;16;48;2;82;74;74m▀[38;2;172;180;189;48;2;16;16;16m▀[38;2;82;0;0;48;2;82;0;0m▀[38;2;148;41;65m▀[48;2;148;41;65m▀▀▀[38;2;16;16;16;48;2;16;16;16m▀[38;2;49;49;49;48;2;49;49;49m▀[38;2;82;74;74;48;2;82;74;74m▀▀▀▀▀▀▀[48;2;49;49;49m▀[38;2;49;49;49m▀▀[48;2;16;16;16m▀[38;2;16;16;16;49m▀▀▀▀[0m
[0m              [38;2;16;16;16;48;2;16;16;16m▀[38;2;49;49;49;48;2;49;49;49m▀[38;2;82;74;74m▀[48;2;82;74;74m▀▀▀[48;2;49;49;49m▀[38;2;49;49;49m▀[38;2;16;16;16;48;2;16;16;16m▀[38;2;82;0;0;48;2;230;57;41m▀[38;2;230;57;41;48;2;148;41;65m▀[38;2;148;41;65;48;2;230;57;41m▀[38;2;82;0;0;48;2;148;41;65m▀[38;2;16;16;16;48;2;16;16;16m▀[38;2;172;180;189m▀[48;2;172;180;189m▀[38;2;49;49;49;48;2;49;49;49m▀[38;2;82;74;74;48;2;82;74;74m▀[38;2;16;16;16m▀▀[38;2;82;74;74m▀[38;2;49;49;49;48;2;16;16;16m▀[38;2;16;16;16m▀[38;2;230;57;41;48;2;230;57;41m▀▀[38;2;82;0;0;48;2;148;41;65m▀▀[38;2;148;41;65m▀[38;2;16;16;16;48;2;16;16;16m▀[38;2;49;49;49;48;2;49;49;49m▀▀[38;2;82;74;74m▀[48;2;82;74;74m▀▀▀[48;2;49;49;49m▀▀[38;2;49;49;49m▀▀[48;2;16;16;16m▀[38;2;16;16;16;49m▀[0m
[0m              [38;2;16;16;16m▀[38;2;49;49;49;48;2;16;16;16m▀[48;2;49;49;49m▀▀▀▀▀▀[38;2;16;16;16;48;2;16;16;16m▀[38;2;230;57;41;48;2;82;0;0m▀[38;2;148;41;65;48;2;230;57;41m▀[38;2;230;57;41m▀[48;2;148;41;65m▀[38;2;16;16;16;48;2;16;16;16m▀▀[38;2;49;49;49m▀[38;2;82;74;74;48;2;49;49;49m▀[48;2;82;74;74m▀[48;2;16;16;16m▀[38;2;49;49;49m▀[38;2;16;16;16;48;2;82;0;0m▀[48;2;16;16;16m▀[48;2;230;57;41m▀[38;2;148;41;65;48;2;82;0;0m▀[38;2;230;57;41;48;2;148;41;65m▀[38;2;148;41;65m▀▀[38;2;16;16;16;48;2;16;16;16m▀[38;2;49;49;49;48;2;49;49;49m▀▀▀▀▀▀▀▀▀▀[48;2;16;16;16m▀[38;2;16;16;16;49m▀[0m
[0m               [38;2;16;16;16m▀[38;2;49;49;49;48;2;16;16;16m▀[48;2;49;49;49m▀▀▀▀▀▀[38;2;148;41;65;48;2;16;16;16m▀[38;2;230;57;41;48;2;230;57;41m▀[38;2;148;41;65;48;2;148;41;65m▀[38;2;230;57;41;48;2;230;57;41m▀[38;2;148;41;65m▀[38;2;16;16;16;48;2;82;0;0m▀[38;2;82;0;0;48;2;230;57;41m▀[38;2;16;16;16m▀[48;2;82;0;0m▀[48;2;16;16;16m▀[48;2;148;41;65m▀[38;2;230;57;41;48;2;230;57;41m▀[38;2;82;0;0m▀[38;2;230;57;41;48;2;82;0;0m▀[48;2;148;41;65m▀[38;2;82;0;0;48;2;82;0;0m▀[38;2;148;41;65;48;2;148;41;65m▀▀[38;2;16;16;16;48;2;49;49;49m▀[38;2;49;49;49;48;2;16;16;16m▀▀[48;2;49;49;49m▀▀▀▀[48;2;16;16;16m▀▀[48;2;49;49;49m▀▀[38;2;16;16;16m▀[49m▄[0m
[0m             [38;2;16;16;16m▄▄[48;2;49;49;49m▀[38;2;49;49;49m▀▀[38;2;16;16;16;48;2;16;16;16m▀[49m▀▀▀[38;2;49;49;49;48;2;16;16;16m▀[38;2;16;16;16m▀[38;2;82;0;0;48;2;148;41;65m▀[38;2;230;57;41;48;2;230;57;41m▀▀[38;2;82;0;0;48;2;148;41;65m▀[38;2;230;57;41;48;2;230;57;41m▀▀▀▀[38;2;82;0;0;48;2;148;41;65m▀[38;2;230;57;41;48;2;230;57;41m▀▀▀[38;2;82;0;0;48;2;148;41;65m▀[38;2;148;41;65m▀▀▀[38;2;16;16;16;48;2;16;16;16m▀[38;2;49;49;49;48;2;49;49;49m▀[38;2;16;16;16;48;2;16;16;16m▀[0m [38;2;16;16;16m▀▀▀▀[0m  [38;2;16;16;16;48;2;16;16;16m▀[38;2;49;49;49m▀[48;2;49;49;49m▀▀[38;2;16;16;16m▀[49m▄▄[0m
[0m        [38;2;49;49;49m▄▄[48;2;82;74;74m▀[38;2;16;16;16m▀[48;2;49;49;49m▀[38;2;49;49;49m▀▀▀▀[48;2;16;16;16m▀▀[38;2;16;16;16;49m▀[0m    [38;2;16;16;16m▀[38;2;230;57;41;48;2;16;16;16m▀[38;2;82;0;0;48;2;82;0;0m▀[38;2;230;57;41;48;2;230;57;41m▀▀▀▀▀▀[38;2;82;0;0;48;2;82;0;0m▀[38;2;230;57;41;48;2;148;41;65m▀[38;2;148;41;65m▀▀▀[48;2;16;16;16m▀[38;2;16;16;16;48;2;49;49;49m▀[38;2;49;49;49m▀[48;2;16;16;16m▀[38;2;16;16;16;49m▀[0m      [38;2;16;16;16m▀[38;2;49;49;49;48;2;16;16;16m▀▀▀[48;2;49;49;49m▀▀▀▀▀[38;2;16;16;16m▀▀[38;2;49;49;49;49m▄[38;2;16;16;16m▄▄[0m
[0m    [38;2;49;49;49m▄▄[48;2;82;74;74m▀▀[38;2;82;74;74m▀▀▀▀▀[38;2;49;49;49;48;2;49;49;49m▀▀▀[48;2;16;16;16m▀▀[0m       [38;2;16;16;16m▀[38;2;82;0;0;48;2;16;16;16m▀[38;2;230;57;41;48;2;82;0;0m▀[48;2;230;57;41m▀▀▀▀[48;2;148;41;65m▀[38;2;148;41;65m▀▀▀[48;2;82;0;0m▀[38;2;16;16;16;48;2;49;49;49m▀[38;2;49;49;49m▀▀[48;2;16;16;16m▀[38;2;16;16;16;48;2;49;49;49m▀▀[49m▄▄[0m [38;2;49;49;49m▄[48;2;16;16;16m▀[38;2;16;16;16m▀▀▀▀[38;2;49;49;49m▀▀[48;2;49;49;49m▀▀▀▀▀[48;2;82;74;74m▀[38;2;82;74;74m▀▀▀[38;2;49;49;49m▀[38;2;16;16;16m▀▀[49m▄[38;2;49;49;49m▄[0m
[0m  [38;2;49;49;49m▄[48;2;82;74;74m▀[38;2;82;74;74m▀▀▀▀▀▀▀▀[48;2;49;49;49m▀[38;2;49;49;49;48;2;16;16;16m▀[38;2;16;16;16;49m▀▀[0m     [38;2;16;16;16m▄▄▄[48;2;49;49;49m▀[48;2;82;74;74m▀[38;2;49;49;49m▀[38;2;16;16;16m▀[38;2;230;57;41;48;2;16;16;16m▀[48;2;230;57;41m▀▀[48;2;148;41;65m▀[38;2;148;41;65m▀▀[38;2;82;0;0;48;2;49;49;49m▀[38;2;148;41;65;48;2;16;16;16m▀[38;2;16;16;16;48;2;49;49;49m▀[38;2;49;49;49m▀▀[48;2;16;16;16m▀[38;2;16;16;16;48;2;49;49;49m▀[38;2;49;49;49m▀▀▀▀[38;2;16;16;16m▀▀[48;2;16;16;16m▀[48;2;49;49;49m▀[48;2;16;16;16m▀▀▀▀▀[49m▀[38;2;49;49;49;48;2;16;16;16m▀[48;2;49;49;49m▀▀[38;2;82;74;74;48;2;82;74;74m▀▀▀▀▀▀▀[48;2;49;49;49m▀▀[48;2;82;74;74m▀[38;2;16;16;16m▀[38;2;49;49;49;48;2;49;49;49m▀[38;2;16;16;16;49m▄[0m
[0m [38;2;49;49;49;48;2;49;49;49m▀[38;2;82;74;74;48;2;82;74;74m▀[48;2;49;49;49m▀[48;2;82;74;74m▀▀▀▀▀▀▀[38;2;49;49;49;48;2;16;16;16m▀[38;2;16;16;16;49m▀[0m       [38;2;16;16;16m▀▀[38;2;49;49;49;48;2;49;49;49m▀[48;2;82;74;74m▀[38;2;82;74;74;48;2;49;49;49m▀[48;2;82;74;74m▀▀▀▀[38;2;16;16;16m▀▀[38;2;148;41;65;48;2;16;16;16m▀[38;2;82;0;0m▀[38;2;16;16;16;48;2;49;49;49m▀[38;2;49;49;49m▀▀▀▀[38;2;16;16;16m▀[38;2;49;49;49m▀▀▀▀▀▀▀▀[48;2;16;16;16m▀[38;2;16;16;16;48;2;49;49;49m▀[38;2;49;49;49;48;2;16;16;16m▀[38;2;16;16;16m▀▀▀[48;2;49;49;49m▀[48;2;16;16;16m▀[49m▀▀[38;2;49;49;49;48;2;16;16;16m▀[38;2;82;74;74;48;2;49;49;49m▀[48;2;82;74;74m▀▀▀▀▀▀▀▀[38;2;49;49;49m▀▀[38;2;82;74;74;48;2;49;49;49m▀[38;2;49;49;49m▀[38;2;16;16;16;48;2;16;16;16m▀[0m
[38;2;16;16;16;48;2;16;16;16m▀[38;2;82;74;74;48;2;82;74;74m▀[38;2;49;49;49;48;2;16;16;16m▀[38;2;82;74;74;48;2;82;74;74m▀▀[48;2;16;16;16m▀[38;2;49;49;49;49m▀[48;2;16;16;16m▀[38;2;82;74;74;48;2;82;74;74m▀[48;2;49;49;49m▀[38;2;16;16;16m▀[0m        [38;2;49;49;49m▄▄[48;2;82;74;74m▀[38;2;82;74;74m▀[38;2;49;49;49m▀[38;2;82;74;74m▀[48;2;49;49;49m▀[48;2;82;74;74m▀▀▀▀▀▀[38;2;49;49;49m▀[38;2;16;16;16m▀[48;2;49;49;49m▀▀[38;2;49;49;49m▀▀▀▀▀▀▀▀▀▀▀▀[38;2;16;16;16m▀[38;2;49;49;49m▀[38;2;16;16;16m▀[38;2;49;49;49m▀[48;2;16;16;16m▀[38;2;16;16;16;49m▀[0m    [38;2;49;49;49m▀[38;2;16;16;16m▀[38;2;82;74;74;48;2;16;16;16m▀[48;2;82;74;74m▀▀[38;2;49;49;49;48;2;49;49;49m▀[38;2;16;16;16;49m▀▀▀[38;2;82;74;74;48;2;16;16;16m▀[48;2;82;74;74m▀[38;2;16;16;16;48;2;16;16;16m▀[38;2;49;49;49m▀[38;2;16;16;16;49m▀[0m
[38;2;16;16;16;49m▀[38;2;82;74;74;48;2;16;16;16m▀[38;2;16;16;16m▀[38;2;82;74;74;48;2;82;74;74m▀[38;2;49;49;49;48;2;16;16;16m▀[0m [38;2;49;49;49;48;2;16;16;16m▀[38;2;82;74;74;48;2;82;74;74m▀[48;2;16;16;16m▀[38;2;16;16;16;49m▀[0m        [38;2;16;16;16m▀▀[38;2;82;74;74;48;2;16;16;16m▀▀▀[38;2;49;49;49m▀[38;2;16;16;16;48;2;82;74;74m▀[38;2;82;74;74;48;2;49;49;49m▀[48;2;82;74;74m▀▀▀▀▀▀▀▀▀[38;2;49;49;49m▀▀[48;2;49;49;49m▀▀[48;2;82;74;74m▀[38;2;82;74;74;48;2;49;49;49m▀[38;2;49;49;49;48;2;82;74;74m▀[48;2;49;49;49m▀▀▀▀▀[48;2;16;16;16m▀[38;2;16;16;16;49m▀▀▀[38;2;49;49;49m▀[0m        [38;2;49;49;49m▀[38;2;82;74;74;48;2;16;16;16m▀▀[48;2;49;49;49m▀[38;2;16;16;16m▀[49m▄[0m [38;2;16;16;16;48;2;16;16;16m▀[38;2;82;74;74;48;2;49;49;49m▀[38;2;16;16;16;48;2;16;16;16m▀[0m
[0m  [38;2;16;16;16m▀[38;2;82;74;74;48;2;16;16;16m▀[38;2;16;16;16;49m▀[0m [38;2;16;16;16m▀▀[0m              [38;2;16;16;16m▄[38;2;49;49;49;48;2;49;49;49m▀[48;2;82;74;74m▀[38;2;82;74;74;48;2;49;49;49m▀[38;2;49;49;49;48;2;82;74;74m▀[38;2;82;74;74;48;2;49;49;49m▀[48;2;82;74;74m▀▀▀▀▀▀▀▀▀▀[38;2;49;49;49m▀▀[38;2;82;74;74;48;2;49;49;49m▀[38;2;49;49;49;48;2;82;74;74m▀[48;2;49;49;49m▀▀▀▀▀[38;2;16;16;16m▀[49m▄[0m              [38;2;16;16;16m▀▀▀[0m  [38;2;16;16;16m▀[0m
[0m                     [38;2;16;16;16;48;2;16;16;16m▀[38;2;49;49;49;48;2;49;49;49m▀▀▀[38;2;82;74;74m▀[38;2;49;49;49m▀[38;2;82;74;74m▀[48;2;82;74;74m▀▀▀▀▀▀▀[48;2;49;49;49m▀[48;2;82;74;74m▀[38;2;49;49;49m▀[38;2;82;74;74;48;2;49;49;49m▀[48;2;16;16;16m▀[48;2;82;74;74m▀[38;2;49;49;49;48;2;49;49;49m▀▀[38;2;16;16;16m▀[48;2;16;16;16m▀[49m▀[38;2;49;49;49;48;2;16;16;16m▀▀[48;2;49;49;49m▀[38;2;16;16;16m▀[49m▄[0m
[0m                    [38;2;16;16;16;48;2;49;49;49m▀[38;2;49;49;49m▀▀[48;2;16;16;16m▀[38;2;16;16;16;49m▀▀[0m [38;2;16;16;16;48;2;16;16;16m▀[38;2;82;74;74;48;2;82;74;74m▀▀▀▀▀[48;2;49;49;49m▀[38;2;16;16;16;49m▀[38;2;49;49;49m▀[38;2;82;74;74;48;2;49;49;49m▀[48;2;82;74;74m▀[38;2;49;49;49m▀[38;2;16;16;16;48;2;16;16;16m▀▀[49m▀[38;2;49;49;49;48;2;16;16;16m▀▀[48;2;49;49;49m▀[38;2;16;16;16;48;2;16;16;16m▀[0m  [38;2;16;16;16m▀▀[0m
[0m                    [38;2;49;49;49m▀[38;2;16;16;16m▀[0m      [38;2;16;16;16;48;2;16;16;16m▀[38;2;82;74;74;48;2;82;74;74m▀▀▀[48;2;16;16;16m▀[38;2;16;16;16;49m▀[0m  [38;2;16;16;16m▀[38;2;82;74;74;48;2;16;16;16m▀[48;2;82;74;74m▀[38;2;16;16;16;48;2;16;16;16m▀[0m    [38;2;16;16;16m▀▀[0m
[0m                             [38;2;49;49;49;48;2;16;16;16m▀[38;2;82;74;74;48;2;82;74;74m▀[48;2;16;16;16m▀[38;2;16;16;16;49m▀[0m    [38;2;16;16;16m▀[38;2;82;74;74;48;2;16;16;16m▀[38;2;16;16;16;49m▀[0m
[0m                             [38;2;16;16;16m▀[38;2;82;74;74;48;2;16;16;16m▀[38;2;16;16;16;49m▀[0m
