[0m             [38;2;90;115;65m▄[38;2;139;172;98;48;2;172;222;98m▀▀[38;2;90;115;65;49m▄[0m
[0m        [38;2;139;172;98m▄[48;2;172;222;98m▀▀[38;2;90;115;65m▀▀▀[38;2;172;222;98;48;2;90;115;65m▀[48;2;172;222;98m▀▀[38;2;90;115;65m▀[38;2;139;172;98;48;2;90;115;65m▀[38;2;90;115;65;48;2;172;222;98m▀▀[49m▄[0m
[0m   [38;2;139;172;98m▄[48;2;172;222;98m▀▀[38;2;90;115;65m▀▀[38;2;139;172;98;48;2;90;115;65m▀[38;2;172;222;98m▀[48;2;172;222;98m▀▀▀▀▀▀▀▀[38;2;90;115;65m▀[38;2;172;222;98m▀▀[38;2;90;115;65m▀[38;2;139;172;98m▀[38;2;90;115;65;49m▄[38;2;139;172;98m▄▄[0m
[0m   [38;2;90;115;65m▀[38;2;172;222;98;48;2;90;115;65m▀[48;2;139;172;98m▀[48;2;172;222;98m▀▀▀▀[38;2;90;115;65m▀[38;2;172;222;98m▀▀▀▀▀[48;2;255;238;123m▀▀▀[48;2;172;222;98m▀▀▀[38;2;90;115;65m▀[38;2;172;222;98m▀▀[48;2;90;115;65m▀[38;2;90;115;65m▀[49m▄[0m
[0m  [38;2;90;115;65m▄[48;2;172;222;98m▀[38;2;172;222;98m▀▀▀▀▀[38;2;255;238;123;48;2;255;238;123m▀▀[38;2;172;222;98;48;2;172;222;98m▀▀▀▀[38;2;255;238;123m▀▀▀[38;2;172;222;98m▀▀▀▀▀▀▀▀▀▀[38;2;90;115;65m▀[49m▄[0m
[0m [38;2;90;115;65;48;2;90;115;65m▀[38;2;172;222;98;48;2;172;222;98m▀▀▀▀▀▀▀▀▀▀▀▀▀[48;2;131;74;106m▀[38;2;131;74;106;48;2;238;139;164m▀[48;2;131;74;106m▀[38;2;172;222;98;48;2;172;222;98m▀[38;2;255;238;123m▀[38;2;172;222;98m▀▀▀[48;2;255;238;123m▀▀[48;2;172;222;98m▀▀[38;2;139;172;98m▀[38;2;90;115;65m▀▀[49m▄[0m
[0m  [38;2;90;115;65;48;2;98;90;106m▀[38;2;139;172;98;48;2;189;197;213m▀[38;2;172;222;98;48;2;139;172;98m▀▀▀[48;2;172;222;98m▀▀[48;2;131;74;106m▀▀▀▀[48;2;172;222;98m▀[38;2;131;74;106;48;2;131;74;106m▀[38;2;238;139;164;48;2;238;139;164m▀▀▀[38;2;131;74;106;48;2;131;74;106m▀[38;2;172;222;98;48;2;172;222;98m▀▀▀▀[38;2;255;238;123m▀[48;2;255;238;123m▀▀[38;2;172;222;98;48;2;172;222;98m▀▀▀[48;2;90;115;65m▀▀[38;2;90;115;65;49m▀[0m
[0m  [38;2;98;90;106;48;2;98;90;106m▀[38;2;255;255;255;48;2;255;255;255m▀▀▀▀[48;2;57;148;65m▀[48;2;255;255;255m▀[38;2;131;74;106;48;2;131;74;106m▀[38;2;238;139;164;48;2;238;139;164m▀▀▀[38;2;131;74;106m▀[38;2;238;139;164m▀[48;2;16;16;16m▀[48;2;238;139;164m▀[48;2;205;106;139m▀[38;2;16;16;16;48;2;238;139;164m▀▀▀[48;2;16;16;16m▀[38;2;172;222;98;48;2;49;98;57m▀▀▀▀[48;2;139;172;98m▀[48;2;172;222;98m▀▀▀[38;2;139;172;98;48;2;139;172;98m▀[38;2;90;115;65m▀[49m▄[0m
[38;2;98;90;106;48;2;16;16;16m▀[38;2;16;16;16;48;2;189;197;213m▀[38;2;255;255;255;48;2;255;255;255m▀▀▀▀▀[38;2;16;16;16;48;2;16;16;16m▀[38;2;189;197;213;48;2;255;255;255m▀[38;2;255;255;255m▀[38;2;131;74;106;48;2;205;106;139m▀[38;2;238;139;164;48;2;131;74;106m▀[48;2;238;139;164m▀[38;2;16;16;16m▀[38;2;238;139;164m▀▀▀[38;2;16;16;16m▀[38;2;238;139;164m▀▀[48;2;16;16;16m▀[38;2;16;16;16;48;2;57;148;65m▀[38;2;57;148;65m▀▀▀▀[38;2;49;98;57m▀▀[38;2;139;172;98;48;2;41;65;41m▀[38;2;90;115;65;48;2;139;172;98m▀[38;2;139;172;98;48;2;90;115;65m▀[48;2;16;16;16m▀[38;2;16;16;16;49m▀[0m
[38;2;98;90;106;49m▀[38;2;255;255;255;48;2;16;16;16m▀[48;2;255;255;255m▀▀▀▀▀[38;2;189;197;213m▀[38;2;255;255;255m▀[38;2;205;106;139;48;2;131;74;106m▀[38;2;238;139;164;48;2;238;139;164m▀▀▀[38;2;16;16;16;48;2;205;106;139m▀[38;2;238;139;164;48;2;238;139;164m▀[48;2;16;16;16m▀[48;2;238;139;164m▀[38;2;16;16;16m▀[38;2;205;106;139m▀[38;2;16;16;16;48;2;205;106;139m▀[38;2;57;148;65;48;2;16;16;16m▀[48;2;57;148;65m▀▀▀▀▀▀▀▀[38;2;41;65;41m▀[38;2;139;172;98;48;2;16;16;16m▀[38;2;90;115;65;48;2;139;172;98m▀[49m▄[0m
[0m  [38;2;16;16;16m▀[38;2;189;197;213;48;2;16;16;16m▀[38;2;255;255;255m▀[48;2;139;139;172m▀[38;2;139;139;172;48;2;189;197;213m▀[38;2;255;255;255m▀[38;2;189;197;213m▀[38;2;131;74;106;48;2;131;74;106m▀[38;2;238;139;164m▀▀[38;2;131;74;106;48;2;16;16;16m▀[38;2;238;139;164;48;2;238;139;164m▀▀▀[38;2;131;74;106;48;2;16;16;16m▀[38;2;238;139;164;48;2;131;74;106m▀[48;2;238;139;164m▀▀[38;2;16;16;16;48;2;16;16;16m▀[38;2;49;98;57m▀[38;2;57;148;65m▀[48;2;49;98;57m▀[48;2;57;148;65m▀▀[48;2;49;98;57m▀[48;2;16;16;16m▀▀[38;2;16;16;16;48;2;139;172;98m▀[38;2;41;65;41m▀[38;2;139;172;98m▀[38;2;16;16;16;48;2;16;16;16m▀[0m
[0m     [38;2;16;16;16m▀▀[38;2;189;197;213;48;2;16;16;16m▀▀[48;2;189;197;213m▀▀▀[38;2;16;16;16;48;2;16;16;16m▀[38;2;238;139;164m▀▀[38;2;16;16;16;48;2;189;197;213m▀[38;2;41;65;41;48;2;41;65;41m▀[38;2;49;98;57;48;2;57;148;65m▀[38;2;16;16;16m▀▀▀[38;2;57;148;65m▀[38;2;41;65;41;48;2;49;98;57m▀[38;2;16;16;16;48;2;189;197;213m▀▀▀[48;2;90;115;65m▀[38;2;139;172;98;48;2;139;172;98m▀▀▀[38;2;16;16;16;48;2;90;115;65m▀[49m▀[0m
[0m        [38;2;98;90;106;48;2;98;90;106m▀[48;2;139;139;172m▀▀▀[38;2;189;197;213;48;2;16;16;16m▀▀[48;2;189;197;213m▀▀[38;2;41;65;41m▀[38;2;49;98;57;48;2;16;16;16m▀[38;2;57;148;65;48;2;57;148;65m▀▀▀▀▀[38;2;41;65;41;48;2;41;65;41m▀[38;2;189;197;213;48;2;189;197;213m▀▀▀[38;2;90;115;65m▀[38;2;16;16;16;48;2;16;16;16m▀[49m▀[0m
[0m         [38;2;98;90;106;48;2;98;90;106m▀[38;2;139;139;172m▀[48;2;139;139;172m▀▀[48;2;16;16;16m▀[38;2;98;90;106;48;2;98;90;106m▀[38;2;189;197;213;48;2;189;197;213m▀▀▀[38;2;16;16;16;48;2;16;16;16m▀[48;2;139;139;172m▀[38;2;57;148;65;48;2;16;16;16m▀▀▀[38;2;41;65;41m▀[38;2;98;90;106;48;2;189;197;213m▀[38;2;189;197;213m▀▀[48;2;16;16;16m▀[38;2;16;16;16;49m▀[0m
[0m         [38;2;16;16;16m▀[38;2;139;139;172;48;2;16;16;16m▀▀[38;2;16;16;16;49m▀[48;2;16;16;16m▀[38;2;189;197;213;48;2;189;197;213m▀[48;2;139;139;172m▀[48;2;189;197;213m▀[48;2;16;16;16m▀[38;2;16;16;16;49m▀[38;2;98;90;106m▀[38;2;16;16;16m▀[38;2;189;197;213;48;2;16;16;16m▀[38;2;139;139;172m▀[38;2;189;197;213m▀▀[38;2;16;16;16;49m▀▀[0m
[0m              [38;2;16;16;16m▀▀▀[0m
