[0m                             [38;2;139;49;16m▄[48;2;255;106;24m▀[49m▄[0m
[0m                             [38;2;139;49;16;48;2;139;49;16m▀[38;2;255;106;24;48;2;255;106;24m▀[38;2;139;49;16;48;2;139;49;16m▀[0m
[0m                            [38;2;139;49;16m▄[38;2;189;74;0;48;2;255;106;24m▀[38;2;255;106;24m▀[38;2;139;49;16m▀[49m▄[0m
[0m                            [38;2;139;49;16;48;2;139;49;16m▀[38;2;255;106;24;48;2;255;106;24m▀▀▀[38;2;139;49;16;48;2;0;0;0m▀[0m
[0m                            [38;2;139;49;16;48;2;139;49;16m▀[38;2;255;106;24;48;2;255;106;24m▀▀▀[38;2;0;0;0;48;2;0;0;0m▀[0m
[0m                           [38;2;139;49;16;48;2;139;49;16m▀[38;2;255;106;24;48;2;255;106;24m▀▀▀▀[38;2;0;0;0;48;2;139;49;16m▀[0m
[38;2;189;74;0;48;2;0;0;0m▀[48;2;197;155;91m▀[48;2;189;74;0m▀[48;2;255;106;24m▀▀▀[49m▄▄▄▄[0m                 [38;2;139;49;16;48;2;139;49;16m▀[38;2;255;106;24;48;2;255;106;24m▀▀▀▀▀[38;2;0;0;0;48;2;0;0;0m▀[0m
[0m [38;2;0;0;0m▀[38;2;255;230;172;48;2;106;74;16m▀[38;2;189;74;0;48;2;255;230;172m▀[38;2;139;49;16m▀▀[38;2;255;106;24;48;2;139;49;16m▀▀[48;2;189;74;0m▀[48;2;255;106;24m▀[38;2;189;74;0m▀▀▀▀[49m▄▄▄[0m         [38;2;139;49;16m▄[48;2;255;106;24m▀[38;2;255;106;24m▀▀▀▀▀[38;2;0;0;0;48;2;0;0;0m▀[0m
[0m   [38;2;106;74;16m▀[38;2;255;230;172;48;2;106;74;16m▀[48;2;255;230;172m▀▀▀[38;2;197;155;91;48;2;197;155;91m▀[38;2;139;49;16m▀▀[38;2;189;74;0m▀[38;2;255;106;24;48;2;139;49;16m▀▀[48;2;255;106;24m▀▀▀[38;2;189;74;0m▀▀▀[49m▄▄[0m    [38;2;139;49;16;48;2;139;49;16m▀[38;2;255;106;24;48;2;255;106;24m▀▀▀▀▀▀[38;2;0;0;0;48;2;0;0;0m▀[0m
[0m     [38;2;0;0;0m▀[38;2;197;155;91;48;2;0;0;0m▀[38;2;255;230;172;48;2;197;155;91m▀▀[38;2;197;155;91m▀▀[48;2;57;57;57m▀▀[48;2;131;106;57m▀[38;2;139;49;16;48;2;197;155;91m▀▀[38;2;255;106;24;48;2;139;49;16m▀▀[48;2;255;106;24m▀▀▀▀[38;2;189;74;0m▀▀▀[38;2;139;49;16;49m▄[38;2;189;74;0;48;2;139;49;16m▀[38;2;255;106;24;48;2;255;106;24m▀▀▀▀▀▀[38;2;0;0;0;48;2;0;0;0m▀[0m
[0m       [38;2;106;74;16m▀[38;2;0;0;0m▀[38;2;197;155;91;48;2;0;0;0m▀[48;2;197;155;91m▀▀[38;2;57;57;57m▀[48;2;57;57;57m▀▀[38;2;106;74;16m▀[38;2;197;155;91m▀[48;2;106;74;16m▀[38;2;139;49;16;48;2;197;155;91m▀▀[38;2;255;106;24;48;2;189;74;0m▀[48;2;139;49;16m▀[48;2;255;106;24m▀▀▀▀▀[38;2;189;74;0m▀[38;2;255;106;24m▀▀▀▀[38;2;139;49;16;48;2;0;0;0m▀[0m
[0m          [38;2;106;74;16m▀[38;2;197;155;91;48;2;0;0;0m▀[48;2;197;155;91m▀▀[38;2;57;57;57m▀[48;2;106;74;16m▀[48;2;57;57;57m▀▀▀[38;2;106;74;16m▀[38;2;197;155;91;48;2;106;74;16m▀[48;2;197;155;91m▀[38;2;139;49;16;48;2;255;230;172m▀[38;2;255;106;24;48;2;189;74;0m▀▀[48;2;255;106;24m▀▀▀▀▀▀▀[38;2;0;0;0;48;2;0;0;0m▀[38;2;106;74;16;49m▄[0m
[0m            [38;2;0;0;0m▀[38;2;197;155;91;48;2;0;0;0m▀[48;2;197;155;91m▀▀[38;2;106;74;16m▀[38;2;57;57;57;48;2;57;57;57m▀▀[48;2;255;230;172m▀[38;2;255;230;172m▀▀▀▀▀[38;2;189;74;0m▀[38;2;255;106;24;48;2;197;155;91m▀[48;2;189;74;0m▀[48;2;255;106;24m▀▀▀[48;2;189;74;0m▀[38;2;189;74;0;48;2;255;230;172m▀[38;2;255;230;172m▀[38;2;106;74;16;48;2;57;90;172m▀[38;2;57;57;57;49m▄[0m
[0m              [38;2;0;0;0m▀[38;2;197;155;91;48;2;106;74;16m▀[48;2;197;155;91m▀[38;2;106;74;16m▀[38;2;255;230;172;48;2;255;230;172m▀▀▀[48;2;57;57;57m▀[38;2;57;57;57;48;2;255;255;255m▀[48;2;197;189;189m▀[38;2;57;90;172;48;2;57;90;172m▀[38;2;255;230;172;48;2;57;57;57m▀[48;2;255;230;172m▀▀[38;2;189;74;0m▀[38;2;255;106;24;48;2;189;74;0m▀[48;2;255;106;24m▀[38;2;189;74;0;48;2;189;74;0m▀[38;2;255;230;172;48;2;255;230;172m▀[38;2;57;90;172;48;2;57;90;172m▀[38;2;255;255;255;48;2;255;255;255m▀[38;2;57;90;172;48;2;57;90;172m▀[38;2;57;57;57;48;2;57;57;57m▀[0m
[0m                [38;2;0;0;0;48;2;0;0;0m▀[38;2;255;230;172;48;2;255;230;172m▀▀▀[38;2;57;90;172;48;2;57;57;57m▀[38;2;197;189;189;48;2;57;90;172m▀[38;2;255;255;255;48;2;255;255;255m▀[48;2;197;189;189m▀[38;2;57;90;172;48;2;57;90;172m▀▀▀[38;2;255;230;172;48;2;255;230;172m▀▀▀[38;2;189;74;0m▀▀[38;2;255;230;172m▀[38;2;57;90;172;48;2;115;172;255m▀[48;2;57;90;172m▀▀[38;2;115;172;255;48;2;115;172;255m▀[38;2;0;0;0;48;2;0;0;0m▀[0m
[0m                [38;2;106;74;16;48;2;106;74;16m▀[38;2;255;230;172;48;2;255;230;172m▀▀▀[38;2;57;57;57;48;2;57;57;57m▀[38;2;57;90;172;48;2;57;90;172m▀▀▀[48;2;115;172;255m▀[38;2;115;172;255m▀[38;2;57;90;172;48;2;57;90;172m▀[38;2;255;230;172;48;2;255;230;172m▀▀▀▀▀[38;2;106;74;16m▀[38;2;197;155;91m▀[38;2;115;172;255;48;2;57;90;172m▀▀[38;2;57;90;172;48;2;255;230;172m▀[38;2;0;0;0;48;2;0;0;0m▀[0m
[0m                [38;2;106;74;16m▀[38;2;255;230;172;48;2;106;74;16m▀[48;2;255;230;172m▀▀▀[38;2;57;57;57m▀[38;2;115;172;255;48;2;197;155;91m▀[48;2;57;90;172m▀[48;2;197;155;91m▀[38;2;57;90;172;48;2;255;230;172m▀[38;2;255;230;172m▀▀[38;2;139;49;16;48;2;139;49;16m▀[38;2;255;255;255;48;2;164;90;90m▀[38;2;164;90;90m▀▀[38;2;197;189;189m▀[38;2;197;155;91;48;2;255;230;172m▀[38;2;255;230;172m▀▀[48;2;106;74;16m▀[38;2;0;0;0;49m▀[0m
[0m     [38;2;131;106;57m▄▄▄[0m [38;2;139;49;16m▄▄[0m [38;2;139;49;16;48;2;139;49;16m▀[48;2;255;106;24m▀[49m▄[0m  [38;2;0;0;0m▀[38;2;255;230;172;48;2;0;0;0m▀[48;2;255;230;172m▀▀▀▀▀▀▀▀▀[38;2;164;90;90;48;2;197;155;91m▀[38;2;197;155;91m▀[48;2;164;90;90m▀[38;2;164;90;90m▀[48;2;255;230;172m▀[38;2;255;230;172m▀▀[48;2;0;0;0m▀[38;2;0;0;0;49m▀[0m
[0m     [38;2;106;74;16;48;2;106;74;16m▀[38;2;255;230;172;48;2;197;155;91m▀[48;2;255;230;172m▀[38;2;131;106;57m▀[38;2;0;0;0m▀[38;2;255;106;24;48;2;0;0;0m▀[38;2;139;49;16;48;2;255;106;24m▀[38;2;0;0;0;48;2;139;49;16m▀[38;2;255;106;24;48;2;0;0;0m▀[38;2;139;49;16;48;2;139;49;16m▀[38;2;131;106;57;48;2;255;230;172m▀▀[38;2;106;74;16;49m▄[38;2;0;0;0m▄▀[38;2;106;74;16m▀[38;2;255;230;172;48;2;106;74;16m▀▀[48;2;255;230;172m▀▀▀▀▀▀[38;2;164;90;90m▀▀[38;2;255;230;172;48;2;0;0;0m▀▀[38;2;0;0;0;49m▀▀[0m [38;2;106;74;16m▄▄[0m
[0m      [38;2;106;74;16m▀[38;2;197;155;91;48;2;106;74;16m▀[38;2;255;230;172;48;2;131;106;57m▀[48;2;255;230;172m▀▀[38;2;0;0;0;48;2;0;0;0m▀[48;2;189;74;0m▀[38;2;255;106;24;48;2;0;0;0m▀[48;2;139;49;16m▀[38;2;106;74;16;48;2;255;106;24m▀[38;2;255;230;172;48;2;131;106;57m▀[48;2;255;230;172m▀▀[38;2;106;74;16m▀[38;2;0;0;0m▀▀▀[38;2;106;74;16m▀[48;2;197;155;91m▀[38;2;197;155;91;48;2;255;230;172m▀[48;2;197;155;91m▀▀▀[38;2;0;0;0m▀[48;2;106;74;16m▀[49m▄▄[38;2;106;74;16m▄[48;2;197;155;91m▀▀[38;2;197;155;91m▀[48;2;0;0;0m▀[38;2;106;74;16m▀[0m
[0m       [38;2;0;0;0;48;2;0;0;0m▀[38;2;255;230;172;48;2;255;230;172m▀[38;2;131;106;57m▀[38;2;197;155;91;48;2;131;106;57m▀[38;2;255;230;172m▀[38;2;0;0;0;48;2;255;230;172m▀[38;2;189;74;0;48;2;0;0;0m▀[38;2;255;106;24m▀[48;2;106;74;16m▀[38;2;131;106;57;48;2;255;230;172m▀[38;2;255;230;172m▀[48;2;197;155;91m▀[48;2;0;0;0m▀▀[38;2;197;155;91m▀[38;2;106;74;16;49m▀[48;2;0;0;0m▀[38;2;131;106;57;48;2;255;230;172m▀[38;2;255;230;172;48;2;131;106;57m▀[48;2;255;230;172m▀▀[38;2;197;155;91m▀[38;2;106;74;16;48;2;106;74;16m▀[38;2;197;155;91;48;2;0;0;0m▀[48;2;197;155;91m▀▀[38;2;106;74;16;48;2;255;230;172m▀▀[38;2;0;0;0m▀[48;2;197;155;91m▀[38;2;189;74;0;48;2;0;0;0m▀[38;2;0;0;0;48;2;139;49;16m▀[48;2;255;106;24m▀[48;2;0;0;0m▀[0m
[0m        [38;2;106;74;16m▀[38;2;197;155;91;48;2;0;0;0m▀[38;2;255;230;172;48;2;106;74;16m▀[48;2;197;155;91m▀▀[38;2;197;155;91m▀▀[38;2;0;0;0m▀▀▀▀[38;2;106;74;16m▀[49m▄[0m [38;2;106;74;16m▄[48;2;197;155;91m▀[38;2;255;230;172;48;2;255;230;172m▀[38;2;131;106;57m▀[38;2;255;230;172;48;2;131;106;57m▀[48;2;255;230;172m▀[48;2;197;155;91m▀[38;2;131;106;57m▀[38;2;197;155;91;48;2;106;74;16m▀[38;2;0;0;0;48;2;197;155;91m▀[38;2;255;230;172;48;2;106;74;16m▀[48;2;255;230;172m▀▀▀▀[48;2;197;155;91m▀[38;2;189;74;0;48;2;0;0;0m▀[38;2;0;0;0;49m▀[0m
[0m         [38;2;0;0;0m▀[38;2;197;155;91;48;2;0;0;0m▀[38;2;106;74;16;48;2;197;155;91m▀▀[38;2;131;106;57m▀[38;2;197;155;91m▀▀[48;2;106;74;16m▀[38;2;131;106;57;48;2;197;155;91m▀[38;2;106;74;16m▀[38;2;197;155;91;48;2;106;74;16m▀[38;2;106;74;16;48;2;197;155;91m▀[48;2;255;230;172m▀[38;2;255;230;172m▀▀▀▀[38;2;131;106;57m▀[38;2;255;230;172;48;2;131;106;57m▀[38;2;131;106;57;48;2;255;230;172m▀[38;2;255;230;172m▀[38;2;106;74;16;48;2;197;155;91m▀[48;2;255;230;172m▀[38;2;197;155;91;48;2;0;0;0m▀[38;2;0;0;0;48;2;197;155;91m▀▀[38;2;255;230;172;48;2;0;0;0m▀▀[38;2;106;74;16;49m▀[38;2;255;106;24;48;2;0;0;0m▀[38;2;0;0;0m▀[0m
[0m           [38;2;0;0;0m▀▀[38;2;197;155;91;48;2;0;0;0m▀▀[48;2;197;155;91m▀[38;2;131;106;57m▀[38;2;197;155;91m▀[48;2;106;74;16m▀[38;2;106;74;16;48;2;197;155;91m▀[38;2;255;230;172m▀[48;2;255;230;172m▀▀▀▀▀▀▀▀▀▀▀[48;2;197;155;91m▀[38;2;0;0;0m▀[38;2;106;74;16;48;2;0;0;0m▀[0m
[0m               [38;2;106;74;16m▀[38;2;0;0;0m▀▀[48;2;0;0;0m▀[38;2;197;155;91;48;2;197;155;91m▀▀▀▀[38;2;255;230;172m▀▀▀▀▀▀[38;2;197;155;91m▀▀▀▀▀[38;2;0;0;0;48;2;0;0;0m▀[0m
[0m                  [38;2;0;0;0m▄[48;2;255;106;24m▀[38;2;197;155;91;48;2;0;0;0m▀[48;2;197;155;91m▀▀▀[48;2;0;0;0m▀▀[38;2;0;0;0;49m▀▀▀[38;2;197;155;91;48;2;0;0;0m▀▀▀[48;2;139;49;16m▀[38;2;0;0;0;48;2;255;106;24m▀▀[49m▄[0m
[0m                 [38;2;139;49;16;48;2;0;0;0m▀[38;2;255;106;24m▀[38;2;139;49;16m▀[38;2;255;106;24m▀[38;2;0;0;0;49m▀▀▀[0m        [38;2;0;0;0m▀▀▀▀[0m
