[0m                                                      [38;2;106;115;57m▄▄[48;2;255;205;41m▀▀[48;2;216;155;7m▀[49m▄▄[0m
[0m                                 [38;2;139;139;172m▄▄▄[0m        [38;2;24;156;74m▄▄▄▄▄[38;2;16;115;57m▄▄[0m [38;2;106;115;57m▄[48;2;255;205;41m▀[38;2;255;205;41m▀▀[48;2;106;115;57m▀[38;2;106;115;57;49m▀[0m  [38;2;106;115;57m▄▄▄[48;2;255;205;41m▀▀▀▀▀▀▀[49m▄▄[0m
[0m                                 [38;2;8;16;16;48;2;8;16;16m▀[38;2;255;255;255;48;2;255;255;255m▀[48;2;197;197;213m▀[38;2;139;139;172;48;2;255;255;255m▀[38;2;24;156;74;48;2;24;156;74m▀[48;2;156;213;156m▀▀▀▀▀▀[38;2;156;213;156m▀▀▀▀▀▀▀[38;2;16;115;57m▀▀▀[38;2;255;205;41;48;2;16;115;57m▀[38;2;106;115;57;48;2;106;115;57m▀[0m [38;2;106;115;57m▄[48;2;255;205;41m▀▀[38;2;255;205;41m▀▀▀▀[48;2;24;156;74m▀▀[38;2;24;156;74;48;2;156;213;156m▀▀[48;2;16;115;57m▀▀[49m▀▀[38;2;16;115;57m▀▀▄[0m
[0m                                  [38;2;8;16;16;48;2;8;16;16m▀[38;2;255;255;255;48;2;255;255;255m▀▀▀[38;2;24;156;74m▀▀[38;2;156;213;156;48;2;24;156;74m▀[48;2;156;213;156m▀[48;2;115;164;115m▀▀[48;2;148;57;0m▀[38;2;115;164;115;48;2;216;155;7m▀[38;2;16;115;57;48;2;148;57;0m▀[48;2;255;255;255m▀[48;2;216;155;7m▀[48;2;148;57;0m▀[48;2;255;255;255m▀[38;2;24;156;74m▀[38;2;156;213;156;48;2;24;156;74m▀[48;2;156;213;156m▀▀[38;2;16;115;57m▀[38;2;106;115;57;48;2;16;115;57m▀[38;2;216;155;7;48;2;216;155;7m▀[38;2;255;205;41m▀▀[48;2;24;156;74m▀▀[38;2;24;156;74;48;2;156;213;156m▀▀[38;2;156;213;156;48;2;16;115;57m▀▀[38;2;16;115;57;49m▀▀[0m
[0m                                   [38;2;8;16;16;48;2;8;16;16m▀[38;2;255;255;255;48;2;197;197;213m▀[48;2;255;255;255m▀▀▀[38;2;24;156;74m▀[38;2;156;213;156;48;2;24;156;74m▀[38;2;115;164;115;48;2;156;213;156m▀[38;2;255;255;255;48;2;115;164;115m▀[48;2;255;255;255m▀[38;2;139;139;172m▀[38;2;148;57;0m▀[38;2;8;16;16;48;2;139;139;172m▀[38;2;216;155;7m▀▀[38;2;148;57;0;48;2;197;197;213m▀[38;2;139;139;172;48;2;255;255;255m▀[38;2;197;197;213m▀[38;2;24;156;74m▀[38;2;156;213;156;48;2;24;156;74m▀[48;2;156;213;156m▀[38;2;16;115;57m▀[38;2;216;155;7;48;2;24;156;74m▀▀[38;2;24;156;74;48;2;156;213;156m▀[38;2;156;213;156m▀[48;2;16;115;57m▀[38;2;16;115;57;49m▀▀[0m
[0m                                [38;2;106;115;57m▄[48;2;255;205;41m▀▀[38;2;216;155;7m▀[38;2;8;16;16m▀[38;2;255;255;255;48;2;8;16;16m▀[48;2;255;255;255m▀▀▀▀▀▀▀▀▀▀▀▀▀▀▀▀▀[38;2;24;156;74;48;2;24;156;74m▀[38;2;156;213;156;48;2;156;213;156m▀[38;2;24;156;74m▀[38;2;156;213;156m▀[48;2;16;115;57m▀[38;2;16;115;57;49m▀[0m
[0m                               [38;2;106;115;57;48;2;16;115;57m▀[38;2;255;205;41;48;2;255;205;41m▀[48;2;24;156;74m▀[48;2;106;115;57m▀▀[48;2;255;205;41m▀▀[38;2;8;16;16;48;2;216;155;7m▀[38;2;255;255;255;48;2;8;16;16m▀[38;2;139;139;172;48;2;197;197;213m▀[48;2;255;255;255m▀[38;2;255;255;255;48;2;197;197;213m▀▀[48;2;255;255;255m▀▀▀▀▀[48;2;24;156;74m▀[38;2;24;156;74;48;2;156;213;156m▀[38;2;255;255;255;48;2;24;156;74m▀[48;2;255;255;255m▀▀[48;2;24;156;74m▀[38;2;24;156;74;48;2;156;213;156m▀[38;2;156;213;156m▀[48;2;16;115;57m▀[38;2;16;115;57;49m▀[0m
[0m                               [38;2;16;82;41m▀[38;2;24;156;74;48;2;16;115;57m▀[38;2;16;115;57m▀[49m▄[0m [38;2;106;115;57m▀[38;2;216;155;7;48;2;106;115;57m▀[48;2;216;155;7m▀▀[38;2;8;16;16m▀[38;2;197;197;213;48;2;8;16;16m▀[38;2;255;255;255;48;2;197;197;213m▀▀[48;2;255;255;255m▀▀▀▀[38;2;24;156;74;48;2;24;156;74m▀[38;2;156;213;156;48;2;156;213;156m▀▀[38;2;24;156;74m▀▀▀[38;2;156;213;156;48;2;115;164;115m▀▀[38;2;115;164;115;48;2;16;115;57m▀[38;2;16;115;57;49m▀[38;2;106;115;57m▄▄▄▄▄[0m
[0m                                     [38;2;106;115;57m▀[38;2;216;155;7;48;2;16;82;41m▀[48;2;216;155;7m▀▀▀[38;2;8;16;16;48;2;8;16;16m▀[38;2;197;197;213;48;2;197;197;213m▀▀▀▀▀▀[38;2;16;115;57m▀[38;2;156;213;156;48;2;16;115;57m▀▀▀[38;2;115;164;115;48;2;115;164;115m▀▀[38;2;16;115;57;48;2;16;115;57m▀[38;2;106;115;57;48;2;216;155;7m▀▀[38;2;216;155;7;48;2;8;16;16m▀▀▀▀▀[38;2;8;16;16;48;2;24;156;74m▀▀▀▀▀[49m▄▄▄[0m
[0m                                      [38;2;16;82;41;48;2;16;82;41m▀[38;2;216;155;7;48;2;216;155;7m▀▀▀▀[38;2;8;16;16;48;2;8;16;16m▀[38;2;197;197;213;48;2;197;197;213m▀▀▀▀▀▀▀[48;2;16;115;57m▀[38;2;16;115;57;48;2;115;164;115m▀[38;2;115;164;115;48;2;8;16;16m▀[38;2;16;115;57m▀[38;2;8;16;16;48;2;24;156;74m▀▀▀[38;2;24;156;74m▀▀▀[48;2;16;115;57m▀▀[48;2;8;16;16m▀▀▀▀[48;2;16;82;41m▀[48;2;16;115;57m▀[48;2;24;156;74m▀▀[38;2;8;16;16m▀▀[38;2;16;82;41;49m▄[0m
[0m                                       [38;2;16;82;41;48;2;16;82;41m▀[38;2;216;155;7;48;2;216;155;7m▀▀[48;2;106;115;57m▀[38;2;8;16;16;48;2;197;197;213m▀[38;2;197;197;213m▀▀▀▀▀[48;2;16;82;41m▀[38;2;16;115;57m▀[38;2;8;16;16;48;2;24;156;74m▀▀[38;2;24;156;74m▀▀▀[48;2;16;115;57m▀[48;2;8;16;16m▀▀[38;2;16;82;41;49m▀[38;2;8;16;16m▀▀▀[0m     [38;2;8;16;16m▀▀[38;2;16;82;41m▀[38;2;16;115;57;48;2;8;16;16m▀[38;2;24;156;74;48;2;16;82;41m▀[48;2;24;156;74m▀[38;2;16;82;41m▀[49m▄[0m
[0m                                       [38;2;16;82;41;48;2;16;82;41m▀[38;2;216;155;7;48;2;216;155;7m▀▀[38;2;106;115;57;48;2;106;115;57m▀[38;2;197;197;213;48;2;197;197;213m▀[48;2;255;255;255m▀[38;2;255;255;255m▀▀[48;2;16;115;57m▀[38;2;16;82;41;48;2;24;156;74m▀[38;2;24;156;74m▀▀▀▀[48;2;16;115;57m▀[38;2;16;115;57;48;2;16;82;41m▀[38;2;16;82;41;49m▀[38;2;8;16;16m▀[0m                [38;2;16;82;41m▀[38;2;24;156;74;48;2;16;115;57m▀[38;2;16;82;41;48;2;24;156;74m▀[49m▄[0m
[0m                                       [38;2;16;82;41;48;2;16;82;41m▀[38;2;216;155;7;48;2;216;155;7m▀[38;2;106;115;57;48;2;106;115;57m▀[38;2;255;255;255;48;2;255;255;255m▀▀▀[48;2;16;115;57m▀[38;2;16;115;57;48;2;24;156;74m▀[38;2;24;156;74m▀▀▀▀[48;2;16;115;57m▀[38;2;16;115;57;48;2;16;82;41m▀[38;2;16;82;41;49m▀[0m                  [38;2;16;82;41m▄[38;2;16;115;57;48;2;16;115;57m▀[0m [38;2;24;156;74;48;2;24;156;74m▀[38;2;8;16;16;48;2;8;16;16m▀[0m
[0m                                      [38;2;16;82;41;48;2;16;82;41m▀[38;2;24;156;74;48;2;24;156;74m▀[38;2;16;115;57;48;2;16;115;57m▀[38;2;255;255;255;48;2;255;255;255m▀▀[48;2;16;115;57m▀[38;2;16;115;57;48;2;24;156;74m▀[38;2;24;156;74m▀▀▀[48;2;16;115;57m▀[38;2;16;115;57m▀▀[38;2;16;82;41;48;2;16;82;41m▀[0m                    [38;2;8;16;16m▀[38;2;24;156;74;48;2;8;16;16m▀▀[38;2;16;82;41;49m▀[0m
[0m            [38;2;8;16;16m▄[48;2;24;156;74m▀[38;2;16;82;41;48;2;8;16;16m▀[0m [38;2;8;16;16m▄[38;2;16;82;41m▄[48;2;24;156;74m▀[38;2;8;16;16m▀[48;2;8;16;16m▀[0m                 [38;2;16;82;41;48;2;16;82;41m▀[38;2;16;115;57;48;2;16;115;57m▀[38;2;255;255;255;48;2;255;255;255m▀[48;2;16;115;57m▀[38;2;16;115;57;48;2;24;156;74m▀[38;2;24;156;74m▀▀▀[48;2;16;82;41m▀[38;2;16;82;41;48;2;156;213;156m▀[38;2;16;115;57;48;2;16;115;57m▀▀[38;2;16;82;41;48;2;16;82;41m▀[0m
[0m           [38;2;8;16;16;48;2;8;16;16m▀[38;2;24;156;74;48;2;24;156;74m▀▀[38;2;16;82;41;48;2;8;16;16m▀[38;2;8;16;16;48;2;24;156;74m▀[38;2;24;156;74m▀▀▀[38;2;16;82;41;48;2;16;82;41m▀[0m                 [38;2;8;16;16;48;2;8;16;16m▀[38;2;16;115;57;48;2;16;115;57m▀[38;2;255;255;255;48;2;255;255;255m▀[38;2;16;115;57;48;2;16;115;57m▀[38;2;24;156;74;48;2;24;156;74m▀▀▀[48;2;16;115;57m▀[38;2;16;115;57;48;2;156;213;156m▀[38;2;156;213;156m▀[48;2;16;115;57m▀[38;2;16;115;57m▀[38;2;16;82;41;48;2;16;82;41m▀[0m
[0m           [38;2;8;16;16;48;2;8;16;16m▀[38;2;24;156;74;48;2;16;115;57m▀[48;2;24;156;74m▀▀▀▀[48;2;16;82;41m▀[38;2;16;82;41;48;2;24;156;74m▀▀[38;2;8;16;16m▀[48;2;8;16;16m▀[0m              [38;2;8;16;16m▄[38;2;16;82;41;48;2;16;115;57m▀[38;2;255;255;255;48;2;255;255;255m▀[38;2;16;115;57;48;2;16;115;57m▀[38;2;24;156;74;48;2;24;156;74m▀▀[48;2;16;115;57m▀[38;2;16;115;57;48;2;156;213;156m▀[38;2;156;213;156m▀▀▀[38;2;16;115;57;48;2;16;115;57m▀[48;2;16;82;41m▀[38;2;16;82;41;49m▀[0m
[0m           [38;2;16;82;41m▄[38;2;8;16;16;48;2;16;82;41m▀[38;2;24;156;74;48;2;24;156;74m▀▀[48;2;16;115;57m▀[48;2;16;82;41m▀[48;2;8;16;16m▀▀[38;2;16;82;41;49m▀[38;2;8;16;16m▀[0m              [38;2;8;16;16m▄[48;2;16;115;57m▀[38;2;24;156;74;48;2;24;156;74m▀[38;2;16;115;57m▀[38;2;24;156;74m▀[48;2;16;115;57m▀[38;2;16;115;57;48;2;156;213;156m▀[38;2;156;213;156m▀▀▀▀▀[38;2;16;115;57;48;2;16;115;57m▀[38;2;16;82;41;48;2;16;82;41m▀[0m
[0m       [38;2;16;82;41m▄▄[48;2;24;156;74m▀▀[38;2;24;156;74m▀▀[48;2;16;82;41m▀▀▀▀[48;2;24;156;74m▀[38;2;16;115;57m▀[38;2;16;82;41m▀[38;2;8;16;16;49m▄[0m [38;2;8;16;16m▄[38;2;16;82;41;48;2;24;156;74m▀[38;2;8;16;16m▀[48;2;8;16;16m▀[38;2;16;82;41;49m▄▄[0m       [38;2;8;16;16;48;2;16;82;41m▀[38;2;24;156;74;48;2;24;156;74m▀▀▀[48;2;16;115;57m▀[38;2;16;115;57;48;2;156;213;156m▀[38;2;156;213;156m▀▀▀▀▀[48;2;16;82;41m▀[38;2;8;16;16;48;2;24;156;74m▀[38;2;16;82;41;48;2;8;16;16m▀[0m
[0m     [38;2;8;16;16m▄[48;2;24;156;74m▀[38;2;16;82;41m▀[38;2;24;156;74m▀▀[38;2;16;115;57m▀[38;2;16;82;41m▀[38;2;8;16;16m▀[48;2;16;115;57m▀[49m▄[0m  [38;2;16;82;41m▀▀[38;2;24;156;74;48;2;16;82;41m▀[48;2;24;156;74m▀[38;2;8;16;16m▀[38;2;24;156;74m▀▀[38;2;8;16;16m▀[38;2;16;82;41m▀[38;2;24;156;74m▀[48;2;8;16;16m▀[38;2;8;16;16;49m▀[0m     [38;2;8;16;16;48;2;8;16;16m▀[38;2;24;156;74;48;2;24;156;74m▀▀▀[48;2;16;115;57m▀[38;2;16;115;57;48;2;156;213;156m▀[38;2;156;213;156m▀▀▀▀▀▀[38;2;16;82;41;48;2;16;82;41m▀[38;2;24;156;74;48;2;24;156;74m▀[38;2;8;16;16m▀[49m▄[0m  [38;2;16;82;41m▄▄▄▄▄▄▄▄[0m
[0m   [38;2;8;16;16m▄[48;2;16;115;57m▀[38;2;24;156;74;48;2;24;156;74m▀▀[48;2;16;82;41m▀[38;2;16;115;57;48;2;24;156;74m▀[38;2;24;156;74m▀▀▀[48;2;8;16;16m▀[48;2;16;82;41m▀▀[38;2;8;16;16m▀[0m    [38;2;16;82;41;48;2;8;16;16m▀[38;2;24;156;74;48;2;24;156;74m▀[48;2;16;82;41m▀[48;2;24;156;74m▀▀▀[38;2;8;16;16m▀[49m▄[0m     [38;2;16;115;57;48;2;8;16;16m▀[38;2;16;82;41;48;2;24;156;74m▀[38;2;24;156;74m▀▀▀[38;2;16;115;57;48;2;16;115;57m▀[38;2;156;213;156;48;2;156;213;156m▀▀▀▀▀▀▀[38;2;8;16;16;48;2;8;16;16m▀[38;2;24;156;74;48;2;24;156;74m▀▀[38;2;8;16;16m▀[38;2;16;82;41;48;2;8;16;16m▀▀[38;2;16;115;57m▀[38;2;8;16;16;48;2;24;156;74m▀[38;2;16;115;57;48;2;8;16;16m▀[48;2;24;156;74m▀[38;2;24;156;74m▀▀▀▀[38;2;16;82;41m▀▀▀▀[49m▄▄▄[0m
[0m  [38;2;8;16;16;48;2;8;16;16m▀[38;2;16;115;57;48;2;156;213;156m▀[38;2;24;156;74;48;2;16;115;57m▀[48;2;24;156;74m▀[48;2;16;82;41m▀[38;2;8;16;16;49m▀[38;2;24;156;74;48;2;16;82;41m▀[48;2;24;156;74m▀[38;2;8;16;16;48;2;8;16;16m▀[38;2;24;156;74;48;2;16;82;41m▀[48;2;24;156;74m▀[38;2;8;16;16m▀[49m▄[0m [38;2;8;16;16m▄[48;2;24;156;74m▀▀[49m▄[48;2;24;156;74m▀[38;2;24;156;74m▀[38;2;8;16;16;48;2;8;16;16m▀[38;2;16;82;41;49m▀[38;2;8;16;16m▀▀▀[0m     [38;2;16;115;57m▄[38;2;8;16;16;48;2;16;82;41m▀[38;2;24;156;74;48;2;24;156;74m▀▀▀[38;2;16;115;57;48;2;16;115;57m▀[38;2;156;213;156;48;2;156;213;156m▀▀[48;2;16;115;57m▀[48;2;156;213;156m▀▀▀▀▀[38;2;8;16;16;48;2;16;115;57m▀[38;2;16;115;57;48;2;16;82;41m▀[38;2;24;156;74;48;2;24;156;74m▀▀▀▀▀[48;2;8;16;16m▀[38;2;8;16;16;48;2;16;115;57m▀[38;2;16;115;57m▀▀▀▀[38;2;24;156;74m▀▀[48;2;24;156;74m▀▀▀▀▀▀[38;2;16;82;41m▀▀[49m▄▄[0m
[0m [38;2;8;16;16;48;2;8;16;16m▀[38;2;156;213;156;48;2;156;213;156m▀[48;2;16;115;57m▀[38;2;16;115;57;48;2;24;156;74m▀[38;2;24;156;74;48;2;16;82;41m▀[38;2;16;82;41;49m▀[0m  [38;2;16;82;41m▀[38;2;8;16;16m▀[0m [38;2;16;82;41m▀▀[38;2;8;16;16m▀[0m [38;2;8;16;16m▀[38;2;16;115;57;48;2;8;16;16m▀[38;2;24;156;74m▀▀[38;2;16;115;57m▀[38;2;16;82;41;49m▀[0m          [38;2;8;16;16;48;2;8;16;16m▀[38;2;16;115;57;48;2;16;115;57m▀[38;2;24;156;74;48;2;24;156;74m▀▀▀[38;2;16;115;57;48;2;16;115;57m▀[38;2;156;213;156;48;2;156;213;156m▀▀[38;2;24;156;74;48;2;24;156;74m▀[38;2;16;115;57;48;2;16;115;57m▀[38;2;156;213;156;48;2;156;213;156m▀▀▀▀[38;2;16;115;57;48;2;16;115;57m▀[38;2;8;16;16;48;2;8;16;16m▀[38;2;24;156;74;48;2;16;115;57m▀[48;2;24;156;74m▀▀[38;2;8;16;16;48;2;8;16;16m▀[48;2;16;115;57m▀[38;2;16;115;57m▀▀▀▀▀▀▀▀▀▀[38;2;24;156;74m▀[48;2;24;156;74m▀▀▀▀▀▀▀[38;2;16;82;41m▀[49m▄[0m
[38;2;8;16;16;48;2;8;16;16m▀[38;2;156;213;156;48;2;156;213;156m▀▀[38;2;16;115;57;48;2;16;115;57m▀[38;2;24;156;74;48;2;24;156;74m▀[38;2;16;82;41;48;2;16;82;41m▀[0m                          [38;2;8;16;16;48;2;8;16;16m▀[38;2;24;156;74;48;2;24;156;74m▀▀▀▀▀[38;2;16;115;57m▀▀[38;2;24;156;74m▀[38;2;16;115;57;48;2;16;115;57m▀[38;2;156;213;156;48;2;156;213;156m▀▀▀▀[38;2;16;115;57;48;2;16;115;57m▀▀[38;2;8;16;16;48;2;8;16;16m▀[38;2;24;156;74;48;2;16;115;57m▀[48;2;24;156;74m▀[38;2;8;16;16;48;2;16;115;57m▀[38;2;16;82;41;48;2;8;16;16m▀[48;2;115;164;115m▀▀▀▀▀▀[38;2;16;115;57;48;2;16;82;41m▀▀▀▀[48;2;16;115;57m▀▀[38;2;24;156;74;48;2;24;156;74m▀▀▀▀▀▀▀[38;2;16;115;57;48;2;16;115;57m▀[38;2;16;82;41;48;2;115;164;115m▀[49m▄[0m
[38;2;8;16;16;48;2;8;16;16m▀[38;2;156;213;156;48;2;156;213;156m▀▀[38;2;16;115;57;48;2;16;82;41m▀[38;2;24;156;74;48;2;16;115;57m▀[38;2;16;82;41m▀[49m▄[0m                      [38;2;16;82;41m▄▄[48;2;16;115;57m▀[38;2;8;16;16;48;2;8;16;16m▀[38;2;24;156;74;48;2;16;115;57m▀[48;2;24;156;74m▀▀[48;2;16;115;57m▀[48;2;24;156;74m▀▀▀[38;2;16;115;57;48;2;16;115;57m▀[38;2;156;213;156;48;2;156;213;156m▀▀▀▀▀▀[38;2;16;115;57;48;2;16;115;57m▀▀[38;2;8;16;16m▀[38;2;16;115;57;48;2;8;16;16m▀[48;2;16;115;57m▀[38;2;8;16;16;48;2;8;16;16m▀[38;2;115;164;115;48;2;115;164;115m▀▀▀▀▀▀▀▀▀▀[38;2;16;82;41m▀[38;2;8;16;16m▀[38;2;24;156;74;48;2;8;16;16m▀[48;2;106;115;57m▀▀[48;2;24;156;74m▀▀▀[48;2;16;115;57m▀[38;2;16;115;57;48;2;156;213;156m▀[38;2;156;213;156m▀[38;2;16;82;41m▀[49m▄[0m
[38;2;8;16;16;48;2;8;16;16m▀[38;2;156;213;156;48;2;156;213;156m▀[38;2;115;164;115;48;2;115;164;115m▀[38;2;16;82;41;48;2;16;82;41m▀[38;2;16;115;57;48;2;16;115;57m▀▀[38;2;16;82;41m▀[49m▄[0m                 [38;2;16;82;41m▄▄[48;2;16;115;57m▀▀[38;2;16;115;57m▀▀▀[38;2;8;16;16;48;2;8;16;16m▀[38;2;16;115;57;48;2;16;115;57m▀[38;2;24;156;74;48;2;24;156;74m▀[38;2;16;115;57;48;2;16;115;57m▀[38;2;156;213;156;48;2;156;213;156m▀[38;2;16;115;57m▀▀▀[38;2;156;213;156m▀▀▀▀▀▀▀[38;2;115;164;115m▀[38;2;16;115;57;48;2;16;115;57m▀[48;2;106;115;57m▀[38;2;106;115;57;48;2;216;155;7m▀[38;2;8;16;16m▀[48;2;106;115;57m▀[38;2;115;164;115;48;2;8;16;16m▀▀[48;2;115;164;115m▀▀▀▀▀▀▀▀[48;2;16;82;41m▀[48;2;8;16;16m▀[38;2;8;16;16;48;2;255;205;41m▀[38;2;255;205;41m▀▀[38;2;106;115;57m▀▀[38;2;24;156;74;48;2;16;115;57m▀[38;2;16;115;57;48;2;156;213;156m▀[38;2;156;213;156m▀▀▀[38;2;16;82;41;48;2;115;164;115m▀[49m▄[0m
[38;2;8;16;16;48;2;8;16;16m▀[38;2;115;164;115;48;2;115;164;115m▀▀▀[38;2;16;82;41;48;2;16;82;41m▀[38;2;16;115;57;48;2;16;115;57m▀▀▀[38;2;16;82;41m▀[49m▄▄▄[0m       [38;2;16;82;41m▄▄▄▄[48;2;16;115;57m▀▀[38;2;16;115;57m▀▀▀▀▀▀▀▀[38;2;8;16;16;48;2;8;16;16m▀[38;2;24;156;74;48;2;24;156;74m▀[38;2;16;115;57;48;2;16;115;57m▀[38;2;156;213;156;48;2;156;213;156m▀▀▀▀▀▀▀▀▀▀▀[48;2;106;115;57m▀[38;2;106;115;57;48;2;255;205;41m▀[38;2;216;155;7m▀[48;2;216;155;7m▀▀[48;2;16;115;57m▀▀[38;2;16;115;57m▀[38;2;16;82;41m▀[38;2;8;16;16;48;2;24;156;74m▀▀▀▀▀▀[38;2;16;82;41m▀[38;2;106;115;57m▀[38;2;255;205;41m▀[48;2;106;115;57m▀[48;2;255;205;41m▀▀▀▀[38;2;106;115;57m▀[38;2;156;213;156;48;2;106;115;57m▀[48;2;156;213;156m▀▀▀[38;2;115;164;115;48;2;115;164;115m▀[38;2;16;82;41m▀[49m▄[0m
[0m [38;2;8;16;16;48;2;8;16;16m▀[38;2;115;164;115;48;2;115;164;115m▀▀▀[38;2;16;82;41m▀[38;2;16;115;57;48;2;16;82;41m▀[48;2;16;115;57m▀▀▀▀▀[38;2;16;82;41m▀▀▀▀▀▀▀[38;2;16;115;57m▀▀▀▀▀▀▀▀▀▀[48;2;16;82;41m▀▀▀[38;2;16;82;41;48;2;115;164;115m▀[38;2;8;16;16m▀[38;2;16;115;57;48;2;8;16;16m▀[38;2;156;213;156;48;2;156;213;156m▀▀▀▀▀▀▀▀▀▀▀[48;2;106;115;57m▀[38;2;106;115;57;48;2;255;205;41m▀[38;2;255;205;41m▀▀[38;2;216;155;7;48;2;106;115;57m▀[38;2;106;115;57;48;2;156;213;156m▀[38;2;16;82;41m▀▀[38;2;24;156;74;48;2;16;115;57m▀▀▀[48;2;24;156;74m▀▀▀▀▀▀▀▀[48;2;16;115;57m▀[38;2;106;115;57m▀[38;2;255;205;41;48;2;106;115;57m▀[48;2;255;205;41m▀▀▀[38;2;106;115;57;48;2;106;115;57m▀[38;2;156;213;156;48;2;156;213;156m▀[48;2;106;115;57m▀[38;2;115;164;115;48;2;115;164;115m▀▀▀[38;2;8;16;16;48;2;8;16;16m▀[0m
[0m  [38;2;8;16;16;48;2;8;16;16m▀[38;2;115;164;115;48;2;115;164;115m▀▀▀▀[38;2;16;82;41m▀▀[38;2;16;115;57;48;2;16;82;41m▀▀▀▀[48;2;16;115;57m▀▀▀▀▀▀▀▀[48;2;16;82;41m▀▀▀▀▀[38;2;16;82;41;48;2;115;164;115m▀▀▀[38;2;115;164;115m▀▀▀▀▀[38;2;8;16;16m▀[38;2;156;213;156;48;2;16;82;41m▀[48;2;156;213;156m▀▀▀▀▀▀▀[48;2;106;115;57m▀[38;2;106;115;57;48;2;255;205;41m▀[38;2;156;213;156;48;2;106;115;57m▀[38;2;106;115;57m▀[38;2;255;205;41;48;2;255;205;41m▀▀▀[38;2;106;115;57;48;2;106;115;57m▀[38;2;156;213;156;48;2;156;213;156m▀▀▀▀▀▀[38;2;16;115;57m▀▀▀▀▀▀▀▀[38;2;156;213;156m▀▀[38;2;106;115;57;48;2;106;115;57m▀[38;2;255;205;41;48;2;255;205;41m▀▀▀[38;2;106;115;57;48;2;216;155;7m▀▀[38;2;216;155;7m▀[38;2;106;115;57;48;2;106;115;57m▀[38;2;115;164;115;48;2;115;164;115m▀▀[38;2;8;16;16;48;2;8;16;16m▀[0m
[0m   [38;2;8;16;16m▀[38;2;115;164;115;48;2;8;16;16m▀[48;2;115;164;115m▀▀▀▀▀▀▀▀[38;2;16;82;41m▀▀▀▀▀▀▀▀[38;2;115;164;115m▀▀▀▀▀▀▀▀▀▀▀▀▀[48;2;8;16;16m▀[38;2;16;82;41m▀[38;2;156;213;156;48;2;16;82;41m▀[48;2;156;213;156m▀▀▀▀▀▀[38;2;106;115;57m▀[38;2;255;205;41;48;2;106;115;57m▀[48;2;255;205;41m▀▀▀▀▀[38;2;106;115;57m▀[38;2;156;213;156;48;2;106;115;57m▀[48;2;156;213;156m▀▀▀[48;2;106;115;57m▀[38;2;106;115;57;48;2;255;205;41m▀[38;2;156;213;156;48;2;106;115;57m▀[48;2;156;213;156m▀▀▀▀▀[38;2;106;115;57;48;2;106;115;57m▀[48;2;255;205;41m▀[38;2;156;213;156;48;2;106;115;57m▀▀[38;2;106;115;57;48;2;255;205;41m▀[38;2;255;205;41m▀[48;2;216;155;7m▀[38;2;106;115;57;48;2;106;115;57m▀[38;2;216;155;7m▀▀[38;2;106;115;57;48;2;115;164;115m▀[38;2;115;164;115m▀▀[38;2;16;82;41;48;2;8;16;16m▀[0m
[0m     [38;2;8;16;16m▀[38;2;115;164;115;48;2;8;16;16m▀▀[48;2;115;164;115m▀▀▀▀▀▀▀▀▀▀▀▀▀▀▀▀▀▀▀▀[48;2;8;16;16m▀▀▀[38;2;8;16;16;49m▀▀▀[0m   [38;2;16;82;41m▀[38;2;115;164;115;48;2;16;82;41m▀[38;2;156;213;156;48;2;115;164;115m▀▀[48;2;156;213;156m▀▀▀▀[38;2;106;115;57m▀▀▀[38;2;255;205;41;48;2;106;115;57m▀[48;2;255;205;41m▀▀▀[38;2;106;115;57m▀▀▀[38;2;255;205;41m▀[48;2;106;115;57m▀[38;2;106;115;57;48;2;156;213;156m▀[38;2;156;213;156m▀▀▀▀▀▀[38;2;106;115;57;48;2;115;164;115m▀[38;2;255;205;41;48;2;106;115;57m▀▀▀[38;2;106;115;57;48;2;115;164;115m▀▀[38;2;115;164;115m▀▀▀▀▀[38;2;16;82;41;48;2;8;16;16m▀[0m
[0m        [38;2;8;16;16m▀▀▀[38;2;115;164;115;48;2;8;16;16m▀▀▀▀▀▀▀▀▀▀▀▀[38;2;8;16;16;49m▀▀▀▀▀[0m           [38;2;16;82;41m▀[38;2;115;164;115;48;2;16;82;41m▀▀[48;2;115;164;115m▀▀▀[38;2;156;213;156m▀▀▀▀[38;2;106;115;57m▀▀[38;2;255;205;41;48;2;106;115;57m▀▀▀[38;2;106;115;57;48;2;115;164;115m▀▀[38;2;115;164;115;48;2;156;213;156m▀[38;2;156;213;156m▀▀▀▀[48;2;115;164;115m▀▀▀▀[38;2;115;164;115m▀▀▀▀▀▀▀▀[48;2;8;16;16m▀[38;2;8;16;16;49m▀[0m
[0m                                          [38;2;8;16;16m▀▀[38;2;115;164;115;48;2;8;16;16m▀▀▀[48;2;115;164;115m▀▀▀▀▀▀▀▀▀▀▀▀▀▀▀▀▀▀▀▀▀[48;2;16;82;41m▀[48;2;8;16;16m▀▀[38;2;8;16;16;49m▀▀[0m
[0m                                               [38;2;8;16;16m▀▀▀▀[38;2;115;164;115;48;2;8;16;16m▀▀▀▀▀▀▀▀▀▀▀▀▀[38;2;16;82;41;49m▀[38;2;8;16;16m▀▀▀[0m
