[0m                [38;2;16;16;16m▄[48;2;82;49;41m▀[49m▄[0m      [38;2;16;16;16m▄[48;2;82;49;41m▀▀[49m▄[0m
[0m               [38;2;16;16;16m▄[48;2;82;49;41m▀[38;2;82;49;41m▀▀[38;2;16;16;16;48;2;16;16;16m▀[0m    [38;2;16;16;16m▄[48;2;82;49;41m▀[38;2;82;49;41m▀▀[38;2;16;16;16m▀[0m
[0m               [38;2;16;16;16;48;2;16;16;16m▀[38;2;82;49;41;48;2;82;49;41m▀▀▀[38;2;16;16;16m▀[49m▄[0m  [38;2;16;16;16m▄[48;2;82;49;41m▀[38;2;82;49;41m▀▀▀▀[38;2;16;16;16;48;2;16;16;16m▀[0m
[0m               [38;2;16;16;16;48;2;16;16;16m▀[38;2;82;49;41;48;2;82;49;41m▀▀▀▀[38;2;16;16;16;48;2;16;16;16m▀[0m  [38;2;16;16;16;48;2;16;16;16m▀[38;2;82;49;41;48;2;82;49;41m▀▀▀▀▀[38;2;16;16;16;48;2;16;16;16m▀[0m
[0m                [38;2;16;16;16;48;2;16;16;16m▀[38;2;82;49;41;48;2;82;49;41m▀▀▀[38;2;16;16;16;48;2;16;16;16m▀[0m  [38;2;16;16;16m▀[38;2;82;49;41;48;2;16;16;16m▀[48;2;82;49;41m▀▀▀[48;2;16;16;16m▀[38;2;16;16;16;49m▀[0m
[0m      [38;2;82;49;41m▄▄[0m         [38;2;16;16;16m▀[38;2;82;49;41;48;2;82;49;41m▀▀[38;2;16;16;16;48;2;16;16;16m▀[49m▄▄▄[48;2;16;16;16m▀[38;2;82;49;41;48;2;82;49;41m▀▀[48;2;16;16;16m▀[38;2;16;16;16;49m▀[0m
[0m   [38;2;16;16;16m▄▄[48;2;255;255;255m▀[48;2;82;49;41m▀[38;2;255;255;255;48;2;255;255;255m▀[38;2;82;49;41m▀[38;2;16;16;16;49m▄[0m     [38;2;16;16;16m▄▄[48;2;82;49;41m▀▀[38;2;82;49;41m▀▀▀▀▀▀▀▀▀[38;2;16;16;16m▀[38;2;82;49;41;49m▄[38;2;16;16;16m▄[0m      [38;2;82;49;41m▄▄[38;2;16;16;16;48;2;82;49;41m▀[48;2;255;255;255m▀▀[49m▄▄[0m
[0m  [38;2;16;16;16;48;2;82;49;41m▀[38;2;82;49;41m▀[38;2;16;16;16m▀[38;2;197;172;164;48;2;16;16;16m▀▀[38;2;16;16;16;48;2;82;49;41m▀[38;2;197;172;164;48;2;16;16;16m▀[38;2;16;16;16;49m▀[0m   [38;2;16;16;16m▄[48;2;238;115;41m▀[38;2;189;90;49m▀[38;2;82;49;41;48;2;82;49;41m▀▀▀▀▀▀[48;2;189;90;49m▀[48;2;238;115;41m▀[38;2;189;90;49m▀[38;2;238;115;41m▀▀▀[38;2;189;90;49m▀[38;2;82;49;41m▀▀[38;2;16;16;16;48;2;82;49;41m▀[49m▄[0m  [38;2;16;16;16m▄[38;2;82;49;41;48;2;197;172;164m▀[38;2;255;255;255m▀[48;2;16;16;16m▀[38;2;16;16;16;48;2;82;49;41m▀▀[38;2;82;49;41m▀▀▀[38;2;16;16;16m▀[49m▄[0m
[0m [38;2;16;16;16;48;2;16;16;16m▀[38;2;82;49;41;48;2;82;49;41m▀▀▀▀▀▀[48;2;16;16;16m▀[0m  [38;2;16;16;16m▄[48;2;197;172;164m▀[38;2;82;49;41;48;2;82;49;41m▀[38;2;238;115;41;48;2;123;57;41m▀[38;2;123;57;41;48;2;82;49;41m▀[38;2;82;49;41m▀▀▀[48;2;238;115;41m▀[38;2;189;90;49m▀[38;2;238;115;41m▀[48;2;82;49;41m▀▀[38;2;82;49;41;48;2;255;255;255m▀[48;2;189;90;49m▀[38;2;238;115;41;48;2;238;115;41m▀▀▀▀▀▀[38;2;82;49;41m▀[38;2;16;16;16;48;2;16;16;16m▀[0m [38;2;16;16;16m▀[48;2;16;16;16m▀[38;2;82;49;41;48;2;82;49;41m▀▀▀▀▀▀▀▀[38;2;16;16;16m▀[49m▄[0m
[38;2;16;16;16;48;2;16;16;16m▀[38;2;82;49;41;48;2;82;49;41m▀▀[48;2;238;197;57m▀▀[48;2;180;148;32m▀[38;2;238;197;57;48;2;115;98;16m▀▀[48;2;238;115;41m▀[38;2;123;57;41;48;2;123;57;41m▀[38;2;16;16;16;49m▄[48;2;238;115;41m▀[38;2;255;255;255;48;2;123;57;41m▀[38;2;16;16;16;48;2;16;16;16m▀[38;2;82;49;41;48;2;205;65;57m▀▀▀[48;2;123;57;41m▀[38;2;238;115;41;48;2;238;115;41m▀▀[38;2;82;49;41;48;2;189;90;49m▀[48;2;16;16;16m▀[38;2;255;255;255m▀[38;2;16;16;16m▀[38;2;255;255;255;48;2;255;255;255m▀▀[38;2;238;115;41;48;2;238;115;41m▀▀▀▀▀▀▀▀[38;2;16;16;16;48;2;82;49;41m▀[49m▄[0m [38;2;16;16;16;48;2;16;16;16m▀[38;2;82;49;41;48;2;238;197;57m▀[48;2;180;148;32m▀[48;2;82;49;41m▀▀▀▀▀▀[38;2;16;16;16;48;2;115;98;16m▀[49m▄[0m
[38;2;16;16;16;48;2;16;16;16m▀[38;2;180;148;32;48;2;115;98;16m▀[38;2;115;98;16;48;2;238;115;41m▀▀▀[38;2;238;115;41m▀▀▀▀[48;2;16;16;16m▀[38;2;16;16;16;48;2;189;90;49m▀[38;2;238;115;41;48;2;123;57;41m▀[38;2;16;16;16;48;2;16;16;16m▀[38;2;123;57;41;48;2;205;65;57m▀[38;2;205;65;57m▀[38;2;123;57;41;48;2;16;16;16m▀[38;2;205;65;57;48;2;205;65;57m▀▀[38;2;123;57;41;48;2;16;16;16m▀[38;2;238;115;41;48;2;238;115;41m▀[38;2;189;90;49m▀[38;2;16;16;16;48;2;197;172;164m▀[48;2;16;16;16m▀[48;2;197;172;164m▀[38;2;255;255;255;48;2;255;255;255m▀[38;2;197;172;164;48;2;189;90;49m▀[38;2;238;115;41;48;2;123;57;41m▀[38;2;123;57;41;48;2;255;255;255m▀[38;2;238;115;41;48;2;123;57;41m▀[48;2;238;115;41m▀▀▀[48;2;82;49;41m▀[38;2;82;49;41m▀▀[48;2;16;16;16m▀[38;2;16;16;16;48;2;238;115;41m▀[38;2;238;115;41m▀[38;2;115;98;16m▀▀[38;2;180;148;32;48;2;115;98;16m▀[38;2;238;197;57m▀▀[38;2;115;98;16;48;2;180;148;32m▀[48;2;238;197;57m▀▀[38;2;238;197;57;48;2;180;148;32m▀[38;2;16;16;16;48;2;16;16;16m▀[0m
[38;2;16;16;16;49m▀[38;2;238;115;41;48;2;16;16;16m▀[48;2;238;115;41m▀▀▀▀▀▀[48;2;16;16;16m▀[38;2;16;16;16;48;2;82;49;41m▀[38;2;238;115;41;48;2;238;115;41m▀[38;2;255;255;255;48;2;16;16;16m▀[38;2;16;16;16;48;2;238;115;41m▀▀[38;2;205;65;57;48;2;16;16;16m▀▀▀[38;2;123;57;41;48;2;189;90;49m▀[38;2;16;16;16;48;2;238;115;41m▀[38;2;238;115;41m▀▀[38;2;189;90;49m▀[38;2;255;255;255m▀▀[38;2;189;90;49m▀[38;2;238;115;41;48;2;123;57;41m▀[38;2;123;57;41;48;2;16;16;16m▀[38;2;255;255;255m▀[38;2;16;16;16;48;2;238;115;41m▀[38;2;238;115;41m▀[48;2;189;90;49m▀[38;2;82;49;41;48;2;82;49;41m▀▀[48;2;189;90;49m▀[38;2;238;115;41;48;2;238;115;41m▀▀▀▀▀▀▀▀▀[38;2;115;98;16m▀▀▀▀[38;2;16;16;16;48;2;16;16;16m▀[0m
[0m [38;2;16;16;16m▀[38;2;238;115;41;48;2;16;16;16m▀[48;2;238;115;41m▀▀▀▀▀[38;2;16;16;16;48;2;16;16;16m▀[38;2;82;49;41;48;2;82;49;41m▀[38;2;238;115;41;48;2;238;115;41m▀▀[38;2;16;16;16m▀[38;2;123;57;41m▀[38;2;238;115;41;48;2;123;57;41m▀[48;2;16;16;16m▀▀▀▀▀▀[38;2;189;90;49;48;2;123;57;41m▀[38;2;16;16;16;48;2;238;115;41m▀▀▀[38;2;189;90;49m▀[38;2;238;115;41m▀▀▀[48;2;82;49;41m▀[38;2;82;49;41m▀▀[48;2;189;90;49m▀[38;2;238;115;41;48;2;238;115;41m▀▀▀▀▀▀▀▀▀▀▀▀▀[38;2;16;16;16;48;2;16;16;16m▀[0m
[0m  [38;2;16;16;16m▀[38;2;189;90;49;48;2;16;16;16m▀[48;2;189;90;49m▀[38;2;238;115;41m▀▀[38;2;16;16;16;48;2;16;16;16m▀[38;2;82;49;41;48;2;82;49;41m▀[38;2;189;90;49;48;2;238;115;41m▀[38;2;238;115;41m▀▀▀▀▀▀▀▀▀▀▀▀▀▀▀▀▀▀[38;2;189;90;49;48;2;82;49;41m▀[38;2;82;49;41m▀▀▀[38;2;238;115;41;48;2;189;90;49m▀[48;2;238;115;41m▀▀▀▀▀▀▀▀▀▀▀[48;2;16;16;16m▀[38;2;16;16;16;49m▀[0m
[0m    [38;2;16;16;16m▀[38;2;189;90;49;48;2;16;16;16m▀[48;2;189;90;49m▀[38;2;16;16;16;48;2;16;16;16m▀[38;2;82;49;41;48;2;82;49;41m▀[38;2;238;115;41;48;2;238;115;41m▀▀▀▀▀▀▀▀▀▀▀▀▀▀▀▀▀[48;2;115;98;16m▀[38;2;16;16;16;48;2;238;197;57m▀▀▀[38;2;82;49;41;48;2;16;16;16m▀[38;2;189;90;49;48;2;189;90;49m▀▀▀▀[38;2;238;115;41m▀▀▀▀▀[38;2;189;90;49m▀[48;2;16;16;16m▀▀[38;2;16;16;16;49m▀[0m
[0m      [38;2;16;16;16;48;2;115;98;16m▀[48;2;238;197;57m▀[38;2;238;197;57m▀[38;2;16;16;16;48;2;115;98;16m▀[38;2;238;115;41;48;2;238;115;41m▀▀▀▀▀▀▀▀▀▀▀▀▀▀▀[38;2;115;98;16;48;2;115;98;16m▀[38;2;238;197;57;48;2;238;197;57m▀▀▀[48;2;115;98;16m▀[48;2;238;197;57m▀[38;2;16;16;16;48;2;16;16;16m▀[38;2;189;90;49;48;2;189;90;49m▀▀▀▀▀[48;2;16;16;16m▀▀[38;2;16;16;16;49m▀▀[0m
[0m     [38;2;115;98;16;48;2;115;98;16m▀[38;2;238;197;57;48;2;238;197;57m▀[38;2;16;16;16;48;2;16;16;16m▀[38;2;238;197;57;48;2;238;197;57m▀▀[38;2;16;16;16;48;2;16;16;16m▀[38;2;238;115;41;48;2;238;115;41m▀[48;2;57;32;32m▀[48;2;238;115;41m▀▀▀▀▀▀▀[48;2;57;32;32m▀[48;2;238;115;41m▀▀▀▀[38;2;115;98;16;48;2;115;98;16m▀[38;2;238;197;57;48;2;238;197;57m▀▀[38;2;115;98;16;48;2;115;98;16m▀[38;2;238;197;57;48;2;238;197;57m▀▀▀[38;2;16;16;16;48;2;16;16;16m▀[38;2;189;90;49;48;2;82;49;41m▀▀[38;2;16;16;16m▀▀[38;2;82;49;41m▀[38;2;16;16;16;48;2;16;16;16m▀[0m
[0m     [38;2;115;98;16m▀[38;2;16;16;16;48;2;16;16;16m▀[38;2;115;98;16;48;2;238;197;57m▀[38;2;238;197;57m▀[38;2;115;98;16;48;2;115;98;16m▀[48;2;238;197;57m▀[38;2;238;115;41;48;2;16;16;16m▀[38;2;82;49;41;48;2;82;49;41m▀[38;2;57;32;32m▀[38;2;238;115;41;48;2;16;16;16m▀[48;2;238;115;41m▀▀▀[48;2;57;32;32m▀[38;2;57;32;32;48;2;82;49;41m▀[38;2;82;49;41m▀[38;2;16;16;16;48;2;16;16;16m▀[38;2;238;115;41;48;2;238;115;41m▀[48;2;115;98;16m▀[38;2;16;16;16;48;2;238;197;57m▀▀[38;2;115;98;16;48;2;16;16;16m▀[38;2;238;197;57;48;2;238;197;57m▀▀[38;2;16;16;16;48;2;16;16;16m▀[38;2;238;197;57;48;2;82;49;41m▀[38;2;16;16;16m▀[38;2;57;32;32m▀[38;2;82;49;41m▀▀▀▀▀▀[38;2;16;16;16;48;2;16;16;16m▀[0m
[0m      [38;2;16;16;16;48;2;16;16;16m▀[38;2;238;197;57;48;2;238;197;57m▀[38;2;115;98;16;48;2;115;98;16m▀[38;2;238;197;57;48;2;238;197;57m▀▀[38;2;16;16;16m▀[38;2;57;32;32;48;2;16;16;16m▀[38;2;82;49;41;48;2;82;49;41m▀▀[38;2;57;32;32;48;2;16;16;16m▀[38;2;238;115;41;48;2;238;115;41m▀[38;2;57;32;32;48;2;16;16;16m▀[38;2;82;49;41;48;2;82;49;41m▀▀[48;2;57;32;32m▀[38;2;16;16;16;48;2;16;16;16m▀[38;2;115;98;16;48;2;115;98;16m▀[38;2;238;197;57;48;2;238;197;57m▀▀▀▀[38;2;16;16;16;48;2;16;16;16m▀[38;2;238;197;57;48;2;238;197;57m▀▀[38;2;16;16;16;48;2;16;16;16m▀[38;2;82;49;41;48;2;82;49;41m▀▀▀▀▀▀▀[48;2;57;32;32m▀[38;2;16;16;16;48;2;16;16;16m▀[0m   [38;2;16;16;16m▄▄▄[0m
[0m      [38;2;16;16;16m▀[38;2;238;197;57;48;2;16;16;16m▀[38;2;115;98;16;48;2;238;197;57m▀[38;2;238;197;57;48;2;115;98;16m▀[38;2;180;148;32;48;2;180;148;32m▀[38;2;238;197;57;48;2;238;197;57m▀[38;2;16;16;16;48;2;180;148;32m▀[38;2;57;32;32;48;2;16;16;16m▀[38;2;82;49;41;48;2;82;49;41m▀▀[38;2;57;32;32;48;2;16;16;16m▀[38;2;82;49;41;48;2;82;49;41m▀▀▀[38;2;16;16;16;48;2;57;32;32m▀[38;2;238;115;41;48;2;82;49;41m▀[38;2;115;98;16;48;2;115;98;16m▀[38;2;238;197;57;48;2;180;148;32m▀[48;2;238;197;57m▀[38;2;180;148;32;48;2;115;98;16m▀[38;2;238;197;57;48;2;238;197;57m▀[38;2;115;98;16;48;2;115;98;16m▀[38;2;238;197;57;48;2;180;148;32m▀[38;2;180;148;32m▀[38;2;16;16;16;48;2;16;16;16m▀[38;2;82;49;41;48;2;82;49;41m▀▀[48;2;57;32;32m▀▀▀[38;2;57;32;32m▀▀▀[38;2;16;16;16;48;2;16;16;16m▀[38;2;57;57;57;49m▄[38;2;16;16;16;48;2;74;74;74m▀[38;2;57;57;57m▀[38;2;74;74;74;48;2;16;16;16m▀[48;2;57;57;57m▀[48;2;74;74;74m▀[38;2;16;16;16m▀[49m▄[38;2;57;57;57;48;2;74;74;74m▀▀▀[49m▄[0m
[0m       [38;2;16;16;16m▀[38;2;238;197;57;48;2;16;16;16m▀[48;2;180;148;32m▀▀[38;2;180;148;32m▀[48;2;115;98;16m▀[38;2;16;16;16;48;2;16;16;16m▀[38;2;82;49;41;48;2;82;49;41m▀▀▀▀▀▀▀▀▀[38;2;16;16;16;48;2;16;16;16m▀[38;2;180;148;32;48;2;180;148;32m▀▀[38;2;115;98;16m▀[38;2;180;148;32m▀▀[38;2;16;16;16;48;2;16;16;16m▀[38;2;57;32;32;48;2;57;32;32m▀▀▀[48;2;238;115;41m▀▀▀[48;2;16;16;16m▀[48;2;57;32;32m▀▀[38;2;16;16;16;48;2;16;16;16m▀[38;2;74;74;74;48;2;74;74;74m▀▀[38;2;16;16;16;49m▀[0m [38;2;16;16;16;48;2;16;16;16m▀[38;2;57;57;57;48;2;74;74;74m▀[38;2;74;74;74m▀[38;2;16;16;16;48;2;16;16;16m▀[38;2;74;74;74;48;2;74;74;74m▀▀▀[38;2;16;16;16m▀[49m▄[38;2;57;57;57m▄[0m
[0m       [38;2;123;57;41;48;2;123;57;41m▀[38;2;16;16;16;48;2;238;115;41m▀[48;2;16;16;16m▀[38;2;180;148;32m▀▀[38;2;16;16;16;48;2;57;32;32m▀[38;2;57;32;32m▀▀[38;2;82;49;41m▀▀▀▀▀▀[38;2;57;32;32m▀▀▀[38;2;16;16;16m▀[38;2;180;148;32;48;2;16;16;16m▀▀▀[38;2;16;16;16;48;2;57;32;32m▀[38;2;57;32;32m▀[48;2;238;115;41m▀[38;2;238;115;41m▀▀▀▀▀[38;2;189;90;49m▀[38;2;16;16;16;48;2;16;16;16m▀[38;2;57;32;32;48;2;57;32;32m▀[38;2;16;16;16;48;2;16;16;16m▀[38;2;57;57;57;48;2;57;57;57m▀[38;2;16;16;16m▀[49m▄[48;2;74;74;74m▀[38;2;74;74;74m▀[48;2;16;16;16m▀[38;2;16;16;16;48;2;57;57;57m▀[38;2;74;74;74;48;2;74;74;74m▀▀▀▀▀[48;2;57;57;57m▀▀[38;2;57;57;57;48;2;16;16;16m▀[0m
[0m      [38;2;123;57;41m▄[48;2;238;115;41m▀[38;2;238;115;41m▀▀[38;2;16;16;16m▀[38;2;57;32;32;48;2;16;16;16m▀[48;2;57;32;32m▀▀▀▀▀▀▀▀▀▀▀▀▀▀▀[48;2;16;16;16m▀[38;2;16;16;16;48;2;238;115;41m▀[38;2;238;115;41m▀▀▀▀▀▀▀▀[38;2;189;90;49m▀[38;2;57;32;32;48;2;16;16;16m▀[38;2;16;16;16m▀[48;2;57;57;57m▀▀[38;2;74;74;74m▀[48;2;16;16;16m▀[38;2;16;16;16;48;2;57;57;57m▀▀▀[38;2;57;57;57m▀▀▀▀▀[48;2;16;16;16m▀▀[38;2;16;16;16;49m▀[0m
[0m      [38;2;123;57;41;48;2;123;57;41m▀[38;2;238;115;41;48;2;238;115;41m▀▀▀▀▀[38;2;16;16;16m▀▀[38;2;57;32;32;48;2;16;16;16m▀[48;2;57;32;32m▀▀▀▀▀▀▀▀▀▀▀[48;2;16;16;16m▀[38;2;16;16;16;48;2;189;90;49m▀[38;2;238;115;41m▀[48;2;238;115;41m▀▀▀▀▀▀▀▀▀[38;2;16;16;16;48;2;16;16;16m▀[38;2;57;57;57m▀▀[38;2;16;16;16;49m▀▀[0m [38;2;16;16;16m▀[48;2;16;16;16m▀[38;2;57;57;57;48;2;57;57;57m▀▀▀[48;2;16;16;16m▀[48;2;57;57;57m▀▀▀[38;2;16;16;16;48;2;16;16;16m▀[0m
[0m      [38;2;123;57;41m▀[38;2;238;115;41;48;2;16;16;16m▀[48;2;189;90;49m▀[48;2;238;115;41m▀▀[48;2;189;90;49m▀▀[38;2;189;90;49m▀▀▀[38;2;16;16;16m▀▀[38;2;57;32;32;48;2;123;57;41m▀[48;2;16;16;16m▀▀▀▀▀[48;2;57;32;32m▀▀[38;2;16;16;16;48;2;16;16;16m▀[38;2;189;90;49;48;2;189;90;49m▀▀▀[38;2;238;115;41m▀▀[48;2;238;115;41m▀▀▀▀[48;2;189;90;49m▀[38;2;189;90;49m▀[38;2;16;16;16;48;2;16;16;16m▀[0m       [38;2;16;16;16m▀▀▀[0m [38;2;16;16;16m▀▀▀[0m
[0m       [38;2;16;16;16m▀[38;2;189;90;49;48;2;16;16;16m▀[48;2;123;57;41m▀[48;2;189;90;49m▀▀▀▀▀▀▀[48;2;123;57;41m▀[38;2;16;16;16;49m▀[0m     [38;2;16;16;16m▀▀▀[48;2;16;16;16m▀[38;2;189;90;49;48;2;189;90;49m▀▀▀▀▀▀▀▀▀[48;2;16;16;16m▀[38;2;16;16;16;49m▀[0m
[0m         [38;2;16;16;16m▄[48;2;197;172;164m▀[38;2;123;57;41m▀[38;2;189;90;49m▀[48;2;123;57;41m▀[48;2;189;90;49m▀[48;2;16;16;16m▀▀[38;2;16;16;16;49m▀[0m          [38;2;16;16;16m▀[38;2;189;90;49;48;2;16;16;16m▀[48;2;189;90;49m▀▀▀▀▀▀▀[38;2;16;16;16;48;2;16;16;16m▀[0m
[0m          [38;2;16;16;16m▀▀▀▀▀[0m               [38;2;16;16;16m▀[38;2;189;90;49;48;2;16;16;16m▀[38;2;123;57;41;48;2;197;172;164m▀[38;2;197;172;164m▀▀[38;2;123;57;41m▀[38;2;16;16;16;48;2;16;16;16m▀[0m
[0m                               [38;2;16;16;16m▀▀▀▀▀[0m
