[0m                          [38;2;122;25;15m▄[0m       [38;2;32;32;32m▄▄[0m                   [38;2;122;25;15m▄[48;2;230;49;41m▀[49m▄[0m
[0m                         [38;2;122;25;15;48;2;122;25;15m▀[38;2;230;49;41;48;2;230;49;41m▀[38;2;122;25;15;48;2;122;25;15m▀[0m    [38;2;32;32;32m▄[48;2;49;49;49m▀[38;2;49;49;49m▀[38;2;32;32;32;48;2;32;32;32m▀[0m       [38;2;32;32;32m▄[48;2;49;49;49m▀[48;2;32;32;32m▀[0m        [38;2;122;25;15;48;2;122;25;15m▀[38;2;230;49;41;48;2;230;49;41m▀▀[38;2;122;25;15;48;2;122;25;15m▀[0m
[0m                        [38;2;122;25;15;48;2;122;25;15m▀[38;2;230;49;41;48;2;230;49;41m▀▀[38;2;122;25;15;48;2;122;25;15m▀[0m   [38;2;32;32;32;48;2;32;32;32m▀[38;2;49;49;49;48;2;49;49;49m▀▀[38;2;32;32;32;48;2;32;32;32m▀[0m      [38;2;32;32;32m▄[48;2;49;49;49m▀[38;2;49;49;49m▀[48;2;32;32;32m▀[38;2;32;32;32;49m▀[0m      [38;2;122;25;15m▄[48;2;230;49;41m▀[38;2;230;49;41m▀▀[38;2;122;25;15;48;2;122;25;15m▀[49m▄[0m
[0m                       [38;2;122;25;15m▄[48;2;230;49;41m▀[38;2;230;49;41m▀▀[38;2;122;25;15m▀[49m▄[38;2;32;32;32m▄[48;2;49;49;49m▀[38;2;49;49;49m▀▀[38;2;32;32;32;48;2;32;32;32m▀[49m▄▄[0m    [38;2;32;32;32;48;2;32;32;32m▀[38;2;49;49;49;48;2;49;49;49m▀▀[48;2;32;32;32m▀[38;2;32;32;32;49m▀[0m     [38;2;122;25;15m▄▄[48;2;230;49;41m▀[38;2;230;49;41m▀▀▀▀▀[38;2;122;25;15;48;2;122;25;15m▀[0m
[0m                       [38;2;122;25;15;48;2;122;25;15m▀[38;2;230;49;41;48;2;230;49;41m▀▀▀▀▀[38;2;32;32;32;48;2;32;32;32m▀[38;2;49;49;49;48;2;49;49;49m▀▀▀▀[48;2;32;32;32m▀[38;2;32;32;32;48;2;122;25;15m▀[38;2;122;25;15;49m▄▄▄[38;2;32;32;32;48;2;32;32;32m▀[38;2;49;49;49;48;2;49;49;49m▀▀▀[38;2;32;32;32m▀▀[48;2;32;32;32m▀[0m  [38;2;122;25;15m▄[48;2;230;49;41m▀[38;2;230;49;41m▀▀▀▀▀▀▀[48;2;122;25;15m▀[38;2;122;25;15;49m▀[0m
[0m                     [38;2;122;25;15m▄▄[48;2;230;49;41m▀[38;2;230;49;41m▀▀▀▀[48;2;32;32;32m▀▀[38;2;32;32;32;48;2;49;49;49m▀[38;2;49;49;49m▀[48;2;32;32;32m▀[48;2;238;98;32m▀[38;2;122;25;15m▀[38;2;238;98;32m▀[48;2;32;32;32m▀▀▀[38;2;32;32;32m▀[38;2;49;49;49;48;2;49;49;49m▀▀▀[48;2;32;32;32m▀[38;2;32;32;32;48;2;122;25;15m▀[0m  [38;2;122;25;15m▄[48;2;230;49;41m▀[38;2;230;49;41m▀▀▀▀▀▀▀[48;2;122;25;15m▀[38;2;122;25;15;49m▀[0m
[0m                    [38;2;122;25;15;48;2;122;25;15m▀[38;2;230;49;41;48;2;230;49;41m▀[38;2;122;25;15m▀[38;2;230;49;41m▀▀▀▀[38;2;32;32;32;48;2;32;32;32m▀[38;2;49;49;49;48;2;49;49;49m▀▀▀[38;2;32;32;32;48;2;122;25;15m▀[38;2;238;98;32;48;2;238;98;32m▀▀▀[38;2;32;32;32;48;2;32;32;32m▀[38;2;49;49;49;48;2;49;49;49m▀▀▀▀▀[48;2;16;16;16m▀[48;2;49;49;49m▀[38;2;32;32;32;48;2;32;32;32m▀[38;2;189;82;32;48;2;189;82;32m▀[38;2;122;25;15m▀[48;2;122;25;15m▀[38;2;230;49;41;48;2;230;49;41m▀▀▀▀▀[48;2;238;139;8m▀[48;2;230;49;41m▀▀▀[38;2;122;25;15m▀▀[49m▄[0m
[0m                   [38;2;122;25;15m▄[48;2;230;49;41m▀[38;2;230;49;41m▀▀▀▀▀[48;2;16;16;16m▀[38;2;16;16;16;48;2;246;246;246m▀[38;2;32;32;32;48;2;16;16;16m▀[38;2;49;49;49;48;2;32;32;32m▀[38;2;32;32;32m▀[38;2;238;98;32;48;2;189;82;32m▀[48;2;238;98;32m▀▀[48;2;16;16;16m▀[38;2;32;32;32;48;2;49;49;49m▀[38;2;49;49;49m▀[48;2;16;16;16m▀▀[48;2;172;172;172m▀[38;2;16;16;16;48;2;16;16;16m▀[38;2;172;172;172;48;2;246;246;246m▀[38;2;16;16;16;48;2;16;16;16m▀[38;2;189;82;32;48;2;189;82;32m▀[48;2;122;25;15m▀▀[48;2;189;82;32m▀[38;2;122;25;15m▀[48;2;122;25;15m▀[38;2;230;49;41;48;2;230;49;41m▀[48;2;238;139;8m▀[38;2;238;189;8;48;2;238;189;8m▀▀[38;2;230;49;41;48;2;230;49;41m▀▀▀▀[48;2;122;25;15m▀[38;2;122;25;15;49m▀[0m
[0m                   [38;2;122;25;15;48;2;122;25;15m▀[38;2;230;49;41;48;2;230;49;41m▀▀▀▀▀▀[38;2;16;16;16;48;2;16;16;16m▀[38;2;246;246;246;48;2;246;246;246m▀[38;2;16;16;16;48;2;172;172;172m▀[38;2;230;49;41;48;2;16;16;16m▀[38;2;16;16;16;48;2;164;57;49m▀[38;2;122;25;15m▀▀[38;2;16;16;16;48;2;122;25;15m▀[38;2;49;49;49;48;2;16;16;16m▀[48;2;189;82;32m▀[38;2;16;16;16;48;2;172;172;172m▀[38;2;230;49;41;48;2;246;246;246m▀[38;2;122;25;15m▀[38;2;246;246;246;48;2;172;172;172m▀[38;2;16;16;16;48;2;16;16;16m▀[38;2;246;246;246;48;2;246;246;246m▀[38;2;172;172;172m▀[38;2;122;25;15;48;2;122;25;15m▀[38;2;230;49;41;48;2;230;49;41m▀▀[38;2;122;25;15m▀▀[38;2;230;49;41m▀▀[38;2;238;189;8m▀[48;2;238;189;8m▀[38;2;238;139;8m▀[38;2;230;49;41m▀[48;2;230;49;41m▀▀▀[38;2;122;25;15;48;2;122;25;15m▀[49m▄[0m
[0m     [38;2;32;32;32m▄[0m             [38;2;189;82;32m▄[38;2;122;25;15;48;2;189;82;32m▀[38;2;230;49;41;48;2;122;25;15m▀[48;2;230;49;41m▀▀▀▀▀[38;2;172;172;172;48;2;16;16;16m▀[38;2;246;246;246;48;2;172;172;172m▀[38;2;122;25;15;48;2;122;25;15m▀[38;2;16;16;16;48;2;32;32;32m▀[38;2;164;57;49;48;2;122;25;15m▀[38;2;16;16;16;48;2;32;32;32m▀[38;2;122;25;15;48;2;122;25;15m▀▀▀[38;2;238;98;32;48;2;238;98;32m▀[38;2;189;82;32m▀[38;2;122;25;15m▀[38;2;189;82;32m▀[38;2;16;16;16;48;2;16;16;16m▀[38;2;172;172;172m▀[48;2;122;25;15m▀[38;2;122;25;15;48;2;230;49;41m▀[38;2;230;49;41m▀▀▀▀▀[48;2;238;189;8m▀▀[38;2;238;139;8m▀[38;2;238;189;8m▀[48;2;122;25;15m▀[38;2;238;139;8m▀[38;2;230;49;41m▀[48;2;230;49;41m▀▀[48;2;122;25;15m▀[38;2;122;25;15;49m▀[0m
[0m    [38;2;32;32;32;48;2;32;32;32m▀[38;2;49;49;49;48;2;49;49;49m▀[38;2;16;16;16;48;2;16;16;16m▀[0m          [38;2;16;16;16m▄[38;2;189;82;32;48;2;238;98;32m▀[38;2;238;98;32;48;2;122;25;15m▀▀[38;2;122;25;15;48;2;230;49;41m▀[38;2;230;49;41m▀▀▀▀▀[38;2;122;25;15;48;2;122;25;15m▀[38;2;16;16;16;48;2;238;98;32m▀[48;2;122;25;15m▀[38;2;122;25;15;48;2;16;16;16m▀▀▀▀[38;2;16;16;16m▀[38;2;238;98;32m▀▀[48;2;122;25;15m▀[38;2;16;16;16;48;2;189;82;32m▀[48;2;238;98;32m▀▀[38;2;122;25;15;48;2;122;25;15m▀[38;2;230;49;41;48;2;230;49;41m▀▀▀▀▀▀[38;2;238;139;8;48;2;238;189;8m▀[38;2;238;189;8m▀[48;2;122;25;15m▀[38;2;122;25;15;48;2;238;98;32m▀▀[38;2;238;98;32m▀▀▀[38;2;16;16;16m▀▀[48;2;122;25;15m▀[49m▄[0m          [38;2;32;32;32m▄[0m
[0m   [38;2;32;32;32;48;2;16;16;16m▀[38;2;49;49;49;48;2;49;49;49m▀▀▀[38;2;16;16;16;48;2;16;16;16m▀[0m      [38;2;16;16;16m▄[48;2;16;16;16m▀[48;2;189;82;32m▀[38;2;238;98;32;48;2;238;98;32m▀▀[38;2;122;25;15m▀[38;2;230;49;41;48;2;122;25;15m▀[48;2;238;189;8m▀[38;2;238;139;8m▀[38;2;238;189;8m▀▀[38;2;230;49;41;48;2;238;139;8m▀[48;2;230;49;41m▀▀[38;2;122;25;15;48;2;122;25;15m▀[48;2;230;49;41m▀[38;2;238;98;32;48;2;122;25;15m▀[48;2;238;98;32m▀▀▀[48;2;122;25;15m▀[38;2;122;25;15;48;2;230;49;41m▀▀[38;2;238;98;32;48;2;122;25;15m▀[48;2;238;98;32m▀[48;2;122;25;15m▀[38;2;122;25;15;48;2;230;49;41m▀[38;2;230;49;41m▀▀[48;2;238;139;8m▀[48;2;238;189;8m▀▀[38;2;238;139;8m▀[38;2;238;189;8m▀▀▀▀[48;2;122;25;15m▀▀[38;2;122;25;15;48;2;238;98;32m▀[38;2;238;98;32m▀▀▀▀▀[48;2;123;90;8m▀[38;2;16;16;16;48;2;238;189;8m▀[49m▄[0m       [38;2;32;32;32;48;2;32;32;32m▀[38;2;49;49;49;48;2;49;49;49m▀[38;2;16;16;16;48;2;16;16;16m▀[0m
[0m  [38;2;32;32;32m▄[38;2;16;16;16;48;2;49;49;49m▀[38;2;49;49;49m▀▀▀[38;2;16;16;16;48;2;16;16;16m▀[49m▄▄▄[48;2;49;49;49m▀▀▀[38;2;49;49;49;48;2;123;90;8m▀[38;2;238;189;8;48;2;180;139;32m▀[38;2;189;82;32;48;2;189;82;32m▀[38;2;238;98;32;48;2;238;98;32m▀▀▀[38;2;122;25;15m▀[38;2;238;189;8;48;2;122;25;15m▀▀[48;2;238;189;8m▀▀▀[38;2;238;139;8;48;2;230;49;41m▀[38;2;230;49;41m▀▀▀[38;2;122;25;15m▀[48;2;122;25;15m▀[38;2;238;98;32;48;2;238;98;32m▀[48;2;122;25;15m▀[38;2;122;25;15;48;2;230;49;41m▀[38;2;230;49;41m▀▀[38;2;122;25;15m▀▀[38;2;230;49;41m▀[48;2;238;139;8m▀[48;2;238;189;8m▀[38;2;238;189;8m▀▀▀▀▀▀▀[48;2;122;25;15m▀[38;2;122;25;15;48;2;238;98;32m▀[38;2;238;98;32m▀▀▀▀▀▀▀[38;2;123;90;8;48;2;123;90;8m▀[38;2;238;189;8;48;2;238;189;8m▀[48;2;180;139;32m▀[38;2;180;139;32;48;2;49;49;49m▀[38;2;32;32;32m▀[49m▄[0m    [38;2;32;32;32;48;2;32;32;32m▀[38;2;49;49;49;48;2;49;49;49m▀▀▀[38;2;16;16;16;48;2;16;16;16m▀[0m
[0m  [38;2;16;16;16;48;2;16;16;16m▀[38;2;49;49;49;48;2;49;49;49m▀▀▀▀[38;2;16;16;16;48;2;16;16;16m▀[38;2;49;49;49;48;2;49;49;49m▀▀▀▀▀[48;2;123;90;8m▀[38;2;238;189;8;48;2;238;189;8m▀[38;2;123;90;8;48;2;123;90;8m▀[38;2;238;98;32;48;2;238;98;32m▀▀[48;2;16;16;16m▀[48;2;32;32;32m▀[48;2;238;98;32m▀▀▀[38;2;122;25;15;48;2;122;25;15m▀[48;2;238;189;8m▀[38;2;238;189;8m▀▀[38;2;230;49;41m▀[38;2;238;139;8m▀[38;2;238;189;8m▀[38;2;238;139;8m▀[38;2;230;49;41m▀[38;2;122;25;15;48;2;238;139;8m▀[38;2;230;49;41m▀[48;2;238;189;8m▀[38;2;238;139;8m▀[48;2;238;139;8m▀[48;2;230;49;41m▀[38;2;230;49;41m▀▀[48;2;238;139;8m▀[38;2;238;189;8;48;2;238;189;8m▀[48;2;122;25;15m▀▀▀[38;2;122;25;15;48;2;238;98;32m▀▀▀▀[38;2;238;98;32m▀▀▀▀▀▀▀▀[38;2;189;82;32;48;2;123;90;8m▀[38;2;238;189;8;48;2;238;189;8m▀▀[38;2;123;90;8;48;2;49;49;49m▀[38;2;49;49;49m▀▀▀[38;2;32;32;32m▀▀[38;2;16;16;16;49m▄▄[48;2;16;16;16m▀[38;2;49;49;49;48;2;49;49;49m▀▀▀[38;2;16;16;16m▀[49m▄[0m
[0m  [38;2;16;16;16;48;2;16;16;16m▀[38;2;49;49;49;48;2;49;49;49m▀▀▀[38;2;16;16;16;48;2;16;16;16m▀[38;2;32;32;32;48;2;49;49;49m▀▀[38;2;49;49;49m▀▀▀▀[38;2;123;90;8;48;2;238;189;8m▀[38;2;238;189;8;48;2;180;139;32m▀[38;2;123;90;8;48;2;238;98;32m▀[38;2;238;98;32m▀[48;2;32;32;32m▀[38;2;16;16;16;48;2;16;16;16m▀[38;2;49;49;49;48;2;49;49;49m▀[38;2;32;32;32m▀[38;2;238;98;32;48;2;16;16;16m▀[38;2;122;25;15;48;2;238;98;32m▀[38;2;238;189;8;48;2;122;25;15m▀▀[38;2;122;25;15;48;2;238;189;8m▀[38;2;238;189;8m▀▀▀[48;2;122;25;15m▀[48;2;238;189;8m▀▀[48;2;122;25;15m▀[48;2;238;189;8m▀▀[48;2;122;25;15m▀[48;2;238;189;8m▀[38;2;238;139;8m▀▀[38;2;238;189;8m▀[48;2;122;25;15m▀[48;2;238;189;8m▀[38;2;122;25;15m▀[38;2;238;98;32;48;2;122;25;15m▀[48;2;238;98;32m▀▀▀▀▀[48;2;32;32;32m▀▀[38;2;32;32;32;48;2;49;49;49m▀[48;2;16;16;16m▀[38;2;238;98;32;48;2;189;82;32m▀▀[48;2;238;98;32m▀▀[38;2;123;90;8;48;2;123;90;8m▀[38;2;238;189;8;48;2;238;189;8m▀[38;2;180;139;32;48;2;123;90;8m▀[38;2;49;49;49;48;2;49;49;49m▀▀▀▀▀▀▀▀[38;2;16;16;16;48;2;16;16;16m▀[38;2;49;49;49;48;2;49;49;49m▀▀▀▀[38;2;16;16;16;48;2;16;16;16m▀[49m▄[48;2;32;32;32m▀[48;2;16;16;16m▀[0m
[0m [38;2;16;16;16m▄[48;2;49;49;49m▀[38;2;49;49;49m▀▀▀▀▀▀▀▀[38;2;32;32;32m▀[38;2;49;49;49;48;2;16;16;16m▀[38;2;238;189;8;48;2;238;189;8m▀[38;2;123;90;8;48;2;123;90;8m▀[38;2;238;98;32;48;2;238;98;32m▀▀[38;2;32;32;32;48;2;16;16;16m▀[38;2;49;49;49;48;2;49;49;49m▀[38;2;32;32;32;48;2;16;16;16m▀[38;2;49;49;49;48;2;49;49;49m▀▀[38;2;32;32;32m▀[38;2;238;98;32;48;2;16;16;16m▀[38;2;122;25;15;48;2;238;189;8m▀[38;2;238;189;8m▀▀[48;2;122;25;15m▀[38;2;122;25;15;48;2;238;98;32m▀[48;2;122;25;15m▀[38;2;238;189;8m▀[38;2;122;25;15;48;2;238;98;32m▀▀[38;2;238;189;8;48;2;122;25;15m▀[48;2;238;189;8m▀[38;2;122;25;15;48;2;122;25;15m▀▀[38;2;238;189;8;48;2;238;189;8m▀▀▀[38;2;122;25;15m▀[48;2;122;25;15m▀[38;2;238;189;8m▀[38;2;122;25;15m▀[38;2;238;98;32;48;2;238;98;32m▀▀[48;2;32;32;32m▀▀[38;2;32;32;32;48;2;49;49;49m▀[38;2;49;49;49m▀▀[38;2;16;16;16;48;2;16;16;16m▀[38;2;189;82;32m▀▀[38;2;16;16;16;48;2;189;82;32m▀[48;2;122;25;15m▀[38;2;189;82;32;48;2;16;16;16m▀[38;2;123;90;8m▀[38;2;238;189;8m▀[38;2;123;90;8;48;2;123;90;8m▀[38;2;49;49;49;48;2;49;49;49m▀[48;2;16;16;16m▀[38;2;32;32;32;48;2;32;32;32m▀[48;2;49;49;49m▀[38;2;16;16;16m▀[38;2;49;49;49m▀▀▀▀[38;2;16;16;16;48;2;16;16;16m▀[38;2;49;49;49;48;2;49;49;49m▀▀[48;2;16;16;16m▀[38;2;16;16;16;48;2;49;49;49m▀[38;2;32;32;32;48;2;16;16;16m▀[48;2;32;32;32m▀[38;2;16;16;16;48;2;16;16;16m▀[0m
[0m [38;2;16;16;16;48;2;16;16;16m▀[38;2;49;49;49;48;2;49;49;49m▀▀▀▀▀▀▀▀▀▀[38;2;16;16;16;48;2;32;32;32m▀[48;2;16;16;16m▀[38;2;123;90;8m▀[38;2;16;16;16m▀[49m▀▀[38;2;32;32;32;48;2;16;16;16m▀[38;2;49;49;49;48;2;49;49;49m▀[38;2;16;16;16m▀[38;2;49;49;49m▀▀[38;2;122;25;15;48;2;122;25;15m▀[38;2;238;189;8m▀[38;2;122;25;15;48;2;32;32;32m▀▀[38;2;238;98;32m▀[48;2;122;25;15m▀[48;2;189;82;32m▀[48;2;238;98;32m▀▀▀▀[38;2;122;25;15m▀▀[38;2;238;98;32m▀[38;2;122;25;15m▀[38;2;238;189;8;48;2;122;25;15m▀▀[48;2;238;189;8m▀[38;2;122;25;15;48;2;122;25;15m▀[38;2;238;98;32;48;2;32;32;32m▀▀▀[38;2;32;32;32;48;2;49;49;49m▀[38;2;49;49;49m▀▀▀▀[38;2;16;16;16m▀[38;2;49;49;49m▀▀[38;2;16;16;16m▀[38;2;49;49;49;48;2;123;90;8m▀[38;2;16;16;16m▀[49m▄[0m  [38;2;16;16;16m▀▀[38;2;32;32;32;48;2;16;16;16m▀[38;2;49;49;49;48;2;49;49;49m▀▀▀▀▀▀▀[38;2;16;16;16m▀[38;2;49;49;49m▀▀[38;2;16;16;16m▀[38;2;49;49;49m▀[38;2;16;16;16m▀[38;2;32;32;32;48;2;16;16;16m▀[38;2;16;16;16m▀[0m
[38;2;16;16;16;48;2;16;16;16m▀[38;2;49;49;49;48;2;49;49;49m▀▀▀▀▀▀▀▀▀▀[48;2;32;32;32m▀[38;2;32;32;32m▀[38;2;16;16;16;48;2;16;16;16m▀[0m    [38;2;16;16;16m▄[48;2;238;189;8m▀[38;2;49;49;49;48;2;49;49;49m▀▀▀▀▀▀[48;2;16;16;16m▀▀▀[38;2;32;32;32;48;2;49;49;49m▀▀▀▀▀▀▀▀▀[38;2;49;49;49m▀▀[38;2;122;25;15;48;2;16;16;16m▀▀[38;2;49;49;49m▀▀[48;2;49;49;49m▀▀▀▀▀▀▀[48;2;16;16;16m▀[38;2;16;16;16;48;2;238;189;8m▀[38;2;180;139;32m▀[38;2;238;189;8m▀▀[38;2;16;16;16m▀[38;2;32;32;32;49m▄[0m   [38;2;16;16;16;48;2;16;16;16m▀[38;2;49;49;49;48;2;49;49;49m▀▀▀▀▀▀▀▀▀▀▀▀[38;2;32;32;32;48;2;32;32;32m▀[38;2;16;16;16;48;2;16;16;16m▀[49m▀[0m
[38;2;16;16;16;48;2;16;16;16m▀[38;2;49;49;49;48;2;49;49;49m▀▀[48;2;122;25;15m▀[48;2;230;49;41m▀[38;2;122;25;15m▀[38;2;230;49;41m▀▀▀▀[38;2;122;25;15;48;2;164;57;49m▀[38;2;32;32;32m▀[48;2;122;25;15m▀[38;2;16;16;16;48;2;16;16;16m▀[0m   [38;2;123;90;8m▄[38;2;16;16;16;48;2;238;189;8m▀[38;2;238;189;8m▀[38;2;16;16;16;48;2;123;90;8m▀[38;2;49;49;49;48;2;49;49;49m▀[48;2;16;16;16m▀[38;2;16;16;16;48;2;123;90;8m▀[48;2;238;189;8m▀[38;2;123;90;8m▀[38;2;238;189;8m▀▀▀[38;2;123;90;8m▀[38;2;16;16;16m▀[48;2;123;90;8m▀[38;2;49;49;49;48;2;16;16;16m▀[48;2;49;49;49m▀▀▀▀[48;2;16;16;16m▀[38;2;16;16;16;48;2;180;139;32m▀[38;2;123;90;8;48;2;238;189;8m▀[38;2;238;189;8m▀▀▀▀[38;2;123;90;8m▀[38;2;16;16;16m▀[38;2;49;49;49;48;2;16;16;16m▀[48;2;49;49;49m▀▀▀[38;2;32;32;32;48;2;16;16;16m▀[38;2;123;90;8;48;2;238;189;8m▀[38;2;238;189;8m▀▀▀▀▀[38;2;16;16;16m▀[49m▄[0m [38;2;16;16;16m▄[48;2;49;49;49m▀[38;2;49;49;49;48;2;122;25;15m▀[48;2;230;49;41m▀▀▀▀[48;2;122;25;15m▀[48;2;49;49;49m▀▀▀▀▀[48;2;32;32;32m▀[38;2;32;32;32m▀[38;2;16;16;16;48;2;16;16;16m▀[0m
[38;2;16;16;16;48;2;16;16;16m▀[38;2;49;49;49;48;2;122;25;15m▀[38;2;122;25;15;48;2;230;49;41m▀[38;2;230;49;41;48;2;122;25;15m▀[48;2;49;49;49m▀[38;2;122;25;15m▀[38;2;49;49;49m▀▀▀▀[38;2;32;32;32;48;2;32;32;32m▀[38;2;122;25;15m▀[38;2;164;57;49m▀[38;2;16;16;16;48;2;122;25;15m▀[49m▄[0m  [38;2;123;90;8;48;2;123;90;8m▀[38;2;238;189;8;48;2;238;189;8m▀▀[38;2;123;90;8m▀[38;2;16;16;16;48;2;16;16;16m▀[38;2;123;90;8;48;2;238;189;8m▀[38;2;238;189;8m▀▀▀▀▀▀▀▀▀[38;2;123;90;8m▀[38;2;16;16;16;48;2;16;16;16m▀[38;2;49;49;49;48;2;49;49;49m▀▀[38;2;16;16;16;48;2;16;16;16m▀[38;2;180;139;32;48;2;238;189;8m▀[38;2;238;189;8m▀▀▀▀▀▀▀▀▀[38;2;16;16;16;48;2;123;90;8m▀[38;2;49;49;49;48;2;16;16;16m▀[38;2;16;16;16m▀[38;2;123;90;8;48;2;238;189;8m▀[38;2;238;189;8m▀▀[48;2;123;90;8m▀[38;2;123;90;8m▀[48;2;238;189;8m▀▀[38;2;238;189;8;48;2;123;90;8m▀[38;2;16;16;16;48;2;180;139;32m▀[49m▄[48;2;122;25;15m▀[38;2;230;49;41m▀[48;2;49;49;49m▀▀▀▀[48;2;122;25;15m▀[48;2;230;49;41m▀▀[38;2;122;25;15m▀[38;2;49;49;49m▀[48;2;49;49;49m▀[48;2;32;32;32m▀[38;2;32;32;32m▀▀[38;2;16;16;16;48;2;16;16;16m▀[0m
[38;2;16;16;16;48;2;16;16;16m▀[38;2;230;49;41;48;2;122;25;15m▀[38;2;122;25;15;48;2;49;49;49m▀[38;2;49;49;49m▀▀▀▀▀▀[38;2;32;32;32;48;2;32;32;32m▀▀[48;2;16;16;16m▀[48;2;172;172;172m▀[48;2;32;32;32m▀[38;2;16;16;16;48;2;16;16;16m▀[0m [38;2;123;90;8;48;2;123;90;8m▀[38;2;180;139;32;48;2;180;139;32m▀[38;2;238;189;8m▀[48;2;238;189;8m▀[38;2;180;139;32;48;2;123;90;8m▀[38;2;123;90;8;48;2;238;189;8m▀[38;2;238;189;8m▀▀▀[38;2;180;139;32;48;2;123;90;8m▀[38;2;123;90;8;48;2;180;139;32m▀[48;2;238;189;8m▀▀[38;2;238;189;8;48;2;123;90;8m▀[48;2;238;189;8m▀▀▀[38;2;123;90;8m▀[38;2;16;16;16;48;2;16;16;16m▀[38;2;49;49;49;48;2;49;49;49m▀[38;2;123;90;8;48;2;180;139;32m▀[38;2;238;189;8;48;2;238;189;8m▀▀▀[48;2;123;90;8m▀[38;2;123;90;8;48;2;180;139;32m▀[48;2;238;189;8m▀[48;2;180;139;32m▀[38;2;238;189;8;48;2;123;90;8m▀[48;2;238;189;8m▀▀▀[38;2;16;16;16;48;2;123;90;8m▀[48;2;16;16;16m▀[38;2;238;189;8;48;2;238;189;8m▀▀▀[38;2;123;90;8;48;2;123;90;8m▀[38;2;238;189;8;48;2;180;139;32m▀▀[38;2;180;139;32m▀▀[38;2;16;16;16;48;2;16;16;16m▀[38;2;49;49;49;48;2;49;49;49m▀▀▀▀▀▀▀▀▀[38;2;122;25;15m▀[38;2;230;49;41m▀[38;2;164;57;49;48;2;164;57;49m▀[38;2;122;25;15m▀[38;2;32;32;32;48;2;32;32;32m▀▀▀[38;2;16;16;16;49m▀[0m
[38;2;16;16;16;48;2;16;16;16m▀[38;2;49;49;49;48;2;32;32;32m▀[48;2;49;49;49m▀▀▀▀▀[48;2;32;32;32m▀[38;2;32;32;32m▀▀[38;2;16;16;16;48;2;16;16;16m▀[38;2;172;172;172;48;2;246;246;246m▀[38;2;246;246;246m▀▀[38;2;49;49;49;48;2;172;172;172m▀[38;2;16;16;16;49m▄[38;2;123;90;8;48;2;123;90;8m▀[38;2;180;139;32;48;2;180;139;32m▀▀[38;2;238;189;8m▀[38;2;123;90;8;48;2;123;90;8m▀[38;2;238;189;8;48;2;238;189;8m▀▀▀[38;2;123;90;8;48;2;123;90;8m▀[38;2;180;139;32;48;2;238;189;8m▀[38;2;238;189;8m▀▀▀[38;2;180;139;32m▀[38;2;123;90;8;48;2;123;90;8m▀[38;2;238;189;8;48;2;238;189;8m▀▀▀[38;2;123;90;8m▀[38;2;16;16;16;48;2;123;90;8m▀[38;2;180;139;32m▀[38;2;238;189;8;48;2;238;189;8m▀▀▀▀▀▀▀[38;2;123;90;8;48;2;123;90;8m▀[38;2;238;189;8;48;2;238;189;8m▀▀▀▀[38;2;16;16;16;48;2;16;16;16m▀[38;2;238;189;8;48;2;123;90;8m▀[48;2;180;139;32m▀[38;2;180;139;32m▀[38;2;123;90;8m▀[38;2;180;139;32;48;2;123;90;8m▀[48;2;180;139;32m▀[48;2;16;16;16m▀[38;2;16;16;16;48;2;172;172;172m▀[38;2;172;172;172;48;2;246;246;246m▀[38;2;246;246;246m▀[38;2;172;172;172m▀[38;2;49;49;49;48;2;172;172;172m▀[48;2;49;49;49m▀▀▀▀▀▀[48;2;32;32;32m▀[38;2;32;32;32m▀▀[38;2;164;57;49;48;2;122;25;15m▀[38;2;122;25;15;48;2;164;57;49m▀[38;2;32;32;32;48;2;32;32;32m▀[38;2;16;16;16;48;2;16;16;16m▀[0m
[38;2;16;16;16;48;2;16;16;16m▀[38;2;32;32;32;48;2;32;32;32m▀▀[38;2;49;49;49m▀[38;2;32;32;32;48;2;172;172;172m▀[38;2;172;172;172;48;2;246;246;246m▀[38;2;246;246;246m▀[38;2;16;16;16m▀[48;2;172;172;172m▀[38;2;32;32;32;48;2;16;16;16m▀[38;2;16;16;16;48;2;49;49;49m▀[38;2;246;246;246;48;2;172;172;172m▀[48;2;246;246;246m▀▀[48;2;172;172;172m▀[38;2;16;16;16;48;2;16;16;16m▀[38;2;123;90;8;48;2;123;90;8m▀[38;2;180;139;32;48;2;180;139;32m▀▀[38;2;123;90;8;48;2;123;90;8m▀[38;2;49;49;49;48;2;49;49;49m▀[38;2;238;189;8;48;2;238;189;8m▀▀▀[38;2;123;90;8;48;2;180;139;32m▀[38;2;180;139;32;48;2;123;90;8m▀[38;2;238;189;8;48;2;238;189;8m▀▀▀▀▀[38;2;123;90;8;48;2;16;16;16m▀[38;2;238;189;8;48;2;238;189;8m▀▀▀▀[38;2;49;49;49m▀[38;2;123;90;8;48;2;123;90;8m▀[38;2;238;189;8m▀[48;2;238;189;8m▀▀[48;2;180;139;32m▀[48;2;123;90;8m▀[38;2;180;139;32m▀[48;2;238;189;8m▀[38;2;238;189;8m▀▀▀[48;2;180;139;32m▀[38;2;16;16;16;48;2;16;16;16m▀[48;2;32;32;32m▀[38;2;180;139;32;48;2;123;90;8m▀[48;2;180;139;32m▀▀[38;2;123;90;8m▀[48;2;123;90;8m▀[38;2;16;16;16;48;2;16;16;16m▀[38;2;246;246;246;48;2;172;172;172m▀[48;2;246;246;246m▀▀[48;2;49;49;49m▀[38;2;49;49;49;48;2;172;172;172m▀[48;2;246;246;246m▀[38;2;246;246;246m▀▀[38;2;172;172;172m▀[38;2;49;49;49;48;2;172;172;172m▀[38;2;32;32;32;48;2;32;32;32m▀▀▀▀▀[38;2;164;57;49;48;2;122;25;15m▀[38;2;32;32;32;48;2;16;16;16m▀[38;2;16;16;16;49m▀[0m
[0m [38;2;16;16;16;48;2;16;16;16m▀[38;2;32;32;32;48;2;32;32;32m▀[38;2;16;16;16;48;2;16;16;16m▀[38;2;246;246;246;48;2;172;172;172m▀[48;2;246;246;246m▀▀▀▀[48;2;172;172;172m▀[38;2;16;16;16m▀[38;2;49;49;49;48;2;16;16;16m▀[38;2;172;172;172;48;2;172;172;172m▀▀[48;2;16;16;16m▀[38;2;16;16;16;49m▀[0m [38;2;123;90;8;48;2;16;16;16m▀[38;2;180;139;32m▀[38;2;49;49;49;48;2;49;49;49m▀▀[38;2;123;90;8;48;2;16;16;16m▀[38;2;238;189;8;48;2;238;189;8m▀▀▀▀▀▀▀▀[48;2;123;90;8m▀[38;2;16;16;16;48;2;16;16;16m▀[48;2;49;49;49m▀[38;2;238;189;8;48;2;16;16;16m▀[48;2;238;189;8m▀▀▀▀▀[38;2;123;90;8m▀▀▀[38;2;180;139;32m▀[38;2;238;189;8m▀[48;2;180;139;32m▀▀[38;2;180;139;32m▀▀[38;2;16;16;16;48;2;16;16;16m▀[38;2;32;32;32;48;2;32;32;32m▀▀[38;2;16;16;16m▀[38;2;123;90;8;48;2;16;16;16m▀[38;2;180;139;32m▀[48;2;123;90;8m▀[48;2;180;139;32m▀[38;2;49;49;49m▀[38;2;16;16;16;48;2;16;16;16m▀[38;2;172;172;172;48;2;172;172;172m▀[48;2;49;49;49m▀[38;2;49;49;49;48;2;172;172;172m▀[38;2;246;246;246;48;2;246;246;246m▀▀▀▀▀▀[38;2;32;32;32;48;2;32;32;32m▀▀▀▀▀[38;2;122;25;15;48;2;16;16;16m▀[38;2;16;16;16;49m▀[0m
[0m [38;2;16;16;16m▀[38;2;32;32;32;48;2;16;16;16m▀[38;2;172;172;172;48;2;172;172;172m▀[38;2;16;16;16m▀[38;2;172;172;172;48;2;16;16;16m▀[38;2;246;246;246;48;2;49;49;49m▀[38;2;172;172;172;48;2;172;172;172m▀▀▀[48;2;16;16;16m▀▀[38;2;16;16;16;49m▀▀▄[48;2;32;32;32m▀[48;2;49;49;49m▀[38;2;49;49;49m▀▀▀▀▀[38;2;16;16;16m▀[38;2;238;189;8;48;2;16;16;16m▀[48;2;123;90;8m▀[48;2;238;189;8m▀▀▀[48;2;123;90;8m▀[48;2;16;16;16m▀[38;2;16;16;16;48;2;49;49;49m▀[38;2;49;49;49m▀▀▀[38;2;16;16;16;48;2;32;32;32m▀[38;2;238;189;8;48;2;16;16;16m▀[48;2;123;90;8m▀[48;2;180;139;32m▀▀▀[38;2;180;139;32m▀▀▀▀▀▀[48;2;16;16;16m▀[38;2;16;16;16;48;2;32;32;32m▀[38;2;32;32;32m▀▀▀▀▀▀[38;2;16;16;16m▀▀▀[38;2;32;32;32m▀[38;2;16;16;16m▀[38;2;49;49;49;48;2;16;16;16m▀[38;2;172;172;172;48;2;172;172;172m▀▀[38;2;246;246;246m▀▀[48;2;49;49;49m▀▀[38;2;32;32;32;48;2;172;172;172m▀▀[48;2;32;32;32m▀▀▀[48;2;16;16;16m▀[38;2;16;16;16;49m▀[0m
[0m  [38;2;16;16;16m▀[38;2;49;49;49;48;2;16;16;16m▀[38;2;172;172;172m▀[48;2;172;172;172m▀[38;2;49;49;49m▀[38;2;16;16;16m▀[48;2;49;49;49m▀[49m▀[0m  [38;2;16;16;16m▄[48;2;49;49;49m▀[38;2;49;49;49m▀▀[48;2;16;16;16m▀[48;2;49;49;49m▀▀▀[48;2;16;16;16m▀▀[48;2;49;49;49m▀▀▀[38;2;16;16;16m▀▀▀[48;2;32;32;32m▀[38;2;49;49;49m▀▀▀[38;2;32;32;32m▀▀▀▀[38;2;16;16;16m▀▀[38;2;123;90;8;48;2;16;16;16m▀[38;2;180;139;32m▀▀▀▀▀[38;2;16;16;16;48;2;32;32;32m▀▀[38;2;32;32;32m▀▀▀▀▀[38;2;16;16;16;48;2;16;16;16m▀[48;2;32;32;32m▀[38;2;32;32;32;48;2;16;16;16m▀[48;2;32;32;32m▀▀▀▀▀[38;2;16;16;16m▀[38;2;49;49;49;48;2;16;16;16m▀[48;2;172;172;172m▀▀▀[38;2;172;172;172m▀▀▀▀▀[38;2;32;32;32;48;2;16;16;16m▀[38;2;16;16;16;49m▀[0m
[0m     [38;2;16;16;16m▀▀▀[0m    [38;2;16;16;16m▀▀▀[48;2;16;16;16m▀[38;2;49;49;49m▀▀[38;2;16;16;16;48;2;230;49;41m▀▀[38;2;230;49;41m▀▀[38;2;122;25;15m▀[38;2;32;32;32m▀[48;2;122;25;15m▀[48;2;32;32;32m▀▀▀▀▀▀▀▀▀▀▀▀▀▀▀▀▀▀▀▀▀[48;2;122;25;15m▀[48;2;164;57;49m▀[38;2;16;16;16m▀[38;2;32;32;32;48;2;16;16;16m▀▀[48;2;32;32;32m▀[38;2;16;16;16;48;2;16;16;16m▀[38;2;164;57;49;48;2;164;57;49m▀[38;2;16;16;16m▀[38;2;32;32;32;48;2;16;16;16m▀▀[48;2;32;32;32m▀▀▀[38;2;16;16;16;48;2;16;16;16m▀[49m▀▀[38;2;172;172;172;48;2;16;16;16m▀▀▀▀[38;2;16;16;16;49m▀▀[0m  [38;2;16;16;16m▄▄[48;2;32;32;32m▀▀[48;2;16;16;16m▀[0m
[0m                 [38;2;122;25;15;48;2;122;25;15m▀[38;2;230;49;41;48;2;123;90;8m▀[48;2;238;189;8m▀[48;2;123;90;8m▀[48;2;230;49;41m▀▀▀▀[48;2;122;25;15m▀[48;2;164;57;49m▀[38;2;122;25;15m▀▀[38;2;32;32;32m▀▀▀▀▀▀▀▀▀▀▀▀▀[38;2;122;25;15m▀▀[38;2;164;57;49m▀▀[48;2;122;25;15m▀▀[48;2;164;57;49m▀▀▀[38;2;16;16;16m▀▀[38;2;164;57;49;48;2;123;90;8m▀[48;2;180;139;32m▀[48;2;123;90;8m▀[48;2;164;57;49m▀[38;2;16;16;16m▀[38;2;32;32;32m▀[48;2;16;16;16m▀[48;2;32;32;32m▀[38;2;16;16;16;48;2;16;16;16m▀[0m  [38;2;16;16;16;48;2;16;16;16m▀[38;2;32;32;32;48;2;32;32;32m▀[38;2;16;16;16m▀[49m▄▄[48;2;32;32;32m▀▀[38;2;32;32;32m▀▀[48;2;16;16;16m▀[38;2;16;16;16m▀[49m▄▄▄▄▄[0m
[0m                [38;2;16;16;16;48;2;16;16;16m▀[38;2;230;49;41;48;2;238;189;8m▀[38;2;238;189;8;48;2;49;49;49m▀[48;2;123;90;8m▀[38;2;180;139;32;48;2;238;189;8m▀[38;2;230;49;41;48;2;123;90;8m▀[48;2;230;49;41m▀▀[48;2;164;57;49m▀[38;2;164;57;49m▀[38;2;122;25;15m▀[48;2;122;25;15m▀[38;2;164;57;49m▀[48;2;164;57;49m▀▀▀▀▀▀▀▀▀▀▀▀▀▀▀[38;2;122;25;15m▀▀[38;2;164;57;49m▀▀▀▀▀▀[48;2;123;90;8m▀[38;2;180;139;32;48;2;180;139;32m▀[38;2;123;90;8;48;2;32;32;32m▀[38;2;180;139;32;48;2;123;90;8m▀[38;2;123;90;8;48;2;180;139;32m▀[38;2;164;57;49;48;2;164;57;49m▀▀▀[38;2;16;16;16;48;2;16;16;16m▀[48;2;32;32;32m▀▀[48;2;16;16;16m▀[38;2;32;32;32m▀▀[48;2;32;32;32m▀▀▀▀▀▀▀▀▀▀[48;2;16;16;16m▀▀[38;2;16;16;16;49m▀[0m
[0m                [38;2;16;16;16;48;2;16;16;16m▀[38;2;123;90;8;48;2;49;49;49m▀[38;2;49;49;49m▀[48;2;32;32;32m▀[38;2;238;189;8;48;2;123;90;8m▀[38;2;180;139;32;48;2;180;139;32m▀[38;2;164;57;49;48;2;123;90;8m▀[48;2;164;57;49m▀▀[48;2;123;90;8m▀[48;2;180;139;32m▀[48;2;164;57;49m▀▀[48;2;16;16;16m▀[38;2;16;16;16;49m▀▀▀[38;2;122;25;15m▀[38;2;164;57;49;48;2;16;16;16m▀▀▀▀▀▀[38;2;122;25;15m▀[49m▀▀[38;2;164;57;49;48;2;16;16;16m▀[48;2;122;25;15m▀[48;2;164;57;49m▀▀▀▀▀▀[48;2;123;90;8m▀[38;2;180;139;32;48;2;180;139;32m▀[38;2;123;90;8;48;2;32;32;32m▀[38;2;32;32;32m▀▀[38;2;180;139;32m▀[38;2;123;90;8;48;2;180;139;32m▀[38;2;164;57;49;48;2;164;57;49m▀[38;2;123;90;8;48;2;180;139;32m▀[38;2;16;16;16;48;2;32;32;32m▀[48;2;16;16;16m▀[38;2;32;32;32m▀▀[48;2;32;32;32m▀▀▀▀▀▀▀▀▀▀▀[38;2;16;16;16m▀[38;2;32;32;32;49m▄[38;2;16;16;16m▄[0m
[0m                [38;2;16;16;16m▀[38;2;32;32;32;48;2;16;16;16m▀[48;2;32;32;32m▀▀▀[38;2;180;139;32m▀[38;2;123;90;8;48;2;180;139;32m▀▀[38;2;180;139;32m▀[48;2;32;32;32m▀▀[38;2;123;90;8;48;2;180;139;32m▀[38;2;16;16;16;48;2;16;16;16m▀[0m                [38;2;122;25;15m▀[38;2;164;57;49;48;2;16;16;16m▀[38;2;123;90;8;48;2;123;90;8m▀[48;2;180;139;32m▀[38;2;164;57;49m▀[48;2;123;90;8m▀[38;2;180;139;32;48;2;180;139;32m▀[48;2;123;90;8m▀[38;2;32;32;32;48;2;32;32;32m▀▀▀▀[38;2;123;90;8m▀[38;2;180;139;32;48;2;180;139;32m▀[38;2;123;90;8;48;2;32;32;32m▀[38;2;32;32;32m▀[38;2;16;16;16;48;2;16;16;16m▀[0m [38;2;16;16;16m▀[48;2;16;16;16m▀[48;2;32;32;32m▀[38;2;32;32;32m▀▀▀▀▀▀▀▀[38;2;16;16;16m▀[48;2;16;16;16m▀[49m▀[0m
[0m                 [38;2;16;16;16m▀[38;2;32;32;32;48;2;16;16;16m▀[48;2;32;32;32m▀▀▀[38;2;180;139;32;48;2;123;90;8m▀[48;2;32;32;32m▀[38;2;32;32;32m▀▀▀[38;2;16;16;16;48;2;16;16;16m▀[0m                   [38;2;16;16;16m▀[38;2;123;90;8;48;2;16;16;16m▀[48;2;32;32;32m▀[38;2;180;139;32m▀[48;2;180;139;32m▀[38;2;32;32;32;48;2;32;32;32m▀▀▀▀▀▀▀▀▀[38;2;16;16;16;48;2;16;16;16m▀[0m  [38;2;16;16;16m▀[38;2;32;32;32;48;2;16;16;16m▀[38;2;16;16;16;49m▀[38;2;32;32;32;48;2;16;16;16m▀[48;2;32;32;32m▀▀[38;2;16;16;16;48;2;16;16;16m▀[49m▀[38;2;32;32;32;48;2;16;16;16m▀▀[48;2;32;32;32m▀▀[38;2;16;16;16m▀[49m▄[0m
[0m               [38;2;49;49;49m▄▄[48;2;172;172;172m▀[38;2;16;16;16;48;2;32;32;32m▀[38;2;32;32;32m▀[48;2;172;172;172m▀▀[48;2;32;32;32m▀▀▀[48;2;16;16;16m▀▀[38;2;16;16;16;49m▀[0m                    [38;2;16;16;16m▀[48;2;16;16;16m▀[38;2;32;32;32;48;2;32;32;32m▀▀▀▀▀[48;2;49;49;49m▀▀▀[38;2;49;49;49m▀▀▀[38;2;16;16;16;48;2;16;16;16m▀[0m      [38;2;16;16;16m▀[38;2;32;32;32;48;2;16;16;16m▀[48;2;32;32;32m▀[38;2;16;16;16;48;2;16;16;16m▀[0m  [38;2;16;16;16m▀▀▀▀[0m
[0m              [38;2;49;49;49;48;2;16;16;16m▀[38;2;172;172;172m▀▀[38;2;49;49;49;48;2;172;172;172m▀[38;2;172;172;172;48;2;246;246;246m▀[38;2;246;246;246m▀[48;2;16;16;16m▀[38;2;172;172;172m▀▀[38;2;16;16;16;49m▀▀[0m                         [38;2;16;16;16;48;2;16;16;16m▀[38;2;32;32;32;48;2;32;32;32m▀[48;2;49;49;49m▀[38;2;49;49;49m▀▀▀▀▀▀▀[38;2;32;32;32;48;2;16;16;16m▀[0m         [38;2;16;16;16m▀▀[0m
[0m                [38;2;16;16;16m▀▀▀▀[0m                               [38;2;16;16;16;48;2;16;16;16m▀[38;2;49;49;49;48;2;32;32;32m▀[38;2;16;16;16;48;2;246;246;246m▀[38;2;172;172;172m▀[38;2;16;16;16m▀[38;2;49;49;49;48;2;16;16;16m▀[38;2;172;172;172;48;2;246;246;246m▀[38;2;246;246;246m▀[38;2;32;32;32;48;2;16;16;16m▀[38;2;16;16;16;49m▀[0m
[0m                                                    [38;2;16;16;16m▀▀[38;2;246;246;246;48;2;16;16;16m▀▀[38;2;172;172;172;48;2;246;246;246m▀[38;2;49;49;49;48;2;16;16;16m▀[38;2;246;246;246m▀[48;2;246;246;246m▀[38;2;49;49;49;48;2;49;49;49m▀[0m
[0m                                                        [38;2;16;16;16m▀▀[0m [38;2;16;16;16m▀▀[0m
