[0m       [38;2;74;74;74m▄▄[38;2;139;139;156m▄[38;2;74;74;74;48;2;255;255;255m▀▀▀▀▀[38;2;139;139;156;49m▄[38;2;74;74;74m▄▄[0m
[0m  [38;2;46;65;98m▄[48;2;74;106;172m▀[48;2;139;139;156m▀[38;2;139;139;156;48;2;255;255;255m▀▀[38;2;255;255;255m▀▀▀▀▀▀▀▀▀▀▀[38;2;139;139;156m▀[38;2;74;74;74m▀[49m▄[0m
[0m  [38;2;46;65;98;48;2;46;65;98m▀[38;2;74;106;172;48;2;139;139;156m▀[38;2;255;255;255;48;2;255;255;255m▀▀▀▀▀▀▀▀▀▀▀▀▀▀▀▀▀[38;2;46;65;98;48;2;46;65;98m▀[48;2;74;106;172m▀▀[49m▄[0m
[0m  [38;2;74;74;74;48;2;74;74;74m▀[38;2;255;255;255;48;2;255;255;255m▀▀[48;2;74;74;74m▀[48;2;255;255;255m▀▀▀▀▀▀▀▀▀▀▀▀▀▀▀▀[38;2;74;106;172;48;2;46;65;98m▀[48;2;74;106;172m▀[38;2;0;0;0;48;2;0;0;0m▀[0m
[0m [38;2;74;74;74;48;2;74;74;74m▀[38;2;255;255;255;48;2;255;255;255m▀▀[38;2;74;74;74;48;2;74;74;74m▀[38;2;255;255;255;48;2;0;0;0m▀[38;2;74;74;74;48;2;74;74;74m▀[38;2;255;255;255;48;2;255;255;255m▀▀[48;2;139;90;49m▀▀[48;2;74;74;74m▀▀[48;2;255;255;255m▀▀▀[48;2;74;74;74m▀[38;2;74;74;74;48;2;255;255;255m▀[38;2;255;255;255;48;2;74;74;74m▀[48;2;255;255;255m▀▀▀[38;2;139;139;156m▀[38;2;46;65;98;48;2;46;65;98m▀[38;2;0;0;0;49m▀[0m
[0m [38;2;74;74;74;48;2;74;74;74m▀[38;2;255;255;255;48;2;255;255;255m▀▀[38;2;74;74;74m▀[38;2;0;0;0;48;2;74;74;74m▀[38;2;74;74;74;48;2;197;197;205m▀[38;2;255;255;255;48;2;255;255;255m▀[38;2;139;90;49;48;2;139;90;49m▀[38;2;197;148;41m▀▀[38;2;139;90;49m▀▀[38;2;74;74;74;48;2;74;74;74m▀[38;2;255;255;255;48;2;255;255;255m▀▀[38;2;74;74;74;48;2;74;74;74m▀[38;2;0;0;0;48;2;0;0;0m▀[38;2;74;74;74;48;2;74;74;74m▀[38;2;255;255;255;48;2;255;255;255m▀▀▀[48;2;197;197;205m▀[38;2;0;0;0;48;2;0;0;0m▀[0m
[0m [38;2;74;74;74m▀[38;2;255;255;255;48;2;74;74;74m▀[48;2;255;255;255m▀[48;2;139;139;156m▀[48;2;255;255;255m▀[48;2;139;139;156m▀[48;2;255;255;255m▀▀[38;2;74;74;74m▀▀▀▀[38;2;255;255;255m▀▀▀[38;2;197;197;205m▀[38;2;74;74;74m▀[38;2;255;255;255m▀[48;2;197;197;205m▀▀[38;2;197;197;205m▀[48;2;74;74;74m▀[38;2;0;0;0;49m▀[0m
[0m  [38;2;74;74;74m▀[38;2;197;197;205;48;2;74;74;74m▀[48;2;197;197;205m▀[48;2;139;139;156m▀[48;2;197;197;205m▀[38;2;255;255;255m▀▀[48;2;139;139;156m▀[38;2;139;139;156m▀[38;2;74;74;74;48;2;197;197;205m▀[38;2;255;255;255;48;2;74;74;74m▀[48;2;197;197;205m▀▀[38;2;197;197;205m▀[38;2;139;139;156m▀[38;2;197;197;205m▀[38;2;139;139;156m▀[38;2;197;197;205m▀▀[48;2;74;74;74m▀[38;2;0;0;0;49m▀[0m
[0m    [38;2;74;74;74m▀[38;2;197;197;205;48;2;74;74;74m▀▀[48;2;197;197;205m▀▀[38;2;74;74;74m▀[38;2;197;197;205m▀▀▀[38;2;74;74;74m▀[38;2;197;197;205m▀▀▀[38;2;139;139;156m▀[38;2;197;197;205;48;2;32;90;98m▀▀[38;2;139;139;156m▀[38;2;0;0;0;49m▀[0m
[38;2;139;139;156;49m▄[48;2;255;255;255m▀▀▀[38;2;32;90;98;48;2;32;90;98m▀[38;2;41;189;197;48;2;41;189;197m▀[38;2;32;148;156m▀[38;2;139;139;156;48;2;32;90;98m▀[38;2;32;90;98;48;2;41;189;197m▀▀[38;2;197;197;205;48;2;32;90;98m▀[48;2;197;197;205m▀[48;2;32;90;98m▀[38;2;32;90;98;48;2;32;148;156m▀▀▀[38;2;197;197;205;48;2;32;90;98m▀[38;2;32;90;98;48;2;32;148;156m▀[38;2;32;148;156m▀▀[48;2;32;90;98m▀[38;2;32;90;98;48;2;74;74;74m▀[38;2;74;74;74;49m▄[0m
[38;2;139;139;156;49m▀[38;2;255;255;255;48;2;0;0;0m▀▀[48;2;255;255;255m▀▀[38;2;32;90;98m▀[38;2;41;189;197;48;2;41;189;197m▀▀▀▀▀[38;2;32;90;98m▀▀[38;2;32;148;156m▀▀▀[48;2;32;148;156m▀▀▀[38;2;139;139;156;48;2;255;255;255m▀[38;2;255;255;255m▀▀▀[38;2;139;139;156m▀[38;2;0;0;0m▀[49m▄[0m
[0m   [38;2;0;0;0m▀▀▀[38;2;32;90;98;48;2;32;90;98m▀[38;2;41;189;197;48;2;41;189;197m▀[48;2;139;90;49m▀[48;2;238;205;131m▀[38;2;139;90;49;48;2;197;148;41m▀[48;2;238;205;131m▀▀[38;2;41;189;197;48;2;197;148;41m▀[48;2;139;90;49m▀[48;2;41;189;197m▀▀▀▀[38;2;139;139;156;48;2;32;90;98m▀[38;2;255;255;255;48;2;74;74;74m▀[48;2;0;0;0m▀▀▀[38;2;139;139;156m▀[38;2;0;0;0;49m▀[0m
[0m     [38;2;0;0;0;48;2;0;0;0m▀[38;2;41;189;197;48;2;41;189;197m▀[38;2;139;90;49;48;2;139;90;49m▀[38;2;238;205;131;48;2;238;205;131m▀[38;2;197;148;41;48;2;197;148;41m▀[38;2;238;205;131;48;2;238;205;131m▀▀[38;2;197;148;41;48;2;197;148;41m▀[38;2;238;205;131;48;2;238;205;131m▀▀[38;2;139;90;49;48;2;139;90;49m▀[38;2;41;189;197;48;2;41;189;197m▀▀▀▀[38;2;32;90;98;48;2;32;90;98m▀[0m   [38;2;46;65;98m▄▄▄[0m
[0m     [38;2;0;0;0;48;2;0;0;0m▀[38;2;41;189;197;48;2;41;189;197m▀[38;2;139;90;49m▀[38;2;197;148;41m▀[48;2;74;74;74m▀[38;2;238;205;131;48;2;238;205;131m▀▀[38;2;197;148;41;48;2;74;74;74m▀[38;2;238;205;131;48;2;139;90;49m▀[38;2;139;90;49;48;2;41;189;197m▀▀[38;2;41;189;197m▀[48;2;32;148;156m▀▀[38;2;32;148;156m▀[38;2;0;0;0;48;2;0;0;0m▀[49m▄[48;2;46;65;98m▀▀[38;2;74;106;172m▀[48;2;74;106;172m▀[38;2;46;65;98m▀▀[38;2;0;0;0;49m▄[0m
[0m      [38;2;0;0;0;48;2;0;0;0m▀[38;2;32;148;156;48;2;32;148;156m▀[38;2;41;189;197m▀[38;2;139;90;49m▀▀▀▀[38;2;41;189;197m▀▀[38;2;32;148;156m▀▀▀▀[38;2;0;0;0;48;2;0;0;0m▀[38;2;46;65;98;48;2;46;65;98m▀▀▀▀▀[48;2;0;0;0m▀▀[38;2;74;106;172m▀[38;2;0;0;0;49m▀[0m
[0m     [38;2;46;65;98m▄▄[38;2;0;0;0;48;2;74;106;172m▀[38;2;32;148;156;48;2;46;65;98m▀▀[48;2;32;148;156m▀▀▀▀▀▀[48;2;0;0;0m▀▀[38;2;0;0;0;48;2;46;65;98m▀[38;2;46;65;98;49m▀[38;2;0;0;0m▀▀▀[0m
[0m    [38;2;46;65;98;48;2;0;0;0m▀[38;2;74;106;172;48;2;46;65;98m▀[48;2;74;106;172m▀[48;2;46;65;98m▀[48;2;74;106;172m▀[48;2;46;65;98m▀[38;2;46;65;98;49m▀[38;2;0;0;0m▀▀▀▀[38;2;46;65;98;48;2;0;0;0m▀[48;2;46;65;98m▀[48;2;74;106;172m▀▀[38;2;0;0;0m▀[49m▄[0m
[0m     [38;2;0;0;0m▀▀▀▀[0m      [38;2;0;0;0m▀[38;2;74;106;172;48;2;0;0;0m▀[38;2;46;65;98m▀[38;2;74;106;172m▀[38;2;46;65;98m▀[38;2;0;0;0;49m▀[0m
