[0m                  [38;2;49;90;115;48;2;49;90;115m▀[38;2;0;0;0;48;2;82;189;189m▀[49m▄[0m
[0m                  [38;2;49;90;115;48;2;49;90;115m▀[38;2;82;189;189;48;2;82;189;189m▀[38;2;0;0;0m▀[49m▄[0m
[0m                 [38;2;49;90;115;48;2;49;90;115m▀[48;2;82;189;189m▀[38;2;82;189;189;48;2;49;90;115m▀[48;2;82;189;189m▀[38;2;0;0;0m▀[49m▄[0m
[0m                 [38;2;49;90;115;48;2;49;90;115m▀[38;2;82;189;189;48;2;82;189;189m▀▀▀▀[38;2;0;0;0;48;2;0;0;0m▀[0m
[0m       [38;2;0;0;0m▄▄▄[0m  [38;2;49;90;115m▄▄▄[48;2;82;189;189m▀▀▀▀▀[38;2;82;189;189;48;2;49;90;115m▀▀[48;2;82;189;189m▀[38;2;0;0;0;48;2;0;0;0m▀[0m
[0m      [38;2;0;0;0;48;2;0;0;0m▀[38;2;73;73;73;48;2;73;73;73m▀▀[48;2;49;90;115m▀[38;2;49;90;115;48;2;82;189;189m▀▀[38;2;82;189;189m▀▀▀▀▀▀▀▀▀▀[38;2;49;90;115m▀▀[38;2;0;0;0;48;2;73;73;73m▀▀▀[49m▄[0m
[0m      [38;2;0;0;0;48;2;0;0;0m▀[38;2;73;73;73;48;2;49;90;115m▀[38;2;49;90;115;48;2;82;189;189m▀[38;2;82;189;189m▀▀▀▀▀▀▀▀▀▀▀▀▀▀▀[38;2;73;73;73m▀[48;2;73;73;73m▀▀[38;2;0;0;0;48;2;0;0;0m▀[0m
[0m  [38;2;73;73;73m▄▄[0m  [38;2;49;90;115m▄[48;2;82;189;189m▀[38;2;82;189;189m▀[38;2;49;90;115m▀[38;2;82;189;189;48;2;49;90;115m▀[48;2;82;189;189m▀▀▀▀▀▀▀▀▀▀▀▀▀▀[38;2;73;73;73m▀[38;2;0;0;0;48;2;0;0;0m▀[0m
[0m  [38;2;73;73;73m▀[38;2;255;255;255;48;2;73;73;73m▀[38;2;73;73;73;48;2;255;255;255m▀▀[38;2;49;90;115;48;2;73;73;73m▀[38;2;82;189;189;48;2;82;189;189m▀▀▀[38;2;32;139;148;48;2;0;0;0m▀[38;2;255;255;255m▀[38;2;0;0;0;48;2;82;189;189m▀[38;2;82;189;189m▀▀▀▀▀[48;2;0;0;0m▀[48;2;255;255;255m▀[38;2;0;0;0;48;2;49;90;115m▀[48;2;82;189;189m▀[38;2;82;189;189m▀▀▀▀▀[38;2;0;0;0;48;2;0;0;0m▀[38;2;73;73;73;49m▄[48;2;255;255;255m▀▀[49m▄[0m
[0m     [38;2;73;73;73m▀[38;2;255;255;255;48;2;73;73;73m▀[38;2;73;73;73;48;2;255;255;255m▀▀[38;2;82;189;189;48;2;73;73;73m▀[38;2;49;90;115;48;2;82;189;189m▀[38;2;0;0;0;48;2;49;90;115m▀[38;2;82;189;189;48;2;82;189;189m▀[48;2;197;82;90m▀▀[48;2;32;139;148m▀[48;2;82;189;189m▀▀▀[38;2;0;0;0;48;2;0;0;0m▀[48;2;49;90;115m▀[38;2;82;189;189;48;2;82;189;189m▀▀▀[48;2;73;73;73m▀[38;2;73;73;73;48;2;255;255;255m▀▀[38;2;255;255;255;48;2;73;73;73m▀▀[38;2;73;73;73;49m▀▀[0m
[0m    [38;2;73;73;73m▄▄[38;2;49;90;115;48;2;255;255;255m▀[38;2;32;139;148m▀[38;2;255;255;255;48;2;32;139;148m▀▀[38;2;82;189;189m▀[48;2;82;189;189m▀▀[38;2;115;57;57m▀▀▀[38;2;82;189;189m▀▀▀▀▀▀[48;2;255;255;255m▀[38;2;255;255;255m▀[48;2;73;73;73m▀[38;2;73;73;73;48;2;32;139;148m▀[48;2;0;0;0m▀[38;2;0;0;0;49m▀[0m
[0m [38;2;73;73;73m▄[48;2;255;255;255m▀▀[38;2;255;255;255;48;2;73;73;73m▀▀[38;2;73;73;73;49m▀[38;2;0;0;0m▀[38;2;49;90;115;48;2;0;0;0m▀[38;2;32;139;148;48;2;32;139;148m▀▀▀[38;2;73;73;73m▀[38;2;255;255;255;48;2;49;90;115m▀[38;2;0;0;0;48;2;197;82;90m▀▀▀▀[38;2;255;255;255m▀[38;2;115;57;57;48;2;0;0;0m▀[38;2;82;189;189;48;2;32;139;148m▀[38;2;32;139;148m▀▀[38;2;73;73;73m▀[38;2;255;255;255m▀[48;2;73;73;73m▀[38;2;73;73;73;48;2;255;255;255m▀▀[49m▄▄[0m
[0m  [38;2;73;73;73m▀▀[0m     [38;2;0;0;0m▀▀[38;2;32;139;148;48;2;0;0;0m▀▀[48;2;32;139;148m▀[38;2;49;90;115m▀[38;2;197;82;90;48;2;49;90;115m▀[48;2;0;0;0m▀▀[38;2;115;57;57;48;2;32;139;148m▀[38;2;32;139;148m▀▀▀[48;2;0;0;0m▀▀[38;2;0;0;0;49m▀▀[38;2;73;73;73m▀▀[38;2;255;255;255;48;2;73;73;73m▀▀[38;2;73;73;73;49m▀[0m
[0m             [38;2;0;0;0m▀[48;2;0;0;0m▀[38;2;32;139;148;48;2;32;139;148m▀▀▀▀[38;2;0;0;0m▀▀▀[49m▄▄▄[0m
[0m            [38;2;49;90;115m▄[38;2;0;0;0;48;2;32;139;148m▀[38;2;32;139;148m▀▀▀▀▀▀[48;2;82;189;189m▀[48;2;32;139;148m▀▀▀▀[38;2;0;0;0m▀▀▀[49m▄▄▄[48;2;73;73;73m▀▀[48;2;0;0;0m▀[0m
[0m           [38;2;49;90;115m▄[48;2;82;189;189m▀[38;2;82;189;189m▀▀[38;2;32;139;148m▀[48;2;0;0;0m▀[48;2;82;189;189m▀▀[38;2;82;189;189m▀▀[38;2;0;0;0;48;2;0;0;0m▀[38;2;32;139;148;48;2;32;139;148m▀▀▀▀▀▀[48;2;73;73;73m▀[38;2;73;73;73m▀▀▀▀[38;2;0;0;0m▀[48;2;0;0;0m▀[0m
[0m          [38;2;49;90;115m▄[48;2;82;189;189m▀[38;2;82;189;189m▀▀▀▀▀[38;2;0;0;0;48;2;0;0;0m▀[38;2;82;189;189;48;2;82;189;189m▀▀▀▀[38;2;0;0;0;48;2;0;0;0m▀[49m▀▀▀▀▀[38;2;73;73;73;48;2;0;0;0m▀▀[48;2;73;73;73m▀[48;2;0;0;0m▀[38;2;0;0;0;49m▀▀[0m
[0m   [38;2;0;0;0m▄▄▄▄▄▄[0m [38;2;49;90;115;48;2;0;0;0m▀[38;2;32;139;148;48;2;41;57;106m▀[38;2;82;189;189;48;2;0;0;0m▀[48;2;82;189;189m▀▀▀▀▀[38;2;0;0;0m▀[38;2;82;189;189;48;2;0;0;0m▀[48;2;82;189;189m▀▀[38;2;0;0;0;48;2;0;0;0m▀[48;2;49;82;139m▀[49m▄▄[0m    [38;2;0;0;0m▀▀[0m
[38;2;0;0;0;49m▄[48;2;73;73;73m▀▀[38;2;73;73;73m▀▀▀▀[48;2;0;0;0m▀[38;2;0;0;0;48;2;238;213;139m▀[48;2;197;148;41m▀[38;2;49;82;139;48;2;41;57;106m▀[48;2;49;82;139m▀▀[38;2;0;0;0m▀[38;2;82;189;189;48;2;0;0;0m▀[48;2;82;189;189m▀▀[48;2;73;73;73m▀[38;2;73;73;73m▀[38;2;0;0;0m▀[38;2;82;189;189;48;2;0;0;0m▀[38;2;41;57;106m▀[38;2;49;82;139m▀[38;2;41;57;106;48;2;123;90;16m▀[38;2;238;213;139;48;2;238;213;139m▀[48;2;123;90;16m▀[38;2;0;0;0;48;2;238;213;139m▀[49m▄[0m
[38;2;0;0;0;49m▀[38;2;73;73;73;48;2;0;0;0m▀▀[48;2;73;73;73m▀▀[48;2;0;0;0m▀[38;2;0;0;0;48;2;123;90;16m▀[38;2;238;213;139m▀[48;2;197;148;41m▀[48;2;238;213;139m▀[38;2;0;0;0;48;2;0;0;0m▀[38;2;49;82;139;48;2;49;82;139m▀▀▀▀[38;2;0;0;0m▀[38;2;82;189;189m▀[38;2;73;73;73;48;2;0;0;0m▀[48;2;73;73;73m▀▀▀▀[38;2;0;0;0;48;2;49;82;139m▀[38;2;123;90;16m▀[48;2;123;90;16m▀[38;2;238;213;139;48;2;197;148;41m▀[48;2;238;213;139m▀▀[38;2;0;0;0;48;2;123;90;16m▀[0m
[0m   [38;2;0;0;0m▀[38;2;73;73;73;48;2;0;0;0m▀[38;2;0;0;0;48;2;197;148;41m▀[38;2;238;213;139m▀[48;2;238;213;139m▀▀[38;2;123;90;16;48;2;197;148;41m▀[48;2;238;213;139m▀[38;2;0;0;0;48;2;0;0;0m▀[38;2;49;82;139;48;2;49;82;139m▀▀▀▀▀[38;2;0;0;0m▀[38;2;73;73;73;48;2;0;0;0m▀[48;2;73;73;73m▀[48;2;0;0;0m▀▀[38;2;0;0;0m▀[38;2;49;82;139;48;2;49;82;139m▀[38;2;238;213;139;48;2;0;0;0m▀[38;2;123;90;16;48;2;197;148;41m▀[38;2;197;148;41;48;2;123;90;16m▀[38;2;123;90;16;48;2;197;148;41m▀[38;2;238;213;139m▀[38;2;0;0;0;48;2;0;0;0m▀[0m
[0m    [38;2;0;0;0;48;2;0;0;0m▀[38;2;123;90;16;48;2;197;148;41m▀▀▀[38;2;197;148;41;48;2;123;90;16m▀[38;2;0;0;0;48;2;0;0;0m▀[38;2;238;213;139m▀[38;2;0;0;0;48;2;41;57;106m▀[38;2;49;82;139m▀[48;2;49;82;139m▀▀▀▀▀[38;2;0;0;0m▀▀[38;2;49;82;139m▀▀▀▀▀[38;2;0;0;0m▀[38;2;41;57;106m▀[38;2;0;0;0m▀[48;2;41;57;106m▀[38;2;41;57;106m▀[38;2;0;0;0m▀[48;2;0;0;0m▀[0m
[0m  [38;2;0;0;0;48;2;0;0;0m▀[48;2;41;57;106m▀▀[38;2;123;90;16;48;2;0;0;0m▀[38;2;197;148;41m▀[38;2;0;0;0;48;2;41;57;106m▀▀[38;2;41;57;106m▀▀▀▀▀▀[48;2;0;0;0m▀▀[38;2;0;0;0;48;2;32;139;148m▀[38;2;49;82;139;48;2;0;0;0m▀▀[48;2;41;57;106m▀▀▀▀[38;2;41;57;106m▀▀▀▀▀[48;2;0;0;0m▀[38;2;0;0;0;49m▀[0m
[0m   [38;2;0;0;0m▀[38;2;41;57;106;48;2;0;0;0m▀[48;2;41;57;106m▀▀▀▀▀▀[48;2;0;0;0m▀▀[38;2;0;0;0;48;2;32;139;148m▀▀[38;2;32;139;148m▀▀▀▀▀[38;2;0;0;0m▀▀[38;2;41;57;106;48;2;0;0;0m▀▀▀▀▀[38;2;0;0;0;48;2;32;139;148m▀[48;2;0;0;0m▀[0m
[0m   [38;2;0;0;0m▀[38;2;41;57;106;48;2;0;0;0m▀▀▀▀[38;2;0;0;0;48;2;32;139;148m▀▀▀[38;2;32;139;148m▀[48;2;0;0;0m▀▀▀▀▀[38;2;0;0;0;49m▀▀▀▀▀[38;2;32;139;148;48;2;0;0;0m▀[48;2;73;73;73m▀[48;2;32;139;148m▀▀[48;2;0;0;0m▀[38;2;0;0;0;49m▀[0m
[0m     [38;2;0;0;0m▄[48;2;73;73;73m▀[38;2;32;139;148;48;2;32;139;148m▀▀[48;2;0;0;0m▀[38;2;0;0;0;49m▀▀[0m         [38;2;0;0;0m▄[48;2;73;73;73m▀[38;2;73;73;73m▀▀▀[38;2;0;0;0m▀▀[38;2;73;73;73;49m▄[38;2;0;0;0m▄▄[0m
[0m [38;2;0;0;0m▄[38;2;73;73;73m▄[38;2;0;0;0;48;2;73;73;73m▀▀[38;2;73;73;73m▀▀▀▀[38;2;0;0;0;48;2;0;0;0m▀[0m           [38;2;0;0;0m▀▀▀[38;2;73;73;73;48;2;0;0;0m▀▀▀[38;2;0;0;0m▀[38;2;73;73;73m▀▀[38;2;0;0;0;49m▀[0m
[0m [38;2;0;0;0m▀[38;2;73;73;73;48;2;0;0;0m▀[38;2;0;0;0m▀[38;2;73;73;73m▀[38;2;0;0;0m▀[38;2;73;73;73m▀[38;2;0;0;0;49m▀▀[0m
