[0m [38;2;0;0;0;48;2;0;0;0m▀[38;2;123;98;65;48;2;213;197;123m▀[49m▄[0m
[0m  [38;2;123;98;65;48;2;0;0;0m▀[38;2;213;197;123;48;2;213;197;123m▀[38;2;123;98;65m▀[49m▄[0m
[0m   [38;2;0;0;0;48;2;0;0;0m▀[38;2;213;197;123;48;2;172;148;90m▀[48;2;213;197;123m▀[38;2;123;98;65m▀[49m▄[38;2;0;0;0m▄[0m
[0m    [38;2;0;0;0m▀[38;2;213;197;123;48;2;0;0;0m▀[48;2;213;197;123m▀▀[38;2;172;148;90m▀[38;2;0;0;0m▀[49m▄▄[38;2;123;98;65m▄[48;2;213;197;123m▀▀[38;2;0;0;0;48;2;0;0;0m▀[0m
[0m    [38;2;123;98;65m▄[38;2;0;0;0;48;2;213;197;123m▀[38;2;213;197;123m▀▀▀▀▀▀▀[48;2;172;148;90m▀[38;2;0;0;0;48;2;0;0;0m▀[0m
[0m    [38;2;123;98;65m▀[38;2;0;0;0m▀▀▀▀[38;2;213;197;123;48;2;0;0;0m▀[48;2;213;197;123m▀▀▀[38;2;0;0;0m▀[49m▄▄[0m
[0m          [38;2;0;0;0;48;2;0;0;0m▀[38;2;213;197;123;48;2;123;98;65m▀[48;2;213;197;123m▀▀▀[38;2;172;148;90m▀[38;2;0;0;0m▀[38;2;123;98;65;49m▄▄▄▄▄[0m         [38;2;123;98;65m▄[48;2;213;197;123m▀[38;2;0;0;0;49m▄[0m
[0m           [38;2;0;0;0m▀[38;2;213;197;123;48;2;0;0;0m▀[48;2;213;197;123m▀▀▀▀▀[48;2;255;255;255m▀▀[48;2;213;197;123m▀▀[38;2;123;98;65m▀▀[49m▄[38;2;74;74;74m▄[48;2;255;255;255m▀[49m▄[0m  [38;2;123;98;65;48;2;123;98;65m▀[38;2;213;197;123;48;2;213;197;123m▀▀[38;2;0;0;0;48;2;0;0;0m▀[0m
[0m           [38;2;123;98;65;48;2;123;98;65m▀[38;2;0;0;0;48;2;213;197;123m▀[38;2;213;197;123m▀▀▀▀▀▀▀▀▀▀▀[48;2;74;74;74m▀[38;2;74;74;74;48;2;255;255;255m▀[38;2;255;255;255m▀[38;2;74;74;74;48;2;74;74;74m▀[38;2;123;98;65;49m▄[38;2;0;0;0;48;2;123;98;65m▀[38;2;213;197;123;48;2;213;197;123m▀▀▀[38;2;0;0;0;48;2;0;0;0m▀[0m     [38;2;123;98;65m▄[38;2;0;0;0m▄[0m
[0m [38;2;131;164;164m▄[48;2;255;255;255m▀[38;2;74;74;74;49m▄[0m      [38;2;123;98;65;48;2;123;98;65m▀[38;2;213;197;123;48;2;213;197;123m▀▀[48;2;0;0;0m▀[48;2;32;57;98m▀[38;2;172;148;90m▀[38;2;123;98;65;48;2;0;0;0m▀[48;2;131;164;164m▀[48;2;255;255;255m▀[38;2;213;197;123;48;2;0;0;0m▀▀[48;2;213;197;123m▀▀[48;2;74;74;74m▀[38;2;74;74;74;48;2;255;255;255m▀[38;2;255;255;255m▀[48;2;131;164;164m▀[38;2;74;74;74;48;2;213;197;123m▀[38;2;213;197;123m▀[38;2;123;98;65;48;2;172;148;90m▀[48;2;213;197;123m▀▀▀[38;2;0;0;0;48;2;123;98;65m▀[38;2;123;98;65;49m▄[0m   [38;2;123;98;65;48;2;123;98;65m▀[38;2;213;197;123;48;2;213;197;123m▀[38;2;0;0;0;48;2;0;0;0m▀[0m
[38;2;131;164;164;49m▄[48;2;255;255;255m▀[38;2;255;255;255m▀[38;2;74;74;74m▀[49m▄[38;2;0;0;0m▄[38;2;32;57;98;48;2;213;82;98m▀▀[48;2;32;90;156m▀▀▀▀[38;2;32;90;156m▀▀[38;2;0;0;0m▀[48;2;255;255;255m▀[38;2;213;82;98;48;2;0;0;0m▀[48;2;213;82;98m▀[38;2;255;255;255;48;2;0;0;0m▀[38;2;0;0;0;48;2;172;148;90m▀[38;2;213;197;123;48;2;74;74;74m▀[38;2;0;0;0;48;2;255;255;255m▀[38;2;74;74;74m▀[38;2;255;255;255m▀▀[48;2;131;164;164m▀[38;2;131;164;164;48;2;255;255;255m▀[38;2;213;197;123;48;2;213;197;123m▀[48;2;172;148;90m▀[38;2;172;148;90;48;2;213;197;123m▀[38;2;213;197;123m▀▀▀▀▀[38;2;0;0;0;48;2;123;98;65m▀[0m [38;2;123;98;65;48;2;123;98;65m▀[38;2;213;197;123;48;2;213;197;123m▀▀[38;2;0;0;0;48;2;0;0;0m▀[0m
[38;2;131;164;164;49m▀[38;2;255;255;255;48;2;131;164;164m▀[48;2;255;255;255m▀▀▀[38;2;0;0;0;48;2;74;74;74m▀[38;2;213;82;98;48;2;0;0;0m▀[38;2;32;57;98;48;2;32;90;156m▀[38;2;32;90;156m▀▀▀▀▀[48;2;255;255;255m▀▀▀▀▀[38;2;0;0;0m▀[38;2;255;255;255m▀▀▀▀▀[48;2;131;164;164m▀[38;2;131;164;164;48;2;255;255;255m▀[38;2;255;255;255m▀[38;2;213;197;123;48;2;172;148;90m▀[38;2;172;148;90;48;2;213;197;123m▀[38;2;213;197;123m▀▀▀▀▀▀▀[38;2;0;0;0m▀[38;2;213;197;123;48;2;0;0;0m▀▀[48;2;213;197;123m▀[38;2;0;0;0;48;2;0;0;0m▀[0m
[0m [38;2;131;164;164m▀[38;2;255;255;255;48;2;131;164;164m▀[48;2;255;255;255m▀▀▀[38;2;0;0;0m▀[38;2;32;90;156;48;2;0;0;0m▀[48;2;32;57;98m▀[48;2;0;0;0m▀▀[48;2;32;57;98m▀[48;2;32;90;156m▀▀[38;2;255;255;255m▀[48;2;131;164;164m▀[48;2;255;255;255m▀▀▀▀▀▀▀▀▀▀[48;2;172;148;90m▀[38;2;172;148;90;48;2;213;197;123m▀[38;2;213;197;123m▀▀▀▀▀▀▀▀▀[38;2;172;148;90;48;2;172;148;90m▀[38;2;213;197;123;48;2;213;197;123m▀[38;2;0;0;0m▀[48;2;0;0;0m▀[0m       [38;2;74;74;74m▄[48;2;197;197;205m▀[48;2;0;0;0m▀[0m
[0m [38;2;74;74;74m▄[48;2;255;255;255m▀[38;2;131;164;164m▀[38;2;255;255;255m▀▀▀▀[38;2;0;0;0m▀[38;2;32;90;156;48;2;0;0;0m▀▀[48;2;32;90;156m▀[38;2;0;0;0m▀[48;2;32;57;98m▀[38;2;255;255;255;48;2;32;90;156m▀[48;2;255;255;255m▀[38;2;131;164;164m▀▀[38;2;255;255;255;48;2;131;164;164m▀▀▀▀▀[48;2;32;57;98m▀[38;2;131;164;164m▀[38;2;74;74;74m▀[38;2;213;197;123;48;2;74;74;74m▀[48;2;213;197;123m▀▀▀▀▀▀▀▀▀[38;2;172;148;90;48;2;172;148;90m▀[38;2;213;197;123;48;2;213;197;123m▀▀▀[38;2;0;0;0m▀[49m▄[0m   [38;2;74;74;74m▄▄[48;2;197;197;205m▀[38;2;197;197;205m▀[48;2;74;74;74m▀[38;2;0;0;0;49m▀[0m
[0m  [38;2;74;74;74m▀▀[38;2;255;255;255;48;2;74;74;74m▀▀▀[38;2;74;74;74;49m▀▀[0m  [38;2;0;0;0;48;2;74;74;74m▀[38;2;32;57;98;48;2;255;255;255m▀[38;2;32;90;156m▀[38;2;255;255;255m▀▀▀▀▀▀▀▀▀▀[38;2;74;74;74m▀▀[38;2;32;57;98;48;2;74;74;74m▀[38;2;213;197;123m▀▀▀[48;2;213;197;123m▀▀▀▀▀[38;2;172;148;90;48;2;172;148;90m▀[38;2;213;197;123;48;2;213;197;123m▀▀▀[48;2;74;74;74m▀▀[38;2;0;0;0m▀[38;2;74;74;74;49m▄[48;2;197;197;205m▀▀[38;2;197;197;205m▀▀▀[48;2;0;0;0m▀[38;2;0;0;0;49m▀[0m
[0m           [38;2;74;74;74;48;2;74;74;74m▀[38;2;255;255;255;48;2;255;255;255m▀▀▀▀▀▀[38;2;0;0;0;48;2;32;57;98m▀[38;2;255;255;255;48;2;0;0;0m▀[48;2;255;255;255m▀▀▀▀▀▀▀▀▀▀[38;2;74;74;74m▀▀▀▀▀▀[48;2;197;197;205m▀▀▀[38;2;197;197;205m▀▀▀▀▀▀▀[48;2;74;74;74m▀[38;2;0;0;0;49m▀[0m                 [38;2;123;98;65m▄▄[0m
[0m          [38;2;74;74;74m▄[38;2;131;164;164;48;2;255;255;255m▀[38;2;255;255;255m▀▀▀[38;2;131;164;164;48;2;131;164;164m▀[38;2;255;255;255;48;2;255;255;255m▀[38;2;74;74;74;48;2;0;0;0m▀[38;2;32;57;98;48;2;32;57;98m▀▀[38;2;0;0;0m▀[38;2;255;255;255;48;2;0;0;0m▀[48;2;255;255;255m▀▀▀[48;2;131;164;164m▀[48;2;255;255;255m▀▀▀▀▀▀▀▀▀[38;2;197;197;205;48;2;197;197;205m▀▀▀▀▀▀▀▀[48;2;74;74;74m▀▀[38;2;74;74;74;49m▀[0m    [38;2;32;57;98m▄▄▄[0m         [38;2;123;98;65m▄[48;2;213;197;123m▀▀[38;2;213;197;123m▀▀[38;2;123;98;65;48;2;123;98;65m▀[0m
[0m          [38;2;74;74;74;48;2;255;255;255m▀[38;2;255;255;255m▀▀[48;2;74;74;74m▀[38;2;131;164;164;49m▀[38;2;255;255;255;48;2;74;74;74m▀[38;2;74;74;74;48;2;172;148;90m▀[38;2;0;0;0m▀[38;2;32;57;98;48;2;0;0;0m▀[48;2;32;57;98m▀▀▀[38;2;0;0;0m▀[38;2;197;197;205;48;2;0;0;0m▀[38;2;255;255;255m▀[48;2;255;255;255m▀[38;2;131;164;164m▀[48;2;0;0;0m▀[38;2;255;255;255m▀▀[48;2;255;255;255m▀▀▀[48;2;197;197;205m▀[38;2;197;197;205m▀▀▀▀▀[48;2;74;74;74m▀[38;2;74;74;74m▀[49m▀▀[0m      [38;2;32;57;98;48;2;32;57;98m▀[38;2;32;90;156;48;2;32;90;156m▀▀▀[38;2;32;57;98m▀▀▀[38;2;0;0;0;49m▄▄▄▄▄[48;2;213;197;123m▀[38;2;213;197;123m▀▀▀▀▀▀[38;2;123;98;65;48;2;123;98;65m▀[38;2;0;0;0;49m▄▄▄[48;2;32;90;156m▀▀▀▀[49m▄[0m
[0m         [38;2;74;74;74;48;2;74;74;74m▀[38;2;255;255;255m▀[38;2;74;74;74;49m▀▀[0m   [38;2;0;0;0;48;2;0;0;0m▀[38;2;172;148;90;48;2;172;148;90m▀[38;2;0;0;0;48;2;0;0;0m▀[38;2;32;57;98;48;2;32;57;98m▀▀▀▀[48;2;32;90;156m▀[38;2;32;90;156m▀[38;2;0;0;0m▀▀▀[38;2;32;90;156m▀▀[38;2;74;74;74m▀[48;2;0;0;0m▀[48;2;172;148;90m▀[38;2;197;197;205;48;2;74;74;74m▀▀▀▀[48;2;197;197;205m▀▀▀▀[38;2;74;74;74m▀▀[49m▄[0m     [38;2;32;57;98;48;2;32;57;98m▀[38;2;32;90;156;48;2;32;90;156m▀▀▀▀▀[38;2;32;57;98;48;2;32;57;98m▀[38;2;131;164;164;48;2;131;164;164m▀▀[48;2;0;0;0m▀[38;2;0;0;0;48;2;123;98;65m▀[38;2;213;197;123;48;2;213;197;123m▀▀[48;2;123;98;65m▀▀[38;2;123;98;65;48;2;131;164;164m▀[38;2;0;0;0m▀▀[38;2;131;164;164;48;2;32;57;98m▀[38;2;32;57;98;48;2;32;90;156m▀[38;2;32;90;156m▀▀▀▀▀▀[48;2;0;0;0m▀[38;2;0;0;0;49m▀[0m
[0m                 [38;2;0;0;0m▀[38;2;172;148;90;48;2;0;0;0m▀[38;2;0;0;0m▀[38;2;32;57;98;48;2;32;90;156m▀▀[38;2;32;90;156m▀▀▀▀▀▀▀▀▀[38;2;0;0;0m▀[38;2;172;148;90;48;2;0;0;0m▀[48;2;172;148;90m▀▀▀▀[38;2;74;74;74;48;2;0;0;0m▀[48;2;172;148;90m▀▀[48;2;123;98;65m▀[49m▀▀[0m      [38;2;0;0;0;48;2;0;0;0m▀[38;2;32;90;156;48;2;32;57;98m▀▀▀▀[38;2;0;0;0;48;2;0;0;0m▀[38;2;131;164;164;48;2;90;115;115m▀▀[48;2;0;0;0m▀[38;2;0;0;0;48;2;213;197;123m▀[38;2;213;197;123;48;2;123;98;65m▀[38;2;123;98;65;48;2;131;164;164m▀▀[38;2;131;164;164m▀▀[48;2;0;0;0m▀▀[38;2;32;57;98;48;2;32;90;156m▀[38;2;32;90;156m▀▀▀▀▀▀[48;2;0;0;0m▀[38;2;0;0;0;49m▀[0m
[0m                   [38;2;0;0;0;48;2;0;0;0m▀[38;2;32;90;156;48;2;32;90;156m▀▀▀▀▀▀▀▀▀▀▀▀▀[38;2;172;148;90;48;2;0;0;0m▀▀[38;2;0;0;0m▀[48;2;172;148;90m▀[38;2;172;148;90m▀▀▀[38;2;123;98;65m▀[49m▄[0m        [38;2;0;0;0;48;2;0;0;0m▀[38;2;32;57;98;48;2;32;57;98m▀▀▀[38;2;0;0;0;48;2;0;0;0m▀[38;2;90;115;115;48;2;90;115;115m▀▀▀[48;2;0;0;0m▀▀▀▀[38;2;0;0;0;48;2;32;57;98m▀▀[38;2;32;57;98m▀▀▀▀[38;2;32;90;156m▀[48;2;0;0;0m▀[38;2;32;57;98m▀[38;2;0;0;0;49m▀▀[0m
[0m                   [38;2;0;0;0;48;2;0;0;0m▀[38;2;32;90;156;48;2;32;90;156m▀▀▀▀▀▀▀▀▀▀▀▀▀▀[38;2;0;0;0m▀[49m▄▀▀[38;2;172;148;90;48;2;0;0;0m▀▀▀[38;2;123;98;65;48;2;123;98;65m▀[0m        [38;2;0;0;0m▀[38;2;32;57;98;48;2;0;0;0m▀[48;2;32;57;98m▀▀[48;2;0;0;0m▀[38;2;0;0;0;48;2;32;57;98m▀▀▀[38;2;32;57;98m▀▀▀▀▀▀[48;2;0;0;0m▀▀▀[38;2;0;0;0;49m▀▀[0m
[0m                   [38;2;0;0;0;48;2;32;57;98m▀[38;2;32;90;156;48;2;32;90;156m▀▀▀▀▀▀▀▀▀▀▀▀▀▀▀▀[38;2;32;57;98m▀[49m▄[38;2;0;0;0m▄[0m [38;2;123;98;65m▄[38;2;0;0;0m▄[0m  [38;2;32;57;98m▄▄[48;2;32;90;156m▀▀▀▀[38;2;0;0;0m▀[38;2;32;57;98;48;2;0;0;0m▀▀[48;2;32;57;98m▀▀[48;2;0;0;0m▀▀▀▀▀▀[38;2;0;0;0;49m▀▀▀[0m
[0m              [38;2;123;98;65m▄[48;2;213;197;123m▀[49m▄[0m [38;2;0;0;0;48;2;0;0;0m▀[38;2;32;90;156;48;2;32;90;156m▀▀▀▀▀▀▀▀▀[48;2;32;57;98m▀▀[48;2;32;90;156m▀▀▀▀▀▀▀▀▀[38;2;0;0;0m▀[38;2;123;98;65;48;2;123;98;65m▀[38;2;213;197;123;48;2;213;197;123m▀[38;2;0;0;0;48;2;0;0;0m▀[38;2;32;57;98;48;2;32;90;156m▀[38;2;32;90;156m▀▀▀▀▀▀▀▀▀[38;2;0;0;0m▀▀[49m▄[0m
[0m              [38;2;123;98;65;48;2;123;98;65m▀[38;2;213;197;123;48;2;213;197;123m▀[38;2;123;98;65;48;2;0;0;0m▀[38;2;0;0;0;48;2;32;90;156m▀[38;2;32;90;156;48;2;32;57;98m▀[38;2;32;57;98;48;2;131;164;164m▀[38;2;32;90;156;48;2;32;57;98m▀▀[48;2;32;90;156m▀▀[48;2;32;57;98m▀▀[38;2;32;57;98;48;2;131;164;164m▀▀[38;2;131;164;164m▀▀[38;2;32;57;98m▀[38;2;32;90;156;48;2;32;57;98m▀[48;2;32;90;156m▀▀▀▀▀▀▀▀[38;2;123;98;65;48;2;123;98;65m▀[38;2;213;197;123;48;2;213;197;123m▀[38;2;0;0;0m▀[38;2;32;90;156;48;2;0;0;0m▀[48;2;32;90;156m▀▀▀▀▀▀▀▀▀▀▀▀[38;2;0;0;0m▀[49m▄[0m
[0m             [38;2;123;98;65;48;2;123;98;65m▀[38;2;213;197;123;48;2;213;197;123m▀[48;2;32;57;98m▀[38;2;0;0;0;48;2;32;90;156m▀[38;2;32;90;156;48;2;32;57;98m▀[38;2;32;57;98;48;2;131;164;164m▀[38;2;131;164;164m▀▀▀[38;2;32;57;98m▀▀[38;2;131;164;164m▀▀▀▀▀▀▀[38;2;32;57;98m▀[38;2;32;90;156;48;2;32;57;98m▀[48;2;32;90;156m▀[48;2;32;57;98m▀[38;2;32;57;98;48;2;32;90;156m▀[38;2;32;90;156m▀▀▀▀[38;2;123;98;65;48;2;123;98;65m▀[38;2;213;197;123;48;2;213;197;123m▀▀[38;2;0;0;0;48;2;0;0;0m▀[38;2;32;90;156;48;2;32;90;156m▀▀▀▀▀▀▀▀▀▀▀▀▀▀[38;2;0;0;0m▀[49m▄[0m
[0m           [38;2;123;98;65m▄▄[48;2;172;148;90m▀[38;2;213;197;123;48;2;213;197;123m▀[38;2;0;0;0;48;2;0;0;0m▀[38;2;32;90;156;48;2;32;90;156m▀[38;2;32;57;98;48;2;32;57;98m▀[38;2;131;164;164;48;2;131;164;164m▀▀▀▀▀[38;2;90;115;115;48;2;90;115;115m▀[38;2;131;164;164;48;2;131;164;164m▀▀▀▀▀▀▀▀[38;2;32;57;98m▀[38;2;32;90;156;48;2;32;57;98m▀[38;2;32;57;98m▀[38;2;32;90;156;48;2;32;90;156m▀▀[48;2;123;98;65m▀▀[38;2;123;98;65;48;2;213;197;123m▀▀[38;2;213;197;123m▀▀▀[38;2;0;0;0;48;2;0;0;0m▀[38;2;123;98;65;48;2;213;197;123m▀[38;2;32;90;156;48;2;0;0;0m▀[48;2;32;90;156m▀▀▀▀▀▀▀▀▀[48;2;123;98;65m▀▀▀[38;2;0;0;0m▀[49m▄[0m
[0m           [38;2;123;98;65;48;2;123;98;65m▀[38;2;213;197;123;48;2;213;197;123m▀▀[38;2;0;0;0;48;2;0;0;0m▀[38;2;32;90;156;48;2;32;90;156m▀▀[38;2;32;57;98;48;2;32;57;98m▀[38;2;131;164;164;48;2;131;164;164m▀▀▀▀▀[38;2;90;115;115m▀[38;2;131;164;164;48;2;90;115;115m▀[48;2;131;164;164m▀▀▀▀▀▀▀▀[38;2;0;0;0;48;2;0;0;0m▀[38;2;32;90;156;48;2;32;90;156m▀▀[38;2;123;98;65;48;2;123;98;65m▀[38;2;213;197;123;48;2;213;197;123m▀▀[38;2;255;255;255;48;2;255;255;255m▀[38;2;213;197;123;48;2;213;197;123m▀▀▀▀[38;2;172;148;90m▀[38;2;213;197;123m▀[38;2;172;148;90m▀[38;2;0;0;0;48;2;0;0;0m▀[38;2;32;90;156;48;2;32;90;156m▀▀▀▀▀▀[48;2;123;98;65m▀[38;2;123;98;65;48;2;213;197;123m▀[38;2;172;148;90m▀[38;2;213;197;123m▀▀▀[38;2;123;98;65m▀▀[38;2;0;0;0;49m▄[0m
[0m          [38;2;123;98;65m▄[48;2;123;98;65m▀[38;2;213;197;123;48;2;213;197;123m▀[48;2;0;0;0m▀[38;2;0;0;0;48;2;32;90;156m▀[38;2;32;90;156m▀▀▀[38;2;0;0;0;48;2;0;0;0m▀[38;2;131;164;164;48;2;131;164;164m▀▀▀▀▀[38;2;90;115;115m▀[38;2;131;164;164m▀▀▀▀▀▀▀▀[38;2;0;0;0;48;2;0;0;0m▀[38;2;32;90;156;48;2;32;90;156m▀▀▀[38;2;123;98;65;48;2;123;98;65m▀[38;2;213;197;123;48;2;213;197;123m▀[38;2;255;255;255m▀[48;2;255;255;255m▀[38;2;213;197;123;48;2;213;197;123m▀▀▀▀▀▀[38;2;0;0;0;48;2;0;0;0m▀[38;2;32;90;156;48;2;32;90;156m▀▀[48;2;32;57;98m▀[48;2;32;90;156m▀▀▀[38;2;123;98;65m▀[38;2;213;197;123;48;2;123;98;65m▀[38;2;255;255;255;48;2;255;255;255m▀[38;2;213;197;123;48;2;213;197;123m▀▀▀▀▀[38;2;0;0;0;48;2;0;0;0m▀[0m
[0m         [38;2;123;98;65;48;2;123;98;65m▀[38;2;213;197;123;48;2;213;197;123m▀[38;2;123;98;65;48;2;172;148;90m▀[38;2;213;197;123;48;2;0;0;0m▀[38;2;0;0;0;48;2;32;90;156m▀[38;2;32;90;156m▀▀▀▀▀[38;2;0;0;0;48;2;0;0;0m▀[38;2;131;164;164;48;2;90;115;115m▀▀[48;2;32;57;98m▀[38;2;32;57;98;48;2;90;115;115m▀[38;2;90;115;115m▀▀[38;2;32;57;98m▀▀[38;2;90;115;115m▀[38;2;131;164;164;48;2;32;57;98m▀▀[38;2;90;115;115;48;2;90;115;115m▀▀[38;2;0;0;0;48;2;0;0;0m▀[38;2;32;90;156;48;2;32;90;156m▀▀▀▀[38;2;123;98;65m▀[38;2;213;197;123;48;2;172;148;90m▀[38;2;255;255;255m▀[38;2;213;197;123m▀[38;2;172;148;90;48;2;213;197;123m▀▀▀▀[38;2;213;197;123;48;2;172;148;90m▀[38;2;0;0;0;48;2;0;0;0m▀[38;2;32;90;156;48;2;32;57;98m▀[38;2;32;57;98;48;2;90;115;115m▀[38;2;90;115;115m▀[38;2;32;57;98;48;2;32;57;98m▀[38;2;32;90;156;48;2;32;90;156m▀▀▀[38;2;123;98;65m▀[38;2;213;197;123;48;2;123;98;65m▀[38;2;255;255;255;48;2;172;148;90m▀[38;2;213;197;123m▀[38;2;172;148;90;48;2;213;197;123m▀▀▀[38;2;0;0;0m▀[48;2;172;148;90m▀[49m▄[0m
[0m        [38;2;123;98;65m▄[48;2;172;148;90m▀[38;2;172;148;90m▀[48;2;0;0;0m▀[38;2;0;0;0;48;2;32;90;156m▀[38;2;32;90;156;48;2;32;57;98m▀[48;2;32;90;156m▀[48;2;32;57;98m▀▀[38;2;32;57;98m▀▀▀[38;2;0;0;0;48;2;0;0;0m▀[38;2;90;115;115;48;2;90;115;115m▀▀▀▀▀▀▀▀▀▀▀▀▀[38;2;0;0;0;48;2;0;0;0m▀[38;2;32;90;156;48;2;32;90;156m▀▀▀[38;2;123;98;65;48;2;123;98;65m▀[38;2;213;197;123;48;2;213;197;123m▀▀[48;2;255;255;255m▀[48;2;213;197;123m▀▀▀▀▀[38;2;172;148;90m▀[38;2;0;0;0;48;2;0;0;0m▀[38;2;90;115;115m▀▀[38;2;0;0;0;49m▀[48;2;0;0;0m▀[38;2;32;90;156;48;2;32;90;156m▀▀▀[38;2;123;98;65;48;2;123;98;65m▀[38;2;213;197;123;48;2;172;148;90m▀[38;2;255;255;255;48;2;255;255;255m▀[38;2;213;197;123;48;2;213;197;123m▀▀▀▀▀[38;2;0;0;0;48;2;0;0;0m▀[0m
[0m        [38;2;123;98;65;48;2;123;98;65m▀[38;2;172;148;90;48;2;172;148;90m▀[48;2;0;0;0m▀[38;2;0;0;0;48;2;32;57;98m▀[38;2;32;57;98;48;2;32;90;156m▀[38;2;32;90;156;48;2;32;57;98m▀[38;2;32;57;98;48;2;32;90;156m▀[38;2;32;90;156;48;2;32;57;98m▀[38;2;32;57;98m▀▀▀▀▀[38;2;0;0;0m▀▀[38;2;90;115;115;48;2;0;0;0m▀▀[48;2;90;115;115m▀▀▀▀▀▀▀▀▀[38;2;0;0;0m▀[38;2;32;90;156;48;2;0;0;0m▀[48;2;32;90;156m▀▀▀[38;2;123;98;65;48;2;123;98;65m▀[38;2;213;197;123;48;2;213;197;123m▀[38;2;255;255;255m▀[38;2;213;197;123;48;2;255;255;255m▀[48;2;213;197;123m▀▀▀▀▀[38;2;0;0;0;48;2;0;0;0m▀[0m    [38;2;0;0;0;48;2;0;0;0m▀[38;2;32;90;156;48;2;32;90;156m▀▀▀[38;2;123;98;65m▀[38;2;213;197;123;48;2;123;98;65m▀[38;2;255;255;255;48;2;213;197;123m▀[38;2;213;197;123m▀▀[48;2;172;148;90m▀▀[38;2;0;0;0;48;2;0;0;0m▀[49m▄[0m
[0m       [38;2;123;98;65m▄[48;2;123;98;65m▀[38;2;172;148;90m▀[38;2;0;0;0;48;2;0;0;0m▀[38;2;32;57;98;48;2;32;57;98m▀▀▀▀▀▀▀▀▀▀▀▀[48;2;0;0;0m▀[38;2;0;0;0;49m▀▀▀[48;2;0;0;0m▀[38;2;90;115;115m▀▀▀▀▀▀▀[38;2;0;0;0m▀[38;2;32;90;156m▀[48;2;32;90;156m▀▀▀[38;2;123;98;65m▀[38;2;213;197;123;48;2;123;98;65m▀▀[48;2;172;148;90m▀▀[38;2;172;148;90;48;2;213;197;123m▀▀▀[38;2;0;0;0m▀[49m▄[0m    [38;2;0;0;0;48;2;0;0;0m▀[38;2;32;90;156;48;2;32;57;98m▀▀▀[48;2;32;90;156m▀[38;2;123;98;65;48;2;123;98;65m▀[38;2;172;148;90;48;2;213;197;123m▀[48;2;255;255;255m▀[38;2;213;197;123;48;2;213;197;123m▀▀▀[38;2;0;0;0;48;2;172;148;90m▀[49m▄[0m
[0m      [38;2;123;98;65;48;2;123;98;65m▀[38;2;172;148;90;48;2;172;148;90m▀[48;2;0;0;0m▀[38;2;0;0;0;48;2;32;57;98m▀[38;2;32;57;98m▀▀▀▀▀▀▀▀▀▀[48;2;0;0;0m▀▀[38;2;0;0;0;49m▀[0m   [38;2;0;0;0m▄[48;2;123;98;65m▀[38;2;123;98;65;48;2;0;0;0m▀[38;2;32;57;98;48;2;32;57;98m▀▀▀▀▀▀▀[38;2;0;0;0m▀[38;2;32;90;156;48;2;0;0;0m▀[48;2;32;90;156m▀▀▀[48;2;123;98;65m▀[38;2;123;98;65;48;2;213;197;123m▀[38;2;213;197;123m▀[48;2;255;255;255m▀[48;2;213;197;123m▀▀▀▀▀[38;2;0;0;0;48;2;0;0;0m▀[0m    [38;2;0;0;0;48;2;0;0;0m▀[38;2;32;57;98;48;2;32;57;98m▀▀▀▀[38;2;123;98;65m▀[38;2;255;255;255;48;2;123;98;65m▀[48;2;255;255;255m▀[38;2;213;197;123;48;2;172;148;90m▀▀▀[38;2;0;0;0;48;2;0;0;0m▀[0m
[0m     [38;2;123;98;65;48;2;123;98;65m▀[38;2;172;148;90;48;2;172;148;90m▀[48;2;0;0;0m▀[38;2;0;0;0;48;2;32;57;98m▀[38;2;32;57;98m▀▀▀▀▀▀▀▀▀[48;2;0;0;0m▀[38;2;0;0;0;49m▀[0m      [38;2;0;0;0;48;2;0;0;0m▀[48;2;32;57;98m▀[38;2;32;57;98m▀▀▀▀▀▀▀▀[48;2;0;0;0m▀[38;2;0;0;0;49m▀[38;2;32;90;156;48;2;0;0;0m▀[48;2;32;90;156m▀▀[38;2;123;98;65m▀[38;2;213;197;123;48;2;123;98;65m▀[48;2;213;197;123m▀[38;2;255;255;255m▀[38;2;213;197;123;48;2;255;255;255m▀[48;2;213;197;123m▀▀▀▀[38;2;0;0;0;48;2;0;0;0m▀[0m     [38;2;0;0;0m▀[38;2;32;57;98;48;2;0;0;0m▀[48;2;32;57;98m▀▀▀▀[38;2;123;98;65m▀[38;2;172;148;90;48;2;123;98;65m▀▀[38;2;123;98;65;48;2;32;57;98m▀[38;2;0;0;0;48;2;0;0;0m▀[0m
[0m    [38;2;0;0;0m▄[38;2;123;98;65;48;2;0;0;0m▀[38;2;0;0;0;48;2;32;57;98m▀[38;2;32;57;98m▀▀▀▀▀▀▀▀[48;2;0;0;0m▀▀[38;2;0;0;0;49m▀[0m      [38;2;0;0;0m▄[48;2;74;74;74m▀[38;2;74;74;74m▀[38;2;0;0;0;48;2;0;0;0m▀[38;2;32;57;98;48;2;32;57;98m▀▀▀[48;2;0;0;0m▀▀[38;2;0;0;0m▀[49m▀▀[0m  [38;2;0;0;0m▀[38;2;32;90;156;48;2;0;0;0m▀[48;2;32;90;156m▀▀▀[38;2;123;98;65m▀[38;2;213;197;123;48;2;123;98;65m▀[38;2;255;255;255m▀[38;2;123;98;65;48;2;32;90;156m▀▀▀[38;2;213;197;123m▀[38;2;0;0;0;48;2;32;57;98m▀[0m       [38;2;0;0;0m▀[38;2;32;57;98;48;2;0;0;0m▀[48;2;32;57;98m▀▀▀▀▀▀▀[38;2;0;0;0m▀[49m▄[0m
[0m [38;2;0;0;0m▄▄[48;2;74;74;74m▀[48;2;0;0;0m▀[38;2;32;57;98;48;2;32;57;98m▀▀[48;2;0;0;0m▀▀▀[48;2;32;57;98m▀▀[48;2;0;0;0m▀▀[38;2;0;0;0;49m▀[0m          [38;2;0;0;0m▀▀▀▀▀▀[0m         [38;2;0;0;0m▀[38;2;32;90;156;48;2;0;0;0m▀[48;2;32;90;156m▀▀▀▀▀▀▀▀▀[38;2;32;57;98m▀[38;2;0;0;0;49m▄[0m       [38;2;0;0;0m▀[38;2;32;57;98;48;2;0;0;0m▀▀[48;2;32;57;98m▀[48;2;0;0;0m▀[38;2;0;0;0;48;2;74;74;74m▀▀[48;2;0;0;0m▀[48;2;74;74;74m▀▀[49m▄[0m
[38;2;0;0;0;49m▀[38;2;74;74;74;48;2;0;0;0m▀▀▀▀[38;2;0;0;0m▀▀[38;2;74;74;74;48;2;74;74;74m▀▀[48;2;0;0;0m▀[38;2;0;0;0;49m▀▀[0m                              [38;2;0;0;0;48;2;0;0;0m▀[38;2;32;90;156m▀[48;2;32;90;156m▀▀▀▀▀[48;2;0;0;0m▀▀[38;2;0;0;0;48;2;74;74;74m▀▀[49m▄[0m         [38;2;0;0;0m▀▀[38;2;74;74;74;48;2;0;0;0m▀▀▀[38;2;0;0;0m▀[38;2;74;74;74m▀[38;2;0;0;0;49m▀[0m
[0m       [38;2;0;0;0m▀▀[0m                                 [38;2;0;0;0;48;2;0;0;0m▀[38;2;74;74;74;48;2;74;74;74m▀[38;2;0;0;0m▀[48;2;0;0;0m▀[38;2;32;90;156m▀▀[38;2;0;0;0;48;2;74;74;74m▀[38;2;74;74;74m▀▀[38;2;0;0;0m▀[38;2;74;74;74;48;2;0;0;0m▀[38;2;0;0;0;48;2;74;74;74m▀[49m▄[0m
[0m                                           [38;2;0;0;0m▀▀[0m   [38;2;0;0;0m▀▀[38;2;74;74;74;48;2;0;0;0m▀▀▀[38;2;0;0;0m▀[49m▀[0m
