[0m        [38;2;123;82;74m▄▄▄[0m  [38;2;123;82;74m▄[38;2;76;62;49m▄▄▄▄[0m [38;2;123;82;74m▄▄[48;2;156;106;50m▀▀[49m▄[0m
[0m       [38;2;76;62;49;48;2;76;62;49m▀[38;2;156;106;50;48;2;156;106;50m▀▀[48;2;123;82;74m▀[38;2;76;62;49;48;2;189;131;65m▀▀[38;2;189;131;65m▀▀▀[38;2;156;106;50m▀[48;2;156;106;50m▀[38;2;123;82;74m▀[38;2;156;106;50m▀▀▀▀[38;2;123;82;74;48;2;16;16;16m▀[0m
[0m   [38;2;76;62;49m▄▄▄▄[0m [38;2;123;82;74;48;2;16;16;16m▀[38;2;156;106;50;48;2;156;106;50m▀[38;2;189;131;65m▀[48;2;189;131;65m▀▀▀[48;2;156;106;50m▀▀[38;2;156;106;50m▀▀▀▀[48;2;76;62;49m▀▀[38;2;76;62;49m▀▀[38;2;16;16;16;49m▄[0m
[38;2;76;62;49;49m▄[48;2;189;131;65m▀▀[38;2;189;131;65;48;2;156;106;50m▀[48;2;123;82;74m▀▀▀[38;2;76;62;49;48;2;76;62;49m▀[38;2;16;16;16;48;2;16;16;16m▀[38;2;156;106;50m▀[48;2;156;106;50m▀▀▀▀▀▀[48;2;76;62;49m▀[48;2;164;49;49m▀[38;2;123;82;74;48;2;246;74;74m▀[38;2;76;62;49m▀[48;2;255;156;41m▀[38;2;246;74;74;48;2;246;74;74m▀[38;2;76;62;49m▀[48;2;76;62;49m▀[48;2;123;82;74m▀[38;2;16;16;16;48;2;156;106;50m▀[38;2;76;62;49;49m▄[38;2;16;16;16m▄[0m     [38;2;16;16;16m▄[38;2;131;131;131m▄[0m [38;2;131;131;131m▄[38;2;16;16;16;48;2;255;255;255m▀[38;2;131;131;131;49m▄[0m  [38;2;131;131;131m▄▄[0m
[38;2;76;62;49;48;2;76;62;49m▀[38;2;189;131;65;48;2;156;106;50m▀▀[48;2;76;62;49m▀▀[38;2;156;106;50m▀[38;2;76;62;49;48;2;16;16;16m▀[38;2;16;16;16m▀[38;2;246;74;74;48;2;255;156;41m▀[38;2;255;156;41;48;2;16;16;16m▀[38;2;76;62;49;48;2;164;49;49m▀[38;2;123;82;74;48;2;76;62;49m▀▀▀[38;2;76;62;49m▀▀[38;2;246;74;74;48;2;246;74;74m▀[38;2;16;16;16;48;2;16;16;16m▀[38;2;164;49;49m▀[38;2;246;74;74;48;2;246;74;74m▀[38;2;255;156;41m▀[48;2;255;156;41m▀[38;2;246;74;74;48;2;246;74;74m▀[38;2;164;49;49;48;2;76;62;49m▀[38;2;156;106;50;48;2;156;106;50m▀▀▀▀[38;2;16;16;16;48;2;16;16;16m▀[0m    [38;2;16;16;16;48;2;16;16;16m▀[38;2;255;255;255;48;2;255;255;255m▀[38;2;131;131;131m▀[48;2;131;131;131m▀[38;2;255;255;255;48;2;255;255;255m▀[38;2;16;16;16m▀[38;2;131;131;131;49m▄[48;2;255;255;255m▀[38;2;255;255;255m▀[38;2;16;16;16;48;2;16;16;16m▀[0m
[38;2;76;62;49;48;2;76;62;49m▀[38;2;156;106;50;48;2;156;106;50m▀▀▀[48;2;16;16;16m▀[38;2;16;16;16;48;2;156;106;50m▀[38;2;156;106;50m▀[38;2;246;74;74;48;2;164;49;49m▀[38;2;255;156;41;48;2;255;156;41m▀[38;2;16;16;16;48;2;246;74;74m▀[38;2;164;49;49;48;2;156;106;50m▀[38;2;156;106;50;48;2;180;156;115m▀[48;2;213;189;148m▀▀[38;2;76;62;49m▀[48;2;180;156;115m▀[38;2;246;74;74;48;2;76;62;49m▀[38;2;164;49;49;48;2;246;74;74m▀[38;2;16;16;16m▀[38;2;246;74;74m▀[48;2;255;156;41m▀[38;2;255;156;41m▀[38;2;164;49;49;48;2;76;62;49m▀[38;2;180;156;115;48;2;213;189;148m▀[38;2;213;189;148m▀[38;2;180;156;115m▀[38;2;156;106;50;48;2;180;156;115m▀[48;2;156;106;50m▀▀[38;2;16;16;16;48;2;16;16;16m▀[0m [38;2;131;131;131;48;2;131;131;131m▀[48;2;189;189;189m▀[48;2;255;255;255m▀[38;2;255;255;255m▀▀▀▀▀▀[48;2;189;189;189m▀[38;2;16;16;16;48;2;16;16;16m▀[38;2;131;131;131;49m▄▄[0m
[0m [38;2;76;62;49;48;2;76;62;49m▀[38;2;156;106;50;48;2;156;106;50m▀▀[38;2;16;16;16;48;2;16;16;16m▀[38;2;156;106;50;48;2;180;156;115m▀[38;2;180;156;115;48;2;213;189;148m▀[38;2;76;62;49m▀[38;2;246;74;74;48;2;76;62;49m▀[38;2;180;156;115;48;2;213;189;148m▀[38;2;76;62;49m▀[38;2;213;189;148;48;2;16;16;16m▀[48;2;76;62;49m▀[38;2;76;62;49;48;2;156;106;50m▀[38;2;213;189;148;48;2;213;189;148m▀▀▀[38;2;180;156;115m▀[38;2;164;49;49m▀[38;2;246;74;74m▀[38;2;255;156;41m▀[38;2;180;156;115m▀[38;2;213;189;148m▀▀▀▀▀[38;2;156;106;50;48;2;156;106;50m▀▀[38;2;16;16;16;48;2;16;16;16m▀[0m  [38;2;131;131;131;48;2;131;131;131m▀[38;2;189;189;189;48;2;189;189;189m▀▀[38;2;255;255;255m▀▀[48;2;76;62;49m▀[38;2;189;189;189m▀[48;2;189;189;189m▀▀[48;2;16;16;16m▀▀[38;2;16;16;16;49m▀[0m
[0m  [38;2;76;62;49;48;2;76;62;49m▀[38;2;156;106;50;48;2;156;106;50m▀[38;2;16;16;16;48;2;123;82;74m▀[38;2;213;189;148;48;2;16;16;16m▀[48;2;213;189;148m▀▀▀▀[48;2;76;62;49m▀[38;2;131;131;131;48;2;255;255;255m▀[38;2;255;255;255m▀▀[38;2;76;62;49m▀[38;2;213;189;148;48;2;76;62;49m▀[48;2;156;106;50m▀[48;2;213;189;148m▀▀▀▀▀▀▀▀▀[38;2;180;156;115;48;2;156;106;50m▀[38;2;156;106;50;48;2;16;16;16m▀[38;2;16;16;16;48;2;76;62;49m▀[38;2;76;62;49;49m▄▄▄[0m [38;2;131;131;131;48;2;131;131;131m▀[38;2;189;189;189;48;2;189;189;189m▀[48;2;76;62;49m▀[38;2;76;62;49;48;2;156;106;50m▀[38;2;156;106;50;48;2;123;82;74m▀[38;2;16;16;16;48;2;16;16;16m▀[38;2;76;62;49;48;2;123;82;74m▀[38;2;131;131;131;48;2;16;16;16m▀[0m
[0m   [38;2;76;62;49m▀[38;2;123;82;74;48;2;16;16;16m▀[48;2;123;82;74m▀[38;2;16;16;16m▀[38;2;180;156;115m▀[38;2;213;189;148;48;2;16;16;16m▀▀[38;2;180;156;115;48;2;213;189;148m▀[38;2;131;131;131m▀[38;2;255;255;255;48;2;131;131;131m▀[48;2;255;255;255m▀[48;2;131;131;131m▀[38;2;131;131;131;48;2;213;189;148m▀[38;2;213;189;148m▀[38;2;156;106;50m▀[38;2;213;189;148m▀[48;2;180;156;115m▀[48;2;76;62;49m▀▀[48;2;16;16;16m▀▀[38;2;180;156;115m▀[38;2;16;16;16;48;2;123;82;74m▀▀[38;2;123;82;74m▀[48;2;156;106;50m▀[38;2;156;106;50m▀▀▀[38;2;76;62;49m▀▀[48;2;76;62;49m▀[48;2;156;106;50m▀[38;2;16;16;16;48;2;16;16;16m▀[38;2;123;82;74;48;2;123;82;74m▀[38;2;76;62;49m▀[38;2;123;82;74;48;2;16;16;16m▀[38;2;16;16;16;49m▀[0m
[0m     [38;2;16;16;16m▀[38;2;123;82;74;48;2;16;16;16m▀[48;2;123;82;74m▀▀▀[38;2;16;16;16m▀▀▀[38;2;131;131;131;48;2;16;16;16m▀[38;2;213;189;148m▀▀▀[38;2;180;156;115m▀[38;2;76;62;49;48;2;180;156;115m▀▀[38;2;180;156;115m▀[38;2;123;82;74m▀[48;2;123;82;74m▀▀▀▀▀[48;2;156;106;50m▀[38;2;156;106;50m▀▀▀▀▀[38;2;123;82;74m▀[38;2;156;106;50m▀[38;2;123;82;74;48;2;123;82;74m▀[38;2;76;62;49m▀[38;2;123;82;74m▀[38;2;16;16;16;48;2;16;16;16m▀[0m
[0m       [38;2;16;16;16m▀▀[38;2;123;82;74;48;2;16;16;16m▀[48;2;123;82;74m▀[48;2;156;106;50m▀[38;2;156;106;50m▀[48;2;180;156;115m▀[38;2;213;189;148;48;2;213;189;148m▀▀[38;2;180;156;115m▀▀[48;2;180;156;115m▀▀▀▀▀[38;2;123;82;74m▀[48;2;123;82;74m▀[48;2;156;106;50m▀[38;2;16;16;16m▀[48;2;76;62;49m▀[49m▀▀▀▀[48;2;76;62;49m▀[48;2;123;82;74m▀[48;2;76;62;49m▀[49m▀▀▀[0m
[0m          [38;2;16;16;16m▀[38;2;76;62;49;48;2;76;62;49m▀[38;2;156;106;50;48;2;156;106;50m▀[38;2;213;189;148;48;2;213;189;148m▀▀▀▀▀▀▀▀▀▀▀[38;2;156;106;50;48;2;180;156;115m▀[48;2;156;106;50m▀▀[38;2;123;82;74m▀[38;2;76;62;49;49m▄[0m  [38;2;76;62;49;48;2;76;62;49m▀[38;2;123;82;74;48;2;123;82;74m▀[48;2;76;62;49m▀[38;2;76;62;49;49m▀[0m
[0m           [38;2;76;62;49;48;2;76;62;49m▀[38;2;156;106;50;48;2;156;106;50m▀[38;2;213;189;148;48;2;213;189;148m▀▀▀▀▀▀▀▀▀▀▀▀[38;2;156;106;50;48;2;156;106;50m▀▀▀[38;2;76;62;49m▀[38;2;16;16;16;49m▄[38;2;76;62;49;48;2;76;62;49m▀[38;2;123;82;74;48;2;123;82;74m▀[48;2;76;62;49m▀[38;2;76;62;49;49m▀[0m
[0m            [38;2;76;62;49;48;2;16;16;16m▀[38;2;213;189;148;48;2;180;156;115m▀[48;2;213;189;148m▀▀▀▀▀▀▀▀▀▀▀[38;2;156;106;50;48;2;156;106;50m▀▀[48;2;123;82;74m▀▀[38;2;16;16;16;48;2;16;16;16m▀[38;2;123;82;74;48;2;123;82;74m▀[48;2;76;62;49m▀[38;2;76;62;49;49m▀[0m
[0m            [38;2;16;16;16;48;2;76;62;49m▀[38;2;156;106;50;48;2;123;82;74m▀[38;2;213;189;148;48;2;180;156;115m▀▀[48;2;213;189;148m▀▀▀▀▀▀[48;2;180;156;115m▀▀[38;2;180;156;115;48;2;123;82;74m▀[38;2;123;82;74m▀▀▀[48;2;156;106;50m▀[48;2;123;82;74m▀[38;2;16;16;16;48;2;16;16;16m▀[38;2;76;62;49;49m▀[0m
[0m          [38;2;16;16;16m▄[48;2;123;82;74m▀[38;2;123;82;74m▀▀▀[38;2;180;156;115m▀▀[48;2;180;156;115m▀▀▀▀▀[48;2;123;82;74m▀▀[38;2;123;82;74m▀▀▀▀[48;2;156;106;50m▀[38;2;156;106;50;48;2;123;82;74m▀[38;2;123;82;74;48;2;156;106;50m▀[38;2;16;16;16;48;2;16;16;16m▀[0m
[0m          [38;2;76;62;49;48;2;76;62;49m▀[38;2;123;82;74;48;2;123;82;74m▀▀▀▀▀▀▀▀▀▀▀▀▀▀▀▀▀▀[38;2;156;106;50m▀[38;2;123;82;74m▀▀[38;2;16;16;16;48;2;16;16;16m▀[0m
[0m          [38;2;16;16;16m▀[38;2;123;82;74;48;2;16;16;16m▀[48;2;76;62;49m▀[48;2;123;82;74m▀▀▀[48;2;16;16;16m▀▀[38;2;76;62;49;49m▀▀▀▀▀[38;2;123;82;74;48;2;16;16;16m▀▀▀[48;2;123;82;74m▀▀▀▀▀▀[38;2;16;16;16;48;2;16;16;16m▀[0m
[0m         [38;2;16;16;16m▄[48;2;16;16;16m▀[38;2;76;62;49;48;2;76;62;49m▀▀[48;2;16;16;16m▀▀[38;2;16;16;16;49m▀[0m          [38;2;16;16;16m▀▀[38;2;123;82;74;48;2;16;16;16m▀[48;2;76;62;49m▀▀[38;2;16;16;16;48;2;16;16;16m▀[0m
[0m           [38;2;16;16;16m▀▀[0m              [38;2;16;16;16m▀[38;2;76;62;49;48;2;16;16;16m▀▀[38;2;16;16;16;49m▀[38;2;76;62;49;48;2;16;16;16m▀[38;2;16;16;16m▀[0m
