[0m                                                      [38;2;90;65;115;48;2;49;32;57m▀[48;2;131;98;148m▀▀[49m▄▄▄[0m
[0m                                                    [38;2;90;65;115m▄▄▄[38;2;49;32;57;48;2;90;65;115m▀[38;2;131;98;148;48;2;49;32;57m▀[48;2;131;98;148m▀▀▀[38;2;90;65;115m▀▀[49m▄▄[0m
[0m                                                [38;2;49;32;57m▄[38;2;90;65;115;48;2;131;98;148m▀▀▀[38;2;131;98;148m▀▀▀▀▀▀▀[48;2;90;65;115m▀▀▀▀▀[38;2;90;65;115m▀[38;2;16;16;16;49m▄[0m
[0m   [38;2;90;65;115m▄[48;2;131;98;148m▀[38;2;16;16;16;49m▄[0m             [38;2;90;65;115m▄▄[0m                           [38;2;49;32;57m▄▄[48;2;131;98;148m▀▀[38;2;131;98;148;48;2;90;65;115m▀[48;2;49;32;57m▀▀[38;2;90;65;115m▀▀▀▀[48;2;90;65;115m▀▀▀▀▀▀▀[38;2;16;16;16m▀[49m▄[0m
[0m  [38;2;90;65;115m▄[48;2;131;98;148m▀[38;2;131;98;148m▀[38;2;90;65;115m▀[38;2;16;16;16;48;2;16;16;16m▀[0m        [38;2;49;32;57m▄▄[38;2;90;65;115;48;2;131;98;148m▀▀[38;2;131;98;148m▀[38;2;16;16;16;48;2;16;16;16m▀[0m                         [38;2;49;32;57m▄[48;2;131;98;148m▀[38;2;131;98;148m▀[48;2;90;65;115m▀[38;2;90;65;115;48;2;16;16;16m▀[38;2;49;32;57;49m▀▀[0m      [38;2;49;32;57m▀▀▀[38;2;90;65;115;48;2;49;32;57m▀[48;2;90;65;115m▀▀▀▀[38;2;16;16;16m▀[49m▄[0m
[0m  [38;2;90;65;115;48;2;90;65;115m▀[38;2;131;98;148;48;2;131;98;148m▀▀▀[48;2;90;65;115m▀[38;2;16;16;16;48;2;131;98;148m▀[38;2;49;32;57m▀▀▀▀[49m▄[48;2;131;98;148m▀▀[38;2;131;98;148m▀[48;2;189;57;131m▀[48;2;90;65;115m▀[48;2;131;98;148m▀[38;2;16;16;16;48;2;16;16;16m▀[0m                         [38;2;49;32;57m▄[48;2;131;98;148m▀[38;2;131;98;148m▀[38;2;90;65;115;48;2;16;16;16m▀[38;2;16;16;16;49m▀[0m             [38;2;49;32;57;48;2;49;32;57m▀[38;2;90;65;115;48;2;90;65;115m▀▀▀▀[38;2;16;16;16;48;2;16;16;16m▀[0m
[0m [38;2;90;65;115;48;2;90;65;115m▀[38;2;131;98;148;48;2;131;98;148m▀▀▀▀▀▀▀▀▀▀▀[48;2;189;57;131m▀▀[38;2;189;57;131;48;2;230;123;156m▀[38;2;230;123;156;48;2;90;65;115m▀[38;2;90;65;115;48;2;131;98;148m▀[38;2;49;32;57;48;2;16;16;16m▀[0m                          [38;2;49;32;57;48;2;49;32;57m▀[38;2;131;98;148;48;2;131;98;148m▀▀[38;2;16;16;16;48;2;90;65;115m▀[49m▄[0m              [38;2;49;32;57;48;2;49;32;57m▀[38;2;90;65;115;48;2;90;65;115m▀▀[48;2;16;16;16m▀[38;2;16;16;16;49m▀[0m
[0m [38;2;90;65;115;48;2;90;65;115m▀[38;2;131;98;148;48;2;131;98;148m▀▀▀▀▀▀▀▀[48;2;189;57;131m▀▀[38;2;189;57;131;48;2;230;123;156m▀[38;2;230;123;156m▀▀[48;2;90;65;115m▀[38;2;90;65;115;48;2;131;98;148m▀[38;2;131;98;148;48;2;16;16;16m▀[38;2;16;16;16;49m▀[0m                           [38;2;49;32;57m▀[38;2;131;98;148;48;2;49;32;57m▀▀[38;2;90;65;115;48;2;131;98;148m▀[38;2;16;16;16m▀[49m▄▄[0m          [38;2;49;32;57m▄[48;2;90;65;115m▀[38;2;90;65;115m▀[48;2;16;16;16m▀[38;2;16;16;16;49m▀[0m
[0m [38;2;90;65;115;48;2;189;57;131m▀[38;2;205;164;24;48;2;205;164;24m▀[38;2;131;98;148;48;2;131;98;148m▀▀[48;2;205;164;24m▀[38;2;205;164;24;48;2;131;98;148m▀[38;2;131;98;148m▀[48;2;189;57;131m▀[38;2;189;57;131;48;2;230;123;156m▀[38;2;230;123;156m▀▀[48;2;189;57;131m▀[48;2;230;123;156m▀[48;2;90;65;115m▀[38;2;90;65;115;48;2;131;98;148m▀[38;2;131;98;148;48;2;16;16;16m▀[38;2;16;16;16;49m▀[0m  [38;2;139;123;8m▄▄[38;2;16;16;16;48;2;246;213;65m▀[48;2;16;16;16m▀[0m                         [38;2;49;32;57m▀▀[38;2;131;98;148;48;2;49;32;57m▀[38;2;90;65;115;48;2;90;65;115m▀[38;2;16;16;16m▀[49m▄[0m      [38;2;49;32;57m▄[48;2;90;65;115m▀[38;2;90;65;115;48;2;16;16;16m▀▀[38;2;16;16;16;49m▀[0m
[0m [38;2;189;57;131;48;2;49;32;57m▀[38;2;131;98;148;48;2;131;98;148m▀▀▀[38;2;205;164;24m▀[38;2;131;98;148;48;2;189;57;131m▀[38;2;189;57;131;48;2;230;123;156m▀[38;2;230;123;156m▀[48;2;255;255;255m▀[48;2;5;149;73m▀[38;2;255;255;255;48;2;205;205;205m▀[38;2;230;123;156;48;2;230;123;156m▀[48;2;189;57;131m▀[38;2;90;65;115;48;2;90;65;115m▀[38;2;131;98;148m▀[38;2;90;65;115m▀[38;2;16;16;16;48;2;246;213;65m▀[38;2;139;123;8m▀▀[38;2;246;213;65;48;2;16;16;16m▀▀[38;2;16;16;16;48;2;49;32;57m▀[0m                             [38;2;49;32;57m▀[38;2;90;65;115;48;2;49;32;57m▀[48;2;90;65;115m▀[38;2;16;16;16;48;2;16;16;16m▀[0m     [38;2;16;16;16m▀▀[0m
[38;2;49;32;57;49m▄[48;2;131;98;148m▀[38;2;131;98;148m▀▀▀[48;2;189;57;131m▀[38;2;189;57;131;48;2;230;123;156m▀[38;2;255;255;255;48;2;189;57;131m▀[48;2;255;255;255m▀[38;2;16;16;16;48;2;5;149;73m▀[38;2;5;149;73;48;2;230;123;156m▀[38;2;230;123;156m▀[48;2;189;57;131m▀[38;2;189;57;131;48;2;246;213;65m▀[38;2;246;213;65;48;2;90;82;16m▀[48;2;16;16;16m▀▀[38;2;16;16;16;48;2;139;123;8m▀[48;2;246;213;65m▀[38;2;90;82;16m▀[38;2;139;123;8m▀[38;2;246;213;65;48;2;49;32;57m▀[48;2;16;16;16m▀[38;2;16;16;16;49m▀[0m                             [38;2;49;32;57;48;2;49;32;57m▀[38;2;90;65;115;48;2;90;65;115m▀[38;2;16;16;16;48;2;16;16;16m▀[0m
[38;2;16;16;16;48;2;16;16;16m▀[38;2;189;57;131;48;2;246;213;65m▀[38;2;131;98;148;48;2;189;57;131m▀[48;2;230;123;156m▀[38;2;230;123;156;48;2;246;213;65m▀▀[38;2;246;213;65m▀▀[38;2;230;123;156m▀▀[38;2;189;57;131m▀[38;2;246;213;65m▀▀[48;2;205;164;24m▀[48;2;49;32;57m▀▀▀▀[38;2;49;32;57;48;2;131;98;148m▀[38;2;16;16;16;48;2;16;16;16m▀[49m▀[0m                             [38;2;49;32;57m▄▄[48;2;90;65;115m▀[38;2;90;65;115;48;2;16;16;16m▀[38;2;16;16;16;49m▀[0m
[0m [38;2;16;16;16m▀[38;2;205;164;24;48;2;16;16;16m▀[38;2;189;57;131m▀[38;2;246;213;65;48;2;205;164;24m▀▀[38;2;205;164;24;48;2;246;213;65m▀[48;2;16;16;16m▀[38;2;246;213;65m▀▀[48;2;90;82;16m▀[38;2;90;82;16;48;2;205;164;24m▀▀[38;2;205;164;24m▀▀[38;2;90;65;115m▀[48;2;90;65;115m▀[38;2;131;98;148;48;2;131;98;148m▀▀▀[38;2;16;16;16m▀[38;2;49;32;57;49m▄▄[0m               [38;2;90;65;115m▄▄[48;2;131;98;148m▀▀▀▀▀[38;2;49;32;57;49m▄▄▄[48;2;90;65;115m▀▀[38;2;90;65;115;48;2;16;16;16m▀▀[38;2;16;16;16;49m▀[0m
[0m    [38;2;16;16;16m▀▀▀[0m    [38;2;90;82;16m▀[38;2;205;164;24;48;2;90;82;16m▀[48;2;205;164;24m▀▀[48;2;246;213;65m▀[38;2;131;98;148;48;2;205;164;24m▀[48;2;131;98;148m▀▀▀[48;2;246;213;65m▀▀[48;2;131;98;148m▀[38;2;49;32;57m▀▀▀[49m▄▄▄▄[0m   [38;2;90;65;115m▄▄▄[48;2;131;98;148m▀[48;2;246;213;65m▀[38;2;131;98;148;48;2;131;98;148m▀▀▀▀[48;2;246;213;65m▀▀▀▀[48;2;131;98;148m▀▀[38;2;49;32;57m▀[38;2;16;16;16m▀[49m▄[0m
[0m            [38;2;90;82;16;48;2;90;82;16m▀[38;2;246;213;65;48;2;246;213;65m▀▀▀[48;2;131;98;148m▀[38;2;131;98;148;48;2;205;164;24m▀[48;2;131;98;148m▀▀[38;2;246;213;65;48;2;246;213;65m▀[38;2;131;98;148;48;2;131;98;148m▀[38;2;246;213;65m▀[38;2;131;98;148;48;2;246;213;65m▀[48;2;131;98;148m▀▀▀▀▀▀[38;2;49;32;57m▀▀▀▀[38;2;131;98;148m▀[38;2;246;213;65m▀[38;2;131;98;148;48;2;246;213;65m▀[38;2;246;213;65;48;2;131;98;148m▀[38;2;131;98;148m▀▀▀▀[38;2;246;213;65m▀[38;2;131;98;148;48;2;246;213;65m▀[48;2;131;98;148m▀▀[38;2;246;213;65;48;2;246;213;65m▀[38;2;131;98;148;48;2;131;98;148m▀▀▀[38;2;16;16;16m▀[49m▄[0m
[0m             [38;2;90;82;16;48;2;90;82;16m▀[38;2;246;213;65;48;2;246;213;65m▀[48;2;205;164;24m▀[48;2;246;213;65m▀[38;2;131;98;148;48;2;205;164;24m▀[48;2;131;98;148m▀▀▀[38;2;246;213;65m▀▀[38;2;131;98;148m▀▀▀[48;2;246;213;65m▀[38;2;246;213;65;48;2;131;98;148m▀▀[48;2;246;213;65m▀[38;2;131;98;148;48;2;131;98;148m▀▀▀▀▀▀[48;2;246;213;65m▀[48;2;131;98;148m▀▀▀▀▀▀▀[38;2;246;213;65m▀▀[38;2;131;98;148m▀▀[48;2;246;213;65m▀[38;2;246;213;65;48;2;131;98;148m▀[48;2;246;213;65m▀[38;2;16;16;16;48;2;131;98;148m▀[49m▄[0m
[0m          [38;2;90;82;16;48;2;16;16;16m▀[38;2;49;32;57;48;2;246;213;65m▀[38;2;90;82;16;49m▄[38;2;139;123;8;48;2;205;164;24m▀[38;2;246;213;65;48;2;246;213;65m▀[38;2;205;164;24m▀[38;2;131;98;148;48;2;131;98;148m▀[38;2;246;213;65m▀[38;2;90;65;115;48;2;49;32;57m▀[38;2;131;98;148;48;2;131;98;148m▀[48;2;246;213;65m▀[48;2;131;98;148m▀▀▀▀▀[38;2;246;213;65m▀[38;2;131;98;148;48;2;246;213;65m▀[38;2;246;213;65;48;2;131;98;148m▀[38;2;131;98;148m▀▀▀▀▀▀[38;2;246;213;65m▀▀[38;2;131;98;148m▀▀▀[48;2;90;65;115m▀[48;2;131;98;148m▀▀▀▀▀▀[38;2;246;213;65m▀[38;2;131;98;148;48;2;246;213;65m▀▀[38;2;246;213;65;48;2;131;98;148m▀[38;2;131;98;148m▀[38;2;16;16;16;48;2;16;16;16m▀[0m
[0m          [38;2;16;16;16m▀[38;2;246;213;65;48;2;16;16;16m▀[48;2;246;213;65m▀[38;2;90;82;16m▀[38;2;246;213;65m▀▀[38;2;131;98;148;48;2;205;164;24m▀[48;2;49;32;57m▀[38;2;49;32;57;48;2;131;98;148m▀[38;2;131;98;148m▀[38;2;246;213;65m▀▀[38;2;131;98;148m▀▀▀▀▀▀▀▀▀▀[48;2;205;164;24m▀[48;2;246;213;65m▀▀▀▀[48;2;205;164;24m▀[48;2;131;98;148m▀▀[38;2;49;32;57;48;2;49;32;57m▀[38;2;131;98;148;48;2;246;213;65m▀[38;2;246;213;65;48;2;131;98;148m▀[38;2;131;98;148;48;2;246;213;65m▀[48;2;131;98;148m▀▀▀▀▀▀▀▀[38;2;16;16;16;48;2;16;16;16m▀[0m
[0m           [38;2;16;16;16m▀[38;2;205;164;24;48;2;16;16;16m▀[38;2;246;213;65;48;2;205;164;24m▀▀[48;2;246;213;65m▀▀[38;2;49;32;57;48;2;49;32;57m▀[38;2;131;98;148;48;2;131;98;148m▀▀▀▀▀▀▀▀▀[38;2;90;65;115;48;2;16;16;16m▀[38;2;246;213;65;48;2;205;164;24m▀▀[48;2;246;213;65m▀▀▀▀▀[48;2;90;82;16m▀▀▀▀▀[38;2;49;32;57;48;2;49;32;57m▀[38;2;246;213;65;48;2;131;98;148m▀[38;2;131;98;148;48;2;246;213;65m▀▀[38;2;246;213;65;48;2;131;98;148m▀[38;2;131;98;148m▀▀[48;2;246;213;65m▀[48;2;131;98;148m▀▀▀▀[38;2;16;16;16;48;2;16;16;16m▀[0m
[0m             [38;2;16;16;16m▀[38;2;205;164;24;48;2;16;16;16m▀[48;2;205;164;24m▀▀[38;2;49;32;57;48;2;49;32;57m▀[38;2;131;98;148;48;2;131;98;148m▀▀▀▀▀[48;2;246;213;65m▀[38;2;246;213;65;48;2;131;98;148m▀[48;2;246;213;65m▀[38;2;131;98;148;48;2;131;98;148m▀[38;2;16;16;16;48;2;16;16;16m▀[38;2;205;164;24;48;2;205;164;24m▀▀[48;2;90;82;16m▀▀[38;2;90;82;16;49m▀▀▀[38;2;49;32;57m▀[38;2;90;65;115;48;2;49;32;57m▀[48;2;90;65;115m▀▀▀▀[38;2;16;16;16;48;2;16;16;16m▀[38;2;131;98;148;48;2;131;98;148m▀▀▀▀[38;2;246;213;65m▀▀[38;2;131;98;148m▀▀▀▀▀[38;2;16;16;16;48;2;16;16;16m▀[0m
[0m               [38;2;16;16;16;48;2;49;32;57m▀[38;2;90;82;16;48;2;16;16;16m▀[38;2;205;164;24m▀[38;2;49;32;57;48;2;49;32;57m▀[38;2;131;98;148;48;2;131;98;148m▀▀▀▀[38;2;246;213;65m▀[38;2;131;98;148;48;2;246;213;65m▀[38;2;246;213;65;48;2;131;98;148m▀[38;2;16;16;16;48;2;16;16;16m▀[38;2;205;164;24;48;2;90;82;16m▀[38;2;90;82;16;49m▀▀[0m      [38;2;49;32;57;48;2;49;32;57m▀[38;2;90;65;115;48;2;90;65;115m▀▀▀▀▀[38;2;16;16;16m▀[38;2;131;98;148;48;2;16;16;16m▀[48;2;131;98;148m▀▀▀▀▀▀▀▀[48;2;90;65;115m▀[38;2;16;16;16;48;2;16;16;16m▀[0m
[0m               [38;2;49;32;57;48;2;49;32;57m▀[38;2;90;65;115;48;2;90;65;115m▀▀[38;2;49;32;57m▀[38;2;131;98;148;48;2;49;32;57m▀[48;2;131;98;148m▀▀▀▀▀[48;2;16;16;16m▀[38;2;16;16;16;49m▀[0m          [38;2;49;32;57;48;2;49;32;57m▀[38;2;90;65;115;48;2;90;65;115m▀▀▀▀▀▀[38;2;16;16;16m▀[48;2;49;32;57m▀[38;2;131;98;148;48;2;16;16;16m▀▀[48;2;90;65;115m▀▀[38;2;90;65;115m▀▀▀▀[38;2;16;16;16m▀[49m▄[0m
[0m                [38;2;49;32;57;48;2;49;32;57m▀[38;2;90;65;115;48;2;90;65;115m▀▀[38;2;49;32;57m▀[38;2;131;98;148;48;2;49;32;57m▀[48;2;131;98;148m▀▀▀[38;2;90;65;115m▀[38;2;49;32;57m▀▀[48;2;49;32;57m▀[0m         [38;2;49;32;57m▀[38;2;90;65;115;48;2;49;32;57m▀[48;2;90;65;115m▀▀▀▀▀▀[38;2;49;32;57;48;2;49;32;57m▀[0m  [38;2;16;16;16m▀[38;2;90;65;115;48;2;16;16;16m▀[48;2;90;65;115m▀▀▀[38;2;131;98;148;48;2;205;164;24m▀[38;2;90;65;115;48;2;131;98;148m▀[38;2;16;16;16;48;2;205;164;24m▀[49m▄[0m
[0m                [38;2;49;32;57m▀[38;2;90;65;115;48;2;49;32;57m▀[48;2;90;65;115m▀[48;2;131;98;148m▀[38;2;49;32;57;48;2;49;32;57m▀[38;2;131;98;148;48;2;205;164;24m▀[48;2;131;98;148m▀▀[48;2;49;32;57m▀[38;2;90;65;115m▀[38;2;49;32;57;49m▀[0m            [38;2;49;32;57;48;2;49;32;57m▀[38;2;90;65;115;48;2;90;65;115m▀[48;2;131;98;148m▀[48;2;90;65;115m▀▀[38;2;49;32;57;48;2;49;32;57m▀[0m    [38;2;16;16;16m▀[38;2;205;164;24;48;2;16;16;16m▀[38;2;131;98;148;48;2;205;164;24m▀[38;2;90;65;115;48;2;131;98;148m▀[38;2;205;164;24;48;2;205;164;24m▀▀▀[38;2;16;16;16;48;2;16;16;16m▀[0m
[0m                  [38;2;49;32;57m▀[38;2;205;164;24;48;2;90;82;16m▀[38;2;49;32;57;48;2;49;32;57m▀[38;2;246;213;65;48;2;246;213;65m▀[38;2;131;98;148m▀[38;2;205;164;24m▀[38;2;49;32;57;48;2;16;16;16m▀[0m              [38;2;49;32;57;48;2;49;32;57m▀[38;2;90;65;115;48;2;131;98;148m▀[38;2;205;164;24;48;2;205;164;24m▀[38;2;131;98;148m▀[38;2;205;164;24;48;2;49;32;57m▀[38;2;16;16;16;49m▀[0m     [38;2;16;16;16;48;2;16;16;16m▀[38;2;205;164;24;48;2;205;164;24m▀▀▀▀[48;2;16;16;16m▀[38;2;49;32;57;49m▀[0m
[0m                   [38;2;90;82;16m▀[48;2;90;82;16m▀[38;2;246;213;65;48;2;246;213;65m▀▀▀[38;2;16;16;16;48;2;16;16;16m▀[0m             [38;2;49;32;57m▄[48;2;205;164;24m▀[38;2;205;164;24m▀▀[48;2;49;32;57m▀[38;2;16;16;16;49m▀[0m      [38;2;90;82;16;48;2;90;82;16m▀[38;2;205;164;24;48;2;205;164;24m▀▀▀▀[38;2;16;16;16;48;2;16;16;16m▀[0m
[0m                   [38;2;90;82;16;48;2;90;82;16m▀[38;2;246;213;65;48;2;246;213;65m▀▀▀[38;2;16;16;16;48;2;16;16;16m▀[38;2;90;82;16;48;2;90;82;16m▀[0m            [38;2;49;32;57m▄[48;2;205;164;24m▀[38;2;205;164;24m▀▀[38;2;139;123;8;48;2;16;16;16m▀[38;2;16;16;16;49m▀[0m       [38;2;90;82;16;48;2;90;82;16m▀[38;2;205;164;24;48;2;205;164;24m▀▀▀[38;2;16;16;16;48;2;16;16;16m▀[0m
[0m                  [38;2;90;82;16m▄[48;2;246;213;65m▀[38;2;246;213;65m▀▀[48;2;16;16;16m▀[38;2;16;16;16;48;2;205;164;24m▀[38;2;90;82;16;48;2;90;82;16m▀[0m           [38;2;90;82;16;48;2;90;82;16m▀[38;2;139;123;8;48;2;205;164;24m▀[38;2;205;164;24m▀[48;2;16;16;16m▀[38;2;16;16;16;49m▀[0m        [38;2;90;82;16m▄[48;2;205;164;24m▀[38;2;205;164;24m▀▀[48;2;16;16;16m▀[38;2;16;16;16;49m▀[0m
[0m                 [38;2;90;82;16m▄[48;2;246;213;65m▀[38;2;246;213;65m▀▀[48;2;16;16;16m▀[38;2;16;16;16;48;2;205;164;24m▀[38;2;90;82;16;48;2;90;82;16m▀[0m           [38;2;90;82;16;48;2;16;16;16m▀[38;2;205;164;24m▀▀[38;2;16;16;16;49m▀[0m          [38;2;90;82;16;48;2;90;82;16m▀[38;2;205;164;24;48;2;246;213;65m▀[48;2;205;164;24m▀▀[38;2;16;16;16;48;2;16;16;16m▀[0m
[0m                [38;2;16;16;16m▄[38;2;90;82;16;48;2;246;213;65m▀[38;2;246;213;65;48;2;205;164;24m▀[48;2;246;213;65m▀[48;2;16;16;16m▀[38;2;16;16;16m▀[38;2;205;164;24m▀[38;2;90;82;16;49m▀[0m                       [38;2;16;16;16m▄[38;2;90;82;16;48;2;246;213;65m▀[38;2;246;213;65m▀▀[48;2;205;164;24m▀[38;2;16;16;16;48;2;16;16;16m▀[0m
[0m                [38;2;16;16;16m▀[38;2;246;213;65;48;2;16;16;16m▀[38;2;90;82;16m▀[38;2;16;16;16;49m▀[0m                           [38;2;16;16;16m▀[38;2;205;164;24;48;2;16;16;16m▀[38;2;90;82;16m▀[38;2;205;164;24m▀[38;2;16;16;16;49m▀[0m
