[0m             [38;2;24;74;41m▄[48;2;8;115;49m▀[38;2;0;0;0;48;2;24;164;82m▀▀[48;2;8;115;49m▀[49m▄[38;2;24;74;41m▄[38;2;0;0;0;48;2;24;164;82m▀▀▀[49m▄[0m
[0m          [38;2;24;74;41m▄[48;2;24;164;82m▀▀[38;2;8;115;49m▀[38;2;24;164;82;48;2;8;115;49m▀[48;2;24;164;82m▀▀▀▀[48;2;255;205;123m▀[48;2;24;164;82m▀▀▀▀[38;2;24;74;41;48;2;24;74;41m▀[38;2;0;0;0;48;2;24;164;82m▀▀[49m▄[0m
[0m         [38;2;24;74;41;48;2;0;0;0m▀[38;2;24;164;82;48;2;24;164;82m▀▀▀▀▀[48;2;255;205;123m▀[48;2;24;164;82m▀▀[38;2;205;164;90;48;2;255;205;123m▀[48;2;24;164;82m▀[38;2;24;164;82m▀▀▀▀▀▀▀▀[38;2;0;0;0;48;2;0;0;0m▀[0m
[0m         [38;2;0;0;0m▀[38;2;8;115;49;48;2;0;0;0m▀[38;2;24;164;82;48;2;24;74;41m▀[48;2;8;115;49m▀[48;2;24;164;82m▀▀[38;2;205;164;90m▀[38;2;255;205;123m▀[38;2;24;164;82m▀▀▀[48;2;255;205;123m▀[38;2;255;205;123;48;2;205;164;90m▀[38;2;24;164;82;48;2;24;164;82m▀▀▀▀[38;2;8;115;49m▀[38;2;24;74;41;48;2;8;115;49m▀[38;2;0;0;0;48;2;24;74;41m▀[38;2;24;74;41;49m▄[0m
[0m   [38;2;24;74;41m▄▄▄[0m    [38;2;0;0;0m▀[38;2;8;115;49;48;2;24;74;41m▀▀[48;2;0;0;0m▀[38;2;24;164;82m▀[48;2;24;74;41m▀[38;2;8;115;49m▀[38;2;24;164;82;48;2;8;115;49m▀[48;2;24;164;82m▀▀▀▀▀[48;2;8;115;49m▀[48;2;24;164;82m▀▀[48;2;8;115;49m▀[38;2;8;115;49m▀▀[38;2;24;74;41;48;2;24;74;41m▀[0m
[0m [38;2;24;74;41m▄[48;2;24;164;82m▀[38;2;24;164;82m▀▀▀[38;2;24;74;41m▀[49m▄[0m [38;2;24;74;41m▄[38;2;0;0;0;48;2;24;164;82m▀▀[38;2;8;115;49m▀[38;2;24;164;82m▀▀▀▀▀▀▀[38;2;24;74;41m▀[38;2;0;0;0;48;2;8;115;49m▀[38;2;8;115;49;48;2;0;0;0m▀[48;2;24;74;41m▀▀[48;2;8;115;49m▀▀[48;2;24;74;41m▀[38;2;24;74;41;48;2;0;0;0m▀[38;2;0;0;0;49m▄▄▄[0m
[38;2;24;74;41;49m▄[48;2;24;164;82m▀[38;2;24;164;82m▀[48;2;8;115;49m▀[38;2;8;115;49;48;2;131;205;156m▀▀[38;2;24;164;82;48;2;8;115;49m▀[48;2;24;74;41m▀[38;2;24;74;41;48;2;24;164;82m▀[38;2;8;115;49;48;2;255;255;255m▀[48;2;197;197;197m▀[38;2;24;164;82;48;2;8;115;49m▀[48;2;24;164;82m▀▀▀▀▀[48;2;8;115;49m▀[38;2;8;115;49;48;2;255;255;255m▀▀[38;2;24;164;82;48;2;8;115;49m▀[48;2;24;164;82m▀▀[38;2;0;0;0m▀[49m▄[38;2;24;74;41;48;2;0;0;0m▀[38;2;0;0;0;48;2;24;164;82m▀▀[38;2;24;164;82;48;2;8;115;49m▀▀[48;2;24;164;82m▀▀[38;2;0;0;0m▀[48;2;24;74;41m▀[0m
[38;2;24;74;41;48;2;24;74;41m▀[38;2;24;164;82;48;2;24;164;82m▀[38;2;8;115;49;48;2;8;115;49m▀[38;2;131;205;156;48;2;131;205;156m▀▀▀[38;2;24;74;41;48;2;24;74;41m▀[38;2;8;115;49;48;2;8;115;49m▀[38;2;255;255;255;48;2;131;131;131m▀[38;2;82;82;82;48;2;0;0;0m▀[38;2;131;131;131;48;2;82;82;82m▀[38;2;8;115;49;48;2;24;164;82m▀[38;2;24;164;82m▀▀▀▀[38;2;8;115;49;48;2;8;115;49m▀[38;2;197;197;197;48;2;131;131;131m▀[38;2;82;82;82;48;2;0;0;0m▀[38;2;131;131;131;48;2;82;82;82m▀[38;2;255;255;255;48;2;255;255;255m▀[38;2;24;164;82;48;2;8;115;49m▀[48;2;24;164;82m▀[48;2;24;74;41m▀[38;2;0;0;0;48;2;24;164;82m▀[38;2;24;164;82m▀[48;2;24;74;41m▀[38;2;24;74;41;48;2;131;205;156m▀[38;2;131;205;156m▀▀[38;2;8;115;49m▀[38;2;24;164;82;48;2;8;115;49m▀[48;2;24;164;82m▀▀[38;2;0;0;0;48;2;0;0;0m▀[0m
[38;2;24;74;41;48;2;0;0;0m▀[38;2;24;164;82;48;2;24;164;82m▀[38;2;8;115;49m▀[38;2;131;205;156;48;2;8;115;49m▀[48;2;131;205;156m▀[38;2;24;74;41;48;2;0;0;0m▀[38;2;8;115;49;48;2;8;115;49m▀[38;2;255;255;255;48;2;255;255;255m▀[38;2;131;131;131;48;2;197;197;197m▀[38;2;0;0;0;48;2;0;0;0m▀[38;2;82;82;82;48;2;255;255;255m▀[38;2;255;205;123;48;2;255;205;123m▀[38;2;205;164;90;48;2;115;82;32m▀[38;2;24;164;82;48;2;255;205;123m▀[38;2;205;164;90m▀[48;2;205;164;90m▀[38;2;255;255;255;48;2;255;255;255m▀[38;2;82;82;82;48;2;82;82;82m▀[38;2;0;0;0;48;2;0;0;0m▀[38;2;82;82;82;48;2;255;255;255m▀[38;2;255;255;255;48;2;197;197;197m▀[38;2;8;115;49;48;2;205;164;90m▀[38;2;24;164;82;48;2;24;164;82m▀[38;2;24;74;41m▀[38;2;24;164;82m▀[48;2;24;74;41m▀[38;2;8;115;49;48;2;131;205;156m▀[38;2;131;205;156m▀▀▀▀[38;2;8;115;49;48;2;8;115;49m▀[38;2;24;164;82;48;2;24;164;82m▀▀[38;2;0;0;0;48;2;0;0;0m▀[0m
[38;2;0;0;0;49m▀[38;2;24;164;82;48;2;0;0;0m▀[48;2;24;164;82m▀[48;2;8;115;49m▀[38;2;8;115;49;48;2;131;205;156m▀[38;2;0;0;0;48;2;0;0;0m▀[38;2;24;164;82;48;2;205;164;90m▀[38;2;205;164;90;48;2;255;205;123m▀[38;2;255;255;255m▀▀[38;2;255;205;123m▀▀[48;2;115;82;32m▀[48;2;255;205;123m▀▀▀[38;2;197;197;197m▀[38;2;255;255;255;48;2;197;197;197m▀▀[48;2;255;205;123m▀[38;2;255;205;123m▀▀[38;2;8;115;49;48;2;205;164;90m▀[38;2;24;164;82;48;2;8;115;49m▀[48;2;24;164;82m▀[38;2;24;74;41;48;2;24;74;41m▀[38;2;131;205;156;48;2;131;205;156m▀▀▀▀[38;2;8;115;49;48;2;8;115;49m▀[38;2;24;164;82;48;2;24;164;82m▀▀[38;2;0;0;0;48;2;0;0;0m▀[0m
[0m [38;2;0;0;0m▀[38;2;24;164;82;48;2;0;0;0m▀[48;2;24;74;41m▀[38;2;8;115;49;48;2;24;164;82m▀[38;2;0;0;0m▀[38;2;205;164;90;48;2;0;0;0m▀[38;2;255;205;123;48;2;255;205;123m▀▀▀[38;2;115;82;32m▀[48;2;178;102;114m▀[38;2;178;102;114m▀[38;2;115;82;32;48;2;246;156;172m▀[38;2;205;164;90;48;2;115;82;32m▀[38;2;255;205;123m▀▀[48;2;255;205;123m▀▀▀▀▀▀[38;2;8;115;49;48;2;8;115;49m▀[38;2;24;164;82m▀[38;2;24;74;41;48;2;131;205;156m▀[38;2;131;205;156m▀[48;2;8;115;49m▀▀[38;2;8;115;49;48;2;24;164;82m▀[38;2;24;164;82m▀▀[38;2;0;0;0;48;2;0;0;0m▀[0m
[0m    [38;2;24;74;41m▀▀[38;2;0;0;0m▀[38;2;178;102;114;48;2;0;0;0m▀[38;2;255;205;123;48;2;205;164;90m▀[48;2;255;205;123m▀▀[38;2;178;102;114m▀[38;2;246;156;172;48;2;178;102;114m▀[48;2;246;156;172m▀[48;2;178;102;114m▀[38;2;115;82;32;48;2;115;82;32m▀[38;2;255;205;123;48;2;255;205;123m▀▀▀▀[48;2;205;164;90m▀▀[38;2;205;164;90m▀[38;2;8;115;49;48;2;24;74;41m▀[38;2;24;164;82;48;2;24;164;82m▀[38;2;8;115;49m▀[38;2;131;205;156;48;2;8;115;49m▀▀[38;2;8;115;49;48;2;24;164;82m▀[38;2;24;164;82m▀[48;2;0;0;0m▀[38;2;0;0;0;49m▀[0m
[0m        [38;2;0;0;0m▀[38;2;115;82;32m▀[38;2;205;164;90;48;2;0;0;0m▀▀[48;2;205;164;90m▀[38;2;115;82;32m▀▀[38;2;205;164;90m▀▀▀▀▀[48;2;0;0;0m▀▀[38;2;24;74;41;49m▀[0m [38;2;0;0;0m▀[38;2;24;164;82;48;2;0;0;0m▀▀▀[38;2;0;0;0;49m▀▀[0m    [38;2;24;74;41m▄[0m
[0m      [38;2;115;82;32m▄▄[0m    [38;2;0;0;0m▀[48;2;0;0;0m▀[48;2;205;164;90m▀[38;2;115;82;32m▀[38;2;205;164;90m▀[38;2;115;82;32m▀[38;2;0;0;0m▀▀[38;2;115;82;32m▀[38;2;0;0;0;49m▄▄[38;2;115;82;32m▄[0m         [38;2;24;74;41;48;2;24;74;41m▀[38;2;24;164;82;48;2;24;164;82m▀[38;2;0;0;0;48;2;24;74;41m▀[49m▄[48;2;24;164;82m▀[38;2;24;74;41;48;2;24;74;41m▀[0m
[0m   [38;2;115;82;32m▄[48;2;255;205;123m▀[38;2;0;0;0;48;2;0;0;0m▀[38;2;255;205;123;48;2;205;164;90m▀[48;2;255;205;123m▀[38;2;115;82;32m▀[49m▄▄▄[38;2;0;0;0;48;2;255;205;123m▀[38;2;205;164;90m▀[48;2;0;0;0m▀[38;2;115;82;32m▀[38;2;205;164;90;48;2;205;164;90m▀[48;2;255;205;123m▀[38;2;115;82;32;48;2;205;164;90m▀[48;2;0;0;0m▀[38;2;205;164;90m▀[38;2;255;205;123m▀[48;2;115;82;32m▀[48;2;255;205;123m▀[38;2;115;82;32m▀▀[49m▄▄[0m    [38;2;24;74;41;48;2;24;74;41m▀[38;2;24;164;82;48;2;24;164;82m▀[48;2;24;74;41m▀[38;2;8;115;49;48;2;24;164;82m▀[38;2;24;164;82m▀▀▀[38;2;0;0;0;48;2;0;0;0m▀[0m
[0m  [38;2;115;82;32;48;2;115;82;32m▀[38;2;255;205;123;48;2;255;205;123m▀▀▀[38;2;115;82;32m▀[38;2;205;164;90m▀[38;2;255;205;123m▀▀▀[48;2;0;0;0m▀▀[38;2;0;0;0;49m▀[0m [38;2;0;0;0;48;2;0;0;0m▀[38;2;255;205;123;48;2;255;205;123m▀▀▀[38;2;205;164;90m▀[38;2;0;0;0;48;2;0;0;0m▀[0m  [38;2;0;0;0m▀[38;2;255;205;123;48;2;115;82;32m▀[48;2;255;205;123m▀▀▀[38;2;0;0;0m▀[49m▄[0m  [38;2;24;74;41m▀[38;2;24;164;82;48;2;0;0;0m▀[38;2;24;74;41;48;2;8;115;49m▀[38;2;24;164;82;48;2;24;74;41m▀[48;2;24;164;82m▀▀[38;2;8;115;49;48;2;0;0;0m▀[38;2;0;0;0;49m▀[0m
[0m   [38;2;0;0;0m▀[38;2;205;164;90;48;2;0;0;0m▀[38;2;255;205;123m▀▀▀▀[38;2;0;0;0;49m▀▀[0m   [38;2;8;115;49m▄[48;2;24;164;82m▀[38;2;255;205;123;48;2;205;164;90m▀[48;2;255;205;123m▀▀▀[38;2;205;164;90;48;2;24;164;82m▀[38;2;0;0;0m▀[49m▄▄[38;2;115;82;32;48;2;255;205;123m▀[38;2;255;205;123m▀▀▀▀[38;2;0;0;0m▀[49m▄[0m   [38;2;0;0;0;48;2;24;74;41m▀[38;2;24;74;41;48;2;8;115;49m▀[38;2;0;0;0;48;2;0;0;0m▀[49m▀[0m
[0m            [38;2;24;74;41m▄[48;2;24;164;82m▀[38;2;24;164;82m▀▀▀▀▀▀▀▀[38;2;0;0;0m▀[38;2;255;205;123;48;2;0;0;0m▀▀[38;2;115;82;32;48;2;115;82;32m▀[38;2;255;205;123;48;2;255;205;123m▀▀▀▀[38;2;0;0;0;48;2;0;0;0m▀[0m [38;2;24;74;41m▄[48;2;8;115;49m▀[38;2;8;115;49m▀[38;2;0;0;0;48;2;0;0;0m▀[0m
[0m            [38;2;24;74;41;48;2;24;74;41m▀[38;2;24;164;82;48;2;8;115;49m▀[48;2;24;164;82m▀[48;2;0;0;0m▀[38;2;24;74;41;49m▀[38;2;0;0;0m▀▀[38;2;24;164;82;48;2;24;74;41m▀[48;2;24;164;82m▀▀▀▀[38;2;0;0;0;48;2;0;0;0m▀[38;2;8;115;49;48;2;24;74;41m▀[38;2;0;0;0;48;2;8;115;49m▀[38;2;255;205;123;48;2;0;0;0m▀▀[38;2;0;0;0;48;2;8;115;49m▀[38;2;24;74;41;48;2;24;164;82m▀▀[38;2;24;164;82;48;2;0;0;0m▀▀[38;2;0;0;0;49m▀[0m
[0m            [38;2;24;74;41m▄[48;2;24;164;82m▀[38;2;8;115;49;48;2;8;115;49m▀[38;2;24;74;41;48;2;24;164;82m▀[38;2;0;0;0;48;2;0;0;0m▀[0m   [38;2;24;74;41;48;2;0;0;0m▀[38;2;24;164;82;48;2;24;74;41m▀[48;2;8;115;49m▀[38;2;0;0;0;48;2;24;74;41m▀[0m  [38;2;24;74;41m▀▀▀▀▀▀[0m
[0m            [38;2;24;74;41m▀[38;2;0;0;0m▀▀▀[0m    [38;2;0;0;0m▀[38;2;24;164;82;48;2;0;0;0m▀[38;2;8;115;49;48;2;24;74;41m▀[38;2;24;164;82;48;2;0;0;0m▀[38;2;0;0;0;49m▀[0m
