[0m                  [38;2;123;49;49m▄▄[48;2;230;82;65m▀▀[48;2;0;0;0m▀[0m
[0m                [38;2;123;49;49m▄[48;2;189;65;57m▀[38;2;230;82;65;48;2;230;82;65m▀▀▀[38;2;0;0;0;48;2;0;0;0m▀[0m
[0m            [38;2;123;49;49m▄▄▄▄[48;2;123;49;49m▀[38;2;230;82;65;48;2;230;82;65m▀▀▀▀▀[38;2;0;0;0m▀[49m▄[0m
[0m         [38;2;123;49;49m▄[48;2;230;82;65m▀▀[38;2;230;82;65m▀▀▀▀[38;2;189;65;57m▀[38;2;123;49;49;48;2;189;65;57m▀[38;2;230;82;65;48;2;123;49;49m▀[48;2;230;82;65m▀▀▀▀[38;2;189;65;57m▀[38;2;0;0;0;48;2;0;0;0m▀[0m
[0m  [38;2;123;49;49m▄▄▄▄[0m  [38;2;123;49;49;48;2;123;49;49m▀[38;2;230;82;65;48;2;230;82;65m▀▀▀▀▀▀▀▀▀[38;2;123;49;49;48;2;123;49;49m▀[38;2;230;82;65;48;2;230;82;65m▀▀▀▀▀[38;2;0;0;0;48;2;189;65;57m▀[49m▄[0m
[0m [38;2;123;49;49;48;2;123;49;49m▀[38;2;230;82;65;48;2;230;82;65m▀[48;2;189;65;57m▀▀▀[38;2;123;49;49;48;2;230;82;65m▀[38;2;0;0;0;48;2;0;0;0m▀[38;2;230;82;65;48;2;230;82;65m▀▀▀▀[38;2;189;65;57m▀[38;2;230;82;65;48;2;123;49;49m▀[48;2;230;82;65m▀▀▀[48;2;123;49;49m▀[38;2;123;49;49;48;2;230;82;65m▀[38;2;230;82;65m▀▀▀▀▀▀[38;2;0;0;0;48;2;0;0;0m▀[0m [38;2;0;0;0m▄▄[48;2;230;82;65m▀▀[38;2;123;49;49m▀▀▀[49m▄[0m
[38;2;123;49;49;48;2;123;49;49m▀[38;2;230;82;65;48;2;230;82;65m▀[38;2;189;65;57m▀[38;2;246;148;65;48;2;189;65;57m▀[48;2;246;148;65m▀▀[38;2;189;65;57m▀[38;2;0;0;0;48;2;0;0;0m▀[38;2;230;82;65;48;2;230;82;65m▀▀▀▀▀▀[38;2;123;49;49m▀▀▀[38;2;230;82;65m▀▀▀▀▀▀▀[48;2;123;49;49m▀[38;2;0;0;0;48;2;0;0;0m▀[48;2;230;82;65m▀[38;2;230;82;65m▀[48;2;189;65;57m▀▀[38;2;189;65;57;48;2;246;148;65m▀▀▀[38;2;230;82;65;48;2;189;65;57m▀[38;2;123;49;49;48;2;230;82;65m▀[49m▄[0m
[38;2;0;0;0;48;2;0;0;0m▀[38;2;230;82;65;48;2;230;82;65m▀[48;2;189;65;57m▀[38;2;189;65;57;48;2;246;148;65m▀[38;2;246;148;65m▀▀▀[38;2;123;49;49m▀[38;2;189;65;57;48;2;0;0;0m▀[38;2;230;82;65;48;2;230;82;65m▀▀▀▀▀▀▀▀▀▀▀▀▀▀[48;2;123;49;49m▀[38;2;0;0;0;48;2;0;0;0m▀[38;2;230;82;65;48;2;230;82;65m▀[48;2;189;65;57m▀[38;2;189;65;57;48;2;246;148;65m▀[38;2;246;148;65m▀▀▀[48;2;189;65;57m▀[38;2;189;65;57;48;2;230;82;65m▀▀[38;2;230;82;65m▀[38;2;0;0;0;48;2;0;0;0m▀[0m
[38;2;0;0;0;48;2;0;0;0m▀[38;2;230;82;65;48;2;230;82;65m▀[38;2;189;65;57;48;2;189;65;57m▀[38;2;246;148;65;48;2;246;148;65m▀▀▀▀[48;2;123;49;49m▀[38;2;123;49;49;48;2;230;82;65m▀[38;2;0;0;0m▀[38;2;230;82;65;48;2;123;49;49m▀[48;2;189;65;57m▀[48;2;230;82;65m▀▀▀▀▀[48;2;189;65;57m▀[48;2;123;49;49m▀▀▀[38;2;123;49;49;48;2;230;82;65m▀▀[38;2;0;0;0;48;2;0;0;0m▀[38;2;230;82;65;48;2;230;82;65m▀[48;2;189;65;57m▀[38;2;246;148;65;48;2;246;148;65m▀▀▀▀▀▀[38;2;230;82;65;48;2;189;65;57m▀[48;2;230;82;65m▀▀[38;2;0;0;0;48;2;0;0;0m▀[0m
[0m [38;2;0;0;0;48;2;0;0;0m▀[38;2;230;82;65;48;2;230;82;65m▀[38;2;189;65;57;48;2;189;65;57m▀[38;2;246;148;65;48;2;246;148;65m▀▀[48;2;123;49;49m▀[38;2;123;49;49;48;2;230;82;65m▀[38;2;230;82;65;48;2;189;65;57m▀[48;2;123;49;49m▀[48;2;0;0;0m▀[48;2;123;49;49m▀[38;2;189;65;57;48;2;230;82;65m▀▀[38;2;230;82;65m▀[48;2;189;65;57m▀▀[48;2;230;82;65m▀▀▀▀▀▀[38;2;123;49;49;48;2;189;65;57m▀[38;2;230;82;65;48;2;230;82;65m▀[38;2;189;65;57m▀[38;2;246;148;65;48;2;189;65;57m▀[48;2;246;148;65m▀▀▀▀▀[38;2;189;65;57;48;2;189;65;57m▀[38;2;230;82;65;48;2;230;82;65m▀[38;2;0;0;0;48;2;0;0;0m▀[0m
[0m  [38;2;0;0;0;48;2;0;0;0m▀[38;2;230;82;65;48;2;230;82;65m▀[38;2;189;65;57m▀[38;2;246;148;65;48;2;189;65;57m▀[38;2;123;49;49;48;2;0;0;0m▀[38;2;230;82;65;48;2;230;82;65m▀[38;2;255;255;255;48;2;255;255;255m▀[38;2;82;82;82;48;2;0;0;0m▀[38;2;0;0;0m▀[38;2;230;82;65;48;2;230;82;65m▀▀▀▀▀[38;2;165;165;165;48;2;255;255;255m▀[38;2;0;0;0;48;2;0;0;0m▀[38;2;82;82;82m▀[38;2;123;49;49;48;2;255;255;255m▀[48;2;230;82;65m▀[38;2;230;82;65m▀▀▀▀▀[38;2;189;65;57;48;2;189;65;57m▀[38;2;246;148;65;48;2;246;148;65m▀▀▀[48;2;0;0;0m▀[38;2;0;0;0;48;2;255;205;123m▀▀[38;2;123;49;49;48;2;0;0;0m▀[0m
[0m   [38;2;0;0;0m▀[38;2;123;49;49m▀[38;2;230;82;65;48;2;123;49;49m▀[38;2;0;0;0;48;2;0;0;0m▀[38;2;205;164;90;48;2;205;164;90m▀[38;2;255;255;255;48;2;255;205;123m▀[38;2;82;82;82;48;2;255;255;255m▀[38;2;165;165;165;48;2;165;165;165m▀[38;2;255;205;123;48;2;255;205;123m▀[38;2;205;164;90m▀[38;2;230;82;65m▀▀▀[38;2;255;255;255;48;2;255;255;255m▀[38;2;0;0;0;48;2;82;82;82m▀[48;2;165;165;165m▀[38;2;255;255;255;48;2;255;255;255m▀[38;2;230;82;65;48;2;205;164;90m▀[48;2;230;82;65m▀▀▀▀[38;2;189;65;57m▀[38;2;246;148;65;48;2;189;65;57m▀[48;2;0;0;0m▀[38;2;115;82;32;48;2;255;205;123m▀[38;2;0;0;0;48;2;164;123;57m▀[38;2;255;205;123;48;2;205;164;90m▀[48;2;255;205;123m▀▀▀[38;2;115;82;32;48;2;0;0;0m▀[0m
[0m       [38;2;0;0;0;48;2;115;82;32m▀[38;2;255;205;123;48;2;205;164;90m▀[48;2;255;205;123m▀[48;2;205;164;90m▀[38;2;115;82;32;48;2;255;205;123m▀[38;2;205;164;90m▀[38;2;255;205;123m▀▀▀▀[38;2;255;255;255m▀▀[38;2;255;205;123m▀▀[38;2;205;164;90m▀[38;2;230;82;65;48;2;230;82;65m▀▀[38;2;123;49;49;48;2;0;0;0m▀[49m▀[38;2;230;82;65;48;2;0;0;0m▀[38;2;0;0;0m▀[38;2;255;205;123;48;2;164;123;57m▀[48;2;255;205;123m▀[38;2;115;82;32m▀[38;2;255;205;123m▀▀[48;2;205;164;90m▀[38;2;0;0;0;48;2;0;0;0m▀[0m
[0m        [38;2;115;82;32m▀▀[38;2;255;205;123;48;2;164;123;57m▀[38;2;115;82;32m▀[48;2;205;164;90m▀[38;2;164;123;57m▀[38;2;255;205;123;48;2;164;123;57m▀[48;2;115;82;32m▀▀▀[38;2;115;82;32;48;2;255;205;123m▀[38;2;255;205;123m▀[48;2;0;0;0m▀▀[38;2;0;0;0;48;2;115;82;32m▀[49m▀[0m   [38;2;0;0;0m▄[48;2;255;205;123m▀[38;2;255;205;123m▀▀▀[48;2;205;164;90m▀[38;2;0;0;0;48;2;0;0;0m▀[0m
[0m          [38;2;115;82;32m▄▄[48;2;255;205;123m▀[38;2;0;0;0m▀▀[48;2;205;164;90m▀▀▀▀[38;2;115;82;32m▀[38;2;205;164;90m▀▀[48;2;255;205;123m▀[38;2;115;82;32m▀▀[38;2;0;0;0m▀▀[38;2;205;164;90m▀[38;2;255;205;123m▀▀▀[48;2;0;0;0m▀[38;2;0;0;0;49m▀[0m   [38;2;189;65;57m▄▄[48;2;230;82;65m▀▀▀[38;2;0;0;0;48;2;0;0;0m▀[0m
[0m       [38;2;115;82;32m▄▄[48;2;255;205;123m▀[38;2;205;164;90m▀[38;2;255;205;123m▀[48;2;0;0;0m▀[38;2;0;0;0;49m▀▀▀[38;2;205;164;90;48;2;115;82;32m▀[48;2;255;205;123m▀▀▀[38;2;255;205;123m▀[38;2;115;82;32m▀[38;2;0;0;0;48;2;115;82;32m▀[49m▀▀[38;2;205;164;90;48;2;0;0;0m▀[38;2;255;205;123m▀▀▀[38;2;0;0;0;49m▀▀[0m    [38;2;189;65;57;48;2;123;49;49m▀[38;2;230;82;65;48;2;230;82;65m▀▀▀▀[38;2;0;0;0;48;2;0;0;0m▀[0m
[0m     [38;2;115;82;32m▄[48;2;255;205;123m▀[38;2;255;205;123m▀▀▀[48;2;0;0;0m▀[38;2;0;0;0m▀[0m    [38;2;115;82;32;48;2;123;49;49m▀[38;2;255;205;123;48;2;189;65;57m▀[48;2;205;164;90m▀[38;2;189;65;57;48;2;230;82;65m▀[38;2;255;205;123;48;2;189;65;57m▀[38;2;189;65;57;48;2;230;82;65m▀[38;2;123;49;49m▀[38;2;0;0;0;49m▄[0m           [38;2;123;49;49m▀[38;2;230;82;65;48;2;189;65;57m▀[38;2;189;65;57;48;2;230;82;65m▀[38;2;230;82;65;48;2;123;49;49m▀[38;2;189;65;57;48;2;0;0;0m▀[38;2;0;0;0;49m▀[0m
[0m    [38;2;115;82;32m▄[48;2;255;205;123m▀[38;2;255;205;123m▀▀▀▀[48;2;164;123;57m▀[48;2;255;205;123m▀[38;2;115;82;32;48;2;0;0;0m▀[0m   [38;2;123;49;49;48;2;123;49;49m▀[38;2;230;82;65;48;2;230;82;65m▀[38;2;189;65;57m▀[38;2;230;82;65m▀▀▀▀[38;2;0;0;0m▀[38;2;123;49;49;49m▄[0m          [38;2;189;65;57m▄[48;2;230;82;65m▀[38;2;230;82;65;48;2;123;49;49m▀[38;2;0;0;0;48;2;0;0;0m▀[0m
[0m    [38;2;0;0;0;48;2;0;0;0m▀[38;2;255;205;123;48;2;255;205;123m▀▀▀▀▀[38;2;115;82;32;48;2;0;0;0m▀[38;2;0;0;0;49m▀▀[0m [38;2;123;49;49m▄[48;2;189;65;57m▀[38;2;230;82;65;48;2;230;82;65m▀[48;2;123;49;49m▀[48;2;230;82;65m▀▀▀[48;2;189;65;57m▀[48;2;123;49;49m▀[48;2;230;82;65m▀▀[38;2;0;0;0m▀[49m▄[38;2;189;65;57m▄[38;2;123;49;49m▄▄▄[38;2;189;65;57m▄[38;2;123;49;49;48;2;189;65;57m▀[48;2;230;82;65m▀[38;2;189;65;57m▀[38;2;230;82;65;48;2;0;0;0m▀▀[38;2;0;0;0;49m▀[0m
[0m     [38;2;0;0;0m▀[38;2;255;205;123;48;2;0;0;0m▀▀[38;2;205;164;90m▀[38;2;0;0;0;49m▀[0m    [38;2;123;49;49m▀[38;2;189;65;57;48;2;123;49;49m▀▀[48;2;0;0;0m▀[38;2;123;49;49;49m▀[38;2;0;0;0m▀▀▀▀[38;2;189;65;57;48;2;0;0;0m▀[38;2;230;82;65;48;2;123;49;49m▀[48;2;189;65;57m▀[38;2;189;65;57m▀[38;2;0;0;0;48;2;0;0;0m▀[38;2;189;65;57;48;2;123;49;49m▀[48;2;0;0;0m▀▀▀[38;2;0;0;0;49m▀▀▀[0m
[0m              [38;2;123;49;49;48;2;123;49;49m▀[38;2;230;82;65;48;2;0;0;0m▀[38;2;189;65;57;48;2;123;49;49m▀[38;2;123;49;49;48;2;0;0;0m▀[0m     [38;2;0;0;0m▄[38;2;123;49;49;48;2;230;82;65m▀[48;2;189;65;57m▀[38;2;0;0;0;48;2;230;82;65m▀[38;2;123;49;49;49m▄[0m
[0m                        [38;2;0;0;0m▀[38;2;123;49;49m▀[38;2;0;0;0m▀[38;2;123;49;49m▀[0m
