[0m              [38;2;0;57;115m▄▄▄[38;2;32;115;156m▄[38;2;0;57;115;48;2;24;139;172m▀[48;2;41;180;222m▀[38;2;0;0;0m▀[48;2;32;115;156m▀[38;2;0;57;115;49m▄▄[38;2;0;0;0m▄▄[0m
[0m          [38;2;0;57;115m▄[38;2;32;115;156;48;2;41;180;222m▀▀[38;2;0;57;115;48;2;32;115;156m▀[38;2;24;139;172;48;2;41;180;222m▀[38;2;41;180;222m▀▀[38;2;32;115;156m▀[38;2;41;180;222m▀▀▀▀[38;2;32;115;156m▀[38;2;41;180;222m▀▀[38;2;32;115;156m▀[38;2;0;0;0;48;2;0;57;115m▀[49m▄[0m
[0m         [38;2;0;57;115;48;2;0;57;115m▀[38;2;41;180;222;48;2;41;180;222m▀▀▀[38;2;24;139;172;48;2;32;115;156m▀[38;2;32;115;156;48;2;41;180;222m▀▀[38;2;0;57;115m▀▀[38;2;41;180;222;48;2;32;115;156m▀[48;2;0;57;115m▀[48;2;32;115;156m▀[38;2;0;57;115;48;2;41;180;222m▀[38;2;0;0;0m▀▀[38;2;41;180;222;48;2;0;57;115m▀[38;2;0;57;115;48;2;41;180;222m▀[38;2;41;180;222m▀▀[38;2;0;0;0m▀[49m▄[0m
[0m         [38;2;0;57;115m▀[38;2;24;139;172;48;2;0;57;115m▀[38;2;41;180;222;48;2;32;115;156m▀[48;2;41;180;222m▀[48;2;32;115;156m▀[48;2;41;180;222m▀▀▀[48;2;24;139;172m▀[38;2;24;139;172m▀[38;2;32;115;156m▀[38;2;41;180;222;48;2;41;180;222m▀▀▀▀[48;2;24;139;172m▀[38;2;32;115;156;48;2;32;115;156m▀[38;2;41;180;222;48;2;24;139;172m▀▀[38;2;24;139;172;48;2;0;0;0m▀[38;2;0;0;0;49m▀[0m
[0m           [38;2;0;0;0m▀▀[38;2;32;115;156;48;2;0;57;115m▀[48;2;0;0;0m▀[38;2;24;139;172m▀[48;2;0;57;115m▀[38;2;32;115;156;48;2;24;139;172m▀[38;2;24;139;172m▀▀[48;2;32;115;156m▀[48;2;24;139;172m▀▀▀[48;2;0;0;0m▀[38;2;32;115;156m▀[38;2;0;0;0;49m▀▀[0m
[0m   [38;2;32;115;156m▄▄▄▄[0m        [38;2;0;57;115;48;2;0;57;115m▀[38;2;24;139;172;48;2;24;139;172m▀▀▀▀▀[38;2;0;57;115m▀▀[48;2;0;0;0m▀[0m
[0m [38;2;0;57;115m▄[38;2;32;115;156;48;2;41;180;222m▀[38;2;41;180;222m▀[48;2;24;139;172m▀▀[48;2;41;180;222m▀[38;2;32;115;156m▀[49m▄[0m   [38;2;0;57;115m▄▄[48;2;24;139;172m▀[38;2;24;139;172m▀▀▀▀▀▀▀▀[38;2;0;57;115m▀[38;2;32;115;156;49m▄[38;2;0;0;0m▄[0m    [38;2;0;57;115m▄[38;2;32;115;156m▄[48;2;41;180;222m▀▀▀▀▀[38;2;0;57;115;49m▄[0m
[38;2;0;57;115;49m▄[48;2;41;180;222m▀[38;2;41;180;222;48;2;24;139;172m▀[38;2;24;139;172;48;2;156;230;238m▀[38;2;156;230;238m▀▀[38;2;24;139;172m▀[38;2;41;180;222;48;2;24;139;172m▀[38;2;24;139;172;48;2;41;180;222m▀[38;2;32;115;156;48;2;32;115;156m▀[38;2;0;57;115;49m▄[48;2;41;180;222m▀[38;2;24;139;172m▀[38;2;41;180;222m▀▀▀▀[38;2;24;139;172m▀▀▀▀▀▀[38;2;41;180;222m▀▀▀[38;2;0;0;0m▀[38;2;32;115;156;49m▄[38;2;0;0;0m▄[48;2;41;180;222m▀[38;2;41;180;222m▀[48;2;24;139;172m▀[38;2;24;139;172;48;2;156;230;238m▀▀[38;2;41;180;222m▀[48;2;24;139;172m▀[48;2;41;180;222m▀[38;2;24;139;172m▀[38;2;0;57;115;48;2;0;57;115m▀[0m
[38;2;0;57;115;48;2;0;0;0m▀[38;2;41;180;222;48;2;41;180;222m▀[38;2;24;139;172;48;2;24;139;172m▀[38;2;156;230;238;48;2;156;230;238m▀▀▀▀[38;2;24;139;172;48;2;24;139;172m▀[38;2;41;180;222;48;2;41;180;222m▀[38;2;0;57;115;48;2;0;57;115m▀[38;2;24;139;172;48;2;41;180;222m▀[38;2;41;180;222;48;2;255;255;255m▀[38;2;255;255;255m▀▀[38;2;156;230;238m▀[38;2;41;180;222;48;2;41;180;222m▀▀▀▀▀▀[48;2;24;139;172m▀[48;2;255;255;255m▀▀[48;2;24;139;172m▀[48;2;41;180;222m▀▀[48;2;0;57;115m▀[38;2;0;0;0;48;2;41;180;222m▀[38;2;41;180;222;48;2;24;139;172m▀[38;2;24;139;172;48;2;156;230;238m▀[38;2;156;230;238m▀▀▀▀▀[38;2;24;139;172;48;2;24;139;172m▀[38;2;41;180;222;48;2;41;180;222m▀[38;2;0;0;0;48;2;0;0;0m▀[0m
[38;2;0;0;0;48;2;0;0;0m▀[38;2;41;180;222;48;2;24;139;172m▀[48;2;41;180;222m▀[38;2;24;139;172m▀[38;2;156;230;238;48;2;24;139;172m▀[48;2;156;230;238m▀▀▀[38;2;0;57;115;48;2;0;57;115m▀[38;2;41;180;222;48;2;41;180;222m▀▀[38;2;255;255;255;48;2;113;82;35m▀[38;2;0;0;0;48;2;255;255;255m▀▀[38;2;255;255;255;48;2;113;82;35m▀[38;2;41;180;222;48;2;24;139;172m▀[38;2;24;139;172;48;2;255;205;123m▀[38;2;205;164;90m▀▀[38;2;41;180;222;48;2;205;164;90m▀[48;2;41;180;222m▀[38;2;255;255;255;48;2;255;255;255m▀[48;2;0;0;0m▀▀[48;2;255;255;255m▀[38;2;41;180;222;48;2;24;139;172m▀[48;2;41;180;222m▀[38;2;0;57;115;48;2;32;115;156m▀[38;2;41;180;222;48;2;41;180;222m▀[38;2;24;139;172;48;2;24;139;172m▀[38;2;156;230;238;48;2;156;230;238m▀▀▀▀▀[48;2;24;139;172m▀[38;2;24;139;172;48;2;41;180;222m▀[38;2;41;180;222m▀[38;2;0;0;0;48;2;0;0;0m▀[0m
[0m [38;2;0;0;0;48;2;0;0;0m▀[38;2;41;180;222;48;2;24;139;172m▀[38;2;24;139;172m▀[38;2;156;230;238;48;2;156;230;238m▀▀▀▀[38;2;0;57;115;48;2;0;0;0m▀[38;2;41;180;222;48;2;41;180;222m▀▀[38;2;255;255;255;48;2;156;230;238m▀[48;2;255;255;255m▀▀[48;2;205;164;90m▀[38;2;205;164;90;48;2;255;205;123m▀[38;2;255;205;123m▀▀▀▀[38;2;24;139;172m▀[38;2;113;82;35;48;2;255;255;255m▀[38;2;255;255;255m▀▀[38;2;113;82;35m▀[38;2;24;139;172;48;2;24;139;172m▀[38;2;41;180;222;48;2;41;180;222m▀▀▀[38;2;24;139;172;48;2;156;230;238m▀[38;2;156;230;238m▀▀▀[38;2;24;139;172m▀[48;2;24;139;172m▀[38;2;41;180;222;48;2;41;180;222m▀▀[38;2;0;0;0;48;2;0;0;0m▀[0m
[0m  [38;2;0;0;0m▀[38;2;41;180;222;48;2;0;0;0m▀[38;2;24;139;172;48;2;41;180;222m▀[38;2;156;230;238m▀▀[38;2;24;139;172m▀[38;2;0;0;0m▀[38;2;41;180;222;48;2;0;0;0m▀[48;2;41;180;222m▀[48;2;255;205;123m▀[38;2;255;205;123m▀▀▀▀[38;2;113;82;35m▀[38;2;205;164;90m▀[38;2;255;205;123m▀▀▀▀[38;2;255;255;255m▀▀[38;2;156;230;238m▀[38;2;24;139;172;48;2;24;139;172m▀[38;2;32;115;156;48;2;32;115;156m▀[38;2;41;180;222;48;2;41;180;222m▀[38;2;24;139;172;48;2;24;139;172m▀[38;2;156;230;238m▀[48;2;156;230;238m▀▀▀[48;2;24;139;172m▀[38;2;24;139;172;48;2;41;180;222m▀[38;2;41;180;222m▀[38;2;0;0;0;48;2;0;0;0m▀[0m
[0m    [38;2;0;0;0m▀▀[38;2;41;180;222;48;2;0;0;0m▀▀[38;2;24;139;172m▀[38;2;0;0;0;49m▀[38;2;41;180;222;48;2;0;0;0m▀[38;2;255;205;123;48;2;205;164;90m▀[48;2;255;205;123m▀[38;2;164;123;57m▀[38;2;255;205;123;48;2;113;82;35m▀▀[38;2;113;82;35;48;2;255;205;123m▀[38;2;0;0;0m▀[38;2;255;205;123;48;2;113;82;35m▀[48;2;0;0;0m▀▀[48;2;113;82;35m▀[38;2;113;82;35;48;2;255;205;123m▀[38;2;255;205;123m▀▀▀[38;2;24;139;172;48;2;24;139;172m▀[38;2;0;57;115;48;2;0;57;115m▀[38;2;41;180;222;48;2;0;0;0m▀[48;2;41;180;222m▀[38;2;24;139;172m▀▀▀[38;2;41;180;222;48;2;0;0;0m▀▀[38;2;0;0;0;49m▀[0m
[0m           [38;2;0;0;0m▀[38;2;164;123;57m▀[38;2;255;205;123;48;2;113;82;35m▀▀[48;2;205;164;90m▀[48;2;255;205;123m▀▀▀▀▀▀[48;2;205;164;90m▀[48;2;0;0;0m▀▀[38;2;113;82;35;49m▀[38;2;0;0;0m▀[0m  [38;2;0;0;0m▀▀▀▀[0m
[0m              [38;2;0;57;115m▄[38;2;113;82;35;48;2;24;139;172m▀[48;2;0;57;115m▀[48;2;24;139;172m▀[38;2;0;0;0m▀▀▀▀[48;2;0;57;115m▀[49m▄[0m
[0m       [38;2;164;123;57m▄[38;2;113;82;35m▄▄▄[38;2;164;123;57m▄[38;2;113;82;35;48;2;255;205;123m▀[38;2;0;57;115;48;2;41;180;222m▀[38;2;41;180;222;48;2;0;57;115m▀[38;2;32;115;156m▀[38;2;0;57;115;48;2;41;180;222m▀[38;2;41;180;222m▀[38;2;24;139;172m▀▀[38;2;32;115;156m▀[38;2;24;139;172;48;2;0;0;0m▀[38;2;41;180;222;48;2;32;115;156m▀[48;2;41;180;222m▀[38;2;0;0;0;48;2;205;164;90m▀[38;2;113;82;35;49m▄▄[0m          [38;2;0;57;115m▄[38;2;32;115;156m▄[0m [38;2;0;57;115m▄▄[0m
[0m    [38;2;113;82;35m▄[38;2;164;123;57;48;2;255;205;123m▀▀[38;2;255;205;123m▀▀▀▀[48;2;0;0;0m▀[38;2;205;164;90m▀[38;2;0;0;0;49m▀[0m [38;2;0;57;115;48;2;113;82;35m▀[38;2;255;205;123;48;2;255;205;123m▀[38;2;24;139;172m▀[38;2;255;205;123m▀[38;2;24;139;172m▀[38;2;255;205;123m▀[38;2;0;0;0;48;2;0;0;0m▀[0m [38;2;0;57;115m▀[38;2;0;0;0m▀[38;2;255;205;123;48;2;0;0;0m▀[48;2;255;205;123m▀[38;2;113;82;35m▀▀▀[49m▄▄[0m    [38;2;0;57;115;48;2;0;57;115m▀[38;2;41;180;222;48;2;41;180;222m▀▀[38;2;0;57;115m▀[38;2;41;180;222m▀▀[38;2;0;57;115m▀[38;2;0;0;0;49m▄[0m
[0m   [38;2;113;82;35;48;2;0;0;0m▀[38;2;255;205;123;48;2;255;205;123m▀▀▀▀[48;2;164;123;57m▀[48;2;255;205;123m▀[38;2;113;82;35;48;2;0;0;0m▀[0m   [38;2;164;123;57m▄[48;2;255;205;123m▀[38;2;255;205;123m▀▀▀▀▀[38;2;0;0;0;48;2;113;82;35m▀[0m   [38;2;0;0;0m▀[38;2;205;164;90;48;2;0;0;0m▀[38;2;255;205;123;48;2;255;205;123m▀▀▀▀▀[38;2;0;0;0m▀[49m▄[0m  [38;2;32;115;156;48;2;0;57;115m▀[48;2;41;180;222m▀[38;2;41;180;222m▀▀▀[48;2;0;57;115m▀[38;2;32;115;156;48;2;0;0;0m▀[38;2;0;0;0;49m▀[0m
[0m   [38;2;0;0;0m▀[38;2;205;164;90;48;2;0;0;0m▀[38;2;255;205;123m▀▀▀[38;2;113;82;35;49m▀[38;2;0;0;0m▀▀[0m  [38;2;164;123;57m▄[48;2;255;205;123m▀[38;2;255;205;123m▀▀▀▀▀▀▀[38;2;0;0;0;48;2;0;0;0m▀[0m   [38;2;0;0;0m▀[38;2;255;205;123;48;2;0;0;0m▀[38;2;113;82;35m▀[38;2;255;205;123;48;2;113;82;35m▀[48;2;255;205;123m▀▀[48;2;205;164;90m▀[38;2;0;0;0;48;2;0;0;0m▀[38;2;113;82;35;49m▄[38;2;0;57;115;48;2;41;180;222m▀[38;2;41;180;222;48;2;32;115;156m▀[48;2;0;0;0m▀[38;2;32;115;156;48;2;0;57;115m▀[38;2;41;180;222;48;2;41;180;222m▀▀[48;2;32;115;156m▀[38;2;0;0;0;48;2;0;0;0m▀[0m
[0m            [38;2;113;82;35;48;2;113;82;35m▀[38;2;255;205;123;48;2;255;205;123m▀▀[48;2;205;164;90m▀[38;2;164;123;57;48;2;113;82;35m▀[38;2;255;205;123;48;2;0;0;0m▀▀[48;2;113;82;35m▀[48;2;205;164;90m▀[48;2;255;205;123m▀▀[38;2;0;0;0m▀[38;2;113;82;35;48;2;0;0;0m▀[48;2;205;164;90m▀▀[49m▄▄▄[38;2;0;0;0;48;2;113;82;35m▀[48;2;205;164;90m▀▀[38;2;255;205;123;48;2;113;82;35m▀[48;2;0;0;0m▀[38;2;0;0;0;49m▀▀[0m  [38;2;0;0;0m▀▀▀[0m
[0m            [38;2;113;82;35m▄[48;2;255;205;123m▀[38;2;205;164;90;48;2;164;123;57m▀[38;2;113;82;35;48;2;255;205;123m▀[38;2;0;0;0;48;2;113;82;35m▀[0m   [38;2;0;0;0m▀[38;2;255;205;123;48;2;113;82;35m▀[48;2;205;164;90m▀[38;2;205;164;90;48;2;113;82;35m▀[38;2;0;0;0m▀[49m▀▀[38;2;205;164;90;48;2;0;0;0m▀▀▀▀[38;2;113;82;35;49m▀[38;2;0;0;0m▀[0m
[0m            [38;2;113;82;35m▀▀[38;2;0;0;0m▀▀[0m    [38;2;113;82;35m▀[38;2;255;205;123;48;2;113;82;35m▀[38;2;164;123;57;48;2;0;0;0m▀[38;2;255;205;123m▀[38;2;0;0;0;49m▀[0m
