[0m                    [38;2;32;139;164m▄[38;2;16;106;139m▄▄▄[48;2;32;139;164m▀[38;2;0;57;115;48;2;41;180;222m▀▀[38;2;16;106;139m▀[38;2;0;57;115;49m▄[48;2;16;106;139m▀[48;2;41;180;222m▀▀[38;2;0;0;0m▀[38;2;0;57;115;49m▄[38;2;0;0;0m▄[0m
[0m                 [38;2;16;106;139m▄[48;2;32;139;164m▀[48;2;41;180;222m▀[38;2;41;180;222m▀▀▀▀[38;2;16;106;139m▀[38;2;0;57;115m▀▀[38;2;41;180;222;48;2;16;106;139m▀[48;2;41;180;222m▀[48;2;16;106;139m▀▀[38;2;32;139;164;48;2;41;180;222m▀[38;2;16;106;139m▀▀▀▀[38;2;0;0;0m▀[49m▄▄[0m
[0m               [38;2;0;57;115m▄[38;2;16;106;139;48;2;32;139;164m▀[38;2;41;180;222;48;2;41;180;222m▀[48;2;16;106;139m▀▀[38;2;16;106;139;48;2;41;180;222m▀▀[38;2;0;57;115m▀▀[38;2;41;180;222;48;2;16;106;139m▀▀[48;2;41;180;222m▀▀▀▀[48;2;16;106;139m▀[48;2;0;57;115m▀▀▀▀[48;2;32;139;164m▀[48;2;41;180;222m▀▀[38;2;32;139;164m▀[38;2;0;0;0m▀[49m▄[0m
[0m              [38;2;0;57;115;48;2;0;57;115m▀[38;2;32;139;164;48;2;32;139;164m▀[38;2;41;180;222;48;2;0;57;115m▀[38;2;16;106;139;48;2;41;180;222m▀[38;2;41;180;222m▀▀▀▀▀▀▀▀[38;2;32;139;164m▀[38;2;41;180;222m▀[38;2;16;106;139m▀[38;2;0;57;115m▀[38;2;41;180;222m▀▀▀▀▀[38;2;0;57;115m▀▀[38;2;41;180;222;48;2;0;57;115m▀[48;2;41;180;222m▀[48;2;32;139;164m▀[38;2;0;57;115m▀[49m▄[0m
[0m             [38;2;0;57;115;48;2;0;57;115m▀[38;2;32;139;164;48;2;0;0;0m▀[38;2;0;0;0;48;2;41;180;222m▀[38;2;41;180;222m▀▀▀▀▀▀▀▀▀▀▀▀▀▀▀▀▀▀▀▀▀▀[38;2;0;57;115;48;2;0;0;0m▀[38;2;32;139;164;48;2;32;139;164m▀▀[38;2;0;57;115m▀[49m▄[0m
[0m        [38;2;0;57;115m▄▄▄▄[38;2;16;106;139m▄[38;2;0;57;115;48;2;0;0;0m▀[38;2;0;0;0;48;2;41;180;222m▀[38;2;41;180;222m▀▀▀▀▀[48;2;0;57;115m▀[48;2;16;106;139m▀[38;2;32;139;164;48;2;41;180;222m▀▀[38;2;41;180;222m▀▀▀▀▀[48;2;32;139;164m▀[48;2;16;106;139m▀▀[48;2;41;180;222m▀▀▀▀▀▀▀[38;2;0;0;0;48;2;0;0;0m▀[38;2;32;139;164;48;2;32;139;164m▀▀[38;2;0;57;115;48;2;0;57;115m▀[0m
[0m      [38;2;0;57;115m▄[48;2;41;180;222m▀[38;2;32;139;164m▀[38;2;41;180;222;48;2;32;139;164m▀▀▀[48;2;41;180;222m▀[38;2;0;0;0;48;2;0;57;115m▀[38;2;41;180;222;48;2;41;180;222m▀▀▀[38;2;16;106;139;48;2;0;57;115m▀[38;2;41;180;222m▀[38;2;0;57;115;48;2;41;180;222m▀[38;2;41;180;222m▀▀▀▀▀▀▀▀▀▀▀▀[38;2;16;106;139m▀▀[38;2;41;180;222;48;2;0;57;115m▀[48;2;41;180;222m▀▀▀▀[38;2;32;139;164m▀[38;2;0;0;0;48;2;0;0;0m▀[38;2;32;139;164m▀[38;2;16;106;139m▀[38;2;0;0;0;48;2;41;180;222m▀▀▀▀[48;2;32;139;164m▀[49m▄[0m
[0m      [38;2;0;57;115;48;2;0;0;0m▀[38;2;41;180;222;48;2;41;180;222m▀[38;2;32;139;164;48;2;32;139;164m▀[38;2;156;230;238;48;2;156;230;238m▀▀▀[38;2;0;0;0;48;2;0;0;0m▀[38;2;41;180;222;48;2;41;180;222m▀▀▀▀[38;2;0;57;115;48;2;0;0;0m▀[38;2;32;139;164;48;2;41;180;222m▀[38;2;41;180;222m▀[48;2;32;139;164m▀[48;2;255;255;255m▀[48;2;32;139;164m▀[48;2;41;180;222m▀▀[48;2;255;205;123m▀[48;2;164;123;57m▀[48;2;41;180;222m▀▀▀▀▀▀▀[38;2;0;57;115m▀[38;2;41;180;222;48;2;16;106;139m▀[48;2;41;180;222m▀▀▀▀[38;2;0;0;0;48;2;0;0;0m▀[38;2;41;180;222;48;2;32;139;164m▀▀[38;2;32;139;164;48;2;156;230;238m▀▀▀▀[38;2;41;180;222;48;2;32;139;164m▀[48;2;41;180;222m▀[38;2;0;0;0;48;2;0;0;0m▀[0m
[0m      [38;2;0;0;0m▀[38;2;41;180;222;48;2;0;0;0m▀[48;2;41;180;222m▀[38;2;32;139;164m▀[38;2;156;230;238;48;2;32;139;164m▀[48;2;156;230;238m▀[38;2;0;0;0;48;2;0;0;0m▀[38;2;41;180;222;48;2;41;180;222m▀▀▀▀[38;2;0;0;0;48;2;0;0;0m▀[38;2;41;180;222;48;2;41;180;222m▀[38;2;32;139;164;48;2;32;139;164m▀[38;2;197;197;197;48;2;255;255;255m▀[38;2;255;255;255;48;2;74;74;74m▀[48;2;255;255;255m▀[38;2;32;139;164;48;2;205;164;90m▀[38;2;205;164;90;48;2;255;205;123m▀[38;2;255;205;123m▀▀[38;2;205;164;90m▀[38;2;41;180;222;48;2;16;106;139m▀[38;2;32;139;164;48;2;255;255;255m▀[38;2;255;255;255m▀[38;2;32;139;164;48;2;197;197;197m▀[38;2;41;180;222;48;2;32;139;164m▀[48;2;41;180;222m▀▀[38;2;0;57;115;48;2;0;57;115m▀[38;2;41;180;222;48;2;41;180;222m▀▀▀▀[38;2;0;0;0;48;2;0;0;0m▀[38;2;156;230;238;48;2;156;230;238m▀▀▀▀▀▀[38;2;32;139;164;48;2;32;139;164m▀[38;2;41;180;222;48;2;41;180;222m▀[38;2;0;0;0;48;2;0;0;0m▀[0m
[0m       [38;2;0;0;0m▀[38;2;41;180;222;48;2;0;0;0m▀[38;2;32;139;164;48;2;41;180;222m▀[38;2;156;230;238;48;2;32;139;164m▀[48;2;156;230;238m▀[38;2;0;57;115;48;2;0;57;115m▀[38;2;41;180;222;48;2;41;180;222m▀▀▀▀[38;2;0;0;0;48;2;0;57;115m▀[38;2;41;180;222;48;2;205;164;90m▀[38;2;32;139;164;48;2;32;139;164m▀[38;2;74;74;74;48;2;255;255;255m▀[38;2;255;255;255m▀[38;2;74;74;74m▀[38;2;255;205;123;48;2;255;205;123m▀▀▀▀▀[38;2;205;164;90m▀[38;2;255;255;255;48;2;74;74;74m▀[38;2;74;74;74;48;2;255;255;255m▀[38;2;255;255;255;48;2;74;74;74m▀[38;2;16;106;139;48;2;16;106;139m▀[38;2;41;180;222;48;2;205;164;90m▀[38;2;32;139;164;48;2;255;205;123m▀[38;2;0;57;115;48;2;0;57;115m▀[38;2;41;180;222;48;2;41;180;222m▀▀▀[48;2;32;139;164m▀[38;2;0;0;0;48;2;0;0;0m▀[38;2;156;230;238;48;2;156;230;238m▀▀[48;2;32;139;164m▀▀▀[38;2;32;139;164;48;2;41;180;222m▀[38;2;41;180;222m▀[48;2;0;0;0m▀[38;2;0;0;0;49m▀[0m
[0m    [38;2;115;82;32m▄[38;2;0;0;0m▄[0m   [38;2;0;57;115m▀[38;2;41;180;222;48;2;0;57;115m▀▀[38;2;32;139;164;48;2;32;139;164m▀[38;2;0;57;115;48;2;0;57;115m▀[38;2;41;180;222;48;2;41;180;222m▀▀▀[38;2;16;106;139;48;2;16;106;139m▀[38;2;255;205;123;48;2;255;205;123m▀▀[38;2;197;197;197m▀[38;2;255;255;255m▀[38;2;205;164;90m▀[38;2;255;205;123m▀[48;2;115;82;32m▀[48;2;164;123;57m▀[48;2;255;205;123m▀▀▀[38;2;255;255;255;48;2;197;197;197m▀[48;2;255;255;255m▀[48;2;205;164;90m▀[38;2;164;123;57;48;2;255;205;123m▀[38;2;255;205;123m▀[48;2;205;164;90m▀[38;2;0;57;115;48;2;0;57;115m▀[38;2;41;180;222;48;2;41;180;222m▀▀▀[38;2;0;0;0;48;2;0;0;0m▀[38;2;156;230;238;48;2;156;230;238m▀▀▀[48;2;32;139;164m▀[38;2;32;139;164m▀[38;2;41;180;222;48;2;41;180;222m▀▀[48;2;0;0;0m▀[38;2;0;0;0;49m▀[0m
[0m   [38;2;115;82;32;48;2;115;82;32m▀[38;2;255;205;123;48;2;205;164;90m▀[48;2;255;205;123m▀[38;2;0;0;0;48;2;0;0;0m▀[0m  [38;2;115;82;32m▄▄[38;2;0;0;0m▄[38;2;0;57;115m▀[48;2;16;106;139m▀[38;2;41;180;222;48;2;0;0;0m▀[48;2;41;180;222m▀▀▀[38;2;164;123;57;48;2;115;82;32m▀[38;2;255;205;123;48;2;255;205;123m▀[38;2;205;164;90m▀[38;2;255;205;123;48;2;115;82;32m▀[48;2;255;205;123m▀▀[48;2;115;82;32m▀[48;2;0;0;0m▀[48;2;205;164;90m▀[48;2;255;205;123m▀▀▀▀[48;2;115;82;32m▀[48;2;255;205;123m▀▀[38;2;0;57;115;48;2;0;57;115m▀[38;2;41;180;222;48;2;41;180;222m▀▀▀[38;2;32;139;164;48;2;0;0;0m▀[38;2;0;0;0;48;2;41;180;222m▀[38;2;32;139;164m▀▀▀[38;2;41;180;222;48;2;0;0;0m▀▀[38;2;0;0;0;49m▀▀[0m
[38;2;115;82;32;49m▄[48;2;255;205;123m▀▀▀[48;2;164;123;57m▀[38;2;255;205;123;48;2;115;82;32m▀[48;2;255;205;123m▀[38;2;0;0;0m▀[38;2;115;82;32;48;2;164;123;57m▀[38;2;205;164;90;48;2;255;205;123m▀[38;2;255;205;123m▀[48;2;0;0;0m▀[38;2;0;0;0;48;2;16;106;139m▀[38;2;32;139;164;48;2;32;139;164m▀[38;2;0;0;0;48;2;0;0;0m▀[38;2;32;139;164;48;2;0;57;115m▀[38;2;41;180;222m▀[48;2;41;180;222m▀▀[38;2;0;0;0;48;2;0;0;0m▀[38;2;255;205;123;48;2;115;82;32m▀▀[38;2;115;82;32;48;2;205;164;90m▀[48;2;255;205;123m▀[38;2;255;205;123m▀▀[38;2;164;123;57m▀[38;2;115;82;32m▀[38;2;0;0;0m▀▀[38;2;115;82;32m▀[38;2;255;205;123;48;2;0;0;0m▀▀[38;2;115;82;32m▀[38;2;32;139;164;48;2;41;180;222m▀[38;2;41;180;222m▀▀▀[38;2;0;0;0;48;2;0;0;0m▀[48;2;32;139;164m▀▀[48;2;0;57;115m▀[38;2;0;57;115;48;2;32;139;164m▀▀[38;2;0;0;0;49m▄[0m
[38;2;115;82;32;49m▀[38;2;0;0;0m▀[38;2;205;164;90;48;2;0;0;0m▀[38;2;255;205;123m▀[48;2;164;123;57m▀[48;2;255;205;123m▀▀▀▀▀[38;2;115;82;32;48;2;115;82;32m▀[0m [38;2;16;106;139;48;2;0;0;0m▀[38;2;0;0;0;48;2;41;180;222m▀[38;2;41;180;222m▀▀[38;2;32;139;164m▀[38;2;16;106;139;48;2;16;106;139m▀[38;2;41;180;222;48;2;41;180;222m▀▀[38;2;0;0;0;48;2;0;0;0m▀[38;2;16;106;139;48;2;16;106;139m▀[48;2;115;82;32m▀[38;2;115;82;32;48;2;205;164;90m▀[48;2;0;0;0m▀[48;2;197;197;197m▀▀[38;2;0;0;0m▀▀[48;2;74;74;74m▀[38;2;0;57;115;48;2;205;164;90m▀[38;2;32;139;164;48;2;0;57;115m▀▀[38;2;0;0;0;48;2;0;0;0m▀[38;2;41;180;222;48;2;41;180;222m▀▀[48;2;0;57;115m▀[38;2;0;57;115;48;2;32;139;164m▀[48;2;41;180;222m▀▀[38;2;32;139;164;48;2;0;0;0m▀[48;2;32;139;164m▀▀▀[38;2;0;0;0;48;2;0;0;0m▀[0m
[0m [38;2;115;82;32;48;2;115;82;32m▀[38;2;205;164;90;48;2;255;205;123m▀[38;2;255;205;123m▀[48;2;115;82;32m▀[48;2;164;123;57m▀[48;2;255;205;123m▀▀▀▀▀[38;2;115;82;32m▀[38;2;0;0;0;48;2;0;57;115m▀[38;2;41;180;222;48;2;41;180;222m▀▀▀▀[38;2;32;139;164m▀[38;2;41;180;222m▀[48;2;32;139;164m▀[38;2;0;0;0;48;2;0;0;0m▀[38;2;115;82;32;48;2;205;164;90m▀[38;2;205;164;90;48;2;74;74;74m▀[38;2;74;74;74;48;2;197;197;197m▀[38;2;197;197;197m▀▀▀▀▀[38;2;0;0;0m▀[38;2;205;164;90;48;2;0;0;0m▀[48;2;115;82;32m▀[48;2;205;164;90m▀[38;2;0;0;0m▀[38;2;41;180;222;48;2;0;0;0m▀[48;2;41;180;222m▀[38;2;0;57;115;48;2;16;106;139m▀[38;2;41;180;222;48;2;41;180;222m▀▀▀▀[38;2;0;0;0;48;2;0;0;0m▀[38;2;32;139;164;48;2;0;57;115m▀[38;2;0;0;0;49m▀[0m
[0m  [38;2;0;0;0m▀[48;2;0;0;0m▀[38;2;115;82;32;48;2;255;205;123m▀[38;2;255;205;123m▀[48;2;0;0;0m▀[38;2;0;0;0;49m▀[38;2;115;82;32m▀[38;2;255;205;123;48;2;0;0;0m▀[48;2;205;164;90m▀[48;2;255;205;123m▀▀[38;2;0;0;0m▀[38;2;32;139;164;48;2;0;0;0m▀[38;2;41;180;222m▀▀▀[38;2;0;57;115;48;2;205;164;90m▀[38;2;0;0;0m▀[38;2;205;164;90m▀[48;2;0;57;115m▀[38;2;74;74;74;48;2;197;197;197m▀[38;2;197;197;197m▀[48;2;32;139;164m▀[48;2;255;255;255m▀▀[38;2;255;255;255m▀[48;2;32;139;164m▀[48;2;255;255;255m▀[38;2;0;0;0m▀[49m▄[38;2;115;82;32m▀▀[38;2;0;0;0;48;2;115;82;32m▀[38;2;41;180;222;48;2;0;0;0m▀[48;2;41;180;222m▀▀▀[48;2;32;139;164m▀[38;2;32;139;164;48;2;0;0;0m▀[38;2;0;0;0;49m▀[0m
[0m    [38;2;0;0;0m▀▀[0m    [38;2;0;0;0m▀▀[38;2;255;205;123;48;2;0;0;0m▀▀[48;2;255;205;123m▀▀▀[38;2;205;164;90m▀[48;2;115;82;32m▀[38;2;115;82;32;49m▀[38;2;0;0;0;48;2;0;0;0m▀[38;2;41;180;222;48;2;41;180;222m▀[38;2;32;139;164m▀[38;2;41;180;222m▀▀[38;2;197;197;197m▀[38;2;255;255;255m▀[38;2;32;139;164m▀[38;2;41;180;222m▀▀[38;2;197;197;197m▀[38;2;0;57;115m▀[38;2;0;0;0;49m▄[0m   [38;2;0;0;0m▀[48;2;115;82;32m▀[48;2;205;164;90m▀▀[38;2;205;164;90m▀[38;2;0;0;0;48;2;0;0;0m▀[0m
[0m              [38;2;0;0;0m▀[38;2;255;205;123;48;2;0;0;0m▀▀[38;2;0;0;0;49m▀[38;2;0;57;115m▄[48;2;41;180;222m▀[38;2;41;180;222m▀▀▀▀▀▀▀▀▀▀▀▀▀[38;2;0;0;0;48;2;0;0;0m▀[0m  [38;2;115;82;32m▄[48;2;205;164;90m▀[38;2;205;164;90m▀[48;2;0;0;0m▀[38;2;0;0;0;49m▀[0m      [38;2;16;106;139m▄[48;2;41;180;222m▀▀[38;2;0;57;115m▀[49m▄[48;2;41;180;222m▀▀[38;2;0;0;0;48;2;32;139;164m▀[49m▄[0m
[0m                 [38;2;0;57;115m▄[48;2;41;180;222m▀[38;2;41;180;222m▀[48;2;16;106;139m▀▀[38;2;16;106;139;48;2;0;57;115m▀[38;2;41;180;222;48;2;41;180;222m▀▀▀▀▀▀▀[38;2;16;106;139;48;2;0;57;115m▀[38;2;41;180;222;48;2;32;139;164m▀[48;2;41;180;222m▀▀[38;2;0;0;0;48;2;0;0;0m▀[38;2;115;82;32;49m▄[48;2;205;164;90m▀[38;2;205;164;90m▀[48;2;0;0;0m▀[38;2;0;0;0;49m▀[0m    [38;2;16;106;139m▄[38;2;0;57;115;48;2;32;139;164m▀[48;2;41;180;222m▀[38;2;16;106;139m▀[38;2;41;180;222;48;2;16;106;139m▀[48;2;41;180;222m▀▀▀▀▀[48;2;16;106;139m▀[38;2;0;57;115;48;2;41;180;222m▀▀[38;2;0;0;0;48;2;32;139;164m▀[49m▄[0m
[0m                 [38;2;0;0;0m▀▀▀[38;2;115;82;32;48;2;115;82;32m▀[38;2;255;205;123;48;2;255;205;123m▀[38;2;0;57;115m▀[38;2;41;180;222;48;2;0;57;115m▀[48;2;41;180;222m▀▀▀▀▀[48;2;0;57;115m▀[38;2;0;57;115;48;2;205;164;90m▀[38;2;0;0;0;48;2;255;205;123m▀▀[38;2;41;180;222;48;2;0;0;0m▀▀[38;2;0;0;0m▀[38;2;205;164;90;48;2;205;164;90m▀▀[38;2;115;82;32m▀[38;2;0;0;0;48;2;0;0;0m▀[48;2;255;205;123m▀[38;2;115;82;32m▀[49m▄[0m [38;2;0;57;115;48;2;0;57;115m▀[38;2;41;180;222;48;2;41;180;222m▀▀▀[38;2;16;106;139m▀[38;2;41;180;222m▀▀▀▀▀[48;2;32;139;164m▀[48;2;16;106;139m▀[48;2;41;180;222m▀▀[38;2;0;0;0;48;2;0;0;0m▀[0m
[0m                   [38;2;115;82;32m▄[48;2;205;164;90m▀[38;2;255;205;123;48;2;255;205;123m▀▀[38;2;0;57;115;48;2;0;57;115m▀[38;2;41;180;222;48;2;41;180;222m▀▀▀▀▀[38;2;0;0;0;48;2;0;0;0m▀[38;2;255;205;123;48;2;255;205;123m▀▀▀[38;2;205;164;90m▀[38;2;0;0;0;48;2;0;0;0m▀[38;2;205;164;90;48;2;115;82;32m▀[48;2;205;164;90m▀▀▀[38;2;115;82;32;48;2;255;205;123m▀▀[38;2;255;205;123m▀[38;2;0;0;0;48;2;0;0;0m▀[0m  [38;2;0;57;115m▀▀[38;2;32;139;164m▀[38;2;41;180;222;48;2;16;106;139m▀[48;2;41;180;222m▀▀▀[48;2;16;106;139m▀[48;2;41;180;222m▀▀▀[38;2;0;57;115;48;2;0;0;0m▀[38;2;0;0;0;49m▀[0m
[0m                   [38;2;115;82;32;48;2;115;82;32m▀[38;2;255;205;123;48;2;255;205;123m▀▀▀▀[38;2;0;57;115;48;2;0;57;115m▀[38;2;41;180;222;48;2;41;180;222m▀▀▀[38;2;0;57;115;48;2;0;0;0m▀[38;2;255;205;123;48;2;255;205;123m▀▀▀▀▀[38;2;0;0;0;48;2;205;164;90m▀[49m▄[38;2;115;82;32m▀[38;2;205;164;90;48;2;115;82;32m▀[38;2;255;205;123m▀▀[48;2;0;0;0m▀[38;2;0;0;0;49m▀[0m      [38;2;0;57;115;48;2;0;0;0m▀[38;2;41;180;222;48;2;41;180;222m▀▀▀[38;2;0;57;115;48;2;32;139;164m▀[38;2;41;180;222;48;2;0;0;0m▀▀[38;2;32;139;164m▀[38;2;0;0;0;49m▀[0m
[0m                   [38;2;115;82;32;48;2;115;82;32m▀[38;2;255;205;123;48;2;255;205;123m▀▀▀[48;2;115;82;32m▀[38;2;0;57;115m▀[38;2;41;180;222;48;2;16;106;139m▀[48;2;41;180;222m▀[38;2;32;139;164;48;2;0;0;0m▀[38;2;0;0;0;48;2;115;82;32m▀[38;2;205;164;90;48;2;0;0;0m▀[38;2;255;205;123m▀[48;2;255;205;123m▀▀▀▀[38;2;0;0;0;48;2;0;0;0m▀[0m         [38;2;0;0;0m▄▄[48;2;32;139;164m▀[38;2;32;139;164m▀▀[38;2;41;180;222m▀[38;2;16;106;139;48;2;0;0;0m▀[38;2;0;0;0;49m▀[0m
[0m                  [38;2;115;82;32;48;2;115;82;32m▀[38;2;205;164;90;48;2;255;205;123m▀[38;2;255;205;123m▀▀▀[38;2;0;0;0;48;2;0;0;0m▀[0m  [38;2;0;57;115m▀[38;2;0;0;0;48;2;115;82;32m▀[38;2;205;164;90;48;2;205;164;90m▀▀▀[38;2;115;82;32;48;2;115;82;32m▀[38;2;255;205;123;48;2;205;164;90m▀[48;2;255;205;123m▀▀[38;2;164;123;57m▀[38;2;0;0;0;48;2;0;0;0m▀[38;2;115;82;32;49m▄▄▄▄▄[48;2;205;164;90m▀[38;2;0;0;0m▀▀[38;2;205;164;90m▀[38;2;32;139;164m▀[48;2;32;139;164m▀[48;2;0;0;0m▀▀[38;2;0;0;0;49m▀[0m
[0m                  [38;2;115;82;32;48;2;115;82;32m▀[38;2;255;205;123;48;2;255;205;123m▀▀▀[38;2;205;164;90;48;2;0;0;0m▀[38;2;0;0;0;49m▀[0m    [38;2;0;0;0m▀[38;2;205;164;90;48;2;0;0;0m▀[48;2;115;82;32m▀[48;2;205;164;90m▀[38;2;0;0;0;48;2;0;0;0m▀[38;2;255;205;123;48;2;255;205;123m▀▀▀[38;2;115;82;32;48;2;115;82;32m▀[38;2;205;164;90;48;2;205;164;90m▀▀▀▀▀[48;2;0;0;0m▀▀▀▀[38;2;0;0;0;49m▀▀[0m
[0m                 [38;2;115;82;32m▄[48;2;115;82;32m▀[38;2;255;205;123;48;2;255;205;123m▀▀▀[38;2;0;0;0;48;2;115;82;32m▀[0m        [38;2;115;82;32m▀[38;2;0;0;0m▀[38;2;205;164;90;48;2;0;0;0m▀[38;2;255;205;123;48;2;255;205;123m▀▀[38;2;205;164;90m▀[38;2;0;0;0;48;2;0;0;0m▀[38;2;115;82;32;49m▀[38;2;0;0;0m▀▀▀[0m
[0m             [38;2;115;82;32m▄[48;2;205;164;90m▀[48;2;255;205;123m▀▀[38;2;255;205;123;48;2;164;123;57m▀[48;2;255;205;123m▀▀[48;2;164;123;57m▀[48;2;255;205;123m▀[38;2;205;164;90m▀[38;2;0;0;0;48;2;0;0;0m▀[0m         [38;2;0;0;0;48;2;0;0;0m▀[38;2;255;205;123;48;2;255;205;123m▀▀▀[38;2;115;82;32m▀[38;2;0;0;0m▀▀[49m▄▄[0m
[0m             [38;2;0;0;0;48;2;0;0;0m▀[38;2;255;205;123;48;2;205;164;90m▀[48;2;255;205;123m▀[38;2;115;82;32;48;2;0;0;0m▀[38;2;255;205;123;48;2;205;164;90m▀[48;2;255;205;123m▀[38;2;115;82;32;48;2;0;0;0m▀[38;2;255;205;123;48;2;205;164;90m▀[48;2;255;205;123m▀[48;2;0;0;0m▀[38;2;0;0;0;49m▀[0m        [38;2;0;0;0;48;2;0;0;0m▀[38;2;205;164;90;48;2;255;205;123m▀[38;2;255;205;123m▀▀[38;2;164;123;57m▀[38;2;255;205;123;48;2;0;0;0m▀[48;2;255;205;123m▀[38;2;164;123;57m▀[38;2;255;205;123;48;2;115;82;32m▀[48;2;255;205;123m▀[38;2;0;0;0;48;2;0;0;0m▀[0m
[0m              [38;2;0;0;0m▀▀▀▀▀[38;2;115;82;32m▀[38;2;0;0;0m▀▀[0m          [38;2;0;0;0m▀[38;2;115;82;32m▀[38;2;255;205;123;48;2;0;0;0m▀▀[38;2;205;164;90m▀[38;2;0;0;0;48;2;115;82;32m▀[38;2;255;205;123;48;2;0;0;0m▀[38;2;205;164;90m▀[38;2;0;0;0m▀[38;2;205;164;90m▀[38;2;0;0;0;49m▀[0m
