[0m          [38;2;205;139;189m▄▄▄[48;2;255;197;205m▀▀▀▀▀▀[49m▄▄▄[0m
[0m       [38;2;205;139;189m▄[48;2;255;197;205m▀▀[38;2;255;197;205m▀▀▀▀▀▀▀▀▀▀▀▀[38;2;205;139;189m▀▀[38;2;131;65;98;49m▄[0m
[0m     [38;2;205;139;189m▄[48;2;255;197;205m▀[38;2;255;197;205m▀[48;2;255;213;222m▀▀▀[48;2;255;197;205m▀▀▀▀▀▀▀▀▀▀▀[48;2;131;90;148m▀[38;2;131;90;148;48;2;172;123;205m▀▀[38;2;131;65;98m▀[38;2;16;16;16;49m▄[0m
[0m   [38;2;131;65;98m▄[48;2;255;197;205m▀[38;2;255;197;205m▀[48;2;255;213;222m▀[38;2;255;213;222m▀▀▀▀▀[38;2;255;197;205;48;2;255;197;205m▀▀▀▀▀▀▀▀▀▀[38;2;131;90;148m▀[38;2;172;123;205;48;2;131;90;148m▀[48;2;172;123;205m▀▀▀[38;2;16;16;16;48;2;131;90;148m▀[49m▄[0m
[0m  [38;2;131;65;98m▄[48;2;255;197;205m▀[38;2;255;197;205;48;2;255;213;222m▀[38;2;255;213;222m▀▀▀▀▀▀[38;2;255;197;205;48;2;255;197;205m▀▀▀▀▀▀▀▀▀▀▀▀[48;2;131;90;148m▀[38;2;131;90;148;48;2;172;123;205m▀[38;2;172;123;205m▀[38;2;131;90;148;48;2;131;90;148m▀[38;2;246;139;213;48;2;246;139;213m▀[38;2;16;16;16m▀[49m▄[0m
[0m [38;2;131;65;98m▄[48;2;255;197;205m▀[38;2;255;197;205m▀[38;2;255;213;222;48;2;255;213;222m▀▀▀▀▀[48;2;255;197;205m▀[38;2;255;197;205m▀▀▀▀▀▀▀▀▀▀▀▀[38;2;131;90;148;48;2;131;90;148m▀[38;2;172;123;205;48;2;172;123;205m▀▀▀[38;2;131;90;148m▀[48;2;131;90;148m▀[38;2;246;139;213;48;2;246;139;213m▀[38;2;16;16;16;48;2;16;16;16m▀[0m
[0m [38;2;131;65;98;48;2;131;65;98m▀[38;2;255;197;205;48;2;255;197;205m▀▀▀[38;2;255;213;222m▀▀▀[38;2;255;197;205m▀▀▀▀▀▀▀▀▀▀▀▀▀▀[38;2;131;90;148m▀[38;2;172;123;205;48;2;131;90;148m▀▀▀▀[48;2;172;123;205m▀[38;2;131;90;148m▀▀[38;2;16;16;16;48;2;16;16;16m▀[0m
[38;2;131;65;98;48;2;131;65;98m▀[38;2;255;197;205;48;2;255;197;205m▀▀▀[48;2;222;123;189m▀▀[48;2;255;197;205m▀▀▀▀▀▀▀▀[38;2;131;65;98;48;2;131;65;98m▀[38;2;255;197;205;48;2;16;16;16m▀[38;2;131;65;98;48;2;205;139;189m▀[38;2;255;197;205;48;2;255;197;205m▀▀▀▀▀▀▀▀▀[38;2;131;90;148m▀[38;2;172;123;205;48;2;131;90;148m▀[48;2;172;123;205m▀▀[38;2;16;16;16;48;2;16;16;16m▀[0m
[38;2;16;16;16;48;2;16;16;16m▀[38;2;255;197;205;48;2;255;197;205m▀▀[38;2;222;123;189;48;2;222;123;189m▀[38;2;246;139;213;48;2;246;139;213m▀▀[38;2;222;123;189;48;2;222;123;189m▀[38;2;255;197;205;48;2;255;197;205m▀▀▀▀▀▀[38;2;203;41;65;48;2;16;16;16m▀[38;2;255;255;255;48;2;255;255;255m▀[38;2;203;41;65;48;2;203;41;65m▀[48;2;16;16;16m▀[38;2;255;197;205;48;2;255;197;205m▀▀▀▀▀▀▀▀▀▀▀[38;2;131;90;148m▀▀[38;2;16;16;16;48;2;16;16;16m▀[0m
[38;2;16;16;16;48;2;16;16;16m▀[38;2;255;197;205;48;2;255;197;205m▀▀[38;2;222;123;189;48;2;222;123;189m▀[38;2;246;139;213;48;2;246;139;213m▀▀▀[38;2;222;123;189;48;2;222;123;189m▀[38;2;255;197;205;48;2;255;197;205m▀▀▀▀▀[38;2;16;16;16;48;2;205;139;189m▀[38;2;203;41;65;48;2;203;41;65m▀▀[38;2;16;16;16;48;2;205;139;189m▀[38;2;255;197;205;48;2;255;197;205m▀▀▀▀▀▀▀▀▀▀▀▀[48;2;205;139;189m▀[38;2;16;16;16;48;2;16;16;16m▀[0m
[0m [38;2;16;16;16;48;2;16;16;16m▀[38;2;255;197;205;48;2;255;197;205m▀[38;2;230;172;197m▀[38;2;222;123;189;48;2;222;123;189m▀[38;2;246;139;213;48;2;246;139;213m▀▀[38;2;222;123;189;48;2;222;123;189m▀[38;2;255;197;205;48;2;255;197;205m▀▀▀▀▀▀[38;2;203;41;65m▀▀[38;2;255;197;205m▀▀▀▀▀▀[48;2;98;74;106m▀▀[48;2;255;197;205m▀▀[48;2;230;172;197m▀[48;2;205;139;189m▀[38;2;205;139;189m▀[38;2;16;16;16;48;2;16;16;16m▀[0m
[0m  [38;2;131;65;98;48;2;131;65;98m▀[38;2;255;197;205;48;2;255;197;205m▀▀[38;2;222;123;189m▀▀[38;2;255;197;205m▀▀▀▀▀[48;2;131;65;98m▀[48;2;230;172;197m▀▀[48;2;255;197;205m▀▀[48;2;230;172;197m▀[48;2;205;139;189m▀▀▀[38;2;98;74;106;48;2;98;74;106m▀[38;2;131;90;148;48;2;131;90;148m▀▀[38;2;205;139;189;48;2;98;74;106m▀[38;2;131;90;148;48;2;131;90;148m▀[48;2;98;74;106m▀[38;2;205;139;189;48;2;205;139;189m▀[48;2;16;16;16m▀[38;2;16;16;16;49m▀[0m
[0m   [38;2;16;16;16m▀[38;2;255;197;205;48;2;16;16;16m▀[38;2;230;172;197;48;2;205;139;189m▀▀▀▀[38;2;205;139;189m▀[38;2;131;65;98;48;2;16;16;16m▀[38;2;16;16;16;48;2;205;139;189m▀[38;2;205;139;189m▀[48;2;131;65;98m▀[48;2;205;139;189m▀▀▀▀▀▀[48;2;131;90;148m▀[38;2;131;90;148;48;2;98;74;106m▀[38;2;98;74;106;48;2;222;123;189m▀▀[48;2;16;16;16m▀[38;2;16;16;16;48;2;205;139;189m▀[38;2;205;139;189m▀▀[38;2;16;16;16;48;2;16;16;16m▀[0m
[0m     [38;2;16;16;16;48;2;131;65;98m▀[48;2;205;139;189m▀[38;2;205;139;189;48;2;16;16;16m▀▀[38;2;131;65;98m▀[38;2;16;16;16;49m▀[38;2;131;65;98m▀[38;2;205;139;189;48;2;131;65;98m▀[38;2;16;16;16;48;2;16;16;16m▀[38;2;205;139;189;48;2;205;139;189m▀▀▀▀[38;2;16;16;16;48;2;16;16;16m▀[38;2;131;90;148m▀▀[38;2;16;16;16;49m▀▀[48;2;131;65;98m▀[38;2;205;139;189;48;2;205;139;189m▀▀▀[38;2;16;16;16;48;2;131;65;98m▀[0m
[0m      [38;2;16;16;16m▀[38;2;205;139;189;48;2;16;16;16m▀▀[38;2;131;65;98;49m▀[0m    [38;2;131;65;98;48;2;16;16;16m▀[38;2;205;139;189;48;2;205;139;189m▀▀[38;2;16;16;16;48;2;16;16;16m▀[0m     [38;2;131;65;98m▀[48;2;16;16;16m▀[38;2;205;139;189m▀[38;2;16;16;16;49m▀[0m
[0m               [38;2;16;16;16m▀▀[0m
