[0m           [38;2;49;49;49m▄[48;2;74;74;74m▀[38;2;0;0;0;49m▄[0m
[0m          [38;2;49;49;49m▄[48;2;74;74;74m▀[38;2;74;74;74m▀[38;2;0;0;0;48;2;49;49;49m▀[0m
[0m         [38;2;49;49;49m▄[48;2;74;74;74m▀[38;2;74;74;74m▀▀[38;2;49;49;49;48;2;0;0;0m▀[0m [38;2;49;49;49m▄▄[38;2;0;0;0m▄[0m
[0m      [38;2;0;0;0m▄▄▄[38;2;49;49;49;48;2;74;74;74m▀[38;2;74;74;74m▀▀▀[38;2;0;0;0;48;2;49;49;49m▀[38;2;49;49;49;48;2;74;74;74m▀[38;2;74;74;74m▀[48;2;0;0;0m▀[38;2;0;0;0;49m▀[0m
[0m   [38;2;0;0;0m▄[48;2;74;74;74m▀▀[38;2;74;74;74m▀▀▀▀▀▀▀▀▀[38;2;0;0;0;48;2;0;0;0m▀[0m
[0m  [38;2;0;0;0;48;2;0;0;0m▀[38;2;74;74;74;48;2;74;74;74m▀▀[48;2;139;32;49m▀[38;2;139;32;49;48;2;255;65;123m▀[38;2;255;65;123m▀▀▀▀[38;2;74;74;74m▀[48;2;164;164;164m▀[48;2;74;74;74m▀[38;2;0;0;0;48;2;0;0;0m▀[0m
[0m [38;2;0;0;0;48;2;139;32;49m▀[38;2;74;74;74;48;2;74;74;74m▀▀[48;2;139;32;49m▀[38;2;139;32;49;48;2;255;65;123m▀[38;2;255;65;123m▀[48;2;222;222;222m▀[38;2;222;222;222m▀[48;2;131;131;131m▀▀[38;2;131;131;131;48;2;255;255;255m▀[38;2;222;222;222;48;2;222;222;222m▀[38;2;74;74;74;48;2;74;74;74m▀[38;2;0;0;0m▀[49m▄[0m                         [38;2;49;49;49m▄[38;2;0;0;0m▄[0m
[0m [38;2;139;32;49;48;2;139;32;49m▀[38;2;255;65;123;48;2;255;65;123m▀[38;2;74;74;74m▀[38;2;139;32;49;48;2;139;32;49m▀[38;2;255;65;123;48;2;255;65;123m▀▀[38;2;222;222;222;48;2;222;222;222m▀[38;2;189;189;189;48;2;131;131;131m▀[38;2;0;0;0;48;2;0;0;0m▀[38;2;255;205;57;48;2;255;205;57m▀[38;2;255;255;255;48;2;255;255;255m▀[38;2;222;222;222;48;2;222;222;222m▀[38;2;164;164;164m▀[38;2;74;74;74;48;2;74;74;74m▀[38;2;0;0;0;48;2;0;0;0m▀[38;2;49;49;49;49m▄▄▄[0m                   [38;2;49;49;49m▄[48;2;74;74;74m▀▀[38;2;74;74;74m▀[38;2;0;0;0;48;2;0;0;0m▀[0m
[0m  [38;2;139;32;49;48;2;156;123;8m▀[38;2;156;123;8;48;2;255;205;57m▀[38;2;255;205;57m▀▀[38;2;156;123;8m▀[38;2;131;131;131;48;2;0;0;0m▀[38;2;255;205;57;48;2;222;222;222m▀[48;2;189;189;189m▀[38;2;255;255;255;48;2;164;164;164m▀[38;2;164;164;164;48;2;222;222;222m▀[38;2;222;222;222m▀▀[38;2;74;74;74;48;2;164;164;164m▀[48;2;74;74;74m▀[38;2;0;0;0;48;2;0;0;0m▀[38;2;74;74;74;48;2;74;74;74m▀▀[38;2;49;49;49;48;2;0;0;0m▀[38;2;0;0;0;48;2;74;74;74m▀▀▀[38;2;49;49;49m▀[49m▄[0m           [38;2;49;49;49m▄[48;2;74;74;74m▀[38;2;74;74;74m▀▀▀[38;2;0;0;0;48;2;0;0;0m▀[0m
[38;2;156;123;8;49m▄[48;2;255;205;57m▀[38;2;255;205;57m▀[48;2;0;0;0m▀▀[38;2;0;0;0;48;2;255;205;57m▀▀[38;2;156;123;8;48;2;156;123;8m▀[38;2;222;222;222;48;2;222;222;222m▀▀▀▀▀▀[38;2;164;164;164;48;2;164;164;164m▀[38;2;74;74;74;48;2;74;74;74m▀[38;2;49;49;49m▀[38;2;74;74;74;48;2;49;49;49m▀[48;2;74;74;74m▀▀▀▀▀[48;2;0;0;0m▀[38;2;0;0;0;49m▀[0m         [38;2;131;131;131m▄[38;2;49;49;49;48;2;164;164;164m▀[38;2;131;131;131m▀▀▀[38;2;74;74;74;48;2;131;131;131m▀[48;2;0;0;0m▀[38;2;0;0;0;49m▀[0m
[38;2;0;0;0;48;2;0;0;0m▀[38;2;255;205;57;48;2;255;205;57m▀[38;2;0;0;0;48;2;0;0;0m▀[0m [38;2;156;123;8m▀▀▀[38;2;222;222;222;48;2;131;131;131m▀[48;2;222;222;222m▀▀▀▀▀▀[38;2;164;164;164;48;2;74;74;74m▀[38;2;74;74;74m▀[48;2;49;49;49m▀[48;2;74;74;74m▀▀▀[48;2;0;0;0m▀[38;2;0;0;0;49m▀▀[0m         [38;2;131;131;131m▄[48;2;164;164;164m▀[38;2;164;164;164m▀[38;2;74;74;74m▀▀[38;2;131;131;131;48;2;74;74;74m▀[38;2;164;164;164;48;2;164;164;164m▀[48;2;0;0;0m▀[38;2;0;0;0;49m▀[0m
[0m [38;2;0;0;0m▀[0m   [38;2;0;0;0m▄[48;2;49;49;49m▀[38;2;49;49;49m▀[38;2;131;131;131;48;2;131;131;131m▀[38;2;222;222;222;48;2;222;222;222m▀▀▀▀[48;2;49;49;49m▀[38;2;49;49;49;48;2;74;74;74m▀▀[38;2;74;74;74m▀▀▀▀[38;2;0;0;0;48;2;0;0;0m▀[38;2;74;74;74;48;2;222;222;222m▀[49m▄▄▄[0m      [38;2;74;74;74m▄[38;2;131;131;131;48;2;164;164;164m▀[38;2;164;164;164m▀▀[48;2;131;131;131m▀▀▀[48;2;0;0;0m▀[38;2;0;0;0;49m▀[0m
[0m     [38;2;0;0;0m▀[38;2;49;49;49;48;2;0;0;0m▀▀[38;2;131;131;131;48;2;131;131;131m▀[38;2;222;222;222;48;2;222;222;222m▀▀▀[48;2;189;189;189m▀[38;2;164;164;164;48;2;164;164;164m▀[38;2;49;49;49m▀▀[38;2;74;74;74;48;2;0;0;0m▀▀▀[38;2;0;0;0;48;2;222;222;222m▀[38;2;222;222;222m▀▀▀▀▀[38;2;74;74;74m▀[38;2;0;0;0m▀[49m▄▄[0m [38;2;74;74;74m▄[48;2;131;131;131m▀[38;2;131;131;131m▀[48;2;49;49;49m▀▀[48;2;131;131;131m▀▀[48;2;0;0;0m▀[38;2;0;0;0;49m▀[0m [38;2;49;49;49m▄▄[38;2;0;0;0m▄[0m
[0m       [38;2;131;131;131;48;2;131;131;131m▀[38;2;222;222;222;48;2;222;222;222m▀▀▀[48;2;164;164;164m▀[38;2;164;164;164m▀▀▀▀▀[38;2;131;131;131;48;2;131;131;131m▀[38;2;222;222;222;48;2;222;222;222m▀▀▀▀▀▀▀▀▀▀▀[38;2;0;0;0m▀[48;2;74;74;74m▀[38;2;131;131;131;48;2;0;0;0m▀[38;2;49;49;49;48;2;131;131;131m▀▀[48;2;49;49;49m▀[38;2;131;131;131;48;2;131;131;131m▀[38;2;0;0;0;48;2;49;49;49m▀[38;2;49;49;49;49m▄[48;2;74;74;74m▀▀[38;2;74;74;74m▀[48;2;0;0;0m▀[38;2;0;0;0;49m▀[0m
[0m      [38;2;131;131;131;48;2;131;131;131m▀[38;2;189;189;189;48;2;164;164;164m▀[38;2;222;222;222;48;2;222;222;222m▀▀[38;2;189;189;189;48;2;164;164;164m▀[38;2;164;164;164m▀▀▀▀▀▀[38;2;131;131;131;48;2;131;131;131m▀[38;2;222;222;222;48;2;222;222;222m▀▀▀▀▀▀▀▀[38;2;131;131;131;48;2;189;189;189m▀[38;2;189;189;189;48;2;74;74;74m▀[38;2;222;222;222m▀[38;2;131;131;131m▀[38;2;74;74;74m▀▀[38;2;0;0;0m▀[38;2;131;131;131;48;2;0;0;0m▀[38;2;0;0;0;48;2;222;222;222m▀▀[38;2;131;131;131m▀[38;2;74;74;74;48;2;131;131;131m▀[48;2;74;74;74m▀▀[38;2;0;0;0;48;2;0;0;0m▀[0m
[0m     [38;2;131;131;131;48;2;131;131;131m▀[38;2;164;164;164;48;2;164;164;164m▀▀[38;2;222;222;222m▀[38;2;164;164;164m▀▀▀▀▀▀▀▀[38;2;131;131;131m▀[38;2;222;222;222;48;2;131;131;131m▀[48;2;222;222;222m▀▀▀▀[48;2;131;131;131m▀[48;2;189;189;189m▀[48;2;222;222;222m▀[48;2;131;131;131m▀[38;2;74;74;74;48;2;74;74;74m▀▀▀▀▀▀[38;2;222;222;222;48;2;222;222;222m▀▀▀▀[38;2;131;131;131;48;2;131;131;131m▀[38;2;74;74;74;48;2;0;0;0m▀[38;2;0;0;0;49m▀[0m
[0m     [38;2;74;74;74;48;2;74;74;74m▀[38;2;164;164;164;48;2;164;164;164m▀▀▀▀▀▀▀▀▀▀▀▀[38;2;0;0;0m▀[38;2;222;222;222;48;2;0;0;0m▀[48;2;222;222;222m▀▀▀[38;2;189;189;189;48;2;131;131;131m▀[38;2;74;74;74;48;2;74;74;74m▀▀▀▀▀▀▀▀[38;2;131;131;131;48;2;164;164;164m▀[38;2;222;222;222m▀[38;2;189;189;189m▀[38;2;164;164;164m▀[48;2;0;0;0m▀[38;2;0;0;0;49m▀[0m
[0m     [38;2;74;74;74m▀[38;2;164;164;164;48;2;74;74;74m▀[48;2;131;131;131m▀[48;2;164;164;164m▀▀▀▀▀▀▀▀▀▀▀[38;2;0;0;0m▀[38;2;74;74;74;48;2;0;0;0m▀[38;2;222;222;222;48;2;49;49;49m▀▀[38;2;49;49;49m▀▀▀▀▀▀▀[48;2;131;131;131m▀[38;2;131;131;131;48;2;164;164;164m▀[38;2;164;164;164m▀[48;2;0;0;0m▀▀[38;2;0;0;0;49m▀[0m
[0m      [38;2;0;0;0m▀[38;2;131;131;131;48;2;0;0;0m▀[48;2;131;131;131m▀[38;2;164;164;164m▀▀▀▀▀▀▀[38;2;131;131;131m▀▀▀▀▀[38;2;0;0;0m▀▀[38;2;49;49;49;48;2;0;0;0m▀▀▀▀▀▀[38;2;131;131;131m▀[38;2;164;164;164m▀[38;2;0;0;0;49m▀▀[0m
[0m        [38;2;0;0;0m▀▀[38;2;131;131;131;48;2;0;0;0m▀▀▀[48;2;131;131;131m▀▀▀▀▀▀▀▀▀▀▀▀▀▀[48;2;49;49;49m▀[48;2;0;0;0m▀[38;2;0;0;0;49m▀[0m
[0m             [38;2;0;0;0m▀▀▀[48;2;49;49;49m▀[38;2;131;131;131;48;2;0;0;0m▀▀▀▀▀[38;2;0;0;0;49m▀[48;2;49;49;49m▀[38;2;49;49;49;48;2;131;131;131m▀▀[38;2;131;131;131m▀[48;2;0;0;0m▀[38;2;0;0;0;49m▀[0m
[0m                [38;2;49;49;49m▀[38;2;131;131;131;48;2;49;49;49m▀[48;2;131;131;131m▀▀[48;2;139;32;49m▀[38;2;49;49;49;49m▀[0m  [38;2;49;49;49m▀[38;2;131;131;131;48;2;49;49;49m▀▀[38;2;0;0;0;48;2;139;32;49m▀[0m
[0m                  [38;2;49;49;49;48;2;139;32;49m▀[48;2;189;98;98m▀[38;2;139;32;49m▀[49m▄[0m   [38;2;139;32;49;48;2;139;32;49m▀[38;2;189;98;98;48;2;189;98;98m▀[38;2;139;32;49;48;2;0;0;0m▀[0m
[0m                   [38;2;139;32;49;48;2;0;0;0m▀[38;2;189;98;98;48;2;189;98;98m▀[38;2;139;32;49;48;2;139;32;49m▀[0m  [38;2;139;32;49;48;2;139;32;49m▀[38;2;189;98;98;48;2;255;156;156m▀[48;2;0;0;0m▀[38;2;0;0;0;49m▀[0m
[0m            [38;2;0;0;0m▄▄[38;2;139;32;49;48;2;0;0;0m▀▀▀▀[38;2;0;0;0;48;2;189;98;98m▀[38;2;189;98;98m▀▀[38;2;0;0;0m▀[49m▄[38;2;139;32;49m▄[48;2;189;98;98m▀[38;2;255;156;156;48;2;255;156;156m▀[38;2;0;0;0;48;2;0;0;0m▀[0m
[0m           [38;2;0;0;0;48;2;0;0;0m▀[38;2;49;49;49m▀[38;2;0;0;0;48;2;49;49;49m▀[38;2;49;49;49;48;2;0;0;0m▀[38;2;189;98;98m▀▀[38;2;0;0;0;48;2;74;74;74m▀[48;2;49;49;49m▀▀[48;2;189;98;98m▀[48;2;139;32;49m▀[38;2;139;32;49;48;2;255;156;156m▀▀[38;2;189;98;98m▀[38;2;255;156;156m▀▀[38;2;0;0;0m▀[49m▄[0m
[0m            [38;2;0;0;0m▀▀[0m  [38;2;0;0;0m▀[38;2;49;49;49;48;2;0;0;0m▀[38;2;0;0;0;49m▀▀[38;2;139;32;49;48;2;0;0;0m▀[38;2;49;49;49;48;2;131;131;131m▀[48;2;49;49;49m▀[38;2;255;156;156;48;2;0;0;0m▀[38;2;0;0;0;49m▀▀▀[38;2;255;156;156;48;2;49;49;49m▀[38;2;49;49;49;48;2;131;131;131m▀[38;2;0;0;0;48;2;0;0;0m▀[0m
[0m                    [38;2;0;0;0m▀[38;2;49;49;49;48;2;0;0;0m▀[38;2;0;0;0;49m▀[0m    [38;2;0;0;0m▀[38;2;49;49;49;48;2;0;0;0m▀[38;2;0;0;0;49m▀[0m
