[0m              [38;2;180;24;90m▄[48;2;255;65;123m▀[38;2;0;0;0;48;2;180;24;90m▀▀[49m▄[0m
[0m            [38;2;180;24;90m▄[48;2;255;65;123m▀[38;2;255;65;123;48;2;123;32;82m▀[38;2;123;32;82;48;2;0;0;0m▀[38;2;180;24;90;48;2;123;32;82m▀[48;2;180;24;90m▀▀[38;2;0;0;0;48;2;0;0;0m▀[0m      [38;2;180;24;90m▄▄[38;2;123;32;82m▄▄[0m
[0m           [38;2;180;24;90;48;2;180;24;90m▀[38;2;255;65;123;48;2;255;65;123m▀[48;2;0;0;0m▀[38;2;0;0;0;49m▀[0m  [38;2;0;0;0;48;2;0;0;0m▀[38;2;180;24;90;48;2;180;24;90m▀▀[38;2;0;0;0;48;2;123;32;82m▀[38;2;123;32;82;49m▄▄[38;2;180;24;90;48;2;255;65;123m▀▀▀[38;2;255;65;123m▀▀▀▀[38;2;123;32;82m▀▀▀[49m▄[0m
[0m          [38;2;180;24;90;48;2;180;24;90m▀[38;2;255;65;123;48;2;255;65;123m▀[48;2;0;0;0m▀[38;2;0;0;0;48;2;180;24;90m▀[38;2;123;32;82;49m▄[0m   [38;2;0;0;0;48;2;123;32;82m▀[38;2;123;32;82;48;2;255;65;123m▀[38;2;255;65;123m▀▀▀▀[48;2;0;0;0m▀▀▀[38;2;0;0;0;49m▀▀▀▀▀[38;2;255;65;123;48;2;0;0;0m▀▀[38;2;123;32;82;48;2;255;65;123m▀[49m▄[0m
[0m         [38;2;180;24;90m▄[48;2;255;65;123m▀[38;2;255;65;123m▀[38;2;0;0;0;48;2;0;0;0m▀[38;2;180;24;90m▀[38;2;0;0;0;48;2;66;65;81m▀▀[48;2;180;24;90m▀[38;2;180;24;90;48;2;255;65;123m▀[38;2;255;65;123m▀▀▀[48;2;123;32;82m▀[38;2;0;0;0m▀[49m▀[0m         [38;2;123;32;82;48;2;123;32;82m▀[38;2;0;0;0;48;2;180;24;90m▀[38;2;123;32;82m▀[49m▄[0m
[0m         [38;2;180;24;90;48;2;180;24;90m▀[38;2;255;65;123;48;2;255;65;123m▀[38;2;0;0;0;48;2;0;0;0m▀[38;2;66;65;81;48;2;66;65;81m▀▀[48;2;180;24;90m▀[38;2;180;24;90;48;2;255;65;123m▀[38;2;255;65;123m▀▀▀▀▀▀▀[38;2;123;32;82m▀▀[49m▄▄[0m       [38;2;123;32;82;48;2;123;32;82m▀[38;2;180;24;90;48;2;180;24;90m▀[38;2;123;32;82m▀[49m▄[0m
[0m         [38;2;180;24;90;48;2;180;24;90m▀[38;2;255;65;123;48;2;255;65;123m▀[38;2;0;0;0m▀[38;2;66;65;81;48;2;0;0;0m▀[48;2;180;24;90m▀[38;2;180;24;90;48;2;255;65;123m▀[38;2;255;65;123m▀[48;2;98;98;98m▀[48;2;180;180;180m▀[38;2;98;98;98m▀▀[38;2;255;65;123;48;2;98;98;98m▀[48;2;255;65;123m▀▀▀▀▀[48;2;0;0;0m▀[38;2;0;0;0;49m▀[0m       [38;2;123;32;82;48;2;123;32;82m▀[38;2;180;24;90;48;2;180;24;90m▀[38;2;123;32;82;48;2;123;32;82m▀[0m
[0m          [38;2;180;24;90;48;2;180;24;90m▀[38;2;255;65;123;48;2;0;0;0m▀[38;2;0;0;0;48;2;66;65;81m▀[38;2;180;24;90;48;2;255;65;123m▀[38;2;255;65;123m▀[38;2;98;98;98;48;2;98;98;98m▀[38;2;180;180;180;48;2;180;180;180m▀[48;2;0;0;0m▀[38;2;123;123;139;48;2;66;65;81m▀[38;2;0;0;0;48;2;180;180;180m▀[38;2;66;65;81;48;2;180;24;90m▀[38;2;255;65;123;48;2;255;65;123m▀▀▀[48;2;0;0;0m▀[38;2;0;0;0;49m▀[0m         [38;2;123;32;82;48;2;123;32;82m▀[38;2;180;24;90;48;2;180;24;90m▀[38;2;123;32;82;48;2;0;0;0m▀[0m                [38;2;0;0;0m▄▄▄[0m
[0m         [38;2;66;65;81m▄[48;2;255;230;0m▀[38;2;255;230;0m▀▀[38;2;66;65;81m▀[38;2;255;65;123;48;2;66;65;81m▀[38;2;98;98;98;48;2;255;65;123m▀[38;2;0;0;0;48;2;255;255;255m▀[38;2;255;230;0;48;2;255;230;0m▀[38;2;0;0;0;48;2;66;65;81m▀[38;2;255;255;255;48;2;180;24;90m▀[38;2;180;24;90;48;2;255;65;123m▀[38;2;255;65;123m▀▀[48;2;0;0;0m▀[38;2;0;0;0;49m▀[0m         [38;2;123;32;82m▄[48;2;180;24;90m▀[38;2;180;24;90m▀[38;2;0;0;0;48;2;0;0;0m▀[0m             [38;2;0;0;0m▄[48;2;66;65;81m▀▀[38;2;66;65;81m▀▀[38;2;0;0;0;48;2;0;0;0m▀[0m
[0m        [38;2;66;65;81;48;2;66;65;81m▀[38;2;255;230;0;48;2;255;230;0m▀[48;2;0;0;0m▀▀[38;2;0;0;0;48;2;255;230;0m▀[48;2;66;65;81m▀▀[38;2;255;65;123;48;2;123;32;82m▀▀[48;2;0;0;0m▀▀▀▀[38;2;0;0;0;48;2;66;65;81m▀▀[48;2;0;0;0m▀[0m          [38;2;123;32;82;48;2;123;32;82m▀[38;2;180;24;90;48;2;180;24;90m▀[48;2;0;0;0m▀[38;2;0;0;0;49m▀[0m          [38;2;0;0;0m▄[48;2;66;65;81m▀▀[38;2;66;65;81m▀[38;2;123;123;139m▀[38;2;180;180;180m▀[38;2;66;65;81m▀[38;2;0;0;0;48;2;0;0;0m▀[0m
[0m        [38;2;123;32;82m▄[38;2;0;0;0;48;2;123;32;82m▀[38;2;180;24;90;48;2;180;24;90m▀[38;2;66;65;81;48;2;98;98;98m▀[48;2;180;180;180m▀[38;2;180;180;180m▀▀▀▀[48;2;123;123;139m▀[38;2;66;65;81;48;2;66;65;81m▀▀▀▀[38;2;0;0;0;48;2;0;0;0m▀[0m          [38;2;123;32;82;48;2;123;32;82m▀[38;2;180;24;90;48;2;180;24;90m▀▀[38;2;0;0;0;48;2;0;0;0m▀[0m         [38;2;0;0;0m▄[48;2;66;65;81m▀[38;2;66;65;81m▀▀[38;2;123;123;139m▀[38;2;180;180;180m▀[48;2;123;123;139m▀[38;2;66;65;81;48;2;66;65;81m▀[48;2;0;0;0m▀[38;2;0;0;0;49m▀[0m
[0m      [38;2;180;24;90m▄[38;2;123;32;82;48;2;180;24;90m▀[38;2;180;24;90m▀▀▀[48;2;0;0;0m▀[38;2;98;98;98;48;2;98;98;98m▀[38;2;180;180;180;48;2;180;180;180m▀▀▀[48;2;66;65;81m▀[38;2;66;65;81m▀▀▀▀[38;2;0;0;0;48;2;0;0;0m▀[0m          [38;2;123;32;82;48;2;123;32;82m▀[38;2;180;24;90;48;2;180;24;90m▀▀[38;2;0;0;0;48;2;0;0;0m▀[0m        [38;2;0;0;0m▄[48;2;66;65;81m▀[38;2;66;65;81m▀[48;2;123;123;139m▀[48;2;180;180;180m▀▀[48;2;123;123;139m▀[48;2;66;65;81m▀▀▀[38;2;0;0;0;48;2;0;0;0m▀[0m
[0m    [38;2;180;24;90m▄[48;2;255;65;123m▀[38;2;255;65;123m▀[38;2;180;24;90m▀[48;2;0;0;0m▀[38;2;0;0;0;49m▀▀[0m [38;2;98;98;98;48;2;98;98;98m▀[38;2;180;180;180;48;2;180;180;180m▀▀[38;2;123;123;139;48;2;66;65;81m▀[38;2;66;65;81m▀▀▀▀[48;2;0;0;0m▀[38;2;0;0;0;49m▀[0m        [38;2;123;32;82m▄[48;2;180;24;90m▀[38;2;180;24;90m▀▀[38;2;0;0;0;48;2;0;0;0m▀[0m       [38;2;0;0;0m▄[48;2;66;65;81m▀[38;2;66;65;81m▀▀[38;2;123;123;139m▀[38;2;180;180;180m▀▀[48;2;123;123;139m▀[48;2;180;180;180m▀[38;2;123;123;139;48;2;66;65;81m▀[38;2;66;65;81m▀[38;2;0;0;0;48;2;0;0;0m▀[0m
[0m   [38;2;180;24;90;48;2;180;24;90m▀[38;2;255;65;123;48;2;255;65;123m▀▀[48;2;0;0;0m▀[38;2;0;0;0;49m▀[0m   [38;2;41;41;41;48;2;41;41;41m▀[38;2;66;65;81;48;2;66;65;81m▀[38;2;180;180;180;48;2;123;123;139m▀[38;2;66;65;81;48;2;66;65;81m▀▀▀▀▀▀[38;2;0;0;0;48;2;0;0;0m▀[0m       [38;2;180;24;90m▄[48;2;255;65;123m▀[38;2;255;65;123m▀▀[38;2;180;24;90;48;2;0;0;0m▀[38;2;0;0;0;49m▀[0m      [38;2;0;0;0m▄[48;2;66;65;81m▀[38;2;66;65;81m▀▀[48;2;123;123;139m▀[48;2;180;180;180m▀[48;2;123;123;139m▀[48;2;66;65;81m▀▀▀▀▀[48;2;0;0;0m▀[38;2;0;0;0;49m▀[0m
[0m  [38;2;180;24;90;48;2;180;24;90m▀[38;2;255;65;123;48;2;255;65;123m▀[48;2;0;0;0m▀[38;2;0;0;0;49m▀[0m    [38;2;41;41;41m▄[48;2;66;65;81m▀[38;2;66;65;81m▀▀▀▀▀▀▀▀▀[38;2;0;0;0m▀[49m▄▄[0m  [38;2;180;24;90m▄[48;2;255;65;123m▀[38;2;255;65;123m▀▀[48;2;0;0;0m▀[38;2;0;0;0;49m▀[0m       [38;2;0;0;0m▄[48;2;66;65;81m▀[38;2;66;65;81m▀▀[38;2;180;180;180;48;2;123;123;139m▀▀▀▀▀▀[38;2;41;41;41m▀[48;2;41;41;41m▀[48;2;0;0;0m▀[38;2;0;0;0;49m▀[0m
[0m [38;2;180;24;90;48;2;180;24;90m▀[38;2;255;65;123;48;2;255;65;123m▀[48;2;0;0;0m▀[38;2;0;0;0;49m▀[0m    [38;2;41;41;41m▄[48;2;66;65;81m▀[38;2;66;65;81m▀▀▀▀▀▀▀▀▀▀▀▀[48;2;0;0;0m▀[38;2;0;0;0;48;2;180;180;180m▀[48;2;180;24;90m▀[38;2;180;24;90;48;2;255;65;123m▀[38;2;255;65;123m▀[48;2;123;32;82m▀[38;2;123;32;82;48;2;0;0;0m▀[0m        [38;2;0;0;0;48;2;0;0;0m▀[38;2;41;41;41;48;2;41;41;41m▀▀▀▀▀▀▀[38;2;98;98;98m▀[38;2;123;123;139m▀[48;2;98;98;98m▀[38;2;41;41;41;48;2;41;41;41m▀[48;2;0;0;0m▀[38;2;0;0;0;49m▀[0m
[38;2;180;24;90;48;2;180;24;90m▀[38;2;255;65;123;48;2;255;65;123m▀[48;2;0;0;0m▀[38;2;0;0;0;49m▀[0m     [38;2;41;41;41;48;2;41;41;41m▀[38;2;66;65;81;48;2;66;65;81m▀▀▀▀▀▀▀▀▀▀▀▀[38;2;0;0;0;48;2;0;0;0m▀[38;2;180;180;180;48;2;180;24;90m▀[38;2;180;24;90;48;2;255;65;123m▀[38;2;255;65;123m▀[48;2;0;0;0m▀[38;2;0;0;0;48;2;180;180;180m▀[38;2;180;180;180m▀▀[38;2;0;0;0m▀▀[49m▄▄[0m   [38;2;0;0;0;48;2;0;0;0m▀[38;2;41;41;41;48;2;41;41;41m▀[48;2;98;98;98m▀[38;2;98;98;98;48;2;123;123;139m▀[38;2;123;123;139m▀[38;2;98;98;98m▀[38;2;41;41;41m▀▀[48;2;98;98;98m▀[48;2;41;41;41m▀▀▀[48;2;0;0;0m▀[38;2;0;0;0;49m▀[0m
[38;2;180;24;90;48;2;180;24;90m▀[38;2;255;65;123;48;2;255;65;123m▀[38;2;0;0;0;48;2;0;0;0m▀[0m     [38;2;41;41;41;48;2;41;41;41m▀[38;2;66;65;81;48;2;66;65;81m▀▀▀▀▀▀▀▀▀▀▀▀[48;2;180;24;90m▀[38;2;180;24;90;48;2;255;65;123m▀[38;2;255;65;123m▀[48;2;0;0;0m▀[38;2;0;0;0;48;2;180;180;180m▀[38;2;180;180;180m▀▀▀▀[48;2;66;65;81m▀[48;2;123;123;139m▀[48;2;180;180;180m▀▀[38;2;0;0;0m▀[49m▄[48;2;41;41;41m▀[38;2;41;41;41m▀[48;2;98;98;98m▀[38;2;123;123;139;48;2;123;123;139m▀[48;2;98;98;98m▀[48;2;41;41;41m▀▀[48;2;123;123;139m▀▀▀[48;2;41;41;41m▀[38;2;41;41;41m▀[48;2;0;0;0m▀[38;2;0;0;0;49m▀[0m
[38;2;180;24;90;49m▀[38;2;255;65;123;48;2;180;24;90m▀[38;2;0;0;0;48;2;255;65;123m▀[49m▄[0m   [38;2;41;41;41m▄[38;2;0;0;0;48;2;66;65;81m▀[38;2;66;65;81;48;2;0;0;0m▀[48;2;66;65;81m▀▀▀[38;2;41;41;41;48;2;0;0;0m▀[38;2;66;65;81;48;2;66;65;81m▀[48;2;0;0;0m▀[38;2;41;41;41;48;2;66;65;81m▀[38;2;66;65;81m▀[48;2;49;115;74m▀[48;2;180;24;90m▀[38;2;180;24;90;48;2;255;65;123m▀[38;2;255;65;123m▀[48;2;123;32;82m▀[38;2;0;0;0;48;2;180;180;180m▀[38;2;180;180;180m▀▀▀▀▀▀▀[38;2;66;65;81m▀[48;2;66;65;81m▀[38;2;123;123;139m▀[38;2;180;180;180m▀▀[38;2;0;0;0m▀[38;2;41;41;41;48;2;0;0;0m▀[38;2;123;123;139;48;2;98;98;98m▀[38;2;98;98;98;48;2;41;41;41m▀[38;2;41;41;41m▀▀▀[38;2;123;123;139;48;2;123;123;139m▀[48;2;98;98;98m▀[38;2;41;41;41;48;2;41;41;41m▀▀[48;2;0;0;0m▀[38;2;0;0;0;49m▀[0m
[0m [38;2;180;24;90;48;2;180;24;90m▀[38;2;255;65;123;48;2;255;65;123m▀[38;2;0;0;0;48;2;0;0;0m▀[0m   [38;2;41;41;41;48;2;41;41;41m▀[38;2;66;65;81;48;2;66;65;81m▀[38;2;0;0;0m▀[38;2;66;65;81;48;2;0;0;0m▀▀[38;2;0;0;0;48;2;66;65;81m▀[38;2;66;65;81m▀[38;2;0;0;0m▀[38;2;66;65;81m▀▀[38;2;49;164;123;48;2;49;164;123m▀[48;2;180;24;90m▀[38;2;180;24;90;48;2;255;65;123m▀[38;2;255;65;123;48;2;123;32;82m▀[38;2;123;32;82;48;2;0;0;0m▀[38;2;180;180;180;48;2;180;180;180m▀▀▀▀▀[38;2;66;65;81m▀[38;2;123;123;139;48;2;66;65;81m▀[38;2;180;180;180m▀[48;2;123;123;139m▀[48;2;180;180;180m▀[48;2;123;123;139m▀[38;2;66;65;81;48;2;66;65;81m▀[38;2;123;123;139m▀[38;2;66;65;81;48;2;180;180;180m▀▀[38;2;0;0;0m▀[38;2;41;41;41;48;2;0;0;0m▀[48;2;49;115;74m▀[38;2;49;115;74m▀[38;2;41;41;41;48;2;41;41;41m▀▀[38;2;98;98;98m▀[38;2;41;41;41m▀[48;2;0;0;0m▀[38;2;0;0;0;49m▀[0m
[0m  [38;2;180;24;90m▀[38;2;255;65;123;48;2;180;24;90m▀[38;2;0;0;0;48;2;0;0;0m▀[0m  [38;2;41;41;41;48;2;41;41;41m▀[38;2;66;65;81;48;2;66;65;81m▀▀[38;2;49;164;123;48;2;49;164;123m▀[38;2;49;115;74m▀[38;2;66;65;81;48;2;66;65;81m▀▀▀▀▀[38;2;49;115;74m▀[38;2;180;24;90;48;2;180;24;90m▀[38;2;255;65;123;48;2;255;65;123m▀[38;2;0;0;0;48;2;0;0;0m▀[38;2;49;115;74;48;2;49;115;74m▀[38;2;0;0;0;48;2;0;0;0m▀[38;2;180;180;180;48;2;180;180;180m▀▀[38;2;123;123;139m▀[38;2;180;180;180;48;2;66;65;81m▀[48;2;180;180;180m▀▀[38;2;66;65;81m▀[48;2;66;65;81m▀[48;2;123;123;139m▀[48;2;66;65;81m▀▀[48;2;123;123;139m▀[38;2;180;180;180;48;2;180;180;180m▀▀▀▀[38;2;0;0;0;48;2;123;123;139m▀[38;2;49;115;74;48;2;0;0;0m▀[38;2;41;41;41;48;2;41;41;41m▀▀[48;2;0;0;0m▀▀[38;2;0;0;0;48;2;66;65;81m▀▀[48;2;0;0;0m▀[0m
[0m    [38;2;180;24;90m▀[38;2;0;0;0;48;2;0;0;0m▀[0m  [38;2;41;41;41;48;2;41;41;41m▀[38;2;66;65;81;48;2;66;65;81m▀[38;2;49;115;74m▀[38;2;49;164;123m▀[38;2;66;65;81m▀▀▀▀▀[38;2;180;24;90;48;2;180;24;90m▀[38;2;255;65;123;48;2;255;65;123m▀[38;2;0;0;0;48;2;0;0;0m▀[38;2;49;115;74;48;2;49;115;74m▀[38;2;49;164;123;48;2;49;164;123m▀[38;2;0;0;0m▀[38;2;66;65;81;48;2;0;0;0m▀[38;2;180;180;180;48;2;66;65;81m▀[48;2;180;180;180m▀[38;2;66;65;81m▀[48;2;66;65;81m▀[38;2;180;180;180m▀▀[38;2;66;65;81m▀▀[38;2;180;180;180;48;2;180;180;180m▀▀▀▀▀▀[48;2;123;123;139m▀[38;2;123;123;139;48;2;66;65;81m▀[38;2;0;0;0m▀▀▀[38;2;66;65;81m▀▀[48;2;0;0;0m▀[38;2;0;0;0;49m▀[0m
[0m        [38;2;41;41;41m▀[38;2;49;115;74;48;2;49;115;74m▀[48;2;49;164;123m▀[38;2;66;65;81;48;2;66;65;81m▀▀▀▀[48;2;49;115;74m▀▀[38;2;180;24;90;48;2;180;24;90m▀[38;2;0;0;0;48;2;0;0;0m▀[38;2;66;65;81;48;2;66;65;81m▀▀[38;2;49;115;74;48;2;49;115;74m▀[38;2;49;164;123;48;2;49;164;123m▀▀[38;2;0;0;0m▀[38;2;66;65;81;48;2;0;0;0m▀[38;2;180;180;180;48;2;66;65;81m▀[38;2;66;65;81m▀▀▀[48;2;123;123;139m▀[38;2;123;123;139m▀[38;2;180;180;180m▀▀▀▀[38;2;123;123;139;48;2;66;65;81m▀▀[38;2;66;65;81m▀▀▀▀▀[48;2;0;0;0m▀[38;2;0;0;0;49m▀[0m
[0m         [38;2;49;115;74m▀[38;2;49;164;123;48;2;49;115;74m▀[38;2;49;115;74;48;2;49;164;123m▀[38;2;66;65;81;48;2;49;115;74m▀▀[38;2;49;115;74;48;2;49;164;123m▀[38;2;49;164;123m▀▀[38;2;0;0;0m▀[38;2;49;115;74m▀▀▀[38;2;49;164;123m▀[48;2;49;115;74m▀[48;2;49;164;123m▀[48;2;49;115;74m▀[38;2;49;115;74;48;2;49;164;123m▀[38;2;0;0;0;48;2;49;115;74m▀▀[38;2;66;65;81;48;2;0;0;0m▀▀[48;2;66;65;81m▀▀▀▀▀▀▀[48;2;0;0;0m▀▀▀▀[38;2;0;0;0;49m▀▀[0m
[0m           [38;2;0;0;0m▀[38;2;49;164;123;48;2;0;0;0m▀[48;2;49;115;74m▀▀[48;2;49;164;123m▀▀▀▀[48;2;49;115;74m▀▀[38;2;49;115;74;48;2;0;0;0m▀[38;2;49;164;123;48;2;49;115;74m▀[38;2;49;115;74m▀[38;2;49;164;123m▀[38;2;49;115;74m▀▀▀▀▀[38;2;0;0;0m▀▀▀▀[48;2;0;0;0m▀[48;2;49;115;74m▀▀[38;2;49;115;74;48;2;0;0;0m▀[38;2;0;0;0;49m▀[0m
[0m             [38;2;0;0;0;48;2;0;0;0m▀[48;2;49;115;74m▀[38;2;49;115;74;48;2;0;0;0m▀▀▀[48;2;49;115;74m▀▀▀[38;2;0;0;0m▀[38;2;49;115;74;48;2;0;0;0m▀[48;2;49;115;74m▀▀▀▀▀▀▀▀▀▀▀[38;2;41;41;41;48;2;0;0;0m▀[38;2;0;0;0;49m▀▀[0m
[0m              [38;2;0;0;0m▀[38;2;49;115;74;48;2;0;0;0m▀[48;2;49;115;74m▀▀[38;2;0;0;0m▀▀▀[38;2;41;41;41m▀▀[38;2;0;0;0m▀[48;2;66;65;81m▀[38;2;49;115;74;48;2;0;0;0m▀▀[48;2;49;115;74m▀▀▀▀▀▀[38;2;0;0;0;48;2;0;0;0m▀[0m
[0m                [38;2;0;0;0m▀▀[38;2;49;115;74;48;2;0;0;0m▀▀▀▀▀[38;2;41;41;41m▀[0m   [38;2;0;0;0m▀[38;2;49;115;74;48;2;0;0;0m▀▀▀[38;2;0;0;0;48;2;41;41;41m▀[48;2;0;0;0m▀[0m
[0m                   [38;2;0;0;0m▀[38;2;41;41;41;48;2;0;0;0m▀▀▀[38;2;0;0;0;49m▀[0m    [38;2;0;0;0m▀[38;2;41;41;41;48;2;0;0;0m▀▀[38;2;0;0;0;48;2;123;123;139m▀[48;2;0;0;0m▀[0m
[0m                    [38;2;66;65;81;48;2;66;65;81m▀[38;2;123;123;139;48;2;123;123;139m▀[38;2;0;0;0;48;2;66;65;81m▀[38;2;66;65;81;49m▄[0m     [38;2;66;65;81m▀[38;2;123;123;139;48;2;66;65;81m▀[48;2;123;123;139m▀[38;2;0;0;0;48;2;0;0;0m▀[0m
[0m                   [38;2;66;65;81m▄[48;2;123;123;139m▀[38;2;123;123;139m▀[48;2;0;0;0m▀[48;2;66;65;81m▀[38;2;66;65;81;49m▀[0m     [38;2;66;65;81;48;2;66;65;81m▀[38;2;123;123;139;48;2;123;123;139m▀[38;2;66;65;81m▀▀▀[38;2;0;0;0;49m▄[0m
[0m                  [38;2;98;98;98m▄[38;2;66;65;81;48;2;66;65;81m▀[38;2;123;123;139;48;2;123;123;139m▀[48;2;0;0;0m▀[38;2;0;0;0;49m▀[0m      [38;2;66;65;81;48;2;98;98;98m▀[38;2;123;123;139;48;2;180;180;180m▀[48;2;123;123;139m▀[48;2;0;0;0m▀[38;2;0;0;0;49m▀▀[0m
[0m           [38;2;0;0;0m▄[48;2;66;65;81m▀[48;2;123;123;139m▀[38;2;98;98;98;48;2;0;0;0m▀[48;2;123;123;139m▀▀[48;2;66;65;81m▀[38;2;123;123;139m▀[38;2;180;180;180;48;2;180;180;180m▀▀[38;2;0;0;0;48;2;0;0;0m▀[0m       [38;2;98;98;98;48;2;98;98;98m▀[38;2;180;180;180;48;2;180;180;180m▀[38;2;0;0;0;48;2;0;0;0m▀[0m
[0m          [38;2;0;0;0;48;2;0;0;0m▀[38;2;66;65;81m▀[38;2;0;0;0;48;2;66;65;81m▀▀[38;2;123;123;139;48;2;0;0;0m▀[38;2;0;0;0;48;2;66;65;81m▀[48;2;180;180;180m▀[38;2;180;180;180m▀[48;2;0;0;0m▀▀▀▀[38;2;0;0;0;49m▀[0m  [38;2;98;98;98m▄▄▄[48;2;98;98;98m▀[38;2;180;180;180;48;2;180;180;180m▀▀[38;2;0;0;0;48;2;66;65;81m▀[49m▄[0m
[0m           [38;2;0;0;0m▀[38;2;66;65;81;48;2;0;0;0m▀[38;2;0;0;0;49m▀[48;2;0;0;0m▀[38;2;66;65;81;48;2;66;65;81m▀[38;2;0;0;0;48;2;0;0;0m▀[49m▀[0m   [38;2;0;0;0m▄[38;2;98;98;98;48;2;66;65;81m▀[48;2;123;123;139m▀[48;2;0;0;0m▀[38;2;123;123;139m▀[38;2;0;0;0;48;2;180;180;180m▀▀[38;2;180;180;180;48;2;98;98;98m▀[48;2;180;180;180m▀▀▀[38;2;0;0;0m▀[49m▄[0m
[0m               [38;2;0;0;0m▀[0m    [38;2;0;0;0;48;2;0;0;0m▀[38;2;66;65;81m▀▀[38;2;0;0;0;48;2;66;65;81m▀[38;2;66;65;81m▀[38;2;180;180;180;48;2;0;0;0m▀▀[38;2;0;0;0;48;2;66;65;81m▀[38;2;180;180;180;48;2;123;123;139m▀[48;2;0;0;0m▀[38;2;0;0;0;49m▀▀▀[0m
[0m                      [38;2;0;0;0m▀[38;2;66;65;81;48;2;0;0;0m▀[38;2;0;0;0;49m▀[0m [38;2;0;0;0;48;2;0;0;0m▀[38;2;66;65;81;48;2;66;65;81m▀[48;2;0;0;0m▀[38;2;0;0;0;49m▀[0m
[0m                           [38;2;0;0;0m▀[0m
