[0m  [38;2;82;82;82m▄[48;2;255;255;255m▀[49m▄[0m
[0m  [38;2;82;82;82;48;2;82;82;82m▀[38;2;255;255;255;48;2;255;255;255m▀[38;2;82;82;82;48;2;82;82;82m▀[0m
[0m [38;2;82;82;82m▄[48;2;255;255;255m▀[38;2;255;255;255m▀[38;2;82;82;82;48;2;82;82;82m▀[0m        [38;2;82;82;82m▄[0m
[0m [38;2;82;82;82;48;2;82;82;82m▀[38;2;255;255;255;48;2;255;255;255m▀▀▀[38;2;82;82;82;48;2;82;82;82m▀[0m [38;2;82;82;82m▄▄[0m  [38;2;82;82;82m▄[48;2;255;255;255m▀[38;2;255;255;255m▀[38;2;82;82;82m▀[49m▄[0m
[0m [38;2;82;82;82;48;2;82;82;82m▀[38;2;255;255;255;48;2;255;255;255m▀▀▀[38;2;82;82;82;48;2;82;82;82m▀[48;2;255;255;255m▀[38;2;255;255;255m▀[38;2;82;82;82;48;2;82;82;82m▀[49m▄[48;2;255;255;255m▀[38;2;255;255;255m▀▀▀▀[38;2;82;82;82m▀[49m▄[0m  [38;2;82;82;82m▄[0m
[38;2;82;82;82;49m▄[48;2;255;255;255m▀[38;2;255;255;255m▀▀▀[38;2;82;82;82m▀[38;2;255;255;255m▀▀[38;2;82;82;82m▀[38;2;255;255;255;48;2;29;34;34m▀[38;2;29;34;34m▀▀[38;2;255;255;255m▀▀[48;2;255;255;255m▀▀[38;2;82;82;82m▀[49m▄[48;2;255;255;255m▀[38;2;255;255;255m▀[38;2;82;82;82;48;2;82;82;82m▀[0m
[38;2;82;82;82;48;2;82;82;82m▀[38;2;255;255;255;48;2;255;255;255m▀▀▀▀▀▀▀▀[38;2;29;34;34m▀[48;2;29;34;34m▀[38;2;0;172;222;48;2;0;172;222m▀[38;2;29;34;34m▀[48;2;29;34;34m▀▀[38;2;255;255;255;48;2;255;255;255m▀▀▀▀▀[38;2;82;82;82;48;2;82;82;82m▀[0m
[38;2;82;82;82;48;2;82;82;82m▀[38;2;255;255;255;48;2;255;255;255m▀▀▀[48;2;82;82;82m▀[38;2;82;82;82m▀[38;2;255;255;255;48;2;255;255;255m▀▀▀▀[38;2;29;34;34;48;2;29;34;34m▀▀[38;2;0;172;222m▀[38;2;29;34;34m▀▀[38;2;255;255;255m▀[48;2;255;255;255m▀▀▀▀[38;2;82;82;82;48;2;82;82;82m▀[48;2;255;255;255m▀[48;2;82;82;82m▀[0m
[38;2;82;82;82;48;2;82;82;82m▀[38;2;255;255;255;48;2;255;255;255m▀[48;2;82;82;82m▀[38;2;82;82;82;49m▀[0m [38;2;82;82;82;48;2;82;82;82m▀[38;2;255;255;255;48;2;255;255;255m▀▀[48;2;16;16;16m▀[38;2;29;34;34;48;2;82;82;82m▀[38;2;82;82;82m▀▀[38;2;29;34;34m▀▀[38;2;82;82;82m▀▀[38;2;29;34;34m▀▀[38;2;255;255;255;48;2;29;34;34m▀[48;2;255;255;255m▀▀▀[38;2;82;82;82;48;2;82;82;82m▀[0m
[38;2;82;82;82;49m▀▀[0m   [38;2;29;34;34;48;2;29;34;34m▀[38;2;255;255;255;48;2;255;255;255m▀[38;2;16;16;16;48;2;16;16;16m▀[38;2;82;82;82;48;2;82;82;82m▀▀▀▀▀▀▀▀▀▀▀[38;2;29;34;34;48;2;29;34;34m▀[38;2;255;255;255;48;2;255;255;255m▀[38;2;82;82;82;48;2;82;82;82m▀[0m
[0m    [38;2;29;34;34;48;2;29;34;34m▀[38;2;82;82;82;48;2;82;82;82m▀[38;2;16;16;16m▀[38;2;82;82;82m▀▀▀▀[38;2;139;115;32;48;2;0;172;222m▀[38;2;255;230;0m▀[38;2;82;82;82;48;2;255;230;0m▀[48;2;82;82;82m▀▀▀▀▀▀[38;2;16;16;16;48;2;16;16;16m▀[0m
[0m   [38;2;16;16;16m▄[38;2;29;34;34;48;2;82;82;82m▀[38;2;82;82;82m▀▀▀▀▀▀[38;2;29;34;34;48;2;29;34;34m▀[38;2;0;172;222;48;2;0;172;222m▀[38;2;255;230;0;48;2;255;230;0m▀[38;2;82;82;82;48;2;82;82;82m▀▀▀▀▀▀[38;2;16;16;16m▀[49m▄[0m
[0m [38;2;16;16;16m▄[48;2;29;34;34m▀[38;2;29;34;34m▀▀[38;2;82;82;82m▀[48;2;82;82;82m▀▀▀▀▀[38;2;0;90;156m▀[38;2;255;230;0m▀[38;2;82;82;82m▀▀▀▀▀▀▀▀[38;2;16;16;16;48;2;16;16;16m▀[0m              [38;2;82;82;82m▄▄▄[0m
[0m [38;2;16;16;16;48;2;16;16;16m▀[38;2;29;34;34;48;2;29;34;34m▀▀▀▀▀[38;2;82;82;82;48;2;82;82;82m▀▀▀▀[48;2;29;34;34m▀[48;2;82;82;82m▀▀[48;2;57;57;57m▀[48;2;82;82;82m▀▀▀▀[48;2;164;164;164m▀[38;2;164;164;164;48;2;255;255;255m▀[38;2;16;16;16m▀[49m▄[0m         [38;2;82;82;82m▄▄[48;2;255;255;255m▀▀[38;2;255;255;255m▀[48;2;82;82;82m▀[38;2;82;82;82;49m▀[0m
[0m [38;2;16;16;16m▀[38;2;29;34;34;48;2;16;16;16m▀▀[48;2;29;34;34m▀▀[48;2;82;82;82m▀[38;2;82;82;82;48;2;57;57;57m▀[48;2;16;16;16m▀[38;2;57;57;57m▀[38;2;29;34;34m▀[38;2;82;82;82m▀[38;2;29;34;34;48;2;57;57;57m▀[48;2;82;82;82m▀[38;2;82;82;82m▀▀[48;2;255;255;255m▀▀[38;2;255;255;255m▀▀▀▀[38;2;16;16;16;48;2;16;16;16m▀[0m    [38;2;16;16;16m▄▄▄▄[38;2;82;82;82;48;2;16;16;16m▀[38;2;255;255;255m▀▀[48;2;255;255;255m▀▀[38;2;82;82;82m▀▀[49m▄[0m
[0m    [38;2;16;16;16m▀▀▀▀[0m  [38;2;16;16;16;48;2;16;16;16m▀[38;2;57;57;57;48;2;205;205;205m▀[38;2;82;82;82;48;2;82;82;82m▀▀▀▀▀[38;2;164;164;164;48;2;255;255;255m▀[38;2;255;255;255m▀[48;2;205;205;205m▀[48;2;82;82;82m▀[38;2;82;82;82m▀▀[38;2;16;16;16m▀▀▀▀[38;2;164;164;164m▀[48;2;255;255;255m▀[38;2;255;255;255m▀▀[38;2;82;82;82m▀[48;2;82;82;82m▀▀[38;2;16;16;16m▀[38;2;57;57;57;48;2;57;57;57m▀[38;2;255;255;255;48;2;16;16;16m▀[38;2;82;82;82;49m▀[0m
[0m          [38;2;16;16;16m▀[38;2;57;57;57;48;2;16;16;16m▀[38;2;82;82;82;48;2;57;57;57m▀[48;2;82;82;82m▀▀▀[38;2;255;255;255m▀[38;2;205;205;205m▀[38;2;82;82;82m▀▀▀▀▀▀▀▀▀[48;2;164;164;164m▀[38;2;255;255;255;48;2;255;255;255m▀▀▀▀[38;2;82;82;82;48;2;82;82;82m▀▀▀▀[38;2;16;16;16m▀[49m▄[0m
[0m           [38;2;16;16;16;48;2;16;16;16m▀[38;2;57;57;57;48;2;82;82;82m▀[38;2;82;82;82m▀▀▀▀▀▀[48;2;164;164;164m▀[48;2;255;255;255m▀[48;2;82;82;82m▀▀▀▀▀▀[38;2;255;255;255;48;2;255;255;255m▀▀▀▀[38;2;164;164;164;48;2;82;82;82m▀[38;2;82;82;82m▀▀▀▀[38;2;57;57;57;48;2;57;57;57m▀[38;2;16;16;16m▀[49m▄[0m
[0m          [38;2;57;57;57;48;2;82;82;82m▀[38;2;82;82;82;48;2;255;255;255m▀[48;2;82;82;82m▀▀[48;2;164;164;164m▀[48;2;255;255;255m▀▀[38;2;164;164;164m▀[38;2;255;255;255m▀▀[38;2;82;82;82m▀▀[48;2;82;82;82m▀▀▀▀[38;2;164;164;164;48;2;255;255;255m▀[38;2;255;255;255m▀[38;2;164;164;164;48;2;82;82;82m▀[38;2;255;255;255;48;2;255;255;255m▀[38;2;164;164;164;48;2;82;82;82m▀[38;2;82;82;82m▀▀▀[48;2;57;57;57m▀[38;2;57;57;57m▀▀▀[38;2;16;16;16;48;2;16;16;16m▀[0m
[0m          [38;2;82;82;82;48;2;16;16;16m▀[38;2;255;255;255;48;2;255;255;255m▀▀▀▀▀▀▀▀[48;2;82;82;82m▀▀[38;2;82;82;82m▀▀▀▀▀[38;2;255;255;255m▀[38;2;82;82;82m▀▀[48;2;57;57;57m▀▀▀[38;2;57;57;57m▀▀▀▀[48;2;164;164;164m▀[48;2;57;57;57m▀[38;2;16;16;16;48;2;16;16;16m▀[0m
[0m          [38;2;16;16;16;48;2;16;16;16m▀[38;2;164;164;164;48;2;82;82;82m▀[38;2;255;255;255;48;2;164;164;164m▀▀[48;2;82;82;82m▀▀[38;2;164;164;164m▀[38;2;82;82;82m▀▀▀▀▀▀[38;2;57;57;57;48;2;57;57;57m▀[38;2;82;82;82m▀▀▀[38;2;57;57;57m▀▀[38;2;16;16;16;48;2;16;16;16m▀[38;2;57;57;57m▀[48;2;57;57;57m▀▀[48;2;205;205;205m▀▀[38;2;205;205;205m▀[48;2;57;57;57m▀[38;2;57;57;57m▀[38;2;16;16;16;48;2;16;16;16m▀[0m
[0m          [38;2;16;16;16;48;2;16;16;16m▀[38;2;82;82;82;48;2;57;57;57m▀[48;2;82;82;82m▀▀[48;2;16;16;16m▀▀[48;2;82;82;82m▀▀▀▀▀▀▀[38;2;57;57;57;48;2;29;34;34m▀[48;2;16;16;16m▀▀[38;2;16;16;16;48;2;123;123;123m▀▀▀[38;2;123;123;123m▀[38;2;16;16;16m▀[38;2;205;205;205;48;2;16;16;16m▀[48;2;164;164;164m▀[48;2;205;205;205m▀▀[48;2;57;57;57m▀▀[38;2;57;57;57m▀[38;2;16;16;16m▀[49m▄[0m
[0m           [38;2;16;16;16;48;2;16;16;16m▀[38;2;57;57;57;48;2;57;57;57m▀▀▀▀[38;2;16;16;16;48;2;16;16;16m▀[38;2;82;82;82;48;2;82;82;82m▀▀▀▀▀▀[38;2;16;16;16;48;2;16;16;16m▀[0m  [38;2;16;16;16m▀[38;2;29;34;34;48;2;16;16;16m▀[38;2;123;123;123;48;2;29;34;34m▀▀[38;2;29;34;34m▀▀[38;2;16;16;16m▀[48;2;16;16;16m▀[38;2;57;57;57m▀[48;2;57;57;57m▀▀▀▀[38;2;16;16;16;48;2;205;205;205m▀[49m▄[0m
[0m           [38;2;16;16;16;48;2;16;16;16m▀[38;2;57;57;57;48;2;57;57;57m▀[48;2;82;82;82m▀[48;2;57;57;57m▀[38;2;29;34;34;48;2;16;16;16m▀[0m [38;2;16;16;16;48;2;16;16;16m▀[38;2;82;82;82;48;2;82;82;82m▀▀▀▀[48;2;16;16;16m▀[38;2;16;16;16;49m▀[0m    [38;2;16;16;16;48;2;16;16;16m▀[38;2;29;34;34;48;2;29;34;34m▀▀[48;2;123;123;123m▀[38;2;16;16;16;48;2;16;16;16m▀[0m  [38;2;16;16;16;48;2;82;82;82m▀[38;2;29;34;34;48;2;205;205;205m▀[38;2;57;57;57m▀[38;2;205;205;205m▀▀[38;2;16;16;16;48;2;16;16;16m▀[0m
[0m            [38;2;16;16;16;48;2;16;16;16m▀[38;2;82;82;82;48;2;82;82;82m▀▀[38;2;16;16;16;48;2;57;57;57m▀[49m▄[0m [38;2;16;16;16;48;2;16;16;16m▀[38;2;82;82;82;48;2;82;82;82m▀▀▀[38;2;16;16;16;48;2;16;16;16m▀[0m     [38;2;82;82;82;48;2;82;82;82m▀[38;2;123;123;123;48;2;123;123;123m▀▀▀[38;2;16;16;16;48;2;16;16;16m▀[0m  [38;2;82;82;82;48;2;82;82;82m▀[38;2;205;205;205;48;2;205;205;205m▀▀▀▀[38;2;16;16;16;48;2;16;16;16m▀[0m
[0m            [38;2;16;16;16;48;2;16;16;16m▀[38;2;82;82;82;48;2;82;82;82m▀▀▀[38;2;16;16;16;48;2;16;16;16m▀[0m [38;2;16;16;16;48;2;16;16;16m▀[38;2;82;82;82;48;2;82;82;82m▀▀▀▀[38;2;16;16;16;48;2;16;16;16m▀[0m    [38;2;82;82;82;48;2;82;82;82m▀[38;2;123;123;123;48;2;123;123;123m▀▀[48;2;16;16;16m▀[38;2;16;16;16;49m▀[0m  [38;2;82;82;82;48;2;82;82;82m▀[38;2;205;205;205;48;2;205;205;205m▀▀▀[38;2;16;16;16;48;2;16;16;16m▀[0m
[0m            [38;2;16;16;16;48;2;82;82;82m▀[38;2;82;82;82;48;2;205;205;205m▀▀[38;2;205;205;205m▀[38;2;16;16;16;48;2;16;16;16m▀[0m  [38;2;16;16;16;48;2;16;16;16m▀[38;2;82;82;82;48;2;82;82;82m▀▀[48;2;205;205;205m▀[38;2;16;16;16;48;2;16;16;16m▀[0m   [38;2;82;82;82m▄[48;2;123;123;123m▀[38;2;123;123;123m▀▀[38;2;16;16;16;48;2;16;16;16m▀[0m   [38;2;82;82;82;48;2;82;82;82m▀[38;2;205;205;205;48;2;205;205;205m▀▀▀[38;2;16;16;16;48;2;16;16;16m▀[0m
[0m            [38;2;82;82;82;48;2;82;82;82m▀[38;2;205;205;205;48;2;205;205;205m▀▀[48;2;16;16;16m▀[38;2;16;16;16;49m▀[0m  [38;2;82;82;82;48;2;82;82;82m▀[38;2;205;205;205;48;2;205;205;205m▀▀▀[38;2;16;16;16;48;2;16;16;16m▀[0m   [38;2;82;82;82;48;2;82;82;82m▀[38;2;123;123;123;48;2;29;34;34m▀[48;2;123;123;123m▀[38;2;16;16;16;48;2;16;16;16m▀[0m    [38;2;82;82;82;48;2;82;82;82m▀[38;2;205;205;205;48;2;205;205;205m▀▀[38;2;16;16;16;48;2;16;16;16m▀[0m
[0m            [38;2;82;82;82;48;2;16;16;16m▀[38;2;205;205;205;48;2;29;34;34m▀[48;2;205;205;205m▀[38;2;16;16;16;48;2;16;16;16m▀[0m   [38;2;82;82;82;48;2;82;82;82m▀[38;2;205;205;205;48;2;205;205;205m▀▀[38;2;16;16;16;48;2;16;16;16m▀[0m    [38;2;16;16;16;48;2;16;16;16m▀[38;2;29;34;34m▀[38;2;16;16;16m▀[0m     [38;2;82;82;82;48;2;16;16;16m▀[38;2;29;34;34;48;2;29;34;34m▀[38;2;205;205;205;48;2;16;16;16m▀[38;2;16;16;16m▀[0m
[0m            [38;2;16;16;16;48;2;16;16;16m▀[38;2;29;34;34m▀▀[49m▀[0m   [38;2;16;16;16;48;2;16;16;16m▀[38;2;29;34;34;48;2;29;34;34m▀[38;2;205;205;205;48;2;16;16;16m▀[38;2;16;16;16;49m▀[0m            [38;2;16;16;16m▀▀▀[0m
[0m                   [38;2;16;16;16m▀▀▀[0m
