[0m       [38;2;57;32;24m▄[48;2;123;90;74m▀▀[38;2;0;0;0m▀[49m▄[0m
[0m      [38;2;57;32;24m▄[38;2;90;65;45;48;2;90;65;45m▀[38;2;123;90;74;48;2;123;90;74m▀▀[38;2;90;65;45;48;2;57;32;24m▀[38;2;57;32;24;48;2;90;65;45m▀[38;2;0;0;0;48;2;0;0;0m▀[0m
[0m      [38;2;57;32;24;48;2;57;32;24m▀[38;2;123;90;74;48;2;123;90;74m▀[38;2;90;65;45;48;2;90;65;45m▀[38;2;123;90;74;48;2;57;32;24m▀[38;2;57;32;24;48;2;90;65;45m▀[38;2;90;65;45m▀▀[38;2;0;0;0;48;2;0;0;0m▀[0m
[0m      [38;2;57;32;24;48;2;57;32;24m▀[38;2;123;90;74;48;2;123;90;74m▀▀[38;2;57;32;24;48;2;90;65;45m▀[38;2;90;65;45m▀▀▀[38;2;0;0;0;48;2;0;0;0m▀[0m
[0m      [38;2;57;32;24m▀[38;2;123;90;74;48;2;90;65;45m▀[48;2;123;90;74m▀[38;2;90;65;45;48;2;57;32;24m▀[48;2;90;65;45m▀▀[38;2;0;0;0;48;2;0;0;0m▀[0m
[0m       [38;2;0;0;0;48;2;0;0;0m▀[38;2;123;90;74m▀[38;2;57;32;24;48;2;57;32;24m▀[38;2;90;65;45;48;2;0;0;0m▀[38;2;0;0;0m▀[0m
[0m    [38;2;24;32;57m▄▄[48;2;65;82;139m▀▀[38;2;65;82;139m▀▀[38;2;41;57;106m▀[48;2;41;57;106m▀[38;2;24;32;57m▀▀[49m▄[38;2;0;0;0m▄[0m
[0m  [38;2;24;32;57m▄[48;2;65;82;139m▀[38;2;65;82;139m▀[38;2;41;57;106m▀[38;2;65;82;139;48;2;41;57;106m▀[48;2;65;82;139m▀▀▀[48;2;41;57;106m▀[38;2;41;57;106;48;2;65;82;139m▀[38;2;65;82;139m▀▀▀[38;2;41;57;106m▀[38;2;0;0;0;48;2;41;57;106m▀[49m▄[0m
[0m [38;2;24;32;57;48;2;24;32;57m▀[38;2;65;82;139;48;2;65;82;139m▀▀▀[48;2;0;0;0m▀[38;2;0;0;0;48;2;90;65;45m▀[48;2;156;115;16m▀▀[38;2;24;32;57;48;2;0;0;0m▀[38;2;65;82;139;48;2;65;82;139m▀▀▀▀▀▀▀[38;2;41;57;106m▀[38;2;0;0;0;48;2;0;0;0m▀[0m
[38;2;0;0;0;49m▄[38;2;24;32;57;48;2;41;57;106m▀[38;2;65;82;139m▀[48;2;65;82;139m▀[48;2;0;0;0m▀[38;2;90;65;45;48;2;156;115;16m▀▀[38;2;156;115;16;48;2;90;65;45m▀[48;2;156;115;16m▀▀[38;2;0;0;0;48;2;90;65;45m▀[38;2;65;82;139;48;2;65;82;139m▀▀▀▀▀▀[38;2;24;32;57;48;2;41;57;106m▀[38;2;41;57;106m▀[38;2;0;0;0;48;2;0;0;0m▀[0m
[38;2;0;0;0;48;2;0;0;0m▀[38;2;41;57;106;48;2;41;57;106m▀▀[38;2;65;82;139;48;2;0;0;0m▀[38;2;90;65;45;48;2;156;115;16m▀[38;2;156;115;16m▀▀[38;2;90;65;45;48;2;0;0;0m▀[38;2;0;0;0m▀[38;2;90;65;45m▀[38;2;156;115;16;48;2;156;115;16m▀[38;2;0;0;0;48;2;90;65;45m▀[38;2;65;82;139;48;2;24;32;57m▀[48;2;65;82;139m▀▀▀[38;2;24;32;57;48;2;24;32;57m▀[38;2;41;57;106;48;2;41;57;106m▀▀[38;2;0;0;0;48;2;0;0;0m▀[0m
[38;2;0;0;0;48;2;0;0;0m▀[38;2;41;57;106;48;2;24;32;57m▀[48;2;41;57;106m▀[38;2;0;0;0;48;2;0;0;0m▀[38;2;90;65;45;48;2;255;189;74m▀▀▀[38;2;0;0;0;48;2;90;65;45m▀[48;2;0;0;0m▀[48;2;90;65;45m▀[38;2;90;65;45;48;2;255;189;74m▀[38;2;255;189;74m▀[38;2;0;0;0;48;2;0;0;0m▀[38;2;24;32;57;48;2;24;32;57m▀▀[38;2;0;0;0m▀[38;2;41;57;106;48;2;0;0;0m▀[48;2;41;57;106m▀▀[38;2;0;0;0;48;2;0;0;0m▀[0m
[38;2;0;0;0;49m▀[38;2;24;32;57;48;2;0;0;0m▀[38;2;0;0;0;48;2;24;32;57m▀[38;2;24;32;57m▀[38;2;0;0;0;48;2;0;0;0m▀[38;2;255;189;74;48;2;255;189;74m▀[48;2;156;115;16m▀[38;2;156;115;16;48;2;255;189;74m▀[38;2;255;189;74m▀[38;2;156;115;16;48;2;156;115;16m▀[38;2;255;189;74;48;2;255;189;74m▀[48;2;0;0;0m▀[38;2;0;0;0;48;2;24;32;57m▀[38;2;24;32;57m▀▀▀▀[38;2;0;0;0;48;2;0;0;0m▀[38;2;41;57;106m▀[38;2;0;0;0;49m▀[0m
[0m [38;2;0;0;0m▀[38;2;24;32;57;48;2;0;0;0m▀[48;2;24;32;57m▀▀[38;2;0;0;0m▀[38;2;156;115;16;48;2;0;0;0m▀[38;2;255;189;74;48;2;255;189;74m▀▀[38;2;156;115;16;48;2;156;115;16m▀[38;2;255;189;74;48;2;0;0;0m▀[38;2;0;0;0;48;2;24;32;57m▀[38;2;24;32;57;48;2;0;0;0m▀[48;2;24;32;57m▀▀▀▀[48;2;0;0;0m▀[38;2;0;0;0;49m▀[0m
[0m   [38;2;0;0;0m▀[38;2;24;32;57;48;2;0;0;0m▀[38;2;0;0;0m▀[38;2;24;32;57;48;2;24;32;57m▀[38;2;0;0;0m▀▀▀[38;2;24;32;57m▀▀▀[38;2;0;0;0m▀[48;2;0;0;0m▀[38;2;24;32;57m▀[38;2;0;0;0;49m▀[0m
[0m [38;2;0;0;0m▄[48;2;90;65;45m▀[38;2;57;32;24m▀[38;2;90;65;45m▀[48;2;57;32;24m▀[38;2;0;0;0;48;2;90;65;45m▀[48;2;0;0;0m▀[38;2;24;32;57m▀▀▀▀[38;2;0;0;0m▀[48;2;90;65;45m▀[38;2;57;32;24m▀[38;2;90;65;45;48;2;123;90;74m▀[38;2;0;0;0m▀[38;2;90;65;45;49m▄[38;2;0;0;0m▄[0m
[38;2;0;0;0;48;2;0;0;0m▀[38;2;123;90;74;48;2;123;90;74m▀▀▀[38;2;57;32;24;48;2;57;32;24m▀[38;2;90;65;45m▀[48;2;0;0;0m▀[38;2;0;0;0;49m▀[0m    [38;2;0;0;0;48;2;0;0;0m▀[38;2;90;65;45;48;2;90;65;45m▀▀[38;2;57;32;24;48;2;0;0;0m▀[38;2;123;90;74;48;2;57;32;24m▀▀▀[38;2;0;0;0;48;2;0;0;0m▀[0m
[0m [38;2;0;0;0m▀▀▀▀[0m        [38;2;0;0;0m▀▀[38;2;90;65;45;48;2;57;32;24m▀[48;2;0;0;0m▀▀▀[38;2;0;0;0m▀[0m
