[0m                            [38;2;41;57;106m▄[48;2;65;82;139m▀[38;2;16;16;16;48;2;41;57;106m▀[49m▄[0m
[0m                           [38;2;41;57;106m▄[48;2;65;82;139m▀[48;2;41;57;106m▀[38;2;65;82;139;48;2;65;82;139m▀▀[38;2;16;16;16;48;2;32;41;57m▀[0m
[0m                   [38;2;112;51;32m▄▄▄[0m    [38;2;32;41;57m▄[38;2;41;57;106;48;2;65;82;139m▀[38;2;65;82;139;48;2;41;57;106m▀[38;2;41;57;106;48;2;65;82;139m▀[38;2;65;82;139m▀▀▀[38;2;32;41;57;48;2;16;16;16m▀[0m    [38;2;172;41;24m▄▄[0m
[0m                 [38;2;112;51;32m▄[48;2;255;106;82m▀[38;2;172;41;24;48;2;172;41;24m▀[38;2;255;106;82;48;2;255;106;82m▀[48;2;205;74;57m▀[38;2;112;51;32m▀[49m▄[0m [38;2;32;41;57m▄[48;2;65;82;139m▀[38;2;65;82;139m▀[38;2;41;57;106;48;2;41;57;106m▀[38;2;65;82;139;48;2;65;82;139m▀▀▀[48;2;32;41;57m▀[38;2;16;16;16m▀[0m [38;2;172;41;24m▄[48;2;255;106;82m▀▀[38;2;255;106;82m▀▀[38;2;112;51;32;48;2;172;41;24m▀[49m▄[0m
[0m                 [38;2;112;51;32;48;2;112;51;32m▀[38;2;255;106;82;48;2;255;106;82m▀▀[38;2;172;41;24;48;2;172;41;24m▀[38;2;205;74;57;48;2;205;74;57m▀▀[48;2;112;51;32m▀[38;2;112;51;32;48;2;32;41;57m▀[38;2;32;41;57;48;2;65;82;139m▀[38;2;65;82;139m▀[48;2;32;41;57m▀[38;2;41;57;106;48;2;65;82;139m▀[38;2;65;82;139m▀▀[38;2;32;41;57;48;2;16;16;16m▀[38;2;65;82;139;48;2;65;82;139m▀▀[38;2;32;41;57;48;2;32;41;57m▀[38;2;172;41;24;48;2;112;51;32m▀[38;2;255;106;82;48;2;255;106;82m▀▀▀[48;2;172;41;24m▀[38;2;172;41;24;48;2;205;74;57m▀[38;2;255;106;82m▀[38;2;112;51;32;48;2;16;16;16m▀[0m
[0m      [38;2;112;51;32m▄[48;2;255;106;82m▀▀▀[49m▄▄▄[0m     [38;2;205;74;57;48;2;112;51;32m▀[38;2;255;106;82;48;2;255;106;82m▀[48;2;112;51;32m▀[38;2;112;51;32;48;2;65;82;139m▀[38;2;41;57;106m▀[38;2;65;82;139m▀[38;2;32;41;57;48;2;32;41;57m▀[38;2;65;82;139;48;2;65;82;139m▀▀[38;2;32;41;57;48;2;32;41;57m▀[38;2;65;82;139;48;2;65;82;139m▀▀▀[38;2;16;16;16;48;2;16;16;16m▀[38;2;65;82;139;48;2;65;82;139m▀▀▀[38;2;41;57;106m▀[38;2;205;74;57m▀[38;2;255;106;82;48;2;41;57;106m▀[38;2;205;74;57m▀[38;2;172;41;24;48;2;172;41;24m▀[38;2;205;74;57;48;2;205;74;57m▀▀[38;2;16;16;16;48;2;16;16;16m▀[0m
[0m      [38;2;112;51;32m▀[38;2;255;106;82;48;2;112;51;32m▀[48;2;205;74;57m▀[48;2;255;106;82m▀▀[38;2;112;51;32;48;2;172;41;24m▀[38;2;205;74;57;48;2;205;74;57m▀[38;2;112;51;32m▀▀[49m▄[38;2;16;16;16;48;2;32;41;57m▀[48;2;65;82;139m▀[38;2;65;82;139m▀▀▀▀▀[38;2;32;41;57;48;2;32;41;57m▀[38;2;65;82;139;48;2;65;82;139m▀▀[48;2;32;41;57m▀[38;2;32;41;57;48;2;65;82;139m▀[38;2;65;82;139m▀▀▀[38;2;16;16;16;48;2;16;16;16m▀[38;2;65;82;139;48;2;65;82;139m▀▀▀▀▀▀▀▀[38;2;41;57;106m▀▀[38;2;16;16;16m▀[49m▄[0m  [38;2;172;41;24m▄▄[48;2;255;106;82m▀▀[48;2;172;41;24m▀[38;2;112;51;32;49m▄[0m
[0m       [38;2;112;51;32m▀[38;2;172;41;24;48;2;112;51;32m▀[38;2;112;51;32;48;2;172;41;24m▀▀[38;2;205;74;57;48;2;112;51;32m▀▀[48;2;205;74;57m▀▀[38;2;16;16;16;48;2;32;41;57m▀[38;2;65;82;139;48;2;65;82;139m▀▀▀▀▀▀[38;2;32;41;57;48;2;16;16;16m▀[48;2;32;41;57m▀[38;2;65;82;139;48;2;41;57;106m▀[48;2;65;82;139m▀[38;2;32;41;57;48;2;32;41;57m▀[38;2;65;82;139;48;2;65;82;139m▀[48;2;41;57;106m▀▀[38;2;41;57;106;48;2;32;41;57m▀[38;2;16;16;16;48;2;112;51;32m▀[38;2;32;41;57;48;2;16;16;16m▀[38;2;65;82;139;48;2;65;82;139m▀▀▀▀▀▀[48;2;41;57;106m▀▀[48;2;65;82;139m▀▀▀[38;2;16;16;16;48;2;16;16;16m▀[38;2;172;41;24;48;2;255;106;82m▀[38;2;255;106;82m▀▀[48;2;112;51;32m▀[38;2;172;41;24;48;2;205;74;57m▀[38;2;205;74;57m▀[38;2;16;16;16;48;2;16;16;16m▀[0m
[0m         [38;2;112;51;32m▀[38;2;172;41;24;48;2;112;51;32m▀[48;2;172;41;24m▀[48;2;32;41;57m▀[38;2;112;51;32m▀[38;2;16;16;16;48;2;65;82;139m▀[38;2;65;82;139m▀▀▀▀▀▀[38;2;32;41;57;48;2;16;16;16m▀[38;2;112;51;32;48;2;156;123;16m▀[38;2;156;123;16m▀[38;2;32;41;57;48;2;32;41;57m▀[38;2;41;57;106;48;2;41;57;106m▀[38;2;32;41;57;48;2;32;41;57m▀[38;2;41;57;106;48;2;41;57;106m▀▀▀[38;2;32;41;57;48;2;16;16;16m▀[38;2;156;123;16;48;2;156;123;16m▀[38;2;112;51;32m▀[38;2;32;41;57;48;2;16;16;16m▀[38;2;65;82;139;48;2;65;82;139m▀▀▀▀[38;2;41;57;106;48;2;41;57;106m▀[38;2;65;82;139;48;2;65;82;139m▀▀[38;2;41;57;106;48;2;41;57;106m▀[38;2;65;82;139;48;2;65;82;139m▀▀[38;2;41;57;106m▀[38;2;255;106;82;48;2;41;57;106m▀[48;2;205;74;57m▀[38;2;112;51;32;48;2;112;51;32m▀[38;2;172;41;24;48;2;172;41;24m▀▀[38;2;16;16;16;48;2;16;16;16m▀[0m
[0m           [38;2;32;41;57;48;2;32;41;57m▀[38;2;65;82;139;48;2;65;82;139m▀▀▀▀▀[48;2;41;57;106m▀▀▀[38;2;32;41;57;48;2;16;16;16m▀[38;2;112;51;32;48;2;156;123;16m▀[38;2;156;123;16m▀[48;2;112;51;32m▀[38;2;16;16;16;48;2;16;16;16m▀[38;2;41;57;106;48;2;41;57;106m▀[38;2;32;41;57;48;2;32;41;57m▀[38;2;41;57;106;48;2;41;57;106m▀▀[48;2;32;41;57m▀[38;2;16;16;16;48;2;16;16;16m▀[38;2;156;123;16;48;2;112;51;32m▀[48;2;156;123;16m▀[38;2;16;16;16;48;2;112;51;32m▀[38;2;32;41;57;48;2;16;16;16m▀[38;2;65;82;139;48;2;65;82;139m▀▀▀▀[38;2;41;57;106m▀[38;2;65;82;139;48;2;41;57;106m▀▀[38;2;41;57;106m▀[38;2;65;82;139;48;2;65;82;139m▀▀[38;2;41;57;106m▀[38;2;112;51;32;48;2;41;57;106m▀[38;2;172;41;24m▀[48;2;32;41;57m▀[38;2;16;16;16;48;2;16;16;16m▀[0m
[0m     [38;2;32;41;57m▄▄▄▄▄[48;2;32;41;57m▀[38;2;65;82;139;48;2;65;82;139m▀▀▀▀[48;2;41;57;106m▀[38;2;41;57;106;48;2;65;82;139m▀[38;2;65;82;139m▀▀[48;2;32;41;57m▀[38;2;16;16;16;48;2;16;16;16m▀[38;2;112;51;32;48;2;255;205;65m▀▀[38;2;16;16;16;48;2;16;16;16m▀▀[38;2;41;57;106;48;2;41;57;106m▀[38;2;32;41;57;48;2;32;41;57m▀[38;2;41;57;106;48;2;41;57;106m▀▀[38;2;32;41;57;48;2;16;16;16m▀[38;2;16;16;16m▀▀[38;2;156;123;16;48;2;112;51;32m▀▀[38;2;16;16;16;48;2;16;16;16m▀[38;2;65;82;139;48;2;32;41;57m▀[48;2;65;82;139m▀▀▀▀▀▀▀▀▀▀▀[48;2;32;41;57m▀▀[38;2;32;41;57m▀[49m▄[0m
[0m  [38;2;41;57;106m▄[38;2;32;41;57;48;2;65;82;139m▀▀[38;2;65;82;139m▀▀▀▀▀[38;2;32;41;57m▀▀▀▀[38;2;41;57;106;48;2;16;16;16m▀[38;2;16;16;16;48;2;41;57;106m▀▀▀[38;2;32;41;57m▀[38;2;41;57;106m▀[38;2;32;41;57m▀[38;2;16;16;16;48;2;32;41;57m▀[38;2;112;51;32;48;2;16;16;16m▀[38;2;156;123;16;48;2;255;205;65m▀[38;2;112;51;32m▀[38;2;41;57;106;48;2;16;16;16m▀[38;2;32;41;57;48;2;32;41;57m▀[38;2;41;57;106;48;2;41;57;106m▀[48;2;16;16;16m▀[38;2;16;16;16;48;2;255;205;65m▀[38;2;156;123;16m▀[38;2;255;205;65;48;2;156;123;16m▀[48;2;16;16;16m▀[38;2;16;16;16;48;2;32;41;57m▀[38;2;32;41;57;48;2;41;57;106m▀[38;2;41;57;106m▀[38;2;32;41;57m▀▀[48;2;32;41;57m▀[48;2;41;57;106m▀[38;2;65;82;139;48;2;32;41;57m▀▀▀[38;2;32;41;57;48;2;65;82;139m▀▀▀▀[38;2;65;82;139m▀▀▀▀[38;2;32;41;57m▀[49m▄▄[0m
[0m [38;2;41;57;106m▄[48;2;65;82;139m▀[38;2;65;82;139m▀▀▀▀▀▀▀▀▀▀[38;2;41;57;106;48;2;16;16;16m▀[38;2;16;16;16m▀[38;2;41;57;106;48;2;41;57;106m▀▀▀▀▀▀▀[48;2;32;41;57m▀[38;2;16;16;16;48;2;41;57;106m▀▀▀[38;2;32;41;57;48;2;16;16;16m▀[38;2;41;57;106m▀[38;2;16;16;16;48;2;41;57;106m▀▀▀▀[38;2;32;41;57;48;2;32;41;57m▀[38;2;41;57;106;48;2;41;57;106m▀▀▀▀▀[38;2;32;41;57m▀[38;2;41;57;106;48;2;32;41;57m▀▀[38;2;16;16;16;48;2;16;16;16m▀[38;2;65;82;139;48;2;41;57;106m▀[48;2;65;82;139m▀▀▀▀▀▀▀▀▀▀▀[38;2;16;16;16m▀[49m▄[0m
[38;2;32;41;57;49m▄[38;2;41;57;106;48;2;65;82;139m▀[38;2;65;82;139m▀▀▀▀▀▀▀▀▀[48;2;41;57;106m▀[38;2;16;16;16;48;2;16;16;16m▀[38;2;32;41;57;48;2;32;41;57m▀[38;2;16;16;16m▀[38;2;32;41;57;48;2;16;16;16m▀[38;2;41;57;106;48;2;41;57;106m▀▀[48;2;112;51;32m▀▀[48;2;41;57;106m▀[48;2;32;41;57m▀[38;2;32;41;57;48;2;41;57;106m▀[38;2;41;57;106m▀▀▀▀▀▀▀▀▀▀[38;2;32;41;57;48;2;32;41;57m▀[38;2;41;57;106;48;2;41;57;106m▀▀▀▀▀▀[38;2;16;16;16;48;2;16;16;16m▀[38;2;41;57;106;48;2;41;57;106m▀[38;2;32;41;57;48;2;32;41;57m▀[38;2;65;82;139;48;2;41;57;106m▀[48;2;65;82;139m▀▀▀▀▀▀▀▀▀▀▀[38;2;16;16;16m▀[49m▄[0m
[38;2;16;16;16;48;2;16;16;16m▀[38;2;32;41;57;48;2;41;57;106m▀[38;2;65;82;139;48;2;32;41;57m▀▀[48;2;65;82;139m▀▀▀▀[48;2;41;57;106m▀[48;2;16;16;16m▀▀[38;2;16;16;16;48;2;32;41;57m▀[38;2;32;41;57m▀▀▀[38;2;16;16;16;48;2;16;16;16m▀[38;2;41;57;106;48;2;32;41;57m▀[38;2;112;51;32;48;2;172;41;24m▀[38;2;255;106;82;48;2;255;106;82m▀▀[38;2;112;51;32;48;2;205;74;57m▀[38;2;32;41;57;48;2;16;16;16m▀[38;2;41;57;106;48;2;41;57;106m▀▀▀▀[48;2;32;41;57m▀▀[48;2;41;57;106m▀▀▀▀▀[38;2;32;41;57;48;2;16;16;16m▀[38;2;16;16;16;48;2;255;106;82m▀▀[38;2;41;57;106;48;2;16;16;16m▀▀[48;2;41;57;106m▀▀[38;2;16;16;16;48;2;16;16;16m▀[38;2;41;57;106;48;2;41;57;106m▀▀[38;2;32;41;57m▀[38;2;65;82;139;48;2;32;41;57m▀[48;2;65;82;139m▀▀▀▀▀▀▀▀▀▀[48;2;41;57;106m▀[38;2;16;16;16;48;2;16;16;16m▀[49m▄[0m
[38;2;16;16;16;48;2;16;16;16m▀[38;2;41;57;106;48;2;41;57;106m▀▀▀[38;2;32;41;57m▀▀[38;2;65;82;139;48;2;16;16;16m▀[38;2;16;16;16;48;2;32;41;57m▀▀[38;2;32;41;57m▀▀▀▀▀▀[38;2;16;16;16;48;2;16;16;16m▀▀[38;2;255;106;82;48;2;172;41;24m▀[48;2;255;106;82m▀▀[38;2;205;74;57;48;2;172;41;24m▀[38;2;16;16;16;48;2;16;16;16m▀[38;2;41;57;106;48;2;32;41;57m▀▀[48;2;16;16;16m▀[38;2;16;16;16;48;2;205;74;57m▀[38;2;172;41;24m▀[38;2;205;74;57;48;2;255;106;82m▀[38;2;32;41;57;48;2;172;41;24m▀[38;2;41;57;106;48;2;16;16;16m▀[48;2;41;57;106m▀▀[38;2;16;16;16;48;2;16;16;16m▀[38;2;205;74;57;48;2;255;106;82m▀[38;2;255;106;82m▀▀[38;2;205;74;57;48;2;112;51;32m▀[38;2;112;51;32;48;2;172;41;24m▀[38;2;16;16;16;48;2;16;16;16m▀[38;2;32;41;57;48;2;32;41;57m▀[38;2;16;16;16;48;2;16;16;16m▀[38;2;41;57;106;48;2;41;57;106m▀▀▀▀[38;2;32;41;57m▀▀[38;2;65;82;139;48;2;32;41;57m▀▀[48;2;65;82;139m▀▀▀[48;2;16;16;16m▀[38;2;41;57;106m▀[38;2;16;16;16;48;2;32;41;57m▀▀[38;2;32;41;57m▀[38;2;16;16;16;48;2;16;16;16m▀[0m
[38;2;16;16;16;49m▀[38;2;41;57;106;48;2;32;41;57m▀[48;2;41;57;106m▀▀▀▀[38;2;16;16;16;48;2;32;41;57m▀[38;2;32;41;57m▀▀▀▀▀▀▀▀[38;2;16;16;16;48;2;16;16;16m▀[49m▀[48;2;16;16;16m▀[38;2;172;41;24;48;2;172;41;24m▀[38;2;205;74;57m▀[38;2;112;51;32;48;2;112;51;32m▀[38;2;16;16;16;48;2;16;16;16m▀[38;2;32;41;57;48;2;32;41;57m▀▀[38;2;16;16;16;48;2;16;16;16m▀[38;2;255;106;82;48;2;112;51;32m▀[38;2;205;74;57;48;2;205;74;57m▀[38;2;255;106;82;48;2;172;41;24m▀[38;2;112;51;32;48;2;112;51;32m▀[38;2;16;16;16;48;2;16;16;16m▀[38;2;32;41;57;48;2;32;41;57m▀▀[38;2;16;16;16;48;2;16;16;16m▀[38;2;255;106;82;48;2;205;74;57m▀▀[48;2;112;51;32m▀[38;2;112;51;32;48;2;172;41;24m▀[38;2;172;41;24;48;2;16;16;16m▀[38;2;16;16;16;48;2;32;41;57m▀[38;2;41;57;106m▀[38;2;16;16;16;48;2;16;16;16m▀[38;2;41;57;106;48;2;41;57;106m▀▀▀▀▀▀▀▀[38;2;32;41;57m▀▀[38;2;16;16;16;48;2;16;16;16m▀[48;2;32;41;57m▀[38;2;32;41;57m▀▀▀[48;2;16;16;16m▀[38;2;16;16;16;49m▀[0m
[0m [38;2;16;16;16;48;2;16;16;16m▀[38;2;41;57;106;48;2;41;57;106m▀▀▀▀▀[38;2;16;16;16;48;2;16;16;16m▀[38;2;32;41;57;48;2;32;41;57m▀▀▀▀▀▀[48;2;16;16;16m▀[38;2;16;16;16;49m▀[0m  [38;2;16;16;16m▀[38;2;172;41;24;48;2;16;16;16m▀[38;2;16;16;16m▀[0m [38;2;16;16;16m▀▀▀▀[38;2;112;51;32;48;2;16;16;16m▀[38;2;172;41;24m▀[38;2;16;16;16;49m▀[48;2;32;41;57m▀[38;2;32;41;57;48;2;16;16;16m▀▀▀[38;2;16;16;16m▀[38;2;205;74;57;48;2;112;51;32m▀[38;2;112;51;32;48;2;172;41;24m▀[38;2;172;41;24;48;2;16;16;16m▀[38;2;16;16;16;48;2;32;41;57m▀▀▀[49m▀[38;2;32;41;57;48;2;16;16;16m▀[38;2;41;57;106;48;2;41;57;106m▀▀▀▀▀▀▀▀▀[38;2;16;16;16;48;2;16;16;16m▀[38;2;32;41;57;48;2;32;41;57m▀▀▀▀[38;2;16;16;16;48;2;16;16;16m▀[0m
[0m  [38;2;32;41;57;48;2;16;16;16m▀[38;2;41;57;106;48;2;41;57;106m▀▀[48;2;16;16;16m▀[38;2;16;16;16;48;2;255;106;82m▀[38;2;172;41;24;48;2;172;41;24m▀[38;2;32;41;57m▀[48;2;32;41;57m▀▀▀▀[38;2;16;16;16;48;2;16;16;16m▀[0m               [38;2;32;41;57m▀[38;2;16;16;16;48;2;16;16;16m▀[48;2;112;51;32m▀[38;2;32;41;57;48;2;16;16;16m▀▀[38;2;16;16;16m▀▀[48;2;112;51;32m▀▀[48;2;16;16;16m▀[49m▀[0m [38;2;16;16;16m▀[38;2;41;57;106;48;2;16;16;16m▀[48;2;41;57;106m▀▀▀▀▀▀▀[38;2;32;41;57;48;2;16;16;16m▀[48;2;32;41;57m▀▀▀▀[48;2;16;16;16m▀[38;2;16;16;16;49m▀[0m
[0m   [38;2;16;16;16m▀[48;2;112;51;32m▀[38;2;205;74;57;48;2;255;106;82m▀[38;2;255;106;82m▀[38;2;172;41;24;48;2;172;41;24m▀▀▀[38;2;32;41;57m▀[48;2;32;41;57m▀[38;2;16;16;16;48;2;16;16;16m▀[0m                 [38;2;16;16;16m▀[38;2;112;51;32;48;2;16;16;16m▀[48;2;112;51;32m▀▀▀▀▀[38;2;16;16;16;48;2;16;16;16m▀[49m▀[0m   [38;2;16;16;16;48;2;16;16;16m▀[38;2;41;57;106;48;2;41;57;106m▀▀▀▀▀[48;2;32;41;57m▀[48;2;205;74;57m▀[38;2;16;16;16;48;2;112;51;32m▀[38;2;32;41;57;48;2;32;41;57m▀▀▀▀[38;2;16;16;16;48;2;16;16;16m▀[0m
[0m    [38;2;112;51;32m▀[38;2;205;74;57;48;2;112;51;32m▀[38;2;255;106;82;48;2;255;106;82m▀[38;2;205;74;57;48;2;205;74;57m▀[38;2;172;41;24;48;2;172;41;24m▀▀▀[38;2;16;16;16;48;2;16;16;16m▀[0m                   [38;2;16;16;16m▀[38;2;112;51;32;48;2;16;16;16m▀[48;2;112;51;32m▀▀▀[38;2;16;16;16;48;2;16;16;16m▀[49m▀[0m     [38;2;16;16;16m▀[38;2;41;57;106;48;2;32;41;57m▀[48;2;41;57;106m▀[48;2;32;41;57m▀[38;2;32;41;57;48;2;205;74;57m▀[38;2;205;74;57m▀▀[38;2;172;41;24;48;2;172;41;24m▀[38;2;112;51;32m▀[38;2;32;41;57;48;2;32;41;57m▀[48;2;16;16;16m▀[38;2;16;16;16;49m▀[0m
[0m     [38;2;112;51;32m▀[38;2;255;106;82;48;2;112;51;32m▀[48;2;255;106;82m▀[38;2;172;41;24;48;2;172;41;24m▀▀[38;2;16;16;16;48;2;16;16;16m▀[0m                      [38;2;16;16;16m▀▀▀[0m         [38;2;16;16;16;48;2;16;16;16m▀[38;2;172;41;24;48;2;205;74;57m▀[38;2;205;74;57m▀▀▀[38;2;172;41;24;48;2;172;41;24m▀▀[38;2;112;51;32m▀[38;2;16;16;16;48;2;16;16;16m▀[0m
[0m      [38;2;112;51;32m▀[38;2;255;106;82;48;2;16;16;16m▀[38;2;205;74;57m▀[38;2;16;16;16;49m▀[0m                                    [38;2;112;51;32;48;2;16;16;16m▀[38;2;205;74;57;48;2;205;74;57m▀▀[48;2;172;41;24m▀[38;2;172;41;24m▀▀[48;2;16;16;16m▀[38;2;16;16;16;49m▀[0m
[0m                                               [38;2;112;51;32;48;2;16;16;16m▀[38;2;205;74;57;48;2;205;74;57m▀[38;2;172;41;24;48;2;172;41;24m▀▀[48;2;16;16;16m▀[38;2;16;16;16;49m▀[0m
[0m                                                [38;2;112;51;32m▀[38;2;172;41;24;48;2;16;16;16m▀▀[38;2;16;16;16;49m▀[0m
