[0m         [38;2;17;17;19m▄▄▄[48;2;41;41;49m▀▀▀▀▀[48;2;17;17;19m▀[0m
[0m     [38;2;17;17;19m▄▄[48;2;41;41;49m▀▀[38;2;41;41;49m▀▀▀▀▀▀▀[38;2;17;17;19;49m▀[0m                            [38;2;17;17;19;48;2;17;17;19m▀[48;2;65;74;90m▀▀[49m▄▄[0m
[0m   [38;2;17;17;19m▄[48;2;41;41;49m▀[38;2;41;41;49m▀▀▀▀▀▀[48;2;17;17;19m▀[38;2;17;17;19;48;2;41;41;49m▀[38;2;41;41;49m▀▀[38;2;17;17;19;48;2;17;17;19m▀[0m              [38;2;75;106;123m▄[0m               [38;2;17;17;19;48;2;17;17;19m▀[38;2;65;74;90;48;2;65;74;90m▀▀▀[38;2;17;17;19m▀▀[38;2;41;41;49;49m▄[38;2;17;17;19m▄[0m
[0m  [38;2;17;17;19;48;2;17;17;19m▀[38;2;41;41;49;48;2;41;41;49m▀▀▀▀▀▀▀[48;2;17;17;19m▀[38;2;17;17;19;48;2;41;41;49m▀[38;2;41;41;49m▀▀▀[38;2;17;17;19;48;2;17;17;19m▀[0m         [38;2;75;106;123m▄▄[0m [38;2;75;106;123m▄[48;2;115;172;197m▀[38;2;172;222;246;48;2;172;222;246m▀[38;2;17;17;19m▀[49m▄[0m              [38;2;17;17;19;48;2;17;17;19m▀[38;2;65;74;90;48;2;65;74;90m▀▀▀▀▀▀[38;2;17;17;19m▀[49m▄[0m
[0m [38;2;17;17;19;48;2;17;17;19m▀[38;2;41;41;49;48;2;41;41;49m▀▀[48;2;17;17;19m▀▀[48;2;41;41;49m▀▀▀[48;2;17;17;19m▀[38;2;17;17;19;48;2;41;41;49m▀[38;2;41;41;49m▀▀▀▀[38;2;17;17;19;48;2;17;17;19m▀[0m    [38;2;75;106;123m▄▄▄[0m [38;2;75;106;123m▄[48;2;75;106;123m▀[38;2;172;222;246;48;2;172;222;246m▀[38;2;75;106;123m▀[48;2;106;148;172m▀[38;2;172;222;246;48;2;172;222;246m▀▀▀[38;2;75;106;123;48;2;106;148;172m▀[49m▄[48;2;172;222;246m▀[48;2;17;17;19m▀[0m          [38;2;17;17;19m▄[48;2;65;74;90m▀[38;2;65;74;90;48;2;41;41;49m▀[48;2;65;74;90m▀▀▀▀▀▀▀[38;2;17;17;19m▀[49m▄[0m
[38;2;17;17;19;48;2;17;17;19m▀[38;2;41;41;49m▀[38;2;17;17;19;49m▀▀[0m  [38;2;17;17;19m▀[38;2;41;41;49;48;2;17;17;19m▀[48;2;41;41;49m▀[38;2;17;17;19m▀[38;2;41;41;49m▀▀▀▀▀▀[38;2;17;17;19;48;2;17;17;19m▀[0m   [38;2;75;106;123;48;2;75;106;123m▀[38;2;172;222;246;48;2;172;222;246m▀[38;2;115;172;197m▀[38;2;75;106;123;48;2;115;172;197m▀[38;2;172;222;246;48;2;172;222;246m▀[38;2;106;148;172m▀[38;2;172;222;246m▀▀▀▀▀[38;2;106;148;172;48;2;115;172;197m▀[38;2;172;222;246;48;2;172;222;246m▀▀[48;2;75;106;123m▀[38;2;17;17;19;48;2;172;222;246m▀[38;2;75;106;123;49m▄[48;2;115;172;197m▀[48;2;172;222;246m▀[38;2;17;17;19;48;2;17;17;19m▀[0m     [38;2;17;17;19m▄[48;2;65;74;90m▀[38;2;65;74;90m▀▀[38;2;41;41;49;48;2;41;41;49m▀[38;2;65;74;90;48;2;65;74;90m▀▀▀▀▀▀▀▀[38;2;17;17;19;48;2;41;41;49m▀[49m▄[0m
[38;2;17;17;19;49m▀[0m      [38;2;17;17;19;48;2;17;17;19m▀[38;2;41;41;49;48;2;41;41;49m▀[48;2;17;17;19m▀[38;2;17;17;19;49m▀▀▀▀[38;2;41;41;49;48;2;17;17;19m▀[48;2;41;41;49m▀▀[49m▄[0m [38;2;17;17;19m▄[38;2;75;106;123;48;2;172;222;246m▀[38;2;172;222;246m▀▀▀▀▀▀▀▀▀▀▀▀▀[38;2;106;148;172m▀[38;2;172;222;246m▀[38;2;115;172;197m▀[38;2;172;222;246m▀▀[38;2;17;17;19;48;2;17;17;19m▀[0m   [38;2;17;17;19m▄[48;2;41;41;49m▀[38;2;65;74;90m▀[48;2;65;74;90m▀▀▀▀[38;2;41;41;49;48;2;41;41;49m▀[38;2;65;74;90;48;2;65;74;90m▀▀▀▀▀▀▀▀[38;2;17;17;19m▀[49m▄[0m
[0m       [38;2;17;17;19m▀▀[0m      [38;2;41;41;49m▀[38;2;17;17;19;48;2;17;17;19m▀[48;2;172;222;246m▀▀[38;2;172;222;246m▀[48;2;139;74;82m▀▀[38;2;139;74;82;48;2;246;172;180m▀▀▀▀[38;2;172;222;246;48;2;139;74;82m▀[48;2;17;17;19m▀[48;2;172;222;246m▀▀▀▀▀▀▀▀▀▀[38;2;106;148;172m▀[38;2;17;17;19m▀[48;2;115;172;197m▀[48;2;17;17;19m▀[48;2;41;41;49m▀[38;2;41;41;49m▀▀▀[38;2;65;74;90m▀[48;2;65;74;90m▀▀▀[38;2;41;41;49m▀[38;2;65;74;90m▀▀[48;2;17;17;19m▀▀▀[48;2;65;74;90m▀▀▀▀[38;2;17;17;19m▀[49m▄[0m
[0m               [38;2;75;106;123m▀[38;2;172;222;246;48;2;17;17;19m▀[48;2;172;222;246m▀▀[38;2;139;74;82;48;2;139;74;82m▀[38;2;246;172;180;48;2;246;172;180m▀[48;2;17;17;19m▀▀[48;2;197;106;123m▀[48;2;17;17;19m▀▀[38;2;197;106;123;48;2;246;172;180m▀[48;2;197;106;123m▀[38;2;17;17;19;48;2;139;74;82m▀[38;2;172;222;246;48;2;172;222;246m▀▀▀▀▀▀▀▀▀▀▀[48;2;75;106;123m▀[48;2;41;41;49m▀[38;2;41;41;49;48;2;17;17;19m▀[38;2;17;17;19;49m▀▀▀▀[38;2;41;41;49;48;2;17;17;19m▀[38;2;65;74;90m▀[48;2;65;74;90m▀▀▀[38;2;17;17;19;48;2;17;17;19m▀[0m   [38;2;17;17;19m▀▀[38;2;65;74;90;48;2;17;17;19m▀▀[48;2;65;74;90m▀[38;2;17;17;19m▀[49m▄[0m
[0m               [38;2;75;106;123m▄[38;2;17;17;19;48;2;172;222;246m▀[38;2;172;222;246m▀[38;2;139;74;82;48;2;139;74;82m▀[38;2;246;172;180;48;2;246;172;180m▀[38;2;139;74;82;48;2;17;17;19m▀[38;2;17;17;19m▀▀▀▀▀▀[38;2;197;106;123;48;2;197;106;123m▀[38;2;139;74;82m▀[38;2;17;17;19;48;2;17;17;19m▀[38;2;172;222;246;48;2;172;222;246m▀[38;2;17;17;19;48;2;106;148;172m▀[38;2;172;222;246;48;2;172;222;246m▀[48;2;75;106;123m▀[48;2;172;222;246m▀[38;2;17;17;19;48;2;106;148;172m▀[38;2;172;222;246;48;2;172;222;246m▀▀[38;2;75;106;123;48;2;115;172;197m▀[48;2;106;148;172m▀[38;2;106;148;172m▀[38;2;17;17;19m▀[49m▄[0m      [38;2;17;17;19m▀[38;2;65;74;90;48;2;17;17;19m▀[38;2;17;17;19m▀[0m        [38;2;17;17;19m▀[38;2;65;74;90;48;2;17;17;19m▀[38;2;17;17;19m▀[0m
[0m              [38;2;75;106;123;48;2;75;106;123m▀[38;2;172;222;246;48;2;17;17;19m▀[48;2;115;172;197m▀[48;2;172;222;246m▀[38;2;139;74;82m▀[38;2;246;172;180;48;2;139;74;82m▀[48;2;246;172;180m▀[38;2;17;17;19m▀[48;2;17;17;19m▀▀▀[48;2;246;172;180m▀[38;2;246;172;180m▀[38;2;197;106;123;48;2;197;106;123m▀▀[38;2;17;17;19;48;2;17;17;19m▀[38;2;172;222;246;48;2;172;222;246m▀▀[38;2;17;17;19m▀[38;2;172;222;246m▀[38;2;17;17;19m▀[38;2;172;222;246m▀▀▀[48;2;106;148;172m▀[38;2;115;172;197m▀[38;2;106;148;172m▀▀[48;2;17;17;19m▀[38;2;17;17;19;49m▀[0m
[0m                [38;2;17;17;19m▀[48;2;17;17;19m▀[38;2;115;172;197;48;2;106;148;172m▀[38;2;139;74;82;48;2;17;17;19m▀[38;2;197;106;123m▀[38;2;246;172;180;48;2;139;74;82m▀[48;2;246;172;180m▀▀▀[48;2;197;106;123m▀[38;2;197;106;123;48;2;139;74;82m▀[48;2;17;17;19m▀[38;2;17;17;19;48;2;106;148;172m▀[38;2;106;148;172m▀[38;2;172;222;246;48;2;17;17;19m▀[38;2;75;106;123;48;2;131;24;57m▀▀[38;2;172;222;246;48;2;17;17;19m▀[38;2;115;172;197;48;2;106;148;172m▀[38;2;172;222;246m▀[48;2;172;222;246m▀[38;2;115;172;197;48;2;106;148;172m▀[38;2;106;148;172m▀▀▀[38;2;17;17;19m▀[49m▄[0m
[0m                [38;2;17;17;19m▀[38;2;106;148;172;48;2;17;17;19m▀[48;2;106;148;172m▀[38;2;17;17;19m▀[38;2;131;24;57;48;2;131;24;57m▀[38;2;17;17;19;48;2;17;17;19m▀[48;2;255;255;255m▀▀▀▀[48;2;17;17;19m▀[48;2;131;24;57m▀▀▀[38;2;131;24;57m▀▀[48;2;17;17;19m▀[38;2;17;17;19;48;2;106;148;172m▀[38;2;106;148;172m▀▀[38;2;115;172;197m▀[38;2;106;148;172m▀▀▀[48;2;75;106;123m▀[48;2;106;148;172m▀[48;2;17;17;19m▀[38;2;17;17;19m▀[0m
[0m                [38;2;17;17;19m▄[48;2;106;148;172m▀[38;2;106;148;172m▀▀▀[38;2;17;17;19m▀[38;2;75;106;123;48;2;17;17;19m▀[38;2;255;255;255m▀▀[38;2;17;17;19;48;2;131;24;57m▀[38;2;131;24;57;48;2;205;41;65m▀[38;2;205;41;65m▀▀[38;2;131;24;57m▀[48;2;17;17;19m▀▀[38;2;17;17;19;48;2;106;148;172m▀[38;2;106;148;172m▀▀▀▀▀▀▀▀[38;2;75;106;123m▀[38;2;17;17;19;49m▄[0m
[0m                [38;2;17;17;19m▀▀▀[38;2;106;148;172;48;2;17;17;19m▀[48;2;106;148;172m▀▀▀[38;2;17;17;19m▀[38;2;131;24;57;48;2;75;106;123m▀[38;2;205;41;65;48;2;17;17;19m▀▀▀[38;2;17;17;19;48;2;106;148;172m▀▀[38;2;106;148;172m▀▀▀▀▀▀▀▀[48;2;75;106;123m▀[48;2;17;17;19m▀▀[38;2;17;17;19;49m▀▀[0m
[0m                   [38;2;17;17;19;48;2;17;17;19m▀[38;2;106;148;172m▀[38;2;75;106;123;49m▀[38;2;17;17;19;48;2;17;17;19m▀[38;2;106;148;172;48;2;106;148;172m▀▀▀[48;2;75;106;123m▀[48;2;106;148;172m▀▀▀▀▀▀▀▀[48;2;17;17;19m▀[38;2;17;17;19;49m▀[38;2;106;148;172;48;2;17;17;19m▀[38;2;17;17;19m▀[0m
[0m                       [38;2;17;17;19;48;2;17;17;19m▀[38;2;106;148;172;48;2;106;148;172m▀[48;2;17;17;19m▀[38;2;17;17;19m▀[38;2;106;148;172;48;2;75;106;123m▀[48;2;106;148;172m▀▀[38;2;75;106;123;48;2;17;17;19m▀[38;2;106;148;172;48;2;106;148;172m▀[38;2;75;106;123;48;2;17;17;19m▀[38;2;106;148;172m▀[48;2;106;148;172m▀[38;2;17;17;19;48;2;17;17;19m▀[0m
[0m                       [38;2;17;17;19m▀▀[0m  [38;2;17;17;19m▀[38;2;106;148;172;48;2;17;17;19m▀[38;2;17;17;19m▀[0m [38;2;17;17;19m▀[0m  [38;2;17;17;19m▀[0m
