[0m                        [38;2;98;98;98m▄[48;2;213;213;213m▀[48;2;16;16;16m▀[0m
[0m                      [38;2;98;98;98m▄[48;2;213;213;213m▀[38;2;213;213;213m▀[48;2;164;164;164m▀[38;2;16;16;16;48;2;16;16;16m▀[0m
[0m                     [38;2;98;98;98m▄[38;2;16;16;16;48;2;213;213;213m▀[38;2;213;213;213m▀[48;2;164;164;164m▀[38;2;164;164;164m▀[38;2;16;16;16;48;2;16;16;16m▀[0m  [38;2;65;49;41m▄▄▄▄[48;2;90;74;65m▀▀▀▀▀▀▀▀▀[49m▄▄[38;2;41;32;24m▄[0m
[0m              [38;2;98;98;98m▄[0m     [38;2;98;98;98;48;2;16;16;16m▀[38;2;213;213;213;48;2;213;213;213m▀[48;2;164;164;164m▀[38;2;164;164;164m▀▀[38;2;16;16;16;48;2;16;16;16m▀[38;2;98;98;98;48;2;164;164;164m▀[38;2;65;49;41m▀▀[38;2;90;74;65m▀[48;2;65;49;41m▀▀▀[48;2;90;74;65m▀▀▀▀▀▀▀▀▀▀▀▀[38;2;41;32;24m▀[38;2;65;49;41m▀[49m▄[38;2;41;32;24m▄[0m
[0m             [38;2;98;98;98;48;2;16;16;16m▀[38;2;213;213;213;48;2;213;213;213m▀[38;2;16;16;16;48;2;16;16;16m▀[0m [38;2;98;98;98m▄[38;2;16;16;16m▄[48;2;213;213;213m▀[38;2;213;213;213m▀[38;2;164;164;164;48;2;164;164;164m▀▀▀▀[38;2;98;98;98;48;2;98;98;98m▀[38;2;164;164;164m▀[48;2;164;164;164m▀▀▀▀▀▀[38;2;16;16;16m▀▀[38;2;90;74;65;48;2;16;16;16m▀[48;2;90;74;65m▀▀▀▀▀▀▀▀▀▀▀▀▀[38;2;41;32;24m▀[49m▄[0m
[0m            [38;2;98;98;98;48;2;16;16;16m▀[38;2;213;213;213;48;2;213;213;213m▀▀[38;2;164;164;164;48;2;164;164;164m▀[38;2;16;16;16;48;2;16;16;16m▀[38;2;213;213;213;48;2;98;98;98m▀[38;2;16;16;16;48;2;213;213;213m▀[38;2;213;213;213;48;2;164;164;164m▀[38;2;164;164;164m▀▀▀▀▀[38;2;98;98;98m▀[38;2;164;164;164m▀▀▀▀▀▀▀▀▀▀[38;2;16;16;16m▀[38;2;90;74;65;48;2;16;16;16m▀[48;2;90;74;65m▀▀▀▀▀▀▀▀▀▀▀▀▀[38;2;41;32;24m▀[49m▄[0m
[0m           [38;2;98;98;98;48;2;16;16;16m▀[38;2;213;213;213;48;2;213;213;213m▀▀[38;2;164;164;164;48;2;164;164;164m▀▀[38;2;16;16;16m▀[38;2;98;98;98;48;2;16;16;16m▀[38;2;164;164;164;48;2;164;164;164m▀▀[48;2;98;98;98m▀▀[38;2;98;98;98;48;2;164;164;164m▀▀[38;2;164;164;164m▀▀▀▀▀▀▀▀▀▀▀▀▀[38;2;16;16;16m▀[38;2;90;74;65;48;2;16;16;16m▀[48;2;90;74;65m▀▀[48;2;65;49;41m▀▀▀▀▀[48;2;90;74;65m▀▀▀▀▀▀[38;2;41;32;24m▀[49m▄[0m
[0m          [38;2;98;98;98m▄[38;2;16;16;16;48;2;213;213;213m▀[38;2;213;213;213m▀[38;2;164;164;164;48;2;164;164;164m▀▀▀▀[38;2;16;16;16m▀[38;2;164;164;164m▀[38;2;98;98;98m▀[38;2;164;164;164m▀▀▀▀▀▀▀▀▀▀▀▀▀▀▀▀[48;2;16;16;16m▀▀[38;2;16;16;16m▀[38;2;90;74;65m▀[38;2;65;49;41;48;2;189;65;65m▀[38;2;131;62;63m▀[38;2;189;65;65m▀▀▀[38;2;131;62;63m▀[38;2;41;32;24m▀[38;2;90;74;65;48;2;16;16;16m▀[48;2;65;49;41m▀▀[48;2;90;74;65m▀▀▀[38;2;41;32;24m▀[49m▄[0m
[0m          [38;2;16;16;16;48;2;16;16;16m▀[38;2;213;213;213;48;2;213;213;213m▀[38;2;164;164;164;48;2;164;164;164m▀▀▀▀▀▀▀▀▀▀▀▀▀▀▀[48;2;16;16;16m▀▀▀▀[38;2;16;16;16;48;2;90;74;65m▀[48;2;65;49;41m▀[48;2;164;164;164m▀▀▀[38;2;164;164;164m▀▀[38;2;65;49;41;48;2;65;49;41m▀[38;2;90;74;65;48;2;90;74;65m▀[38;2;16;16;16m▀▀[38;2;189;65;65;48;2;16;16;16m▀▀▀[38;2;16;16;16;48;2;90;74;65m▀▀[38;2;90;74;65m▀▀▀▀▀▀[48;2;65;49;41m▀[38;2;41;32;24;48;2;41;32;24m▀[0m
[0m         [38;2;98;98;98;48;2;16;16;16m▀[38;2;213;213;213;48;2;213;213;213m▀[48;2;164;164;164m▀[38;2;164;164;164;48;2;98;98;98m▀▀[38;2;98;98;98;48;2;164;164;164m▀[38;2;164;164;164m▀▀▀▀▀[48;2;98;98;98m▀[48;2;16;16;16m▀▀▀[38;2;16;16;16;48;2;90;74;65m▀▀▀[38;2;90;74;65m▀[48;2;65;49;41m▀[48;2;16;16;16m▀[38;2;65;49;41;48;2;255;255;255m▀[38;2;255;255;255m▀[38;2;98;98;98;48;2;98;98;98m▀[38;2;255;255;255;48;2;255;255;255m▀[48;2;189;65;65m▀[38;2;164;164;164;48;2;131;62;63m▀[38;2;131;62;63m▀▀[38;2;65;49;41;48;2;65;49;41m▀[38;2;90;74;65;48;2;90;74;65m▀▀▀▀▀▀▀▀▀▀▀▀▀▀▀▀[38;2;16;16;16m▀[38;2;41;32;24;49m▄[0m
[0m        [38;2;98;98;98m▄[38;2;16;16;16;48;2;213;213;213m▀[38;2;213;213;213;48;2;98;98;98m▀[38;2;98;98;98;48;2;164;164;164m▀[38;2;164;164;164m▀▀▀[48;2;98;98;98m▀[48;2;16;16;16m▀[38;2;98;98;98m▀[38;2;16;16;16;49m▀▀▀[0m [38;2;98;98;98m▄[38;2;16;16;16;48;2;164;164;164m▀[38;2;90;74;65;48;2;65;49;41m▀▀[48;2;164;164;164m▀[38;2;65;49;41;48;2;98;98;98m▀[38;2;255;255;255m▀[38;2;16;16;16;48;2;164;164;164m▀[38;2;255;255;255m▀[38;2;98;98;98;48;2;189;65;65m▀[38;2;255;255;255m▀[38;2;189;65;65;48;2;255;255;255m▀[38;2;131;62;63;48;2;164;164;164m▀[48;2;131;62;63m▀[38;2;164;164;164m▀[38;2;65;49;41;48;2;65;49;41m▀[38;2;90;74;65;48;2;90;74;65m▀▀▀▀▀▀▀▀▀▀▀▀▀▀▀▀▀▀▀[38;2;41;32;24m▀[49m▄[0m
[0m        [38;2;16;16;16;48;2;16;16;16m▀[38;2;213;213;213;48;2;213;213;213m▀[48;2;16;16;16m▀[38;2;164;164;164m▀[38;2;98;98;98m▀[38;2;16;16;16;49m▀▀[0m       [38;2;98;98;98;48;2;98;98;98m▀[38;2;255;255;255;48;2;255;255;255m▀▀▀▀▀▀▀[48;2;189;65;65m▀▀[38;2;189;65;65m▀[48;2;164;164;164m▀[38;2;131;62;63m▀▀[48;2;65;49;41m▀[38;2;65;49;41;48;2;90;74;65m▀[38;2;90;74;65m▀▀▀▀▀▀▀▀▀▀▀▀▀▀▀▀▀▀▀▀[38;2;41;32;24m▀[49m▄[0m
[0m        [38;2;16;16;16m▀▀[38;2;98;98;98m▄[0m        [38;2;65;49;41m▄▄[38;2;16;16;16;48;2;16;16;16m▀[38;2;255;255;255;48;2;255;255;255m▀▀▀▀▀▀▀[48;2;98;98;98m▀[48;2;16;16;16m▀[38;2;98;98;98m▀[38;2;16;16;16;48;2;164;164;164m▀▀[38;2;98;98;98;48;2;65;49;41m▀[38;2;65;49;41;48;2;90;74;65m▀[38;2;90;74;65m▀▀▀▀▀▀▀▀▀▀▀▀▀▀▀▀▀[48;2;65;49;41m▀[48;2;90;74;65m▀▀▀▀[38;2;65;49;41;48;2;65;49;41m▀[38;2;41;32;24m▀[49m▄[0m
[0m         [38;2;98;98;98;48;2;98;98;98m▀[38;2;213;213;213;48;2;213;213;213m▀[38;2;16;16;16;48;2;16;16;16m▀[0m    [38;2;41;32;24m▄[38;2;65;49;41;48;2;90;74;65m▀▀[38;2;90;74;65m▀[38;2;16;16;16;48;2;16;16;16m▀[38;2;189;65;65;48;2;238;131;123m▀[38;2;238;131;123m▀[38;2;205;115;106m▀[38;2;255;255;255;48;2;205;115;106m▀[48;2;255;255;255m▀[48;2;16;16;16m▀[38;2;98;98;98;48;2;65;49;41m▀[38;2;16;16;16m▀[38;2;65;49;41m▀▀[38;2;90;74;65;48;2;90;74;65m▀[38;2;16;16;16m▀▀[38;2;90;74;65;48;2;65;49;41m▀▀▀[48;2;90;74;65m▀▀▀▀▀▀▀▀[48;2;65;49;41m▀[48;2;90;74;65m▀▀▀▀▀▀▀[38;2;41;32;24m▀▀[38;2;90;74;65;48;2;16;16;16m▀▀[38;2;65;49;41m▀[48;2;65;49;41m▀▀[38;2;41;32;24;48;2;41;32;24m▀[0m
[0m        [38;2;98;98;98;48;2;98;98;98m▀[38;2;213;213;213;48;2;213;213;213m▀▀▀[38;2;16;16;16;48;2;16;16;16m▀[49m▄[48;2;213;213;213m▀[38;2;41;32;24;48;2;41;32;24m▀[38;2;90;74;65;48;2;90;74;65m▀▀▀▀[38;2;16;16;16;48;2;16;16;16m▀[38;2;238;131;123;48;2;189;65;65m▀[48;2;238;131;123m▀[48;2;16;16;16m▀▀[38;2;16;16;16;48;2;65;49;41m▀[38;2;65;49;41m▀▀▀[38;2;16;16;16;48;2;16;16;16m▀[38;2;90;74;65;48;2;90;74;65m▀▀▀▀▀▀▀▀▀▀[48;2;189;65;65m▀[48;2;90;74;65m▀▀▀▀[38;2;41;32;24;48;2;41;32;24m▀[38;2;90;74;65;48;2;90;74;65m▀▀▀▀▀▀▀▀▀▀▀▀[38;2;16;16;16m▀▀[38;2;41;32;24;48;2;16;16;16m▀[38;2;16;16;16;49m▄[0m
[0m       [38;2;98;98;98;48;2;98;98;98m▀[38;2;213;213;213;48;2;213;213;213m▀▀▀[48;2;98;98;98m▀[38;2;98;98;98;48;2;213;213;213m▀[38;2;213;213;213;48;2;164;164;164m▀[38;2;41;32;24;48;2;41;32;24m▀[38;2;90;74;65;48;2;90;74;65m▀[48;2;189;65;65m▀[38;2;131;62;63m▀▀[48;2;16;16;16m▀[38;2;65;49;41;48;2;65;49;41m▀[38;2;16;16;16m▀▀[38;2;65;49;41m▀▀▀▀▀[38;2;16;16;16;48;2;16;16;16m▀[38;2;90;74;65;48;2;90;74;65m▀▀▀▀▀▀▀▀[48;2;189;65;65m▀[38;2;131;62;63m▀[38;2;189;65;65m▀▀[38;2;90;74;65;48;2;90;74;65m▀▀▀▀[38;2;41;32;24m▀[38;2;90;74;65;48;2;16;16;16m▀[48;2;90;74;65m▀▀▀▀▀▀▀▀▀▀▀▀▀▀▀[38;2;16;16;16m▀[49m▄▄[38;2;131;62;63m▄▄▄[0m [38;2;16;16;16m▄[0m
[0m  [38;2;98;98;98m▄[38;2;16;16;16;48;2;213;213;213m▀[49m▄[0m [38;2;16;16;16m▄[38;2;98;98;98;48;2;213;213;213m▀[38;2;213;213;213m▀[48;2;98;98;98m▀[38;2;98;98;98;48;2;213;213;213m▀[38;2;213;213;213m▀▀[38;2;90;74;65;48;2;41;32;24m▀[48;2;90;74;65m▀[38;2;131;62;63;48;2;189;65;65m▀[38;2;189;65;65;48;2;16;16;16m▀[38;2;131;62;63m▀[38;2;16;16;16;48;2;65;49;41m▀[38;2;65;49;41m▀▀▀▀▀▀▀[48;2;41;32;24m▀[38;2;16;16;16;48;2;16;16;16m▀[38;2;189;65;65;48;2;189;65;65m▀[48;2;131;62;63m▀[38;2;90;74;65;48;2;90;74;65m▀▀[48;2;131;62;63m▀▀[48;2;90;74;65m▀[48;2;189;65;65m▀[38;2;189;65;65m▀▀▀▀[38;2;131;62;63;48;2;90;74;65m▀[38;2;90;74;65m▀▀▀▀▀[38;2;16;16;16;48;2;16;16;16m▀[38;2;90;74;65;48;2;90;74;65m▀▀▀▀▀▀▀▀▀▀▀▀▀▀▀▀▀▀[38;2;16;16;16m▀[38;2;189;65;65;48;2;16;16;16m▀▀[38;2;16;16;16;48;2;98;98;98m▀[38;2;213;213;213;48;2;213;213;213m▀[38;2;16;16;16;48;2;16;16;16m▀[0m
[0m  [38;2;98;98;98;48;2;16;16;16m▀[38;2;213;213;213;48;2;213;213;213m▀[38;2;16;16;16m▀[38;2;98;98;98;49m▄[38;2;16;16;16;48;2;16;16;16m▀[38;2;213;213;213;48;2;213;213;213m▀[48;2;16;16;16m▀[38;2;16;16;16;48;2;213;213;213m▀[38;2;213;213;213m▀▀[48;2;164;164;164m▀[38;2;41;32;24;48;2;41;32;24m▀[38;2;90;74;65;48;2;65;49;41m▀[38;2;16;16;16m▀[38;2;65;49;41m▀▀▀▀▀▀▀▀[48;2;16;16;16m▀[38;2;41;32;24;49m▀[38;2;16;16;16m▄[48;2;189;65;65m▀[38;2;131;62;63;48;2;90;74;65m▀[38;2;90;74;65m▀[48;2;189;65;65m▀[38;2;131;62;63m▀[38;2;189;65;65;48;2;90;74;65m▀[38;2;90;74;65;48;2;189;65;65m▀[38;2;189;65;65m▀▀▀▀▀[38;2;131;62;63;48;2;90;74;65m▀[38;2;90;74;65m▀▀▀▀▀▀[38;2;16;16;16m▀[38;2;90;74;65;48;2;16;16;16m▀[48;2;90;74;65m▀▀▀▀▀▀▀▀▀▀▀▀▀▀▀▀▀▀[48;2;16;16;16m▀[38;2;16;16;16;48;2;164;164;164m▀[38;2;213;213;213;48;2;213;213;213m▀▀[38;2;16;16;16;48;2;16;16;16m▀[0m
[0m [38;2;98;98;98m▄[38;2;16;16;16;48;2;164;164;164m▀[38;2;213;213;213;48;2;213;213;213m▀▀[38;2;98;98;98m▀[38;2;213;213;213;48;2;16;16;16m▀[38;2;16;16;16;48;2;98;98;98m▀[38;2;213;213;213;48;2;213;213;213m▀▀[48;2;164;164;164m▀[38;2;164;164;164;48;2;98;98;98m▀[38;2;98;98;98m▀[38;2;41;32;24m▀[38;2;65;49;41;48;2;16;16;16m▀[48;2;41;32;24m▀▀[48;2;65;49;41m▀▀▀[48;2;16;16;16m▀▀[38;2;41;32;24;49m▀[38;2;16;16;16m▀[0m  [38;2;16;16;16;48;2;16;16;16m▀[38;2;131;62;63;48;2;90;74;65m▀[38;2;90;74;65;48;2;131;62;63m▀[38;2;189;65;65;48;2;189;65;65m▀▀▀▀▀▀▀▀▀[48;2;131;62;63m▀[38;2;90;74;65;48;2;90;74;65m▀[48;2;189;65;65m▀[48;2;90;74;65m▀▀▀▀▀▀[38;2;16;16;16m▀[38;2;90;74;65;48;2;16;16;16m▀[48;2;131;62;63m▀[48;2;65;49;41m▀[48;2;90;74;65m▀▀▀▀▀▀▀▀▀▀▀▀[48;2;65;49;41m▀▀[48;2;16;16;16m▀[38;2;16;16;16;48;2;164;164;164m▀[38;2;164;164;164m▀[38;2;213;213;213;48;2;213;213;213m▀▀[38;2;16;16;16;48;2;16;16;16m▀[38;2;98;98;98;48;2;164;164;164m▀[49m▄▄[0m
[0m [38;2;16;16;16;48;2;16;16;16m▀[38;2;213;213;213;48;2;213;213;213m▀▀▀[48;2;16;16;16m▀[38;2;16;16;16;48;2;213;213;213m▀[38;2;213;213;213m▀[48;2;164;164;164m▀[38;2;164;164;164;48;2;98;98;98m▀[38;2;98;98;98m▀[48;2;16;16;16m▀▀[38;2;16;16;16;48;2;98;98;98m▀[38;2;98;98;98m▀▀[48;2;16;16;16m▀[38;2;16;16;16;49m▀▀▀[0m     [38;2;41;32;24;48;2;41;32;24m▀[38;2;90;74;65;48;2;90;74;65m▀▀[38;2;189;65;65;48;2;189;65;65m▀[48;2;90;74;65m▀[48;2;131;62;63m▀[48;2;189;65;65m▀▀▀▀▀▀▀[38;2;90;74;65m▀[38;2;189;65;65m▀[48;2;131;62;63m▀[38;2;90;74;65;48;2;90;74;65m▀▀[48;2;189;65;65m▀[48;2;90;74;65m▀[48;2;131;62;63m▀[48;2;189;65;65m▀[38;2;131;62;63;48;2;16;16;16m▀[38;2;16;16;16;48;2;189;65;65m▀[38;2;189;65;65m▀[38;2;131;62;63m▀[38;2;65;49;41;48;2;65;49;41m▀[38;2;90;74;65;48;2;90;74;65m▀▀▀▀▀▀[48;2;65;49;41m▀▀[38;2;65;49;41;48;2;164;164;164m▀[48;2;98;98;98m▀[48;2;164;164;164m▀[38;2;164;164;164m▀▀[38;2;16;16;16;48;2;98;98;98m▀[38;2;164;164;164;48;2;164;164;164m▀▀▀[38;2;213;213;213;48;2;213;213;213m▀[38;2;98;98;98m▀[38;2;16;16;16;48;2;16;16;16m▀[38;2;164;164;164;48;2;98;98;98m▀[38;2;98;98;98;48;2;164;164;164m▀[49m▄[0m
[38;2;98;98;98;49m▄[38;2;16;16;16;48;2;164;164;164m▀[38;2;213;213;213;48;2;213;213;213m▀▀[48;2;16;16;16m▀[38;2;98;98;98;48;2;213;213;213m▀[38;2;213;213;213m▀[38;2;164;164;164;48;2;98;98;98m▀[38;2;98;98;98m▀[48;2;16;16;16m▀[38;2;16;16;16;48;2;98;98;98m▀[38;2;98;98;98m▀[48;2;16;16;16m▀▀[38;2;16;16;16;49m▀▀[0m         [38;2;41;32;24;48;2;41;32;24m▀[38;2;90;74;65;48;2;90;74;65m▀▀▀▀[38;2;189;65;65;48;2;189;65;65m▀▀▀▀▀▀[38;2;131;62;63;48;2;90;74;65m▀[38;2;189;65;65;48;2;189;65;65m▀▀[48;2;90;74;65m▀[38;2;90;74;65m▀[48;2;189;65;65m▀[38;2;189;65;65m▀[38;2;131;62;63m▀[38;2;189;65;65m▀▀▀[38;2;16;16;16;48;2;16;16;16m▀[38;2;189;65;65;48;2;189;65;65m▀▀▀▀[38;2;65;49;41;48;2;65;49;41m▀[38;2;90;74;65;48;2;90;74;65m▀▀▀[48;2;65;49;41m▀[38;2;65;49;41;48;2;164;164;164m▀[38;2;164;164;164m▀▀▀▀[38;2;98;98;98m▀[38;2;164;164;164;48;2;98;98;98m▀[48;2;164;164;164m▀▀▀▀▀[38;2;213;213;213m▀[48;2;213;213;213m▀[38;2;16;16;16;48;2;16;16;16m▀[38;2;98;98;98;48;2;164;164;164m▀[38;2;164;164;164;48;2;98;98;98m▀[38;2;98;98;98;48;2;164;164;164m▀[49m▄[38;2;16;16;16;48;2;213;213;213m▀[49m▄[0m
[38;2;16;16;16;48;2;16;16;16m▀[38;2;213;213;213;48;2;213;213;213m▀▀[38;2;164;164;164;48;2;98;98;98m▀[38;2;98;98;98;48;2;213;213;213m▀[38;2;213;213;213;48;2;164;164;164m▀[38;2;164;164;164;48;2;98;98;98m▀[38;2;98;98;98;48;2;16;16;16m▀[38;2;16;16;16;49m▀[38;2;98;98;98;48;2;16;16;16m▀▀[38;2;16;16;16;49m▀[0m          [38;2;41;32;24m▄▄[48;2;90;74;65m▀[48;2;65;49;41m▀[38;2;90;74;65;48;2;41;32;24m▀[48;2;90;74;65m▀▀[38;2;131;62;63;48;2;189;65;65m▀[38;2;189;65;65m▀▀▀▀[48;2;90;74;65m▀[38;2;90;74;65m▀[38;2;189;65;65;48;2;189;65;65m▀[48;2;90;74;65m▀[38;2;90;74;65m▀▀[38;2;131;62;63;48;2;189;65;65m▀[38;2;189;65;65m▀▀▀▀▀▀[38;2;90;74;65m▀[38;2;16;16;16m▀[48;2;90;74;65m▀[38;2;189;65;65;48;2;16;16;16m▀▀[38;2;65;49;41;48;2;90;74;65m▀[38;2;90;74;65m▀▀[38;2;65;49;41;48;2;65;49;41m▀[38;2;164;164;164;48;2;164;164;164m▀▀▀▀▀▀▀▀[38;2;98;98;98;48;2;98;98;98m▀[38;2;164;164;164;48;2;164;164;164m▀▀▀▀▀[38;2;213;213;213;48;2;213;213;213m▀[38;2;16;16;16;48;2;16;16;16m▀[38;2;164;164;164;48;2;164;164;164m▀[38;2;98;98;98;48;2;16;16;16m▀[38;2;16;16;16;48;2;164;164;164m▀[38;2;213;213;213;48;2;213;213;213m▀▀[38;2;16;16;16;48;2;16;16;16m▀[0m
[38;2;16;16;16;48;2;16;16;16m▀[38;2;213;213;213;48;2;213;213;213m▀[38;2;164;164;164;48;2;98;98;98m▀[38;2;98;98;98;48;2;213;213;213m▀[38;2;164;164;164;48;2;16;16;16m▀[38;2;16;16;16;49m▀▀[0m             [38;2;41;32;24m▄[48;2;90;74;65m▀[38;2;90;74;65m▀▀▀▀[38;2;41;32;24;48;2;41;32;24m▀[38;2;90;74;65;48;2;65;49;41m▀[48;2;131;62;63m▀[38;2;189;65;65;48;2;189;65;65m▀▀▀[48;2;90;74;65m▀[38;2;90;74;65m▀▀▀▀▀▀▀[48;2;131;62;63m▀[38;2;189;65;65;48;2;189;65;65m▀▀▀▀[48;2;90;74;65m▀[48;2;189;65;65m▀[48;2;41;32;24m▀[38;2;41;32;24;48;2;90;74;65m▀[38;2;90;74;65m▀▀▀[38;2;16;16;16m▀[38;2;65;49;41;48;2;16;16;16m▀[48;2;65;49;41m▀[38;2;164;164;164;48;2;164;164;164m▀▀▀▀▀▀▀▀▀▀[38;2;98;98;98m▀[38;2;164;164;164;48;2;98;98;98m▀[48;2;164;164;164m▀▀▀▀[38;2;16;16;16;48;2;16;16;16m▀[48;2;98;98;98m▀[38;2;164;164;164;48;2;164;164;164m▀▀[38;2;213;213;213;48;2;213;213;213m▀▀[38;2;16;16;16;48;2;16;16;16m▀[0m
[38;2;16;16;16;48;2;16;16;16m▀[38;2;213;213;213m▀[38;2;16;16;16;49m▀▀[0m               [38;2;41;32;24m▄[48;2;90;74;65m▀[38;2;90;74;65m▀▀▀▀▀▀[38;2;41;32;24;48;2;41;32;24m▀[38;2;131;62;63;48;2;131;62;63m▀▀[48;2;65;49;41m▀[38;2;90;74;65m▀▀▀[48;2;90;74;65m▀▀▀▀▀▀[38;2;189;65;65;48;2;189;65;65m▀[48;2;131;62;63m▀[48;2;65;49;41m▀[38;2;131;62;63m▀[38;2;90;74;65m▀[38;2;65;49;41m▀[38;2;131;62;63;48;2;41;32;24m▀[38;2;41;32;24;48;2;90;74;65m▀[38;2;90;74;65m▀▀▀▀▀▀[38;2;16;16;16m▀[38;2;164;164;164;48;2;16;16;16m▀[48;2;164;164;164m▀▀▀▀▀▀▀▀▀▀[38;2;98;98;98m▀[38;2;164;164;164;48;2;98;98;98m▀[48;2;164;164;164m▀▀▀[38;2;98;98;98m▀[38;2;164;164;164m▀▀▀[38;2;213;213;213;48;2;213;213;213m▀▀[38;2;16;16;16;48;2;98;98;98m▀[0m
[0m                  [38;2;131;62;63m▄[48;2;189;65;65m▀[38;2;90;74;65;48;2;131;62;63m▀[48;2;90;74;65m▀▀▀▀▀[48;2;65;49;41m▀▀[38;2;16;16;16m▀[38;2;65;49;41m▀▀▀▀▀▀▀▀▀▀▀▀▀▀▀▀▀[38;2;41;32;24m▀[38;2;90;74;65m▀▀[48;2;90;74;65m▀▀▀▀[38;2;65;49;41;48;2;41;32;24m▀[38;2;41;32;24;48;2;189;65;65m▀[38;2;90;74;65;48;2;41;32;24m▀[38;2;16;16;16;48;2;90;74;65m▀[38;2;164;164;164;48;2;16;16;16m▀[48;2;164;164;164m▀▀▀▀▀▀▀▀▀[38;2;98;98;98m▀[38;2;164;164;164;48;2;98;98;98m▀[48;2;164;164;164m▀▀▀▀▀[48;2;213;213;213m▀[38;2;213;213;213m▀[38;2;98;98;98;48;2;16;16;16m▀[0m
[0m                 [38;2;16;16;16;48;2;16;16;16m▀[38;2;189;65;65;48;2;131;62;63m▀[48;2;189;65;65m▀▀[38;2;41;32;24;48;2;131;62;63m▀[38;2;90;74;65;48;2;65;49;41m▀▀[38;2;65;49;41m▀▀▀▀▀▀[48;2;41;32;24m▀[48;2;65;49;41m▀▀▀▀▀▀▀▀▀▀▀▀▀▀[48;2;16;16;16m▀[48;2;65;49;41m▀▀▀▀▀[38;2;90;74;65m▀[48;2;41;32;24m▀[38;2;41;32;24;48;2;189;65;65m▀[38;2;189;65;65m▀▀[38;2;41;32;24;48;2;131;62;63m▀[38;2;65;49;41;48;2;41;32;24m▀[38;2;16;16;16;48;2;65;49;41m▀▀[38;2;164;164;164;48;2;16;16;16m▀[48;2;164;164;164m▀[38;2;213;213;213m▀[38;2;164;164;164;48;2;213;213;213m▀▀[48;2;164;164;164m▀▀▀[38;2;98;98;98m▀[38;2;164;164;164;48;2;98;98;98m▀[48;2;164;164;164m▀▀▀▀[38;2;213;213;213;48;2;213;213;213m▀▀[38;2;16;16;16;48;2;16;16;16m▀[0m
[0m                  [38;2;16;16;16m▀▀[38;2;131;62;63;48;2;16;16;16m▀[38;2;41;32;24;48;2;65;49;41m▀[38;2;65;49;41m▀▀▀▀▀▀▀▀▀[38;2;16;16;16m▀[48;2;16;16;16m▀[38;2;65;49;41m▀[38;2;16;16;16;49m▀▀▀[38;2;65;49;41;48;2;16;16;16m▀▀▀▀▀▀▀▀[38;2;16;16;16m▀[38;2;65;49;41m▀[48;2;65;49;41m▀▀▀▀▀[38;2;41;32;24;48;2;41;32;24m▀[38;2;189;65;65;48;2;189;65;65m▀[48;2;131;62;63m▀[38;2;131;62;63m▀▀▀[38;2;16;16;16;48;2;16;16;16m▀[38;2;65;49;41;48;2;65;49;41m▀▀[38;2;16;16;16m▀▀[38;2;164;164;164;48;2;16;16;16m▀[38;2;213;213;213;48;2;213;213;213m▀▀▀[38;2;164;164;164m▀[48;2;164;164;164m▀▀[38;2;98;98;98;48;2;98;98;98m▀[38;2;164;164;164;48;2;164;164;164m▀▀▀[38;2;213;213;213;48;2;213;213;213m▀[48;2;164;164;164m▀[38;2;16;16;16;48;2;16;16;16m▀[0m
[0m                    [38;2;41;32;24m▄▄[38;2;16;16;16;48;2;65;49;41m▀[48;2;41;32;24m▀[38;2;65;49;41m▀[48;2;16;16;16m▀▀▀▀[38;2;16;16;16m▀[49m▀▀[0m               [38;2;16;16;16m▀[38;2;65;49;41;48;2;16;16;16m▀[48;2;65;49;41m▀▀▀▀[38;2;16;16;16m▀[38;2;131;62;63;48;2;16;16;16m▀▀[48;2;131;62;63m▀[38;2;16;16;16;48;2;16;16;16m▀[38;2;65;49;41;48;2;65;49;41m▀▀▀[48;2;16;16;16m▀[38;2;16;16;16;49m▀[0m [38;2;16;16;16m▀▀[38;2;213;213;213;48;2;16;16;16m▀[48;2;98;98;98m▀[48;2;213;213;213m▀▀▀[38;2;98;98;98m▀[38;2;164;164;164;48;2;98;98;98m▀[48;2;164;164;164m▀[38;2;213;213;213;48;2;213;213;213m▀[38;2;16;16;16;48;2;16;16;16m▀[0m
[0m                   [38;2;16;16;16m▀[38;2;65;49;41;48;2;16;16;16m▀[38;2;16;16;16m▀▀[38;2;65;49;41m▀▀[38;2;41;32;24m▀▀[38;2;16;16;16;49m▀▀[0m                     [38;2;16;16;16m▀▀[38;2;65;49;41;48;2;16;16;16m▀▀▀▀[38;2;16;16;16;48;2;65;49;41m▀▀[38;2;65;49;41;48;2;41;32;24m▀[38;2;16;16;16;48;2;16;16;16m▀[49m▀[0m       [38;2;16;16;16m▀▀[38;2;213;213;213;48;2;16;16;16m▀▀[38;2;16;16;16;48;2;213;213;213m▀[38;2;213;213;213;48;2;16;16;16m▀[48;2;213;213;213m▀[38;2;16;16;16;48;2;16;16;16m▀[0m
[0m                                                      [38;2;16;16;16m▀[38;2;65;49;41;48;2;16;16;16m▀[38;2;41;32;24;48;2;65;49;41m▀[38;2;65;49;41;48;2;41;32;24m▀[38;2;41;32;24;48;2;65;49;41m▀[38;2;65;49;41;48;2;41;32;24m▀[38;2;16;16;16;48;2;16;16;16m▀[0m           [38;2;16;16;16m▀▀[38;2;213;213;213;48;2;16;16;16m▀[38;2;16;16;16m▀[0m
[0m                                                       [38;2;16;16;16m▀[38;2;65;49;41;48;2;16;16;16m▀[38;2;41;32;24;48;2;65;49;41m▀[38;2;65;49;41;48;2;16;16;16m▀[38;2;41;32;24;48;2;65;49;41m▀[38;2;16;16;16;48;2;16;16;16m▀[0m
[0m                                                         [38;2;16;16;16m▀▀▀[0m
