[0m                     [38;2;16;16;16m▄▄[38;2;90;74;74;48;2;197;189;172m▀▀▀▀▀▀[49m▄▄▄[0m
[0m                 [38;2;130;49;64m▄[48;2;238;123;139m▀[48;2;16;16;16m▀[38;2;16;16;16;48;2;197;189;172m▀[38;2;197;189;172m▀▀▀▀▀▀▀▀▀▀▀[38;2;90;74;74m▀▀▀[38;2;156;139;131;49m▄▄[0m
[0m                [38;2;130;49;64;48;2;16;16;16m▀[38;2;238;123;139;48;2;238;123;139m▀[38;2;197;90;115;48;2;130;49;64m▀[38;2;130;49;64;48;2;197;189;172m▀[38;2;197;189;172m▀▀▀▀▀▀▀▀▀▀▀▀▀▀▀▀▀[38;2;156;139;131m▀▀[38;2;90;74;74;49m▄[0m
[0m               [38;2;16;16;16;48;2;16;16;16m▀[38;2;130;49;64;48;2;197;189;172m▀[38;2;238;123;139;48;2;130;49;64m▀[38;2;197;90;115;48;2;238;123;139m▀[38;2;130;49;64;48;2;130;49;64m▀[38;2;197;189;172;48;2;197;189;172m▀▀▀▀▀▀▀▀[48;2;90;74;74m▀[48;2;197;189;172m▀▀▀▀▀▀▀▀▀▀▀[38;2;90;74;74;48;2;90;74;74m▀[0m
[0m             [38;2;16;16;16m▄[38;2;130;49;64;48;2;238;123;139m▀▀▀[38;2;238;123;139m▀▀▀[38;2;130;49;64m▀[38;2;197;189;172;48;2;130;49;64m▀[48;2;197;189;172m▀▀▀[38;2;90;74;74;48;2;156;139;131m▀[38;2;197;189;172;48;2;16;16;16m▀[48;2;197;189;172m▀▀[38;2;16;16;16m▀▀[38;2;197;189;172;48;2;16;16;16m▀▀▀▀▀▀▀[38;2;16;16;16;49m▀▀[0m
[0m       [38;2;90;74;74;48;2;90;74;74m▀[38;2;156;139;131;48;2;197;189;172m▀▀▀[38;2;90;74;74;49m▄▄[38;2;16;16;16m▀[38;2;238;123;139;48;2;16;16;16m▀[38;2;130;49;64;48;2;130;49;64m▀[48;2;156;139;131m▀[48;2;197;189;172m▀▀[38;2;238;123;139;48;2;130;49;64m▀▀[48;2;238;123;139m▀[38;2;197;189;172;48;2;197;189;172m▀▀[48;2;16;16;16m▀[48;2;90;74;74m▀[38;2;16;16;16;48;2;197;189;172m▀[38;2;197;189;172;48;2;16;16;16m▀[48;2;197;189;172m▀▀▀▀▀[38;2;90;74;74;48;2;90;74;74m▀[0m
[0m        [38;2;90;74;74;48;2;16;16;16m▀[38;2;197;189;172;48;2;197;189;172m▀▀[48;2;156;139;131m▀[38;2;156;139;131m▀[38;2;90;74;74m▀[38;2;16;16;16;48;2;16;16;16m▀[38;2;156;139;131;48;2;156;139;131m▀▀▀[38;2;197;189;172m▀[48;2;197;189;172m▀▀▀[48;2;16;16;16m▀[38;2;16;16;16m▀[38;2;90;74;74;48;2;255;255;255m▀[38;2;16;16;16;48;2;16;16;16m▀[38;2;197;189;172;48;2;255;255;255m▀[38;2;90;74;74;48;2;90;74;74m▀[38;2;16;16;16;48;2;197;189;172m▀[38;2;197;189;172m▀▀▀[48;2;16;16;16m▀[38;2;90;74;74;49m▀[0m
[0m         [38;2;16;16;16m▀[38;2;156;139;131;48;2;90;74;74m▀[48;2;156;139;131m▀▀▀▀[38;2;90;74;74;48;2;16;16;16m▀[38;2;156;139;131;48;2;156;139;131m▀▀[48;2;90;74;74m▀[38;2;16;16;16;48;2;16;16;16m▀[38;2;197;189;172;48;2;197;189;172m▀▀[38;2;16;16;16;48;2;90;74;74m▀[48;2;16;16;16m▀[48;2;255;255;255m▀[38;2;255;255;255m▀[48;2;90;74;74m▀[38;2;90;74;74;48;2;197;189;172m▀[38;2;197;189;172m▀▀▀[48;2;16;16;16m▀[38;2;16;16;16m▀[0m
[0m           [38;2;90;74;74m▀▀[38;2;156;139;131;48;2;16;16;16m▀[38;2;16;16;16;48;2;238;123;139m▀▀[48;2;130;49;64m▀[38;2;156;139;131m▀[38;2;90;74;74;48;2;156;139;131m▀[38;2;255;255;255;48;2;255;255;255m▀[38;2;16;16;16;48;2;16;16;16m▀[38;2;156;139;131;48;2;90;74;74m▀[38;2;197;189;172;48;2;156;139;131m▀[38;2;90;74;74m▀[48;2;197;189;172m▀▀[38;2;197;189;172m▀▀▀▀[48;2;90;74;74m▀[38;2;16;16;16;49m▀[0m
[0m           [38;2;16;16;16m▄[48;2;90;74;74m▀[38;2;238;123;139;48;2;156;139;131m▀[48;2;130;49;64m▀[48;2;238;123;139m▀▀▀[38;2;130;49;64;48;2;130;49;64m▀[38;2;90;74;74;48;2;156;139;131m▀[38;2;255;255;255m▀[38;2;16;16;16m▀▀[38;2;156;139;131;48;2;90;74;74m▀▀[48;2;156;139;131m▀[38;2;197;189;172;48;2;130;49;64m▀[38;2;130;49;64;48;2;148;98;90m▀[38;2;148;98;90m▀[38;2;16;16;16m▀▀[49m▄[0m
[0m       [38;2;90;74;74m▄▄[38;2;16;16;16;48;2;197;189;172m▀▀[38;2;197;189;172m▀[38;2;156;139;131m▀[48;2;156;139;131m▀▀[38;2;197;90;115;48;2;130;49;64m▀[38;2;238;123;139;48;2;238;123;139m▀▀▀[38;2;130;49;64;48;2;130;49;64m▀[38;2;156;139;131;48;2;156;139;131m▀▀[38;2;16;16;16m▀▀[48;2;197;90;115m▀▀[48;2;156;139;131m▀[38;2;130;49;64;48;2;16;16;16m▀[38;2;148;98;90m▀▀[38;2;16;16;16;48;2;90;57;8m▀[38;2;197;189;172m▀[38;2;90;74;74m▀[38;2;90;57;8;49m▄▄[48;2;172;115;8m▀▀▀▀[48;2;123;82;8m▀[48;2;222;180;98m▀▀▀[49m▄▄▄[0m
[0m [38;2;90;57;8m▄▄▄[38;2;16;16;16m▄[38;2;90;57;8;48;2;16;16;16m▀[38;2;16;16;16;48;2;197;189;172m▀[38;2;197;189;172m▀▀▀▀▀[48;2;16;16;16m▀[38;2;156;139;131m▀▀[38;2;130;49;64;48;2;197;90;115m▀[38;2;238;123;139m▀▀[38;2;130;49;64;48;2;130;49;64m▀[38;2;197;189;172;48;2;197;189;172m▀▀[38;2;156;139;131m▀▀▀[38;2;130;49;64;48;2;16;16;16m▀[38;2;197;90;115;48;2;197;90;115m▀[38;2;130;49;64;48;2;130;49;64m▀[38;2;123;82;8;48;2;123;82;8m▀▀▀▀▀[48;2;172;115;8m▀[38;2;172;115;8m▀▀▀[48;2;123;82;8m▀▀▀[38;2;123;82;8;48;2;90;57;8m▀[38;2;222;180;98;48;2;222;180;98m▀▀▀▀[38;2;172;115;8;48;2;172;115;8m▀[38;2;222;180;98;48;2;222;180;98m▀[38;2;16;16;16;48;2;16;16;16m▀[0m
[38;2;90;57;8;48;2;90;57;8m▀[38;2;172;115;8;48;2;123;82;8m▀▀[38;2;16;16;16m▀[38;2;197;189;172;48;2;16;16;16m▀[48;2;90;74;74m▀[48;2;197;189;172m▀[48;2;90;74;74m▀▀[38;2;16;16;16;48;2;90;57;8m▀▀▀[38;2;123;82;8m▀[38;2;16;16;16m▀[38;2;197;90;115;48;2;130;49;64m▀[48;2;16;16;16m▀▀[38;2;130;49;64;48;2;197;189;172m▀[38;2;197;189;172m▀▀▀▀▀▀[38;2;16;16;16m▀[38;2;130;49;64;48;2;16;16;16m▀[38;2;90;57;8;48;2;123;82;8m▀▀▀▀▀[48;2;172;115;8m▀[38;2;123;82;8m▀▀▀▀[38;2;172;115;8m▀▀▀[38;2;90;57;8m▀[38;2;222;180;98;48;2;90;57;8m▀[48;2;222;180;98m▀▀▀▀[38;2;172;115;8m▀[38;2;16;16;16;48;2;16;16;16m▀[0m
[38;2;90;57;8;49m▀[38;2;172;115;8;48;2;90;57;8m▀[48;2;172;115;8m▀▀▀▀[38;2;16;16;16;48;2;123;82;8m▀▀[38;2;123;82;8;48;2;90;57;8m▀▀▀▀▀[48;2;130;49;64m▀[38;2;16;16;16m▀[38;2;197;189;172;48;2;197;189;172m▀▀▀▀▀▀▀▀▀▀[38;2;16;16;16m▀[38;2;123;82;8;48;2;16;16;16m▀▀[48;2;90;57;8m▀▀[38;2;172;115;8m▀▀[38;2;123;82;8;48;2;172;115;8m▀▀▀▀▀▀[48;2;123;82;8m▀[48;2;222;180;98m▀[38;2;222;180;98m▀▀▀▀▀[48;2;16;16;16m▀[38;2;16;16;16;49m▀[0m
[0m [38;2;90;57;8;48;2;90;57;8m▀[38;2;123;82;8;48;2;172;115;8m▀▀▀[38;2;90;57;8;48;2;123;82;8m▀▀▀[38;2;123;82;8m▀▀▀[48;2;16;16;16m▀[38;2;130;49;64;48;2;238;123;139m▀[38;2;238;123;139m▀▀[38;2;130;49;64;48;2;197;90;115m▀▀[38;2;197;189;172;48;2;130;49;64m▀[48;2;197;189;172m▀▀▀▀▀▀▀▀[48;2;130;49;64m▀[38;2;130;49;64;48;2;238;123;139m▀[38;2;16;16;16m▀[38;2;172;115;8;48;2;16;16;16m▀[48;2;172;115;8m▀▀▀▀[48;2;123;82;8m▀▀[38;2;123;82;8;48;2;172;115;8m▀▀[48;2;123;82;8m▀[38;2;222;180;98;48;2;222;180;98m▀▀▀▀▀▀[38;2;16;16;16;48;2;16;16;16m▀[0m
[0m  [38;2;90;57;8m▀▀▀▀▀▀▀▀[48;2;16;16;16m▀[38;2;16;16;16;48;2;197;189;172m▀[38;2;197;90;115m▀[38;2;130;49;64m▀▀[48;2;156;139;131m▀[38;2;197;90;115;48;2;130;49;64m▀▀[48;2;197;189;172m▀[38;2;197;189;172m▀▀▀▀▀▀▀▀[38;2;238;123;139m▀[38;2;130;49;64m▀[38;2;16;16;16;48;2;156;139;131m▀[38;2;172;115;8;48;2;16;16;16m▀[48;2;90;57;8m▀▀[38;2;123;82;8m▀[38;2;172;115;8m▀▀▀▀[38;2;90;57;8m▀[38;2;222;180;98;48;2;16;16;16m▀▀▀▀▀▀[38;2;16;16;16;49m▀[0m
[0m          [38;2;16;16;16;48;2;16;16;16m▀[38;2;156;139;131;48;2;156;139;131m▀[38;2;197;189;172m▀▀[38;2;156;139;131m▀▀▀[38;2;197;189;172m▀▀▀[48;2;197;189;172m▀▀▀▀[48;2;156;139;131m▀▀▀[38;2;156;139;131m▀▀[48;2;90;74;74m▀[38;2;16;16;16;48;2;16;16;16m▀[0m
[0m          [38;2;16;16;16m▀[38;2;156;139;131;48;2;90;74;74m▀[48;2;156;139;131m▀▀▀▀[48;2;90;74;74m▀[48;2;16;16;16m▀▀[38;2;16;16;16;49m▀▀▀▀[48;2;90;74;74m▀[38;2;156;139;131m▀▀[48;2;156;139;131m▀▀[48;2;16;16;16m▀[38;2;16;16;16;49m▀[0m
[0m           [38;2;16;16;16;48;2;90;74;74m▀[38;2;156;139;131;48;2;16;16;16m▀[48;2;156;139;131m▀▀[48;2;16;16;16m▀[38;2;16;16;16;49m▀[0m       [38;2;16;16;16m▀[38;2;156;139;131;48;2;16;16;16m▀▀[48;2;197;189;172m▀[48;2;90;74;74m▀[38;2;90;74;74;48;2;197;189;172m▀[38;2;16;16;16;49m▄[0m
[0m         [38;2;16;16;16m▄[38;2;90;74;74;48;2;197;189;172m▀[38;2;156;139;131;48;2;90;74;74m▀[48;2;197;189;172m▀▀[48;2;16;16;16m▀▀[38;2;16;16;16;49m▀[0m          [38;2;16;16;16m▀▀▀[0m
[0m          [38;2;16;16;16m▀▀▀▀[0m
