[0m          [38;2;65;65;65m▄[38;2;40;40;40m▄[48;2;65;65;65m▀▀▀▀▀▀[49m▄▄[0m
[0m     [38;2;65;65;65m▄▄▄[48;2;255;222;189m▀▀[38;2;255;255;255;48;2;255;255;255m▀[48;2;65;65;65m▀[38;2;255;222;189;48;2;0;0;0m▀[48;2;255;222;189m▀▀▀[38;2;197;156;131m▀[38;2;65;65;65m▀[48;2;197;156;131m▀[48;2;65;65;65m▀[38;2;0;0;0m▀[38;2;40;40;40m▀[38;2;0;0;0;49m▄[0m
[0m  [38;2;57;98;139m▄[48;2;65;65;65m▀[38;2;65;65;65;48;2;98;98;98m▀[38;2;98;98;98;48;2;65;65;65m▀[38;2;65;65;65;48;2;255;222;189m▀[38;2;255;222;189m▀[48;2;98;98;98m▀▀[38;2;197;156;131;48;2;65;65;65m▀[38;2;0;0;0;48;2;255;222;189m▀[38;2;65;65;65m▀[38;2;255;222;189m▀[38;2;65;65;65;48;2;148;90;74m▀[48;2;0;0;0m▀[38;2;255;222;189;48;2;197;156;131m▀[48;2;255;222;189m▀▀[38;2;197;156;131m▀[38;2;65;65;65;48;2;197;156;131m▀[48;2;65;65;65m▀▀[38;2;0;0;0m▀[38;2;40;40;40;49m▄[0m
[38;2;57;98;139;49m▄[48;2;106;189;255m▀[38;2;115;148;197;48;2;65;65;65m▀[38;2;98;98;98;48;2;98;98;98m▀[48;2;65;65;65m▀[38;2;65;65;65;48;2;255;222;189m▀[38;2;255;222;189m▀[48;2;0;0;0m▀[38;2;0;0;0;48;2;255;255;255m▀[38;2;255;222;189;48;2;0;0;0m▀[48;2;255;222;189m▀▀▀▀▀▀[38;2;65;65;65m▀[48;2;0;0;0m▀[38;2;98;98;98;48;2;255;222;189m▀[38;2;255;222;189m▀▀[38;2;65;65;65;48;2;197;156;131m▀[48;2;65;65;65m▀[48;2;40;40;40m▀[38;2;40;40;40;48;2;98;98;98m▀▀[38;2;65;65;65m▀[49m▄[38;2;0;0;0m▄[0m
[38;2;0;0;0;48;2;0;0;0m▀[38;2;106;189;255;48;2;115;148;197m▀[38;2;65;65;65;48;2;65;65;65m▀[38;2;98;98;98m▀[38;2;65;65;65;48;2;40;40;40m▀[38;2;255;222;189;48;2;255;222;189m▀▀[38;2;0;0;0;48;2;65;65;65m▀[48;2;0;0;0m▀[48;2;65;65;65m▀[38;2;255;222;189;48;2;255;222;189m▀▀▀▀▀▀[38;2;0;0;0;48;2;0;0;0m▀[38;2;255;255;255m▀[38;2;0;0;0m▀[38;2;255;222;189;48;2;255;222;189m▀▀[38;2;197;156;131;48;2;148;90;74m▀[38;2;40;40;40;48;2;65;65;65m▀[38;2;98;98;98;48;2;98;98;98m▀▀▀[48;2;65;65;65m▀[48;2;106;189;255m▀[48;2;115;148;197m▀[38;2;0;0;0;48;2;0;0;0m▀[0m
[38;2;0;0;0;49m▀[38;2;115;148;197;48;2;0;0;0m▀[38;2;65;65;65;48;2;65;65;65m▀▀[38;2;0;0;0;48;2;0;0;0m▀[38;2;255;222;189;48;2;255;222;189m▀▀▀[38;2;98;98;98m▀[38;2;255;222;189m▀[48;2;98;98;98m▀[48;2;255;222;189m▀▀▀▀▀[38;2;65;65;65m▀[38;2;0;0;0;48;2;98;98;98m▀[38;2;65;65;65;48;2;255;222;189m▀[38;2;255;222;189m▀▀[38;2;40;40;40;48;2;40;40;40m▀[38;2;98;98;98;48;2;98;98;98m▀▀[48;2;65;65;65m▀[38;2;65;65;65;48;2;115;148;197m▀[38;2;106;189;255;48;2;106;189;255m▀▀▀[38;2;115;148;197;48;2;115;148;197m▀[38;2;0;0;0;48;2;0;0;0m▀[0m
[0m [38;2;0;0;0m▀[38;2;65;65;65;48;2;0;0;0m▀[48;2;65;65;65m▀[38;2;0;0;0;48;2;40;40;40m▀[38;2;255;222;189;48;2;197;156;131m▀[48;2;255;222;189m▀▀▀[38;2;98;98;98m▀[38;2;65;65;65m▀[38;2;197;156;131;48;2;65;65;65m▀[38;2;255;222;189;48;2;0;0;0m▀▀[38;2;0;0;0;48;2;197;156;131m▀[38;2;255;222;189;48;2;98;98;98m▀[48;2;255;222;189m▀▀▀[48;2;197;156;131m▀[38;2;148;90;74;48;2;40;40;40m▀[38;2;40;40;40m▀[38;2;65;65;65;48;2;65;65;65m▀[38;2;98;98;98m▀[38;2;65;65;65;48;2;40;40;40m▀[38;2;106;189;255;48;2;115;148;197m▀▀▀[38;2;115;148;197m▀▀[38;2;0;0;0;48;2;0;0;0m▀[0m
[0m   [38;2;40;40;40m▀▀[38;2;65;65;65;48;2;0;0;0m▀[38;2;197;156;131;48;2;197;156;131m▀[38;2;255;222;189m▀▀[48;2;255;222;189m▀▀▀▀▀▀[48;2;197;156;131m▀▀▀[38;2;197;156;131m▀[48;2;98;98;98m▀[38;2;40;40;40;48;2;40;40;40m▀[38;2;0;0;0;48;2;0;0;0m▀[38;2;65;65;65;48;2;65;65;65m▀▀[38;2;40;40;40m▀[38;2;115;148;197;48;2;40;40;40m▀[48;2;115;148;197m▀▀▀[38;2;57;98;139;48;2;0;0;0m▀[0m
[0m      [38;2;0;0;0m▀[38;2;65;65;65;48;2;0;0;0m▀[38;2;197;156;131;48;2;40;40;40m▀[48;2;65;65;65m▀[48;2;197;156;131m▀▀▀▀▀▀[48;2;98;98;98m▀[48;2;40;40;40m▀[38;2;98;98;98m▀[38;2;40;40;40m▀▀▀▀[38;2;65;65;65;48;2;0;0;0m▀▀▀▀[38;2;0;0;0;49m▀▀[0m
[0m        [38;2;0;0;0m▀▀[38;2;40;40;40;48;2;0;0;0m▀▀▀[48;2;40;40;40m▀▀▀▀[48;2;0;0;0m▀▀▀[38;2;0;0;0;48;2;57;98;139m▀[49m▀[0m
[0m             [38;2;0;0;0m▀[48;2;57;98;139m▀[48;2;115;148;197m▀▀[38;2;40;40;40;48;2;0;0;0m▀[38;2;0;0;0;48;2;40;40;40m▀[38;2;115;148;197;48;2;0;0;0m▀[48;2;115;148;197m▀[38;2;0;0;0m▀[49m▄[0m
[0m              [38;2;57;98;139;48;2;57;98;139m▀[38;2;115;148;197;48;2;115;148;197m▀▀[38;2;0;0;0;48;2;0;0;0m▀[38;2;40;40;40;48;2;40;40;40m▀▀[38;2;0;0;0;48;2;0;0;0m▀[38;2;115;148;197;48;2;115;148;197m▀▀[38;2;0;0;0m▀[49m▄[0m
[0m              [38;2;57;98;139m▀[38;2;115;148;197;48;2;57;98;139m▀[48;2;115;148;197m▀▀[38;2;0;0;0m▀[38;2;40;40;40;48;2;57;98;139m▀[38;2;115;148;197;48;2;115;148;197m▀▀▀▀[38;2;0;0;0m▀[49m▄[0m
[0m               [38;2;57;98;139;48;2;57;98;139m▀[38;2;106;189;255;48;2;106;189;255m▀▀[38;2;115;148;197m▀▀[38;2;57;98;139;48;2;57;98;139m▀[38;2;115;148;197;48;2;106;189;255m▀▀▀▀[38;2;0;0;0;48;2;115;148;197m▀[38;2;57;98;139;49m▄[0m
[0m                [38;2;57;98;139;48;2;57;98;139m▀[38;2;106;189;255;48;2;115;148;197m▀[48;2;106;189;255m▀▀▀[38;2;57;98;139;48;2;115;148;197m▀[38;2;106;189;255;48;2;106;189;255m▀▀▀▀[38;2;0;0;0;48;2;0;0;0m▀[0m
[0m                 [38;2;57;98;139m▀[38;2;106;189;255;48;2;57;98;139m▀[48;2;106;189;255m▀▀▀[38;2;115;148;197m▀[38;2;106;189;255m▀▀▀[38;2;0;0;0;48;2;57;98;139m▀[0m
[0m                   [38;2;57;98;139m▀▀[38;2;106;189;255;48;2;57;98;139m▀▀▀▀[38;2;57;98;139;49m▀[0m
