[0m             [38;2;24;98;115m▄▄[48;2;131;230;213m▀▀[38;2;0;0;0m▀▀▀[38;2;24;98;115;48;2;82;164;180m▀[38;2;0;0;0;49m▄▄[0m
[0m           [38;2;41;41;41m▄[38;2;24;98;115;48;2;131;230;213m▀[38;2;131;230;213m▀▀▀▀▀▀▀▀▀[38;2;65;65;65;48;2;65;65;65m▀[38;2;0;0;0;48;2;98;98;98m▀[49m▄[0m
[0m          [38;2;41;41;41m▄[38;2;24;98;115;48;2;131;230;213m▀[38;2;131;230;213m▀▀▀▀▀▀▀▀▀▀▀[38;2;65;65;65;48;2;65;65;65m▀[38;2;98;98;98;48;2;98;98;98m▀[38;2;0;0;0;48;2;0;0;0m▀[0m
[0m         [38;2;41;41;41m▄[48;2;65;65;65m▀[38;2;131;230;213;48;2;131;230;213m▀▀▀▀▀▀▀▀▀▀▀▀[38;2;41;41;41;48;2;41;41;41m▀[38;2;98;98;98;48;2;98;98;98m▀▀[38;2;0;0;0;48;2;0;0;0m▀[0m
[0m     [38;2;24;98;115m▄[38;2;65;65;65m▄[48;2;98;98;98m▀▀[38;2;41;41;41;48;2;41;41;41m▀[38;2;98;98;98;48;2;98;98;98m▀[38;2;65;65;65;48;2;65;65;65m▀[38;2;131;230;213;48;2;131;230;213m▀▀▀▀▀▀▀▀▀▀[38;2;65;65;65;48;2;41;41;41m▀[38;2;98;98;98;48;2;98;98;98m▀▀▀[38;2;0;0;0;48;2;0;0;0m▀[48;2;8;148;213m▀[49m▄[0m
[0m  [38;2;24;98;115m▄[48;2;82;164;180m▀[48;2;131;230;213m▀[38;2;131;230;213;48;2;65;65;65m▀[38;2;65;65;65;48;2;98;98;98m▀[38;2;98;98;98m▀▀[38;2;41;41;41;48;2;41;41;41m▀[38;2;98;98;98;48;2;98;98;98m▀▀[38;2;65;65;65m▀[38;2;131;230;213;48;2;65;65;65m▀▀[48;2;131;230;213m▀▀▀▀[48;2;65;65;65m▀[48;2;41;41;41m▀[38;2;41;41;41;48;2;98;98;98m▀[38;2;98;98;98m▀▀▀▀[38;2;0;0;0;48;2;0;0;0m▀[38;2;8;148;213;48;2;8;148;213m▀▀[38;2;41;41;41;48;2;65;65;65m▀[38;2;65;65;65;48;2;98;98;98m▀▀[49m▄▄[0m
[0m [38;2;24;98;115m▄[48;2;82;164;180m▀[38;2;131;230;213;48;2;131;230;213m▀[48;2;65;65;65m▀[38;2;65;65;65;48;2;98;98;98m▀[38;2;98;98;98m▀▀▀[38;2;41;41;41;48;2;16;65;123m▀[38;2;65;65;65;48;2;41;41;41m▀[38;2;98;98;98;48;2;98;98;98m▀▀▀▀[38;2;65;65;65m▀[38;2;41;41;41m▀▀▀[38;2;98;98;98m▀▀▀▀▀▀[38;2;65;65;65;48;2;0;0;0m▀[38;2;0;0;0;48;2;8;148;213m▀[38;2;8;148;213m▀[38;2;65;65;65;48;2;65;65;65m▀[38;2;98;98;98;48;2;98;98;98m▀▀▀[48;2;65;65;65m▀[38;2;65;65;65;48;2;131;230;213m▀[38;2;24;98;115m▀[49m▄[0m
[0m [38;2;24;98;115;48;2;0;0;0m▀[38;2;82;164;180;48;2;82;164;180m▀▀[38;2;65;65;65;48;2;41;41;41m▀[38;2;98;98;98;48;2;65;65;65m▀[48;2;98;98;98m▀▀[38;2;16;65;123;48;2;0;0;0m▀[38;2;41;106;172;48;2;41;106;172m▀[38;2;41;41;41;48;2;16;65;123m▀[38;2;65;65;65;48;2;0;0;0m▀[38;2;98;98;98;48;2;41;41;41m▀[48;2;98;98;98m▀▀▀▀▀▀▀▀▀▀▀[48;2;0;0;0m▀[38;2;0;0;0;48;2;8;148;213m▀[38;2;8;148;213m▀[38;2;65;65;65;48;2;65;65;65m▀[38;2;98;98;98;48;2;98;98;98m▀▀▀[48;2;65;65;65m▀[38;2;65;65;65;48;2;82;164;180m▀[38;2;131;230;213;48;2;131;230;213m▀▀▀[38;2;24;98;115;48;2;24;98;115m▀[0m
[0m [38;2;0;0;0m▀[38;2;82;164;180;48;2;24;98;115m▀[48;2;82;164;180m▀[38;2;41;41;41;48;2;41;41;41m▀[38;2;65;65;65;48;2;65;65;65m▀▀[48;2;0;0;0m▀[38;2;0;0;0;48;2;41;106;172m▀[38;2;16;65;123;48;2;16;65;123m▀[38;2;197;197;197;48;2;255;255;255m▀[38;2;0;0;0;48;2;98;98;98m▀[38;2;197;197;197;48;2;0;0;0m▀[38;2;0;0;0m▀[38;2;65;65;65;48;2;197;197;197m▀[38;2;98;98;98;48;2;65;65;65m▀▀[48;2;0;0;0m▀▀▀[48;2;65;65;65m▀[48;2;0;0;0m▀[38;2;65;65;65;48;2;197;197;197m▀[38;2;41;41;41;48;2;0;0;0m▀[38;2;16;65;123;48;2;197;197;197m▀[38;2;8;148;213;48;2;16;65;123m▀[48;2;8;148;213m▀[38;2;65;65;65;48;2;41;41;41m▀[38;2;98;98;98;48;2;98;98;98m▀▀▀[38;2;65;65;65;48;2;41;41;41m▀[38;2;131;230;213;48;2;131;230;213m▀▀▀▀▀[38;2;24;98;115;48;2;24;98;115m▀[0m
[0m  [38;2;0;0;0m▀[38;2;82;164;180;48;2;0;0;0m▀[38;2;41;41;41;48;2;82;164;180m▀[38;2;65;65;65;48;2;41;41;41m▀[48;2;0;0;0m▀[38;2;0;0;0;48;2;8;148;213m▀[38;2;8;148;213m▀[38;2;41;106;172;48;2;98;98;98m▀[38;2;65;65;65m▀[38;2;255;255;255m▀[38;2;197;197;197;48;2;255;255;255m▀[48;2;197;197;197m▀[48;2;148;90;74m▀[38;2;148;90;74;48;2;197;156;131m▀[38;2;197;156;131m▀▀▀[38;2;65;65;65;48;2;148;90;74m▀[38;2;197;197;197;48;2;197;197;197m▀[38;2;98;98;98m▀[38;2;0;0;0m▀[38;2;65;65;65;48;2;255;255;255m▀[38;2;197;197;197;48;2;197;197;197m▀[38;2;16;65;123;48;2;16;65;123m▀[38;2;8;148;213;48;2;8;148;213m▀[38;2;41;41;41;48;2;41;41;41m▀[38;2;65;65;65;48;2;65;65;65m▀[38;2;98;98;98m▀▀[38;2;0;0;0;48;2;0;0;0m▀[38;2;131;230;213;48;2;82;164;180m▀▀▀▀[38;2;82;164;180m▀[38;2;0;0;0;48;2;0;0;0m▀[0m
[0m    [38;2;24;98;115m▀[38;2;41;41;41m▀[38;2;0;0;0;48;2;16;65;123m▀[38;2;8;148;213;48;2;8;148;213m▀[48;2;98;98;98m▀[38;2;98;98;98m▀▀[38;2;197;156;131;48;2;255;222;189m▀[38;2;0;0;0m▀[48;2;0;0;0m▀[38;2;255;222;189;48;2;255;222;189m▀▀▀▀▀[48;2;65;65;65m▀[38;2;148;90;74;48;2;255;222;189m▀[38;2;255;255;255;48;2;197;156;131m▀[48;2;65;65;65m▀[38;2;197;197;197m▀[38;2;65;65;65;48;2;98;98;98m▀[38;2;8;148;213;48;2;8;148;213m▀▀[38;2;41;41;41;48;2;41;41;41m▀[38;2;65;65;65;48;2;65;65;65m▀▀▀[38;2;0;0;0m▀[38;2;82;164;180;48;2;41;41;41m▀[48;2;82;164;180m▀▀▀[38;2;0;0;0;48;2;0;0;0m▀[0m
[0m     [38;2;16;65;123;48;2;16;65;123m▀[38;2;8;148;213;48;2;8;148;213m▀[48;2;98;98;98m▀[38;2;98;98;98m▀▀[38;2;197;156;131;48;2;255;222;189m▀[38;2;255;222;189m▀▀[38;2;148;90;74m▀[38;2;197;156;131;48;2;148;90;74m▀[38;2;255;222;189;48;2;41;41;41m▀▀▀[38;2;65;65;65;48;2;255;222;189m▀[38;2;197;156;131m▀[38;2;41;41;41m▀[38;2;255;222;189m▀[38;2;98;98;98m▀[48;2;98;98;98m▀▀[38;2;8;148;213m▀[48;2;8;148;213m▀▀[38;2;41;41;41;48;2;41;41;41m▀[38;2;65;65;65;48;2;65;65;65m▀▀▀[38;2;41;41;41m▀[38;2;82;164;180;48;2;41;41;41m▀[48;2;0;0;0m▀[38;2;0;0;0;49m▀[0m
[0m    [38;2;16;65;123;48;2;16;65;123m▀[38;2;8;148;213;48;2;8;148;213m▀▀[38;2;98;98;98;48;2;98;98;98m▀▀[38;2;197;156;131;48;2;255;222;189m▀[38;2;255;222;189m▀▀▀▀▀▀▀▀▀▀▀▀▀[38;2;98;98;98;48;2;98;98;98m▀▀▀[38;2;8;148;213;48;2;8;148;213m▀▀▀[38;2;41;41;41;48;2;16;65;123m▀[38;2;65;65;65;48;2;0;0;0m▀▀▀[38;2;0;0;0;49m▀[0m
[0m [38;2;24;98;115m▄[48;2;131;230;213m▀▀[38;2;8;148;213;48;2;41;106;172m▀[48;2;8;148;213m▀[38;2;98;98;98;48;2;98;98;98m▀▀[48;2;197;156;131m▀[38;2;255;222;189;48;2;255;222;189m▀▀▀▀▀▀▀▀▀▀▀▀▀▀[38;2;197;156;131m▀[38;2;98;98;98;48;2;98;98;98m▀▀[38;2;8;148;213m▀[48;2;8;148;213m▀▀▀[38;2;16;65;123;48;2;16;65;123m▀[0m
[38;2;24;98;115;48;2;24;98;115m▀[38;2;131;230;213;48;2;131;230;213m▀▀▀[38;2;41;106;172;48;2;16;65;123m▀[38;2;8;148;213;48;2;8;148;213m▀[38;2;98;98;98;48;2;98;98;98m▀▀[38;2;255;222;189;48;2;255;222;189m▀▀▀▀▀▀▀▀▀▀▀▀▀▀▀▀[38;2;98;98;98;48;2;98;98;98m▀▀▀[38;2;8;148;213;48;2;8;148;213m▀▀[48;2;24;98;115m▀[38;2;0;0;0;48;2;131;230;213m▀▀[38;2;24;98;115;49m▄[0m
[38;2;24;98;115;48;2;24;98;115m▀[38;2;131;230;213;48;2;82;164;180m▀[48;2;131;230;213m▀[38;2;82;164;180;48;2;16;65;123m▀[38;2;16;65;123;48;2;41;106;172m▀[38;2;8;148;213m▀[38;2;98;98;98;48;2;98;98;98m▀▀[38;2;255;222;189;48;2;255;222;189m▀▀▀▀▀▀▀▀▀▀▀▀▀▀▀▀[38;2;98;98;98;48;2;98;98;98m▀▀▀[38;2;8;148;213;48;2;8;148;213m▀[38;2;41;106;172;48;2;16;65;123m▀[38;2;131;230;213;48;2;131;230;213m▀▀▀▀[38;2;24;98;115;48;2;24;98;115m▀[0m
[0m [38;2;24;98;115m▀[38;2;82;164;180;48;2;16;65;123m▀[38;2;16;65;123;48;2;41;106;172m▀[38;2;41;106;172m▀▀[38;2;65;65;65;48;2;65;65;65m▀[38;2;98;98;98m▀[38;2;255;222;189;48;2;197;156;131m▀[48;2;255;222;189m▀▀▀▀▀▀▀▀▀▀▀▀▀▀▀[38;2;98;98;98;48;2;98;98;98m▀▀[48;2;65;65;65m▀[38;2;8;148;213;48;2;41;106;172m▀[38;2;16;65;123;48;2;16;65;123m▀[38;2;131;230;213;48;2;82;164;180m▀[48;2;131;230;213m▀▀[48;2;82;164;180m▀[38;2;0;0;0;48;2;0;0;0m▀[0m
[0m  [38;2;16;65;123m▀[38;2;41;106;172;48;2;0;0;0m▀[48;2;41;106;172m▀▀[38;2;65;65;65;48;2;65;65;65m▀▀[38;2;148;90;74m▀[38;2;197;156;131;48;2;197;156;131m▀[38;2;255;222;189m▀▀[48;2;255;222;189m▀▀▀▀▀▀▀▀▀[48;2;197;156;131m▀▀[38;2;197;156;131;48;2;148;90;74m▀[38;2;65;65;65;48;2;65;65;65m▀▀▀[38;2;41;106;172;48;2;41;106;172m▀▀[38;2;0;0;0;48;2;16;65;123m▀[38;2;82;164;180;48;2;0;0;0m▀▀[38;2;0;0;0;49m▀[0m
[0m   [38;2;0;0;0m▀[38;2;41;106;172;48;2;0;0;0m▀[48;2;41;106;172m▀▀[38;2;65;65;65;48;2;65;65;65m▀▀[38;2;148;90;74m▀[38;2;197;156;131;48;2;197;156;131m▀▀▀▀▀▀▀▀▀▀▀▀[48;2;65;65;65m▀[38;2;65;65;65m▀▀▀[38;2;41;106;172;48;2;41;106;172m▀▀▀[48;2;0;0;0m▀[38;2;0;0;0;48;2;98;98;98m▀[38;2;98;98;98;49m▄[48;2;197;197;197m▀▀▀▀▀[49m▄▄[0m
[0m    [38;2;0;0;0m▀[38;2;16;65;123;48;2;0;0;0m▀[38;2;41;106;172;48;2;41;106;172m▀▀[38;2;65;65;65m▀[48;2;65;65;65m▀▀[38;2;148;90;74m▀[38;2;197;156;131m▀[48;2;148;90;74m▀[48;2;197;156;131m▀▀▀▀[48;2;148;90;74m▀[48;2;65;65;65m▀▀[38;2;65;65;65m▀▀[48;2;41;41;41m▀[48;2;41;106;172m▀[38;2;41;106;172m▀▀▀[48;2;0;0;0m▀[38;2;0;0;0;48;2;197;197;197m▀[38;2;197;197;197m▀▀▀▀▀▀▀▀▀[38;2;0;0;0;48;2;0;0;0m▀[0m
[0m      [38;2;0;0;0m▀[38;2;16;65;123;48;2;16;65;123m▀[38;2;41;106;172;48;2;0;0;0m▀▀[38;2;65;65;65;48;2;41;106;172m▀▀▀[48;2;65;65;65m▀▀▀▀▀▀[48;2;41;41;41m▀▀[48;2;41;106;172m▀[38;2;41;41;41m▀[38;2;41;106;172m▀▀▀[48;2;0;0;0m▀[38;2;0;0;0;48;2;65;65;65m▀[38;2;197;197;197m▀▀[48;2;197;197;197m▀▀▀▀▀▀[48;2;0;0;0m▀▀[38;2;0;0;0;49m▀[0m
[0m     [38;2;0;0;0m▄[48;2;41;106;172m▀[38;2;41;106;172m▀[48;2;16;65;123m▀[48;2;41;106;172m▀[38;2;0;0;0m▀[48;2;16;65;123m▀[48;2;41;106;172m▀[38;2;41;106;172;48;2;16;65;123m▀[48;2;0;0;0m▀▀▀▀▀▀[48;2;16;65;123m▀[48;2;0;0;0m▀▀[38;2;16;65;123;48;2;41;106;172m▀[38;2;0;0;0m▀▀[38;2;16;65;123m▀[49m▄[38;2;0;0;0m▄[0m [38;2;65;65;65m▀[38;2;0;0;0m▀▀▀▀▀[0m
[0m     [38;2;0;0;0m▀[38;2;41;106;172;48;2;0;0;0m▀▀[38;2;16;65;123;49m▀[38;2;41;106;172;48;2;0;0;0m▀▀[38;2;16;65;123;49m▀[38;2;41;106;172;48;2;0;0;0m▀▀[38;2;0;0;0;49m▀[0m     [38;2;0;0;0;48;2;0;0;0m▀[38;2;41;106;172;48;2;41;106;172m▀▀[38;2;16;65;123;48;2;16;65;123m▀[38;2;41;106;172;48;2;41;106;172m▀▀[38;2;16;65;123;48;2;16;65;123m▀[38;2;41;106;172;48;2;41;106;172m▀▀[38;2;0;0;0;48;2;0;0;0m▀[0m
[0m                     [38;2;0;0;0m▀▀[0m [38;2;0;0;0m▀▀[0m [38;2;0;0;0m▀▀[0m
