[0m               [38;2;57;98;24m▄[38;2;16;16;16m▄[0m       [38;2;57;98;24m▄[38;2;16;16;16;48;2;148;205;8m▀[49m▄[0m
[0m              [38;2;57;98;24;48;2;57;98;24m▀[38;2;148;205;8;48;2;148;205;8m▀[38;2;16;16;16m▀[49m▄[0m     [38;2;57;98;24m▄[48;2;148;205;8m▀[38;2;148;205;8m▀[38;2;16;16;16m▀[49m▄[0m
[0m             [38;2;57;98;24;48;2;57;98;24m▀[38;2;148;205;8;48;2;148;205;8m▀▀▀[38;2;16;16;16;48;2;16;16;16m▀[0m    [38;2;57;98;24m▄[48;2;148;205;8m▀[38;2;148;205;8m▀▀▀[38;2;16;16;16;48;2;16;16;16m▀[0m
[0m             [38;2;57;98;24;48;2;57;98;24m▀[38;2;148;205;8;48;2;148;205;8m▀▀▀▀[38;2;16;16;16;48;2;16;16;16m▀[0m  [38;2;57;98;24m▄[48;2;148;205;8m▀[38;2;148;205;8m▀▀▀▀[38;2;16;16;16;48;2;16;16;16m▀[0m
[0m             [38;2;57;98;24m▀[38;2;148;205;8;48;2;57;98;24m▀[48;2;148;205;8m▀▀▀[38;2;16;16;16m▀[49m▄[38;2;57;98;24m▄[48;2;148;205;8m▀[38;2;148;205;8m▀▀▀▀[38;2;16;16;16;48;2;16;16;16m▀[0m
[0m              [38;2;57;98;24m▀[38;2;148;205;8;48;2;16;16;16m▀[48;2;148;205;8m▀▀▀[38;2;16;16;16;48;2;16;16;16m▀[38;2;57;98;24;48;2;148;205;8m▀[38;2;148;205;8m▀▀[48;2;57;98;24m▀▀[38;2;16;16;16;48;2;148;205;8m▀[49m▄▄[0m
[0m              [38;2;90;156;49m▄▄[38;2;16;16;16;48;2;148;205;8m▀▀[38;2;148;205;8m▀[48;2;90;156;49m▀[48;2;148;205;8m▀[38;2;57;98;24m▀▀[38;2;148;205;8m▀▀▀▀▀[38;2;16;16;16m▀▀[49m▄[0m
[0m            [38;2;16;16;16m▄[38;2;90;156;49;48;2;148;205;8m▀[38;2;148;205;8m▀▀▀▀[38;2;90;156;49;48;2;57;98;24m▀[38;2;148;205;8;48;2;148;205;8m▀▀▀▀▀▀▀▀▀[48;2;16;16;16m▀[38;2;16;16;16;48;2;24;115;74m▀[38;2;16;65;57;48;2;16;65;57m▀[38;2;16;16;16;48;2;148;205;8m▀[49m▄[0m
[0m          [38;2;24;115;74m▄[48;2;41;156;82m▀[38;2;41;156;82m▀[38;2;16;16;16;48;2;16;16;16m▀[38;2;148;205;8;48;2;148;205;8m▀▀▀[48;2;90;156;49m▀[38;2;57;98;24;48;2;148;205;8m▀[38;2;148;205;8m▀▀▀▀▀▀▀[48;2;16;16;16m▀[38;2;16;16;16;48;2;24;115;74m▀[38;2;24;115;74m▀▀[38;2;16;65;57;48;2;16;65;57m▀[38;2;148;205;8;48;2;148;205;8m▀▀[38;2;16;16;16m▀[49m▄[0m
[0m         [38;2;24;115;74m▄[48;2;41;156;82m▀[38;2;41;156;82m▀▀[38;2;16;65;57;48;2;16;65;57m▀[38;2;16;16;16;48;2;16;16;16m▀[38;2;148;205;8;48;2;148;205;8m▀▀[38;2;90;156;49;48;2;57;98;24m▀[38;2;148;205;8;48;2;148;205;8m▀▀▀▀▀[48;2;16;16;16m▀[38;2;16;16;16;48;2;180;164;41m▀[48;2;16;65;57m▀[38;2;24;115;74;48;2;24;115;74m▀▀[48;2;41;156;82m▀[38;2;41;156;82m▀[38;2;16;16;16;48;2;16;16;16m▀[38;2;148;205;8;48;2;148;205;8m▀▀▀[38;2;16;16;16m▀[49m▄[0m
[0m        [38;2;90;156;49m▄[38;2;24;115;74;48;2;148;205;8m▀[38;2;41;156;82;48;2;41;156;82m▀▀[38;2;16;65;57;48;2;16;65;57m▀[38;2;255;238;57;48;2;255;238;57m▀▀[38;2;16;16;16m▀[38;2;148;205;8;48;2;16;16;16m▀[38;2;57;98;24;48;2;57;98;24m▀[38;2;148;205;8;48;2;148;205;8m▀[48;2;16;16;16m▀▀[38;2;16;16;16;48;2;180;164;41m▀▀[38;2;180;164;41m▀[48;2;255;238;57m▀▀[38;2;16;65;57;48;2;16;65;57m▀[38;2;41;156;82;48;2;41;156;82m▀▀▀[38;2;16;16;16;48;2;16;16;16m▀[38;2;148;205;8;48;2;148;205;8m▀▀▀▀[38;2;16;16;16m▀[38;2;57;98;24;49m▄[0m
[0m        [38;2;90;156;49;48;2;90;156;49m▀[38;2;148;205;8;48;2;148;205;8m▀[38;2;41;156;82;48;2;41;156;82m▀[38;2;16;65;57;48;2;16;65;57m▀[38;2;255;238;57;48;2;90;90;57m▀▀[48;2;123;115;57m▀▀[48;2;255;238;57m▀[38;2;16;16;16m▀▀[38;2;255;238;57m▀[48;2;123;115;57m▀[48;2;90;90;57m▀▀▀▀▀[48;2;255;238;57m▀[38;2;16;65;57;48;2;16;65;57m▀[38;2;41;156;82;48;2;41;156;82m▀[38;2;16;16;16;48;2;16;16;16m▀[38;2;148;205;8;48;2;148;205;8m▀▀▀▀▀▀[38;2;16;16;16;48;2;16;16;16m▀[0m
[0m       [38;2;90;156;49;48;2;90;156;49m▀[38;2;148;205;8;48;2;148;205;8m▀▀[38;2;41;156;82;48;2;90;156;49m▀[38;2;16;65;57;48;2;255;238;57m▀[38;2;16;16;16;48;2;16;16;16m▀[38;2;255;255;255;48;2;255;255;255m▀[38;2;16;16;16;48;2;16;16;16m▀[38;2;255;238;57;48;2;255;238;57m▀▀▀▀▀▀▀[38;2;90;90;57;48;2;123;115;57m▀[38;2;255;255;255;48;2;255;255;255m▀▀[38;2;16;16;16;48;2;90;90;57m▀[38;2;255;238;57;48;2;255;238;57m▀[38;2;16;65;57m▀[38;2;16;16;16;48;2;16;16;16m▀[38;2;148;205;8;48;2;148;205;8m▀▀▀▀▀▀▀▀[38;2;57;98;24;48;2;57;98;24m▀[0m
[0m       [38;2;90;156;49;48;2;90;156;49m▀[38;2;148;205;8;48;2;148;205;8m▀▀▀[38;2;57;98;24;48;2;57;98;24m▀[38;2;255;238;57;48;2;255;238;57m▀[38;2;90;90;57m▀[38;2;180;164;41m▀[38;2;255;238;57;48;2;180;164;41m▀[38;2;180;164;41;48;2;255;238;57m▀[38;2;123;115;57m▀[38;2;180;164;41m▀[38;2;255;238;57;48;2;123;115;57m▀[48;2;90;90;57m▀[48;2;255;238;57m▀▀[38;2;16;16;16m▀▀[38;2;255;238;57;48;2;57;98;24m▀▀[38;2;16;16;16;48;2;148;205;8m▀[38;2;148;205;8m▀▀▀▀▀▀▀▀▀[38;2;16;16;16;48;2;16;16;16m▀[0m
[0m       [38;2;90;156;49;48;2;90;156;49m▀[38;2;148;205;8;48;2;148;205;8m▀▀▀▀[38;2;57;98;24m▀[38;2;255;238;57;48;2;57;98;24m▀▀[48;2;255;238;57m▀▀[48;2;16;16;16m▀▀[48;2;57;98;24m▀▀▀[38;2;57;98;24;48;2;148;205;8m▀▀▀[38;2;148;205;8m▀▀▀▀▀▀▀▀▀▀▀▀[38;2;16;16;16;48;2;16;16;16m▀[0m
[0m        [38;2;16;16;16;48;2;16;16;16m▀[38;2;148;205;8;48;2;148;205;8m▀▀▀▀▀▀[38;2;57;98;24m▀[38;2;16;16;16;48;2;16;16;16m▀[38;2;148;205;8;48;2;148;205;8m▀▀▀▀▀▀▀▀▀▀▀▀▀▀▀▀▀▀▀[48;2;90;156;49m▀[38;2;16;16;16;48;2;57;98;24m▀[49m▄[0m
[0m      [38;2;16;65;57m▄▄[38;2;16;16;16m▀[38;2;148;205;8;48;2;16;16;16m▀[48;2;90;156;49m▀[48;2;148;205;8m▀▀▀▀▀▀[38;2;16;16;16;48;2;16;16;16m▀[38;2;148;205;8;48;2;148;205;8m▀▀▀▀▀▀▀▀▀▀▀▀▀▀▀[48;2;90;156;49m▀▀[38;2;90;156;49m▀▀▀▀[38;2;16;16;16;48;2;16;16;16m▀[38;2;16;65;57;49m▄▄▄[0m
[0m [38;2;16;65;57m▄▄▄[48;2;24;115;74m▀▀[38;2;24;115;74m▀▀[38;2;16;65;57;48;2;16;16;16m▀[38;2;16;16;16;48;2;90;156;49m▀[38;2;90;156;49;48;2;16;16;16m▀[48;2;90;156;49m▀▀▀[38;2;148;205;8m▀▀▀[48;2;57;98;24m▀[38;2;16;16;16;48;2;16;16;16m▀[38;2;148;205;8;48;2;148;205;8m▀▀▀▀▀▀▀▀[48;2;90;156;49m▀▀▀▀[38;2;90;156;49m▀▀▀▀▀▀▀[48;2;16;16;16m▀[38;2;16;16;16;48;2;24;115;74m▀[38;2;24;115;74m▀▀▀[38;2;16;16;16;48;2;16;16;16m▀[38;2;16;65;57;49m▄▄[0m
[38;2;16;65;57;48;2;16;65;57m▀[38;2;24;115;74;48;2;24;115;74m▀▀▀▀▀▀▀[38;2;16;16;16m▀[38;2;90;156;49;48;2;16;16;16m▀[48;2;90;156;49m▀[38;2;16;16;16m▀[38;2;90;156;49m▀▀▀[48;2;16;16;16m▀[38;2;16;16;16;48;2;180;164;41m▀[38;2;180;164;41m▀▀[38;2;16;16;16m▀[38;2;90;156;49;48;2;57;98;24m▀[48;2;90;156;49m▀▀▀▀▀▀▀▀▀▀▀▀▀▀▀[48;2;16;16;16m▀[38;2;16;16;16;48;2;24;115;74m▀[38;2;24;115;74m▀▀▀▀▀[48;2;41;156;82m▀[38;2;41;156;82m▀▀[38;2;16;65;57m▀▀[49m▄[0m
[0m [38;2;16;65;57m▀▀[38;2;16;16;16m▀[38;2;24;115;74;48;2;16;16;16m▀▀▀[38;2;16;16;16;49m▀▀[38;2;16;65;57m▀[38;2;16;16;16m▀[38;2;90;156;49;48;2;16;16;16m▀▀▀[38;2;16;16;16;49m▀▀▀▀[38;2;180;164;41;48;2;16;16;16m▀▀▀[38;2;57;98;24m▀▀[38;2;90;156;49;48;2;57;98;24m▀▀[48;2;90;156;49m▀▀▀▀▀▀▀▀[48;2;16;16;16m▀▀[38;2;16;16;16;49m▀[38;2;16;65;57m▀[38;2;24;115;74;48;2;16;65;57m▀▀▀▀[38;2;16;65;57;49m▀[38;2;16;16;16m▀▀[38;2;41;156;82;48;2;16;65;57m▀[48;2;16;16;16m▀▀[48;2;16;65;57m▀[38;2;16;65;57;49m▀[0m
[0m                         [38;2;57;98;24m▀▀▀[38;2;16;16;16m▀▀▀▀[0m
