[0m          [38;2;0;0;0m▄[0m            [38;2;139;123;16m▄[38;2;0;0;0;48;2;255;246;32m▀[49m▄[0m
[0m         [38;2;189;172;16m▄[48;2;255;246;32m▀[38;2;0;0;0;48;2;0;0;0m▀[0m           [38;2;139;123;16;48;2;139;123;16m▀[38;2;255;246;32;48;2;255;246;32m▀[38;2;0;0;0;48;2;0;0;0m▀[0m
[0m         [38;2;189;172;16;48;2;139;123;16m▀[38;2;255;246;32;48;2;255;246;32m▀▀[38;2;0;0;0;48;2;0;0;0m▀[0m         [38;2;139;123;16;48;2;139;123;16m▀[38;2;255;246;32;48;2;255;246;32m▀▀▀[38;2;0;0;0;48;2;0;0;0m▀[0m
[0m         [38;2;139;123;16m▀[38;2;255;246;32;48;2;139;123;16m▀[48;2;255;246;32m▀▀[38;2;0;0;0;48;2;0;0;0m▀[0m [38;2;65;98;49m▄[38;2;0;0;0m▄[0m  [38;2;65;98;49;48;2;65;98;49m▀[48;2;123;205;8m▀[49m▄[38;2;139;123;16;48;2;139;123;16m▀[38;2;255;246;32;48;2;255;246;32m▀▀[48;2;0;0;0m▀[38;2;0;0;0;49m▀[0m
[0m          [38;2;139;123;16m▀[38;2;255;246;32;48;2;139;123;16m▀[48;2;255;246;32m▀▀[38;2;0;0;0;48;2;0;0;0m▀[38;2;123;205;8;48;2;123;205;8m▀[38;2;0;0;0m▀[49m▄[0m [38;2;65;98;49;48;2;65;98;49m▀[38;2;123;205;8;48;2;123;205;8m▀[38;2;139;123;16;48;2;139;123;16m▀[38;2;255;246;32;48;2;255;246;32m▀▀[48;2;0;0;0m▀[38;2;0;0;0;48;2;123;205;8m▀[38;2;65;98;49;49m▄[0m
[0m            [38;2;0;0;0;48;2;65;98;49m▀[48;2;139;123;16m▀[38;2;189;172;16;48;2;255;246;32m▀[38;2;0;0;0;48;2;0;0;0m▀[38;2;123;205;8;48;2;123;205;8m▀[38;2;0;0;0m▀[49m▄[0m [38;2;65;98;49;48;2;65;98;49m▀[38;2;0;0;0;48;2;139;123;16m▀[48;2;255;246;32m▀[48;2;0;0;0m▀[38;2;123;205;8;48;2;123;205;8m▀▀▀[38;2;65;98;49m▀[38;2;0;0;0;49m▄[0m
[0m            [38;2;65;98;49;48;2;65;98;49m▀[38;2;139;123;16;48;2;123;205;8m▀[38;2;255;246;32;48;2;139;123;16m▀[38;2;0;0;0;48;2;255;246;32m▀[38;2;123;205;8;48;2;0;0;0m▀[48;2;123;205;8m▀[38;2;0;0;0;48;2;0;0;0m▀[0m [38;2;139;123;16;48;2;139;123;16m▀[38;2;189;172;16;48;2;255;246;32m▀[38;2;0;0;0;48;2;0;0;0m▀[38;2;123;205;8;48;2;123;205;8m▀▀▀▀▀[38;2;0;0;0m▀[49m▄[0m
[0m           [38;2;65;98;49;48;2;65;98;49m▀[38;2;123;205;8;48;2;123;205;8m▀▀[38;2;139;123;16m▀[38;2;255;246;32;48;2;139;123;16m▀[38;2;0;0;0;48;2;0;0;0m▀[38;2;123;205;8;48;2;123;205;8m▀[38;2;0;0;0;48;2;0;0;0m▀[0m [38;2;139;123;16;48;2;139;123;16m▀[38;2;255;246;32;48;2;0;0;0m▀[38;2;0;0;0;48;2;123;205;8m▀[38;2;123;205;8m▀▀▀▀[48;2;65;98;49m▀▀[38;2;0;0;0;48;2;123;205;8m▀[49m▄[0m
[0m           [38;2;65;98;49;48;2;65;98;49m▀[38;2;123;205;8;48;2;123;205;8m▀▀▀[38;2;139;123;16m▀[38;2;255;246;32;48;2;139;123;16m▀[38;2;0;0;0;48;2;0;0;0m▀[38;2;123;205;8m▀[38;2;139;123;16;48;2;139;123;16m▀[38;2;189;172;16;48;2;255;246;32m▀[38;2;0;0;0;48;2;0;0;0m▀[38;2;123;205;8;48;2;139;123;16m▀▀[48;2;123;205;8m▀▀[38;2;65;98;49;48;2;65;98;49m▀[38;2;123;205;8;48;2;123;205;8m▀▀[38;2;65;98;49m▀[38;2;0;0;0;48;2;0;0;0m▀[0m
[0m        [38;2;90;156;49m▄[48;2;123;205;8m▀▀[38;2;123;205;8m▀▀▀▀[48;2;0;0;0m▀[38;2;139;123;16;48;2;255;255;156m▀[38;2;0;0;0;48;2;139;123;16m▀[38;2;255;255;156;48;2;255;255;156m▀[38;2;139;123;16;48;2;139;123;16m▀[38;2;0;0;0;48;2;0;0;0m▀[38;2;255;246;32;48;2;255;255;156m▀[48;2;255;246;32m▀▀[38;2;139;123;16m▀[38;2;65;98;49;48;2;65;98;49m▀[38;2;123;205;8;48;2;123;205;8m▀▀▀▀▀[38;2;0;0;0;48;2;0;0;0m▀[0m
[0m       [38;2;65;98;49;48;2;65;98;49m▀[38;2;123;205;8;48;2;123;205;8m▀▀▀▀▀▀[38;2;0;0;0;48;2;0;0;0m▀[38;2;255;255;156;48;2;255;255;156m▀▀▀▀▀▀[48;2;255;246;32m▀[38;2;255;246;32m▀▀▀[38;2;0;0;0;48;2;0;0;0m▀[38;2;123;205;8;48;2;123;205;8m▀▀▀▀▀[38;2;0;0;0;48;2;0;0;0m▀[0m
[0m       [38;2;0;0;0;48;2;0;0;0m▀[38;2;123;205;8;48;2;123;205;8m▀▀▀▀▀[38;2;0;0;0;48;2;131;49;65m▀[38;2;255;246;32;48;2;255;246;32m▀▀[38;2;255;255;156m▀▀▀▀[38;2;255;246;32m▀▀▀▀▀[38;2;0;0;0m▀[38;2;123;205;8;48;2;65;98;49m▀[48;2;123;205;8m▀▀▀[48;2;90;156;49m▀[38;2;0;0;0;48;2;0;0;0m▀[0m
[0m        [38;2;0;0;0;48;2;0;0;0m▀[38;2;123;205;8;48;2;123;205;8m▀▀▀[38;2;131;49;65;48;2;131;49;65m▀[38;2;255;255;255;48;2;255;49;74m▀[38;2;255;246;32;48;2;255;246;32m▀▀▀▀▀▀▀▀[48;2;131;49;65m▀[38;2;131;49;65;48;2;255;255;255m▀[38;2;255;246;32;48;2;131;49;65m▀[48;2;255;246;32m▀[38;2;0;0;0;48;2;0;0;0m▀[38;2;123;205;8;48;2;90;156;49m▀▀[38;2;90;156;49m▀[38;2;0;0;0;48;2;0;0;0m▀[0m
[0m         [38;2;0;0;0m▀▀[38;2;90;156;49;48;2;65;98;49m▀[48;2;90;156;49m▀[38;2;0;0;0m▀[38;2;255;246;32;48;2;0;0;0m▀[48;2;139;123;16m▀[48;2;0;0;0m▀[48;2;255;246;32m▀▀▀[48;2;0;0;0m▀▀[38;2;131;49;65;48;2;139;123;16m▀[38;2;255;49;74;48;2;0;0;0m▀[38;2;0;0;0;48;2;90;156;49m▀▀[38;2;90;156;49m▀▀[48;2;0;0;0m▀[38;2;0;0;0;49m▀[0m
[0m           [38;2;65;98;49m▀[38;2;90;156;49;48;2;65;98;49m▀▀[48;2;90;156;49m▀[38;2;0;0;0m▀[38;2;189;172;16;48;2;0;0;0m▀[38;2;139;123;16m▀[38;2;0;0;0;48;2;189;172;16m▀[38;2;139;123;16m▀[38;2;189;172;16m▀▀[38;2;65;98;49;48;2;65;98;49m▀[38;2;90;156;49;48;2;90;156;49m▀▀[48;2;0;0;0m▀▀[38;2;0;0;0;49m▀[0m
[0m              [38;2;65;98;49m▀▀▀[48;2;0;0;0m▀[38;2;0;0;0m▀[48;2;16;65;57m▀[38;2;189;172;16;48;2;189;172;16m▀[48;2;0;0;0m▀[38;2;0;0;0;49m▀▀▀[0m
[0m            [38;2;0;0;0m▄▄[48;2;255;246;32m▀[48;2;189;172;16m▀▀[38;2;189;172;16;48;2;90;156;49m▀[38;2;90;156;49;48;2;16;65;57m▀[38;2;16;65;57;48;2;41;156;82m▀[38;2;189;172;16m▀[38;2;139;123;16;48;2;0;0;0m▀[38;2;0;0;0;48;2;90;156;49m▀[48;2;189;172;16m▀[49m▄▄[0m
[0m        [38;2;65;98;49m▄▄[38;2;0;0;0;48;2;255;246;32m▀▀[38;2;255;246;32;48;2;189;172;16m▀[48;2;123;205;8m▀[38;2;189;172;16;48;2;90;156;49m▀[38;2;90;156;49m▀▀[48;2;16;65;57m▀[38;2;16;65;57;48;2;41;156;82m▀[38;2;41;156;82m▀▀[38;2;0;0;0;48;2;0;0;0m▀[38;2;90;156;49;48;2;90;156;49m▀▀[38;2;189;172;16m▀[48;2;189;172;16m▀[38;2;0;0;0;48;2;255;246;32m▀[49m▄[0m
[0m     [38;2;65;98;49m▄[48;2;123;205;8m▀▀[38;2;123;205;8m▀[48;2;0;0;0m▀[38;2;0;0;0;49m▀[38;2;123;205;8;48;2;0;0;0m▀▀[48;2;123;205;8m▀▀[38;2;90;156;49m▀[48;2;0;0;0m▀[38;2;16;65;57;48;2;16;65;57m▀[38;2;41;156;82;48;2;24;115;74m▀[48;2;41;156;82m▀[48;2;24;115;74m▀[38;2;24;115;74;48;2;0;0;0m▀[38;2;0;0;0m▀[38;2;123;205;8;48;2;123;205;8m▀▀[38;2;90;156;49m▀[38;2;189;172;16m▀[38;2;255;246;32;48;2;189;172;16m▀[38;2;0;0;0;48;2;255;246;32m▀[49m▄[0m
[0m   [38;2;65;98;49m▄[48;2;123;205;8m▀[38;2;123;205;8m▀▀▀[48;2;0;0;0m▀[38;2;0;0;0;49m▀[0m   [38;2;0;0;0m▀▀▀[0m [38;2;16;65;57m▀[38;2;24;115;74;48;2;0;0;0m▀[48;2;24;115;74m▀▀[38;2;0;0;0;48;2;0;0;0m▀[0m [38;2;0;0;0m▀[38;2;123;205;8;48;2;0;0;0m▀[48;2;123;205;8m▀▀▀[38;2;90;156;49m▀[38;2;255;246;32;48;2;0;0;0m▀[38;2;0;0;0m▀[0m
[0m  [38;2;65;98;49;48;2;65;98;49m▀[38;2;123;205;8;48;2;123;205;8m▀▀[48;2;0;0;0m▀[38;2;0;0;0;49m▀▀[0m          [38;2;0;0;0;48;2;0;0;0m▀[38;2;24;115;74;48;2;255;246;32m▀[48;2;0;0;0m▀[38;2;0;0;0;48;2;123;205;8m▀[38;2;65;98;49;49m▄▄[0m [38;2;0;0;0m▀▀▀▀[0m [38;2;0;0;0;48;2;0;0;0m▀[38;2;65;98;49;48;2;123;205;8m▀▀▀[49m▄▄[0m
[0m [38;2;65;98;49;48;2;65;98;49m▀[38;2;123;205;8;48;2;123;205;8m▀▀[38;2;0;0;0;48;2;0;0;0m▀[0m          [38;2;65;98;49m▄[48;2;90;156;49m▀[38;2;0;0;0;48;2;0;0;0m▀[38;2;255;246;32;48;2;255;246;32m▀▀[38;2;0;0;0;48;2;0;0;0m▀[38;2;123;205;8;48;2;90;156;49m▀[48;2;123;205;8m▀▀[38;2;65;98;49m▀[49m▄▄[0m    [38;2;0;0;0m▀[38;2;123;205;8;48;2;0;0;0m▀[48;2;123;205;8m▀▀▀[38;2;65;98;49m▀▀[49m▄[0m
[38;2;65;98;49;49m▄[48;2;123;205;8m▀[38;2;123;205;8m▀▀▀[38;2;0;0;0;48;2;0;0;0m▀[0m        [38;2;0;0;0m▄[38;2;65;98;49;48;2;90;156;49m▀[38;2;90;156;49m▀[38;2;0;0;0;48;2;0;0;0m▀[38;2;255;246;32;48;2;139;123;16m▀▀[38;2;0;0;0;48;2;255;246;32m▀[38;2;90;156;49;48;2;0;0;0m▀[38;2;123;205;8;48;2;90;156;49m▀[48;2;123;205;8m▀▀▀▀[38;2;65;98;49m▀[49m▄[0m    [38;2;0;0;0m▀▀▀[38;2;123;205;8;48;2;0;0;0m▀[48;2;123;205;8m▀▀[38;2;0;0;0;48;2;90;156;49m▀[49m▄[0m
[38;2;65;98;49;48;2;65;98;49m▀[38;2;123;205;8;48;2;123;205;8m▀▀[48;2;0;0;0m▀[38;2;0;0;0;49m▀[0m         [38;2;0;0;0;48;2;0;0;0m▀[38;2;90;156;49;48;2;90;156;49m▀▀[38;2;0;0;0;48;2;0;0;0m▀[38;2;255;246;32;48;2;255;246;32m▀▀▀[38;2;0;0;0;48;2;0;0;0m▀[38;2;90;156;49;48;2;90;156;49m▀[38;2;123;205;8m▀[48;2;123;205;8m▀▀▀▀▀[38;2;0;0;0;48;2;65;98;49m▀[48;2;123;205;8m▀[49m▄[0m     [38;2;0;0;0;48;2;65;98;49m▀[38;2;90;156;49;48;2;90;156;49m▀▀▀[38;2;0;0;0;48;2;0;0;0m▀[0m
[38;2;65;98;49;48;2;65;98;49m▀[38;2;123;205;8;48;2;123;205;8m▀[48;2;0;0;0m▀[38;2;0;0;0;49m▀[0m          [38;2;0;0;0m▀[38;2;90;156;49;48;2;0;0;0m▀[48;2;90;156;49m▀[38;2;16;65;57;48;2;16;65;57m▀[38;2;0;0;0;48;2;0;0;0m▀[38;2;255;246;32;48;2;189;172;16m▀[38;2;189;172;16m▀[48;2;16;65;57m▀[38;2;0;0;0;48;2;41;156;82m▀[38;2;90;156;49;48;2;0;0;0m▀▀[38;2;123;205;8;48;2;90;156;49m▀▀[48;2;123;205;8m▀[48;2;65;98;49m▀[38;2;65;98;49;48;2;123;205;8m▀[38;2;123;205;8m▀▀[38;2;0;0;0m▀[49m▄[0m   [38;2;65;98;49m▀[38;2;90;156;49;48;2;65;98;49m▀[48;2;90;156;49m▀▀▀[38;2;0;0;0;48;2;0;0;0m▀[0m
[0m [38;2;0;0;0m▀[0m              [38;2;16;65;57;48;2;16;65;57m▀[38;2;24;115;74;48;2;24;115;74m▀▀[38;2;0;0;0m▀[38;2;189;172;16;48;2;0;0;0m▀[38;2;16;65;57;48;2;16;65;57m▀[38;2;41;156;82;48;2;41;156;82m▀▀▀[38;2;0;0;0m▀▀▀[38;2;65;98;49;48;2;0;0;0m▀[38;2;123;205;8;48;2;90;156;49m▀▀[48;2;123;205;8m▀▀▀[38;2;0;0;0m▀[49m▄[0m   [38;2;65;98;49m▀[38;2;90;156;49;48;2;65;98;49m▀[48;2;90;156;49m▀[38;2;0;0;0;48;2;0;0;0m▀[0m
[0m                [38;2;16;65;57;48;2;0;0;0m▀[38;2;24;115;74;48;2;24;115;74m▀▀▀[38;2;16;65;57;48;2;16;65;57m▀[38;2;41;156;82;48;2;41;156;82m▀▀▀▀▀▀▀[38;2;0;0;0m▀[38;2;90;156;49;48;2;0;0;0m▀[48;2;90;156;49m▀▀▀▀▀▀[38;2;0;0;0m▀[49m▄[0m   [38;2;65;98;49m▀[38;2;0;0;0m▀[0m
[0m                [38;2;0;0;0m▀[38;2;24;115;74;48;2;0;0;0m▀▀▀[38;2;0;0;0m▀[38;2;41;156;82;48;2;41;156;82m▀▀▀▀▀[48;2;16;65;57m▀[48;2;0;0;0m▀[38;2;0;0;0m▀[38;2;189;172;16;48;2;189;172;16m▀[38;2;0;0;0m▀[38;2;90;156;49;48;2;0;0;0m▀▀[48;2;90;156;49m▀▀▀[48;2;65;98;49m▀[38;2;65;98;49;48;2;90;156;49m▀[38;2;0;0;0;48;2;0;0;0m▀[0m
[0m                 [38;2;16;65;57;48;2;16;65;57m▀[38;2;24;115;74;48;2;24;115;74m▀▀▀[38;2;0;0;0;48;2;16;65;57m▀[48;2;41;156;82m▀[38;2;16;65;57m▀▀▀[38;2;41;156;82m▀▀[38;2;16;65;57;48;2;16;65;57m▀[38;2;0;0;0;48;2;90;156;49m▀[38;2;189;172;16;48;2;0;0;0m▀▀▀[38;2;0;0;0;48;2;189;172;16m▀▀▀▀[38;2;90;156;49;48;2;0;0;0m▀[48;2;90;156;49m▀[38;2;0;0;0;48;2;0;0;0m▀[0m
[0m                 [38;2;16;65;57m▀[38;2;24;115;74;48;2;16;65;57m▀[48;2;24;115;74m▀▀[38;2;16;65;57;48;2;0;0;0m▀[38;2;41;156;82;48;2;24;115;74m▀▀▀[38;2;24;115;74m▀▀▀[38;2;0;0;0;48;2;0;0;0m▀[38;2;90;156;49;48;2;90;156;49m▀[48;2;65;98;49m▀▀[48;2;90;156;49m▀[38;2;0;0;0m▀▀▀▀▀[38;2;90;156;49;48;2;0;0;0m▀[48;2;90;156;49m▀[38;2;0;0;0;48;2;0;0;0m▀[0m
[0m                  [38;2;0;0;0m▀[48;2;16;65;57m▀[38;2;16;65;57;48;2;24;115;74m▀[38;2;0;0;0m▀[38;2;24;115;74;48;2;0;0;0m▀[48;2;16;65;57m▀▀▀[38;2;16;65;57;48;2;24;115;74m▀[38;2;0;0;0;48;2;0;0;0m▀[38;2;65;98;49;49m▀▀[0m  [38;2;65;98;49m▀[38;2;90;156;49;48;2;65;98;49m▀▀[48;2;90;156;49m▀▀▀▀[38;2;0;0;0m▀[38;2;90;156;49;48;2;0;0;0m▀[38;2;0;0;0m▀[0m
[0m                   [38;2;16;65;57m▀[38;2;24;115;74;48;2;0;0;0m▀▀[38;2;16;65;57m▀[38;2;24;115;74;48;2;24;115;74m▀▀▀[48;2;0;0;0m▀[38;2;0;0;0;49m▀[0m       [38;2;65;98;49m▀▀▀▀[38;2;90;156;49;48;2;65;98;49m▀▀[38;2;0;0;0;48;2;0;0;0m▀[0m
[0m                    [38;2;139;123;16;48;2;139;123;16m▀[38;2;189;172;16;48;2;189;172;16m▀[38;2;0;0;0m▀[48;2;139;123;16m▀[48;2;189;172;16m▀▀[48;2;0;0;0m▀[0m
[0m                     [38;2;139;123;16;48;2;139;123;16m▀[38;2;189;172;16;48;2;189;172;16m▀[38;2;139;123;16;48;2;139;123;16m▀[38;2;189;172;16;48;2;255;246;32m▀[48;2;0;0;0m▀[38;2;0;0;0;49m▀[0m
[0m                     [38;2;139;123;16m▀[38;2;189;172;16;48;2;139;123;16m▀[38;2;139;123;16;48;2;255;246;32m▀[38;2;255;246;32m▀[38;2;0;0;0;48;2;0;0;0m▀[0m
[0m                      [38;2;139;123;16;48;2;139;123;16m▀[38;2;255;246;32;48;2;255;246;32m▀[48;2;0;0;0m▀[38;2;0;0;0;49m▀[0m
[0m                      [38;2;139;123;16;48;2;139;123;16m▀[38;2;255;246;32;48;2;255;246;32m▀[38;2;0;0;0;48;2;0;0;0m▀[0m
[0m                       [38;2;0;0;0m▀[0m
