[0m        [38;2;98;32;49;48;2;98;32;49m▀[38;2;16;16;16;49m▄[0m
[0m       [38;2;98;32;49;48;2;98;32;49m▀[38;2;189;49;82;48;2;189;49;82m▀[38;2;16;16;16;48;2;16;16;16m▀[0m  [38;2;148;0;65m▄▄▄[48;2;189;49;82m▀▀▀▀[38;2;98;32;49;49m▄▄[0m  [38;2;98;32;49m▄[48;2;189;49;82m▀[48;2;16;16;16m▀[0m
[0m      [38;2;98;32;49;48;2;98;32;49m▀[38;2;189;49;82;48;2;189;49;82m▀▀[38;2;16;16;16;48;2;16;16;16m▀[38;2;148;0;65;48;2;189;49;82m▀[48;2;230;98;123m▀[38;2;230;98;123;48;2;255;148;164m▀[38;2;255;148;164m▀[48;2;230;98;123m▀[38;2;230;98;123;48;2;189;49;82m▀[38;2;189;49;82m▀▀▀▀▀[38;2;98;32;49;48;2;16;16;16m▀[38;2;16;16;16;48;2;189;49;82m▀[38;2;148;0;65m▀[38;2;16;16;16;48;2;16;16;16m▀[0m
[0m     [38;2;98;32;49m▄[48;2;189;49;82m▀[38;2;189;49;82m▀[38;2;16;16;16;48;2;16;16;16m▀[38;2;189;49;82;48;2;189;49;82m▀▀▀▀▀▀▀▀▀▀[48;2;16;16;16m▀[38;2;16;16;16;48;2;148;0;65m▀[38;2;189;49;82;48;2;189;49;82m▀[48;2;148;0;65m▀[38;2;16;16;16;48;2;16;16;16m▀[38;2;98;32;49;49m▄[38;2;8;74;57m▄[0m
[0m    [38;2;98;32;49;48;2;16;16;16m▀[38;2;148;0;65;48;2;189;49;82m▀[38;2;189;49;82;48;2;115;49;65m▀[48;2;49;49;57m▀[38;2;16;16;16;48;2;16;16;16m▀[38;2;189;49;82;48;2;189;49;82m▀▀▀▀[48;2;49;49;57m▀[48;2;189;49;82m▀▀▀▀[48;2;16;16;16m▀[38;2;16;16;16;48;2;189;49;82m▀[38;2;189;49;82m▀[48;2;16;16;16m▀[38;2;16;16;16;48;2;189;49;82m▀[38;2;189;49;82m▀▀[38;2;98;32;49;48;2;98;32;49m▀[38;2;8;74;57;48;2;0;148;90m▀[49m▄▄[0m     [38;2;98;32;49m▄[48;2;148;0;65m▀[48;2;98;32;49m▀[0m
[0m    [38;2;16;16;16;48;2;16;16;16m▀[38;2;49;49;57;48;2;49;49;57m▀▀▀[38;2;16;16;16;48;2;16;16;16m▀[38;2;189;49;82;48;2;189;49;82m▀▀▀[38;2;148;0;65;48;2;49;49;57m▀[38;2;49;49;57m▀[38;2;189;49;82;48;2;189;49;82m▀[48;2;16;16;16m▀[38;2;16;16;16;48;2;49;49;57m▀▀[38;2;189;49;82;48;2;115;49;65m▀[48;2;189;49;82m▀[48;2;16;16;16m▀[38;2;16;16;16;48;2;189;49;82m▀[38;2;189;49;82m▀▀▀▀[38;2;98;32;49;48;2;98;32;49m▀[38;2;0;148;90;48;2;0;148;90m▀▀[38;2;8;74;57m▀[49m▄[0m  [38;2;98;32;49m▄[48;2;148;0;65m▀[38;2;148;0;65m▀[38;2;98;32;49;48;2;98;32;49m▀[0m      [38;2;98;32;49m▄[48;2;189;49;82m▀[48;2;16;16;16m▀[0m
[0m   [38;2;16;16;16m▄[48;2;16;16;16m▀[38;2;49;49;57;48;2;49;49;57m▀▀[38;2;16;16;16;48;2;16;16;16m▀[38;2;189;49;82;48;2;189;49;82m▀▀[48;2;148;0;65m▀[38;2;49;49;57;48;2;49;49;57m▀▀[48;2;16;16;16m▀[38;2;16;16;16;48;2;49;49;57m▀[38;2;49;49;57m▀▀▀▀[38;2;16;16;16;48;2;16;16;16m▀[38;2;189;49;82;48;2;189;49;82m▀▀▀▀▀▀▀[38;2;98;32;49;48;2;98;32;49m▀[38;2;0;148;90;48;2;0;148;90m▀▀[38;2;8;74;57m▀[38;2;16;16;16;48;2;8;74;57m▀[49m▄[38;2;98;32;49;48;2;49;49;57m▀[38;2;148;0;65m▀[38;2;98;32;49;48;2;98;32;49m▀[0m     [38;2;98;32;49m▄[48;2;189;49;82m▀[38;2;189;49;82m▀[38;2;98;32;49;48;2;16;16;16m▀[0m
[0m  [38;2;98;32;49m▄[38;2;16;16;16;48;2;16;16;16m▀▀[38;2;49;49;57;48;2;49;49;57m▀[48;2;115;49;65m▀[38;2;16;16;16;48;2;16;16;16m▀[38;2;189;49;82;48;2;189;49;82m▀[48;2;148;0;65m▀[38;2;49;49;57;48;2;49;49;57m▀▀[48;2;16;16;16m▀[38;2;16;16;16;48;2;189;49;82m▀[38;2;49;49;57;48;2;115;49;65m▀[48;2;49;49;57m▀▀[48;2;16;16;16m▀[38;2;16;16;16;48;2;189;49;82m▀[38;2;189;49;82m▀▀▀▀▀▀▀▀[38;2;98;32;49;48;2;98;32;49m▀[38;2;0;148;90;48;2;0;148;90m▀▀▀[38;2;8;74;57m▀[38;2;0;148;90;48;2;8;74;57m▀[38;2;16;16;16;48;2;0;148;90m▀[38;2;49;49;57;48;2;16;16;16m▀[38;2;98;32;49;48;2;49;49;57m▀[49m▄[0m   [38;2;98;32;49m▄[38;2;16;16;16;48;2;49;49;57m▀[38;2;49;49;57m▀[38;2;189;49;82;48;2;16;16;16m▀[38;2;16;16;16;49m▀[0m
[0m [38;2;98;32;49m▄[48;2;189;49;82m▀[38;2;189;49;82m▀[38;2;16;16;16;48;2;16;16;16m▀[38;2;148;0;65;48;2;98;32;49m▀[38;2;189;49;82;48;2;189;49;82m▀[38;2;16;16;16;48;2;16;16;16m▀[38;2;49;49;57;48;2;49;49;57m▀[48;2;148;0;65m▀[48;2;189;49;82m▀[38;2;189;49;82;48;2;98;32;49m▀[38;2;16;16;16;48;2;189;49;82m▀[38;2;189;49;82m▀▀[38;2;49;49;57;48;2;16;16;16m▀[38;2;16;16;16;48;2;49;49;57m▀[38;2;189;49;82;48;2;189;49;82m▀▀▀▀▀▀▀▀▀▀▀[38;2;16;16;16m▀[38;2;0;148;90;48;2;16;16;16m▀[48;2;0;148;90m▀▀[38;2;8;74;57m▀[38;2;0;148;90;48;2;8;74;57m▀[38;2;16;16;16;48;2;0;148;90m▀[38;2;49;49;57;48;2;16;16;16m▀[38;2;98;32;49;49m▀[0m  [38;2;98;32;49m▄[48;2;49;49;57m▀[38;2;49;49;57m▀▀[38;2;16;16;16;48;2;16;16;16m▀[0m
[38;2;98;32;49;49m▄[48;2;189;49;82m▀[38;2;189;49;82m▀▀▀[38;2;16;16;16;48;2;16;16;16m▀[38;2;189;49;82;48;2;189;49;82m▀[38;2;16;16;16;48;2;16;16;16m▀[38;2;189;49;82;48;2;189;49;82m▀▀[48;2;98;32;49m▀[38;2;98;32;49;48;2;189;49;82m▀[38;2;189;49;82;48;2;16;16;16m▀[38;2;148;0;65m▀[38;2;16;16;16;48;2;189;49;82m▀[38;2;49;49;57;48;2;49;49;57m▀▀[38;2;148;0;65m▀[38;2;189;49;82;48;2;189;49;82m▀▀▀▀▀[48;2;115;49;65m▀[38;2;115;49;65;48;2;49;49;57m▀[38;2;49;49;57m▀▀[38;2;115;49;65m▀[38;2;189;49;82;48;2;115;49;65m▀[38;2;16;16;16;48;2;189;49;82m▀[38;2;0;148;90;48;2;16;16;16m▀[48;2;0;148;90m▀▀[38;2;8;74;57;48;2;8;74;57m▀[38;2;0;148;90;48;2;0;148;90m▀[38;2;16;16;16m▀[49m▄[0m [38;2;98;32;49m▄[48;2;189;49;82m▀[38;2;189;49;82m▀[38;2;49;49;57m▀[48;2;16;16;16m▀[38;2;16;16;16;49m▀[0m
[38;2;98;32;49;48;2;98;32;49m▀[38;2;189;49;82;48;2;189;49;82m▀▀▀[48;2;49;49;57m▀[38;2;49;49;57;48;2;98;32;49m▀[38;2;16;16;16;48;2;189;49;82m▀[38;2;189;49;82;48;2;148;0;65m▀[38;2;148;0;65;48;2;189;49;82m▀[38;2;189;49;82m▀[38;2;98;32;49m▀[38;2;16;16;16m▀[38;2;189;49;82m▀▀[48;2;16;16;16m▀▀[38;2;49;49;57m▀[48;2;49;49;57m▀[38;2;189;49;82;48;2;148;0;65m▀[48;2;189;49;82m▀▀▀[48;2;115;49;65m▀[38;2;49;49;57;48;2;49;49;57m▀▀[38;2;115;49;65;48;2;189;49;82m▀[38;2;189;49;82m▀[38;2;49;49;57;48;2;49;49;57m▀▀[38;2;189;49;82;48;2;189;49;82m▀[38;2;16;16;16;48;2;16;16;16m▀[38;2;0;148;90;48;2;0;148;90m▀▀[38;2;8;74;57;48;2;8;74;57m▀[38;2;0;148;90;48;2;0;148;90m▀▀[38;2;16;16;16;48;2;16;16;16m▀[38;2;8;74;57;49m▄[38;2;98;32;49;48;2;16;16;16m▀[38;2;189;49;82m▀[38;2;98;32;49m▀[38;2;16;16;16;49m▀[0m
[0m [38;2;98;32;49;48;2;98;32;49m▀[38;2;189;49;82;48;2;16;16;16m▀[38;2;98;32;49;48;2;189;49;82m▀[38;2;49;49;57;48;2;98;32;49m▀[38;2;189;49;82;48;2;189;49;82m▀▀[38;2;148;0;65m▀[38;2;189;49;82m▀▀▀▀[48;2;98;32;49m▀[38;2;16;16;16;48;2;189;49;82m▀[38;2;189;49;82m▀▀▀[38;2;16;16;16m▀[38;2;49;49;57;48;2;16;16;16m▀[38;2;189;49;82;48;2;148;0;65m▀▀[48;2;189;49;82m▀[38;2;49;49;57;48;2;49;49;57m▀▀[38;2;115;49;65;48;2;189;49;82m▀[38;2;189;49;82m▀[48;2;115;49;65m▀[38;2;49;49;57;48;2;16;16;16m▀▀[38;2;189;49;82;48;2;148;0;65m▀[38;2;16;16;16;48;2;16;16;16m▀[38;2;0;115;57;48;2;0;115;57m▀[38;2;8;74;57;48;2;8;74;57m▀[38;2;0;148;90;48;2;0;115;57m▀▀[38;2;8;74;57;48;2;8;74;57m▀[38;2;0;148;90;48;2;0;115;57m▀[38;2;8;74;57;48;2;16;16;16m▀[38;2;148;0;65;48;2;148;0;65m▀[48;2;98;32;49m▀[38;2;98;32;49;49m▀[0m
[0m [38;2;98;32;49;48;2;16;16;16m▀[38;2;16;16;16;48;2;148;0;65m▀[38;2;189;49;82;48;2;189;49;82m▀[38;2;98;32;49;48;2;98;32;49m▀[38;2;189;49;82;48;2;189;49;82m▀[38;2;148;0;65;48;2;148;0;65m▀[38;2;189;49;82;48;2;189;49;82m▀▀▀▀[48;2;98;32;49m▀[38;2;98;32;49;48;2;189;49;82m▀[38;2;189;49;82m▀▀▀▀▀[38;2;16;16;16m▀[38;2;148;0;65;48;2;16;16;16m▀[48;2;148;0;65m▀▀[38;2;16;16;16;48;2;16;16;16m▀▀[38;2;148;0;65;48;2;148;0;65m▀[48;2;16;16;16m▀[38;2;16;16;16m▀▀[38;2;148;0;65;48;2;148;0;65m▀[38;2;16;16;16;48;2;16;16;16m▀[38;2;0;115;57;48;2;0;115;57m▀[38;2;8;74;57;48;2;8;74;57m▀[38;2;0;115;57;48;2;0;115;57m▀[48;2;8;74;57m▀[38;2;8;74;57;48;2;0;115;57m▀[38;2;0;115;57m▀[48;2;16;16;16m▀[38;2;98;32;49;49m▀▀[0m
[0m [38;2;16;16;16m▀[38;2;139;90;0;48;2;16;16;16m▀[38;2;189;49;82;48;2;203;150;8m▀[38;2;16;16;16;48;2;98;32;49m▀[38;2;189;49;82;48;2;16;16;16m▀[38;2;148;0;65;48;2;189;49;82m▀[38;2;189;49;82m▀▀▀▀[38;2;16;16;16;48;2;16;16;16m▀[38;2;189;49;82;48;2;189;49;82m▀[48;2;148;0;65m▀[48;2;98;32;49m▀[38;2;148;0;65;48;2;49;49;57m▀[38;2;98;32;49;48;2;16;16;16m▀[38;2;203;150;8;48;2;203;150;8m▀▀[38;2;16;16;16;48;2;16;16;16m▀[38;2;148;0;65;48;2;148;0;65m▀▀[38;2;16;16;16m▀[48;2;16;16;16m▀▀▀[48;2;148;0;65m▀[38;2;148;0;65;48;2;16;16;16m▀[38;2;16;16;16;48;2;0;115;57m▀[38;2;0;115;57;48;2;8;74;57m▀[38;2;8;74;57;48;2;0;115;57m▀[38;2;0;115;57;48;2;16;16;16m▀[38;2;8;74;57m▀[38;2;0;115;57m▀[38;2;16;16;16;48;2;49;49;57m▀▀[0m
[0m  [38;2;16;16;16m▀[48;2;16;16;16m▀[38;2;203;150;8m▀[38;2;16;16;16m▀[38;2;148;0;65m▀[38;2;189;49;82;48;2;148;0;65m▀▀[38;2;148;0;65;48;2;98;32;49m▀[38;2;98;32;49;48;2;49;49;57m▀▀[38;2;16;16;16m▀[38;2;203;150;8;48;2;16;16;16m▀[48;2;203;150;8m▀[38;2;49;49;57m▀[38;2;16;16;16;48;2;49;49;57m▀[38;2;203;150;8;48;2;16;16;16m▀[38;2;16;16;16m▀[48;2;49;49;57m▀▀[38;2;148;0;65;48;2;16;16;16m▀▀▀▀[38;2;16;16;16m▀[48;2;49;49;57m▀▀▀[48;2;16;16;16m▀[48;2;49;49;57m▀[38;2;49;49;57m▀[48;2;16;16;16m▀[38;2;16;16;16;49m▀[38;2;49;49;57;48;2;16;16;16m▀[38;2;16;16;16;49m▀[0m
[0m    [38;2;16;16;16;48;2;16;16;16m▀[38;2;49;49;57;48;2;49;49;57m▀[38;2;16;16;16m▀[38;2;98;32;49;48;2;16;16;16m▀[38;2;148;0;65m▀[38;2;16;16;16;49m▀[38;2;49;49;57m▀[38;2;16;16;16m▀▀[0m [38;2;16;16;16m▀▀▀▀[0m [38;2;16;16;16m▀[38;2;49;49;57;48;2;16;16;16m▀[48;2;49;49;57m▀▀▀[38;2;16;16;16;48;2;16;16;16m▀[0m [38;2;16;16;16;48;2;16;16;16m▀[38;2;49;49;57m▀[38;2;16;16;16;49m▀[0m [38;2;16;16;16m▀▀[0m
[0m     [38;2;16;16;16m▀[38;2;49;49;57m▀[0m             [38;2;16;16;16;48;2;16;16;16m▀[38;2;49;49;57m▀[49m▀[38;2;16;16;16m▀[0m
