[0m                          [38;2;90;74;98m▄▄[48;2;131;115;156m▀▀[48;2;0;0;0m▀[0m
[0m                        [38;2;90;74;98m▄[48;2;131;115;156m▀[38;2;131;115;156m▀[48;2;90;74;98m▀▀▀[38;2;0;0;0m▀[38;2;90;74;98;49m▄▄[0m
[0m            [38;2;90;74;98m▄[38;2;0;0;0m▄[0m     [38;2;131;115;156m▄▄[48;2;172;148;197m▀▀▀[38;2;172;148;197m▀▀▀▀▀▀[38;2;189;82;148m▀[38;2;197;24;90;48;2;189;82;148m▀[48;2;197;24;90m▀[38;2;90;74;98m▀▀▀[49m▄[0m
[0m         [38;2;0;0;0m▄▄[0m [38;2;90;74;98;48;2;90;74;98m▀[38;2;131;115;156;48;2;131;115;156m▀[38;2;0;0;0m▀[38;2;90;74;98;49m▄▄[38;2;131;115;156;48;2;172;148;197m▀▀[38;2;90;74;98;48;2;189;82;148m▀[48;2;197;24;90m▀▀▀[48;2;189;82;148m▀[48;2;172;148;197m▀[38;2;172;148;197;48;2;0;0;0m▀[38;2;0;0;0;48;2;131;115;156m▀[48;2;0;0;0m▀[38;2;172;148;197;48;2;131;115;156m▀[48;2;172;148;197m▀▀▀▀[38;2;189;82;148m▀[38;2;197;24;90m▀[48;2;189;82;148m▀▀[38;2;90;74;98;48;2;197;24;90m▀[48;2;0;0;0m▀[38;2;0;0;0;49m▄[38;2;90;74;98;48;2;131;115;156m▀▀▀[48;2;0;0;0m▀[0m
[38;2;90;74;98;49m▄▄[0m       [38;2;0;0;0m▀[38;2;172;148;197;48;2;0;0;0m▀[38;2;0;0;0;48;2;172;148;197m▀[38;2;131;115;156;48;2;0;0;0m▀[48;2;90;74;98m▀[38;2;0;0;0;48;2;172;148;197m▀[38;2;172;148;197m▀[48;2;189;82;148m▀[38;2;189;82;148;48;2;197;24;90m▀[38;2;197;24;90;48;2;189;82;148m▀[38;2;189;82;148;48;2;172;148;197m▀[38;2;172;148;197m▀[48;2;189;82;148m▀[38;2;189;82;148;48;2;197;24;90m▀[38;2;197;24;90m▀[38;2;189;82;148;48;2;90;74;98m▀[38;2;0;0;0m▀[38;2;131;115;156;48;2;131;115;156m▀▀[38;2;0;0;0;48;2;0;0;0m▀[38;2;90;74;98;48;2;172;148;197m▀[48;2;131;115;156m▀[38;2;172;148;197m▀[48;2;172;148;197m▀▀▀[48;2;90;74;98m▀[38;2;0;0;0;48;2;131;115;156m▀▀[38;2;131;115;156m▀▀▀▀[48;2;0;0;0m▀[38;2;0;0;0;49m▀[0m
[38;2;0;0;0;48;2;0;0;0m▀[38;2;172;148;197;48;2;172;148;197m▀[38;2;90;74;98m▀[49m▄[0m      [38;2;0;0;0m▀[38;2;172;148;197;48;2;65;65;82m▀[38;2;131;115;156m▀[38;2;0;0;0m▀[38;2;172;148;197;48;2;0;0;0m▀[48;2;172;148;197m▀[38;2;189;82;148m▀[38;2;197;24;90;48;2;189;82;148m▀[48;2;197;24;90m▀▀▀[48;2;189;82;148m▀▀[38;2;189;82;148;48;2;172;148;197m▀[38;2;0;0;0;48;2;0;0;0m▀[38;2;131;115;156;48;2;131;115;156m▀[48;2;90;74;98m▀[38;2;90;74;98;48;2;172;148;197m▀▀[38;2;172;148;197m▀▀[38;2;90;74;98m▀[38;2;172;148;197;48;2;90;74;98m▀[48;2;172;148;197m▀▀▀▀▀▀[38;2;131;115;156m▀▀[38;2;90;74;98;48;2;0;0;0m▀[48;2;131;115;156m▀[49m▄[0m
[0m [38;2;0;0;0;48;2;0;0;0m▀[38;2;172;148;197;48;2;172;148;197m▀[48;2;131;115;156m▀[38;2;90;74;98;48;2;65;65;82m▀[49m▄[0m     [38;2;0;0;0m▀[38;2;65;65;82;48;2;65;65;82m▀▀▀[38;2;0;0;0;48;2;172;148;197m▀[38;2;172;148;197;48;2;0;0;0m▀[48;2;172;148;197m▀▀▀▀▀▀▀[38;2;0;0;0;48;2;90;74;98m▀[38;2;131;115;156;48;2;172;148;197m▀[38;2;172;148;197m▀▀▀▀▀[48;2;131;115;156m▀[38;2;131;115;156;48;2;47;47;52m▀▀[38;2;172;148;197;48;2;65;65;82m▀▀▀[48;2;172;148;197m▀▀▀▀▀[38;2;131;115;156m▀[38;2;0;0;0;48;2;0;0;0m▀[38;2;90;74;98;49m▄[0m
[0m  [38;2;0;0;0;48;2;0;0;0m▀[38;2;131;115;156;48;2;65;65;82m▀[38;2;65;65;82m▀▀[38;2;90;74;98;48;2;131;115;156m▀[49m▄[0m   [38;2;90;74;98;48;2;90;74;98m▀[38;2;0;0;0;48;2;172;148;197m▀[38;2;65;65;82;48;2;65;65;82m▀[48;2;131;115;156m▀[38;2;172;148;197;48;2;172;148;197m▀▀[38;2;0;0;0;48;2;65;65;82m▀[38;2;172;148;197;48;2;0;0;0m▀[48;2;90;74;98m▀▀[48;2;131;115;156m▀[48;2;172;148;197m▀▀▀▀▀▀[48;2;47;47;52m▀[38;2;131;115;156;48;2;65;65;82m▀[38;2;47;47;52m▀[38;2;65;65;82m▀▀[38;2;47;47;52;48;2;47;47;52m▀[38;2;65;65;82;48;2;65;65;82m▀▀▀[38;2;47;47;52m▀[38;2;131;115;156m▀[38;2;172;148;197;48;2;131;115;156m▀[48;2;172;148;197m▀▀▀[38;2;47;47;52;48;2;90;74;98m▀[38;2;131;115;156;48;2;131;115;156m▀[38;2;90;74;98;48;2;0;0;0m▀[0m
[0m   [38;2;0;0;0;48;2;0;0;0m▀[38;2;65;65;82;48;2;65;65;82m▀[48;2;131;115;156m▀[38;2;172;148;197;48;2;172;148;197m▀[38;2;131;115;156;48;2;90;74;98m▀[38;2;90;74;98;48;2;0;0;0m▀[0m [38;2;90;74;98;48;2;90;74;98m▀[38;2;131;115;156;48;2;172;148;197m▀[38;2;172;148;197m▀[38;2;0;0;0m▀[38;2;172;148;197;48;2;0;0;0m▀[48;2;172;148;197m▀[48;2;131;115;156m▀[38;2;65;65;82;48;2;65;65;82m▀[38;2;0;0;0m▀[38;2;172;148;197;48;2;90;74;98m▀[48;2;172;148;197m▀[38;2;131;115;156m▀[38;2;90;74;98m▀▀[38;2;131;115;156;48;2;131;115;156m▀[38;2;172;148;197;48;2;90;74;98m▀[48;2;47;47;52m▀[38;2;47;47;52;48;2;65;65;82m▀[38;2;65;65;82m▀▀▀▀▀▀[38;2;47;47;52;48;2;47;47;52m▀[38;2;65;65;82;48;2;65;65;82m▀▀▀▀▀[38;2;172;148;197;48;2;47;47;52m▀[48;2;115;98;123m▀[38;2;90;74;98;48;2;47;47;52m▀[38;2;115;98;123;48;2;172;148;197m▀[38;2;172;148;197m▀[38;2;131;115;156;48;2;131;115;156m▀[38;2;90;74;98;48;2;0;0;0m▀[0m
[0m    [38;2;0;0;0m▀[38;2;172;148;197;48;2;0;0;0m▀[48;2;90;74;98m▀[38;2;65;65;82;48;2;65;65;82m▀[38;2;0;0;0m▀[49m▄[38;2;90;74;98;48;2;172;148;197m▀[38;2;172;148;197m▀▀▀[48;2;189;82;148m▀[38;2;0;0;0;48;2;0;0;0m▀[38;2;90;74;98;48;2;65;65;82m▀[38;2;65;65;82m▀▀[38;2;0;0;0m▀[38;2;172;148;197;48;2;0;0;0m▀[48;2;172;148;197m▀▀▀▀[48;2;131;115;156m▀[38;2;0;0;0;48;2;65;65;82m▀[38;2;65;65;82;48;2;0;0;0m▀[48;2;65;65;82m▀▀▀▀[48;2;47;47;52m▀[48;2;0;0;0m▀[38;2;47;47;52m▀[38;2;65;65;82;48;2;47;47;52m▀[48;2;65;65;82m▀▀▀▀[48;2;47;47;52m▀[38;2;47;47;52m▀[38;2;172;148;197;48;2;172;148;197m▀▀▀▀[38;2;0;0;0;48;2;131;115;156m▀[38;2;90;74;98;49m▄[0m
[0m     [38;2;0;0;0m▀[38;2;65;65;82;48;2;0;0;0m▀[48;2;65;65;82m▀[48;2;131;115;156m▀[38;2;172;148;197;48;2;172;148;197m▀[38;2;0;0;0m▀[38;2;90;74;98m▀[38;2;172;148;197;48;2;197;24;90m▀[38;2;189;82;148m▀[38;2;197;24;90;48;2;189;82;148m▀[48;2;172;148;197m▀[38;2;0;0;0;48;2;189;82;148m▀[38;2;65;65;82;48;2;0;0;0m▀[48;2;131;115;156m▀[38;2;131;115;156;48;2;172;148;197m▀[38;2;172;148;197m▀[38;2;90;74;98m▀▀[38;2;172;148;197m▀▀[38;2;65;65;82;48;2;65;65;82m▀▀▀[38;2;0;0;0m▀[38;2;65;65;82;48;2;47;47;52m▀[48;2;0;0;0m▀[38;2;0;0;0;48;2;47;47;52m▀[48;2;131;115;156m▀[48;2;90;74;98m▀[48;2;0;0;0m▀▀[38;2;47;47;52m▀[38;2;65;65;82;48;2;47;47;52m▀[38;2;47;47;52;48;2;65;65;82m▀▀[38;2;65;65;82m▀▀[38;2;131;115;156m▀[38;2;172;148;197;48;2;172;148;197m▀▀[48;2;131;115;156m▀[38;2;131;115;156m▀[38;2;0;0;0;48;2;0;0;0m▀[0m
[0m       [38;2;0;0;0m▀[38;2;172;148;197;48;2;0;0;0m▀[48;2;172;148;197m▀▀[48;2;131;115;156m▀[38;2;197;24;90;48;2;197;24;90m▀▀[38;2;172;148;197;48;2;172;148;197m▀▀▀[38;2;197;24;90;48;2;197;24;90m▀[38;2;0;0;0m▀[38;2;172;148;197;48;2;0;0;0m▀[48;2;172;148;197m▀▀▀[38;2;131;115;156;48;2;131;115;156m▀[38;2;172;148;197;48;2;172;148;197m▀[38;2;65;65;82;48;2;65;65;82m▀▀▀▀▀[38;2;0;0;0;48;2;0;0;0m▀[38;2;131;115;156;48;2;131;115;156m▀▀▀[38;2;90;74;98;48;2;90;74;98m▀[38;2;0;0;0;48;2;0;0;0m▀▀[38;2;47;47;52;48;2;47;47;52m▀[38;2;65;65;82;48;2;65;65;82m▀▀▀[48;2;47;47;52m▀[38;2;47;47;52m▀[38;2;172;148;197;48;2;131;115;156m▀[38;2;131;115;156m▀▀▀[38;2;0;0;0;48;2;0;0;0m▀[0m
[0m         [38;2;0;0;0;48;2;90;74;98m▀[38;2;172;148;197;48;2;0;0;0m▀[38;2;115;98;123;48;2;172;148;197m▀[38;2;197;24;90;48;2;189;82;148m▀[48;2;197;24;90m▀[38;2;172;148;197;48;2;189;82;148m▀[48;2;172;148;197m▀[48;2;189;82;148m▀[38;2;197;24;90;48;2;197;24;90m▀[48;2;189;82;148m▀[38;2;172;148;197;48;2;172;148;197m▀[38;2;0;0;0m▀[38;2;172;148;197;48;2;0;0;0m▀[38;2;131;115;156m▀[38;2;172;148;197;48;2;172;148;197m▀▀[38;2;65;65;82;48;2;65;65;82m▀▀▀▀[48;2;47;47;52m▀[38;2;0;0;0;48;2;0;0;0m▀[38;2;131;115;156;48;2;90;74;98m▀[38;2;90;74;98;48;2;0;0;0m▀[38;2;47;47;52m▀[38;2;230;172;16;48;2;255;255;0m▀[38;2;0;0;0;48;2;0;0;0m▀▀[38;2;47;47;52;48;2;47;47;52m▀▀▀▀▀▀[38;2;131;115;156;48;2;131;115;156m▀▀▀▀[38;2;0;0;0;48;2;0;0;0m▀[38;2;90;74;98;48;2;131;115;156m▀[48;2;115;98;123m▀[49m▄▄[0m
[0m         [38;2;90;74;98;48;2;0;0;0m▀[38;2;172;148;197;48;2;131;115;156m▀[48;2;172;148;197m▀▀[38;2;197;24;90m▀[48;2;189;82;148m▀[48;2;197;24;90m▀[48;2;189;82;148m▀[48;2;172;148;197m▀[38;2;172;148;197m▀▀▀▀▀▀[48;2;131;115;156m▀[38;2;65;65;82;48;2;47;47;52m▀▀[38;2;47;47;52m▀▀[48;2;0;0;0m▀[38;2;0;0;0;48;2;47;47;52m▀[38;2;255;255;0;48;2;0;0;0m▀[48;2;230;172;16m▀[38;2;0;0;0m▀[38;2;230;172;16;48;2;0;0;0m▀[38;2;0;0;0m▀▀[48;2;47;47;52m▀▀[38;2;47;47;52m▀[48;2;0;0;0m▀[48;2;47;47;52m▀[48;2;131;115;156m▀[38;2;131;115;156m▀▀▀[48;2;0;0;0m▀[38;2;90;74;98m▀[38;2;131;115;156m▀[48;2;131;115;156m▀[38;2;65;65;82;48;2;65;65;82m▀[38;2;131;115;156;48;2;131;115;156m▀[38;2;90;74;98m▀[48;2;65;65;82m▀[49m▄▄[0m
[0m          [38;2;90;74;98;48;2;0;0;0m▀[38;2;131;115;156;48;2;131;115;156m▀▀[38;2;172;148;197m▀▀▀▀▀▀▀▀[38;2;131;115;156m▀▀▀▀[38;2;90;74;98;48;2;115;98;123m▀[38;2;47;47;52;48;2;47;47;52m▀[48;2;0;0;0m▀[38;2;0;0;0;48;2;47;47;52m▀[38;2;47;47;52m▀▀▀[38;2;0;0;0m▀▀[48;2;0;0;0m▀▀[48;2;47;47;52m▀[38;2;47;47;52m▀▀▀▀[38;2;0;0;0m▀[38;2;115;98;123m▀[38;2;131;115;156;48;2;115;98;123m▀[48;2;131;115;156m▀▀[38;2;0;0;0;48;2;0;0;0m▀[0m  [38;2;0;0;0;48;2;0;0;0m▀[38;2;65;65;82;48;2;65;65;82m▀[38;2;131;115;156;48;2;131;115;156m▀▀[38;2;65;65;82;48;2;65;65;82m▀▀▀[38;2;90;74;98;48;2;131;115;156m▀[49m▄[0m
[0m          [38;2;0;0;0m▀[38;2;131;115;156;48;2;90;74;98m▀[48;2;131;115;156m▀▀▀▀▀▀▀▀▀▀▀▀[48;2;115;98;123m▀[38;2;90;74;98;48;2;131;115;156m▀[38;2;47;47;52m▀[48;2;47;47;52m▀▀▀▀▀▀▀▀[38;2;0;0;0;48;2;0;0;0m▀[38;2;47;47;52;48;2;47;47;52m▀▀▀▀[48;2;115;98;123m▀[38;2;115;98;123;48;2;131;115;156m▀[38;2;131;115;156m▀[38;2;47;47;52;48;2;90;74;98m▀[38;2;131;115;156m▀[38;2;0;0;0;48;2;0;0;0m▀[0m    [38;2;0;0;0m▀▀[38;2;90;74;98m▀[38;2;65;65;82;48;2;90;74;98m▀[48;2;0;0;0m▀▀[38;2;115;98;123m▀[38;2;131;115;156m▀[38;2;0;0;0m▀[0m
[0m        [38;2;90;74;98m▄▄▄[38;2;0;0;0;48;2;0;0;0m▀[38;2;90;74;98;48;2;131;115;156m▀[38;2;131;115;156;48;2;90;74;98m▀▀▀▀▀▀▀▀[38;2;115;98;123;48;2;131;115;156m▀[38;2;90;74;98m▀▀[38;2;131;115;156;48;2;115;98;123m▀[48;2;90;74;98m▀[48;2;115;98;123m▀[48;2;131;115;156m▀[38;2;47;47;52m▀▀[48;2;90;74;98m▀[48;2;47;47;52m▀▀▀[48;2;0;0;0m▀[38;2;0;0;0;48;2;47;47;52m▀[38;2;47;47;52m▀[48;2;131;115;156m▀▀[38;2;115;98;123m▀[38;2;131;115;156m▀▀▀[48;2;115;98;123m▀[38;2;0;0;0;48;2;0;0;0m▀[0m
[0m        [38;2;0;0;0m▀[38;2;131;115;156;48;2;0;0;0m▀[48;2;131;115;156m▀[38;2;90;74;98m▀[48;2;0;0;0m▀[38;2;131;115;156;48;2;131;115;156m▀▀▀[48;2;148;57;115m▀[38;2;148;57;115;48;2;164;0;82m▀[38;2;164;0;82m▀[38;2;148;57;115m▀[38;2;131;115;156m▀[48;2;148;57;115m▀[38;2;90;74;98;48;2;0;0;0m▀[48;2;131;115;156m▀[38;2;115;98;123m▀[38;2;131;115;156m▀[38;2;90;74;98m▀[38;2;131;115;156;48;2;90;74;98m▀[48;2;131;115;156m▀▀▀▀▀[38;2;115;98;123;48;2;47;47;52m▀[38;2;0;0;0;48;2;115;98;123m▀[38;2;131;115;156;48;2;131;115;156m▀▀▀▀▀[48;2;115;98;123m▀[48;2;90;74;98m▀[38;2;90;74;98;48;2;131;115;156m▀[38;2;0;0;0;48;2;0;0;0m▀[0m
[0m          [38;2;0;0;0m▀▀[38;2;131;115;156;48;2;0;0;0m▀[38;2;90;74;98m▀[38;2;131;115;156;48;2;90;74;98m▀[48;2;131;115;156m▀[38;2;164;0;82;48;2;164;0;82m▀▀[38;2;148;57;115;48;2;131;115;156m▀[38;2;131;115;156m▀[38;2;148;57;115m▀[38;2;164;0;82;48;2;164;0;82m▀[38;2;148;57;115m▀[38;2;0;0;0;48;2;131;115;156m▀[38;2;131;115;156;48;2;0;0;0m▀▀[48;2;131;115;156m▀▀[38;2;90;74;98m▀[38;2;115;98;123;48;2;0;0;0m▀[38;2;131;115;156;48;2;131;115;156m▀▀[48;2;90;74;98m▀[38;2;47;47;52;48;2;115;98;123m▀[38;2;131;115;156;48;2;131;115;156m▀▀▀▀[38;2;90;74;98;48;2;0;0;0m▀[48;2;131;115;156m▀[38;2;115;98;123m▀[38;2;131;115;156m▀[48;2;90;74;98m▀[38;2;0;0;0;49m▀[0m
[0m              [38;2;0;0;0m▀▀[38;2;90;74;98m▀[38;2;164;0;82;48;2;0;0;0m▀[48;2;164;0;82m▀[38;2;131;115;156m▀▀[38;2;164;0;82m▀▀[38;2;148;57;115m▀[38;2;131;115;156;48;2;131;115;156m▀▀[38;2;0;0;0m▀▀▀[38;2;131;115;156m▀[48;2;115;98;123m▀[38;2;115;98;123;48;2;90;74;98m▀[38;2;90;74;98;48;2;131;115;156m▀[38;2;131;115;156m▀▀[48;2;115;98;123m▀[48;2;164;0;82m▀[38;2;115;98;123m▀[38;2;164;0;82;48;2;0;0;0m▀[38;2;0;0;0;49m▀[38;2;131;115;156;48;2;0;0;0m▀[48;2;131;115;156m▀[38;2;0;0;0;48;2;0;0;0m▀[0m
[0m                   [38;2;0;0;0m▀▀[38;2;164;0;82m▀[48;2;0;0;0m▀[38;2;90;74;98m▀[38;2;131;115;156m▀[48;2;90;74;98m▀▀▀[38;2;115;98;123m▀[38;2;90;74;98;48;2;131;115;156m▀▀[38;2;131;115;156m▀[48;2;115;98;123m▀[48;2;0;0;0m▀[38;2;164;0;82m▀▀[48;2;90;74;98m▀[38;2;0;0;0;49m▀[0m  [38;2;0;0;0m▀▀[0m
[0m                         [38;2;0;0;0m▀▀▀▀▀▀▀[38;2;90;74;98m▀[0m
