[0m                 [38;2;115;139;115m▄▄[48;2;148;180;164m▀[48;2;222;230;238m▀▀▀▀▀[38;2;16;16;16m▀▀▀[49m▄▄[0m
[0m             [38;2;115;139;115m▄▄[38;2;74;90;82m▄[38;2;115;139;115;48;2;148;180;164m▀[38;2;222;230;238;48;2;222;230;238m▀▀▀▀▀▀▀▀▀▀▀▀▀[38;2;16;16;16m▀[49m▄[0m
[0m            [38;2;115;139;115;48;2;115;139;115m▀[38;2;148;180;164;48;2;222;230;238m▀[38;2;222;230;238m▀▀▀[38;2;148;180;164m▀[38;2;222;230;238m▀▀▀▀▀▀▀▀▀▀[48;2;148;180;164m▀[48;2;222;230;238m▀[38;2;148;180;164m▀[38;2;115;139;115m▀[38;2;16;16;16m▀[48;2;148;180;164m▀[49m▄[0m
[0m           [38;2;74;90;82;48;2;74;90;82m▀[38;2;222;230;238;48;2;222;230;238m▀▀▀[38;2;148;180;164;48;2;115;139;115m▀[38;2;222;230;238;48;2;222;230;238m▀[48;2;115;139;115m▀[48;2;222;230;238m▀▀▀▀▀▀▀▀[48;2;148;180;164m▀[48;2;222;230;238m▀▀[38;2;148;180;164;48;2;74;90;82m▀[38;2;222;230;238;48;2;222;230;238m▀▀▀▀[38;2;148;180;164m▀[38;2;16;16;16;48;2;16;16;16m▀[0m
[0m [38;2;74;90;82m▄▄[0m     [38;2;74;90;82m▄▄[38;2;115;139;115;48;2;255;255;255m▀[38;2;74;90;82m▀[38;2;115;139;115;48;2;74;90;82m▀[38;2;222;230;238;48;2;115;139;115m▀[48;2;222;230;238m▀▀[38;2;115;139;115;48;2;115;139;115m▀[38;2;222;230;238;48;2;222;230;238m▀▀▀▀▀▀▀▀▀▀[38;2;115;139;115;48;2;74;90;82m▀[38;2;74;90;82;48;2;115;139;115m▀[38;2;222;230;238;48;2;148;180;164m▀[48;2;222;230;238m▀▀▀[48;2;148;180;164m▀[48;2;16;16;16m▀[38;2;16;16;16;48;2;115;139;115m▀[38;2;65;123;65;48;2;82;164;74m▀▀▀▀[49m▄▄▄[0m
[38;2;74;90;82;48;2;74;90;82m▀[38;2;82;164;74;48;2;82;164;74m▀[38;2;65;123;65m▀[38;2;74;90;82m▀[48;2;65;123;65m▀[49m▄[48;2;24;74;24m▀[38;2;24;74;24;48;2;255;255;255m▀[38;2;255;255;255m▀▀▀▀▀[38;2;74;90;82m▀▀[38;2;115;139;115m▀[38;2;74;90;82;48;2;74;90;82m▀[38;2;222;230;238;48;2;148;180;164m▀[48;2;222;230;238m▀▀▀▀▀▀▀▀[48;2;115;139;115m▀[38;2;74;90;82;48;2;74;90;82m▀[38;2;255;255;255;48;2;255;255;255m▀[38;2;115;139;115m▀[38;2;16;16;16m▀▀▀[38;2;115;139;115m▀[38;2;255;255;255m▀▀[38;2;115;139;115m▀▀[38;2;82;164;74;48;2;74;90;82m▀[48;2;82;164;74m▀▀▀▀[38;2;65;123;65;48;2;74;90;82m▀[38;2;74;90;82;48;2;82;164;74m▀▀▀[38;2;16;16;16m▀▀[49m▄[0m
[38;2;74;90;82;48;2;16;16;16m▀[38;2;82;164;74;48;2;82;164;74m▀▀▀▀▀[38;2;65;123;65m▀▀[38;2;24;74;24m▀▀[38;2;255;255;255;48;2;24;74;24m▀▀▀[38;2;205;205;213;48;2;255;255;255m▀[38;2;255;255;255;48;2;205;205;213m▀[48;2;172;106;16m▀[48;2;205;205;213m▀[38;2;74;90;82;48;2;255;255;255m▀[38;2;148;180;164;48;2;74;90;82m▀[38;2;222;230;238m▀▀▀▀▀[38;2;115;139;115m▀[38;2;74;90;82;48;2;205;205;213m▀[48;2;172;106;16m▀[38;2;255;255;255;48;2;205;205;213m▀[48;2;255;255;255m▀[38;2;205;205;213m▀[38;2;255;255;255;48;2;205;205;213m▀▀[48;2;255;255;255m▀▀▀▀[48;2;115;139;115m▀[48;2;74;90;82m▀▀[38;2;74;90;82;48;2;65;123;65m▀[38;2;82;164;74;48;2;82;164;74m▀▀[38;2;65;123;65m▀[38;2;82;164;74m▀▀▀▀▀[48;2;16;16;16m▀[38;2;16;16;16;49m▀[0m
[38;2;16;16;16;49m▀[38;2;65;123;65;48;2;16;16;16m▀[38;2;82;164;74;48;2;82;164;74m▀[48;2;65;123;65m▀[48;2;82;164;74m▀▀▀▀▀▀▀▀[38;2;115;139;115;48;2;205;205;213m▀[38;2;255;255;255;48;2;255;255;255m▀[38;2;172;106;16;48;2;230;131;0m▀[38;2;255;255;255;48;2;255;255;255m▀[38;2;172;106;16;48;2;230;131;0m▀[38;2;255;255;255;48;2;255;255;255m▀▀▀▀▀▀▀▀[38;2;172;106;16;48;2;230;131;0m▀[38;2;255;255;255;48;2;255;255;255m▀[38;2;172;106;16;48;2;230;131;0m▀[38;2;255;255;255;48;2;255;255;255m▀▀▀[38;2;16;16;16;48;2;16;16;16m▀[38;2;74;90;82;48;2;65;123;65m▀[48;2;82;164;74m▀▀▀[38;2;82;164;74m▀▀▀▀▀▀▀▀▀▀▀[48;2;74;90;82m▀[38;2;16;16;16;49m▀[0m
[0m [38;2;16;16;16m▀[38;2;65;123;65;48;2;16;16;16m▀[38;2;74;90;82;49m▀[38;2;65;123;65;48;2;74;90;82m▀[38;2;82;164;74;48;2;82;164;74m▀▀▀▀▀▀[38;2;115;139;115;48;2;115;139;115m▀[38;2;255;255;255;48;2;255;255;255m▀▀[38;2;172;106;16;48;2;16;16;16m▀[38;2;230;131;0;48;2;230;131;0m▀[38;2;172;106;16;48;2;16;16;16m▀[38;2;255;255;255;48;2;255;255;255m▀▀▀▀▀▀▀▀[38;2;172;106;16;48;2;16;16;16m▀[38;2;230;131;0;48;2;230;131;0m▀[38;2;172;106;16;48;2;16;16;16m▀[38;2;255;255;255;48;2;255;255;255m▀▀[48;2;115;139;115m▀[38;2;205;205;213m▀[38;2;16;16;16;48;2;16;16;16m▀[38;2;82;164;74;48;2;65;123;65m▀[48;2;82;164;74m▀▀▀▀▀▀▀▀▀▀▀[48;2;65;123;65m▀[38;2;65;123;65;48;2;16;16;16m▀[38;2;16;16;16;49m▀[0m
[0m    [38;2;74;90;82m▀[38;2;65;123;65;48;2;74;90;82m▀[38;2;82;164;74m▀[48;2;82;164;74m▀[48;2;65;123;65m▀▀[38;2;65;123;65;48;2;74;90;82m▀[38;2;74;90;82;48;2;148;180;164m▀[48;2;222;230;238m▀[38;2;115;139;115;48;2;148;180;164m▀[38;2;205;205;213;48;2;115;139;115m▀[38;2;16;16;16m▀[38;2;205;205;213;48;2;255;255;255m▀[38;2;255;255;255;48;2;74;90;82m▀[48;2;115;139;115m▀[38;2;115;139;115;48;2;222;230;238m▀▀▀▀[38;2;255;255;255;48;2;115;139;115m▀[48;2;74;90;82m▀[38;2;205;205;213;48;2;255;255;255m▀[38;2;16;16;16;48;2;115;139;115m▀[38;2;205;205;213m▀[38;2;255;255;255m▀[38;2;115;139;115;48;2;222;230;238m▀[38;2;148;180;164m▀[38;2;222;230;238m▀▀[38;2;16;16;16m▀[38;2;65;123;65;48;2;16;16;16m▀[38;2;82;164;74m▀[48;2;65;123;65m▀[48;2;82;164;74m▀[38;2;65;123;65;48;2;16;16;16m▀[38;2;82;164;74;48;2;82;164;74m▀[48;2;65;123;65m▀[38;2;65;123;65;48;2;24;74;24m▀[38;2;82;164;74;48;2;82;164;74m▀[48;2;16;16;16m▀[38;2;16;16;16;49m▀▀[0m
[0m       [38;2;74;90;82m▀▀[38;2;16;16;16;48;2;16;16;16m▀[38;2;148;180;164;48;2;148;180;164m▀[38;2;222;230;238;48;2;222;230;238m▀▀[38;2;115;139;115m▀[38;2;222;230;238m▀▀[38;2;74;90;82m▀[38;2;222;230;238m▀▀▀▀▀▀▀▀[38;2;74;90;82m▀[38;2;222;230;238m▀▀▀[38;2;115;139;115m▀[38;2;222;230;238m▀[48;2;148;180;164m▀▀[38;2;148;180;164m▀▀[48;2;74;90;82m▀[38;2;16;16;16;49m▀▀[0m [38;2;16;16;16m▀[38;2;24;74;24m▀[0m [38;2;16;16;16m▀[0m
[0m         [38;2;16;16;16m▀[38;2;115;139;115;48;2;16;16;16m▀[38;2;148;180;164;48;2;74;90;82m▀[38;2;222;230;238;48;2;115;139;115m▀[38;2;148;180;164;48;2;74;90;82m▀[38;2;222;230;238;48;2;148;180;164m▀[48;2;222;230;238m▀[38;2;148;180;164;48;2;148;180;164m▀[38;2;222;230;238;48;2;222;230;238m▀▀▀▀▀▀▀[48;2;148;180;164m▀[38;2;148;180;164m▀[38;2;222;230;238m▀▀▀[48;2;115;139;115m▀[38;2;148;180;164;48;2;148;180;164m▀▀▀▀[48;2;16;16;16m▀[38;2;74;90;82;49m▀[0m
[0m            [38;2;74;90;82;48;2;16;16;16m▀[38;2;148;180;164;48;2;115;139;115m▀[48;2;148;180;164m▀▀[48;2;115;139;115m▀▀[38;2;222;230;238;48;2;148;180;164m▀▀▀▀▀[38;2;148;180;164m▀▀▀[48;2;115;139;115m▀[48;2;148;180;164m▀▀▀[38;2;115;139;115m▀[38;2;16;16;16;48;2;16;16;16m▀[49m▀▀[0m
[0m             [38;2;16;16;16m▀[38;2;115;139;115;48;2;16;16;16m▀[38;2;148;180;164m▀▀[38;2;74;90;82;49m▀[38;2;115;139;115;48;2;74;90;82m▀[38;2;148;180;164;48;2;16;16;16m▀▀▀▀▀[38;2;115;139;115;48;2;74;90;82m▀[38;2;74;90;82;49m▀[38;2;16;16;16m▀[38;2;148;180;164;48;2;16;16;16m▀▀▀[38;2;16;16;16;49m▀[0m
