[0m                    [38;2;172;148;90m▄[48;2;230;222;205m▀[38;2;109;87;65m▀[48;2;197;180;139m▀[49m▄[0m  [38;2;172;148;90m▄▄[48;2;230;222;205m▀▀▀▀▀▀[49m▄▄[0m
[0m                   [38;2;172;148;90;48;2;172;148;90m▀[38;2;230;222;205;48;2;230;222;205m▀▀▀▀[38;2;109;87;65;48;2;109;87;65m▀[38;2;172;148;90;48;2;197;180;139m▀[48;2;230;222;205m▀[38;2;230;222;205m▀▀▀▀▀▀▀▀▀▀[38;2;172;148;90m▀▀[49m▄[0m
[0m           [38;2;109;87;65m▄▄[48;2;230;222;205m▀▀▀▀▀[49m▄[38;2;172;148;90;48;2;109;87;65m▀[38;2;230;222;205;48;2;172;148;90m▀[48;2;230;222;205m▀▀[48;2;197;180;139m▀[38;2;197;180;139;48;2;230;222;205m▀[38;2;230;222;205m▀▀▀▀▀▀▀▀▀▀▀▀▀▀▀[38;2;172;148;90m▀[49m▄[0m
[0m        [38;2;172;148;90m▄[48;2;230;222;205m▀[38;2;109;87;65m▀[38;2;230;222;205m▀▀▀▀▀▀▀▀▀▀▀▀▀▀▀▀▀▀▀▀▀▀▀▀▀▀▀▀▀▀▀[38;2;172;148;90;48;2;172;148;90m▀[38;2;109;87;65;49m▄[48;2;230;222;205m▀▀[49m▄[0m
[0m      [38;2;172;148;90m▄[48;2;230;222;205m▀[38;2;230;222;205m▀▀▀▀▀▀▀▀▀▀▀▀▀▀▀▀▀▀▀▀▀▀▀[48;2;172;148;90m▀▀[48;2;230;222;205m▀▀▀▀▀▀▀▀▀[38;2;109;87;65;48;2;197;180;139m▀[38;2;230;222;205;48;2;230;222;205m▀▀▀[38;2;109;87;65;48;2;16;16;16m▀[0m
[0m     [38;2;109;87;65m▄[48;2;230;222;205m▀[38;2;230;222;205m▀▀▀▀▀▀▀▀▀▀[48;2;172;148;90m▀▀[48;2;230;222;205m▀▀▀▀▀▀▀▀▀▀[48;2;172;148;90m▀[38;2;172;148;90;48;2;230;222;205m▀[38;2;230;222;205m▀▀[38;2;172;148;90;48;2;172;148;90m▀[38;2;230;222;205;48;2;230;222;205m▀▀▀▀▀▀▀▀▀▀▀[38;2;109;87;65m▀▀▀[49m▄▄[0m
[0m     [38;2;109;87;65;48;2;109;87;65m▀[38;2;230;222;205;48;2;230;222;205m▀▀▀▀▀▀▀▀▀▀[38;2;172;148;90;48;2;172;148;90m▀[38;2;230;222;205;48;2;230;222;205m▀▀[38;2;172;148;90m▀[38;2;230;222;205;48;2;172;148;90m▀[48;2;230;222;205m▀▀▀▀▀▀▀▀[38;2;197;180;139m▀[38;2;230;222;205m▀▀[38;2;172;148;90m▀[38;2;16;16;16m▀▀[38;2;230;222;205;48;2;109;87;65m▀▀[48;2;230;222;205m▀▀▀▀▀▀▀▀▀▀▀▀▀[38;2;109;87;65m▀[49m▄[0m
[0m     [38;2;109;87;65;48;2;109;87;65m▀[38;2;230;222;205;48;2;230;222;205m▀▀▀▀▀▀▀▀▀[48;2;109;87;65m▀[38;2;109;87;65;48;2;230;222;205m▀[38;2;172;148;90m▀[38;2;230;222;205m▀▀▀▀▀▀▀▀▀▀▀▀▀▀▀▀▀▀[38;2;172;148;90m▀[38;2;109;87;65;48;2;16;16;16m▀[38;2;230;222;205;48;2;230;222;205m▀▀▀▀▀▀▀▀▀▀▀▀▀▀[38;2;109;87;65;48;2;109;87;65m▀[0m
[0m     [38;2;109;87;65m▀[38;2;230;222;205;48;2;109;87;65m▀[48;2;230;222;205m▀▀▀▀▀▀▀[38;2;109;87;65;48;2;109;87;65m▀[38;2;230;222;205;48;2;230;222;205m▀▀▀[48;2;172;148;90m▀[48;2;230;222;205m▀▀▀[48;2;197;180;139m▀[48;2;230;222;205m▀▀▀▀▀▀▀[48;2;197;180;139m▀[48;2;230;222;205m▀▀[38;2;172;148;90m▀[38;2;230;222;205;48;2;109;87;65m▀[48;2;230;222;205m▀[48;2;109;87;65m▀[38;2;16;16;16;48;2;24;74;24m▀[38;2;230;222;205m▀[48;2;230;222;205m▀▀▀▀▀▀▀▀▀▀▀▀▀▀[38;2;109;87;65;48;2;109;87;65m▀[0m
[0m     [38;2;109;87;65m▄[48;2;197;180;139m▀[38;2;197;180;139;48;2;230;222;205m▀[38;2;230;222;205m▀▀▀▀▀▀[38;2;109;87;65m▀[38;2;230;222;205;48;2;109;87;65m▀[48;2;230;222;205m▀[38;2;172;148;90;48;2;172;148;90m▀[38;2;230;222;205;48;2;230;222;205m▀▀▀[38;2;172;148;90;48;2;172;148;90m▀[38;2;230;222;205;48;2;230;222;205m▀▀▀▀▀▀▀▀▀[38;2;109;87;65m▀[38;2;230;222;205;48;2;109;87;65m▀[48;2;230;222;205m▀▀[38;2;16;16;16;48;2;16;16;16m▀[38;2;65;123;65;48;2;65;123;65m▀▀▀[38;2;24;74;24m▀▀[38;2;230;222;205;48;2;24;74;24m▀[48;2;230;222;205m▀▀▀▀▀▀▀▀▀▀▀▀[38;2;109;87;65;48;2;109;87;65m▀[0m
[0m   [38;2;172;148;90m▄[38;2;109;87;65;48;2;230;222;205m▀[38;2;230;222;205m▀▀▀▀▀▀▀▀▀[48;2;24;74;24m▀[38;2;24;74;24;48;2;65;123;65m▀[38;2;16;16;16m▀[38;2;109;87;65;48;2;16;16;16m▀[38;2;230;222;205;48;2;172;148;90m▀[48;2;230;222;205m▀[38;2;109;87;65;48;2;109;87;65m▀[38;2;230;222;205;48;2;230;222;205m▀▀▀▀▀▀▀▀▀▀▀[38;2;109;87;65;48;2;16;16;16m▀[38;2;230;222;205m▀[38;2;16;16;16;48;2;148;106;65m▀[38;2;65;123;65;48;2;65;123;65m▀▀▀[48;2;82;164;74m▀[38;2;82;164;74m▀▀▀[38;2;24;74;24;48;2;24;74;24m▀[38;2;230;222;205;48;2;230;222;205m▀▀▀▀▀▀▀▀▀▀▀[38;2;16;16;16;48;2;16;16;16m▀[0m
[0m  [38;2;172;148;90;48;2;109;87;65m▀[38;2;230;222;205;48;2;230;222;205m▀▀▀▀▀▀▀▀▀▀[38;2;24;74;24;48;2;24;74;24m▀[38;2;65;123;65;48;2;65;123;65m▀▀▀▀[38;2;16;16;16;48;2;82;57;41m▀[48;2;148;106;65m▀▀[38;2;230;222;205;48;2;16;16;16m▀[48;2;230;222;205m▀▀▀▀▀▀▀▀[48;2;16;16;16m▀[38;2;16;16;16;48;2;148;106;65m▀[38;2;148;106;65m▀▀▀[48;2;24;74;24m▀[38;2;65;123;65;48;2;65;123;65m▀[38;2;24;74;24;48;2;82;164;74m▀▀▀[38;2;82;164;74;48;2;24;74;24m▀[48;2;82;164;74m▀▀[38;2;24;74;24;48;2;24;74;24m▀[38;2;230;222;205;48;2;230;222;205m▀▀▀▀▀▀▀▀▀▀[38;2;16;16;16;48;2;16;16;16m▀[0m
[0m [38;2;172;148;90;48;2;109;87;65m▀[38;2;230;222;205;48;2;230;222;205m▀▀▀▀▀▀▀▀▀▀[38;2;24;74;24;48;2;24;74;24m▀[38;2;65;123;65;48;2;82;164;74m▀[38;2;82;164;74m▀▀[38;2;65;123;65m▀[38;2;82;57;41;48;2;82;57;41m▀[38;2;148;106;65;48;2;148;106;65m▀▀▀[48;2;82;57;41m▀[38;2;16;16;16m▀[48;2;148;106;65m▀[38;2;230;222;205;48;2;16;16;16m▀▀▀▀[38;2;16;16;16;48;2;148;106;65m▀▀[38;2;148;106;65;48;2;82;57;41m▀[38;2;82;57;41;48;2;172;106;16m▀[48;2;109;87;65m▀[38;2;148;106;65;48;2;82;57;41m▀[38;2;24;74;24;48;2;24;74;24m▀[38;2;65;123;65;48;2;82;164;74m▀[38;2;82;164;74m▀▀▀▀▀[38;2;24;74;24;48;2;24;74;24m▀[38;2;65;123;65;48;2;65;123;65m▀▀[38;2;16;16;16;48;2;16;16;16m▀[38;2;230;222;205;48;2;230;222;205m▀▀▀▀▀▀▀▀▀[38;2;16;16;16;48;2;16;16;16m▀[0m
[38;2;109;87;65;49m▄[48;2;230;222;205m▀[38;2;230;222;205m▀▀▀▀▀▀▀▀▀[48;2;24;74;24m▀[38;2;24;74;24;48;2;82;164;74m▀[38;2;82;164;74m▀[48;2;24;74;24m▀[38;2;24;74;24m▀[48;2;82;164;74m▀▀[48;2;65;123;65m▀[38;2;148;106;65;48;2;24;74;24m▀[38;2;82;57;41;48;2;82;57;41m▀[38;2;172;106;16;48;2;255;255;255m▀[38;2;109;87;65;48;2;230;131;0m▀[38;2;82;57;41;48;2;82;57;41m▀[38;2;148;106;65;48;2;148;106;65m▀▀▀▀▀▀[38;2;82;57;41;48;2;16;16;16m▀[38;2;255;255;255;48;2;230;131;0m▀[38;2;230;131;0m▀[38;2;82;57;41;48;2;16;16;16m▀[38;2;24;74;24;48;2;24;74;24m▀[38;2;82;164;74;48;2;82;164;74m▀▀▀▀[48;2;65;123;65m▀[48;2;24;74;24m▀[38;2;24;74;24;48;2;65;123;65m▀[38;2;65;123;65m▀[48;2;24;74;24m▀[38;2;16;16;16;48;2;230;222;205m▀[38;2;230;222;205m▀▀▀▀▀▀▀▀[38;2;109;87;65;48;2;16;16;16m▀[0m
[38;2;109;87;65;48;2;109;87;65m▀[38;2;230;222;205;48;2;230;222;205m▀▀▀▀▀▀▀▀▀▀[38;2;16;16;16;48;2;16;16;16m▀[38;2;82;164;74;48;2;82;164;74m▀▀[38;2;16;16;16;48;2;16;16;16m▀[38;2;82;164;74;48;2;82;164;74m▀▀▀▀[38;2;24;74;24;48;2;65;123;65m▀[38;2;16;16;16;48;2;24;74;24m▀[38;2;230;131;0;48;2;109;87;65m▀[48;2;172;106;16m▀[38;2;16;16;16;48;2;16;16;16m▀[38;2;148;106;65;48;2;148;106;65m▀▀▀▀▀▀[38;2;16;16;16m▀[38;2;109;87;65;48;2;16;16;16m▀[38;2;172;106;16m▀[38;2;16;16;16;48;2;148;106;65m▀[38;2;24;74;24m▀[38;2;82;164;74;48;2;24;74;24m▀[48;2;82;164;74m▀▀▀[48;2;65;123;65m▀[38;2;65;123;65m▀▀[48;2;16;16;16m▀[38;2;16;16;16;48;2;230;222;205m▀[38;2;230;222;205m▀▀▀▀▀▀▀▀[48;2;16;16;16m▀[38;2;16;16;16;49m▀[0m
[38;2;109;87;65;48;2;109;87;65m▀[38;2;230;222;205;48;2;230;222;205m▀▀▀▀▀▀▀▀▀▀[38;2;16;16;16;48;2;16;16;16m▀[38;2;82;164;74;48;2;65;123;65m▀[48;2;82;164;74m▀[38;2;16;16;16;48;2;65;123;65m▀[38;2;82;164;74;48;2;24;74;24m▀[48;2;82;164;74m▀▀[48;2;65;123;65m▀[38;2;65;123;65m▀[38;2;24;74;24;48;2;24;74;24m▀[38;2;16;16;16;48;2;148;106;65m▀▀[38;2;148;106;65;48;2;82;57;41m▀▀▀▀[38;2;109;87;65m▀[38;2;82;57;41;48;2;172;74;98m▀▀▀[48;2;16;16;16m▀[38;2;148;106;65;48;2;148;106;65m▀▀▀[38;2;16;16;16;48;2;16;16;16m▀[38;2;24;74;24;48;2;197;180;139m▀[38;2;65;123;65;48;2;16;16;16m▀▀▀[38;2;16;16;16;48;2;197;180;139m▀▀[38;2;230;222;205m▀▀▀[48;2;230;222;205m▀▀▀▀[48;2;197;180;139m▀▀[38;2;197;180;139;48;2;16;16;16m▀[38;2;16;16;16;49m▀[0m
[0m [38;2;109;87;65;48;2;109;87;65m▀[38;2;230;222;205;48;2;230;222;205m▀▀▀▀▀▀▀▀▀▀[38;2;24;74;24;48;2;16;16;16m▀[38;2;65;123;65;48;2;65;123;65m▀▀▀▀▀▀[38;2;24;74;24;48;2;24;74;24m▀[38;2;148;106;65;48;2;16;16;16m▀[48;2;148;106;65m▀▀[38;2;16;16;16;48;2;109;87;65m▀[38;2;172;74;98;48;2;82;57;41m▀▀[48;2;109;87;65m▀[48;2;197;180;139m▀▀[48;2;109;87;65m▀[48;2;82;57;41m▀[38;2;82;57;41;48;2;172;148;90m▀[38;2;148;106;65;48;2;197;180;139m▀▀[38;2;16;16;16;48;2;82;57;41m▀[38;2;197;180;139m▀▀▀[48;2;197;180;139m▀▀▀▀▀▀▀▀▀▀▀▀[38;2;109;87;65m▀▀[49m▄[0m
[0m [38;2;109;87;65m▀[38;2;197;180;139;48;2;109;87;65m▀[38;2;230;222;205;48;2;197;180;139m▀▀[48;2;230;222;205m▀▀▀▀▀[48;2;197;180;139m▀▀▀[38;2;16;16;16m▀[38;2;65;123;65;48;2;24;74;24m▀[48;2;16;16;16m▀▀▀[38;2;24;74;24;48;2;197;180;139m▀[38;2;197;180;139m▀[48;2;109;87;65m▀[38;2;16;16;16m▀[38;2;109;87;65;48;2;230;222;205m▀[38;2;230;222;205m▀▀[38;2;109;87;65m▀[38;2;230;222;205m▀▀▀[38;2;197;180;139m▀[38;2;109;87;65m▀[38;2;230;222;205m▀▀▀▀[38;2;82;57;41;48;2;82;57;41m▀[38;2;148;106;65;48;2;148;106;65m▀[48;2;109;87;65m▀[38;2;82;57;41;48;2;16;16;16m▀[38;2;197;180;139;48;2;197;180;139m▀▀▀▀▀▀▀▀▀▀[48;2;109;87;65m▀[48;2;197;180;139m▀▀▀[38;2;109;87;65;48;2;16;16;16m▀[0m
[0m  [38;2;109;87;65m▀[38;2;197;180;139;48;2;109;87;65m▀[48;2;197;180;139m▀▀▀[48;2;230;222;205m▀[38;2;230;222;205;48;2;197;180;139m▀[38;2;197;180;139;48;2;230;222;205m▀[38;2;230;222;205;48;2;197;180;139m▀[38;2;197;180;139;48;2;230;222;205m▀[48;2;197;180;139m▀▀▀▀▀▀[38;2;82;57;41;48;2;16;16;16m▀[38;2;109;87;65;48;2;148;106;65m▀[38;2;148;106;65m▀[38;2;109;87;65m▀[38;2;197;180;139;48;2;16;16;16m▀[38;2;230;222;205m▀[48;2;197;180;139m▀[48;2;230;222;205m▀▀▀▀[48;2;172;148;90m▀[48;2;230;222;205m▀▀[38;2;172;148;90;48;2;16;16;16m▀[38;2;230;222;205m▀[38;2;16;16;16;48;2;82;57;41m▀[38;2;148;106;65m▀[38;2;82;57;41;48;2;197;180;139m▀[38;2;16;16;16m▀[38;2;197;180;139m▀▀▀▀▀▀▀▀▀▀▀▀[38;2;16;16;16;48;2;109;87;65m▀[49m▀▀[0m
[0m    [38;2;16;16;16m▀[38;2;197;180;139;48;2;16;16;16m▀▀[48;2;197;180;139m▀[38;2;230;222;205m▀[38;2;197;180;139m▀[38;2;230;222;205m▀[38;2;197;180;139m▀▀▀▀▀▀▀▀[38;2;16;16;16m▀▀[38;2;148;106;65;48;2;16;16;16m▀▀[48;2;82;57;41m▀[38;2;16;16;16;48;2;148;106;65m▀[38;2;197;180;139;48;2;16;16;16m▀[38;2;230;222;205m▀▀[38;2;109;87;65m▀[38;2;16;16;16;48;2;148;106;65m▀▀▀[38;2;148;106;65m▀▀[38;2;82;57;41;48;2;16;16;16m▀[38;2;197;180;139;48;2;197;180;139m▀▀▀▀▀▀▀▀▀▀[48;2;230;222;205m▀[38;2;230;222;205;48;2;197;180;139m▀[38;2;197;180;139;48;2;230;222;205m▀[48;2;197;180;139m▀▀[38;2;109;87;65;48;2;16;16;16m▀[0m
[0m       [38;2;16;16;16;48;2;109;87;65m▀[38;2;109;87;65;48;2;197;180;139m▀[38;2;197;180;139m▀▀▀▀▀▀▀▀▀▀▀▀▀▀[38;2;82;57;41;48;2;82;57;41m▀[38;2;148;106;65;48;2;148;106;65m▀▀▀▀▀▀▀▀▀▀[38;2;16;16;16;48;2;82;57;41m▀[38;2;197;180;139;48;2;197;180;139m▀▀▀▀▀▀▀[38;2;230;222;205m▀[38;2;197;180;139;48;2;230;222;205m▀[38;2;230;222;205;48;2;197;180;139m▀[38;2;197;180;139;48;2;230;222;205m▀[38;2;230;222;205;48;2;197;180;139m▀[38;2;197;180;139m▀▀[48;2;16;16;16m▀[38;2;16;16;16;49m▀[0m
[0m      [38;2;109;87;65;48;2;109;87;65m▀[38;2;197;180;139;48;2;197;180;139m▀▀[48;2;172;148;90m▀[48;2;16;16;16m▀[48;2;197;180;139m▀▀▀▀▀▀▀▀▀▀▀[38;2;82;57;41;48;2;82;57;41m▀[38;2;148;106;65;48;2;148;106;65m▀▀▀▀▀▀▀▀▀▀▀▀[38;2;82;57;41;48;2;16;16;16m▀[38;2;197;180;139;48;2;197;180;139m▀▀▀▀▀▀▀▀▀▀▀▀[48;2;16;16;16m▀[38;2;16;16;16;49m▀[0m
[0m       [38;2;109;87;65m▀[38;2;16;16;16m▀▀[38;2;109;87;65;48;2;109;87;65m▀[38;2;197;180;139;48;2;197;180;139m▀▀▀▀▀▀▀▀▀▀[48;2;82;57;41m▀[38;2;82;57;41;48;2;109;87;65m▀[38;2;148;106;65m▀▀[48;2;148;106;65m▀▀▀▀▀▀[48;2;109;87;65m▀▀▀[38;2;109;87;65m▀[38;2;16;16;16;48;2;16;16;16m▀[38;2;197;180;139;48;2;197;180;139m▀▀▀▀▀▀▀▀▀▀▀[48;2;16;16;16m▀[38;2;16;16;16;49m▀[0m
[0m           [38;2;109;87;65m▀[38;2;197;180;139;48;2;109;87;65m▀[48;2;197;180;139m▀▀▀▀▀▀▀▀[38;2;16;16;16;48;2;16;16;16m▀[38;2;109;87;65;48;2;109;87;65m▀▀▀▀▀▀▀▀▀▀▀▀▀[38;2;82;57;41m▀[38;2;16;16;16;48;2;16;16;16m▀[38;2;197;180;139;48;2;109;87;65m▀▀[48;2;197;180;139m▀▀▀▀[48;2;109;87;65m▀[48;2;16;16;16m▀[38;2;109;87;65;49m▀[38;2;16;16;16m▀[0m
[0m             [38;2;109;87;65m▀▀[38;2;197;180;139;48;2;109;87;65m▀▀▀▀[38;2;109;87;65;49m▀▀[38;2;16;16;16;48;2;16;16;16m▀[38;2;109;87;65;48;2;109;87;65m▀▀[48;2;82;57;41m▀▀[48;2;16;16;16m▀▀▀▀▀▀[48;2;82;57;41m▀[48;2;109;87;65m▀▀▀[38;2;16;16;16;48;2;16;16;16m▀[0m  [38;2;16;16;16m▀▀▀▀[0m
[0m                     [38;2;16;16;16m▀[38;2;109;87;65;48;2;16;16;16m▀▀[38;2;16;16;16;49m▀[0m        [38;2;16;16;16m▀[38;2;109;87;65;48;2;16;16;16m▀▀[38;2;16;16;16;49m▀[0m
