[0m                         [38;2;98;98;98m▄[38;2;16;16;16;48;2;230;230;230m▀[49m▄[0m    [38;2;98;98;98m▄[38;2;16;16;16m▄[0m
[0m                         [38;2;98;98;98;48;2;98;98;98m▀[38;2;230;230;230;48;2;230;230;230m▀[38;2;16;16;16;48;2;164;164;164m▀[49m▄[0m [38;2;98;98;98m▄[48;2;164;164;164m▀[38;2;230;230;230;48;2;230;230;230m▀[38;2;16;16;16;48;2;16;16;16m▀[0m
[0m                      [38;2;16;16;16;48;2;16;16;16m▀[38;2;98;98;98;48;2;230;230;230m▀[49m▄[38;2;164;164;164;48;2;164;164;164m▀[38;2;230;230;230;48;2;230;230;230m▀▀[38;2;16;16;16m▀[38;2;98;98;98;49m▄[48;2;230;230;230m▀[38;2;230;230;230m▀[48;2;164;164;164m▀[38;2;16;16;16;48;2;16;16;16m▀[0m [38;2;98;98;98m▄[38;2;16;16;16m▄[0m
[0m                      [38;2;98;98;98;48;2;98;98;98m▀[38;2;230;230;230;48;2;230;230;230m▀▀▀▀▀▀[38;2;164;164;164m▀[38;2;230;230;230;48;2;164;164;164m▀[38;2;164;164;164m▀[48;2;98;98;98m▀[38;2;98;98;98;48;2;164;164;164m▀▀[38;2;164;164;164m▀[38;2;16;16;16;48;2;16;16;16m▀[0m
[0m                  [38;2;32;49;57m▄▄▄[48;2;65;82;82m▀▀▀[38;2;98;98;98m▀▀[38;2;230;230;230m▀[48;2;98;98;98m▀▀[38;2;164;164;164m▀[48;2;164;164;164m▀▀▀▀[48;2;98;98;98m▀[38;2;16;16;16;48;2;16;16;16m▀[0m  [38;2;98;98;98m▄▄[0m
[0m              [38;2;32;49;57m▄▄[48;2;32;49;57m▀[48;2;65;82;82m▀[38;2;65;82;82m▀▀▀▀[48;2;156;32;24m▀▀[48;2;255;90;74m▀▀▀▀▀[48;2;156;32;24m▀[38;2;16;16;16m▀[48;2;65;82;82m▀[38;2;164;164;164;48;2;16;16;16m▀▀[38;2;16;16;16m▀[38;2;98;98;98;49m▄[48;2;164;164;164m▀▀[38;2;164;164;164;48;2;98;98;98m▀[38;2;16;16;16;48;2;16;16;16m▀[38;2;98;98;98;49m▄▄[48;2;164;164;164m▀▀[48;2;16;16;16m▀[0m
[0m            [38;2;32;49;57m▄[48;2;65;82;82m▀[38;2;65;82;82;48;2;32;49;57m▀[38;2;32;49;57;48;2;65;82;82m▀[38;2;65;82;82m▀▀[48;2;156;32;24m▀[48;2;255;90;74m▀[38;2;156;32;24m▀[38;2;255;90;74m▀[48;2;16;16;16m▀▀[48;2;156;32;24m▀[38;2;156;32;24;48;2;65;164;82m▀▀[48;2;24;74;24m▀[48;2;65;164;82m▀[38;2;255;90;74;48;2;41;115;49m▀[48;2;156;32;24m▀▀▀[38;2;156;32;24;48;2;255;90;74m▀[38;2;16;16;16m▀[38;2;164;164;164;48;2;16;16;16m▀[48;2;164;164;164m▀▀[38;2;16;16;16m▀[38;2;98;98;98m▀[38;2;164;164;164m▀▀[48;2;98;98;98m▀[38;2;16;16;16;49m▀[0m
[0m    [38;2;98;98;98;48;2;16;16;16m▀[48;2;230;230;230m▀▀[49m▄▄[0m  [38;2;32;49;57m▄[48;2;65;82;82m▀[48;2;32;49;57m▀[38;2;65;82;82;48;2;65;82;82m▀▀[48;2;156;32;24m▀[38;2;156;32;24;48;2;255;90;74m▀[38;2;255;90;74;48;2;16;16;16m▀[38;2;156;32;24m▀[38;2;16;16;16;48;2;255;255;255m▀[48;2;156;32;24m▀[38;2;156;32;24;48;2;255;90;74m▀[38;2;255;255;255;48;2;156;32;24m▀[38;2;164;164;164;48;2;255;255;255m▀[38;2;65;164;82;48;2;41;115;49m▀[48;2;65;164;82m▀[38;2;24;74;24m▀[38;2;65;164;82;48;2;41;115;49m▀[48;2;65;164;82m▀▀▀▀[38;2;41;115;49m▀[38;2;156;32;24m▀[38;2;255;90;74;48;2;156;32;24m▀[38;2;16;16;16;48;2;255;90;74m▀[38;2;164;164;164;48;2;16;16;16m▀[48;2;164;164;164m▀▀[38;2;98;98;98m▀[38;2;16;16;16;48;2;98;98;98m▀▀[38;2;98;98;98;49m▄▄[38;2;32;49;57m▄[0m
[0m [38;2;98;98;98m▄▄▄▄[38;2;16;16;16;48;2;98;98;98m▀[38;2;230;230;230;48;2;230;230;230m▀▀[48;2;164;164;164m▀[38;2;98;98;98m▀▀[38;2;32;49;57;48;2;32;49;57m▀[38;2;65;82;82m▀[38;2;32;49;57;48;2;65;82;82m▀[38;2;65;82;82m▀[48;2;156;32;24m▀[38;2;255;90;74;48;2;16;16;16m▀[38;2;16;16;16;48;2;65;164;82m▀[38;2;65;164;82m▀[38;2;164;164;164;48;2;41;115;49m▀[38;2;255;255;255;48;2;255;255;255m▀[38;2;156;32;24;48;2;156;32;24m▀[38;2;16;16;16;48;2;255;90;74m▀[38;2;156;32;24;48;2;156;32;24m▀[38;2;255;255;255;48;2;255;255;255m▀[38;2;24;74;24;48;2;24;74;24m▀[38;2;65;164;82;48;2;65;164;82m▀▀[38;2;24;74;24;48;2;24;74;24m▀[38;2;65;164;82;48;2;65;164;82m▀▀▀▀▀▀[48;2;98;98;98m▀▀[38;2;156;32;24m▀[38;2;98;98;98;48;2;230;230;230m▀▀▀[38;2;230;230;230m▀▀[48;2;98;98;98m▀[38;2;98;98;98;48;2;65;82;82m▀[38;2;65;82;82;48;2;156;32;24m▀[38;2;32;49;57;48;2;32;49;57m▀[0m
[38;2;16;16;16;49m▀[38;2;230;230;230;48;2;16;16;16m▀▀[48;2;164;164;164m▀[48;2;230;230;230m▀▀[38;2;98;98;98;48;2;164;164;164m▀[38;2;164;164;164m▀▀▀▀[38;2;65;82;82;48;2;32;49;57m▀[38;2;32;49;57;48;2;16;16;16m▀[38;2;65;82;82m▀[38;2;156;32;24;48;2;156;32;24m▀[38;2;255;90;74m▀[38;2;16;16;16;48;2;65;164;82m▀[38;2;65;164;82m▀▀[38;2;24;74;24m▀[38;2;164;164;164;48;2;24;74;24m▀[38;2;255;255;255;48;2;164;164;164m▀[38;2;156;32;24;48;2;255;255;255m▀[38;2;255;255;255;48;2;164;164;164m▀[38;2;164;164;164;48;2;24;74;24m▀[38;2;41;115;49;48;2;65;164;82m▀[38;2;65;164;82m▀▀[38;2;24;74;24;48;2;24;74;24m▀[38;2;65;164;82;48;2;65;164;82m▀▀[48;2;16;16;16m▀▀[38;2;16;16;16;48;2;164;164;164m▀▀[38;2;164;164;164m▀[38;2;230;230;230;48;2;230;230;230m▀▀▀▀[38;2;16;16;16m▀[38;2;98;98;98m▀▀[38;2;156;32;24;48;2;16;16;16m▀▀▀[38;2;32;49;57;48;2;41;115;49m▀[49m▄[0m
[0m   [38;2;16;16;16m▀▀[38;2;164;164;164;48;2;16;16;16m▀▀[48;2;164;164;164m▀▀[48;2;24;74;24m▀[38;2;16;16;16;48;2;65;164;82m▀▀[38;2;65;164;82m▀▀[38;2;41;115;49m▀[38;2;16;16;16m▀▀[38;2;24;74;24m▀[38;2;65;164;82;48;2;24;74;24m▀▀▀[38;2;41;115;49;48;2;65;164;82m▀▀▀[38;2;65;164;82m▀▀▀▀[38;2;24;74;24;48;2;16;16;16m▀[38;2;16;16;16;48;2;164;164;164m▀▀[38;2;164;164;164m▀▀▀▀[38;2;230;230;230;48;2;230;230;230m▀▀▀▀▀▀▀▀▀▀▀[38;2;16;16;16m▀▀▀[49m▄[0m
[0m   [38;2;98;98;98m▄[48;2;164;164;164m▀[38;2;164;164;164m▀▀▀[38;2;98;98;98;48;2;16;16;16m▀[38;2;24;74;24;48;2;65;164;82m▀[38;2;65;164;82m▀▀▀▀▀▀▀▀▀▀▀[38;2;16;16;16;48;2;24;74;24m▀[38;2;65;164;82;48;2;65;164;82m▀[48;2;24;74;24m▀[38;2;24;74;24;48;2;65;164;82m▀[38;2;65;164;82;48;2;16;16;16m▀[48;2;65;164;82m▀▀[38;2;24;74;24;48;2;24;74;24m▀[38;2;16;16;16;48;2;65;164;82m▀[48;2;32;49;57m▀[38;2;164;164;164;48;2;16;16;16m▀▀[48;2;164;164;164m▀[38;2;230;230;230;48;2;230;230;230m▀▀▀▀▀[48;2;16;16;16m▀▀▀▀▀[38;2;16;16;16;48;2;41;115;49m▀▀[48;2;32;49;57m▀[49m▀▀[0m
[0m    [38;2;98;98;98m▀▀▀▀[38;2;16;16;16;48;2;16;16;16m▀[38;2;65;164;82;48;2;65;164;82m▀▀▀▀▀▀▀▀▀▀▀▀▀[38;2;41;115;49;48;2;24;74;24m▀[38;2;24;74;24;48;2;65;164;82m▀[38;2;65;164;82m▀[38;2;24;74;24;48;2;41;115;49m▀[38;2;65;164;82;48;2;65;164;82m▀[38;2;24;74;24;48;2;24;74;24m▀[38;2;65;164;82;48;2;65;164;82m▀▀[38;2;41;115;49m▀[38;2;32;49;57;48;2;41;115;49m▀[38;2;41;115;49;48;2;65;164;82m▀[38;2;16;16;16m▀[48;2;41;115;49m▀[38;2;230;230;230;48;2;16;16;16m▀▀[48;2;230;230;230m▀▀▀[38;2;98;98;98m▀[38;2;41;115;49;48;2;98;98;98m▀[48;2;41;115;49m▀▀▀▀[38;2;16;16;16;48;2;16;16;16m▀[0m
[0m         [38;2;16;16;16;48;2;16;16;16m▀[38;2;65;164;82;48;2;41;115;49m▀[38;2;41;115;49m▀▀▀▀▀[38;2;65;164;82m▀▀▀▀▀[48;2;65;164;82m▀▀▀▀▀[48;2;24;74;24m▀[38;2;24;74;24;48;2;65;164;82m▀[38;2;65;164;82m▀[48;2;41;115;49m▀▀▀[38;2;41;115;49m▀▀▀[48;2;16;16;16m▀[48;2;24;74;24m▀[38;2;16;16;16;48;2;164;164;164m▀[48;2;98;98;98m▀[49m▀[38;2;230;230;230;48;2;16;16;16m▀▀[38;2;98;98;98m▀[38;2;41;115;49;48;2;41;115;49m▀▀[38;2;16;16;16;48;2;16;16;16m▀[0m
[0m          [38;2;16;16;16m▀▀[38;2;41;115;49;48;2;16;16;16m▀▀[48;2;41;115;49m▀▀▀▀▀▀▀▀▀▀▀[48;2;24;74;24m▀[38;2;24;74;24;48;2;41;115;49m▀[38;2;41;115;49m▀▀▀▀[48;2;16;16;16m▀[48;2;24;74;24m▀[38;2;16;16;16;48;2;164;164;164m▀▀[38;2;164;164;164m▀▀▀[38;2;98;98;98;48;2;230;230;230m▀[38;2;16;16;16;48;2;16;16;16m▀[0m   [38;2;16;16;16m▀▀[0m
[0m              [38;2;16;16;16m▀▀▀[38;2;41;115;49;48;2;16;16;16m▀▀▀▀▀▀▀[38;2;24;74;24m▀[38;2;41;115;49m▀▀[38;2;16;16;16;49m▀▀▀▀[38;2;164;164;164;48;2;16;16;16m▀[48;2;164;164;164m▀▀▀▀[48;2;230;230;230m▀[38;2;230;230;230;48;2;98;98;98m▀[48;2;230;230;230m▀[38;2;98;98;98m▀[38;2;16;16;16;48;2;16;16;16m▀[0m
[0m                               [38;2;16;16;16m▀[38;2;98;98;98;48;2;16;16;16m▀[38;2;164;164;164;48;2;164;164;164m▀[38;2;98;98;98;48;2;16;16;16m▀[38;2;230;230;230;48;2;230;230;230m▀▀[38;2;98;98;98;48;2;98;98;98m▀[49m▀[38;2;230;230;230;48;2;16;16;16m▀[38;2;16;16;16m▀[0m
[0m                                 [38;2;16;16;16m▀▀[38;2;98;98;98;48;2;16;16;16m▀[38;2;230;230;230;48;2;230;230;230m▀▀[38;2;98;98;98;48;2;98;98;98m▀[0m
[0m                                    [38;2;16;16;16m▀[38;2;230;230;230;48;2;16;16;16m▀[38;2;98;98;98;49m▀[0m
