[0m         [38;2;32;32;32m▄[38;2;139;115;49m▄[48;2;222;189;131m▀▀▀[38;2;82;57;16;49m▄▄[0m  [38;2;82;57;16m▄▄▄▄[0m                   [38;2;16;16;16m▄[38;2;32;32;32m▄[0m
[0m        [38;2;16;16;16;48;2;16;16;16m▀[38;2;32;32;32;48;2;32;32;32m▀▀[38;2;222;189;131;48;2;139;115;49m▀[48;2;222;189;131m▀▀[48;2;197;156;90m▀[38;2;197;156;90;48;2;139;115;49m▀[38;2;82;57;16;48;2;197;156;90m▀[48;2;32;32;32m▀[38;2;222;189;131m▀▀[48;2;139;115;49m▀[48;2;222;189;131m▀[38;2;82;57;16m▀▀[49m▄[0m               [38;2;16;16;16m▄[38;2;65;65;75;48;2;65;65;75m▀▀[38;2;32;32;32;48;2;32;32;32m▀[0m
[0m       [38;2;16;16;16;48;2;16;16;16m▀[38;2;32;32;32;48;2;32;32;32m▀[48;2;180;180;189m▀[48;2;32;32;32m▀▀[38;2;197;156;90m▀▀▀▀[38;2;32;32;32m▀▀▀▀▀▀[38;2;222;189;131;48;2;139;115;49m▀[48;2;222;189;131m▀[48;2;197;156;90m▀[38;2;16;16;16m▀[38;2;82;57;16;48;2;16;16;16m▀[48;2;197;156;90m▀▀▀[48;2;139;115;49m▀[48;2;65;65;75m▀[38;2;16;16;16;49m▄▄▄▄[0m  [38;2;82;57;16m▄▄[38;2;16;16;16;48;2;197;156;90m▀[38;2;65;65;75m▀▀[48;2;65;65;75m▀[38;2;16;16;16;48;2;16;16;16m▀[0m
[0m      [38;2;139;115;49m▄[38;2;16;16;16;48;2;197;156;90m▀[38;2;32;32;32;48;2;16;16;16m▀[38;2;65;65;75;48;2;32;32;32m▀[38;2;32;32;32m▀▀[48;2;139;115;49m▀[48;2;32;32;32m▀▀▀▀[48;2;180;180;189m▀[48;2;65;65;75m▀[48;2;32;32;32m▀▀▀▀[38;2;197;156;90;48;2;197;156;90m▀▀[48;2;16;16;16m▀[38;2;16;16;16;48;2;65;65;75m▀[38;2;139;115;49m▀[38;2;197;156;90m▀[48;2;197;156;90m▀▀▀[38;2;65;65;75m▀[48;2;139;115;49m▀[48;2;65;65;75m▀▀[38;2;16;16;16m▀▀[38;2;197;156;90;48;2;197;156;90m▀▀▀▀[48;2;139;115;49m▀[38;2;139;115;49m▀[38;2;16;16;16;48;2;16;16;16m▀[0m
[0m     [38;2;82;57;16;48;2;82;57;16m▀[38;2;197;156;90;48;2;197;156;90m▀▀[38;2;32;32;32m▀[48;2;16;16;16m▀[38;2;16;16;16;48;2;65;65;75m▀[38;2;197;156;90m▀[48;2;139;115;49m▀[48;2;197;156;90m▀[38;2;139;115;49m▀[38;2;32;32;32;48;2;16;16;16m▀[48;2;32;32;32m▀[38;2;65;65;75m▀▀[38;2;32;32;32m▀▀▀[48;2;197;156;90m▀[38;2;197;156;90;48;2;139;115;49m▀[48;2;16;16;16m▀[38;2;16;16;16;48;2;197;156;90m▀[38;2;65;65;75;48;2;82;57;16m▀[48;2;65;65;75m▀▀▀[38;2;197;156;90m▀[48;2;197;156;90m▀▀▀[38;2;139;115;49m▀[38;2;65;65;75;48;2;65;65;75m▀▀▀▀[38;2;197;156;90;48;2;32;32;32m▀[48;2;139;115;49m▀[38;2;139;115;49m▀▀[48;2;82;57;16m▀[38;2;82;57;16;49m▀[0m
[0m      [38;2;82;57;16m▀[38;2;197;156;90;48;2;16;16;16m▀[38;2;16;16;16;48;2;65;65;75m▀[38;2;65;65;75m▀▀▀▀▀[38;2;197;156;90m▀[48;2;197;156;90m▀[38;2;16;16;16m▀▀[38;2;32;32;32;48;2;16;16;16m▀▀▀[38;2;16;16;16;48;2;197;156;90m▀▀[38;2;139;115;49m▀[38;2;197;156;90m▀▀▀[38;2;82;57;16;48;2;16;16;16m▀[38;2;65;65;75;48;2;65;65;75m▀▀▀[38;2;139;115;49m▀[38;2;197;156;90;48;2;197;156;90m▀▀▀[38;2;139;115;49m▀[38;2;65;65;75;48;2;65;65;75m▀▀▀[38;2;32;32;32m▀[38;2;139;115;49;48;2;16;16;16m▀[48;2;205;115;123m▀[38;2;205;115;123;48;2;82;57;16m▀[38;2;82;57;16;49m▀[0m
[0m [38;2;139;115;49m▄[38;2;82;57;16;48;2;222;189;131m▀▀[49m▄[38;2;16;16;16;48;2;82;57;16m▀▀[38;2;197;156;90m▀[48;2;197;156;90m▀[38;2;139;115;49m▀[38;2;65;65;75m▀[48;2;65;65;75m▀▀▀[48;2;197;156;90m▀[38;2;197;156;90m▀▀▀▀[48;2;82;57;16m▀[38;2;139;115;49;48;2;16;16;16m▀[38;2;16;16;16;48;2;139;115;49m▀[38;2;139;115;49;48;2;82;57;16m▀[38;2;197;156;90m▀[48;2;139;115;49m▀▀[38;2;139;115;49;48;2;16;16;16m▀[38;2;16;16;16;48;2;65;65;75m▀[38;2;65;65;75m▀▀▀▀[38;2;139;115;49m▀[38;2;197;156;90;48;2;197;156;90m▀▀▀[38;2;65;65;75;48;2;65;65;75m▀▀[48;2;139;115;49m▀[38;2;32;32;32;48;2;197;156;90m▀[38;2;16;16;16;48;2;16;16;16m▀[38;2;82;57;16;49m▀[0m
[38;2;16;16;16;48;2;16;16;16m▀[38;2;222;189;131;48;2;197;156;90m▀[38;2;82;57;16;48;2;32;32;32m▀[38;2;197;156;90;48;2;197;156;90m▀[38;2;139;115;49m▀[38;2;222;189;131m▀[48;2;82;57;16m▀[38;2;197;156;90;48;2;222;189;131m▀[38;2;82;57;16;48;2;197;156;90m▀[38;2;197;156;90m▀▀▀[48;2;139;115;49m▀[48;2;82;57;16m▀[48;2;16;16;16m▀[38;2;139;115;49;48;2;82;57;16m▀[38;2;82;57;16;48;2;139;115;49m▀[38;2;16;16;16m▀▀[38;2;139;115;49m▀▀▀▀[48;2;16;16;16m▀▀[38;2;16;16;16;48;2;205;115;123m▀[38;2;139;115;49m▀[38;2;65;65;75;48;2;32;32;32m▀[38;2;32;32;32;48;2;139;115;49m▀[38;2;197;156;90;48;2;197;156;90m▀[38;2;32;32;32m▀[38;2;65;65;75;48;2;82;57;16m▀[48;2;65;65;75m▀[38;2;197;156;90;48;2;139;115;49m▀▀[38;2;139;115;49;48;2;205;115;123m▀[38;2;65;65;75;48;2;16;16;16m▀[38;2;16;16;16;48;2;139;115;49m▀[38;2;197;156;90;48;2;197;156;90m▀▀[38;2;16;16;16m▀[49m▄[0m
[38;2;16;16;16;49m▀[38;2;139;115;49;48;2;82;57;16m▀[38;2;197;156;90;48;2;16;16;16m▀[48;2;139;115;49m▀[48;2;82;57;16m▀[48;2;197;156;90m▀[38;2;32;32;32m▀[38;2;197;156;90m▀▀[48;2;82;57;16m▀[38;2;82;57;16;48;2;139;115;49m▀▀[48;2;16;16;16m▀[38;2;139;115;49m▀▀▀▀[38;2;16;16;16;48;2;205;115;123m▀▀▀▀▀▀[38;2;205;115;123m▀▀▀[48;2;65;65;75m▀[38;2;16;16;16;48;2;16;16;16m▀[38;2;197;156;90;48;2;197;156;90m▀▀▀[38;2;82;57;16m▀[38;2;205;115;123;48;2;16;16;16m▀[48;2;205;115;123m▀▀[48;2;82;57;16m▀[38;2;16;16;16;48;2;16;16;16m▀[38;2;197;156;90;48;2;197;156;90m▀▀▀▀[38;2;16;16;16m▀[49m▄[0m
[0m   [38;2;16;16;16m▀[38;2;139;115;49m▀[48;2;82;57;16m▀[48;2;16;16;16m▀▀▀▀[38;2;16;16;16;49m▀▀[0m  [38;2;82;57;16m▄▄[48;2;139;115;49m▀▀[38;2;205;115;123;48;2;82;57;16m▀▀[48;2;205;115;123m▀▀▀[48;2;65;65;75m▀▀[38;2;65;65;75m▀[48;2;16;16;16m▀▀[38;2;16;16;16m▀[38;2;197;156;90;48;2;139;115;49m▀[48;2;197;156;90m▀▀[38;2;16;16;16m▀[38;2;82;57;16;48;2;16;16;16m▀[49m▀[0m  [38;2;16;16;16m▀[38;2;197;156;90;48;2;16;16;16m▀[48;2;139;115;49m▀▀[38;2;139;115;49m▀▀[38;2;16;16;16;48;2;16;16;16m▀[0m
[0m            [38;2;16;16;16m▄[38;2;82;57;16;48;2;65;65;75m▀[38;2;139;115;49;48;2;139;115;49m▀[48;2;65;65;75m▀[48;2;139;115;49m▀[48;2;82;57;16m▀[48;2;16;16;16m▀[38;2;16;16;16;49m▀▀▀▀▀▀▀▄[48;2;197;156;90m▀[38;2;197;156;90m▀▀▀▀[48;2;16;16;16m▀[38;2;16;16;16;49m▀[0m   [38;2;82;57;16m▄[48;2;65;65;75m▀[38;2;139;115;49;48;2;139;115;49m▀[48;2;65;65;75m▀[48;2;139;115;49m▀[38;2;16;16;16;48;2;16;16;16m▀[0m
[0m             [38;2;16;16;16m▀▀▀▀[0m        [38;2;16;16;16m▄[48;2;197;156;90m▀[38;2;197;156;90;48;2;65;65;75m▀[48;2;197;156;90m▀[48;2;65;65;75m▀[48;2;197;156;90m▀[38;2;16;16;16;48;2;16;16;16m▀[0m     [38;2;16;16;16m▀[38;2;65;65;75;48;2;16;16;16m▀[38;2;16;16;16;49m▀[48;2;16;16;16m▀[49m▀[0m
[0m                          [38;2;16;16;16m▀[38;2;65;65;75;48;2;16;16;16m▀[38;2;16;16;16;49m▀[38;2;65;65;75;48;2;16;16;16m▀[38;2;16;16;16;49m▀[0m
