[0m         [38;2;0;0;0m▄[38;2;148;115;16;48;2;255;205;32m▀▀[49m▄▄[38;2;0;0;0m▄[38;2;96;72;61;48;2;255;205;32m▀▀[49m▄[0m
[0m         [38;2;0;0;0;48;2;0;0;0m▀[38;2;255;205;32;48;2;205;164;24m▀[48;2;255;205;32m▀▀[38;2;0;0;0;48;2;0;0;0m▀[38;2;255;205;32;48;2;255;205;32m▀▀▀▀[38;2;0;0;0;48;2;0;0;0m▀[0m    [38;2;96;72;61m▄▄[48;2;255;205;32m▀▀[49m▄[0m
[0m          [38;2;0;0;0;48;2;0;0;0m▀[38;2;255;205;32;48;2;205;164;24m▀[48;2;255;205;32m▀▀[38;2;148;115;16m▀[38;2;255;205;32m▀▀[38;2;148;115;16;48;2;0;0;0m▀[38;2;0;0;0;48;2;205;49;49m▀[38;2;156;41;41m▀▀▀[38;2;0;0;0;48;2;0;0;0m▀[38;2;148;115;16;48;2;255;205;32m▀[38;2;255;205;32m▀▀▀▀[38;2;0;0;0;48;2;0;0;0m▀[38;2;96;72;61;48;2;255;205;32m▀▀[38;2;148;115;16;49m▄[38;2;96;72;61m▄[0m
[0m  [38;2;89;24;24;48;2;0;0;0m▀[48;2;255;148;82m▀[49m▄[38;2;0;0;0;48;2;255;148;82m▀[38;2;89;24;24;49m▄[0m   [38;2;89;24;24m▄[38;2;0;0;0;48;2;205;49;49m▀[48;2;96;72;61m▀[38;2;255;205;32;48;2;0;0;0m▀▀[38;2;148;115;16m▀[38;2;0;0;0;48;2;172;90;41m▀[38;2;205;49;49;48;2;255;148;82m▀[38;2;172;90;41m▀▀[48;2;172;90;41m▀[38;2;205;49;49m▀[38;2;0;0;0;48;2;205;49;49m▀[38;2;205;164;24;48;2;0;0;0m▀[38;2;255;205;32;48;2;255;205;32m▀▀▀[38;2;96;72;61m▀[38;2;255;205;32m▀▀▀[48;2;0;0;0m▀[38;2;0;0;0;49m▀[0m
[0m [38;2;89;24;24;48;2;0;0;0m▀[48;2;255;148;82m▀[38;2;172;90;41;48;2;172;90;41m▀▀[38;2;255;148;82;48;2;89;24;24m▀[38;2;89;24;24;48;2;205;49;49m▀[38;2;156;41;41;49m▄[0m [38;2;89;24;24;48;2;89;24;24m▀[38;2;205;49;49;48;2;0;0;0m▀[38;2;0;0;0;48;2;164;164;172m▀[38;2;255;255;255;48;2;255;255;255m▀[38;2;164;164;172;48;2;0;0;0m▀[38;2;255;255;255;48;2;255;255;255m▀[38;2;0;0;0;48;2;96;72;61m▀[38;2;255;148;82;48;2;255;148;82m▀▀▀▀[48;2;172;90;41m▀[38;2;172;90;41;48;2;0;0;0m▀[38;2;0;0;0;48;2;255;255;255m▀▀[38;2;96;72;61;48;2;0;0;0m▀[38;2;148;115;16m▀[38;2;255;205;32m▀▀[38;2;205;164;24m▀[38;2;0;0;0;48;2;156;41;41m▀[49m▀[0m
[0m  [38;2;0;0;0m▀[48;2;0;0;0m▀[38;2;89;24;24;48;2;205;49;49m▀[38;2;205;49;49m▀▀[38;2;156;41;41m▀[38;2;89;24;24;48;2;89;24;24m▀[38;2;205;49;49;48;2;205;49;49m▀[38;2;0;0;0;48;2;89;24;24m▀[38;2;255;255;255;48;2;96;72;61m▀[48;2;255;255;255m▀[48;2;164;164;172m▀[38;2;164;164;172;48;2;0;0;0m▀[38;2;255;148;82;48;2;172;90;41m▀[48;2;255;148;82m▀▀▀[48;2;172;90;41m▀[38;2;0;0;0;48;2;0;0;0m▀[38;2;164;164;172;48;2;255;255;255m▀[38;2;255;255;255m▀[38;2;96;72;61;48;2;0;0;0m▀[38;2;255;255;255;48;2;255;255;255m▀▀[38;2;0;0;0;48;2;96;72;61m▀[38;2;156;41;41;48;2;156;41;41m▀[38;2;205;49;49;48;2;205;49;49m▀[38;2;89;24;24;48;2;89;24;24m▀[0m
[0m   [38;2;0;0;0m▀[38;2;205;49;49;48;2;0;0;0m▀[48;2;205;49;49m▀[48;2;156;41;41m▀[48;2;205;49;49m▀▀▀▀[38;2;89;24;24m▀[38;2;0;0;0m▀[48;2;156;41;41m▀[38;2;255;255;255;48;2;255;255;255m▀[38;2;164;164;172;48;2;164;164;172m▀[38;2;172;90;41;48;2;255;255;255m▀▀[48;2;164;164;172m▀[38;2;255;255;255;48;2;255;255;255m▀[38;2;0;0;0;48;2;89;24;24m▀[38;2;255;255;255;48;2;0;0;0m▀[48;2;255;255;255m▀▀▀[48;2;0;0;0m▀[38;2;0;0;0;48;2;89;24;24m▀[38;2;156;41;41;48;2;205;49;49m▀[38;2;205;49;49m▀▀[38;2;0;0;0;48;2;0;0;0m▀[0m [38;2;0;0;0m▄[38;2;89;24;24;48;2;255;148;82m▀[38;2;0;0;0;49m▄[38;2;89;24;24;48;2;255;148;82m▀[48;2;0;0;0m▀[0m
[0m    [38;2;0;0;0m▀[38;2;89;24;24;48;2;89;24;24m▀[38;2;205;49;49;48;2;205;49;49m▀▀▀▀▀▀▀▀[38;2;156;41;41m▀[38;2;164;164;172;48;2;156;41;41m▀[38;2;255;255;255m▀▀[38;2;164;164;172m▀[38;2;156;41;41;48;2;205;49;49m▀[38;2;205;49;49m▀[38;2;156;41;41m▀[38;2;0;0;0m▀▀▀[38;2;156;41;41m▀[38;2;205;49;49m▀▀▀[38;2;89;24;24m▀[38;2;0;0;0m▀[38;2;89;24;24;49m▄[38;2;0;0;0;48;2;89;24;24m▀[38;2;255;148;82;48;2;172;90;41m▀[38;2;172;90;41m▀[48;2;255;148;82m▀[38;2;0;0;0m▀[38;2;89;24;24;48;2;0;0;0m▀[0m
[0m    [38;2;89;24;24m▄[38;2;156;41;41;48;2;205;49;49m▀[38;2;205;49;49m▀▀▀▀[48;2;255;205;32m▀[38;2;205;164;24m▀[38;2;255;205;32;48;2;205;164;24m▀[38;2;205;49;49;48;2;205;49;49m▀▀▀▀▀▀▀▀▀▀▀▀▀▀▀▀▀▀▀▀[38;2;89;24;24m▀[38;2;172;90;41;48;2;0;0;0m▀▀[38;2;0;0;0;49m▀[0m
[0m    [38;2;89;24;24;48;2;89;24;24m▀[38;2;205;49;49;48;2;0;0;0m▀▀[48;2;156;41;41m▀[48;2;205;49;49m▀[38;2;205;164;24;48;2;255;205;32m▀[38;2;255;205;32;48;2;205;164;24m▀[48;2;205;49;49m▀[38;2;205;49;49m▀[48;2;205;164;24m▀[38;2;255;205;32;48;2;255;205;32m▀[38;2;205;164;24m▀[38;2;205;49;49;48;2;205;49;49m▀▀[38;2;205;164;24;48;2;255;205;32m▀[38;2;255;205;32m▀[38;2;205;49;49;48;2;205;164;24m▀[48;2;205;49;49m▀▀▀▀▀▀▀▀[48;2;156;41;41m▀▀[48;2;0;0;0m▀[38;2;156;41;41m▀[38;2;0;0;0;49m▀[0m
[0m  [38;2;0;0;0m▄[48;2;255;148;82m▀[48;2;172;90;41m▀[38;2;205;49;49;48;2;89;24;24m▀[48;2;205;49;49m▀[38;2;156;41;41m▀[38;2;89;24;24m▀[38;2;205;49;49m▀▀▀▀[38;2;255;205;32;48;2;255;205;32m▀▀[48;2;205;164;24m▀[38;2;205;49;49;48;2;205;49;49m▀▀[38;2;255;205;32;48;2;205;164;24m▀[48;2;255;205;32m▀▀[38;2;205;49;49;48;2;205;49;49m▀▀▀▀▀▀[48;2;156;41;41m▀[38;2;156;41;41m▀[38;2;89;24;24;48;2;0;0;0m▀[38;2;0;0;0;49m▀[0m
[38;2;89;24;24;49m▄▄[38;2;0;0;0;48;2;89;24;24m▀[38;2;172;90;41;48;2;0;0;0m▀[38;2;255;148;82;48;2;172;90;41m▀[38;2;0;0;0m▀[48;2;89;24;24m▀[38;2;89;24;24;48;2;255;148;82m▀▀[38;2;205;49;49;48;2;0;0;0m▀[48;2;205;49;49m▀▀▀[38;2;205;164;24m▀[38;2;255;205;32m▀[38;2;205;49;49m▀▀▀▀[38;2;255;205;32m▀[38;2;205;164;24m▀[38;2;205;49;49m▀▀▀[48;2;156;41;41m▀▀[38;2;156;41;41m▀▀▀[38;2;0;0;0;48;2;0;0;0m▀[0m
[38;2;0;0;0;49m▀[38;2;255;148;82;48;2;0;0;0m▀▀[38;2;172;90;41;48;2;172;90;41m▀▀▀[38;2;255;148;82m▀[48;2;0;0;0m▀[38;2;89;24;24m▀[38;2;0;0;0;48;2;156;41;41m▀[38;2;205;49;49m▀[48;2;205;49;49m▀▀▀▀▀▀▀[48;2;156;41;41m▀▀▀▀[38;2;156;41;41m▀▀▀▀▀▀[38;2;0;0;0;48;2;0;0;0m▀[0m
[0m   [38;2;0;0;0m▀[48;2;89;24;24m▀▀[48;2;156;41;41m▀[38;2;156;41;41m▀▀[48;2;89;24;24m▀[48;2;0;0;0m▀[38;2;0;0;0;48;2;156;41;41m▀[38;2;156;41;41m▀▀▀▀▀▀▀▀▀▀▀▀▀[48;2;89;24;24m▀[48;2;156;41;41m▀[38;2;0;0;0;48;2;0;0;0m▀[0m
[0m      [38;2;0;0;0m▀▀▀[38;2;156;41;41m▀[48;2;89;24;24m▀[48;2;156;41;41m▀▀▀▀[48;2;89;24;24m▀[48;2;156;41;41m▀▀▀▀▀▀▀▀[48;2;89;24;24m▀[38;2;89;24;24;48;2;0;0;0m▀[38;2;0;0;0;49m▀[0m
[0m           [38;2;89;24;24m▀▀▀[38;2;156;41;41;48;2;89;24;24m▀▀[38;2;0;0;0m▀[38;2;156;41;41;48;2;0;0;0m▀▀[48;2;156;41;41m▀▀[48;2;89;24;24m▀[48;2;0;0;0m▀[38;2;89;24;24m▀[38;2;0;0;0;49m▀[0m
[0m                [38;2;0;0;0;48;2;0;0;0m▀[38;2;172;90;41m▀[48;2;89;24;24m▀[48;2;255;148;82m▀▀[48;2;0;0;0m▀[48;2;172;90;41m▀[38;2;89;24;24;48;2;255;148;82m▀[49m▄[0m
[0m                  [38;2;0;0;0m▀[38;2;255;148;82;48;2;0;0;0m▀[38;2;172;90;41m▀[38;2;0;0;0;49m▀[38;2;89;24;24m▀[38;2;0;0;0m▀▀[0m
