[0m                                    [38;2;180;49;115m▄[48;2;230;106;164m▀▀[38;2;230;106;164;49m▄[38;2;180;49;115m▄[0m
[0m                             [38;2;180;49;115m▄[48;2;230;106;164m▀▀▀▀[49m▄▄[48;2;180;49;115m▀[38;2;230;106;164;48;2;230;106;164m▀▀▀▀[38;2;180;49;115;49m▄[0m
[0m                             [38;2;32;74;32m▀[38;2;230;106;164;48;2;32;74;32m▀[48;2;230;106;164m▀▀▀▀▀[38;2;180;49;115m▀[48;2;180;49;115m▀[38;2;230;106;164;48;2;230;106;164m▀▀▀[38;2;180;49;115m▀[49m▄▄▄[48;2;230;106;164m▀▀▀▀[38;2;32;74;32;49m▄[0m
[0m                               [38;2;32;74;32m▀▀[38;2;230;106;164;48;2;180;49;115m▀▀▀[48;2;230;106;164m▀▀[38;2;131;115;16;48;2;255;213;0m▀[38;2;255;213;0m▀▀[38;2;131;115;16m▀[38;2;180;49;115;48;2;131;115;16m▀[38;2;230;106;164;48;2;230;106;164m▀▀▀▀[48;2;180;49;115m▀[48;2;32;74;32m▀[38;2;32;74;32;49m▀[0m
[0m                               [38;2;180;49;115m▄[48;2;230;106;164m▀[38;2;230;106;164m▀▀▀▀▀▀[38;2;255;213;0m▀▀▀[38;2;131;115;16m▀[38;2;230;106;164m▀[38;2;180;49;115m▀▀[48;2;180;49;115m▀[49m▄[0m
[0m                               [38;2;180;49;115m▀[38;2;230;106;164;48;2;32;74;32m▀[48;2;180;49;115m▀▀▀▀[38;2;180;49;115;48;2;90;213;106m▀▀[38;2;32;74;32;48;2;32;74;32m▀[38;2;230;106;164;48;2;230;106;164m▀▀▀[38;2;180;49;115m▀[38;2;230;106;164;48;2;32;74;32m▀[48;2;230;106;164m▀▀▀[38;2;180;49;115m▀[49m▄[0m
[0m                             [38;2;131;115;16m▄▄[38;2;32;74;32;48;2;131;115;16m▀[38;2;90;213;106;48;2;65;156;74m▀[48;2;90;213;106m▀▀▀▀▀▀▀[38;2;180;49;115;48;2;32;74;32m▀[38;2;230;106;164;48;2;230;106;164m▀▀▀▀[38;2;32;74;32;48;2;180;49;115m▀[38;2;230;106;164;48;2;32;74;32m▀▀▀[38;2;32;74;32;49m▀[0m
[0m                            [38;2;16;16;16m▀[38;2;255;213;0;48;2;16;16;16m▀[48;2;255;213;0m▀▀▀[38;2;131;115;16m▀[38;2;90;213;106;48;2;90;213;106m▀▀▀▀▀▀▀[38;2;32;74;32m▀[38;2;230;106;164;48;2;32;74;32m▀▀[38;2;180;49;115;48;2;65;156;74m▀[38;2;16;16;16;48;2;16;16;16m▀[0m
[0m       [38;2;180;49;115m▄▄[0m                     [38;2;16;16;16m▀[38;2;131;115;16;48;2;32;74;32m▀[48;2;65;156;74m▀[38;2;65;156;74;48;2;90;213;106m▀[38;2;90;213;106m▀▀▀▀▀▀▀[48;2;131;115;16m▀▀[38;2;65;156;74;48;2;65;156;74m▀[38;2;16;16;16;48;2;16;16;16m▀[0m
[0m     [38;2;180;49;115m▄[48;2;230;106;164m▀[38;2;230;106;164m▀[38;2;16;16;16;48;2;16;16;16m▀[0m                   [38;2;16;16;16m▄▄[0m [38;2;32;74;32;48;2;32;74;32m▀[38;2;65;156;74;48;2;65;156;74m▀[38;2;90;213;106m▀[48;2;90;213;106m▀▀▀▀▀[48;2;65;156;74m▀[38;2;131;115;16;48;2;255;213;0m▀[38;2;255;213;0m▀▀[38;2;131;115;16m▀[49m▄[0m
[0m   [38;2;180;49;115m▄[48;2;230;106;164m▀[38;2;230;106;164m▀▀[48;2;16;16;16m▀[38;2;16;16;16;49m▀[0m                   [38;2;16;16;16;48;2;16;16;16m▀[38;2;16;139;115;48;2;16;139;115m▀[38;2;16;16;16m▀[38;2;65;156;74;48;2;16;16;16m▀[48;2;65;156;74m▀[48;2;24;98;82m▀[38;2;24;98;82;48;2;16;139;115m▀[38;2;8;57;49;48;2;8;57;49m▀[38;2;90;213;106;48;2;65;156;74m▀▀[38;2;65;156;74m▀▀[38;2;131;115;16m▀[38;2;255;213;0;48;2;16;16;16m▀▀▀▀[38;2;131;115;16m▀[0m
[0m  [38;2;180;49;115m▄[48;2;230;106;164m▀[38;2;230;106;164m▀[48;2;180;49;115m▀[48;2;16;16;16m▀[38;2;16;16;16;48;2;180;49;115m▀[38;2;32;74;32m▀[48;2;90;213;106m▀▀▀[49m▄▄[0m              [38;2;32;74;32m▄[38;2;16;16;16;48;2;16;16;16m▀[38;2;16;139;115;48;2;16;139;115m▀▀[38;2;24;98;82m▀[38;2;16;139;115m▀▀▀[38;2;8;57;49;48;2;8;57;49m▀[38;2;65;156;74;48;2;65;156;74m▀[48;2;32;74;32m▀▀[38;2;16;16;16m▀[38;2;32;74;32;49m▄[0m
[38;2;180;49;115;49m▄[48;2;255;213;0m▀[38;2;255;213;0m▀[38;2;230;106;164;48;2;230;106;164m▀[38;2;180;49;115m▀[38;2;230;106;164m▀▀▀▀[38;2;16;16;16;48;2;16;16;16m▀[38;2;90;213;106;48;2;131;115;16m▀[38;2;131;115;16;48;2;255;213;0m▀[38;2;90;213;106;48;2;131;115;16m▀[48;2;90;213;106m▀[38;2;32;74;32m▀▀[49m▄[0m [38;2;24;98;82m▄[38;2;8;57;49m▄[38;2;16;16;16;48;2;16;16;16m▀[38;2;131;115;16;48;2;255;213;0m▀▀[49m▄▄▄[38;2;32;74;32;48;2;65;156;74m▀[48;2;90;213;106m▀[38;2;65;156;74m▀[38;2;90;213;106m▀[38;2;16;16;16m▀[38;2;16;139;115;48;2;24;98;82m▀▀[48;2;16;139;115m▀▀▀▀[38;2;8;57;49m▀[38;2;16;139;115m▀[48;2;32;74;32m▀▀[38;2;32;74;32;49m▀[0m          [38;2;24;98;82m▄▄[0m
[38;2;180;49;115;48;2;180;49;115m▀[38;2;255;213;0;48;2;255;213;0m▀[48;2;230;106;164m▀[38;2;230;106;164m▀[48;2;180;49;115m▀[48;2;16;16;16m▀▀[38;2;16;16;16;48;2;90;213;106m▀▀[38;2;131;115;16;48;2;131;115;16m▀[38;2;255;213;0;48;2;255;213;0m▀▀▀[38;2;131;115;16;48;2;131;115;16m▀[38;2;90;213;106;48;2;90;213;106m▀▀▀[38;2;32;74;32m▀[38;2;8;57;49;48;2;8;57;49m▀[38;2;16;139;115;48;2;16;139;115m▀[38;2;8;57;49;49m▄[38;2;16;16;16;48;2;16;16;16m▀[38;2;255;213;0;48;2;131;115;16m▀[48;2;255;213;0m▀▀▀[38;2;131;115;16;48;2;131;115;16m▀[38;2;90;213;106;48;2;90;213;106m▀▀▀▀▀[48;2;65;156;74m▀[38;2;24;98;82m▀[48;2;90;213;106m▀▀[38;2;32;74;32m▀▀[38;2;24;98;82m▀[38;2;32;74;32;49m▄[0m   [38;2;16;16;16m▄[38;2;24;98;82m▄▄[0m [38;2;131;115;16;48;2;131;115;16m▀[48;2;255;213;0m▀[49m▄[38;2;24;98;82m▄[48;2;16;139;115m▀[38;2;16;139;115m▀[38;2;8;57;49;48;2;131;115;16m▀[38;2;131;115;16;49m▄▄[0m
[38;2;180;49;115;49m▄[48;2;230;106;164m▀[38;2;230;106;164m▀▀▀[38;2;180;49;115m▀[38;2;90;213;106;48;2;16;16;16m▀[48;2;90;213;106m▀▀▀[38;2;131;115;16m▀[38;2;255;213;0m▀[38;2;131;115;16m▀[38;2;90;213;106m▀▀[48;2;8;57;49m▀▀[38;2;65;156;74m▀[38;2;8;57;49m▀[38;2;16;139;115;48;2;16;139;115m▀▀[38;2;8;57;49;48;2;8;57;49m▀[38;2;16;16;16;48;2;90;213;106m▀[38;2;131;115;16;48;2;16;16;16m▀[38;2;255;213;0m▀[48;2;131;115;16m▀[38;2;131;115;16;48;2;90;213;106m▀[38;2;90;213;106m▀▀▀[38;2;65;156;74;48;2;131;115;16m▀[38;2;131;115;16m▀[48;2;255;213;0m▀▀[38;2;255;213;0;48;2;131;115;16m▀[38;2;65;156;74;48;2;255;213;0m▀[38;2;90;213;106;48;2;90;213;106m▀▀▀▀[38;2;32;74;32;48;2;32;74;32m▀[0m  [38;2;16;16;16m▀[38;2;16;139;115;48;2;16;16;16m▀[48;2;16;139;115m▀[38;2;24;98;82m▀[38;2;131;115;16;48;2;131;115;16m▀[38;2;255;213;0;48;2;255;213;0m▀▀[38;2;16;139;115;48;2;131;115;16m▀▀[38;2;131;115;16;48;2;255;213;0m▀[38;2;255;213;0m▀▀[38;2;131;115;16;48;2;131;115;16m▀[0m
[38;2;180;49;115;48;2;16;16;16m▀[38;2;230;106;164;48;2;230;106;164m▀[38;2;180;49;115m▀[38;2;230;106;164m▀▀▀[38;2;16;16;16m▀[38;2;90;213;106;48;2;16;16;16m▀[48;2;90;213;106m▀▀▀▀▀▀▀[38;2;8;57;49m▀[38;2;16;139;115;48;2;16;16;16m▀[48;2;16;139;115m▀▀[48;2;24;98;82m▀[38;2;24;98;82;48;2;32;74;32m▀[38;2;32;74;32;48;2;90;213;106m▀[38;2;90;213;106m▀▀▀▀▀▀▀[38;2;65;156;74;48;2;65;156;74m▀[38;2;131;115;16;48;2;131;115;16m▀[38;2;180;156;16m▀[38;2;255;213;0;48;2;255;213;0m▀▀[48;2;131;115;16m▀[48;2;255;213;0m▀[38;2;65;156;74;48;2;65;156;74m▀[38;2;90;213;106;48;2;90;213;106m▀▀▀[38;2;65;156;74;48;2;65;156;74m▀[38;2;32;74;32;48;2;32;74;32m▀[38;2;16;16;16;49m▄[38;2;32;74;32;48;2;90;213;106m▀[38;2;16;16;16m▀[38;2;16;139;115;48;2;16;16;16m▀[48;2;16;139;115m▀[38;2;65;156;74;48;2;65;156;74m▀[38;2;131;115;16;48;2;90;213;106m▀▀[38;2;90;213;106m▀[38;2;131;115;16m▀[38;2;255;213;0;48;2;131;115;16m▀▀[38;2;131;115;16;48;2;16;139;115m▀[38;2;8;57;49;49m▄[0m
[38;2;16;16;16;48;2;16;16;16m▀[38;2;230;106;164;48;2;230;106;164m▀▀[38;2;16;16;16m▀[38;2;230;106;164;48;2;16;16;16m▀[48;2;230;106;164m▀[48;2;180;49;115m▀[38;2;16;16;16;48;2;16;16;16m▀[38;2;90;213;106;48;2;65;156;74m▀[48;2;90;213;106m▀[48;2;131;115;16m▀▀[48;2;90;213;106m▀▀[48;2;65;156;74m▀[38;2;65;156;74m▀▀[38;2;16;16;16;48;2;16;16;16m▀[38;2;24;98;82;48;2;24;98;82m▀▀[38;2;16;16;16;48;2;16;16;16m▀[38;2;90;213;106;48;2;65;156;74m▀[38;2;65;156;74;48;2;131;115;16m▀[38;2;131;115;16;48;2;255;213;0m▀[38;2;90;213;106m▀[48;2;90;213;106m▀▀▀▀▀[38;2;255;213;0;48;2;65;156;74m▀[38;2;131;115;16;48;2;255;213;0m▀▀▀[38;2;255;213;0m▀[48;2;65;156;74m▀[38;2;90;213;106;48;2;90;213;106m▀▀▀[38;2;65;156;74;48;2;65;156;74m▀[48;2;16;16;16m▀[38;2;16;16;16;48;2;90;213;106m▀[38;2;90;213;106m▀▀[48;2;8;57;49m▀[38;2;8;57;49;48;2;16;139;115m▀[38;2;16;139;115m▀[38;2;32;74;32;48;2;32;74;32m▀[38;2;90;213;106;48;2;90;213;106m▀▀▀[38;2;131;115;16;48;2;131;115;16m▀[38;2;255;213;0;48;2;255;213;0m▀▀[38;2;131;115;16m▀[38;2;16;139;115;48;2;131;115;16m▀[38;2;24;98;82;48;2;16;139;115m▀[49m▄[0m
[38;2;16;16;16;49m▀[38;2;230;106;164;48;2;16;16;16m▀[48;2;230;106;164m▀▀[38;2;180;49;115;48;2;180;49;115m▀[38;2;16;16;16;49m▀▀[38;2;32;74;32m▀▀[38;2;65;156;74;48;2;131;115;16m▀[38;2;255;213;0;48;2;255;213;0m▀▀[38;2;131;115;16;48;2;16;16;16m▀[38;2;65;156;74m▀[48;2;32;74;32m▀[38;2;32;74;32;49m▀[38;2;16;16;16;48;2;16;16;16m▀[38;2;24;98;82;48;2;24;98;82m▀[48;2;16;16;16m▀[38;2;16;16;16;49m▀[48;2;16;16;16m▀[38;2;65;156;74;48;2;65;156;74m▀[38;2;131;115;16;48;2;180;156;16m▀[38;2;255;213;0;48;2;131;115;16m▀[48;2;255;213;0m▀[38;2;90;213;106;48;2;90;213;106m▀▀▀▀▀▀▀[38;2;65;156;74m▀[48;2;32;74;32m▀[38;2;90;213;106;48;2;90;213;106m▀▀▀[48;2;65;156;74m▀[38;2;65;156;74m▀[38;2;16;16;16;48;2;16;16;16m▀[38;2;90;213;106;48;2;90;213;106m▀▀▀[48;2;8;57;49m▀[38;2;8;57;49;48;2;16;139;115m▀[38;2;16;139;115m▀▀▀[38;2;32;74;32m▀▀[38;2;90;213;106;48;2;32;74;32m▀▀[38;2;131;115;16m▀[48;2;8;57;49m▀[48;2;16;16;16m▀▀[38;2;8;57;49;49m▀[38;2;16;16;16m▀[0m
[0m [38;2;16;16;16m▀[38;2;230;106;164;48;2;16;16;16m▀▀[38;2;180;49;115;49m▀[0m    [38;2;131;115;16;48;2;131;115;16m▀[38;2;255;213;0m▀[38;2;131;115;16;49m▀[0m    [38;2;16;16;16m▀▀[0m   [38;2;16;16;16;48;2;16;16;16m▀[38;2;65;156;74;48;2;90;213;106m▀[38;2;255;213;0m▀[38;2;90;213;106m▀[48;2;32;74;32m▀[48;2;65;156;74m▀[48;2;90;213;106m▀[38;2;32;74;32;48;2;32;74;32m▀[48;2;90;213;106m▀[38;2;65;156;74;48;2;65;156;74m▀[38;2;90;213;106;48;2;32;74;32m▀[38;2;65;156;74m▀[48;2;90;213;106m▀[38;2;90;213;106;48;2;65;156;74m▀▀[38;2;65;156;74m▀▀[38;2;16;16;16;48;2;16;16;16m▀[38;2;65;156;74;48;2;65;156;74m▀[38;2;90;213;106;48;2;90;213;106m▀▀▀[38;2;8;57;49m▀[38;2;16;16;16m▀▀▀▀[38;2;24;98;82;48;2;16;16;16m▀[38;2;16;139;115;48;2;16;139;115m▀▀▀▀[38;2;16;16;16;48;2;16;16;16m▀[0m
[0m                      [38;2;16;16;16m▀[38;2;65;156;74;48;2;16;16;16m▀[38;2;90;213;106m▀[48;2;65;156;74m▀[38;2;65;156;74m▀[38;2;32;74;32m▀▀[38;2;90;213;106m▀▀▀[38;2;65;156;74m▀▀▀▀[48;2;32;74;32m▀[38;2;16;16;16;48;2;16;16;16m▀[38;2;65;156;74;48;2;65;156;74m▀▀[38;2;90;213;106m▀[48;2;90;213;106m▀▀▀▀▀▀▀[38;2;16;16;16m▀[38;2;24;98;82;48;2;16;16;16m▀[38;2;16;139;115;48;2;16;139;115m▀▀[38;2;16;16;16;48;2;16;16;16m▀[0m
[0m          [38;2;8;57;49m▄[38;2;24;98;82m▄[0m             [38;2;16;16;16m▀[48;2;8;57;49m▀[48;2;24;98;82m▀[38;2;65;156;74;48;2;16;16;16m▀▀▀▀[48;2;32;74;32m▀[38;2;16;16;16;48;2;24;98;82m▀▀[38;2;32;74;32m▀[38;2;24;98;82;48;2;16;16;16m▀[38;2;16;16;16;48;2;65;156;74m▀[38;2;65;156;74m▀▀▀▀▀[38;2;90;213;106m▀▀▀▀[48;2;16;16;16m▀[48;2;32;74;32m▀[38;2;32;74;32;49m▀[38;2;16;16;16m▀[38;2;16;139;115;48;2;16;16;16m▀[38;2;16;16;16m▀[0m
[0m          [38;2;8;57;49;48;2;8;57;49m▀[38;2;16;139;115;48;2;16;139;115m▀[38;2;24;98;82m▀▀[49m▄[38;2;32;74;32m▄▄▄[38;2;65;156;74;48;2;90;213;106m▀▀▀▀▀[49m▄▄[38;2;16;16;16;48;2;16;16;16m▀[38;2;24;98;82m▀▀[48;2;24;98;82m▀▀▀▀[48;2;16;139;115m▀▀[38;2;16;139;115m▀[38;2;8;57;49m▀[38;2;32;74;32;48;2;8;57;49m▀[38;2;65;156;74;48;2;65;156;74m▀▀▀▀▀[48;2;16;16;16m▀▀[48;2;32;74;32m▀[38;2;16;16;16;49m▀[38;2;32;74;32m▀[0m
[0m         [38;2;24;98;82m▄[38;2;8;57;49;48;2;16;139;115m▀[38;2;16;139;115m▀[48;2;32;74;32m▀[38;2;32;74;32;48;2;90;213;106m▀▀[38;2;90;213;106m▀▀▀▀▀▀▀▀▀▀▀[38;2;8;57;49;48;2;8;57;49m▀[38;2;16;139;115;48;2;16;139;115m▀[48;2;16;16;16m▀▀[38;2;16;16;16;48;2;90;213;106m▀▀▀[38;2;24;98;82;48;2;16;16;16m▀[38;2;16;139;115;48;2;8;57;49m▀[48;2;16;139;115m▀[38;2;16;16;16;48;2;16;16;16m▀[38;2;65;156;74;48;2;65;156;74m▀[38;2;32;74;32;48;2;16;16;16m▀[38;2;16;16;16;49m▀▀[38;2;32;74;32m▀[0m
[0m       [38;2;24;98;82m▄[48;2;16;139;115m▀[38;2;16;139;115m▀▀[38;2;24;98;82;48;2;32;74;32m▀[38;2;90;213;106;48;2;90;213;106m▀▀▀▀▀▀▀▀▀▀▀▀▀[48;2;65;156;74m▀[38;2;16;16;16;48;2;32;74;32m▀▀[38;2;90;213;106;48;2;90;213;106m▀▀▀▀▀▀▀[38;2;16;16;16m▀▀[38;2;65;156;74;48;2;65;156;74m▀[38;2;16;16;16;48;2;16;16;16m▀[0m
[0m      [38;2;8;57;49;48;2;16;16;16m▀[38;2;24;98;82m▀[48;2;24;98;82m▀▀[38;2;16;139;115m▀[38;2;32;74;32m▀[38;2;65;156;74;48;2;65;156;74m▀[38;2;90;213;106m▀▀[48;2;90;213;106m▀▀▀▀[48;2;65;156;74m▀▀▀▀[38;2;65;156;74m▀[48;2;16;16;16m▀[38;2;32;74;32;48;2;32;74;32m▀[48;2;90;213;106m▀[38;2;90;213;106m▀▀▀▀▀▀▀▀▀▀▀[38;2;16;16;16;48;2;32;74;32m▀[0m
[0m        [38;2;16;16;16;48;2;131;115;16m▀[48;2;8;57;49m▀[38;2;24;98;82;48;2;24;98;82m▀▀[38;2;16;16;16m▀[38;2;65;156;74;48;2;16;16;16m▀▀[48;2;65;156;74m▀▀▀▀[48;2;16;16;16m▀▀▀[38;2;16;16;16;49m▀▀[38;2;32;74;32m▄[48;2;90;213;106m▀[38;2;90;213;106m▀▀▀▀▀▀▀▀▀▀▀▀▀[38;2;32;74;32;48;2;16;16;16m▀[0m
[0m        [38;2;131;115;16;48;2;16;16;16m▀[38;2;255;213;0m▀[38;2;8;57;49m▀[38;2;24;98;82;48;2;24;98;82m▀▀▀[48;2;8;57;49m▀[38;2;16;16;16m▀▀[48;2;24;98;82m▀▀[38;2;8;57;49;49m▄[0m   [38;2;32;74;32m▄[48;2;90;213;106m▀[38;2;90;213;106m▀▀▀▀▀▀▀▀▀▀▀▀▀▀[38;2;16;16;16;48;2;16;16;16m▀[0m
[0m           [38;2;8;57;49;48;2;16;16;16m▀[38;2;24;98;82;48;2;24;98;82m▀[48;2;16;16;16m▀[38;2;16;16;16;49m▀[0m  [38;2;8;57;49m▀▀▀[0m  [38;2;16;16;16m▄[38;2;32;74;32;48;2;65;156;74m▀[38;2;90;213;106;48;2;24;98;82m▀[38;2;24;98;82;48;2;16;139;115m▀[38;2;90;213;106;48;2;24;98;82m▀[48;2;90;213;106m▀▀▀▀▀▀[48;2;24;98;82m▀[38;2;24;98;82;48;2;16;139;115m▀[38;2;90;213;106;48;2;24;98;82m▀[48;2;90;213;106m▀▀[38;2;65;156;74;48;2;65;156;74m▀[38;2;16;16;16;48;2;16;16;16m▀[0m
[0m            [38;2;16;16;16m▀[0m         [38;2;16;16;16;48;2;16;16;16m▀[38;2;24;98;82;48;2;24;98;82m▀[38;2;16;139;115;48;2;16;139;115m▀▀▀[38;2;90;213;106;48;2;24;98;82m▀[48;2;90;213;106m▀▀▀▀[38;2;65;156;74;48;2;16;139;115m▀[38;2;16;139;115m▀▀[38;2;24;98;82m▀[38;2;90;213;106;48;2;24;98;82m▀[38;2;65;156;74;48;2;65;156;74m▀[48;2;24;98;82m▀[38;2;16;16;16;48;2;16;16;16m▀[0m
[0m                      [38;2;16;16;16;48;2;16;16;16m▀[38;2;24;98;82;48;2;24;98;82m▀▀[38;2;16;139;115m▀▀[48;2;16;139;115m▀[38;2;65;156;74m▀[38;2;90;213;106;48;2;65;156;74m▀[48;2;16;139;115m▀[38;2;65;156;74m▀[38;2;16;139;115;48;2;24;98;82m▀▀[38;2;24;98;82m▀▀▀▀▀[38;2;16;16;16;48;2;16;16;16m▀[0m
[0m                       [38;2;16;16;16;48;2;16;16;16m▀[38;2;24;98;82;48;2;24;98;82m▀▀▀▀▀▀▀▀▀▀▀▀▀▀[38;2;16;16;16;48;2;16;16;16m▀[0m
[0m                       [38;2;8;57;49m▄[38;2;16;16;16;48;2;24;98;82m▀[38;2;24;98;82;48;2;16;16;16m▀▀[48;2;24;98;82m▀▀▀▀▀▀▀▀[48;2;16;16;16m▀▀[38;2;16;16;16;49m▀[0m
[0m                    [38;2;8;57;49m▄[48;2;8;57;49m▀[48;2;16;139;115m▀[38;2;16;139;115m▀[38;2;24;98;82m▀[48;2;24;98;82m▀▀[38;2;8;57;49m▀▀▀[38;2;24;98;82m▀▀▀[38;2;16;16;16m▀▀[38;2;8;57;49m▀[49m▄[0m
[0m                      [38;2;8;57;49m▀[48;2;16;16;16m▀[48;2;16;139;115m▀[38;2;16;139;115m▀▀[38;2;24;98;82m▀▀[48;2;16;16;16m▀[38;2;16;16;16;49m▀▀[38;2;24;98;82;48;2;16;16;16m▀▀[38;2;16;139;115m▀[48;2;16;139;115m▀▀[38;2;24;98;82m▀[38;2;8;57;49;49m▄[0m
[0m                      [38;2;24;98;82;48;2;16;16;16m▀[38;2;16;139;115;48;2;16;139;115m▀[48;2;8;57;49m▀[48;2;16;16;16m▀▀[38;2;16;16;16;49m▀▀[0m      [38;2;16;16;16m▀▀▀▀[0m
[0m                      [38;2;16;16;16m▀▀[38;2;8;57;49m▀[0m
