[0m                     [38;2;90;82;74m▄▄[38;2;123;115;115;48;2;197;189;131m▀▀▀[48;2;123;115;115m▀[38;2;90;82;74;48;2;164;156;139m▀▀▀[49m▄▄[0m
[0m            [38;2;90;82;74m▄▄[48;2;123;115;115m▀[48;2;164;156;139m▀▀▀▀[38;2;123;115;115m▀▀▀[38;2;164;156;139;48;2;90;82;74m▀▀▀[48;2;164;156;139m▀▀▀▀▀▀▀[38;2;90;82;74m▀[48;2;123;115;115m▀[49m▄[0m
[0m          [38;2;90;82;74m▄[48;2;164;156;139m▀[38;2;164;156;139;48;2;123;115;115m▀▀[38;2;123;115;115;48;2;164;156;139m▀▀▀[38;2;164;156;139m▀▀[38;2;123;115;115m▀▀▀[38;2;164;156;139m▀▀▀[38;2;90;82;74m▀▀[38;2;164;156;139m▀▀▀▀▀▀[38;2;123;115;115;48;2;123;115;115m▀[38;2;164;156;139;48;2;164;156;139m▀[38;2;90;82;74;48;2;90;82;74m▀[0m
[0m     [38;2;16;16;16m▄[48;2;255;255;255m▀[48;2;65;65;65m▀[49m▄[38;2;90;82;74;48;2;164;156;139m▀[38;2;164;156;139;48;2;123;115;115m▀[38;2;123;115;115;48;2;164;156;139m▀[38;2;164;156;139m▀[48;2;16;16;16m▀▀▀[48;2;164;156;139m▀▀▀▀▀▀▀▀▀▀▀▀▀[38;2;90;82;74m▀[38;2;164;156;139;48;2;90;82;74m▀[48;2;164;156;139m▀▀[38;2;123;115;115m▀[38;2;164;156;139;48;2;123;115;115m▀▀[38;2;90;82;74;48;2;90;82;74m▀[0m
[0m    [38;2;16;16;16;48;2;16;16;16m▀[38;2;65;65;65;48;2;65;65;65m▀[38;2;255;255;255m▀[38;2;65;65;65m▀[38;2;238;156;74;48;2;238;156;74m▀[38;2;16;16;16;48;2;16;16;16m▀[38;2;164;156;139;48;2;164;156;139m▀[48;2;123;115;115m▀[38;2;16;16;16;48;2;16;16;16m▀[38;2;65;65;65;48;2;65;65;65m▀[38;2;255;255;255;48;2;255;255;255m▀[38;2;65;65;65;48;2;65;65;65m▀[38;2;16;16;16;48;2;16;16;16m▀[38;2;164;156;139;48;2;123;115;115m▀▀[48;2;164;156;139m▀▀▀▀▀▀[48;2;123;115;115m▀[38;2;197;189;131;48;2;197;189;131m▀[38;2;164;156;139m▀[48;2;164;156;139m▀▀▀[38;2;90;82;74;48;2;90;82;74m▀[38;2;164;156;139;48;2;164;156;139m▀▀▀▀[38;2;90;82;74m▀[49m▄[0m
[0m    [38;2;16;16;16m▀[38;2;65;65;65;48;2;16;16;16m▀[48;2;65;65;65m▀[48;2;238;156;74m▀[38;2;238;156;74m▀[38;2;16;16;16m▀[38;2;123;115;115;48;2;16;16;16m▀[38;2;164;156;139;48;2;164;156;139m▀[38;2;16;16;16;48;2;16;16;16m▀[38;2;65;65;65;48;2;65;65;65m▀▀▀[38;2;197;98;32;48;2;238;156;74m▀[38;2;16;16;16;48;2;16;16;16m▀[38;2;164;156;139;48;2;164;156;139m▀[38;2;123;115;115m▀▀▀▀[38;2;164;156;139;48;2;123;115;115m▀[48;2;164;156;139m▀[38;2;123;115;115m▀[38;2;197;189;131;48;2;123;115;115m▀▀[38;2;123;115;115;48;2;164;156;139m▀[38;2;164;156;139m▀▀▀[38;2;90;82;74;48;2;90;82;74m▀[38;2;164;156;139;48;2;164;156;139m▀▀▀[48;2;123;115;115m▀[38;2;90;82;74;48;2;90;82;74m▀[0m
[0m    [38;2;90;82;74m▄[38;2;16;16;16;48;2;164;156;139m▀[38;2;238;156;74;48;2;16;16;16m▀[48;2;238;156;74m▀▀▀[38;2;98;65;41;48;2;197;98;32m▀[48;2;238;156;74m▀[38;2;197;98;32m▀[38;2;16;16;16;48;2;197;98;32m▀[48;2;238;156;74m▀[38;2;238;156;74m▀[48;2;98;65;41m▀[38;2;16;16;16;48;2;238;156;74m▀[38;2;164;156;139;48;2;98;65;41m▀[48;2;164;156;139m▀▀▀▀▀[38;2;123;115;115m▀[38;2;164;156;139m▀▀▀▀▀▀▀▀[38;2;90;82;74;48;2;90;82;74m▀[38;2;164;156;139;48;2;123;115;115m▀[38;2;123;115;115m▀▀[38;2;90;82;74;48;2;90;82;74m▀[0m
[0m    [38;2;90;82;74;48;2;90;82;74m▀[38;2;123;115;115;48;2;164;156;139m▀[38;2;164;156;139m▀[38;2;16;16;16;48;2;98;65;41m▀[38;2;197;98;32;48;2;238;156;74m▀▀[38;2;238;156;74m▀▀▀[38;2;197;98;32m▀[38;2;238;156;74;48;2;197;98;32m▀▀[38;2;98;65;41;48;2;238;156;74m▀[38;2;238;156;74m▀[38;2;98;65;41m▀[38;2;16;16;16;48;2;98;65;41m▀[48;2;16;16;16m▀[38;2;164;156;139m▀▀[48;2;164;156;139m▀▀▀[38;2;90;82;74;48;2;90;82;74m▀[38;2;164;156;139;48;2;164;156;139m▀▀▀▀▀▀[38;2;90;82;74m▀[38;2;123;115;115;48;2;16;16;16m▀[48;2;123;115;115m▀[38;2;90;82;74;48;2;90;82;74m▀[0m
[0m  [38;2;98;65;41m▄[48;2;238;156;74m▀[38;2;90;82;74;48;2;255;189;123m▀[48;2;238;156;74m▀[38;2;16;16;16;48;2;16;16;16m▀[38;2;238;156;74;48;2;197;98;32m▀[48;2;238;156;74m▀▀[38;2;98;65;41;48;2;148;98;74m▀[38;2;238;156;74;48;2;238;156;74m▀▀▀▀▀▀[48;2;98;65;41m▀[38;2;197;98;32m▀[38;2;98;65;41;48;2;238;156;74m▀▀[38;2;16;16;16m▀[48;2;197;98;32m▀[48;2;16;16;16m▀[38;2;164;156;139;48;2;65;65;65m▀[48;2;164;156;139m▀▀[38;2;90;82;74;48;2;90;82;74m▀[38;2;164;156;139;48;2;164;156;139m▀▀▀▀▀[48;2;90;82;74m▀[38;2;16;16;16;48;2;16;16;16m▀[38;2;90;82;74;49m▀[0m
[0m [38;2;98;65;41;48;2;98;65;41m▀[38;2;238;156;74;48;2;238;156;74m▀[38;2;255;189;123;48;2;255;189;123m▀▀[48;2;238;156;74m▀[38;2;197;98;32m▀[38;2;16;16;16;48;2;197;98;32m▀[38;2;197;98;32;48;2;16;16;16m▀[48;2;197;98;32m▀[38;2;238;156;74m▀▀▀▀[38;2;197;98;32m▀[48;2;16;16;16m▀[38;2;98;65;41;48;2;238;156;74m▀[38;2;238;156;74;48;2;255;189;123m▀[38;2;255;189;123m▀[38;2;238;156;74m▀[48;2;238;156;74m▀▀▀[38;2;197;98;32m▀[38;2;16;16;16;48;2;197;98;32m▀[38;2;65;65;65;48;2;16;16;16m▀[38;2;164;156;139;48;2;65;65;65m▀[48;2;164;156;139m▀[38;2;90;82;74;48;2;90;82;74m▀[38;2;164;156;139m▀▀▀[38;2;90;82;74;48;2;123;115;115m▀[38;2;123;115;115m▀[38;2;16;16;16;48;2;16;16;16m▀[0m
[38;2;98;65;41;48;2;16;16;16m▀[38;2;238;156;74;48;2;238;156;74m▀▀▀▀▀[48;2;197;98;32m▀[38;2;197;98;32m▀▀[38;2;16;16;16;48;2;16;16;16m▀[48;2;148;98;74m▀[38;2;197;98;32;48;2;16;16;16m▀▀[48;2;98;65;41m▀[48;2;16;16;16m▀[38;2;16;16;16;48;2;238;156;74m▀[38;2;238;156;74m▀[38;2;255;189;123;48;2;255;189;123m▀▀[38;2;238;156;74;48;2;238;156;74m▀▀▀▀▀[38;2;197;98;32;48;2;197;98;32m▀[38;2;16;16;16;48;2;16;16;16m▀▀[38;2;123;115;115;48;2;123;115;115m▀[38;2;90;82;74;48;2;90;82;74m▀[38;2;123;115;115;48;2;123;115;115m▀[48;2;90;82;74m▀[38;2;90;82;74;48;2;123;115;115m▀[38;2;123;115;115m▀[38;2;16;16;16;48;2;16;16;16m▀[0m
[38;2;16;16;16;48;2;16;16;16m▀[38;2;238;156;74;48;2;238;156;74m▀[48;2;197;98;32m▀[48;2;98;65;41m▀[48;2;197;98;32m▀[38;2;197;98;32m▀▀▀[48;2;16;16;16m▀[38;2;16;16;16;48;2;98;65;41m▀[38;2;98;65;41;48;2;148;98;74m▀▀[38;2;197;98;32;48;2;98;65;41m▀[48;2;197;98;32m▀[38;2;16;16;16;48;2;98;65;41m▀[38;2;238;156;74;48;2;197;98;32m▀[48;2;238;156;74m▀▀▀▀▀▀▀[38;2;197;98;32;48;2;197;98;32m▀[48;2;16;16;16m▀[38;2;16;16;16m▀[48;2;65;65;65m▀[38;2;123;115;115;48;2;123;115;115m▀[38;2;90;82;74;48;2;90;82;74m▀[48;2;123;115;115m▀[38;2;123;115;115m▀▀[48;2;16;16;16m▀[38;2;16;16;16;49m▀[0m
[0m [38;2;98;65;41;48;2;16;16;16m▀[38;2;197;98;32;48;2;238;156;74m▀[38;2;238;156;74m▀[38;2;98;65;41;48;2;197;98;32m▀[38;2;197;98;32;48;2;16;16;16m▀▀[38;2;16;16;16;48;2;98;65;41m▀[38;2;197;98;32;48;2;197;98;32m▀[38;2;98;65;41m▀[38;2;148;98;74;48;2;16;16;16m▀[38;2;16;16;16;48;2;90;82;74m▀[38;2;123;115;115;48;2;123;115;115m▀[38;2;98;65;41m▀[48;2;16;16;16m▀[38;2;16;16;16;48;2;197;98;32m▀[38;2;98;65;41;48;2;238;156;74m▀[38;2;197;98;32m▀▀[38;2;238;156;74m▀▀[48;2;197;98;32m▀[38;2;197;98;32m▀[48;2;16;16;16m▀[38;2;16;16;16m▀[48;2;65;65;65m▀[38;2;123;115;115;48;2;123;115;115m▀[48;2;90;82;74m▀[38;2;90;82;74;48;2;123;115;115m▀[38;2;123;115;115m▀▀[48;2;16;16;16m▀[38;2;16;16;16;49m▀[0m
[0m [38;2;16;16;16;48;2;16;16;16m▀[38;2;238;156;74;48;2;238;156;74m▀▀[38;2;197;98;32;48;2;16;16;16m▀[38;2;16;16;16;49m▀[0m [38;2;16;16;16m▀[38;2;197;98;32;48;2;98;65;41m▀[48;2;197;98;32m▀[38;2;98;65;41;48;2;16;16;16m▀[38;2;16;16;16;49m▀[38;2;90;82;74;48;2;16;16;16m▀[38;2;123;115;115;48;2;90;82;74m▀[38;2;16;16;16;48;2;16;16;16m▀[38;2;238;156;74;48;2;238;156;74m▀▀▀▀[38;2;98;65;41;48;2;98;65;41m▀[38;2;197;98;32;48;2;16;16;16m▀[38;2;98;65;41;48;2;197;98;32m▀[48;2;98;65;41m▀[38;2;16;16;16;48;2;16;16;16m▀[48;2;123;115;115m▀[38;2;123;115;115m▀[48;2;16;16;16m▀[38;2;90;82;74;48;2;123;115;115m▀[38;2;123;115;115m▀[48;2;16;16;16m▀[38;2;16;16;16;49m▀[0m
[0m  [38;2;16;16;16;48;2;16;16;16m▀[38;2;238;156;74;48;2;238;156;74m▀[38;2;16;16;16;48;2;16;16;16m▀[0m   [38;2;16;16;16m▀[38;2;197;98;32;48;2;16;16;16m▀[38;2;16;16;16;49m▀[0m  [38;2;16;16;16;48;2;16;16;16m▀[38;2;197;98;32;48;2;238;156;74m▀[38;2;238;156;74m▀▀[48;2;197;98;32m▀[38;2;197;98;32;48;2;16;16;16m▀[38;2;16;16;16m▀[38;2;197;98;32;48;2;197;98;32m▀▀[38;2;16;16;16;48;2;90;82;74m▀[38;2;123;115;115;48;2;123;115;115m▀▀[48;2;16;16;16m▀[38;2;16;16;16;48;2;90;82;74m▀[38;2;123;115;115;48;2;16;16;16m▀[38;2;16;16;16;49m▀[0m
[0m   [38;2;16;16;16m▀[0m         [38;2;16;16;16;48;2;16;16;16m▀[38;2;238;156;74;48;2;238;156;74m▀[48;2;16;16;16m▀[38;2;16;16;16;49m▀[38;2;90;82;74m▀▀[38;2;16;16;16m▀[38;2;197;98;32;48;2;16;16;16m▀[38;2;16;16;16;49m▀[38;2;90;82;74m▀[38;2;16;16;16m▀▀[38;2;90;82;74m▀[0m
[0m              [38;2;16;16;16m▀[0m
