[0m                                 [38;2;139;106;74m▄▄▄▄▄[48;2;139;106;74m▀[48;2;172;156;131m▀▀▀▀▀▀▀[49m▄▄[0m
[0m                       [38;2;139;106;74m▄▄▄▄▄[48;2;172;156;131m▀▀▀▀[48;2;139;106;74m▀[38;2;172;156;131m▀▀[38;2;139;106;74;48;2;172;156;131m▀▀[38;2;172;156;131m▀▀[38;2;139;106;74m▀▀[38;2;172;156;131;48;2;139;106;74m▀▀[48;2;172;156;131m▀▀▀▀▀[38;2;139;106;74m▀[38;2;90;65;49m▀[49m▄▄[0m
[0m        [38;2;139;106;74m▄▄▄▄▄▄▄▄▄▄▄[48;2;172;156;131m▀▀▀▀[38;2;172;156;131;48;2;139;106;74m▀▀▀▀▀[38;2;139;106;74;48;2;172;156;131m▀▀▀▀[38;2;172;156;131m▀▀▀[48;2;139;106;74m▀▀▀▀[48;2;172;156;131m▀▀▀▀[38;2;139;106;74m▀▀▀▀[38;2;172;156;131;48;2;139;106;74m▀▀[48;2;172;156;131m▀▀[48;2;139;106;74m▀[38;2;90;65;49m▀▀[49m▄▄▄[0m
[0m     [38;2;139;106;74m▄[48;2;172;156;131m▀▀[38;2;172;156;131m▀▀▀[48;2;139;106;74m▀[38;2;139;106;74;48;2;172;156;131m▀[38;2;172;156;131;48;2;139;106;74m▀▀▀▀[48;2;172;156;131m▀[48;2;139;106;74m▀[48;2;172;156;131m▀▀▀▀▀▀▀▀▀▀▀▀▀[48;2;246;189;57m▀▀[48;2;172;156;131m▀▀▀▀▀[38;2;139;106;74m▀▀[38;2;172;156;131m▀[38;2;139;106;74m▀[38;2;172;156;131m▀▀▀▀▀▀[38;2;139;106;74;48;2;139;106;74m▀▀▀▀▀▀▀▀[38;2;90;65;49m▀[49m▄▄[0m
[0m    [38;2;139;106;74;48;2;139;106;74m▀[38;2;172;156;131;48;2;172;156;131m▀▀▀[48;2;139;106;74m▀▀[38;2;139;106;74;48;2;172;156;131m▀▀▀[38;2;172;156;131m▀▀▀▀▀▀▀▀▀▀▀▀▀▀▀▀[48;2;246;189;57m▀[38;2;246;189;57m▀▀[38;2;172;156;131m▀[38;2;246;189;57;48;2;172;156;131m▀[38;2;172;156;131m▀▀▀▀▀▀▀▀▀▀▀▀▀▀[38;2;139;106;74;48;2;139;106;74m▀▀▀▀▀▀▀▀▀▀▀▀[38;2;90;65;49m▀[49m▄[0m
[0m   [38;2;139;106;74;48;2;139;106;74m▀[38;2;172;156;131m▀▀[38;2;139;106;74;48;2;172;156;131m▀▀[38;2;172;156;131m▀▀▀▀▀▀▀▀▀▀▀▀▀▀▀▀▀[48;2;246;189;57m▀▀[48;2;172;156;131m▀▀▀▀▀▀▀▀▀▀▀▀▀▀▀▀▀▀▀▀[48;2;139;106;74m▀[38;2;139;106;74m▀▀▀▀▀▀▀▀▀▀▀▀▀▀[38;2;90;65;49m▀▀[49m▄[0m
[0m  [38;2;90;65;49;48;2;90;65;49m▀[38;2;172;156;131;48;2;172;156;131m▀▀▀▀▀▀[48;2;139;106;74m▀▀▀[48;2;172;156;131m▀▀▀▀▀▀▀▀▀▀▀▀▀[38;2;246;189;57m▀▀[38;2;172;156;131m▀▀▀▀▀▀[48;2;139;106;74m▀▀▀▀▀[38;2;139;106;74;48;2;172;156;131m▀▀[38;2;172;156;131;48;2;139;106;74m▀▀[48;2;172;156;131m▀▀[48;2;139;106;74m▀▀▀[38;2;139;106;74;48;2;90;65;49m▀▀▀▀[48;2;139;106;74m▀▀▀▀▀▀▀▀▀▀▀▀▀▀[38;2;90;65;49m▀[49m▄[0m
[0m  [38;2;90;65;49;48;2;90;65;49m▀[38;2;172;156;131;48;2;139;106;74m▀▀▀[38;2;139;106;74m▀▀▀▀▀▀▀▀[38;2;172;156;131m▀[48;2;172;156;131m▀▀▀▀▀▀▀▀▀[48;2;139;106;74m▀▀▀▀▀[38;2;139;106;74m▀▀▀▀▀[48;2;172;156;131m▀▀[38;2;172;156;131m▀▀▀▀▀▀[38;2;139;106;74m▀▀[38;2;172;156;131;48;2;139;106;74m▀▀▀[38;2;90;65;49;48;2;90;65;49m▀▀▀▀▀▀[38;2;139;106;74m▀[48;2;139;106;74m▀▀▀▀▀▀▀▀▀▀▀▀[38;2;90;65;49m▀[49m▄[0m
[0m  [38;2;90;65;49m▀[38;2;139;106;74;48;2;90;65;49m▀[48;2;139;106;74m▀▀▀▀▀▀▀▀▀▀▀▀▀▀▀▀▀▀▀▀▀▀▀▀[48;2;172;156;131m▀▀▀[38;2;172;156;131m▀▀▀▀▀▀▀▀▀▀▀▀▀▀▀[38;2;139;106;74;48;2;139;106;74m▀[38;2;90;65;49m▀▀▀▀▀▀[48;2;90;65;49m▀▀▀[38;2;139;106;74m▀▀▀[48;2;139;106;74m▀▀▀▀▀▀▀[38;2;90;65;49m▀[38;2;139;106;74m▀[38;2;90;65;49m▀[49m▄[0m
[0m   [38;2;90;65;49;48;2;90;65;49m▀[38;2;139;106;74;48;2;139;106;74m▀▀▀[48;2;172;156;131m▀▀[38;2;172;156;131m▀[48;2;139;106;74m▀▀▀▀[38;2;139;106;74;48;2;172;156;131m▀▀[38;2;172;156;131m▀▀[38;2;139;106;74m▀▀▀▀▀[38;2;172;156;131m▀▀▀▀▀▀▀▀▀▀▀▀▀▀▀▀▀▀▀▀▀▀[48;2;139;106;74m▀[38;2;139;106;74m▀▀▀▀▀▀▀▀▀▀▀▀▀[38;2;90;65;49m▀▀▀[38;2;139;106;74;48;2;90;65;49m▀▀[48;2;139;106;74m▀▀▀▀▀[38;2;16;16;16;48;2;16;16;16m▀[0m
[0m   [38;2;90;65;49;48;2;90;65;49m▀[38;2;172;156;131;48;2;172;156;131m▀▀▀▀▀▀[38;2;139;106;74m▀▀▀[38;2;172;156;131m▀▀▀▀▀▀▀▀▀▀▀▀▀▀▀▀▀▀▀▀▀▀▀▀▀▀▀▀▀▀[48;2;139;106;74m▀[38;2;139;106;74;48;2;246;189;57m▀▀[48;2;139;106;74m▀▀▀▀▀▀▀▀▀▀▀▀▀▀▀▀▀▀[38;2;90;65;49m▀▀[38;2;139;106;74;48;2;90;65;49m▀▀[48;2;16;16;16m▀[38;2;16;16;16;49m▀[0m
[0m    [38;2;90;65;49;48;2;90;65;49m▀[38;2;172;156;131;48;2;172;156;131m▀▀▀▀▀▀▀▀▀▀▀[38;2;139;106;74;48;2;139;106;74m▀▀[48;2;172;156;131m▀[38;2;172;156;131m▀▀▀▀▀▀▀▀▀▀▀▀▀▀▀▀[48;2;246;189;57m▀▀▀▀▀▀[38;2;246;189;57m▀[48;2;197;139;24m▀[38;2;197;139;24;48;2;246;189;57m▀[38;2;246;189;57m▀[48;2;197;139;24m▀[38;2;197;139;24m▀[38;2;139;106;74m▀▀▀▀[48;2;139;106;74m▀▀▀▀▀▀[38;2;197;139;24;48;2;197;139;24m▀▀[38;2;139;106;74m▀[48;2;139;106;74m▀▀▀▀▀▀▀[48;2;16;16;16m▀[38;2;16;16;16;49m▀[0m
[0m    [38;2;90;65;49;48;2;90;65;49m▀[38;2;172;156;131;48;2;172;156;131m▀▀▀▀▀▀▀▀▀▀▀▀▀▀▀▀▀▀▀▀▀▀[48;2;246;189;57m▀▀▀▀▀[38;2;246;189;57m▀▀▀▀▀▀▀▀▀[48;2;197;139;24m▀[38;2;197;139;24;48;2;246;189;57m▀[38;2;246;189;57m▀▀[38;2;197;139;24;48;2;197;139;24m▀▀▀▀▀▀[38;2;139;106;74m▀▀▀[48;2;139;106;74m▀▀▀▀[38;2;197;139;24m▀▀[38;2;139;106;74m▀▀▀▀▀▀▀[38;2;16;16;16;48;2;16;16;16m▀[0m
[0m    [38;2;90;65;49m▀[38;2;172;156;131;48;2;90;65;49m▀[48;2;172;156;131m▀▀▀▀▀▀▀▀▀[48;2;246;189;57m▀▀▀▀▀[38;2;246;189;57m▀▀▀▀▀▀▀▀▀▀▀▀▀▀▀▀▀▀▀▀▀[38;2;197;139;24;48;2;197;139;24m▀[38;2;246;189;57;48;2;246;189;57m▀▀[48;2;139;106;74m▀[38;2;197;139;24;48;2;197;139;24m▀▀▀▀▀▀▀▀▀▀▀[38;2;139;106;74;48;2;139;106;74m▀▀▀▀▀▀▀▀▀▀[38;2;16;16;16;48;2;16;16;16m▀[0m
[0m     [38;2;90;65;49;48;2;90;65;49m▀[38;2;246;189;57;48;2;246;189;57m▀▀▀▀▀▀▀▀▀▀▀▀▀▀▀▀▀▀▀▀▀▀▀▀▀▀[48;2;172;156;131m▀▀▀▀▀▀▀▀▀[38;2;197;139;24;48;2;139;106;74m▀[38;2;246;189;57;48;2;246;189;57m▀[48;2;197;139;24m▀[38;2;90;65;49;48;2;90;65;49m▀[38;2;139;106;74;48;2;139;106;74m▀[38;2;197;139;24m▀▀[48;2;197;139;24m▀▀▀▀▀▀▀▀▀[38;2;139;106;74m▀▀▀[48;2;139;106;74m▀▀▀▀▀[38;2;16;16;16;48;2;16;16;16m▀[0m
[0m     [38;2;90;65;49;48;2;90;65;49m▀[38;2;246;189;57;48;2;246;189;57m▀▀▀[48;2;172;156;131m▀▀▀[38;2;172;156;131m▀▀▀▀▀[38;2;246;189;57m▀▀▀▀▀▀▀[38;2;172;156;131m▀▀▀▀▀▀▀▀▀▀▀▀▀▀▀▀▀[38;2;139;106;74m▀[38;2;246;189;57;48;2;139;106;74m▀[38;2;90;65;49;48;2;90;65;49m▀[38;2;139;106;74;48;2;139;106;74m▀▀▀▀▀▀▀▀[38;2;197;139;24m▀▀[48;2;197;139;24m▀▀▀▀▀▀▀▀▀▀[38;2;139;106;74;48;2;16;16;16m▀[38;2;16;16;16;49m▀[0m
[0m      [38;2;90;65;49;48;2;90;65;49m▀[38;2;172;156;131;48;2;172;156;131m▀▀▀▀▀▀▀▀▀▀▀▀▀▀▀▀▀▀▀▀▀▀▀▀[48;2;246;189;57m▀[38;2;246;189;57m▀▀[38;2;172;156;131m▀[48;2;172;156;131m▀▀▀▀▀▀▀[38;2;139;106;74;48;2;90;65;49m▀[38;2;90;65;49;48;2;139;106;74m▀[38;2;139;106;74m▀▀▀▀▀▀▀▀▀▀▀▀[38;2;197;139;24m▀▀[48;2;197;139;24m▀▀▀▀▀▀[38;2;16;16;16;48;2;16;16;16m▀[0m
[0m      [38;2;90;65;49;48;2;90;65;49m▀[38;2;172;156;131;48;2;172;156;131m▀▀▀▀▀▀▀▀▀▀▀▀▀▀▀▀▀▀▀▀▀▀▀▀[38;2;246;189;57m▀▀▀[38;2;197;139;24m▀[38;2;172;156;131m▀▀▀▀▀▀▀[38;2;90;65;49;48;2;90;65;49m▀[38;2;139;106;74;48;2;139;106;74m▀▀[38;2;197;139;24m▀[38;2;139;106;74m▀▀▀▀▀▀▀▀▀▀▀▀▀▀[38;2;197;139;24m▀[48;2;197;139;24m▀▀[38;2;16;16;16;48;2;16;16;16m▀[0m
[0m      [38;2;90;65;49m▀[48;2;90;65;49m▀[38;2;172;156;131m▀[48;2;172;156;131m▀▀▀▀▀▀▀▀▀▀▀▀▀▀▀▀▀▀▀▀▀▀▀[48;2;139;106;74m▀▀▀▀▀▀▀▀▀[38;2;90;65;49;48;2;90;65;49m▀[38;2;139;106;74m▀▀[48;2;139;106;74m▀▀▀▀▀▀▀▀▀▀▀▀[38;2;90;65;49;48;2;90;65;49m▀▀[38;2;139;106;74m▀[48;2;139;106;74m▀▀[38;2;197;139;24m▀[38;2;16;16;16;48;2;16;16;16m▀[0m
[0m        [38;2;90;65;49;48;2;90;65;49m▀[38;2;172;156;131m▀[48;2;139;106;74m▀[38;2;139;106;74m▀▀▀[38;2;172;156;131m▀▀▀▀▀▀▀▀▀▀▀▀[38;2;139;106;74m▀▀▀▀▀▀▀▀▀▀▀▀▀▀[48;2;90;65;49m▀[38;2;90;65;49m▀▀▀▀▀▀[38;2;139;106;74m▀▀▀▀▀[48;2;139;106;74m▀▀▀▀[38;2;90;65;49m▀▀▀[38;2;139;106;74m▀▀[48;2;16;16;16m▀[38;2;16;16;16;49m▀[0m
[0m       [38;2;106;41;24m▄▄[48;2;238;131;74m▀▀▀[38;2;16;16;16m▀▀[38;2;139;106;74;48;2;106;41;24m▀[48;2;16;16;16m▀[48;2;139;106;74m▀▀▀[48;2;106;41;24m▀[38;2;106;41;24;48;2;246;189;57m▀▀[38;2;139;106;74;48;2;106;41;24m▀[48;2;139;106;74m▀▀▀▀▀[48;2;106;41;24m▀[38;2;106;41;24;48;2;246;189;57m▀▀[38;2;139;106;74;48;2;106;41;24m▀[48;2;139;106;74m▀▀▀▀[48;2;106;41;24m▀▀[38;2;106;41;24;48;2;238;131;74m▀▀▀▀[38;2;16;16;16m▀▀[38;2;90;65;49;48;2;16;16;16m▀▀[48;2;90;65;49m▀▀▀▀▀▀▀▀[38;2;139;106;74m▀▀▀▀▀[48;2;139;106;74m▀▀[38;2;16;16;16;48;2;16;16;16m▀[0m
[0m     [38;2;106;41;24m▄[48;2;238;131;74m▀[38;2;238;131;74m▀[48;2;255;255;255m▀[38;2;255;189;123m▀[48;2;238;131;74m▀[38;2;238;131;74m▀▀▀▀▀[38;2;16;16;16m▀[38;2;139;106;74;48;2;16;16;16m▀[48;2;139;106;74m▀[38;2;106;41;24;48;2;16;16;16m▀[38;2;255;255;255;48;2;255;255;255m▀[38;2;246;189;57;48;2;57;50;36m▀[48;2;246;189;57m▀[38;2;106;41;24;48;2;189;82;49m▀[38;2;139;106;74;48;2;16;16;16m▀[48;2;139;106;74m▀▀[48;2;16;16;16m▀[38;2;106;41;24;48;2;246;189;57m▀[38;2;255;255;255;48;2;255;255;255m▀[38;2;246;189;57;48;2;57;50;36m▀[48;2;246;189;57m▀[38;2;106;41;24;48;2;16;16;16m▀[38;2;139;106;74;48;2;139;106;74m▀[48;2;106;41;24m▀[38;2;106;41;24;48;2;238;131;74m▀[38;2;238;131;74m▀▀[48;2;255;255;255m▀[38;2;255;189;123m▀[48;2;238;131;74m▀[38;2;238;131;74m▀▀▀▀▀[38;2;16;16;16;48;2;189;82;49m▀[38;2;90;65;49;48;2;16;16;16m▀[48;2;90;65;49m▀▀▀▀▀▀▀▀▀▀▀▀[48;2;16;16;16m▀[38;2;16;16;16;49m▀[0m
[0m    [38;2;106;41;24;48;2;106;41;24m▀[38;2;238;131;74;48;2;189;82;49m▀[48;2;57;50;36m▀▀▀[48;2;238;131;74m▀▀▀▀▀▀▀[48;2;189;82;49m▀[38;2;16;16;16;48;2;16;16;16m▀[38;2;139;106;74;48;2;139;106;74m▀[38;2;16;16;16;48;2;16;16;16m▀[38;2;246;189;57;48;2;246;189;57m▀[38;2;16;16;16;48;2;16;16;16m▀[48;2;57;50;36m▀[38;2;189;82;49;48;2;189;82;49m▀▀[38;2;16;16;16;48;2;16;16;16m▀[38;2;106;41;24;48;2;189;82;49m▀[38;2;16;16;16;48;2;106;41;24m▀[38;2;246;189;57;48;2;246;189;57m▀[38;2;16;16;16;48;2;16;16;16m▀[48;2;57;50;36m▀[38;2;197;139;24;48;2;197;139;24m▀[38;2;16;16;16;48;2;106;41;24m▀[48;2;16;16;16m▀[38;2;238;131;74;48;2;238;131;74m▀▀▀▀[38;2;255;255;255m▀[38;2;255;189;123m▀[38;2;238;131;74m▀▀▀▀▀▀▀[38;2;16;16;16;48;2;189;82;49m▀[38;2;90;65;49;48;2;16;16;16m▀[48;2;90;65;49m▀▀▀▀▀▀▀▀▀▀[48;2;16;16;16m▀[38;2;16;16;16m▀[0m
[0m   [38;2;106;41;24;48;2;57;50;36m▀[38;2;57;50;36;48;2;139;106;74m▀▀[38;2;139;106;74m▀▀▀[38;2;57;50;36m▀▀[38;2;238;131;74;48;2;57;50;36m▀[48;2;238;131;74m▀▀▀[48;2;189;82;49m▀[38;2;189;82;49;48;2;16;16;16m▀[38;2;16;16;16;48;2;106;41;24m▀[48;2;16;16;16m▀[38;2;57;50;36;48;2;57;50;36m▀[38;2;16;16;16m▀[38;2;246;189;57;48;2;16;16;16m▀[38;2;197;139;24m▀[38;2;189;82;49;48;2;106;41;24m▀[38;2;106;41;24;48;2;189;82;49m▀[38;2;189;82;49m▀▀▀[38;2;16;16;16m▀[38;2;246;189;57;48;2;106;41;24m▀[38;2;197;139;24m▀[38;2;189;82;49m▀[38;2;16;16;16;48;2;16;16;16m▀[38;2;238;131;74;48;2;57;50;36m▀[38;2;189;82;49m▀[38;2;57;50;36;48;2;139;106;74m▀▀▀▀▀[38;2;238;131;74;48;2;57;50;36m▀▀[48;2;238;131;74m▀▀▀▀▀[38;2;189;82;49;48;2;189;82;49m▀[38;2;16;16;16;48;2;16;16;16m▀[38;2;139;106;74;48;2;139;106;74m▀▀[38;2;90;65;49m▀▀▀[38;2;139;106;74m▀▀▀[38;2;90;65;49m▀[48;2;16;16;16m▀[38;2;16;16;16;49m▀[0m
[0m  [38;2;57;50;36;48;2;57;50;36m▀[38;2;139;106;74;48;2;139;106;74m▀▀▀▀▀▀▀▀[38;2;90;65;49m▀[38;2;238;131;74;48;2;57;50;36m▀[48;2;189;82;49m▀[38;2;189;82;49m▀[48;2;16;16;16m▀[38;2;16;16;16;48;2;90;65;49m▀[38;2;106;41;24;48;2;16;16;16m▀[38;2;16;16;16;48;2;57;50;36m▀[38;2;57;50;36m▀[38;2;16;16;16;48;2;16;16;16m▀[38;2;106;41;24;48;2;189;82;49m▀[38;2;189;82;49m▀[48;2;106;41;24m▀[38;2;106;41;24;48;2;189;82;49m▀[48;2;238;131;74m▀▀[48;2;189;82;49m▀[38;2;189;82;49;48;2;106;41;24m▀▀[48;2;189;82;49m▀[48;2;16;16;16m▀[38;2;57;50;36;48;2;139;106;74m▀[38;2;139;106;74m▀▀▀▀▀▀▀▀▀[38;2;57;50;36;48;2;90;65;49m▀[38;2;238;131;74;48;2;238;131;74m▀▀▀[38;2;189;82;49;48;2;189;82;49m▀[48;2;16;16;16m▀[38;2;16;16;16;48;2;139;106;74m▀[38;2;139;106;74m▀▀▀▀▀▀▀[48;2;16;16;16m▀▀[38;2;16;16;16;48;2;57;50;36m▀[0m
[0m [38;2;57;50;36;48;2;57;50;36m▀[38;2;139;106;74m▀[38;2;57;50;36;48;2;139;106;74m▀▀▀▀▀[38;2;139;106;74;48;2;57;50;36m▀▀[48;2;139;106;74m▀[48;2;90;65;49m▀[38;2;16;16;16;48;2;16;16;16m▀[38;2;189;82;49;48;2;189;82;49m▀[48;2;16;16;16m▀[38;2;16;16;16m▀[38;2;90;65;49m▀[38;2;16;16;16m▀[38;2;57;50;36;48;2;57;50;36m▀▀[38;2;16;16;16m▀[38;2;189;82;49;48;2;16;16;16m▀[38;2;106;41;24;48;2;189;82;49m▀[38;2;189;82;49;48;2;238;131;74m▀[38;2;238;131;74m▀▀▀▀▀[38;2;189;82;49m▀[38;2;106;41;24;48;2;57;50;36m▀[38;2;16;16;16;48;2;139;106;74m▀[38;2;139;106;74m▀[48;2;57;50;36m▀▀▀▀[48;2;139;106;74m▀▀▀▀▀▀[38;2;57;50;36;48;2;57;50;36m▀[38;2;238;131;74;48;2;189;82;49m▀[38;2;189;82;49m▀▀[38;2;16;16;16;48;2;16;16;16m▀[38;2;139;106;74;48;2;139;106;74m▀▀[48;2;106;41;24m▀[38;2;106;41;24;48;2;16;16;16m▀[38;2;16;16;16;48;2;189;82;49m▀▀[38;2;139;106;74;48;2;16;16;16m▀[38;2;57;50;36;48;2;106;41;24m▀[38;2;189;82;49;48;2;189;82;49m▀▀[38;2;16;16;16m▀[49m▄[0m
[38;2;57;50;36;49m▄[48;2;139;106;74m▀[38;2;139;106;74m▀▀▀▀▀▀▀[38;2;90;65;49m▀[38;2;16;16;16;48;2;90;65;49m▀[38;2;90;65;49;48;2;16;16;16m▀[48;2;90;65;49m▀[38;2;16;16;16;48;2;16;16;16m▀[38;2;106;41;24;48;2;189;82;49m▀[38;2;189;82;49m▀[38;2;16;16;16;48;2;16;16;16m▀[0m [38;2;16;16;16;48;2;57;50;36m▀[48;2;90;65;49m▀▀[48;2;16;16;16m▀[49m▀[48;2;57;50;36m▀[48;2;90;65;49m▀[38;2;238;131;74;48;2;16;16;16m▀▀▀[48;2;106;41;24m▀▀[38;2;57;50;36;48;2;16;16;16m▀[38;2;16;16;16;48;2;139;106;74m▀▀[38;2;139;106;74m▀▀▀▀[38;2;57;50;36m▀▀[38;2;139;106;74;48;2;57;50;36m▀[48;2;139;106;74m▀▀[48;2;90;65;49m▀[38;2;16;16;16;48;2;16;16;16m▀[38;2;189;82;49;48;2;189;82;49m▀▀[38;2;16;16;16;48;2;16;16;16m▀[38;2;189;82;49;48;2;189;82;49m▀[38;2;16;16;16m▀[38;2;106;41;24;48;2;16;16;16m▀[38;2;189;82;49;48;2;106;41;24m▀[38;2;16;16;16;48;2;16;16;16m▀[38;2;189;82;49;48;2;189;82;49m▀▀▀[38;2;16;16;16;48;2;16;16;16m▀[49m▀[38;2;189;82;49;48;2;16;16;16m▀[48;2;189;82;49m▀[48;2;90;65;49m▀[38;2;16;16;16;48;2;57;50;36m▀[0m
[38;2;57;50;36;48;2;57;50;36m▀[38;2;139;106;74;48;2;139;106;74m▀▀[48;2;90;65;49m▀[48;2;16;16;16m▀▀▀[48;2;139;106;74m▀▀[48;2;90;65;49m▀[38;2;90;65;49;48;2;16;16;16m▀[38;2;16;16;16;49m▀[48;2;57;50;36m▀[38;2;90;65;49;48;2;90;65;49m▀▀[38;2;57;50;36;48;2;16;16;16m▀[0m  [38;2;16;16;16;48;2;16;16;16m▀[38;2;90;65;49m▀[38;2;16;16;16;49m▀[0m  [38;2;57;50;36m▀[38;2;16;16;16m▀[0m     [38;2;57;50;36;48;2;90;65;49m▀[38;2;139;106;74;48;2;139;106;74m▀▀▀▀▀▀▀▀▀[38;2;57;50;36;48;2;16;16;16m▀[38;2;139;106;74;48;2;90;65;49m▀[38;2;90;65;49;48;2;16;16;16m▀[38;2;16;16;16;48;2;189;82;49m▀[38;2;189;82;49;48;2;16;16;16m▀[38;2;16;16;16;48;2;106;41;24m▀[38;2;189;82;49m▀[48;2;189;82;49m▀▀[38;2;16;16;16m▀[49m▄[0m [38;2;16;16;16;48;2;16;16;16m▀[38;2;189;82;49;48;2;189;82;49m▀[38;2;90;65;49;48;2;90;65;49m▀▀[38;2;57;50;36;48;2;57;50;36m▀[38;2;16;16;16;49m▀[38;2;90;65;49;48;2;16;16;16m▀[48;2;90;65;49m▀▀[38;2;57;50;36;48;2;57;50;36m▀[0m
[38;2;57;50;36;48;2;57;50;36m▀[38;2;139;106;74;48;2;139;106;74m▀[48;2;16;16;16m▀[38;2;16;16;16;49m▀[0m  [38;2;16;16;16;48;2;16;16;16m▀[38;2;139;106;74;48;2;139;106;74m▀[48;2;90;65;49m▀[38;2;90;65;49;48;2;16;16;16m▀[38;2;16;16;16;49m▀[0m [38;2;57;50;36;48;2;16;16;16m▀[38;2;90;65;49m▀[38;2;16;16;16;49m▀[0m              [38;2;57;50;36;48;2;57;50;36m▀[38;2;139;106;74;48;2;139;106;74m▀▀[48;2;57;50;36m▀[48;2;16;16;16m▀▀[48;2;57;50;36m▀[48;2;139;106;74m▀▀▀[48;2;90;65;49m▀[38;2;16;16;16;48;2;16;16;16m▀[38;2;90;65;49m▀[38;2;16;16;16;49m▀▀[0m  [38;2;16;16;16m▀[38;2;189;82;49;48;2;16;16;16m▀[38;2;90;65;49;48;2;90;65;49m▀▀[38;2;16;16;16;48;2;16;16;16m▀[0m  [38;2;16;16;16m▀[38;2;90;65;49;48;2;16;16;16m▀[48;2;90;65;49m▀[38;2;57;50;36;48;2;57;50;36m▀[0m  [38;2;16;16;16m▀[38;2;90;65;49;48;2;16;16;16m▀[38;2;57;50;36m▀[0m
[0m [38;2;16;16;16m▀[0m    [38;2;16;16;16m▀[38;2;139;106;74;48;2;16;16;16m▀[38;2;16;16;16;49m▀[0m                    [38;2;57;50;36;48;2;57;50;36m▀[38;2;139;106;74;48;2;139;106;74m▀▀[38;2;16;16;16;48;2;16;16;16m▀[0m   [38;2;57;50;36;48;2;16;16;16m▀[38;2;139;106;74;48;2;139;106;74m▀[48;2;90;65;49m▀[38;2;90;65;49;48;2;16;16;16m▀[38;2;16;16;16;49m▀[0m      [38;2;57;50;36m▀[38;2;90;65;49;48;2;16;16;16m▀[48;2;90;65;49m▀[38;2;16;16;16;48;2;16;16;16m▀[0m    [38;2;16;16;16m▀[38;2;57;50;36m▀[0m
[0m                             [38;2;57;50;36m▀[38;2;139;106;74;48;2;16;16;16m▀[38;2;16;16;16;49m▀[0m    [38;2;16;16;16;48;2;16;16;16m▀[38;2;139;106;74;48;2;90;65;49m▀[38;2;90;65;49;48;2;16;16;16m▀[38;2;16;16;16;49m▀[0m         [38;2;16;16;16m▀[0m
[0m                                     [38;2;16;16;16m▀[0m
