[0m            [38;2;123;57;41m▄[48;2;230;98;115m▀▀▀[38;2;32;32;32;49m▄[0m
[0m       [38;2;123;57;41m▄▄[0m  [38;2;123;57;41;48;2;32;32;32m▀[38;2;230;98;115;48;2;222;41;57m▀▀[38;2;222;41;57m▀▀[38;2;32;32;32;48;2;32;32;32m▀[0m [38;2;123;57;41;48;2;123;57;41m▀[38;2;32;32;32;48;2;222;41;57m▀[49m▄[0m
[0m     [38;2;123;57;41m▄[48;2;222;41;57m▀[38;2;230;98;115;48;2;230;98;115m▀[48;2;222;41;57m▀[38;2;123;57;41;48;2;123;57;41m▀[0m [38;2;32;32;32;48;2;32;32;32m▀[38;2;222;41;57;48;2;222;41;57m▀▀▀▀[38;2;32;32;32;48;2;32;32;32m▀[38;2;123;57;41;48;2;123;57;41m▀[38;2;222;41;57;48;2;222;41;57m▀▀▀[38;2;32;32;32;48;2;32;32;32m▀[0m
[0m    [38;2;123;57;41m▄[48;2;230;98;115m▀[38;2;230;98;115m▀[48;2;222;41;57m▀[38;2;222;41;57m▀▀[38;2;123;57;41m▀[38;2;32;32;32;48;2;123;57;41m▀[38;2;222;41;57;48;2;222;41;57m▀▀▀▀[38;2;123;57;41;48;2;123;57;41m▀[38;2;222;41;57;48;2;222;41;57m▀▀▀▀▀[38;2;32;32;32;48;2;32;32;32m▀[0m
[0m    [38;2;123;57;41m▀[38;2;230;98;115;48;2;32;32;32m▀[38;2;222;41;57;48;2;222;41;57m▀▀▀▀▀[38;2;123;57;41m▀[38;2;222;41;57;48;2;123;57;41m▀[48;2;222;41;57m▀▀▀▀▀▀▀▀[38;2;32;32;32;48;2;123;57;41m▀[49m▄[0m
[0m     [38;2;32;32;32m▀[38;2;222;41;57;48;2;32;32;32m▀[48;2;222;41;57m▀▀▀▀▀[38;2;123;57;41m▀[38;2;222;41;57m▀▀▀[48;2;123;57;41m▀[48;2;32;32;32m▀▀[48;2;222;41;57m▀[38;2;32;32;32;48;2;123;57;41m▀[38;2;222;41;57;48;2;222;41;57m▀▀[38;2;32;32;32;48;2;32;32;32m▀[0m
[0m      [38;2;32;32;32;48;2;123;57;41m▀[38;2;222;41;57;48;2;32;32;32m▀[48;2;222;41;57m▀▀▀▀▀▀[38;2;123;57;41;48;2;197;90;24m▀[38;2;197;90;24;48;2;246;123;32m▀[38;2;246;123;32m▀▀[38;2;197;90;24m▀[38;2;32;32;32m▀[48;2;197;90;24m▀[38;2;222;41;57;48;2;32;32;32m▀[38;2;123;57;41;48;2;123;57;41m▀[38;2;32;32;32;49m▀[0m
[0m    [38;2;123;57;41m▄[48;2;246;123;32m▀[38;2;246;123;32m▀▀[38;2;32;32;32m▀[38;2;222;41;57;48;2;32;32;32m▀[48;2;222;41;57m▀▀▀[38;2;123;57;41;48;2;123;57;41m▀[38;2;246;123;32;48;2;246;123;32m▀▀▀▀▀▀▀▀[38;2;32;32;32m▀[49m▄[0m
[0m   [38;2;32;32;32;48;2;74;74;74m▀[38;2;123;57;41m▀[38;2;246;123;32;48;2;246;123;32m▀▀▀[48;2;197;90;24m▀[48;2;246;123;32m▀[38;2;32;32;32m▀[38;2;222;41;57;48;2;32;32;32m▀[38;2;123;57;41m▀[38;2;246;123;32;48;2;246;123;32m▀▀[48;2;197;90;24m▀[48;2;246;123;32m▀▀▀▀[48;2;123;57;41m▀[38;2;123;57;41;48;2;74;74;74m▀▀[38;2;197;90;24;48;2;123;57;41m▀[38;2;32;32;32;48;2;32;32;32m▀[0m
[0m  [38;2;32;32;32;48;2;32;32;32m▀[38;2;74;74;74m▀[38;2;148;148;148;48;2;255;255;255m▀[38;2;197;90;24;48;2;197;90;24m▀[38;2;246;123;32;48;2;246;123;32m▀▀▀[48;2;197;90;24m▀[48;2;74;74;74m▀▀▀▀[48;2;197;90;24m▀[48;2;246;123;32m▀▀▀▀[38;2;197;90;24;48;2;197;90;24m▀[38;2;148;148;148;48;2;255;255;255m▀[38;2;74;74;74;48;2;32;32;32m▀[48;2;255;255;255m▀[48;2;148;148;148m▀[38;2;197;90;24;48;2;197;90;24m▀[38;2;32;32;32;48;2;32;32;32m▀[0m
[0m  [38;2;32;32;32;48;2;32;32;32m▀[38;2;255;255;255;48;2;255;255;255m▀[48;2;189;189;189m▀[38;2;197;90;24;48;2;197;90;24m▀[38;2;246;123;32;48;2;246;123;32m▀[48;2;74;74;74m▀[38;2;74;74;74;48;2;255;255;255m▀[38;2;148;148;148;48;2;148;148;148m▀[38;2;230;230;230;48;2;255;255;255m▀[38;2;255;255;255m▀▀[38;2;148;148;148;48;2;148;148;148m▀[38;2;189;189;189;48;2;255;255;255m▀[38;2;74;74;74m▀[38;2;197;90;24;48;2;189;189;189m▀[38;2;246;123;32;48;2;74;74;74m▀[48;2;246;123;32m▀[38;2;197;90;24;48;2;197;90;24m▀[38;2;255;255;255;48;2;189;189;189m▀[48;2;255;255;255m▀▀[48;2;230;230;230m▀[38;2;197;90;24;48;2;197;90;24m▀[38;2;32;32;32;48;2;32;32;32m▀[0m
[0m  [38;2;32;32;32m▀[38;2;189;189;189;48;2;123;57;41m▀[38;2;148;148;148;48;2;197;90;24m▀[38;2;246;123;32;48;2;246;123;32m▀▀[38;2;32;32;32m▀[38;2;74;74;74m▀▀[38;2;98;98;98m▀▀▀▀[38;2;74;74;74m▀▀▀[38;2;32;32;32m▀[38;2;246;123;32m▀▀[38;2;123;57;41m▀[38;2;230;230;230;48;2;123;57;41m▀▀[38;2;123;57;41;48;2;197;90;24m▀[38;2;197;90;24;48;2;32;32;32m▀[38;2;32;32;32;49m▀[0m
[0m   [38;2;32;32;32m▀[38;2;197;90;24;48;2;32;32;32m▀[48;2;197;90;24m▀[38;2;246;123;32m▀▀[48;2;246;123;32m▀▀▀▀▀▀▀[48;2;197;90;24m▀▀▀▀[38;2;197;90;24m▀▀▀▀[48;2;32;32;32m▀[38;2;32;32;32;49m▀[0m
[0m     [38;2;32;32;32m▀[38;2;197;90;24;48;2;32;32;32m▀▀[48;2;197;90;24m▀[48;2;106;82;41m▀▀[48;2;197;90;24m▀▀▀▀[48;2;106;82;41m▀▀▀[48;2;197;90;24m▀▀[48;2;32;32;32m▀▀[38;2;32;32;32;48;2;246;205;16m▀[38;2;106;82;41m▀▀[38;2;32;32;32;49m▄[0m
[0m       [38;2;106;82;41m▄[48;2;246;205;16m▀[38;2;246;205;16m▀▀[38;2;106;82;41m▀[38;2;197;90;24;48;2;180;148;24m▀[38;2;106;82;41m▀[48;2;246;205;16m▀[38;2;246;205;16m▀▀▀[38;2;106;82;41m▀[38;2;32;32;32m▀[38;2;246;205;16m▀▀▀▀[48;2;106;82;41m▀[38;2;32;32;32;48;2;32;32;32m▀[0m
[0m      [38;2;32;32;32;48;2;32;32;32m▀[38;2;246;205;16;48;2;246;205;16m▀▀▀▀▀[48;2;180;148;24m▀▀[48;2;246;205;16m▀▀▀▀▀▀▀[48;2;32;32;32m▀[48;2;106;82;41m▀[38;2;180;148;24;48;2;180;148;24m▀▀[38;2;32;32;32m▀[49m▄[0m
[0m      [38;2;123;57;41m▄[38;2;32;32;32;48;2;123;57;41m▀[38;2;246;205;16;48;2;32;32;32m▀▀[38;2;180;148;24m▀[38;2;106;82;41;48;2;180;148;24m▀[38;2;180;148;24m▀▀▀▀[38;2;106;82;41m▀[38;2;180;148;24;48;2;106;82;41m▀[38;2;246;205;16m▀[38;2;32;32;32;48;2;197;90;24m▀▀[38;2;123;57;41m▀▀▀[38;2;180;148;24;48;2;123;57;41m▀[48;2;32;32;32m▀[48;2;180;148;24m▀[38;2;32;32;32;48;2;32;32;32m▀[0m
[0m   [38;2;123;57;41m▄[48;2;246;123;32m▀▀[38;2;197;90;24m▀[48;2;197;90;24m▀[48;2;32;32;32m▀▀▀[38;2;32;32;32;48;2;197;90;24m▀[38;2;180;148;24;48;2;32;32;32m▀▀▀▀[38;2;32;32;32;48;2;74;74;74m▀[48;2;197;90;24m▀[38;2;197;90;24m▀[38;2;123;57;41;48;2;32;32;32m▀[38;2;32;32;32;48;2;180;148;24m▀▀[38;2;197;90;24;48;2;32;32;32m▀▀[38;2;246;123;32;48;2;197;90;24m▀[48;2;246;123;32m▀[38;2;32;32;32;48;2;32;32;32m▀[38;2;180;148;24;48;2;180;148;24m▀[38;2;32;32;32;48;2;32;32;32m▀[0m
[0m   [38;2;123;57;41;48;2;123;57;41m▀[38;2;246;123;32;48;2;246;123;32m▀[38;2;197;90;24;48;2;123;57;41m▀[38;2;32;32;32;49m▀▀[0m  [38;2;123;57;41;48;2;123;57;41m▀[38;2;197;90;24;48;2;197;90;24m▀[38;2;74;74;74;48;2;74;74;74m▀▀▀▀▀[38;2;197;90;24;48;2;197;90;24m▀▀[38;2;32;32;32;48;2;32;32;32m▀[38;2;180;148;24;48;2;180;148;24m▀▀▀▀[38;2;32;32;32;48;2;32;32;32m▀[38;2;246;123;32;48;2;246;123;32m▀[38;2;32;32;32m▀[38;2;180;148;24;48;2;32;32;32m▀[38;2;106;82;41;49m▀[0m
[0m  [38;2;123;57;41;48;2;123;57;41m▀[38;2;246;123;32;48;2;246;123;32m▀▀[38;2;32;32;32;48;2;32;32;32m▀[0m    [38;2;123;57;41;48;2;123;57;41m▀[38;2;197;90;24;48;2;246;123;32m▀[38;2;74;74;74;48;2;98;98;98m▀▀▀[38;2;98;98;98m▀▀[38;2;197;90;24;48;2;246;123;32m▀[38;2;246;123;32m▀[38;2;32;32;32;48;2;32;32;32m▀[38;2;180;148;24;48;2;180;148;24m▀▀▀[48;2;106;82;41m▀▀[38;2;32;32;32;48;2;32;32;32m▀[38;2;246;123;32;48;2;246;123;32m▀[38;2;32;32;32;48;2;32;32;32m▀[0m
[38;2;123;57;41;49m▄[48;2;246;123;32m▀[38;2;246;123;32;48;2;197;90;24m▀[48;2;246;123;32m▀▀[38;2;32;32;32m▀[49m▄[0m  [38;2;123;57;41m▄[48;2;246;123;32m▀[38;2;246;123;32m▀[38;2;74;74;74;48;2;98;98;98m▀▀▀[38;2;98;98;98;48;2;74;74;74m▀▀[38;2;246;123;32;48;2;246;123;32m▀▀[38;2;32;32;32m▀[38;2;106;82;41;48;2;32;32;32m▀[49m▀▀[0m [38;2;32;32;32m▄[48;2;246;123;32m▀[38;2;246;123;32m▀▀[38;2;123;57;41;48;2;123;57;41m▀[38;2;32;32;32;49m▄[0m
[38;2;123;57;41;49m▀[38;2;246;123;32;48;2;32;32;32m▀[38;2;32;32;32m▀[38;2;246;123;32;48;2;246;123;32m▀[38;2;123;57;41;48;2;123;57;41m▀[38;2;246;123;32;48;2;32;32;32m▀[38;2;32;32;32;48;2;180;148;24m▀[38;2;106;82;41;48;2;246;205;16m▀▀[38;2;123;57;41;48;2;123;57;41m▀[38;2;246;123;32;48;2;246;123;32m▀▀[38;2;98;98;98;48;2;98;98;98m▀▀▀▀▀[38;2;197;90;24;48;2;197;90;24m▀[38;2;246;123;32;48;2;246;123;32m▀▀[38;2;32;32;32;48;2;123;57;41m▀[38;2;106;82;41;49m▄[48;2;180;148;24m▀[38;2;32;32;32;48;2;32;32;32m▀[38;2;246;123;32;48;2;246;123;32m▀[48;2;123;57;41m▀[48;2;246;123;32m▀▀[48;2;123;57;41m▀[48;2;246;123;32m▀[38;2;32;32;32;48;2;32;32;32m▀[0m
[0m   [38;2;32;32;32m▀[48;2;106;82;41m▀[38;2;246;205;16;48;2;246;205;16m▀[48;2;106;82;41m▀[48;2;123;57;41m▀[38;2;123;57;41;48;2;246;123;32m▀[38;2;246;123;32m▀▀[38;2;197;90;24;48;2;74;74;74m▀[38;2;98;98;98m▀▀▀▀▀[48;2;98;98;98m▀[38;2;246;123;32;48;2;246;123;32m▀▀▀[38;2;123;57;41m▀[38;2;180;148;24;48;2;123;57;41m▀[48;2;32;32;32m▀[38;2;32;32;32;48;2;246;205;16m▀▀[38;2;197;90;24;48;2;32;32;32m▀[38;2;246;123;32m▀[38;2;197;90;24m▀[38;2;32;32;32;49m▀[0m [38;2;106;82;41m▄▄[38;2;32;32;32m▄[0m     [38;2;123;57;41m▄[48;2;230;98;115m▀▀[49m▄[0m
[0m   [38;2;106;82;41m▄[48;2;246;205;16m▀[38;2;246;205;16m▀[38;2;32;32;32;48;2;32;32;32m▀[38;2;246;123;32;48;2;246;123;32m▀▀[48;2;32;32;32m▀[38;2;197;90;24m▀[38;2;74;74;74m▀[38;2;98;98;98;48;2;98;98;98m▀▀▀▀▀[38;2;74;74;74m▀[38;2;197;90;24;48;2;197;90;24m▀[38;2;246;123;32;48;2;246;123;32m▀[48;2;197;90;24m▀[48;2;32;32;32m▀▀[38;2;32;32;32;48;2;246;205;16m▀[38;2;246;205;16m▀[38;2;180;148;24;48;2;32;32;32m▀[38;2;106;82;41;49m▀▄▄[48;2;180;148;24m▀[48;2;246;205;16m▀[38;2;246;205;16m▀▀[38;2;180;148;24m▀[38;2;32;32;32;48;2;32;32;32m▀[0m    [38;2;123;57;41;48;2;123;57;41m▀[38;2;230;98;115;48;2;222;41;57m▀[48;2;230;98;115m▀[38;2;123;57;41;48;2;123;57;41m▀[0m
[0m [38;2;106;82;41m▄[48;2;180;148;24m▀[38;2;246;205;16;48;2;246;205;16m▀▀▀▀[38;2;32;32;32m▀▀[38;2;246;205;16m▀▀▀[38;2;32;32;32m▀▀[38;2;98;98;98;48;2;32;32;32m▀▀▀▀[38;2;197;90;24m▀[38;2;32;32;32;48;2;246;205;16m▀▀[38;2;246;205;16m▀▀▀▀[38;2;32;32;32m▀[38;2;106;82;41;48;2;32;32;32m▀[38;2;180;148;24;48;2;180;148;24m▀[38;2;246;205;16m▀▀[48;2;246;205;16m▀▀▀▀[38;2;180;148;24;48;2;180;148;24m▀[38;2;32;32;32;48;2;32;32;32m▀[0m  [38;2;32;32;32m▄[38;2;123;57;41;48;2;123;57;41m▀[38;2;222;41;57;48;2;222;41;57m▀[48;2;123;57;41m▀[38;2;123;57;41;49m▀[0m
[0m [38;2;106;82;41;48;2;32;32;32m▀[38;2;246;205;16;48;2;246;205;16m▀▀▀▀▀[48;2;180;148;24m▀▀[48;2;246;205;16m▀▀▀▀▀▀▀▀▀▀▀▀▀▀▀▀[48;2;180;148;24m▀[38;2;180;148;24m▀[38;2;32;32;32;48;2;32;32;32m▀[38;2;180;148;24;48;2;180;148;24m▀▀▀▀[38;2;246;205;16m▀▀[38;2;180;148;24m▀▀[38;2;32;32;32m▀▀[38;2;180;148;24m▀[38;2;123;57;41m▀[38;2;222;41;57;48;2;123;57;41m▀[38;2;123;57;41m▀[38;2;32;32;32;48;2;32;32;32m▀[0m
[0m [38;2;106;82;41m▄[38;2;32;32;32;48;2;106;82;41m▀[38;2;246;205;16;48;2;32;32;32m▀[48;2;246;205;16m▀▀▀[48;2;180;148;24m▀[38;2;106;82;41m▀▀[38;2;180;148;24;48;2;106;82;41m▀[38;2;246;205;16m▀[48;2;32;32;32m▀▀▀▀▀▀[48;2;106;82;41m▀[48;2;246;205;16m▀▀▀[48;2;180;148;24m▀[38;2;180;148;24m▀▀▀[48;2;32;32;32m▀[38;2;32;32;32;48;2;180;148;24m▀[38;2;180;148;24m▀▀▀▀▀▀▀▀▀▀▀▀▀▀▀[38;2;32;32;32;48;2;32;32;32m▀[0m
[0m [38;2;32;32;32m▀[38;2;180;148;24;48;2;32;32;32m▀▀[48;2;106;82;41m▀[48;2;180;148;24m▀▀▀▀▀[48;2;32;32;32m▀[38;2;32;32;32;49m▀[0m     [38;2;32;32;32;48;2;32;32;32m▀[38;2;180;148;24m▀[48;2;180;148;24m▀▀▀▀▀▀[48;2;32;32;32m▀[38;2;32;32;32;48;2;106;82;41m▀[38;2;180;148;24m▀[38;2;106;82;41;49m▀[38;2;32;32;32m▀[38;2;180;148;24;48;2;32;32;32m▀[48;2;180;148;24m▀▀▀▀[48;2;32;32;32m▀▀[38;2;32;32;32;49m▀[38;2;106;82;41m▀[48;2;32;32;32m▀[38;2;180;148;24m▀▀[38;2;32;32;32;49m▀[0m
[0m [38;2;32;32;32m▄[48;2;180;148;24m▀[38;2;180;148;24m▀▀▀▀▀▀[48;2;32;32;32m▀▀[38;2;32;32;32m▀[0m      [38;2;32;32;32m▄[48;2;180;148;24m▀[38;2;106;82;41m▀[38;2;180;148;24m▀▀▀▀[38;2;32;32;32m▀[49m▄[0m   [38;2;32;32;32m▀▀▀▀▀[0m
[0m [38;2;32;32;32m▀▀▀▀▀▀▀▀[0m         [38;2;32;32;32m▀▀[38;2;180;148;24;48;2;32;32;32m▀▀[48;2;180;148;24m▀▀▀[48;2;32;32;32m▀▀[38;2;32;32;32m▀[0m
[0m                      [38;2;32;32;32m▀▀▀[0m
