[0m                      [38;2;49;49;49m▄[48;2;82;82;82m▀▀▀[49m▄▄[0m
[0m                      [38;2;49;49;49m▀[38;2;82;82;82;48;2;16;16;16m▀[48;2;82;82;82m▀▀▀▀[38;2;16;16;16m▀[49m▄[0m
[0m                     [38;2;49;49;49m▄[38;2;16;16;16m▄[48;2;82;82;82m▀[38;2;82;82;82m▀▀▀▀▀▀[38;2;16;16;16m▀[49m▄[0m
[0m                  [38;2;49;49;49m▄[48;2;82;82;82m▀▀[38;2;82;82;82m▀▀▀▀▀▀▀▀▀▀[38;2;16;16;16m▀[49m▄[0m
[0m                 [38;2;49;49;49m▄[48;2;82;82;82m▀[38;2;82;82;82m▀▀▀▀▀▀[48;2;255;0;0m▀[38;2;172;0;0m▀▀[38;2;82;82;82m▀[48;2;82;82;82m▀▀▀[38;2;16;16;16m▀[49m▄[0m
[0m                [38;2;49;49;49m▄[48;2;82;82;82m▀[38;2;82;82;82m▀▀▀▀▀▀[38;2;172;0;0;48;2;172;0;0m▀[38;2;255;0;0;48;2;255;0;0m▀[48;2;16;16;16m▀[48;2;255;0;0m▀▀[38;2;172;0;0;48;2;172;0;0m▀[38;2;82;82;82;48;2;82;82;82m▀▀▀[38;2;16;16;16;48;2;16;16;16m▀[0m
[0m                [38;2;49;49;49;48;2;16;16;16m▀[38;2;82;82;82;48;2;82;82;82m▀▀▀▀▀▀▀[38;2;172;0;0;48;2;172;0;0m▀[38;2;255;0;0;48;2;255;0;0m▀[38;2;90;0;0m▀[38;2;255;0;0m▀▀[38;2;172;0;0m▀▀[38;2;82;82;82;48;2;82;82;82m▀▀[38;2;16;16;16;48;2;16;16;16m▀[0m
[0m                [38;2;16;16;16m▀[38;2;82;82;82;48;2;49;49;49m▀▀[48;2;82;82;82m▀▀▀▀▀▀[38;2;255;0;0m▀[48;2;172;0;0m▀▀[38;2;172;0;0;48;2;82;82;82m▀[38;2;255;0;0m▀[38;2;172;0;0m▀[38;2;82;82;82m▀[38;2;49;49;49;48;2;16;16;16m▀[0m
[0m                  [38;2;16;16;16m▀[48;2;16;16;16m▀[48;2;49;49;49m▀[38;2;82;82;82m▀▀▀[48;2;82;82;82m▀▀▀▀▀[48;2;49;49;49m▀▀[38;2;49;49;49m▀▀[38;2;16;16;16m▀[49m▄[0m
[0m    [38;2;16;16;16m▄▄[38;2;49;49;49;48;2;82;82;82m▀▀[49m▄[0m         [38;2;16;16;16m▄[48;2;49;49;49m▀[38;2;49;49;49;48;2;16;16;16m▀[48;2;49;49;49m▀▀▀▀▀▀▀[38;2;16;16;16m▀[38;2;49;49;49;48;2;16;16;16m▀[48;2;49;49;49m▀[38;2;16;16;16m▀[38;2;49;49;49;48;2;16;16;16m▀▀[38;2;16;16;16;49m▀[0m
[0m [38;2;16;16;16m▄[38;2;49;49;49;48;2;82;82;82m▀▀[38;2;82;82;82;48;2;49;49;49m▀[48;2;82;82;82m▀[38;2;16;16;16m▀[38;2;82;82;82;48;2;49;49;49m▀[48;2;82;82;82m▀[38;2;49;49;49;48;2;49;49;49m▀[0m     [38;2;16;16;16m▄▄[48;2;49;49;49m▀[38;2;49;49;49m▀[48;2;16;16;16m▀[38;2;16;16;16;49m▀▀[48;2;139;90;32m▀[38;2;139;90;32;48;2;255;222;123m▀[48;2;246;172;41m▀[48;2;205;131;16m▀[38;2;49;49;49;48;2;139;90;32m▀[48;2;16;16;16m▀▀[38;2;16;16;16;48;2;49;49;49m▀[38;2;49;49;49;48;2;16;16;16m▀[48;2;82;82;82m▀[38;2;82;82;82m▀[38;2;49;49;49m▀[38;2;16;16;16m▀[49m▄▄[0m         [38;2;49;49;49m▄▄[48;2;49;49;49m▀[48;2;82;82;82m▀▀[38;2;16;16;16;49m▄[0m
[38;2;16;16;16;48;2;16;16;16m▀[38;2;82;82;82;48;2;82;82;82m▀▀▀▀[38;2;16;16;16m▀[38;2;82;82;82;48;2;16;16;16m▀[38;2;16;16;16m▀[38;2;82;82;82m▀[38;2;16;16;16;48;2;82;82;82m▀[38;2;49;49;49m▀[49m▄▄[38;2;16;16;16;48;2;82;82;82m▀▀[38;2;82;82;82m▀▀[38;2;49;49;49;48;2;16;16;16m▀[38;2;16;16;16;49m▀[0m [38;2;139;90;32m▄[48;2;205;131;16m▀[38;2;222;222;222;48;2;222;222;222m▀▀[38;2;255;222;123;48;2;255;222;123m▀[38;2;246;172;41;48;2;246;172;41m▀▀[38;2;139;90;32;48;2;205;131;16m▀[49m▄[38;2;49;49;49;48;2;49;49;49m▀▀[38;2;16;16;16m▀[38;2;82;82;82;48;2;16;16;16m▀[48;2;82;82;82m▀▀▀▀[38;2;49;49;49m▀▀▀[49m▄▄▄[38;2;16;16;16m▄[48;2;82;82;82m▀▀▀[38;2;82;82;82;48;2;16;16;16m▀▀[38;2;49;49;49;48;2;82;82;82m▀[38;2;16;16;16m▀[38;2;82;82;82;48;2;16;16;16m▀[38;2;16;16;16;48;2;49;49;49m▀[0m
[38;2;16;16;16;49m▀[38;2;82;82;82;48;2;49;49;49m▀[48;2;82;82;82m▀[38;2;16;16;16m▀[38;2;82;82;82;48;2;16;16;16m▀▀[38;2;16;16;16;48;2;82;82;82m▀[38;2;82;82;82m▀▀▀▀▀▀▀▀[48;2;16;16;16m▀[38;2;16;16;16;49m▀[0m  [38;2;139;90;32m▄[48;2;246;172;41m▀[38;2;246;172;41m▀[38;2;255;222;123m▀▀[38;2;246;172;41m▀▀▀▀[38;2;139;90;32;48;2;139;90;32m▀[38;2;49;49;49;48;2;49;49;49m▀▀▀[0m [38;2;16;16;16m▀[38;2;82;82;82;48;2;16;16;16m▀[48;2;82;82;82m▀▀▀▀▀▀▀[38;2;16;16;16;48;2;16;16;16m▀[38;2;82;82;82;48;2;82;82;82m▀[48;2;16;16;16m▀▀[48;2;82;82;82m▀[48;2;49;49;49m▀[38;2;49;49;49m▀[38;2;16;16;16;48;2;16;16;16m▀[38;2;49;49;49;48;2;49;49;49m▀▀[38;2;16;16;16;48;2;16;16;16m▀[0m
[0m  [38;2;16;16;16m▀[38;2;82;82;82;48;2;16;16;16m▀▀[48;2;49;49;49m▀[48;2;82;82;82m▀▀▀▀▀[48;2;16;16;16m▀▀[38;2;16;16;16;49m▀▀[0m   [38;2;139;90;32m▄[48;2;16;16;16m▀[48;2;246;172;41m▀[38;2;246;172;41;48;2;205;131;16m▀[48;2;246;172;41m▀[38;2;205;131;16;48;2;139;90;32m▀[38;2;139;90;32;48;2;246;172;41m▀▀[38;2;205;131;16;48;2;16;16;16m▀[38;2;246;172;41;48;2;246;172;41m▀[38;2;205;131;16m▀[38;2;139;90;32;48;2;139;90;32m▀[38;2;49;49;49;48;2;49;49;49m▀[48;2;16;16;16m▀[0m   [38;2;16;16;16m▀[38;2;49;49;49;48;2;16;16;16m▀[38;2;82;82;82m▀[48;2;49;49;49m▀▀[38;2;49;49;49m▀▀▀[38;2;16;16;16m▀[38;2;49;49;49m▀▀[38;2;16;16;16m▀[38;2;49;49;49m▀▀▀[48;2;16;16;16m▀[38;2;16;16;16m▀[0m
[0m      [38;2;16;16;16m▀▀▀▀▀[0m       [38;2;139;90;32;48;2;139;90;32m▀[38;2;205;131;16;48;2;246;172;41m▀[38;2;16;16;16;48;2;139;90;32m▀[38;2;205;131;16;48;2;246;172;41m▀[38;2;246;172;41m▀[38;2;139;90;32;48;2;139;90;32m▀[38;2;16;16;16;48;2;246;172;41m▀▀[38;2;205;131;16m▀[38;2;246;172;41m▀▀[38;2;139;90;32;48;2;139;90;32m▀[38;2;49;49;49;48;2;49;49;49m▀[38;2;16;16;16;48;2;16;16;16m▀[0m      [38;2;16;16;16m▀▀[38;2;49;49;49;48;2;16;16;16m▀▀▀[48;2;49;49;49m▀▀▀▀▀[48;2;16;16;16m▀▀[38;2;16;16;16;49m▀[0m
[0m                  [38;2;139;90;32m▀[38;2;246;172;41;48;2;16;16;16m▀[38;2;139;90;32;48;2;205;131;16m▀[38;2;246;172;41;48;2;16;16;16m▀[38;2;205;131;16m▀[38;2;16;16;16;48;2;246;172;41m▀[38;2;246;172;41m▀▀[48;2;205;131;16m▀▀[38;2;205;131;16m▀[38;2;139;90;32;48;2;139;90;32m▀[38;2;49;49;49;48;2;16;16;16m▀[0m            [38;2;16;16;16m▀▀▀▀▀[0m
[0m                   [38;2;16;16;16m▀[38;2;205;131;16;48;2;16;16;16m▀[48;2;139;90;32m▀[38;2;139;90;32m▀[38;2;205;131;16m▀▀▀[48;2;205;131;16m▀▀[38;2;139;90;32;48;2;139;90;32m▀[38;2;49;49;49;48;2;16;16;16m▀[38;2;16;16;16;49m▀[0m
[0m                    [38;2;16;16;16m▀[38;2;205;131;16;48;2;139;90;32m▀[48;2;16;16;16m▀▀[48;2;205;131;16m▀▀[48;2;139;90;32m▀[38;2;139;90;32;48;2;49;49;49m▀[38;2;49;49;49;48;2;16;16;16m▀[0m
[0m                      [38;2;16;16;16m▀[38;2;49;49;49;48;2;16;16;16m▀▀▀[38;2;16;16;16;49m▀▀[0m
