[0m                         [38;2;32;82;115m▄▄[48;2;74;156;222m▀▀[48;2;16;16;16m▀[0m
[0m                       [38;2;16;16;16m▄[48;2;49;115;172m▀[38;2;74;156;222m▀[38;2;32;82;115;48;2;74;156;222m▀[38;2;74;156;222;48;2;16;16;16m▀[38;2;16;16;16;49m▀[0m [38;2;49;57;74m▄▄▄[0m          [38;2;32;82;115m▄[48;2;74;156;222m▀[49m▄[0m
[0m                      [38;2;16;16;16m▄[48;2;49;115;172m▀[38;2;49;115;172m▀[48;2;49;57;74m▀▀[38;2;16;16;16m▀[38;2;49;57;74;48;2;82;98;115m▀[48;2;106;123;139m▀[38;2;106;123;139m▀[48;2;49;57;74m▀[48;2;82;98;115m▀[38;2;49;57;74;48;2;106;123;139m▀[48;2;82;98;115m▀▀[49m▄▄[0m     [38;2;32;82;115;48;2;32;82;115m▀[38;2;74;156;222;48;2;74;156;222m▀▀[38;2;32;82;115;48;2;32;82;115m▀[0m
[0m                     [38;2;49;57;74m▄[38;2;16;16;16;48;2;49;57;74m▀[38;2;49;57;74;48;2;106;123;139m▀▀[38;2;82;98;115m▀▀[38;2;49;57;74m▀▀[38;2;106;123;139;48;2;49;57;74m▀[38;2;49;57;74;48;2;106;123;139m▀[38;2;106;123;139m▀[48;2;49;57;74m▀[38;2;82;98;115m▀[38;2;106;123;139;48;2;106;123;139m▀[38;2;49;57;74m▀[38;2;82;98;115m▀[48;2;49;57;74m▀[38;2;49;57;74m▀[38;2;16;16;16;49m▄[0m   [38;2;32;82;115;48;2;32;82;115m▀[38;2;74;156;222;48;2;74;156;222m▀[38;2;49;115;172m▀[38;2;74;156;222m▀[38;2;32;82;115;48;2;16;16;16m▀[0m
[0m                   [38;2;49;57;74m▄[48;2;82;98;115m▀[38;2;82;98;115m▀▀[48;2;49;57;74m▀▀[38;2;49;57;74;48;2;82;98;115m▀[38;2;106;123;139m▀[48;2;49;57;74m▀[38;2;82;98;115m▀[38;2;106;123;139;48;2;106;123;139m▀▀▀[48;2;49;57;74m▀[38;2;82;98;115;48;2;82;98;115m▀[38;2;49;57;74m▀▀[38;2;106;123;139;48;2;49;57;74m▀▀[48;2;106;123;139m▀[38;2;82;98;115m▀[38;2;16;16;16;48;2;49;57;74m▀[49m▄[38;2;32;82;115;48;2;49;115;172m▀[38;2;74;156;222;48;2;74;156;222m▀▀▀▀[38;2;16;16;16;48;2;16;16;16m▀[0m
[0m                 [38;2;49;57;74m▄[48;2;106;123;139m▀[38;2;106;123;139m▀[48;2;82;98;115m▀[38;2;49;57;74m▀▀[38;2;106;123;139m▀[48;2;106;123;139m▀[48;2;49;57;74m▀[38;2;49;57;74;48;2;106;123;139m▀[38;2;106;123;139m▀▀[38;2;49;57;74m▀▀[38;2;106;123;139;48;2;49;57;74m▀▀[38;2;49;57;74;48;2;106;123;139m▀[38;2;82;98;115;48;2;49;57;74m▀▀[48;2;82;98;115m▀▀[38;2;49;57;74;48;2;106;123;139m▀[38;2;106;123;139;48;2;49;57;74m▀[38;2;49;57;74m▀[38;2;16;16;16;48;2;106;123;139m▀[38;2;49;115;172;48;2;16;16;16m▀[38;2;74;156;222;48;2;74;156;222m▀▀[48;2;16;16;16m▀[38;2;16;16;16;49m▀[0m
[0m    [38;2;32;82;115m▄[0m           [38;2;16;16;16;48;2;16;16;16m▀[38;2;106;123;139;48;2;106;123;139m▀[38;2;49;57;74;48;2;49;57;74m▀[38;2;82;98;115;48;2;82;98;115m▀▀[48;2;49;57;74m▀▀▀[38;2;49;57;74m▀[38;2;82;98;115;48;2;106;123;139m▀[38;2;106;123;139m▀▀▀[38;2;49;57;74;48;2;49;57;74m▀[38;2;82;98;115;48;2;82;98;115m▀▀▀[38;2;49;57;74m▀▀[38;2;106;123;139;48;2;106;123;139m▀[38;2;49;57;74m▀▀[38;2;106;123;139m▀▀▀[38;2;49;57;74;48;2;49;57;74m▀[38;2;16;16;16;48;2;106;123;139m▀[38;2;32;82;115;48;2;16;16;16m▀[38;2;16;16;16;49m▀[0m
[0m   [38;2;16;16;16;48;2;16;16;16m▀[38;2;74;156;222;48;2;74;156;222m▀[38;2;32;82;115;48;2;32;82;115m▀[0m         [38;2;16;16;16;48;2;16;16;16m▀[38;2;106;123;139;48;2;106;123;139m▀[48;2;49;57;74m▀▀[38;2;49;57;74;48;2;106;123;139m▀▀[38;2;106;123;139;48;2;16;16;16m▀▀▀[48;2;106;123;139m▀[38;2;49;57;74m▀▀[38;2;106;123;139;48;2;49;57;74m▀[48;2;106;123;139m▀▀[38;2;49;57;74m▀[38;2;82;98;115;48;2;49;57;74m▀[38;2;106;123;139;48;2;106;123;139m▀▀[38;2;82;98;115m▀[48;2;82;98;115m▀[38;2;106;123;139;48;2;49;57;74m▀[48;2;106;123;139m▀[38;2;49;57;74m▀[38;2;106;123;139;48;2;49;57;74m▀▀[38;2;49;57;74;48;2;106;123;139m▀[38;2;106;123;139m▀[38;2;16;16;16;48;2;49;57;74m▀[0m
[0m  [38;2;16;16;16;48;2;16;16;16m▀[38;2;74;156;222;48;2;74;156;222m▀▀[38;2;32;82;115;48;2;32;82;115m▀[0m        [38;2;16;16;16;48;2;16;16;16m▀[38;2;106;123;139;48;2;106;123;139m▀[38;2;49;57;74m▀[38;2;106;123;139;48;2;16;16;16m▀▀[38;2;16;16;16;48;2;74;156;222m▀▀[38;2;32;82;115m▀[38;2;49;115;172m▀▀[38;2;49;57;74;48;2;49;115;172m▀[38;2;16;16;16m▀[38;2;106;123;139;48;2;16;16;16m▀[48;2;106;123;139m▀[38;2;49;57;74m▀▀[38;2;106;123;139;48;2;49;57;74m▀▀[38;2;49;57;74;48;2;106;123;139m▀▀[38;2;106;123;139;48;2;49;57;74m▀▀[38;2;49;57;74;48;2;106;123;139m▀[38;2;106;123;139m▀▀▀[38;2;49;57;74;48;2;49;57;74m▀[38;2;106;123;139;48;2;106;123;139m▀[38;2;16;16;16;48;2;16;16;16m▀[0m
[0m [38;2;16;16;16;48;2;16;16;16m▀[38;2;74;156;222;48;2;49;57;74m▀[48;2;74;156;222m▀▀[38;2;32;82;115;48;2;49;115;172m▀[49m▄[0m       [38;2;49;57;74;48;2;16;16;16m▀[38;2;16;16;16;48;2;74;156;222m▀▀[38;2;74;156;222m▀▀▀▀▀▀▀▀▀[38;2;49;115;172m▀[38;2;49;57;74m▀[48;2;32;82;115m▀[38;2;106;123;139;48;2;49;57;74m▀▀[48;2;106;123;139m▀[38;2;49;57;74m▀▀[38;2;106;123;139;48;2;49;57;74m▀[48;2;106;123;139m▀▀▀[48;2;49;57;74m▀[38;2;49;57;74;48;2;106;123;139m▀[38;2;106;123;139m▀[48;2;16;16;16m▀[38;2;49;57;74;49m▀[0m
[38;2;49;57;74;49m▄[48;2;106;123;139m▀[38;2;106;123;139m▀[38;2;49;115;172;48;2;49;57;74m▀[38;2;74;156;222;48;2;74;156;222m▀▀[38;2;32;82;115m▀[49m▄▄[0m   [38;2;16;16;16m▄[48;2;32;82;115m▀[38;2;32;82;115;48;2;74;156;222m▀▀▀▀▀[38;2;74;156;222;48;2;32;82;115m▀▀▀[48;2;74;156;222m▀[48;2;49;57;74m▀[38;2;49;57;74;48;2;106;123;139m▀▀[38;2;74;156;222;48;2;49;57;74m▀[48;2;74;156;222m▀▀[38;2;49;115;172m▀[38;2;74;156;222;48;2;49;115;172m▀[38;2;16;16;16;48;2;74;156;222m▀▀[38;2;106;123;139;48;2;16;16;16m▀▀[38;2;49;57;74;48;2;106;123;139m▀▀▀[38;2;106;123;139m▀[48;2;16;16;16m▀[38;2;16;16;16;48;2;49;57;74m▀[38;2;49;57;74;49m▀[0m
[38;2;16;16;16;48;2;16;16;16m▀[38;2;82;98;115;48;2;82;98;115m▀[38;2;106;123;139m▀[38;2;49;57;74;48;2;16;16;16m▀[38;2;74;156;222;48;2;74;156;222m▀▀▀▀[38;2;49;115;172m▀[38;2;32;82;115m▀▀[48;2;16;16;16m▀[38;2;16;16;16;48;2;49;57;74m▀[38;2;74;156;222;48;2;74;156;222m▀▀▀▀▀▀▀[48;2;49;57;74m▀▀[38;2;49;57;74;48;2;106;123;139m▀[38;2;106;123;139m▀[48;2;49;57;74m▀▀[48;2;106;123;139m▀[38;2;49;57;74;48;2;49;57;74m▀[38;2;74;156;222;48;2;74;156;222m▀▀[38;2;49;115;172m▀[38;2;74;156;222m▀▀▀[38;2;49;57;74m▀[38;2;16;16;16;48;2;49;115;172m▀▀[48;2;49;57;74m▀[48;2;82;98;115m▀[38;2;82;98;115;48;2;16;16;16m▀[38;2;16;16;16;49m▀[0m               [38;2;32;82;115m▄[38;2;16;16;16m▄[0m
[0m [38;2;16;16;16m▀[38;2;82;98;115;48;2;16;16;16m▀[38;2;16;16;16;48;2;74;156;222m▀[38;2;74;156;222m▀▀▀▀▀▀▀[38;2;16;16;16;48;2;16;16;16m▀[38;2;106;123;139;48;2;106;123;139m▀[38;2;49;57;74m▀[38;2;74;156;222;48;2;49;57;74m▀▀▀▀[38;2;49;57;74;48;2;106;123;139m▀▀[38;2;106;123;139m▀▀[48;2;49;57;74m▀[38;2;16;16;16;48;2;82;98;115m▀[38;2;106;123;139;48;2;106;123;139m▀[48;2;230;230;230m▀[38;2;49;57;74;48;2;49;57;74m▀[38;2;106;123;139;48;2;106;123;139m▀[38;2;49;57;74;48;2;49;57;74m▀[38;2;74;156;222;48;2;74;156;222m▀[48;2;16;16;16m▀[38;2;16;16;16;48;2;49;115;172m▀[38;2;49;115;172m▀[38;2;74;156;222m▀[48;2;74;156;222m▀▀[38;2;49;57;74m▀[38;2;16;16;16m▀▀[38;2;32;82;115;49m▄▄▄[0m       [38;2;32;82;115m▄▄▄▄▄[48;2;74;156;222m▀▀[38;2;74;156;222m▀[38;2;16;16;16;48;2;16;16;16m▀[0m
[0m  [38;2;16;16;16m▀[38;2;74;156;222;48;2;16;16;16m▀[48;2;32;82;115m▀[48;2;74;156;222m▀▀▀▀[48;2;16;16;16m▀▀[38;2;16;16;16m▀[38;2;106;123;139;48;2;106;123;139m▀▀▀▀▀▀▀▀▀▀[38;2;16;16;16;48;2;16;16;16m▀[38;2;106;123;139m▀[38;2;230;230;230;48;2;230;230;230m▀▀[38;2;49;57;74;48;2;49;57;74m▀[38;2;106;123;139;48;2;82;98;115m▀[38;2;16;16;16;48;2;16;16;16m▀[38;2;74;156;222m▀[38;2;16;16;16;48;2;106;123;139m▀[38;2;49;115;172m▀▀[38;2;49;57;74m▀[38;2;74;156;222;48;2;16;16;16m▀[48;2;74;156;222m▀▀▀▀▀▀▀[38;2;32;82;115m▀▀▀▀▀▀▀[38;2;74;156;222m▀▀▀▀▀▀▀[38;2;16;16;16;48;2;16;16;16m▀[0m
[0m     [38;2;16;16;16m▀▀▀▀[0m  [38;2;16;16;16;48;2;16;16;16m▀[38;2;106;123;139;48;2;106;123;139m▀[38;2;16;16;16;48;2;49;57;74m▀[38;2;106;123;139;48;2;106;123;139m▀[48;2;49;57;74m▀[38;2;16;16;16;48;2;106;123;139m▀[38;2;106;123;139m▀▀▀▀[38;2;82;98;115;48;2;49;57;74m▀[38;2;49;57;74;48;2;139;205;222m▀[38;2;230;230;230;48;2;32;82;115m▀▀[38;2;32;82;115;48;2;139;205;222m▀[38;2;139;205;222;48;2;16;16;16m▀[38;2;16;16;16;48;2;49;115;172m▀[38;2;49;115;172m▀[38;2;16;16;16;48;2;16;16;16m▀[49m▀▀▀▀[48;2;16;16;16m▀[38;2;74;156;222;48;2;49;115;172m▀[48;2;74;156;222m▀▀▀▀▀▀▀▀▀▀▀▀▀▀▀▀▀▀[48;2;16;16;16m▀[38;2;16;16;16;49m▀[0m
[0m            [38;2;16;16;16;48;2;16;16;16m▀[38;2;106;123;139;48;2;106;123;139m▀▀▀▀▀▀▀[48;2;82;98;115m▀[38;2;49;57;74;48;2;139;205;222m▀[38;2;139;205;222m▀[48;2;16;16;16m▀▀[38;2;16;16;16;48;2;197;98;123m▀[38;2;49;57;74;48;2;49;57;74m▀[38;2;49;115;172;48;2;49;115;172m▀[38;2;16;16;16;48;2;16;16;16m▀[0m      [38;2;16;16;16;48;2;16;16;16m▀[38;2;74;156;222;48;2;49;115;172m▀[48;2;74;156;222m▀▀▀▀▀▀▀▀▀▀[48;2;49;57;74m▀▀[38;2;49;57;74;48;2;106;123;139m▀▀▀[38;2;74;156;222;48;2;16;16;16m▀[38;2;16;16;16;49m▀[0m
[0m             [38;2;16;16;16;48;2;16;16;16m▀[38;2;106;123;139;48;2;106;123;139m▀▀▀▀[48;2;16;16;16m▀▀[38;2;16;16;16;48;2;197;98;123m▀▀[48;2;246;123;156m▀[38;2;197;98;123m▀[48;2;197;98;123m▀[38;2;49;57;74;48;2;49;57;74m▀[38;2;49;115;172;48;2;49;115;172m▀[38;2;16;16;16;48;2;16;16;16m▀[0m        [38;2;16;16;16m▀[38;2;74;156;222;48;2;16;16;16m▀[48;2;49;115;172m▀[48;2;74;156;222m▀▀▀▀▀▀[48;2;16;16;16m▀[38;2;49;57;74;48;2;82;98;115m▀[38;2;82;98;115m▀[38;2;106;123;139m▀[48;2;16;16;16m▀▀[38;2;16;16;16;49m▀[0m
[0m              [38;2;16;16;16m▀[38;2;106;123;139;48;2;16;16;16m▀[38;2;82;98;115m▀[38;2;16;16;16;49m▀[0m [38;2;49;115;172;48;2;49;57;74m▀[38;2;49;57;74;48;2;74;156;222m▀[38;2;246;123;156m▀[48;2;49;115;172m▀[38;2;197;98;123m▀[38;2;49;57;74m▀[38;2;49;115;172;48;2;16;16;16m▀[38;2;16;16;16;49m▀[0m           [38;2;16;16;16m▀▀[38;2;49;115;172;48;2;16;16;16m▀[38;2;74;156;222m▀▀▀[38;2;49;57;74;49m▀▀[38;2;16;16;16m▀▀▀[0m
[0m                    [38;2;49;57;74m▀[38;2;16;16;16m▀▀▀▀[0m
