[0m            [38;2;0;0;0m▄[38;2;41;106;74;48;2;74;139;106m▀[49m▄[0m
[0m            [38;2;0;0;0;48;2;0;0;0m▀[38;2;74;139;106;48;2;74;139;106m▀▀[38;2;41;106;74;48;2;41;106;74m▀[0m
[0m           [38;2;16;49;32;48;2;16;49;32m▀[38;2;74;139;106;48;2;74;139;106m▀▀▀▀[38;2;16;49;32;48;2;16;49;32m▀[0m         [38;2;41;106;74m▄▄[48;2;74;139;106m▀▀▀▀[38;2;0;0;0;49m▄[0m
[0m           [38;2;16;49;32m▀[38;2;41;106;74;48;2;0;0;0m▀[38;2;74;139;106;48;2;41;106;74m▀[48;2;74;139;106m▀▀[38;2;41;106;74;48;2;41;106;74m▀[38;2;16;49;32;48;2;0;0;0m▀[0m     [38;2;16;49;32m▄[38;2;41;106;74;48;2;74;139;106m▀▀[38;2;74;139;106m▀▀▀▀[48;2;0;0;0m▀[38;2;0;0;0;49m▀[0m
[0m            [38;2;0;0;0m▀[38;2;41;106;74;48;2;0;0;0m▀[48;2;41;106;74m▀▀▀[38;2;0;0;0;48;2;0;0;0m▀[0m    [38;2;16;49;32;48;2;16;49;32m▀[38;2;41;106;74;48;2;41;106;74m▀▀[38;2;74;139;106m▀▀[48;2;0;0;0m▀[38;2;41;106;74m▀[38;2;0;0;0;49m▀[0m
[0m              [38;2;0;0;0m▀[38;2;41;106;74;48;2;16;49;32m▀[48;2;41;106;74m▀[38;2;0;0;0m▀[49m▄▄▄[38;2;16;49;32;48;2;41;106;74m▀[38;2;41;106;74m▀[48;2;0;0;0m▀▀[38;2;0;0;0;49m▀▀[0m
[0m             [38;2;16;49;32m▄[48;2;41;106;74m▀[38;2;41;106;74m▀▀[48;2;16;49;32m▀[38;2;16;49;32;48;2;41;106;74m▀[38;2;41;106;74m▀▀[38;2;16;49;32m▀[38;2;0;0;0;48;2;16;49;32m▀[0m
[0m          [38;2;16;49;32m▄▄[48;2;41;106;74m▀▀[38;2;41;106;74m▀▀▀[38;2;16;49;32;48;2;16;49;32m▀[38;2;41;106;74;48;2;41;106;74m▀▀▀▀▀[38;2;0;0;0m▀[49m▄[0m
[0m       [38;2;0;0;0m▄[38;2;16;49;32;48;2;41;106;74m▀[38;2;41;106;74m▀▀▀▀▀▀[48;2;16;49;32m▀[38;2;16;49;32;48;2;41;106;74m▀[38;2;41;106;74m▀▀▀▀▀▀▀▀[38;2;0;0;0m▀[49m▄[0m
[0m      [38;2;0;0;0;48;2;0;0;0m▀[38;2;41;106;74;48;2;41;106;74m▀[48;2;16;49;32m▀▀[48;2;41;106;74m▀▀▀▀▀[48;2;16;49;32m▀[38;2;16;49;32;48;2;41;106;74m▀[38;2;41;106;74m▀▀▀▀▀▀▀▀▀▀[38;2;16;49;32m▀▀[49m▄[0m
[0m     [38;2;16;49;32m▄[38;2;0;0;0;48;2;41;106;74m▀[38;2;16;49;32;48;2;16;49;32m▀[38;2;164;197;172;48;2;255;255;255m▀[38;2;255;255;255m▀[38;2;41;106;74;48;2;164;197;172m▀[48;2;41;106;74m▀▀▀[38;2;16;49;32m▀[38;2;41;106;74;48;2;16;49;32m▀[48;2;41;106;74m▀▀▀▀▀▀[48;2;24;74;49m▀[38;2;24;74;49;48;2;255;255;255m▀▀[38;2;41;106;74;48;2;24;74;49m▀[48;2;41;106;74m▀▀▀▀[38;2;16;49;32;48;2;16;49;32m▀[0m
[0m    [38;2;0;0;0m▄[48;2;41;106;74m▀[38;2;41;106;74;48;2;16;49;32m▀[38;2;164;197;172;48;2;255;255;255m▀[38;2;255;255;255m▀[38;2;0;0;0m▀[38;2;255;255;255m▀[38;2;41;106;74;48;2;41;106;74m▀▀[48;2;16;49;32m▀[48;2;0;0;0m▀▀▀[48;2;41;106;74m▀▀▀▀[38;2;24;74;49;48;2;24;74;49m▀[38;2;164;197;172;48;2;255;255;255m▀[38;2;255;255;255;48;2;0;0;0m▀[48;2;255;255;255m▀[38;2;164;197;172m▀[38;2;41;106;74;48;2;41;106;74m▀▀▀▀▀[38;2;16;49;32;48;2;16;49;32m▀[0m
[0m   [38;2;0;0;0m▄[48;2;41;106;74m▀[38;2;41;106;74;48;2;24;74;49m▀[38;2;16;49;32;48;2;41;106;74m▀[38;2;164;197;172;48;2;16;49;32m▀[38;2;255;255;255;48;2;255;255;255m▀▀[38;2;164;197;172;48;2;41;106;74m▀[38;2;41;106;74;48;2;0;0;0m▀[38;2;0;0;0;48;2;255;255;255m▀[38;2;255;255;255;48;2;16;49;32m▀[48;2;255;255;255m▀▀[38;2;164;197;172m▀[38;2;0;0;0m▀▀[38;2;41;106;74;48;2;0;0;0m▀[48;2;41;106;74m▀[38;2;24;74;49m▀[38;2;255;255;255;48;2;164;197;172m▀[48;2;255;255;255m▀▀[48;2;164;197;172m▀[38;2;41;106;74;48;2;41;106;74m▀▀▀▀[48;2;16;49;32m▀[38;2;16;49;32;48;2;0;0;0m▀[38;2;0;0;0;49m▄[0m
[0m   [38;2;82;74;57;48;2;115;98;82m▀[38;2;0;0;0;48;2;164;139;115m▀[38;2;24;74;49;48;2;0;0;0m▀[38;2;41;106;74;48;2;24;74;49m▀▀[48;2;41;106;74m▀▀▀[38;2;0;0;0m▀[38;2;16;49;32m▀[38;2;41;106;74m▀[38;2;255;255;255;48;2;16;49;32m▀[38;2;164;197;172m▀[38;2;16;49;32;48;2;41;106;74m▀[38;2;255;255;255;48;2;16;49;32m▀[38;2;16;49;32;48;2;41;106;74m▀[38;2;41;106;74m▀[38;2;0;0;0m▀[38;2;41;106;74m▀▀[38;2;255;255;255m▀▀[38;2;41;106;74;48;2;24;74;49m▀▀[38;2;24;74;49m▀▀▀▀[48;2;0;0;0m▀[38;2;0;0;0;48;2;82;74;57m▀[38;2;82;74;57;49m▄[48;2;164;139;115m▀[38;2;0;0;0m▀▀[49m▄[0m
[38;2;82;74;57;49m▄[48;2;164;139;115m▀[38;2;115;98;82;48;2;238;82;164m▀[38;2;164;139;115m▀[48;2;164;139;115m▀[38;2;0;0;0m▀[38;2;24;74;49;48;2;0;0;0m▀[48;2;24;74;49m▀▀▀▀▀[38;2;41;106;74m▀▀▀[48;2;0;0;0m▀[48;2;24;74;49m▀▀▀[48;2;41;106;74m▀[48;2;24;74;49m▀[38;2;24;74;49;48;2;41;106;74m▀[38;2;41;106;74;48;2;24;74;49m▀[38;2;24;74;49;48;2;41;106;74m▀[48;2;24;74;49m▀▀▀▀▀[38;2;16;49;32m▀[38;2;0;0;0m▀▀[38;2;164;139;115;48;2;0;0;0m▀[48;2;164;139;115m▀▀▀▀▀[38;2;0;0;0;48;2;115;98;82m▀[48;2;0;139;230m▀[38;2;24;90;131;49m▄[0m
[38;2;82;74;57;49m▀[38;2;164;139;115;48;2;82;74;57m▀[38;2;238;82;164;48;2;238;82;164m▀[48;2;164;139;115m▀[38;2;164;139;115;48;2;115;98;82m▀[38;2;115;98;82m▀▀▀[38;2;0;0;0m▀[38;2;24;74;49;48;2;0;0;0m▀▀[48;2;24;74;49m▀▀▀▀[48;2;0;0;0m▀[38;2;0;0;0;48;2;24;74;49m▀[38;2;24;74;49m▀▀▀[38;2;41;106;74m▀[38;2;24;74;49m▀[38;2;41;106;74m▀[38;2;24;74;49m▀▀▀[48;2;0;0;0m▀▀[38;2;16;49;32;49m▀[38;2;24;74;49;48;2;0;0;0m▀[38;2;16;49;32m▀[38;2;0;0;0m▀[38;2;115;98;82;48;2;115;98;82m▀▀▀[38;2;164;139;115m▀[48;2;189;49;123m▀[38;2;189;49;123m▀[38;2;115;98;82m▀[48;2;115;98;82m▀[38;2;0;139;230m▀[38;2;0;0;0m▀[49m▄[0m
[0m [38;2;0;0;0m▀[38;2;115;98;82;48;2;0;0;0m▀▀[38;2;0;0;0;49m▀▀[38;2;115;98;82;48;2;0;0;0m▀▀[38;2;0;0;0;49m▀[38;2;16;49;32m▄[48;2;24;74;49m▀[38;2;0;0;0m▀▀▀[38;2;24;74;49;48;2;0;0;0m▀▀[38;2;0;0;0m▀▀[38;2;24;74;49m▀▀▀▀▀[38;2;16;49;32;48;2;24;74;49m▀[38;2;0;0;0m▀[48;2;16;49;32m▀[49m▄[0m     [38;2;0;0;0;48;2;0;0;0m▀[38;2;115;98;82;48;2;115;98;82m▀▀▀▀[38;2;189;49;123;48;2;0;0;0m▀▀[38;2;115;98;82;48;2;115;98;82m▀▀[48;2;0;0;0m▀[38;2;0;0;0;49m▀[0m
[0m        [38;2;16;49;32m▀[38;2;24;74;49;48;2;0;0;0m▀▀▀[38;2;0;0;0;49m▀▀[0m       [38;2;0;0;0m▀[38;2;24;74;49;48;2;0;0;0m▀[48;2;16;49;32m▀[48;2;24;74;49m▀▀▀[38;2;0;0;0;48;2;0;0;0m▀[0m     [38;2;0;0;0m▀▀▀[0m   [38;2;0;0;0m▀▀[0m
[0m                        [38;2;0;0;0m▀▀▀[0m
