[0m                               [38;2;90;74;65m▄[38;2;123;106;90;48;2;123;106;90m▀[38;2;0;0;0;48;2;164;139;115m▀▀[48;2;123;106;90m▀[49m▄[0m
[0m                            [38;2;123;106;90m▄▄[48;2;123;106;90m▀[38;2;164;139;115;48;2;164;139;115m▀▀▀▀▀▀[38;2;0;0;0;48;2;0;0;0m▀[49m▄[0m                [38;2;123;106;90m▄▄[48;2;164;139;115m▀▀[38;2;90;74;65m▀[48;2;123;106;90m▀[49m▄[0m
[0m                           [38;2;123;106;90;48;2;123;106;90m▀[38;2;164;139;115;48;2;164;139;115m▀▀[48;2;189;49;123m▀[38;2;189;49;123;48;2;238;82;164m▀▀[38;2;164;139;115;48;2;189;49;123m▀[48;2;164;139;115m▀▀▀▀▀[38;2;90;74;65m▀[49m▄[0m            [38;2;0;0;0m▄[38;2;123;106;90;48;2;0;0;0m▀[38;2;164;139;115;48;2;123;106;90m▀[48;2;164;139;115m▀▀▀▀▀▀[38;2;90;74;65;48;2;90;74;65m▀[38;2;123;106;90;49m▄[0m
[0m                          [38;2;90;74;65;48;2;90;74;65m▀[38;2;164;139;115;48;2;164;139;115m▀▀[38;2;189;49;123;48;2;189;49;123m▀[38;2;238;82;164;48;2;238;82;164m▀▀▀[38;2;189;49;123;48;2;123;106;90m▀[38;2;164;139;115;48;2;164;139;115m▀▀[48;2;24;106;131m▀[38;2;24;106;131;48;2;0;172;213m▀[48;2;24;106;131m▀[38;2;164;139;115;48;2;164;139;115m▀[38;2;90;74;65;48;2;0;0;0m▀[0m           [38;2;0;0;0;48;2;0;0;0m▀[38;2;164;139;115;48;2;164;139;115m▀▀▀▀[48;2;189;49;123m▀[48;2;238;82;164m▀[38;2;189;49;123m▀▀▀[38;2;164;139;115;48;2;189;49;123m▀[48;2;164;139;115m▀[38;2;123;106;90m▀[38;2;90;74;65;49m▄[0m
[0m                          [38;2;90;74;65m▀[38;2;164;139;115;48;2;90;74;65m▀[48;2;164;139;115m▀[38;2;189;49;123m▀[38;2;238;82;164;48;2;189;49;123m▀▀[38;2;189;49;123;48;2;164;139;115m▀[38;2;164;139;115m▀▀▀[38;2;24;106;131m▀▀[38;2;164;139;115;48;2;123;106;90m▀[38;2;0;0;0m▀[49m▄[0m         [38;2;0;0;0m▄[48;2;123;106;90m▀[38;2;90;74;65;48;2;164;139;115m▀[38;2;123;106;90m▀[38;2;164;139;115m▀▀▀[38;2;189;49;123m▀[38;2;238;82;164;48;2;189;49;123m▀▀[48;2;238;82;164m▀▀[38;2;189;49;123;48;2;123;106;90m▀[38;2;164;139;115;48;2;164;139;115m▀▀[38;2;0;0;0;48;2;0;0;0m▀[0m
[0m                          [38;2;123;106;90m▄[38;2;164;139;115;48;2;164;139;115m▀▀▀▀▀▀▀[48;2;24;64;44m▀[38;2;24;64;44;48;2;41;106;74m▀[48;2;24;64;44m▀[38;2;123;106;90;48;2;123;106;90m▀[48;2;90;74;65m▀[48;2;0;0;0m▀[38;2;0;0;0;49m▀[0m         [38;2;0;0;0;48;2;0;0;0m▀[38;2;164;139;115;48;2;123;106;90m▀[48;2;164;139;115m▀▀▀▀▀▀▀▀[38;2;123;106;90m▀▀[38;2;164;139;115m▀▀[38;2;0;0;0;48;2;90;74;65m▀[0m
[0m                          [38;2;123;106;90m▀[38;2;164;139;115;48;2;90;74;65m▀[48;2;123;106;90m▀▀[38;2;24;64;44;48;2;24;64;44m▀[48;2;41;106;74m▀▀▀[38;2;41;106;74m▀▀[48;2;24;64;44m▀[38;2;24;64;44;49m▀[38;2;90;74;65;48;2;24;64;44m▀[38;2;24;64;44;49m▄▄▄[0m        [38;2;0;0;0m▀[38;2;123;106;90;48;2;0;0;0m▀[48;2;123;106;90m▀[38;2;24;64;44;48;2;24;64;44m▀[48;2;41;106;74m▀[38;2;164;139;115;48;2;24;64;44m▀[48;2;164;139;115m▀[48;2;123;106;90m▀▀[38;2;24;106;131;48;2;24;106;131m▀[48;2;0;172;213m▀[38;2;164;139;115;48;2;24;106;131m▀[48;2;123;106;90m▀[38;2;123;106;90m▀▀[38;2;90;74;65;48;2;0;0;0m▀[0m
[0m                            [38;2;90;74;65m▀▀▀[38;2;24;64;44m▀[48;2;24;64;44m▀[38;2;41;106;74;48;2;41;106;74m▀[48;2;24;64;44m▀▀[38;2;24;64;44;48;2;41;106;74m▀▀[38;2;41;106;74m▀▀▀▀[38;2;24;64;44m▀[48;2;0;0;0m▀[38;2;0;0;0;49m▄[48;2;41;106;74m▀▀▀▀▀[49m▄▄[38;2;90;74;65;48;2;0;0;0m▀[38;2;24;64;44;48;2;24;64;44m▀[38;2;41;106;74;48;2;41;106;74m▀[38;2;24;64;44m▀▀▀▀[38;2;123;106;90;48;2;24;64;44m▀[38;2;24;106;131;48;2;123;106;90m▀▀[38;2;123;106;90m▀[48;2;90;74;65m▀[48;2;0;0;0m▀[38;2;0;0;0;49m▀[0m
[0m              [38;2;0;0;0m▄[48;2;189;189;189m▀▀[48;2;115;115;115m▀[49m▄[0m             [38;2;24;64;44m▄[48;2;41;106;74m▀[38;2;41;106;74;48;2;24;64;44m▀▀[48;2;41;106;74m▀▀▀▀▀[38;2;24;64;44m▀[38;2;0;0;0;48;2;24;64;44m▀[38;2;41;106;74;48;2;41;106;74m▀▀▀▀▀▀▀▀▀[38;2;24;64;44m▀▀▀[38;2;41;106;74;48;2;24;64;44m▀▀[38;2;24;64;44;49m▀[38;2;123;106;90;48;2;0;0;0m▀▀▀▀[38;2;0;0;0;49m▀[0m
[38;2;0;0;0;49m▄[38;2;115;115;115;48;2;189;189;189m▀[48;2;0;0;0m▀[48;2;189;189;189m▀[49m▄[0m     [38;2;90;74;65m▄▄[0m [38;2;0;0;0;48;2;0;0;0m▀[38;2;189;189;189;48;2;189;189;189m▀[38;2;115;115;115m▀[38;2;0;0;0m▀[38;2;189;189;189m▀[38;2;0;0;0;48;2;0;0;0m▀[0m           [38;2;0;0;0m▄[48;2;41;106;74m▀[38;2;41;106;74m▀[38;2;24;64;44;48;2;255;255;255m▀[38;2;255;255;255m▀▀[38;2;24;64;44;48;2;189;189;189m▀[38;2;41;106;74;48;2;41;106;74m▀▀[48;2;0;0;0m▀[38;2;24;64;44;48;2;115;115;115m▀[38;2;0;0;0;48;2;255;255;255m▀▀[38;2;24;64;44m▀[38;2;41;106;74;48;2;0;0;0m▀[48;2;41;106;74m▀▀▀▀[48;2;24;64;44m▀[38;2;24;64;44;48;2;189;189;189m▀[48;2;255;255;255m▀[48;2;189;189;189m▀[38;2;41;106;74;48;2;24;64;44m▀[48;2;41;106;74m▀▀[38;2;0;0;0m▀[49m▄[0m
[38;2;0;0;0;48;2;0;0;0m▀[38;2;189;189;189;48;2;189;189;189m▀[38;2;0;0;0m▀[38;2;189;189;189m▀▀[38;2;115;115;115m▀[49m▄[38;2;90;74;65m▄▄[48;2;164;139;115m▀[38;2;164;139;115m▀▀[38;2;90;74;65m▀[38;2;115;115;115;48;2;115;115;115m▀[38;2;189;189;189;48;2;189;189;189m▀▀▀[48;2;0;0;0m▀[38;2;0;0;0;49m▀[0m          [38;2;0;0;0m▄[48;2;41;106;74m▀[38;2;41;106;74m▀[38;2;189;189;189;48;2;189;189;189m▀[38;2;255;255;255;48;2;255;255;255m▀[38;2;0;0;0m▀[38;2;255;255;255m▀[38;2;189;189;189;48;2;24;64;44m▀[38;2;41;106;74m▀[38;2;0;0;0;48;2;189;189;189m▀[38;2;255;255;255;48;2;0;0;0m▀[38;2;189;189;189;48;2;115;115;115m▀[38;2;255;255;255;48;2;255;255;255m▀[38;2;115;115;115;48;2;0;0;0m▀[38;2;255;255;255m▀[48;2;255;255;255m▀[38;2;24;64;44;48;2;0;0;0m▀[38;2;41;106;74;48;2;41;106;74m▀▀▀[38;2;189;189;189;48;2;255;255;255m▀[38;2;255;255;255m▀▀▀[38;2;189;189;189m▀[38;2;24;64;44;48;2;24;64;44m▀[38;2;41;106;74;48;2;41;106;74m▀▀[38;2;0;0;0m▀[49m▄[0m
[0m [38;2;0;0;0m▀▀[38;2;115;115;115;48;2;0;0;0m▀[38;2;189;189;189m▀▀[38;2;90;74;65;48;2;164;139;115m▀[38;2;164;139;115m▀▀▀▀▀[38;2;115;115;115;48;2;115;115;115m▀[38;2;189;189;189;48;2;189;189;189m▀▀▀[48;2;0;0;0m▀[38;2;0;0;0;49m▀[0m     [38;2;24;64;44m▄▄▄[0m  [38;2;0;0;0m▄[48;2;41;106;74m▀[38;2;41;106;74m▀▀[38;2;24;64;44m▀[38;2;255;255;255;48;2;24;64;44m▀▀[38;2;24;64;44;48;2;41;106;74m▀[38;2;41;106;74m▀[38;2;0;0;0;48;2;0;0;0m▀▀▀▀▀▀▀▀▀[38;2;41;106;74;48;2;41;106;74m▀▀[38;2;24;64;44;48;2;24;64;44m▀[38;2;255;255;255;48;2;189;189;189m▀[38;2;0;0;0;48;2;255;255;255m▀[38;2;255;255;255m▀▀[48;2;189;189;189m▀[38;2;41;106;74;48;2;41;106;74m▀▀▀▀[38;2;0;0;0;48;2;0;0;0m▀[0m
[0m   [38;2;189;49;123m▄▄[38;2;0;0;0;48;2;238;82;164m▀[38;2;164;139;115;48;2;123;106;90m▀[48;2;164;139;115m▀▀▀▀▀[38;2;0;0;0;48;2;0;0;0m▀[38;2;189;189;189;48;2;189;189;189m▀▀▀[38;2;0;0;0;48;2;0;0;0m▀[38;2;90;74;65;49m▄[0m     [38;2;24;64;44m▀[38;2;41;106;74;48;2;24;64;44m▀[48;2;41;106;74m▀[38;2;24;64;44m▀▀[38;2;0;0;0m▀[38;2;41;106;74m▀▀▀▀▀▀▀▀[38;2;0;0;0;48;2;24;64;44m▀[38;2;115;115;115;48;2;255;255;255m▀[38;2;0;0;0;48;2;115;115;115m▀[48;2;255;255;255m▀[48;2;0;0;0m▀[48;2;115;115;115m▀[48;2;189;189;189m▀[48;2;0;0;0m▀[38;2;24;64;44;48;2;41;106;74m▀[38;2;41;106;74m▀▀▀[38;2;24;64;44m▀[38;2;189;189;189;48;2;24;64;44m▀[38;2;255;255;255m▀▀[38;2;24;64;44;48;2;41;106;74m▀[38;2;41;106;74m▀▀▀▀[38;2;24;64;44m▀[49m▄▄[48;2;41;106;74m▀▀▀[48;2;0;0;0m▀[0m
[0m  [38;2;189;49;123;48;2;189;49;123m▀[38;2;238;82;164;48;2;238;82;164m▀▀▀[38;2;189;49;123m▀[38;2;164;139;115;48;2;189;49;123m▀[48;2;164;139;115m▀▀▀▀▀[38;2;115;115;115m▀▀[38;2;0;0;0m▀[38;2;164;139;115m▀[38;2;90;74;65m▀[49m▄[0m  [38;2;24;64;44;48;2;24;64;44m▀[48;2;41;106;74m▀▀[38;2;41;106;74m▀▀▀▀▀▀▀▀▀▀▀▀▀▀[38;2;24;64;44m▀[38;2;255;255;255;48;2;24;64;44m▀[48;2;0;0;0m▀[48;2;24;64;44m▀▀[38;2;24;64;44;48;2;41;106;74m▀[38;2;41;106;74m▀▀▀▀▀▀▀▀▀▀▀▀▀▀▀▀▀▀[48;2;0;0;0m▀[38;2;0;0;0;49m▀[0m
[0m  [38;2;90;74;65m▄[38;2;189;49;123;48;2;189;49;123m▀[38;2;238;82;164;48;2;238;82;164m▀▀[48;2;189;49;123m▀[38;2;189;49;123;48;2;164;139;115m▀[38;2;164;139;115m▀▀▀[48;2;24;106;131m▀[38;2;24;106;131;48;2;0;172;213m▀[38;2;0;172;213m▀▀[38;2;24;106;131m▀[38;2;164;139;115;48;2;24;106;131m▀[48;2;164;139;115m▀[38;2;90;74;65;48;2;123;106;90m▀[38;2;0;0;0;49m▄[0m  [38;2;24;64;44m▀▀[48;2;24;64;44m▀[38;2;41;106;74;48;2;41;106;74m▀▀▀▀▀▀▀▀▀▀▀▀▀▀[38;2;0;0;0;48;2;0;0;0m▀[48;2;41;106;74m▀[38;2;41;106;74m▀▀▀▀▀▀▀▀▀▀▀▀▀▀▀▀▀▀▀▀▀▀[38;2;0;0;0m▀▀[49m▄[0m
[0m  [38;2;90;74;65m▀[38;2;164;139;115;48;2;90;74;65m▀[38;2;189;49;123;48;2;164;139;115m▀[48;2;115;115;115m▀[38;2;164;139;115m▀[38;2;115;115;115;48;2;189;189;189m▀▀[38;2;164;139;115;48;2;115;115;115m▀[48;2;164;139;115m▀[38;2;0;172;213;48;2;0;172;213m▀▀▀▀[48;2;24;106;131m▀[38;2;24;106;131;48;2;123;106;90m▀[38;2;123;106;90m▀▀[38;2;0;0;0;48;2;0;0;0m▀[0m  [38;2;24;64;44m▄[48;2;41;106;74m▀[38;2;41;106;74m▀▀▀▀▀▀▀▀▀▀[48;2;24;64;44m▀▀[38;2;24;64;44;48;2;164;139;115m▀▀[38;2;41;106;74;48;2;0;0;0m▀[38;2;0;0;0m▀[38;2;41;106;74m▀[38;2;0;0;0;48;2;164;139;115m▀▀[38;2;41;106;74;48;2;0;0;0m▀[48;2;41;106;74m▀▀▀▀▀▀▀▀▀▀▀▀▀▀▀▀▀[48;2;0;0;0m▀[38;2;0;0;0;48;2;164;139;115m▀▀▀[38;2;164;139;115m▀[38;2;90;74;65m▀▀[49m▄[0m
[0m  [38;2;115;115;115m▄[48;2;189;189;189m▀▀[38;2;189;189;189m▀▀▀▀[48;2;0;0;0m▀[38;2;164;139;115;48;2;123;106;90m▀[38;2;24;106;131m▀[38;2;0;172;213;48;2;24;106;131m▀▀▀[38;2;24;106;131;48;2;123;106;90m▀[38;2;123;106;90m▀▀[38;2;0;0;0;48;2;0;0;0m▀[0m  [38;2;24;64;44m▄[48;2;41;106;74m▀[38;2;41;106;74m▀▀[48;2;24;64;44m▀[38;2;24;64;44;48;2;164;139;115m▀[38;2;41;106;74;48;2;24;64;44m▀[48;2;41;106;74m▀▀▀▀▀[38;2;0;0;0;48;2;24;64;44m▀[38;2;164;139;115;48;2;164;139;115m▀▀▀▀▀▀▀▀▀▀[38;2;24;64;44;48;2;24;64;44m▀[38;2;41;106;74;48;2;41;106;74m▀▀▀▀▀▀▀▀▀▀▀▀▀▀▀[48;2;0;0;0m▀▀[38;2;0;0;0;48;2;164;139;115m▀[38;2;164;139;115m▀[48;2;189;49;123m▀[38;2;189;49;123;48;2;238;82;164m▀▀[38;2;164;139;115;48;2;189;49;123m▀[38;2;90;74;65;48;2;164;139;115m▀[49m▄[0m
[0m  [38;2;0;0;0;48;2;0;0;0m▀[38;2;189;189;189;48;2;115;115;115m▀[38;2;0;0;0;48;2;189;189;189m▀[38;2;189;189;189m▀[48;2;0;0;0m▀▀[38;2;0;0;0;49m▀[38;2;123;106;90;48;2;90;74;65m▀▀[48;2;123;106;90m▀▀▀▀[48;2;0;0;0m▀[38;2;0;0;0;49m▀▀[0m [38;2;24;64;44m▄[48;2;41;106;74m▀[38;2;41;106;74m▀▀[48;2;24;64;44m▀[38;2;24;64;44;48;2;164;139;115m▀[38;2;164;139;115m▀▀[38;2;24;64;44;48;2;24;64;44m▀[38;2;41;106;74;48;2;41;106;74m▀▀▀▀[48;2;24;64;44m▀[38;2;24;64;44;48;2;164;139;115m▀[38;2;164;139;115m▀▀▀▀▀▀▀▀▀▀▀[38;2;0;0;0m▀[38;2;41;106;74;48;2;24;64;44m▀[48;2;41;106;74m▀▀▀▀▀▀[48;2;24;64;44m▀[38;2;24;64;44;48;2;164;139;115m▀▀[38;2;41;106;74;48;2;24;64;44m▀[48;2;41;106;74m▀▀[38;2;0;0;0;48;2;0;0;0m▀[38;2;164;139;115;48;2;164;139;115m▀▀▀[38;2;189;49;123m▀[38;2;238;82;164;48;2;189;49;123m▀[48;2;238;82;164m▀▀[38;2;189;49;123;48;2;189;49;123m▀[38;2;164;139;115;48;2;164;139;115m▀[38;2;90;74;65;48;2;90;74;65m▀[0m
[0m   [38;2;0;0;0m▀▀▀[0m    [38;2;90;74;65m▄[48;2;123;106;90m▀[38;2;123;106;90m▀▀[38;2;90;74;65;48;2;90;74;65m▀[0m   [38;2;24;64;44m▄[48;2;41;106;74m▀[38;2;41;106;74m▀▀[48;2;24;64;44m▀[38;2;24;64;44;48;2;164;139;115m▀[38;2;164;139;115m▀▀[38;2;24;64;44;48;2;24;64;44m▀[38;2;41;106;74;48;2;41;106;74m▀▀▀▀[38;2;0;0;0;48;2;24;64;44m▀[38;2;164;139;115;48;2;164;139;115m▀▀▀▀▀[38;2;90;74;65;48;2;123;106;90m▀[38;2;164;139;115;48;2;164;139;115m▀▀▀▀▀▀▀▀[38;2;0;0;0;48;2;0;0;0m▀[38;2;41;106;74;48;2;41;106;74m▀▀▀▀▀[48;2;24;64;44m▀[38;2;24;64;44;48;2;164;139;115m▀[38;2;164;139;115m▀▀▀[38;2;24;64;44;48;2;24;64;44m▀[38;2;41;106;74;48;2;41;106;74m▀[38;2;0;0;0;48;2;0;0;0m▀[38;2;164;139;115;48;2;164;139;115m▀▀▀▀▀[38;2;189;49;123m▀▀[38;2;164;139;115m▀[48;2;90;74;65m▀[38;2;90;74;65;49m▀[0m
[0m         [38;2;90;74;65m▄[48;2;164;139;115m▀[38;2;123;106;90m▀[48;2;123;106;90m▀[48;2;90;74;65m▀[38;2;90;74;65;49m▀[0m  [38;2;24;64;44;48;2;24;64;44m▀[38;2;41;106;74;48;2;41;106;74m▀▀▀[38;2;24;64;44;48;2;24;64;44m▀[38;2;164;139;115;48;2;164;139;115m▀▀[48;2;24;64;44m▀[38;2;24;64;44;48;2;41;106;74m▀[38;2;41;106;74m▀▀▀▀▀▀[38;2;0;0;0;48;2;0;0;0m▀[38;2;164;139;115;48;2;164;139;115m▀▀▀▀▀▀▀[48;2;90;74;65m▀[38;2;123;106;90;48;2;164;139;115m▀[38;2;164;139;115m▀▀▀[38;2;24;64;44;48;2;24;64;44m▀[38;2;41;106;74;48;2;41;106;74m▀▀▀▀▀▀[38;2;24;64;44;48;2;24;64;44m▀[38;2;164;139;115;48;2;164;139;115m▀▀▀[38;2;24;64;44;48;2;24;64;44m▀[38;2;41;106;74;48;2;41;106;74m▀▀▀[38;2;0;0;0;48;2;0;0;0m▀[38;2;164;139;115;48;2;164;139;115m▀▀▀▀▀▀[48;2;90;74;65m▀[38;2;90;74;65;48;2;189;189;189m▀[38;2;0;0;0m▀[49m▄▄[0m
[0m      [38;2;0;0;0m▄[38;2;90;74;65m▄[48;2;164;139;115m▀[38;2;164;139;115m▀▀▀▀[38;2;0;0;0;48;2;0;0;0m▀[0m   [38;2;24;64;44;48;2;24;64;44m▀[38;2;41;106;74;48;2;41;106;74m▀▀[48;2;24;64;44m▀[38;2;24;64;44;48;2;164;139;115m▀[38;2;164;139;115m▀▀[38;2;24;64;44m▀[38;2;41;106;74;48;2;24;64;44m▀[48;2;41;106;74m▀▀▀▀▀[48;2;0;0;0m▀[38;2;24;64;44;48;2;164;139;115m▀[38;2;164;139;115m▀▀▀▀▀▀▀▀▀▀▀[38;2;24;64;44;48;2;24;64;44m▀[38;2;41;106;74;48;2;41;106;74m▀▀▀▀▀▀▀▀[38;2;24;64;44;48;2;24;64;44m▀[38;2;164;139;115;48;2;164;139;115m▀▀▀[38;2;24;64;44m▀[38;2;41;106;74;48;2;24;64;44m▀[48;2;41;106;74m▀▀[38;2;0;0;0m▀[38;2;164;139;115;48;2;0;0;0m▀▀▀▀[38;2;0;0;0;49m▀[38;2;189;189;189;48;2;115;115;115m▀▀[48;2;189;189;189m▀[38;2;115;115;115;48;2;115;115;115m▀[38;2;189;189;189;48;2;189;189;189m▀[38;2;0;0;0m▀[48;2;123;106;90m▀[48;2;164;139;115m▀[49m▄[0m
[0m     [38;2;0;0;0;48;2;0;0;0m▀[38;2;164;139;115;48;2;164;139;115m▀▀▀▀▀▀[38;2;0;0;0;48;2;0;0;0m▀[0m   [38;2;24;64;44;48;2;24;64;44m▀[38;2;41;106;74;48;2;41;106;74m▀▀[38;2;24;64;44;48;2;24;64;44m▀[38;2;164;139;115;48;2;164;139;115m▀▀▀▀[48;2;24;64;44m▀[38;2;24;64;44;48;2;41;106;74m▀[38;2;41;106;74m▀▀[48;2;0;0;0m▀[38;2;0;0;0;48;2;164;139;115m▀[38;2;24;64;44m▀[38;2;164;139;115m▀▀▀▀▀▀▀▀▀▀▀▀▀▀[38;2;0;0;0m▀[38;2;41;106;74;48;2;24;64;44m▀[48;2;41;106;74m▀▀▀▀▀[48;2;24;64;44m▀[38;2;24;64;44;48;2;164;139;115m▀[38;2;164;139;115m▀▀▀▀[38;2;24;64;44m▀[38;2;41;106;74;48;2;24;64;44m▀[48;2;41;106;74m▀▀[38;2;24;64;44;48;2;24;64;44m▀[38;2;164;139;115;48;2;164;139;115m▀[38;2;90;74;65;48;2;90;74;65m▀[0m   [38;2;90;74;65m▄[48;2;164;139;115m▀[38;2;189;189;189;48;2;115;115;115m▀▀[38;2;115;115;115;48;2;164;139;115m▀[38;2;164;139;115m▀▀[38;2;0;0;0m▀[38;2;90;74;65;49m▄[0m
[0m    [38;2;0;0;0;48;2;0;0;0m▀[38;2;189;49;123;48;2;238;82;164m▀▀[38;2;164;139;115;48;2;189;49;123m▀[48;2;164;139;115m▀▀[48;2;90;74;65m▀[38;2;90;74;65;49m▀[0m   [38;2;0;0;0;48;2;0;0;0m▀[38;2;41;106;74;48;2;41;106;74m▀▀[38;2;24;64;44;48;2;24;64;44m▀[38;2;164;139;115;48;2;164;139;115m▀▀[48;2;24;64;44m▀[38;2;24;64;44;48;2;41;106;74m▀▀[38;2;41;106;74m▀▀▀[38;2;0;0;0;48;2;0;0;0m▀[38;2;164;139;115;48;2;164;139;115m▀▀▀▀▀▀[48;2;189;49;123m▀▀▀[48;2;164;139;115m▀▀▀▀▀▀▀▀▀[38;2;24;64;44;48;2;24;64;44m▀[38;2;41;106;74;48;2;41;106;74m▀▀▀▀[38;2;24;64;44;48;2;24;64;44m▀[38;2;164;139;115;48;2;164;139;115m▀▀▀▀▀▀▀[38;2;24;64;44m▀[38;2;41;106;74;48;2;24;64;44m▀[48;2;41;106;74m▀▀[38;2;164;139;115;48;2;24;64;44m▀[48;2;164;139;115m▀[38;2;90;74;65;48;2;90;74;65m▀[0m  [38;2;90;74;65;48;2;90;74;65m▀[38;2;164;139;115;48;2;164;139;115m▀▀▀▀[38;2;90;74;65m▀[38;2;123;106;90m▀[38;2;164;139;115;48;2;123;106;90m▀[38;2;90;74;65m▀[49m▄[0m
[0m    [38;2;0;0;0;48;2;0;0;0m▀[38;2;238;82;164;48;2;238;82;164m▀▀▀[38;2;189;49;123;48;2;189;49;123m▀[38;2;164;139;115;48;2;164;139;115m▀[38;2;90;74;65m▀[49m▄[0m    [38;2;0;0;0m▀[38;2;41;106;74;48;2;0;0;0m▀[38;2;0;0;0;48;2;164;139;115m▀[38;2;164;139;115m▀▀[38;2;24;64;44m▀[38;2;41;106;74;48;2;24;64;44m▀[48;2;41;106;74m▀▀▀▀[38;2;0;0;0;48;2;24;64;44m▀[38;2;164;139;115;48;2;164;139;115m▀▀▀▀▀[38;2;189;49;123;48;2;189;49;123m▀[38;2;238;82;164;48;2;238;82;164m▀▀▀[38;2;189;49;123m▀[38;2;164;139;115;48;2;189;49;123m▀[48;2;164;139;115m▀▀▀▀▀▀[48;2;24;64;44m▀[38;2;24;64;44;48;2;41;106;74m▀[38;2;41;106;74m▀▀▀▀▀[38;2;24;64;44m▀[38;2;164;139;115;48;2;24;64;44m▀[48;2;164;139;115m▀▀▀▀▀[38;2;24;64;44;48;2;24;64;44m▀[38;2;41;106;74;48;2;41;106;74m▀▀▀[38;2;24;64;44;48;2;24;64;44m▀[38;2;164;139;115;48;2;164;139;115m▀[38;2;90;74;65m▀[49m▄[0m  [38;2;90;74;65;48;2;90;74;65m▀[38;2;123;106;90;48;2;123;106;90m▀▀[48;2;90;74;65m▀▀▀[48;2;123;106;90m▀▀[38;2;90;74;65;48;2;0;0;0m▀[0m
[0m    [38;2;0;0;0m▀[38;2;238;82;164;48;2;0;0;0m▀[48;2;238;82;164m▀▀▀[38;2;189;49;123;48;2;189;49;123m▀[38;2;164;139;115;48;2;164;139;115m▀[38;2;90;74;65m▀[49m▄[0m   [38;2;90;74;65;48;2;0;0;0m▀[38;2;164;139;115;48;2;164;139;115m▀▀▀▀[48;2;24;64;44m▀[38;2;24;64;44;48;2;41;106;74m▀[38;2;41;106;74m▀▀▀[48;2;24;64;44m▀[38;2;24;64;44;48;2;164;139;115m▀[38;2;164;139;115m▀▀▀▀[38;2;189;49;123;48;2;189;49;123m▀[38;2;238;82;164;48;2;238;82;164m▀▀▀▀▀▀[38;2;189;49;123;48;2;189;49;123m▀[38;2;164;139;115;48;2;164;139;115m▀▀▀▀▀[38;2;24;64;44;48;2;24;64;44m▀[38;2;41;106;74;48;2;41;106;74m▀▀▀▀▀▀▀▀[38;2;24;64;44;48;2;24;64;44m▀[38;2;164;139;115;48;2;164;139;115m▀▀▀▀▀[38;2;24;64;44;48;2;24;64;44m▀[38;2;41;106;74;48;2;41;106;74m▀▀▀[38;2;24;64;44;48;2;24;64;44m▀[38;2;164;139;115;48;2;164;139;115m▀[38;2;90;74;65;48;2;90;74;65m▀[0m   [38;2;123;106;90m▀[38;2;0;0;0;48;2;0;0;0m▀[38;2;115;115;115;48;2;189;189;189m▀▀[38;2;189;189;189;48;2;115;115;115m▀[38;2;0;0;0;48;2;0;0;0m▀[38;2;123;106;90;48;2;123;106;90m▀[38;2;0;0;0;48;2;0;0;0m▀[0m
[0m     [38;2;0;0;0m▀[38;2;238;82;164;48;2;0;0;0m▀[48;2;189;49;123m▀▀[38;2;189;49;123;48;2;164;139;115m▀[38;2;164;139;115;48;2;123;106;90m▀[38;2;123;106;90m▀▀[38;2;90;74;65m▀▀[49m▄[38;2;0;0;0;48;2;0;0;0m▀[38;2;164;139;115;48;2;164;139;115m▀▀▀▀[38;2;24;64;44;48;2;24;64;44m▀[38;2;41;106;74;48;2;41;106;74m▀▀[48;2;24;64;44m▀[38;2;24;64;44;48;2;164;139;115m▀[38;2;164;139;115m▀▀▀▀▀▀▀[38;2;189;49;123m▀[38;2;238;82;164;48;2;123;106;90m▀[48;2;189;49;123m▀▀[38;2;189;49;123;48;2;164;139;115m▀▀[38;2;164;139;115m▀▀▀▀▀▀▀[38;2;41;106;74;48;2;24;64;44m▀[48;2;41;106;74m▀▀▀▀▀[48;2;24;64;44m▀[38;2;24;64;44;48;2;164;139;115m▀[38;2;164;139;115m▀▀[48;2;123;106;90m▀[38;2;123;106;90;48;2;164;139;115m▀[38;2;164;139;115m▀▀▀[38;2;24;64;44m▀[38;2;41;106;74;48;2;24;64;44m▀▀[38;2;24;64;44;48;2;164;139;115m▀[38;2;164;139;115m▀▀[38;2;90;74;65;48;2;90;74;65m▀[38;2;0;0;0;49m▄▄[48;2;90;74;65m▀[38;2;115;115;115;48;2;189;189;189m▀▀▀[38;2;0;0;0;48;2;0;0;0m▀[38;2;90;74;65;49m▀[38;2;0;0;0m▀[0m
[0m      [38;2;0;0;0m▀[38;2;164;139;115;48;2;0;0;0m▀[38;2;123;106;90;48;2;90;74;65m▀[48;2;123;106;90m▀▀▀▀▀▀▀▀[38;2;0;0;0;48;2;0;0;0m▀[38;2;164;139;115;48;2;164;139;115m▀▀[38;2;24;64;44;48;2;24;64;44m▀[38;2;41;106;74;48;2;41;106;74m▀▀[48;2;24;64;44m▀[38;2;164;139;115;48;2;164;139;115m▀▀[48;2;24;106;131m▀[38;2;24;106;131;48;2;0;172;213m▀▀▀[38;2;164;139;115;48;2;24;106;131m▀[48;2;164;139;115m▀▀▀▀▀▀▀▀▀▀▀▀▀▀▀▀[38;2;24;64;44;48;2;24;64;44m▀[38;2;41;106;74;48;2;41;106;74m▀▀▀▀▀[38;2;24;64;44;48;2;24;64;44m▀[38;2;164;139;115;48;2;164;139;115m▀▀▀▀▀▀▀[48;2;0;0;0m▀▀▀▀▀[38;2;0;0;0;48;2;164;139;115m▀▀[38;2;164;139;115m▀▀▀[38;2;90;74;65m▀▀[38;2;189;189;189;48;2;0;0;0m▀[38;2;0;0;0;49m▀[0m
[0m         [38;2;90;74;65m▀[38;2;123;106;90;48;2;90;74;65m▀▀▀▀[38;2;90;74;65;49m▀▀▀▀[38;2;0;0;0;48;2;0;0;0m▀[38;2;164;139;115;48;2;123;106;90m▀▀[38;2;24;64;44;48;2;164;139;115m▀▀[38;2;164;139;115m▀▀[38;2;24;106;131;48;2;24;106;131m▀[38;2;0;172;213;48;2;0;172;213m▀▀▀[48;2;24;106;131m▀[38;2;24;106;131;48;2;164;139;115m▀[38;2;164;139;115m▀▀▀▀▀▀▀▀[38;2;123;106;90m▀[38;2;90;74;65m▀[38;2;164;139;115m▀▀▀[48;2;24;106;131m▀[38;2;24;106;131;48;2;0;172;213m▀▀▀[38;2;24;64;44;48;2;24;64;44m▀[38;2;41;106;74;48;2;41;106;74m▀▀▀[38;2;24;64;44;48;2;24;64;44m▀[38;2;24;106;131;48;2;0;172;213m▀[38;2;164;139;115;48;2;24;106;131m▀▀[48;2;164;139;115m▀[38;2;90;74;65m▀[38;2;123;106;90m▀[38;2;164;139;115m▀[38;2;90;74;65;48;2;90;74;65m▀[38;2;164;139;115;48;2;164;139;115m▀[48;2;0;0;0m▀[48;2;189;189;189m▀[48;2;115;115;115m▀[48;2;164;139;115m▀▀▀▀▀[48;2;123;106;90m▀▀[38;2;123;106;90m▀[38;2;0;0;0;48;2;0;0;0m▀[0m
[0m                 [38;2;0;0;0;48;2;0;0;0m▀[38;2;189;49;123;48;2;189;49;123m▀[38;2;90;74;65;48;2;90;74;65m▀[38;2;123;106;90;48;2;123;106;90m▀▀[38;2;164;139;115m▀▀[48;2;164;139;115m▀[38;2;24;106;131m▀[38;2;0;172;213;48;2;24;106;131m▀▀▀[38;2;24;106;131;48;2;164;139;115m▀[38;2;164;139;115m▀▀▀▀▀▀▀▀▀▀▀▀▀[38;2;24;106;131;48;2;24;106;131m▀[38;2;0;172;213;48;2;0;172;213m▀▀▀▀▀[38;2;24;64;44;48;2;24;64;44m▀[38;2;41;106;74;48;2;41;106;74m▀▀[38;2;24;64;44;48;2;24;64;44m▀[38;2;0;172;213;48;2;0;172;213m▀▀▀[38;2;24;106;131;48;2;24;106;131m▀[38;2;164;139;115;48;2;123;106;90m▀▀[38;2;123;106;90;48;2;0;0;0m▀[38;2;0;0;0;48;2;189;189;189m▀▀[38;2;189;189;189;48;2;115;115;115m▀▀[48;2;189;189;189m▀[38;2;0;0;0;48;2;0;0;0m▀[38;2;164;139;115;48;2;123;106;90m▀▀[38;2;123;106;90m▀▀▀[48;2;0;0;0m▀[38;2;0;0;0;49m▀[0m
[0m                 [38;2;90;74;65;48;2;90;74;65m▀[38;2;189;49;123;48;2;189;49;123m▀▀[38;2;90;74;65;48;2;90;74;65m▀[38;2;123;106;90;48;2;123;106;90m▀▀[48;2;90;74;65m▀▀[48;2;123;106;90m▀▀▀▀▀▀[38;2;164;139;115m▀▀▀[38;2;123;106;90m▀▀▀▀[38;2;164;139;115m▀▀▀▀▀▀[38;2;24;106;131m▀[38;2;0;172;213;48;2;24;106;131m▀▀▀[38;2;24;106;131m▀▀[38;2;24;64;44m▀▀[38;2;24;106;131m▀▀▀▀[48;2;123;106;90m▀[38;2;123;106;90;48;2;0;0;0m▀[38;2;0;0;0;48;2;189;189;189m▀[38;2;115;115;115m▀[38;2;189;189;189;48;2;115;115;115m▀[48;2;189;189;189m▀[48;2;0;0;0m▀▀[38;2;0;0;0;48;2;123;106;90m▀[38;2;123;106;90;48;2;0;0;0m▀▀▀▀[38;2;0;0;0;49m▀▀[0m
[0m                  [38;2;0;0;0m▀[38;2;189;49;123;48;2;0;0;0m▀[38;2;90;74;65m▀[38;2;123;106;90;48;2;123;106;90m▀▀▀▀[48;2;0;0;0m▀[48;2;123;106;90m▀▀▀▀▀▀▀▀▀▀▀▀[48;2;90;74;65m▀[38;2;90;74;65;48;2;123;106;90m▀[38;2;123;106;90m▀▀[48;2;90;74;65m▀[48;2;123;106;90m▀▀▀▀▀[38;2;24;106;131m▀▀▀▀▀▀▀[38;2;123;106;90m▀▀[38;2;0;0;0m▀[38;2;189;189;189;48;2;0;0;0m▀▀▀[38;2;0;0;0;48;2;123;106;90m▀[38;2;123;106;90m▀▀▀▀▀[38;2;0;0;0;48;2;0;0;0m▀[38;2;24;64;44;48;2;24;64;44m▀▀[49m▄▄▄▄▄[0m
[0m                    [38;2;90;74;65m▄[38;2;0;0;0;48;2;123;106;90m▀▀▀▀[38;2;123;106;90m▀[38;2;0;0;0m▀[38;2;123;106;90;48;2;0;0;0m▀▀[48;2;123;106;90m▀▀▀▀▀[38;2;90;74;65;48;2;0;0;0m▀[38;2;123;106;90m▀[48;2;123;106;90m▀▀▀▀▀▀▀▀▀▀[48;2;90;74;65m▀[48;2;123;106;90m▀▀▀▀▀▀▀▀▀▀▀▀[48;2;0;0;0m▀[48;2;123;106;90m▀▀▀[48;2;0;0;0m▀▀[38;2;0;0;0;48;2;24;64;44m▀▀[38;2;24;64;44m▀▀▀▀▀▀▀▀▀[49m▄▄▄▄[0m
[0m                   [38;2;90;74;65m▀[38;2;123;106;90;48;2;90;74;65m▀▀▀[48;2;123;106;90m▀▀▀▀▀▀[38;2;0;0;0m▀▀▀▀▀[38;2;123;106;90;48;2;0;0;0m▀▀[38;2;0;0;0;49m▀▀[38;2;123;106;90;48;2;0;0;0m▀▀▀▀▀▀[38;2;90;74;65;49m▀[38;2;0;0;0m▀[48;2;90;74;65m▀[48;2;123;106;90m▀[38;2;123;106;90;48;2;0;0;0m▀▀▀▀▀▀▀▀[38;2;0;0;0;48;2;123;106;90m▀▀▀[38;2;123;106;90m▀[38;2;0;0;0m▀▀▀[38;2;90;74;65m▀[49m▄[0m [38;2;24;64;44m▀▀[48;2;24;64;44m▀▀▀▀[49m▀▀▀[48;2;24;64;44m▀▀▀▀▀▀▀[0m
[0m                       [38;2;0;0;0m▀[38;2;123;106;90;48;2;0;0;0m▀▀▀▀▀[38;2;0;0;0;49m▀▀▀▀▀[0m           [38;2;90;74;65m▀[38;2;123;106;90;48;2;90;74;65m▀▀[48;2;123;106;90m▀▀▀▀[48;2;0;0;0m▀[48;2;90;74;65m▀▀[48;2;123;106;90m▀▀▀▀▀[48;2;90;74;65m▀▀[48;2;0;0;0m▀▀[38;2;0;0;0;49m▀[0m
[0m                                                [38;2;0;0;0m▀▀▀▀[0m   [38;2;90;74;65m▀[38;2;0;0;0m▀▀▀▀[0m
