[0m                 [38;2;189;180;180m▄▄▄▄[0m             [38;2;189;180;180m▄▄[48;2;255;255;255m▀▀▀▀▀[49m▄▄▄[0m
[0m         [38;2;131;123;115m▄[48;2;189;172;156m▀▀▀[38;2;82;74;65;49m▄▄[38;2;189;180;180;48;2;255;255;255m▀▀[38;2;255;255;255m▀▀▀▀[38;2;189;180;180m▀▀[49m▄[0m      [38;2;189;180;180m▄▄[48;2;255;255;255m▀▀[38;2;255;255;255m▀▀▀▀▀▀▀[48;2;131;123;115m▀▀▀[38;2;131;123;115;48;2;189;172;156m▀▀▀[49m▄▄[0m
[0m       [38;2;131;123;115m▄[48;2;189;172;156m▀[38;2;189;172;156m▀▀▀▀▀▀[38;2;82;74;65m▀[38;2;255;255;255;48;2;82;74;65m▀[48;2;255;255;255m▀▀▀▀▀▀▀[38;2;189;180;180;48;2;189;180;180m▀[0m   [38;2;131;123;115m▄[38;2;189;180;180;48;2;255;255;255m▀[38;2;255;255;255m▀▀▀▀▀▀▀[48;2;131;123;115m▀▀[38;2;131;123;115;48;2;189;172;156m▀▀[38;2;189;172;156m▀▀▀▀▀▀▀▀[38;2;131;123;115m▀[49m▄[0m
[0m      [38;2;131;123;115m▄[48;2;189;172;156m▀[38;2;189;172;156m▀▀▀▀▀▀▀▀▀[38;2;82;74;65m▀[38;2;255;255;255;48;2;82;74;65m▀[48;2;255;255;255m▀▀▀▀▀▀[38;2;189;180;180m▀[38;2;131;123;115;49m▄[48;2;255;255;255m▀[38;2;255;255;255m▀▀▀▀▀▀▀[48;2;131;123;115m▀[38;2;131;123;115;48;2;189;172;156m▀[38;2;189;172;156m▀▀▀▀▀▀▀▀▀▀▀▀▀[38;2;131;123;115m▀[49m▄[0m
[0m      [38;2;131;123;115;48;2;131;123;115m▀[38;2;189;172;156;48;2;189;172;156m▀▀▀▀▀[48;2;131;123;115m▀[48;2;82;74;65m▀[48;2;189;172;156m▀▀▀▀[38;2;82;74;65m▀[38;2;255;255;255;48;2;82;74;65m▀[48;2;255;255;255m▀▀▀▀▀[48;2;131;123;115m▀[38;2;131;123;115;48;2;255;255;255m▀[38;2;255;255;255m▀▀▀▀▀▀[48;2;131;123;115m▀[38;2;131;123;115;48;2;189;172;156m▀[38;2;189;172;156m▀▀▀▀▀▀▀▀▀▀▀▀▀▀▀▀[38;2;131;123;115;48;2;131;123;115m▀[0m
[0m      [38;2;131;123;115;48;2;131;123;115m▀[38;2;189;172;156;48;2;189;172;156m▀▀▀▀[48;2;131;123;115m▀[38;2;131;123;115m▀[48;2;213;82;82m▀[38;2;82;74;65;48;2;82;74;65m▀[38;2;189;172;156;48;2;189;172;156m▀▀▀▀[38;2;82;74;65m▀[38;2;255;255;255;48;2;82;74;65m▀[48;2;255;255;255m▀▀▀▀[38;2;131;123;115;48;2;131;123;115m▀[38;2;255;255;255;48;2;255;255;255m▀▀▀▀▀▀[48;2;82;74;65m▀[38;2;131;123;115;48;2;189;172;156m▀[38;2;189;172;156m▀▀▀▀▀▀▀[48;2;131;123;115m▀[38;2;82;74;65m▀[38;2;131;123;115m▀▀[38;2;189;172;156m▀[48;2;189;172;156m▀▀▀▀▀[38;2;131;123;115;48;2;131;123;115m▀[0m
[0m      [38;2;131;123;115;48;2;131;123;115m▀[38;2;189;172;156;48;2;189;172;156m▀▀▀▀[38;2;131;123;115;48;2;131;123;115m▀[38;2;213;82;82;48;2;213;82;82m▀▀▀[38;2;11;11;11;48;2;11;11;11m▀[38;2;189;172;156;48;2;189;172;156m▀[48;2;82;74;65m▀[48;2;189;172;156m▀▀[38;2;82;74;65;48;2;82;74;65m▀[38;2;255;255;255;48;2;255;255;255m▀▀▀[38;2;131;123;115;48;2;131;123;115m▀[38;2;255;255;255;48;2;255;255;255m▀▀▀▀▀▀▀[38;2;11;11;11;48;2;11;11;11m▀[38;2;189;172;156;48;2;189;172;156m▀▀▀▀▀▀[48;2;82;74;65m▀[38;2;82;74;65;48;2;213;82;82m▀[38;2;213;82;82m▀[38;2;131;123;115m▀[48;2;131;123;115m▀▀▀[38;2;189;172;156;48;2;189;172;156m▀▀▀▀▀[38;2;82;74;65;48;2;82;74;65m▀[0m
[0m      [38;2;131;123;115;48;2;131;123;115m▀[38;2;189;172;156;48;2;189;172;156m▀▀▀▀[38;2;213;82;82;48;2;213;82;82m▀[48;2;238;131;131m▀[48;2;213;82;82m▀▀[48;2;82;74;65m▀[38;2;82;74;65;48;2;189;172;156m▀[38;2;189;172;156m▀[38;2;82;74;65;48;2;82;74;65m▀[38;2;189;172;156;48;2;189;172;156m▀▀[38;2;131;123;115m▀[38;2;255;255;255;48;2;255;255;255m▀▀[38;2;131;123;115;48;2;131;123;115m▀[38;2;255;255;255;48;2;255;255;255m▀▀▀▀▀▀[38;2;11;11;11;48;2;11;11;11m▀[38;2;189;172;156;48;2;189;172;156m▀▀▀▀[48;2;11;11;11m▀▀▀[38;2;82;74;65;48;2;213;82;82m▀[38;2;213;82;82m▀▀▀[38;2;131;123;115m▀[48;2;189;172;156m▀[38;2;189;172;156m▀▀▀▀▀▀[38;2;82;74;65;48;2;82;74;65m▀[0m
[0m       [38;2;82;74;65;48;2;82;74;65m▀[38;2;189;172;156;48;2;189;172;156m▀▀▀[38;2;213;82;82;48;2;213;82;82m▀[38;2;238;131;131;48;2;238;131;131m▀▀[38;2;213;82;82m▀[38;2;82;74;65;48;2;11;11;11m▀[38;2;189;172;156;48;2;189;172;156m▀▀▀[38;2;82;74;65;48;2;82;74;65m▀[38;2;189;172;156;48;2;189;172;156m▀▀[38;2;131;123;115;48;2;131;123;115m▀[38;2;255;255;255;48;2;255;255;255m▀[38;2;189;172;156m▀[38;2;255;255;255m▀▀[48;2;131;123;115m▀▀[48;2;255;255;255m▀[48;2;131;123;115m▀[38;2;11;11;11;48;2;11;11;11m▀[38;2;189;172;156;48;2;189;172;156m▀▀▀[38;2;82;74;65;48;2;82;74;65m▀[48;2;189;172;156m▀[38;2;189;172;156m▀▀[38;2;82;74;65;48;2;11;11;11m▀[38;2;213;82;82;48;2;238;131;131m▀[38;2;238;131;131m▀▀[38;2;213;82;82;48;2;213;82;82m▀[38;2;189;172;156;48;2;189;172;156m▀▀▀▀▀▀[38;2;82;74;65;48;2;82;74;65m▀[0m
[0m       [38;2;82;74;65m▀[38;2;189;172;156;48;2;82;74;65m▀[48;2;189;172;156m▀▀▀[38;2;213;82;82;48;2;213;82;82m▀[38;2;238;131;131;48;2;82;74;65m▀[38;2;82;74;65;48;2;189;172;156m▀[38;2;11;11;11m▀[38;2;189;172;156;48;2;11;11;11m▀[48;2;189;172;156m▀▀[38;2;82;74;65;48;2;11;11;11m▀[38;2;189;172;156m▀[38;2;11;11;11;48;2;189;172;156m▀[38;2;131;123;115m▀[38;2;222;205;197;48;2;131;123;115m▀[48;2;222;205;197m▀▀[38;2;131;123;115;48;2;82;74;65m▀[38;2;189;172;156;48;2;189;172;156m▀[38;2;82;74;65;48;2;82;74;65m▀[38;2;131;123;115;48;2;189;172;156m▀[38;2;189;172;156m▀[38;2;131;123;115m▀[38;2;189;172;156m▀▀[38;2;11;11;11;48;2;11;11;11m▀[38;2;82;74;65;48;2;189;172;156m▀[38;2;189;172;156m▀▀▀[38;2;11;11;11;48;2;11;11;11m▀[38;2;238;131;131;48;2;238;131;131m▀▀▀[38;2;213;82;82;48;2;213;82;82m▀[38;2;189;172;156;48;2;189;172;156m▀▀▀▀▀[48;2;82;74;65m▀[38;2;82;74;65;49m▀[0m
[0m        [38;2;11;11;11;48;2;11;11;11m▀[38;2;189;172;156;48;2;189;172;156m▀▀▀▀[38;2;82;74;65m▀[38;2;189;172;156;48;2;82;74;65m▀[48;2;189;172;156m▀[38;2;11;11;11m▀[38;2;189;172;156m▀[48;2;11;11;11m▀[38;2;82;74;65;48;2;189;172;156m▀[38;2;189;172;156m▀▀▀[38;2;131;123;115m▀[38;2;222;205;197;48;2;222;205;197m▀[38;2;131;123;115;48;2;82;74;65m▀[38;2;189;172;156;48;2;189;172;156m▀▀▀▀▀▀▀▀[38;2;82;74;65;48;2;82;74;65m▀[38;2;189;172;156;48;2;189;172;156m▀▀[48;2;82;74;65m▀[38;2;11;11;11;48;2;11;11;11m▀[48;2;189;172;156m▀▀[38;2;238;131;131;48;2;11;11;11m▀[38;2;213;82;82;48;2;213;82;82m▀[38;2;189;172;156;48;2;189;172;156m▀▀▀▀▀[48;2;82;74;65m▀[38;2;82;74;65;49m▀[0m
[0m         [38;2;82;74;65;48;2;11;11;11m▀[38;2;189;172;156;48;2;189;172;156m▀▀▀[38;2;82;74;65;48;2;82;74;65m▀[38;2;11;11;11;48;2;189;172;156m▀[38;2;82;74;65m▀[38;2;189;172;156m▀[48;2;11;11;11m▀[38;2;11;11;11;48;2;189;172;156m▀[38;2;189;172;156m▀▀▀▀▀[38;2;131;123;115m▀[38;2;189;172;156m▀▀▀▀▀▀▀▀▀▀▀[38;2;82;74;65m▀[38;2;189;172;156m▀▀[48;2;11;11;11m▀▀[38;2;11;11;11;48;2;189;172;156m▀[38;2;189;172;156m▀▀▀▀[48;2;11;11;11m▀[38;2;11;11;11;48;2;131;123;115m▀[0m
[0m          [38;2;11;11;11;48;2;131;123;115m▀[38;2;189;172;156;48;2;11;11;11m▀[48;2;189;172;156m▀▀[38;2;11;11;11m▀[38;2;82;74;65m▀[38;2;189;172;156;48;2;82;74;65m▀[38;2;11;11;11;48;2;11;11;11m▀[38;2;189;172;156;48;2;131;123;115m▀[38;2;82;74;65;48;2;82;74;65m▀[38;2;131;123;115;48;2;255;255;255m▀[38;2;189;172;156;48;2;189;172;156m▀▀▀▀▀▀▀▀▀[38;2;131;123;115;48;2;82;74;65m▀[38;2;82;74;65;48;2;255;255;255m▀[38;2;189;172;156;48;2;131;123;115m▀[48;2;189;172;156m▀▀▀▀[38;2;82;74;65m▀[38;2;11;11;11m▀[38;2;189;172;156;48;2;82;74;65m▀[48;2;189;172;156m▀▀▀▀[48;2;11;11;11m▀[38;2;11;11;11;48;2;222;205;197m▀[38;2;222;205;197;48;2;131;123;115m▀[38;2;131;123;115;49m▀[0m
[0m          [38;2;11;11;11m▀[38;2;222;205;197;48;2;131;123;115m▀[38;2;11;11;11;48;2;222;205;197m▀▀[38;2;189;172;156;48;2;11;11;11m▀[48;2;82;74;65m▀[38;2;131;123;115;48;2;11;11;11m▀[38;2;11;11;11;48;2;189;172;156m▀[38;2;82;74;65;48;2;11;11;11m▀[48;2;82;74;65m▀[38;2;255;255;255m▀[38;2;189;172;156;48;2;189;172;156m▀▀▀▀▀▀▀▀[38;2;131;123;115;48;2;82;74;65m▀[38;2;82;74;65m▀[38;2;255;255;255m▀[38;2;82;74;65;48;2;11;11;11m▀[38;2;189;172;156;48;2;189;172;156m▀▀▀▀[38;2;82;74;65m▀▀[38;2;189;172;156m▀[48;2;11;11;11m▀▀[38;2;11;11;11;48;2;222;205;197m▀▀[38;2;222;205;197m▀[48;2;11;11;11m▀[38;2;131;123;115;49m▀[0m
[0m           [38;2;11;11;11m▀[38;2;222;205;197;48;2;11;11;11m▀[48;2;222;205;197m▀▀▀[38;2;11;11;11;48;2;11;11;11m▀[38;2;189;172;156;48;2;189;172;156m▀[38;2;11;11;11m▀[38;2;82;74;65;48;2;11;11;11m▀[38;2;11;11;11;48;2;189;172;156m▀[38;2;189;172;156m▀▀▀▀▀▀▀▀[38;2;11;11;11;48;2;11;11;11m▀[38;2;82;74;65;48;2;82;74;65m▀▀[38;2;11;11;11;48;2;11;11;11m▀[38;2;189;172;156;48;2;189;172;156m▀▀[48;2;131;123;115m▀[38;2;82;74;65m▀[38;2;11;11;11;48;2;82;74;65m▀[48;2;222;205;197m▀▀[38;2;222;205;197m▀▀▀▀[48;2;11;11;11m▀[38;2;11;11;11;49m▀[0m
[0m        [38;2;131;123;115m▄▄[48;2;222;205;197m▀▀[38;2;222;205;197m▀[38;2;11;11;11m▀▀[38;2;222;205;197;48;2;11;11;11m▀[38;2;11;11;11m▀[38;2;131;123;115m▀[38;2;189;172;156;48;2;131;123;115m▀[48;2;189;172;156m▀▀▀[48;2;131;123;115m▀[38;2;82;74;65;48;2;189;172;156m▀[38;2;189;172;156m▀▀[48;2;131;123;115m▀[48;2;189;172;156m▀▀▀[38;2;11;11;11m▀▀[38;2;189;172;156m▀▀[48;2;131;123;115m▀[38;2;131;123;115m▀[48;2;82;74;65m▀[38;2;11;11;11m▀[38;2;222;205;197;48;2;222;205;197m▀▀▀▀[48;2;11;11;11m▀[38;2;11;11;11;48;2;131;123;115m▀[38;2;131;123;115;49m▄[0m
[0m     [38;2;131;123;115m▄[48;2;255;255;255m▀▀[38;2;255;255;255m▀▀[38;2;222;205;197m▀[48;2;222;205;197m▀▀▀▀▀▀[38;2;11;11;11m▀[38;2;131;123;115;48;2;82;74;65m▀▀[48;2;131;123;115m▀[38;2;189;172;156m▀▀[38;2;82;74;65m▀▀[48;2;11;11;11m▀[38;2;189;172;156m▀▀[38;2;82;74;65;48;2;255;255;255m▀▀▀▀▀▀[38;2;131;123;115;48;2;11;11;11m▀▀[38;2;82;74;65;48;2;222;205;197m▀[38;2;222;205;197m▀▀[48;2;11;11;11m▀▀[38;2;11;11;11;48;2;222;205;197m▀[38;2;222;205;197m▀▀▀[38;2;131;123;115m▀▀[48;2;255;255;255m▀[49m▄▄[0m
[0m   [38;2;131;123;115m▄[48;2;255;255;255m▀[38;2;255;255;255m▀▀▀▀▀▀[38;2;222;205;197m▀[48;2;222;205;197m▀▀▀▀▀[38;2;131;123;115;48;2;131;123;115m▀[48;2;222;205;197m▀[38;2;222;205;197m▀[38;2;82;74;65m▀▀[38;2;131;123;115;48;2;11;11;11m▀[38;2;11;11;11;48;2;255;255;255m▀▀[38;2;255;255;255m▀▀▀▀▀▀▀▀▀▀▀[38;2;11;11;11m▀[38;2;131;123;115;48;2;11;11;11m▀[48;2;222;205;197m▀[38;2;222;205;197m▀▀▀▀▀▀▀[48;2;255;255;255m▀[38;2;255;255;255m▀▀▀[38;2;131;123;115m▀▀[49m▄[0m
[0m  [38;2;131;123;115;48;2;131;123;115m▀[38;2;255;255;255;48;2;255;255;255m▀▀▀▀▀▀▀▀▀[38;2;222;205;197;48;2;222;205;197m▀▀▀▀[38;2;11;11;11;48;2;11;11;11m▀[38;2;255;255;255;48;2;255;255;255m▀[38;2;222;205;197m▀[48;2;82;74;65m▀▀[38;2;255;255;255;48;2;255;255;255m▀▀▀▀▀▀▀▀▀▀[48;2;131;123;115m▀▀▀[48;2;222;205;197m▀▀[48;2;255;255;255m▀▀[38;2;11;11;11;48;2;11;11;11m▀[38;2;222;205;197;48;2;222;205;197m▀▀▀▀▀▀[48;2;255;255;255m▀[38;2;255;255;255m▀▀▀▀▀▀▀[38;2;131;123;115m▀[38;2;11;11;11;49m▄[0m
[0m [38;2;131;123;115;48;2;131;123;115m▀[38;2;255;255;255;48;2;255;255;255m▀▀▀▀▀▀▀▀▀[38;2;222;205;197;48;2;131;123;115m▀[48;2;11;11;11m▀▀[38;2;131;123;115;49m▀▀[38;2;11;11;11m▀[38;2;255;255;255;48;2;82;74;65m▀[38;2;82;74;65;48;2;189;172;156m▀[38;2;189;172;156m▀[48;2;131;123;115m▀[38;2;11;11;11;48;2;11;11;11m▀[38;2;255;255;255;48;2;255;255;255m▀▀▀▀▀▀[48;2;131;123;115m▀[38;2;131;123;115;48;2;11;11;11m▀▀[38;2;222;205;197m▀[48;2;222;205;197m▀▀▀▀▀[38;2;255;255;255m▀[48;2;255;255;255m▀[38;2;11;11;11;48;2;11;11;11m▀[38;2;222;205;197;48;2;222;205;197m▀▀▀[48;2;255;255;255m▀[38;2;255;255;255m▀▀▀▀▀▀▀▀▀▀[38;2;11;11;11m▀[49m▄[0m
[38;2;131;123;115;48;2;131;123;115m▀[38;2;255;255;255;48;2;255;255;255m▀▀▀▀▀▀[48;2;131;123;115m▀[48;2;11;11;11m▀[38;2;131;123;115;49m▀[38;2;11;11;11m▀[0m  [38;2;131;123;115m▄▄[48;2;255;255;255m▀▀[38;2;11;11;11;48;2;11;11;11m▀[38;2;189;172;156;48;2;189;172;156m▀▀[48;2;82;74;65m▀[38;2;82;74;65;48;2;189;172;156m▀[38;2;222;205;197;48;2;82;74;65m▀[38;2;255;255;255;48;2;11;11;11m▀▀▀[38;2;131;123;115m▀[38;2;11;11;11;48;2;131;123;115m▀[48;2;189;172;156m▀[38;2;131;123;115;48;2;131;123;115m▀▀▀[38;2;11;11;11;48;2;82;74;65m▀[48;2;131;123;115m▀[38;2;222;205;197;48;2;11;11;11m▀[48;2;222;205;197m▀▀▀▀[38;2;11;11;11;48;2;11;11;11m▀[38;2;131;123;115;48;2;131;123;115m▀[49m▀▀[38;2;255;255;255;48;2;131;123;115m▀▀▀[48;2;255;255;255m▀▀▀▀▀▀▀▀▀[38;2;11;11;11;48;2;222;205;197m▀[49m▄[0m
[38;2;131;123;115;48;2;11;11;11m▀[38;2;255;255;255;48;2;222;205;197m▀[48;2;255;255;255m▀▀▀[48;2;131;123;115m▀[38;2;131;123;115;49m▀[0m   [38;2;131;123;115m▄[48;2;255;255;255m▀▀[38;2;255;255;255m▀▀▀▀▀[38;2;11;11;11m▀[48;2;82;74;65m▀[38;2;189;172;156;48;2;189;172;156m▀▀▀▀▀▀[48;2;82;74;65m▀[38;2;131;123;115;48;2;189;172;156m▀[38;2;189;172;156m▀▀▀[38;2;82;74;65;48;2;11;11;11m▀[38;2;189;172;156;48;2;189;172;156m▀[38;2;131;123;115m▀[38;2;222;205;197;48;2;82;74;65m▀[38;2;11;11;11;48;2;222;205;197m▀[38;2;222;205;197;48;2;11;11;11m▀[48;2;222;205;197m▀[48;2;11;11;11m▀[38;2;11;11;11;48;2;222;205;197m▀[38;2;222;205;197m▀[38;2;131;123;115m▀[49m▄[0m   [38;2;131;123;115m▀[38;2;11;11;11m▀[38;2;255;255;255;48;2;131;123;115m▀[48;2;11;11;11m▀[48;2;255;255;255m▀▀▀[48;2;222;205;197m▀[38;2;222;205;197m▀▀[38;2;11;11;11;48;2;11;11;11m▀[0m
[38;2;11;11;11;49m▀[38;2;222;205;197;48;2;131;123;115m▀[48;2;222;205;197m▀[38;2;255;255;255m▀[38;2;131;123;115;48;2;131;123;115m▀[0m   [38;2;131;123;115m▄[48;2;255;255;255m▀[38;2;255;255;255m▀▀▀▀▀▀▀[48;2;222;205;197m▀▀[38;2;82;74;65;48;2;11;11;11m▀[38;2;189;172;156;48;2;189;172;156m▀▀▀▀▀▀[38;2;82;74;65;48;2;82;74;65m▀[38;2;189;172;156;48;2;189;172;156m▀[38;2;131;123;115;48;2;131;123;115m▀[38;2;189;172;156;48;2;82;74;65m▀[38;2;11;11;11m▀[38;2;189;172;156;48;2;189;172;156m▀▀▀[38;2;11;11;11;48;2;11;11;11m▀[38;2;222;205;197;48;2;222;205;197m▀[38;2;11;11;11;48;2;11;11;11m▀[38;2;222;205;197m▀[38;2;11;11;11;48;2;222;205;197m▀[38;2;222;205;197m▀▀▀▀[38;2;131;123;115;48;2;131;123;115m▀[0m      [38;2;11;11;11m▀[38;2;222;205;197;48;2;11;11;11m▀[48;2;222;205;197m▀▀▀[48;2;11;11;11m▀[38;2;11;11;11;49m▀[0m
[0m [38;2;11;11;11m▀[38;2;222;205;197;48;2;11;11;11m▀[48;2;222;205;197m▀[38;2;131;123;115;48;2;131;123;115m▀[0m  [38;2;131;123;115m▄[48;2;255;255;255m▀[38;2;255;255;255;48;2;11;11;11m▀[38;2;11;11;11;48;2;255;255;255m▀[38;2;255;255;255m▀▀▀▀[48;2;131;123;115m▀[38;2;222;205;197;48;2;222;205;197m▀▀▀[38;2;11;11;11m▀[38;2;189;172;156;48;2;82;74;65m▀[48;2;131;123;115m▀[48;2;189;172;156m▀▀▀▀▀[38;2;11;11;11m▀▀[38;2;82;74;65m▀[38;2;189;172;156m▀[48;2;131;123;115m▀▀[38;2;131;123;115m▀[38;2;11;11;11;48;2;11;11;11m▀[38;2;222;205;197;48;2;222;205;197m▀▀▀▀▀▀▀▀▀[38;2;11;11;11;48;2;11;11;11m▀[0m      [38;2;11;11;11;48;2;222;205;197m▀[38;2;222;205;197;48;2;11;11;11m▀[48;2;222;205;197m▀[48;2;11;11;11m▀[38;2;11;11;11;49m▀[0m
[0m   [38;2;11;11;11m▀[38;2;222;205;197;48;2;11;11;11m▀[38;2;131;123;115m▀[0m [38;2;131;123;115m▀[38;2;11;11;11m▀[48;2;11;11;11m▀[38;2;255;255;255;48;2;255;255;255m▀▀▀▀[38;2;131;123;115;48;2;131;123;115m▀[38;2;222;205;197;48;2;222;205;197m▀[48;2;11;11;11m▀▀[38;2;11;11;11;49m▀▀▀[38;2;131;123;115;48;2;11;11;11m▀[48;2;131;123;115m▀▀[38;2;189;172;156m▀▀▀▀[38;2;131;123;115m▀▀▀▀▀[48;2;11;11;11m▀[38;2;222;205;197;48;2;222;205;197m▀▀▀▀▀▀▀▀▀[48;2;11;11;11m▀[38;2;11;11;11;49m▀[0m    [38;2;11;11;11m▄[38;2;131;123;115;48;2;222;205;197m▀[38;2;222;205;197m▀[38;2;131;123;115;48;2;11;11;11m▀[38;2;222;205;197m▀[38;2;11;11;11;49m▀[0m
[0m          [38;2;131;123;115m▀[38;2;255;255;255;48;2;11;11;11m▀[48;2;255;255;255m▀▀▀[38;2;11;11;11;48;2;131;123;115m▀[0m     [38;2;82;74;65m▄[38;2;11;11;11;48;2;131;123;115m▀[38;2;82;74;65m▀[38;2;131;123;115;48;2;82;74;65m▀[48;2;11;11;11m▀▀▀▀[48;2;82;74;65m▀[48;2;131;123;115m▀[38;2;82;74;65m▀[38;2;11;11;11;48;2;82;74;65m▀[49m▀[38;2;222;205;197;48;2;11;11;11m▀▀[48;2;222;205;197m▀▀▀▀[48;2;11;11;11m▀▀[38;2;11;11;11;49m▀[0m      [38;2;11;11;11m▀▀▀[0m
[0m            [38;2;11;11;11m▀▀[38;2;255;255;255;48;2;131;123;115m▀[48;2;11;11;11m▀[38;2;131;123;115m▀[0m    [38;2;11;11;11m▀[38;2;131;123;115;48;2;11;11;11m▀▀[48;2;131;123;115m▀▀[48;2;82;74;65m▀[38;2;82;74;65;48;2;131;123;115m▀[38;2;131;123;115m▀▀▀▀▀[38;2;82;74;65;48;2;11;11;11m▀[0m  [38;2;11;11;11m▀▀▀▀[0m
[0m                        [38;2;11;11;11m▀▀▀[38;2;131;123;115;48;2;11;11;11m▀[38;2;82;74;65m▀[38;2;131;123;115m▀▀[38;2;11;11;11;49m▀▀[0m
