[0m           [38;2;49;49;49m▄[48;2;65;65;65m▀▀▀[49m▄[0m
[0m           [38;2;24;24;24;48;2;24;24;24m▀[38;2;65;65;65;48;2;65;65;65m▀▀▀[38;2;49;49;49m▀[49m▄[0m
[0m        [38;2;24;24;24m▄▄[0m [38;2;24;24;24m▀[38;2;65;65;65;48;2;24;24;24m▀[48;2;65;65;65m▀▀▀[38;2;49;49;49;48;2;49;49;49m▀[0m  [38;2;115;115;115m▄[48;2;180;180;180m▀▀[49m▄[38;2;24;24;24m▄[48;2;255;255;255m▀▀[49m▄[0m
[0m [38;2;115;115;115m▄[48;2;255;255;255m▀▀[49m▄[0m [38;2;24;24;24m▄[48;2;255;255;255m▀[38;2;255;255;255m▀[38;2;115;115;115m▀[38;2;24;24;24;48;2;24;24;24m▀[0m [38;2;24;24;24m▀[38;2;65;65;65;48;2;24;24;24m▀[48;2;65;65;65m▀[38;2;49;49;49;48;2;49;49;49m▀[0m  [38;2;115;115;115m▄[48;2;180;180;180m▀[38;2;180;180;180m▀▀[38;2;115;115;115;48;2;24;24;24m▀[38;2;180;180;180;48;2;255;255;255m▀[38;2;255;255;255m▀▀[38;2;24;24;24m▀[49m▄[0m
[38;2;24;24;24;49m▄[38;2;115;115;115;48;2;255;255;255m▀[38;2;255;255;255m▀▀▀[38;2;115;115;115;48;2;24;24;24m▀[38;2;24;24;24;48;2;255;255;255m▀[38;2;255;255;255m▀▀▀[38;2;115;115;115m▀[38;2;24;24;24;48;2;24;24;24m▀[48;2;65;65;65m▀▀[38;2;65;65;65m▀▀[38;2;49;49;49m▀▀▀[38;2;180;180;180;48;2;49;49;49m▀▀[48;2;180;180;180m▀[38;2;255;255;255m▀[48;2;255;255;255m▀▀▀▀[38;2;24;24;24;48;2;24;24;24m▀[0m
[38;2;24;24;24;48;2;24;24;24m▀[38;2;255;255;255;48;2;180;180;180m▀[48;2;255;255;255m▀▀▀[38;2;115;115;115m▀[38;2;255;255;255m▀▀▀▀▀[38;2;24;24;24;48;2;24;24;24m▀[38;2;49;49;49;48;2;205;139;189m▀[38;2;65;65;65;48;2;65;65;65m▀[48;2;49;49;49m▀[48;2;205;139;189m▀[48;2;49;49;49m▀[48;2;65;65;65m▀▀[48;2;205;139;189m▀▀[38;2;49;49;49;48;2;148;106;131m▀[38;2;24;24;24m▀[38;2;255;255;255;48;2;24;24;24m▀[48;2;255;255;255m▀[48;2;180;180;180m▀[38;2;180;180;180;48;2;24;24;24m▀[38;2;24;24;24;49m▀[0m
[38;2;24;24;24;49m▀[38;2;180;180;180;48;2;24;24;24m▀[48;2;180;180;180m▀[38;2;255;255;255m▀▀[38;2;180;180;180m▀[38;2;255;255;255;48;2;115;115;115m▀[48;2;255;255;255m▀▀▀[38;2;115;115;115;48;2;24;24;24m▀[38;2;24;24;24;48;2;205;139;189m▀[38;2;205;139;189m▀[38;2;49;49;49m▀[38;2;205;139;189m▀▀▀[38;2;49;49;49m▀[38;2;65;65;65;48;2;148;106;131m▀[38;2;205;139;189;48;2;205;139;189m▀▀▀▀▀[38;2;24;24;24;48;2;95;53;72m▀[38;2;180;180;180;48;2;24;24;24m▀[38;2;24;24;24;49m▀[0m
[0m [38;2;24;24;24m▀[38;2;180;180;180;48;2;24;24;24m▀[48;2;180;180;180m▀▀[48;2;24;24;24m▀[38;2;24;24;24;48;2;95;53;72m▀[48;2;205;139;189m▀[38;2;255;255;255;48;2;24;24;24m▀[38;2;115;115;115m▀[38;2;24;24;24;48;2;205;139;189m▀[38;2;205;139;189;48;2;148;106;131m▀[48;2;24;24;24m▀▀[48;2;148;106;131m▀[48;2;205;139;189m▀▀▀▀▀▀[48;2;148;106;131m▀[38;2;95;53;72;48;2;180;180;180m▀[38;2;24;24;24;48;2;148;106;131m▀[38;2;205;139;189;48;2;95;53;72m▀[38;2;24;24;24;48;2;24;24;24m▀[0m
[0m   [38;2;24;24;24m▀▀[38;2;95;53;72m▄[48;2;205;139;189m▀[38;2;205;139;189m▀▀[48;2;95;53;72m▀[38;2;148;106;131m▀[38;2;24;24;24;48;2;180;180;180m▀[38;2;255;255;255;48;2;8;74;139m▀[38;2;180;180;180;48;2;255;255;255m▀[38;2;95;53;72;48;2;180;180;180m▀[38;2;205;139;189;48;2;148;106;131m▀[48;2;205;139;189m▀▀▀▀[48;2;148;106;131m▀[38;2;95;53;72;48;2;8;74;139m▀[38;2;8;74;139;48;2;255;255;255m▀[38;2;255;255;255;48;2;8;74;139m▀[38;2;95;53;72;48;2;180;180;180m▀[38;2;205;139;189;48;2;95;53;72m▀[38;2;24;24;24;48;2;24;24;24m▀[0m
[0m     [38;2;95;53;72;48;2;95;53;72m▀[38;2;205;139;189;48;2;148;106;131m▀[48;2;205;139;189m▀▀[48;2;95;53;72m▀[38;2;24;24;24;48;2;24;24;24m▀[38;2;8;74;139;48;2;8;74;139m▀[38;2;255;255;255;48;2;57;164;255m▀[38;2;8;74;139;48;2;8;74;139m▀[38;2;255;255;255;48;2;255;255;255m▀[38;2;95;53;72;48;2;95;53;72m▀[38;2;205;139;189;48;2;205;139;189m▀▀▀▀[38;2;148;106;131m▀[38;2;8;74;139;48;2;95;53;72m▀[38;2;57;164;255;48;2;8;74;139m▀[38;2;8;74;139;48;2;57;164;255m▀[38;2;180;180;180;48;2;180;180;180m▀[38;2;148;106;131;48;2;95;53;72m▀[38;2;24;24;24;48;2;24;24;24m▀[0m
[0m     [38;2;95;53;72m▀[38;2;148;106;131;48;2;24;24;24m▀[48;2;148;106;131m▀▀[38;2;205;139;189;48;2;95;53;72m▀[38;2;95;53;72m▀[38;2;57;164;255m▀[38;2;8;74;139;48;2;57;164;255m▀[38;2;57;164;255;48;2;255;255;255m▀[38;2;180;180;180;48;2;95;53;72m▀[38;2;148;106;131;48;2;205;139;189m▀[38;2;205;139;189m▀▀[48;2;95;53;72m▀[38;2;95;53;72;48;2;255;106;74m▀▀[38;2;24;24;24;48;2;95;53;72m▀[38;2;95;53;72;48;2;24;24;24m▀[38;2;255;255;255m▀[38;2;95;53;72;48;2;148;106;131m▀[38;2;24;24;24;48;2;24;24;24m▀[0m
[0m      [38;2;24;24;24m▀[38;2;148;106;131;48;2;24;24;24m▀[48;2;148;106;131m▀▀▀[38;2;95;53;72m▀▀▀[38;2;148;106;131m▀▀▀▀[38;2;95;53;72;48;2;255;106;74m▀[38;2;24;24;24m▀[48;2;95;53;72m▀[38;2;148;106;131;48;2;148;106;131m▀[48;2;95;53;72m▀[48;2;24;24;24m▀[38;2;24;24;24;49m▀[0m
[0m        [38;2;95;53;72m▀▀[38;2;148;106;131;48;2;95;53;72m▀▀[48;2;24;24;24m▀[38;2;24;24;24;48;2;255;255;255m▀▀[38;2;148;106;131;48;2;24;24;24m▀▀[48;2;148;106;131m▀▀[48;2;24;24;24m▀[38;2;24;24;24;48;2;255;255;255m▀▀[48;2;115;115;115m▀[49m▄[0m
[0m        [38;2;49;49;49m▄▄[48;2;65;65;65m▀[38;2;24;24;24;48;2;24;24;24m▀[38;2;180;180;180;48;2;255;255;255m▀[38;2;255;255;255m▀▀▀▀[38;2;24;24;24m▀▀[38;2;255;255;255m▀▀▀▀[38;2;24;24;24;48;2;24;24;24m▀[0m
[0m      [38;2;49;49;49;48;2;24;24;24m▀[48;2;65;65;65m▀[38;2;65;65;65m▀▀[48;2;24;24;24m▀[38;2;24;24;24m▀[38;2;180;180;180;48;2;115;115;115m▀[38;2;255;255;255;48;2;255;255;255m▀▀▀▀[48;2;24;24;24m▀[38;2;115;115;115m▀[38;2;255;255;255;48;2;115;115;115m▀[48;2;255;255;255m▀▀[38;2;180;180;180;48;2;24;24;24m▀[38;2;24;24;24;49m▀[0m
[0m       [38;2;24;24;24;48;2;24;24;24m▀[48;2;255;255;255m▀[48;2;115;115;115m▀[38;2;65;65;65;48;2;65;65;65m▀[48;2;255;255;255m▀[38;2;24;24;24;48;2;115;115;115m▀[38;2;115;115;115;48;2;24;24;24m▀[38;2;255;255;255m▀▀[38;2;24;24;24;48;2;255;255;255m▀[38;2;65;65;65;48;2;115;115;115m▀[48;2;24;24;24m▀[38;2;24;24;24m▀[49m▀▀[0m
[0m       [38;2;24;24;24;48;2;24;24;24m▀[38;2;255;255;255;48;2;49;49;49m▀[38;2;180;180;180m▀[38;2;255;255;255;48;2;115;115;115m▀[48;2;255;255;255m▀[48;2;115;115;115m▀[38;2;180;180;180;48;2;49;49;49m▀[38;2;255;255;255;48;2;115;115;115m▀[48;2;255;255;255m▀[48;2;49;49;49m▀[48;2;115;115;115m▀[38;2;24;24;24;48;2;24;24;24m▀[0m
[0m       [38;2;24;24;24m▀[38;2;49;49;49;48;2;24;24;24m▀[48;2;49;49;49m▀▀[48;2;24;24;24m▀[38;2;24;24;24;49m▀▀[48;2;24;24;24m▀[38;2;49;49;49;48;2;49;49;49m▀▀[38;2;24;24;24;48;2;24;24;24m▀[0m
[0m        [38;2;24;24;24;48;2;24;24;24m▀[38;2;49;49;49;48;2;49;49;49m▀[48;2;24;24;24m▀[38;2;24;24;24;49m▀[0m  [38;2;24;24;24;48;2;24;24;24m▀[38;2;49;49;49m▀[38;2;24;24;24;49m▀[0m
[0m         [38;2;24;24;24m▀▀[0m
