[0m         [38;2;65;139;90m▄▄▄[48;2;90;180;123m▀▀▀▀▀▀[49m▄▄▄[0m
[0m      [38;2;65;139;90m▄[48;2;90;180;123m▀▀[38;2;90;180;123m▀[48;2;148;230;172m▀▀[48;2;90;180;123m▀▀▀▀▀▀▀▀▀[38;2;65;139;90m▀▀[49m▄[0m
[0m    [38;2;65;139;90m▄[48;2;90;180;123m▀[38;2;90;180;123m▀[48;2;255;255;255m▀[38;2;255;255;255m▀▀▀[38;2;148;230;172;48;2;205;230;189m▀[38;2;90;131;90m▀▀▀[38;2;90;180;123;48;2;90;131;90m▀[48;2;16;16;16m▀▀▀▀[48;2;90;180;123m▀▀[48;2;106;98;41m▀▀[38;2;65;139;90m▀[49m▄[0m
[0m  [38;2;65;139;90m▄[48;2;90;180;123m▀[38;2;90;180;123m▀▀[38;2;148;230;172;48;2;148;230;172m▀[38;2;255;255;255m▀[48;2;205;230;189m▀▀[38;2;205;230;189m▀▀▀[48;2;156;172;139m▀[38;2;90;131;90;48;2;205;230;189m▀[38;2;16;16;16m▀[38;2;205;230;189m▀▀[48;2;106;98;41m▀[38;2;164;156;49;48;2;230;222;115m▀[48;2;16;16;16m▀[38;2;16;16;16;48;2;230;222;115m▀[38;2;230;222;115m▀[48;2;16;16;16m▀[38;2;16;16;16;48;2;164;156;49m▀[38;2;90;180;123;48;2;106;98;41m▀[38;2;65;139;90;48;2;90;180;123m▀[49m▄[0m
[0m [38;2;65;139;90m▄[48;2;90;180;123m▀[38;2;90;180;123m▀▀[48;2;90;131;90m▀[38;2;90;131;90;48;2;205;230;189m▀[38;2;205;230;189m▀▀▀▀▀▀▀▀▀▀▀[38;2;106;98;41;48;2;16;16;16m▀[38;2;230;222;115;48;2;230;222;115m▀[38;2;16;16;16;48;2;106;98;41m▀[38;2;230;222;115;48;2;164;156;49m▀[48;2;230;222;115m▀[38;2;106;98;41m▀[38;2;164;156;49;48;2;164;156;49m▀[38;2;16;16;16;48;2;16;16;16m▀[38;2;90;180;123;48;2;90;180;123m▀[38;2;65;139;90m▀[49m▄[0m
[38;2;49;98;65;49m▄[38;2;65;139;90;48;2;90;180;123m▀[38;2;90;180;123m▀▀[48;2;90;131;90m▀[38;2;90;131;90;48;2;205;230;189m▀[38;2;156;172;139;48;2;16;16;16m▀[38;2;16;16;16m▀[38;2;156;172;139m▀[38;2;205;230;189;48;2;205;230;189m▀▀[48;2;148;49;74m▀[38;2;148;49;74;48;2;197;65;82m▀[38;2;205;230;189;48;2;156;172;139m▀[48;2;205;230;189m▀▀▀▀[38;2;16;16;16m▀[38;2;164;156;49;48;2;16;16;16m▀[38;2;230;222;115;48;2;164;156;49m▀[38;2;106;98;41;48;2;230;222;115m▀[38;2;164;156;49;48;2;106;98;41m▀▀[38;2;16;16;16;48;2;90;180;123m▀[38;2;90;180;123m▀▀▀[38;2;65;139;90m▀[49m▄[0m
[38;2;49;98;65;48;2;49;98;65m▀[38;2;90;180;123;48;2;90;180;123m▀▀▀[38;2;90;131;90;48;2;90;131;90m▀[38;2;205;230;189;48;2;205;230;189m▀[38;2;16;16;16;48;2;156;172;139m▀[48;2;16;16;16m▀[48;2;156;172;139m▀[38;2;205;230;189;48;2;148;49;74m▀[38;2;148;49;74;48;2;197;65;82m▀[38;2;197;65;82m▀▀[38;2;148;49;74m▀[38;2;205;230;189;48;2;156;172;139m▀[48;2;205;230;189m▀[48;2;156;172;139m▀[48;2;16;16;16m▀[48;2;156;172;139m▀[48;2;205;230;189m▀[38;2;16;16;16m▀▀▀[38;2;205;230;189m▀[38;2;90;131;90;48;2;16;16;16m▀[38;2;90;180;123;48;2;90;180;123m▀▀▀▀[38;2;65;139;90;48;2;65;139;90m▀[0m
[38;2;49;98;65;48;2;49;98;65m▀[38;2;90;180;123;48;2;90;180;123m▀▀▀[38;2;16;16;16;48;2;16;16;16m▀[38;2;180;205;164;48;2;156;172;139m▀[38;2;205;230;189;48;2;180;205;164m▀[48;2;205;230;189m▀▀▀[38;2;148;49;74;48;2;156;172;139m▀[38;2;197;65;82;48;2;197;65;82m▀▀[48;2;148;49;74m▀[38;2;148;49;74;48;2;205;230;189m▀[38;2;205;230;189m▀[38;2;16;16;16;48;2;16;16;16m▀▀▀[38;2;205;230;189;48;2;205;230;189m▀▀▀▀[48;2;180;205;164m▀[38;2;16;16;16;48;2;16;16;16m▀[38;2;90;180;123;48;2;90;180;123m▀▀▀▀[38;2;65;139;90;48;2;65;139;90m▀[0m
[38;2;49;98;65;49m▀[38;2;90;180;123;48;2;49;98;65m▀[48;2;90;180;123m▀▀[38;2;16;16;16m▀[38;2;156;172;139;48;2;16;16;16m▀[48;2;156;172;139m▀[38;2;180;205;164m▀[38;2;205;230;189m▀[48;2;180;205;164m▀[48;2;205;230;189m▀[38;2;148;49;74m▀[38;2;156;172;139m▀[38;2;205;230;189m▀▀▀[38;2;156;172;139m▀[38;2;16;16;16m▀[38;2;156;172;139m▀[38;2;205;230;189m▀▀[48;2;180;205;164m▀[38;2;180;205;164;48;2;156;172;139m▀[38;2;156;172;139;48;2;16;16;16m▀[38;2;16;16;16;48;2;90;180;123m▀[38;2;90;180;123m▀▀▀[48;2;65;139;90m▀[38;2;65;139;90;49m▀[0m
[0m [38;2;49;98;65m▀[38;2;90;180;123;48;2;49;98;65m▀[48;2;90;180;123m▀▀[38;2;16;16;16m▀[38;2;156;172;139;48;2;16;16;16m▀[48;2;156;172;139m▀▀▀▀▀[38;2;180;205;164m▀▀▀▀▀▀▀[38;2;156;172;139m▀▀▀[48;2;16;16;16m▀[38;2;16;16;16;48;2;90;180;123m▀[38;2;90;180;123m▀▀▀[48;2;65;139;90m▀[38;2;65;139;90;49m▀[0m
[0m  [38;2;49;98;65m▀[38;2;90;180;123;48;2;49;98;65m▀[48;2;90;180;123m▀▀▀[38;2;90;131;90m▀▀[38;2;156;172;139;48;2;90;131;90m▀▀[38;2;49;98;65m▀[38;2;156;172;139;48;2;16;16;16m▀▀[48;2;156;172;139m▀▀▀▀[48;2;16;16;16m▀▀[38;2;16;16;16;48;2;90;180;123m▀▀[38;2;90;180;123m▀▀▀▀[48;2;65;139;90m▀[38;2;65;139;90;49m▀[0m
[0m    [38;2;49;98;65m▀[38;2;90;180;123;48;2;49;98;65m▀[48;2;90;180;123m▀▀▀▀▀▀▀▀[38;2;16;16;16m▀▀▀▀[38;2;90;180;123m▀▀▀▀▀▀[48;2;49;98;65m▀[38;2;65;139;90;49m▀[0m
[0m      [38;2;49;98;65m▀[38;2;90;180;123;48;2;49;98;65m▀▀[48;2;90;180;123m▀▀▀▀▀▀▀▀▀▀▀▀[48;2;49;98;65m▀▀[38;2;49;98;65;49m▀[0m
[0m         [38;2;49;98;65m▀▀▀[38;2;90;180;123;48;2;49;98;65m▀▀▀▀▀▀[38;2;49;98;65;49m▀▀▀[0m
