[0m                         [38;2;49;98;65m▄[38;2;69;139;93;48;2;90;180;123m▀▀▀[49m▄▄▄[0m
[0m                        [38;2;49;98;65;48;2;49;98;65m▀[38;2;90;180;123;48;2;90;180;123m▀▀▀▀▀▀▀[38;2;69;139;93m▀▀[38;2;49;98;65;49m▄[0m                    [38;2;69;139;93m▄▄▄[48;2;90;180;123m▀▀▀▀▀[49m▄[0m
[0m                        [38;2;49;98;65;48;2;49;98;65m▀[38;2;90;180;123;48;2;90;180;123m▀▀[48;2;69;139;93m▀[38;2;69;139;93;48;2;156;189;139m▀[48;2;213;238;197m▀▀[38;2;90;180;123;48;2;69;139;93m▀▀[48;2;90;180;123m▀▀[38;2;49;98;65m▀[49m▄[0m               [38;2;49;98;65m▄[48;2;90;180;123m▀▀[38;2;90;180;123m▀▀▀▀▀▀▀▀▀[38;2;49;98;65;48;2;49;98;65m▀[0m
[0m   [38;2;49;98;65m▄▄▄[0m                  [38;2;49;98;65;48;2;49;98;65m▀[38;2;90;180;123;48;2;90;180;123m▀▀[38;2;69;139;93;48;2;69;139;93m▀[38;2;213;238;197;48;2;213;238;197m▀▀▀▀▀[38;2;69;139;93;48;2;156;189;139m▀[38;2;90;180;123;48;2;69;139;93m▀[48;2;90;180;123m▀▀[38;2;49;98;65;48;2;49;98;65m▀[38;2;69;139;93;49m▄▄▄[48;2;90;180;123m▀▀▀▀▀▀[49m▄▄[0m [38;2;49;98;65m▄[48;2;90;180;123m▀[38;2;90;180;123m▀▀[48;2;69;139;93m▀▀[38;2;69;139;93;48;2;213;238;197m▀▀[48;2;156;189;139m▀[38;2;90;180;123;48;2;69;139;93m▀[48;2;90;180;123m▀▀▀▀[38;2;49;98;65;48;2;49;98;65m▀[0m
[0m  [38;2;49;98;65;48;2;49;98;65m▀[38;2;90;180;123;48;2;90;180;123m▀▀▀[38;2;49;98;65m▀▀[38;2;16;16;16;49m▄[0m                [38;2;49;98;65;48;2;49;98;65m▀[38;2;90;180;123;48;2;90;180;123m▀▀[38;2;69;139;93;48;2;69;139;93m▀[38;2;213;238;197;48;2;213;238;197m▀▀▀[48;2;156;189;139m▀[38;2;156;189;139m▀[38;2;69;139;93m▀[38;2;90;180;123;48;2;69;139;93m▀[48;2;90;180;123m▀▀[38;2;49;98;65;48;2;49;98;65m▀[38;2;90;180;123;48;2;90;180;123m▀▀▀▀▀▀▀▀▀▀[38;2;69;139;93;48;2;49;98;65m▀[38;2;49;98;65;48;2;90;180;123m▀[38;2;90;180;123m▀[48;2;69;139;93m▀[38;2;69;139;93;48;2;156;189;139m▀[38;2;213;238;197;48;2;213;238;197m▀▀▀▀▀[38;2;69;139;93;48;2;69;139;93m▀[38;2;90;180;123;48;2;90;180;123m▀▀▀[38;2;49;98;65;48;2;49;98;65m▀[0m
[0m  [38;2;49;98;65;48;2;49;98;65m▀[38;2;90;180;123;48;2;90;180;123m▀▀▀▀▀▀[38;2;16;16;16;48;2;16;16;16m▀[0m                [38;2;49;98;65;48;2;49;98;65m▀[38;2;90;180;123;48;2;90;180;123m▀▀[38;2;69;139;93m▀[38;2;156;189;139;48;2;69;139;93m▀▀[48;2;156;189;139m▀▀▀[38;2;69;139;93;48;2;69;139;93m▀[38;2;90;180;123;48;2;90;180;123m▀▀▀▀▀▀▀▀▀▀▀▀▀[38;2;49;98;65m▀[38;2;90;180;123m▀[48;2;69;139;93m▀[38;2;69;139;93;48;2;156;189;139m▀[38;2;156;189;139m▀▀[38;2;213;238;197m▀▀▀[38;2;69;139;93;48;2;69;139;93m▀[38;2;90;180;123;48;2;90;180;123m▀▀▀[38;2;49;98;65;48;2;49;98;65m▀[0m                [38;2;49;98;65m▄▄▄[0m
[0m   [38;2;49;98;65;48;2;49;98;65m▀[38;2;90;180;123;48;2;90;180;123m▀▀▀▀▀▀[38;2;16;16;16;48;2;16;16;16m▀[38;2;49;98;65;48;2;90;180;123m▀▀[49m▄▄▄[0m           [38;2;49;98;65m▀[38;2;90;180;123;48;2;49;98;65m▀▀[48;2;90;180;123m▀▀[38;2;69;139;93m▀▀▀[38;2;90;180;123m▀▀[48;2;69;139;93m▀▀▀[38;2;69;139;93;48;2;213;238;197m▀▀[48;2;16;16;16m▀[38;2;16;16;16;48;2;213;238;197m▀▀▀[38;2;90;180;123;48;2;16;16;16m▀▀[48;2;90;180;123m▀▀▀[38;2;69;139;93;48;2;69;139;93m▀[38;2;156;189;139;48;2;156;189;139m▀▀▀[48;2;69;139;93m▀▀[38;2;69;139;93;48;2;90;180;123m▀[38;2;90;180;123m▀▀[48;2;49;98;65m▀[38;2;49;98;65;49m▀[0m              [38;2;16;16;16m▄[38;2;49;98;65;48;2;90;180;123m▀▀[38;2;90;180;123m▀▀▀[38;2;49;98;65;48;2;49;98;65m▀[0m
[0m    [38;2;16;16;16m▀[38;2;90;180;123;48;2;16;16;16m▀▀[48;2;90;180;123m▀▀▀[38;2;49;98;65m▀[38;2;90;180;123m▀▀[48;2;16;16;16m▀[38;2;16;16;16;48;2;90;180;123m▀▀[38;2;49;98;65;48;2;16;16;16m▀[48;2;90;180;123m▀[49m▄[0m         [38;2;69;139;93m▄[48;2;90;180;123m▀[38;2;49;98;65m▀▀[38;2;90;180;123m▀▀[48;2;69;139;93m▀[38;2;69;139;93;48;2;213;238;197m▀▀[38;2;213;238;197m▀▀▀▀[38;2;69;139;93;48;2;16;16;16m▀[38;2;213;238;197;48;2;213;238;197m▀▀▀▀▀▀[38;2;16;16;16m▀▀[38;2;90;180;123;48;2;16;16;16m▀[48;2;90;180;123m▀[38;2;69;139;93m▀▀▀[38;2;90;180;123m▀▀[48;2;49;98;65m▀▀[38;2;49;98;65;49m▀[0m               [38;2;16;16;16;48;2;16;16;16m▀[38;2;90;180;123;48;2;90;180;123m▀▀▀▀▀[48;2;49;98;65m▀[38;2;49;98;65;49m▀[0m
[0m    [38;2;69;139;93m▄[48;2;90;180;123m▀[38;2;90;180;123m▀[38;2;16;16;16m▀[38;2;69;139;93m▀[38;2;90;180;123m▀▀▀[38;2;16;16;16;48;2;16;16;16m▀[38;2;90;180;123;48;2;69;139;93m▀▀▀▀[38;2;16;16;16;48;2;16;16;16m▀[38;2;90;180;123;48;2;90;180;123m▀[38;2;16;16;16m▀[49m▄[0m      [38;2;69;139;93;48;2;69;139;93m▀[38;2;90;180;123;48;2;90;180;123m▀▀[48;2;255;255;255m▀[38;2;255;255;255m▀▀[38;2;69;139;93;48;2;213;238;197m▀[38;2;213;238;197m▀▀▀▀▀▀[38;2;69;139;93;48;2;16;16;16m▀[38;2;213;238;197;48;2;213;238;197m▀▀▀▀▀▀▀▀▀▀[38;2;69;139;93m▀[38;2;90;180;123;48;2;69;139;93m▀[48;2;90;180;123m▀▀[38;2;49;98;65m▀▀[38;2;90;180;123m▀[38;2;69;139;93m▀[49m▄[0m           [38;2;49;98;65m▄▄[38;2;16;16;16m▄[48;2;16;16;16m▀[38;2;90;180;123;48;2;90;180;123m▀▀▀▀▀[48;2;49;98;65m▀[38;2;49;98;65;49m▀[0m
[0m  [38;2;49;98;65m▄▄[48;2;90;180;123m▀▀▀[38;2;90;180;123;48;2;49;98;65m▀[48;2;90;180;123m▀▀▀[48;2;69;139;93m▀[38;2;16;16;16;48;2;222;98;98m▀[38;2;69;139;93;48;2;16;16;16m▀[38;2;222;98;98;48;2;222;98;98m▀▀[38;2;69;139;93m▀▀[38;2;16;16;16;48;2;16;16;16m▀[38;2;90;180;123;48;2;90;180;123m▀▀[38;2;16;16;16;48;2;16;16;16m▀[0m    [38;2;69;139;93;48;2;69;139;93m▀[38;2;90;180;123;48;2;90;180;123m▀▀▀[38;2;255;255;255m▀[48;2;69;139;93m▀[38;2;69;139;93;48;2;213;238;197m▀[38;2;213;238;197m▀▀▀▀▀▀[48;2;69;139;93m▀[38;2;16;16;16;48;2;213;238;197m▀[38;2;213;238;197m▀▀▀▀▀▀▀▀▀▀▀[38;2;69;139;93m▀[38;2;90;180;123;48;2;69;139;93m▀[48;2;90;180;123m▀▀▀▀▀[38;2;69;139;93m▀[49m▄[0m      [38;2;49;98;65m▄▄[48;2;90;180;123m▀[48;2;16;16;16m▀[38;2;16;16;16;48;2;90;180;123m▀▀[38;2;90;180;123m▀[38;2;49;98;65m▀[38;2;16;16;16;48;2;16;16;16m▀[38;2;90;180;123;48;2;90;180;123m▀[48;2;49;98;65m▀▀[38;2;49;98;65;49m▀[0m
[38;2;49;98;65;49m▄[48;2;90;180;123m▀[38;2;90;180;123m▀▀▀▀▀▀▀▀[38;2;69;139;93;48;2;49;98;65m▀[48;2;173;82;82m▀[38;2;222;98;98;48;2;222;98;98m▀[38;2;16;16;16m▀[38;2;222;98;98;48;2;16;16;16m▀[48;2;222;98;98m▀▀[48;2;16;16;16m▀[38;2;16;16;16;48;2;173;82;82m▀[38;2;69;139;93;48;2;49;98;65m▀[38;2;90;180;123;48;2;90;180;123m▀▀[38;2;16;16;16;48;2;69;139;93m▀[49m▄▄[38;2;69;139;93;48;2;69;139;93m▀[38;2;90;180;123;48;2;90;180;123m▀▀▀▀▀[38;2;69;139;93;48;2;69;139;93m▀[38;2;213;238;197;48;2;213;238;197m▀▀▀▀▀▀▀[38;2;16;16;16;48;2;16;16;16m▀[38;2;213;238;197;48;2;213;238;197m▀▀▀▀▀▀▀▀▀▀▀▀▀[38;2;69;139;93;48;2;69;139;93m▀[38;2;90;180;123;48;2;90;180;123m▀▀▀▀▀▀[38;2;69;139;93;48;2;69;139;93m▀[0m    [38;2;49;98;65m▄[48;2;90;180;123m▀[38;2;90;180;123m▀▀[48;2;16;16;16m▀[38;2;16;16;16;48;2;69;139;93m▀[38;2;69;139;93m▀[48;2;222;98;98m▀▀[48;2;69;139;93m▀[38;2;16;16;16;48;2;16;16;16m▀[38;2;90;180;123;48;2;90;180;123m▀▀▀[38;2;69;139;93m▀[38;2;49;98;65;49m▄▄[48;2;90;180;123m▀▀▀[49m▄▄[0m
[38;2;16;16;16;49m▀[38;2;90;180;123;48;2;16;16;16m▀[48;2;90;180;123m▀▀▀[48;2;16;16;16m▀▀[38;2;16;16;16;48;2;90;180;123m▀[38;2;90;180;123m▀▀[38;2;49;98;65;48;2;69;139;93m▀[38;2;173;82;82;48;2;49;98;65m▀[48;2;173;82;82m▀[38;2;222;98;98m▀▀▀[38;2;173;82;82m▀▀[48;2;49;98;65m▀[38;2;49;98;65;48;2;69;139;93m▀[38;2;90;180;123m▀▀▀[48;2;90;180;123m▀[38;2;69;139;93m▀[38;2;16;16;16m▀[38;2;90;180;123;48;2;16;16;16m▀[48;2;90;180;123m▀▀▀[38;2;69;139;93;48;2;16;16;16m▀[38;2;213;238;197;48;2;213;238;197m▀[38;2;156;189;139;48;2;69;139;93m▀[38;2;69;139;93;48;2;16;16;16m▀[38;2;213;238;197;48;2;156;189;139m▀[48;2;213;238;197m▀▀▀▀[38;2;16;16;16;48;2;16;16;16m▀[38;2;213;238;197;48;2;213;238;197m▀▀▀▀▀▀▀▀[48;2;16;16;16m▀[48;2;69;139;93m▀[48;2;213;238;197m▀▀▀▀[38;2;16;16;16;48;2;16;16;16m▀[38;2;90;180;123;48;2;90;180;123m▀▀▀▀▀▀[38;2;69;139;93;48;2;69;139;93m▀[38;2;49;98;65;49m▄▄[48;2;49;98;65m▀[38;2;90;180;123;48;2;90;180;123m▀▀▀[48;2;69;139;93m▀[38;2;16;16;16;48;2;16;16;16m▀[38;2;222;98;98;48;2;222;98;98m▀▀▀▀[38;2;16;16;16;48;2;16;16;16m▀[38;2;222;98;98;48;2;222;98;98m▀[38;2;49;98;65;48;2;69;139;93m▀[38;2;90;180;123m▀[48;2;90;180;123m▀[38;2;49;98;65m▀[38;2;90;180;123m▀▀▀▀▀▀▀[38;2;49;98;65;48;2;49;98;65m▀[0m
[0m  [38;2;16;16;16m▀▀▀[38;2;49;98;65m▀[38;2;90;180;123;48;2;49;98;65m▀[48;2;90;180;123m▀▀▀▀[38;2;49;98;65m▀[38;2;173;82;82;48;2;49;98;65m▀▀[48;2;173;82;82m▀▀[48;2;49;98;65m▀▀[38;2;49;98;65;48;2;69;139;93m▀[38;2;69;139;93;48;2;222;189;123m▀[38;2;222;189;123m▀▀[38;2;197;164;98m▀[38;2;69;139;93;48;2;197;164;98m▀[38;2;90;180;123;48;2;49;98;65m▀[48;2;90;180;123m▀▀[38;2;49;98;65m▀[38;2;90;180;123m▀▀[38;2;16;16;16;48;2;16;16;16m▀[38;2;213;238;197;48;2;213;238;197m▀[38;2;16;16;16;48;2;69;139;93m▀[48;2;16;16;16m▀[38;2;69;139;93m▀[38;2;213;238;197;48;2;213;238;197m▀▀▀[48;2;156;189;139m▀[38;2;16;16;16;48;2;16;16;16m▀[38;2;213;238;197;48;2;156;189;139m▀[48;2;213;238;197m▀▀▀▀▀▀[38;2;69;139;93;48;2;16;16;16m▀[38;2;16;16;16m▀▀[38;2;213;238;197;48;2;213;238;197m▀▀▀▀[38;2;16;16;16;48;2;16;16;16m▀[38;2;90;180;123;48;2;90;180;123m▀▀▀[48;2;49;98;65m▀▀[38;2;49;98;65;48;2;90;180;123m▀▀[38;2;90;180;123m▀▀▀▀▀▀[38;2;49;98;65;48;2;49;98;65m▀[38;2;173;82;82;48;2;173;82;82m▀[38;2;16;16;16m▀[38;2;222;98;98;48;2;222;98;98m▀▀[38;2;16;16;16m▀[38;2;222;98;98;48;2;173;82;82m▀▀[38;2;173;82;82m▀[38;2;49;98;65;48;2;49;98;65m▀[38;2;90;180;123;48;2;90;180;123m▀▀▀▀▀▀[48;2;16;16;16m▀▀[38;2;16;16;16;49m▀[0m
[0m       [38;2;49;98;65m▀[38;2;90;180;123;48;2;49;98;65m▀[48;2;90;180;123m▀▀▀▀[38;2;69;139;93m▀[38;2;49;98;65m▀▀[38;2;69;139;93m▀[38;2;90;180;123m▀[38;2;69;139;93m▀[38;2;197;164;98;48;2;49;98;65m▀[38;2;222;189;123;48;2;197;164;98m▀▀[38;2;197;164;98m▀[48;2;49;98;65m▀[38;2;49;98;65;48;2;69;139;93m▀[38;2;69;139;93;48;2;156;189;139m▀[48;2;213;238;197m▀▀[38;2;90;180;123;48;2;69;139;93m▀[48;2;90;180;123m▀[38;2;16;16;16m▀[38;2;213;238;197;48;2;16;16;16m▀[48;2;156;189;139m▀[38;2;16;16;16;48;2;213;238;197m▀▀[38;2;213;238;197m▀[48;2;69;139;93m▀[48;2;16;16;16m▀[38;2;16;16;16;48;2;115;57;57m▀[38;2;115;57;57m▀[38;2;16;16;16m▀[38;2;156;189;139m▀[38;2;213;238;197;48;2;16;16;16m▀[48;2;213;238;197m▀▀▀▀[38;2;16;16;16;48;2;69;139;93m▀[48;2;16;16;16m▀[38;2;69;139;93;48;2;156;189;139m▀[38;2;213;238;197m▀▀▀[38;2;16;16;16;48;2;16;16;16m▀[38;2;90;180;123;48;2;90;180;123m▀▀▀[38;2;49;98;65m▀[38;2;90;180;123m▀▀▀▀[48;2;69;139;93m▀[38;2;69;139;93;48;2;222;189;123m▀▀[48;2;197;164;98m▀[48;2;69;139;93m▀[38;2;90;180;123m▀[38;2;69;139;93;48;2;90;180;123m▀[38;2;49;98;65;48;2;49;98;65m▀[38;2;173;82;82;48;2;173;82;82m▀▀▀▀▀▀[38;2;49;98;65;48;2;49;98;65m▀[38;2;69;139;93;48;2;90;180;123m▀[38;2;90;180;123m▀▀[38;2;49;98;65m▀[38;2;16;16;16;48;2;49;98;65m▀[49m▀▀[0m
[0m         [38;2;49;98;65m▀▀[38;2;90;180;123;48;2;49;98;65m▀▀▀▀▀[48;2;90;180;123m▀▀▀▀[38;2;49;98;65m▀▀▀[38;2;90;180;123m▀[38;2;69;139;93m▀[38;2;213;238;197;48;2;49;98;65m▀[48;2;213;238;197m▀▀[48;2;156;189;139m▀[38;2;49;98;65;48;2;49;98;65m▀[38;2;90;180;123;48;2;90;180;123m▀[38;2;16;16;16m▀[38;2;156;189;139;48;2;16;16;16m▀[48;2;156;189;139m▀▀[38;2;16;16;16m▀[38;2;115;57;57;48;2;115;57;57m▀▀[48;2;173;82;82m▀▀[38;2;173;82;82;48;2;222;98;98m▀[48;2;173;82;82m▀▀[38;2;16;16;16m▀▀[38;2;156;189;139;48;2;16;16;16m▀▀[48;2;156;189;139m▀▀▀▀[48;2;16;16;16m▀[38;2;16;16;16;48;2;90;180;123m▀[38;2;90;180;123m▀▀▀▀[48;2;69;139;93m▀▀▀[48;2;90;180;123m▀[38;2;49;98;65;48;2;49;98;65m▀[38;2;222;189;123;48;2;197;164;98m▀[48;2;222;189;123m▀▀[48;2;197;164;98m▀[38;2;197;164;98m▀[38;2;49;98;65;48;2;49;98;65m▀[38;2;90;180;123;48;2;90;180;123m▀▀[38;2;49;98;65m▀[48;2;69;139;93m▀[38;2;173;82;82;48;2;49;98;65m▀▀[38;2;49;98;65;48;2;69;139;93m▀[48;2;90;180;123m▀[38;2;90;180;123m▀▀▀▀[38;2;49;98;65;48;2;49;98;65m▀[0m
[0m                [38;2;16;16;16m▀▀▀▀[38;2;90;180;123;48;2;16;16;16m▀▀▀▀▀▀[38;2;49;98;65;48;2;69;139;93m▀[48;2;90;180;123m▀▀[38;2;90;180;123;48;2;69;139;93m▀[38;2;69;139;93;48;2;213;238;197m▀▀[38;2;90;180;123;48;2;69;139;93m▀[38;2;16;16;16;48;2;90;180;123m▀[38;2;156;189;139;48;2;16;16;16m▀▀[48;2;156;189;139m▀[38;2;16;16;16m▀▀[38;2;173;82;82;48;2;16;16;16m▀▀▀▀[48;2;69;139;93m▀[38;2;115;57;57;48;2;156;189;139m▀▀[38;2;156;189;139m▀▀[48;2;16;16;16m▀▀[38;2;16;16;16;48;2;90;180;123m▀[38;2;90;180;123m▀▀▀▀[48;2;49;98;65m▀[38;2;69;139;93;48;2;213;238;197m▀[38;2;213;238;197m▀▀[38;2;156;189;139m▀[38;2;69;139;93;48;2;69;139;93m▀[48;2;90;180;123m▀[38;2;49;98;65;48;2;69;139;93m▀[38;2;197;164;98;48;2;49;98;65m▀▀▀[38;2;49;98;65;48;2;90;180;123m▀[38;2;90;180;123m▀▀▀▀▀▀▀▀▀▀▀[48;2;49;98;65m▀[38;2;49;98;65;49m▀[0m
[0m                        [38;2;49;98;65m▀[38;2;90;180;123;48;2;49;98;65m▀[48;2;90;180;123m▀▀▀[38;2;69;139;93m▀[48;2;69;139;93m▀[38;2;213;238;197m▀▀[38;2;69;139;93;48;2;90;180;123m▀[38;2;90;180;123;48;2;49;98;65m▀[48;2;16;16;16m▀[38;2;16;16;16;48;2;213;238;197m▀▀[38;2;156;189;139;48;2;16;16;16m▀▀▀[48;2;69;139;93m▀[48;2;156;189;139m▀▀[48;2;16;16;16m▀▀[38;2;16;16;16;48;2;156;189;139m▀[48;2;69;139;93m▀[38;2;90;180;123;48;2;16;16;16m▀[48;2;69;139;93m▀[38;2;69;139;93m▀[48;2;213;238;197m▀▀[38;2;90;180;123;48;2;69;139;93m▀[48;2;90;180;123m▀[38;2;49;98;65m▀[38;2;156;189;139;48;2;49;98;65m▀[38;2;213;238;197m▀▀[38;2;49;98;65;48;2;90;180;123m▀[38;2;90;180;123m▀▀▀▀▀▀[48;2;49;98;65m▀▀[48;2;90;180;123m▀▀▀▀▀[48;2;49;98;65m▀▀▀[38;2;49;98;65;49m▀▀[0m
[0m                         [38;2;49;98;65;48;2;49;98;65m▀[38;2;90;180;123;48;2;90;180;123m▀▀▀▀▀▀▀▀▀[38;2;16;16;16m▀[38;2;69;139;93m▀[38;2;213;238;197;48;2;16;16;16m▀[48;2;213;238;197m▀▀[38;2;156;189;139m▀▀▀▀[38;2;213;238;197m▀▀[48;2;156;189;139m▀[48;2;16;16;16m▀[38;2;16;16;16;48;2;69;139;93m▀[38;2;69;139;93;48;2;90;180;123m▀[38;2;213;238;197;48;2;69;139;93m▀▀[38;2;69;139;93m▀[48;2;90;180;123m▀[38;2;90;180;123m▀▀▀▀[48;2;49;98;65m▀▀▀▀▀▀[38;2;49;98;65;49m▀▀[0m  [38;2;49;98;65m▀▀▀▀▀[0m
[0m                          [38;2;49;98;65;48;2;49;98;65m▀[38;2;90;180;123;48;2;90;180;123m▀▀▀▀[38;2;69;139;93;48;2;69;139;93m▀[48;2;213;238;197m▀[38;2;90;180;123;48;2;69;139;93m▀▀▀[38;2;16;16;16;48;2;213;238;197m▀[38;2;213;238;197;48;2;69;139;93m▀▀▀[48;2;213;238;197m▀▀▀▀▀[38;2;16;16;16;48;2;69;139;93m▀[48;2;90;180;123m▀[38;2;90;180;123m▀▀▀▀▀▀▀▀▀▀▀▀[48;2;69;139;93m▀[38;2;69;139;93;49m▀[0m
[0m                           [38;2;49;98;65;48;2;49;98;65m▀[38;2;90;180;123;48;2;90;180;123m▀▀▀[38;2;69;139;93;48;2;69;139;93m▀[38;2;213;238;197m▀[48;2;213;238;197m▀[38;2;69;139;93;48;2;69;139;93m▀[38;2;213;238;197;48;2;16;16;16m▀[38;2;16;16;16;48;2;213;238;197m▀[38;2;213;238;197m▀▀▀[38;2;69;139;93m▀[38;2;213;238;197m▀▀[48;2;156;189;139m▀[48;2;69;139;93m▀[38;2;69;139;93;48;2;156;189;139m▀[48;2;213;238;197m▀[38;2;90;180;123;48;2;69;139;93m▀[48;2;90;180;123m▀▀▀▀▀▀▀▀▀▀[48;2;69;139;93m▀[38;2;69;139;93;49m▀[0m
[0m                            [38;2;49;98;65m▀[38;2;90;180;123;48;2;49;98;65m▀[48;2;90;180;123m▀▀[38;2;69;139;93m▀[38;2;156;189;139;48;2;69;139;93m▀[48;2;16;16;16m▀[38;2;16;16;16;48;2;90;180;123m▀[38;2;90;180;123;48;2;156;189;139m▀[38;2;156;189;139m▀[38;2;213;238;197m▀▀▀▀[38;2;156;189;139m▀[38;2;69;139;93m▀[38;2;213;238;197m▀[48;2;213;238;197m▀[48;2;156;189;139m▀[38;2;69;139;93;48;2;69;139;93m▀[38;2;90;180;123;48;2;90;180;123m▀▀▀▀▀▀▀▀▀[48;2;49;98;65m▀[38;2;69;139;93;49m▀[0m
[0m                              [38;2;49;98;65m▀[38;2;90;180;123;48;2;49;98;65m▀[48;2;90;180;123m▀[48;2;16;16;16m▀[38;2;16;16;16;48;2;90;180;123m▀[38;2;90;180;123m▀[38;2;69;139;93m▀▀[38;2;156;189;139;48;2;69;139;93m▀▀▀▀▀[38;2;49;98;65;48;2;49;98;65m▀[38;2;156;189;139;48;2;69;139;93m▀▀[38;2;69;139;93;48;2;90;180;123m▀[38;2;90;180;123m▀▀▀▀▀▀▀▀[48;2;49;98;65m▀[38;2;49;98;65;49m▀[0m
[0m                                [38;2;49;98;65m▀[38;2;16;16;16;48;2;16;16;16m▀[38;2;90;180;123;48;2;90;180;123m▀▀▀▀▀▀▀▀▀▀[38;2;49;98;65m▀[38;2;90;180;123;48;2;49;98;65m▀▀[48;2;90;180;123m▀▀▀[48;2;49;98;65m▀▀▀[38;2;49;98;65;49m▀▀[0m
[0m                                  [38;2;49;98;65;48;2;49;98;65m▀[38;2;90;180;123;48;2;90;180;123m▀▀▀▀▀▀▀▀▀▀▀[48;2;69;139;93m▀[38;2;49;98;65;49m▀▀▀[0m
[0m                                   [38;2;49;98;65m▀[38;2;90;180;123;48;2;49;98;65m▀▀[48;2;90;180;123m▀▀▀▀▀[48;2;49;98;65m▀▀[38;2;49;98;65;49m▀[0m
[0m                                      [38;2;49;98;65m▀▀▀▀▀[0m
