[0m     [38;2;65;139;189m▄[48;2;148;222;246m▀[48;2;98;180;205m▀[38;2;49;74;115;49m▄[48;2;148;222;246m▀▀[49m▄[0m
[0m     [38;2;49;74;115;48;2;65;139;189m▀[38;2;148;222;246;48;2;98;180;205m▀[48;2;148;222;246m▀[38;2;49;74;115;48;2;65;139;189m▀[38;2;148;222;246;48;2;148;222;246m▀[48;2;98;180;205m▀[38;2;0;0;0;48;2;0;0;0m▀[0m
[0m      [38;2;49;74;115;48;2;65;139;189m▀[38;2;148;222;246;48;2;90;180;238m▀[48;2;148;222;246m▀▀[38;2;0;0;0;48;2;49;74;115m▀[38;2;65;139;189;49m▄▄[0m
[0m    [38;2;65;139;189m▄[48;2;148;222;246m▀[38;2;148;222;246m▀▀▀▀▀▀▀[38;2;65;139;189m▀[38;2;49;74;115;48;2;90;180;238m▀[49m▄[0m
[0m   [38;2;90;180;238;48;2;65;139;189m▀[38;2;148;222;246;48;2;255;255;255m▀[48;2;148;222;246m▀▀▀▀▀[38;2;98;180;205;48;2;255;255;255m▀[38;2;255;255;255m▀[38;2;98;180;205m▀[38;2;148;222;246;48;2;148;222;246m▀▀[38;2;49;74;115;48;2;98;180;205m▀[38;2;0;0;0;49m▄[0m
[0m  [38;2;90;180;238m▄[38;2;255;255;255;48;2;255;255;255m▀[38;2;49;74;115;48;2;0;0;0m▀[38;2;255;255;255;48;2;255;255;255m▀[38;2;148;222;246;48;2;172;164;98m▀[48;2;106;106;65m▀[48;2;148;222;246m▀▀[38;2;255;255;255;48;2;255;255;255m▀[38;2;0;0;0;48;2;0;0;0m▀[38;2;255;255;255;48;2;255;255;255m▀[38;2;148;222;246;48;2;98;180;205m▀[38;2;98;180;205m▀▀[38;2;0;0;0;48;2;49;74;115m▀[0m
[0m [38;2;172;164;98m▄[38;2;90;180;238;48;2;172;164;98m▀[38;2;106;106;65;48;2;246;246;74m▀[38;2;172;164;98m▀▀[38;2;246;246;74m▀▀[38;2;172;164;98m▀[38;2;106;106;65m▀[38;2;98;180;205;48;2;106;106;65m▀[38;2;255;255;255;48;2;65;139;189m▀[38;2;90;180;238;48;2;90;180;238m▀[38;2;98;180;205;48;2;98;180;205m▀▀▀▀[38;2;0;0;0;48;2;0;0;0m▀[0m
[38;2;172;164;98;48;2;106;106;65m▀[38;2;246;246;74m▀[48;2;172;164;98m▀[48;2;106;106;65m▀[48;2;0;0;0m▀▀[38;2;172;164;98;48;2;106;106;65m▀[38;2;106;106;65;48;2;172;164;98m▀[38;2;0;0;0m▀[38;2;106;106;65m▀[38;2;172;164;98;48;2;65;139;189m▀[38;2;65;139;189;48;2;98;180;205m▀[38;2;90;180;238m▀[38;2;98;180;205m▀[48;2;65;139;189m▀[48;2;0;0;0m▀[38;2;0;0;0;49m▀[0m
[0m  [38;2;106;106;65m▀▀▀▀▀[48;2;65;139;189m▀[48;2;98;180;205m▀[38;2;65;139;189m▀[38;2;90;180;238m▀[38;2;98;180;205m▀[48;2;49;74;115m▀[38;2;49;74;115;49m▀▀[0m    [38;2;65;139;189m▄[0m
[0m       [38;2;49;74;115m▄[38;2;65;139;189;48;2;98;180;205m▀[38;2;98;180;205m▀▀▀[38;2;49;74;115;48;2;0;0;0m▀[0m    [38;2;65;139;189m▄[48;2;148;222;246m▀[38;2;148;222;246m▀[38;2;49;74;115m▀[49m▄[0m
[0m   [38;2;49;74;115m▄[38;2;65;139;189m▄[48;2;98;180;205m▀[38;2;49;74;115;48;2;49;74;115m▀[38;2;98;180;205;48;2;98;180;205m▀▀▀[48;2;148;222;246m▀[38;2;148;222;246m▀▀[38;2;0;0;0;48;2;65;139;189m▀[38;2;65;139;189;49m▄[38;2;0;0;0;48;2;148;222;246m▀▀[38;2;148;222;246;48;2;0;0;0m▀▀[48;2;148;222;246m▀▀[38;2;49;74;115m▀[49m▄[0m
[0m [38;2;65;139;189m▄[38;2;49;74;115;48;2;65;139;189m▀[38;2;98;180;205;48;2;148;222;246m▀[38;2;148;222;246m▀[38;2;65;139;189;48;2;65;139;189m▀[38;2;148;222;246;48;2;148;222;246m▀▀▀▀▀▀[38;2;65;139;189;48;2;98;180;205m▀[38;2;148;222;246;48;2;148;222;246m▀▀▀▀▀[38;2;90;180;238m▀[38;2;0;0;0m▀[38;2;148;222;246;48;2;0;0;0m▀[48;2;148;222;246m▀[38;2;49;74;115;48;2;49;74;115m▀[38;2;0;0;0;49m▄[0m
[0m [38;2;49;74;115;48;2;49;74;115m▀[38;2;148;222;246;48;2;148;222;246m▀[38;2;65;139;189;48;2;49;74;115m▀[38;2;49;74;115;48;2;90;180;238m▀▀[38;2;148;222;246;48;2;0;0;0m▀[38;2;49;74;115;48;2;90;180;238m▀[38;2;0;0;0m▀[38;2;148;222;246;48;2;0;0;0m▀[48;2;148;222;246m▀[48;2;65;139;189m▀[48;2;148;222;246m▀▀▀▀▀▀▀▀[38;2;65;139;189m▀[38;2;49;74;115m▀[38;2;148;222;246m▀[48;2;65;139;189m▀[38;2;0;0;0;48;2;49;74;115m▀[0m
[0m [38;2;65;139;189;48;2;41;115;156m▀[38;2;148;222;246m▀[38;2;49;74;115;48;2;49;74;115m▀[38;2;90;180;238;48;2;90;180;238m▀▀[38;2;65;139;189m▀[38;2;90;180;238m▀[48;2;65;139;189m▀[38;2;0;0;0;48;2;49;74;115m▀[38;2;148;222;246;48;2;65;139;189m▀[38;2;49;74;115;48;2;49;74;115m▀[38;2;148;222;246;48;2;98;180;205m▀[48;2;148;222;246m▀▀▀▀▀▀▀▀[38;2;90;180;238m▀[38;2;65;139;189m▀[38;2;148;222;246;48;2;90;180;238m▀[38;2;0;0;0;48;2;0;0;0m▀[0m
[38;2;41;115;156;48;2;41;115;156m▀[38;2;90;180;238;48;2;90;180;238m▀▀▀[38;2;41;115;156m▀[38;2;90;180;238m▀▀[48;2;65;139;189m▀[38;2;49;74;115;48;2;90;180;238m▀[38;2;90;180;238m▀▀▀[38;2;49;74;115m▀[38;2;148;222;246;48;2;0;0;0m▀[48;2;148;222;246m▀▀▀▀▀▀▀[38;2;65;139;189m▀[48;2;90;180;238m▀[38;2;49;74;115;48;2;0;0;0m▀[0m
[0m [38;2;49;74;115;48;2;49;74;115m▀[38;2;41;115;156;48;2;65;139;189m▀[38;2;90;180;238m▀▀▀[48;2;90;180;238m▀▀[48;2;65;139;189m▀[48;2;90;180;238m▀▀▀[48;2;65;139;189m▀▀[38;2;0;0;0m▀▀[38;2;148;222;246;48;2;49;74;115m▀[48;2;0;0;0m▀▀[48;2;49;74;115m▀[38;2;49;74;115;48;2;65;139;189m▀[38;2;0;0;0;48;2;49;74;115m▀[49m▀[0m
[0m  [38;2;49;74;115m▀[38;2;65;139;189;48;2;49;74;115m▀[48;2;0;0;0m▀▀[38;2;49;74;115;48;2;49;74;115m▀[38;2;65;139;189m▀[48;2;65;139;189m▀▀▀[48;2;49;74;115m▀[48;2;0;0;0m▀[48;2;65;139;189m▀▀▀[48;2;49;74;115m▀[48;2;0;0;0m▀▀[38;2;49;74;115;49m▀▀[0m
[0m      [38;2;106;106;65m▄▄[38;2;0;0;0;48;2;172;164;98m▀[48;2;106;106;65m▀[38;2;49;74;115;49m▀[0m [38;2;106;106;65;48;2;106;106;65m▀[38;2;0;0;0;48;2;172;164;98m▀[48;2;106;106;65m▀[49m▀[0m
[0m  [38;2;106;106;65m▄[48;2;246;246;74m▀▀▀[38;2;172;164;98;48;2;172;164;98m▀[48;2;106;106;65m▀▀[48;2;0;0;0m▀[38;2;0;0;0;48;2;246;246;74m▀[38;2;106;106;65m▀[38;2;246;246;74;48;2;172;164;98m▀[38;2;172;164;98;48;2;106;106;65m▀[48;2;246;246;74m▀[38;2;0;0;0;48;2;172;164;98m▀[48;2;246;246;74m▀▀[49m▄[0m
[0m   [38;2;0;0;0m▀▀▀▀[0m  [38;2;0;0;0m▀▀▀[38;2;106;106;65;48;2;106;106;65m▀[38;2;246;246;74m▀[48;2;0;0;0m▀▀[38;2;106;106;65m▀[38;2;0;0;0;49m▀▀[0m
