[0m         [38;2;148;156;172;48;2;148;156;172m▀[38;2;90;106;131;48;2;255;255;255m▀[49m▄▄[48;2;255;255;255m▀[48;2;0;0;0m▀[0m
[0m      [38;2;90;106;131m▄▄[0m [38;2;90;106;131;48;2;0;0;0m▀[38;2;255;255;255;48;2;180;197;213m▀[38;2;90;106;131;48;2;90;106;131m▀[38;2;255;255;255;48;2;255;255;255m▀▀[38;2;0;0;0;48;2;0;0;0m▀[0m [38;2;90;106;131m▄[38;2;0;0;0m▄[0m
[0m     [38;2;90;106;131m▄[48;2;90;106;131m▀[38;2;180;197;213;48;2;180;197;213m▀[38;2;90;106;131m▀[38;2;0;0;0;48;2;0;0;0m▀[38;2;148;156;172;48;2;180;197;213m▀[38;2;180;197;213;48;2;148;156;172m▀[38;2;148;156;172;48;2;255;255;255m▀[38;2;255;255;255m▀[38;2;90;106;131;48;2;148;156;172m▀[49m▄[48;2;148;156;172m▀[38;2;255;255;255;48;2;255;255;255m▀[38;2;0;0;0m▀[38;2;90;106;131;48;2;148;156;172m▀[48;2;255;255;255m▀[49m▄[0m
[0m     [38;2;90;106;131;48;2;90;106;131m▀[38;2;180;197;213;48;2;180;197;213m▀[38;2;148;156;172;48;2;148;156;172m▀[38;2;180;197;213;48;2;0;0;0m▀[38;2;90;106;131;48;2;255;255;255m▀[38;2;255;255;255m▀▀▀▀▀[38;2;90;106;131;48;2;90;106;131m▀[38;2;255;255;255;48;2;255;255;255m▀[38;2;148;156;172;48;2;148;156;172m▀[38;2;255;255;255;48;2;255;255;255m▀▀[38;2;148;156;172m▀[38;2;255;255;255m▀[38;2;0;0;0;48;2;180;197;213m▀[49m▄[0m
[0m     [38;2;90;106;131m▀[38;2;180;197;213;48;2;90;106;131m▀[38;2;0;0;0;48;2;180;197;213m▀[38;2;255;255;255;48;2;255;255;255m▀▀▀▀[48;2;98;98;131m▀[48;2;0;0;0m▀[48;2;90;106;131m▀[38;2;148;156;172;48;2;180;197;213m▀[38;2;255;255;255;48;2;255;255;255m▀▀[38;2;180;197;213m▀[38;2;255;255;255m▀▀▀▀[38;2;0;0;0;48;2;0;0;0m▀[0m
[0m      [38;2;0;0;0;48;2;98;98;131m▀[38;2;255;255;255;48;2;80;80;72m▀▀[48;2;180;197;213m▀[48;2;80;80;72m▀[38;2;0;0;0;48;2;0;0;0m▀[48;2;80;80;72m▀[38;2;255;255;255;48;2;148;156;172m▀[38;2;148;156;172;48;2;180;197;213m▀[38;2;180;197;213m▀[38;2;148;156;172m▀[38;2;255;255;255m▀▀▀▀[38;2;180;197;213m▀[38;2;90;106;131;48;2;0;0;0m▀[0m
[0m     [38;2;80;80;72m▄[38;2;0;0;0;48;2;246;246;74m▀[38;2;98;98;131m▀▀▀[38;2;180;197;213;48;2;0;0;0m▀[48;2;90;106;131m▀[48;2;180;197;213m▀▀▀▀▀[38;2;148;156;172m▀[38;2;180;197;213;48;2;90;106;131m▀[48;2;0;0;0m▀▀[38;2;0;0;0;49m▀[0m
[0m  [38;2;80;80;72m▄[38;2;172;164;98;48;2;246;246;74m▀[38;2;80;80;72m▀[38;2;246;246;74m▀[48;2;0;0;0m▀▀[38;2;0;0;0;49m▀▀[0m  [38;2;90;106;131m▀[38;2;0;0;0m▀[38;2;180;197;213;48;2;0;0;0m▀[48;2;180;197;213m▀▀▀[38;2;0;0;0m▀[38;2;90;106;131;49m▄[0m
[38;2;80;80;72;49m▄[48;2;246;246;74m▀[38;2;246;246;74;48;2;80;80;72m▀[48;2;0;0;0m▀[38;2;80;80;72;49m▀[38;2;0;0;0m▀[0m         [38;2;0;0;0;48;2;90;106;131m▀[38;2;180;197;213;48;2;180;197;213m▀[48;2;255;255;255m▀[48;2;180;197;213m▀[38;2;0;0;0;48;2;0;0;0m▀[0m
[38;2;0;0;0;49m▀▀[0m              [38;2;0;0;0;48;2;0;0;0m▀[38;2;255;255;255;48;2;255;255;255m▀▀[38;2;180;197;213;48;2;180;197;213m▀[38;2;90;106;131;48;2;0;0;0m▀[0m
[0m                [38;2;0;0;0;48;2;0;0;0m▀[38;2;255;255;255;48;2;255;255;255m▀▀▀[38;2;0;0;0;48;2;0;0;0m▀[0m
[0m                [38;2;90;106;131;48;2;148;156;172m▀[38;2;255;255;255;48;2;255;255;255m▀▀▀[38;2;0;0;0;48;2;0;0;0m▀[0m
[0m         [38;2;148;156;172m▄▄▄▄[0m  [38;2;90;106;131;48;2;90;106;131m▀[38;2;255;255;255;48;2;255;255;255m▀▀▀[48;2;90;106;131m▀[38;2;0;0;0;49m▀[0m       [38;2;90;106;131m▄▄[38;2;0;0;0m▄▄▄▄▄[0m
[0m       [38;2;148;156;172m▄[48;2;255;255;255m▀[38;2;255;255;255m▀▀[38;2;180;197;213m▀[48;2;180;197;213m▀[38;2;148;156;172m▀[38;2;90;106;131;48;2;90;106;131m▀[38;2;180;197;213;48;2;255;255;255m▀[38;2;255;255;255m▀▀▀[38;2;0;0;0;48;2;0;0;0m▀[0m   [38;2;90;106;131m▄▄[48;2;255;255;255m▀▀▀[38;2;255;255;255m▀▀▀▀▀▀▀[38;2;90;106;131m▀[38;2;0;0;0m▀▀[38;2;90;106;131;49m▄[38;2;0;0;0m▄[0m
[0m      [38;2;148;156;172;48;2;148;156;172m▀[38;2;255;255;255;48;2;255;255;255m▀▀[48;2;180;197;213m▀[48;2;255;255;255m▀▀▀[38;2;90;106;131;48;2;90;106;131m▀[38;2;255;255;255;48;2;255;255;255m▀▀▀[48;2;148;156;172m▀[38;2;0;0;0;48;2;0;0;0m▀[38;2;180;197;213;48;2;180;197;213m▀[38;2;148;156;172m▀[48;2;148;156;172m▀[38;2;90;106;131;48;2;255;255;255m▀[38;2;255;255;255m▀▀▀▀▀▀▀▀▀▀▀▀▀▀▀▀▀[38;2;0;0;0m▀[49m▄[0m
[0m     [38;2;148;156;172;48;2;148;156;172m▀[38;2;255;255;255;48;2;255;255;255m▀▀[48;2;180;197;213m▀[38;2;180;197;213;48;2;255;255;255m▀[38;2;255;255;255m▀[48;2;148;156;172m▀[38;2;90;106;131;48;2;255;255;255m▀[38;2;255;255;255m▀▀▀▀[38;2;0;0;0;48;2;0;0;0m▀[38;2;180;197;213;48;2;180;197;213m▀[48;2;148;156;172m▀[38;2;148;156;172;48;2;255;255;255m▀[38;2;255;255;255m▀▀▀▀▀▀▀▀▀▀▀▀▀▀▀▀▀▀▀▀▀[38;2;0;0;0m▀[49m▄[0m
[0m    [38;2;148;156;172m▄[48;2;180;197;213m▀[38;2;255;255;255;48;2;255;255;255m▀▀[38;2;180;197;213;48;2;180;197;213m▀[38;2;255;255;255;48;2;255;255;255m▀[48;2;90;106;131m▀[38;2;148;156;172;48;2;255;255;255m▀[38;2;255;255;255m▀▀▀▀[38;2;90;106;131;48;2;90;106;131m▀[38;2;180;197;213;48;2;255;255;255m▀[48;2;148;156;172m▀[38;2;148;156;172;48;2;255;255;255m▀[38;2;255;255;255m▀▀▀▀▀▀▀▀▀▀▀▀▀▀▀▀▀▀▀▀▀▀▀[38;2;0;0;0m▀[49m▄[0m
[0m    [38;2;148;156;172;48;2;148;156;172m▀[38;2;255;255;255;48;2;255;255;255m▀▀▀[38;2;180;197;213;48;2;180;197;213m▀[38;2;90;106;131;48;2;90;106;131m▀[38;2;255;255;255;48;2;255;255;255m▀▀▀▀▀▀[38;2;180;197;213m▀[38;2;255;255;255m▀[38;2;180;197;213m▀[38;2;255;255;255m▀▀▀▀▀[48;2;148;156;172m▀▀▀▀▀[48;2;255;255;255m▀▀▀▀▀▀▀▀▀▀▀▀▀▀▀[38;2;0;0;0m▀[49m▄[0m
[0m    [38;2;148;156;172;48;2;148;156;172m▀[38;2;255;255;255;48;2;180;197;213m▀[48;2;255;255;255m▀[48;2;180;197;213m▀[38;2;90;106;131;48;2;90;106;131m▀[38;2;255;255;255;48;2;255;255;255m▀▀▀▀▀▀▀▀▀▀▀▀▀[38;2;148;156;172;48;2;180;197;213m▀▀[38;2;180;197;213m▀▀▀▀▀[38;2;148;156;172m▀▀[38;2;255;255;255;48;2;148;156;172m▀[48;2;255;255;255m▀▀▀▀▀▀▀▀▀▀▀▀▀[38;2;0;0;0;48;2;0;0;0m▀[0m
[0m    [38;2;148;156;172;48;2;148;156;172m▀[38;2;180;197;213;48;2;180;197;213m▀▀[38;2;65;115;172;48;2;65;115;172m▀[38;2;255;255;255;48;2;255;255;255m▀▀▀▀▀▀▀▀[48;2;98;148;180m▀▀[48;2;255;255;255m▀▀▀[38;2;180;197;213m▀▀▀[48;2;180;197;213m▀▀▀▀▀▀▀[38;2;90;106;131;48;2;90;106;131m▀[38;2;255;255;255;48;2;255;255;255m▀▀▀▀▀▀▀▀▀▀▀▀▀[38;2;0;0;0;48;2;0;0;0m▀[0m
[0m     [38;2;148;156;172;48;2;148;156;172m▀[38;2;98;148;180;48;2;65;115;172m▀[38;2;164;205;238;48;2;164;205;238m▀[38;2;98;148;180;48;2;98;148;180m▀[38;2;255;255;255;48;2;255;255;255m▀▀▀▀▀[48;2;98;148;180m▀[38;2;98;148;180;48;2;164;205;238m▀[38;2;164;205;238;48;2;98;148;180m▀[38;2;65;115;172;48;2;164;205;238m▀[38;2;255;255;255;48;2;57;74;106m▀[48;2;255;255;255m▀▀▀▀▀▀▀[38;2;180;197;213m▀[48;2;180;197;213m▀▀[48;2;148;156;172m▀[38;2;90;106;131;48;2;255;255;255m▀[38;2;255;255;255m▀▀▀▀▀▀▀▀▀▀▀▀▀[38;2;0;0;0;48;2;0;0;0m▀[0m
[0m      [38;2;57;74;106;48;2;0;0;0m▀[38;2;164;205;238;48;2;164;205;238m▀▀[38;2;57;74;106;48;2;98;148;180m▀[38;2;255;255;255;48;2;255;255;255m▀▀▀[48;2;98;148;180m▀[38;2;98;148;180;48;2;164;205;238m▀[38;2;164;205;238;48;2;98;148;180m▀[38;2;98;148;180;48;2;164;205;238m▀[38;2;164;205;238m▀[38;2;57;74;106m▀[38;2;255;255;255;48;2;57;74;106m▀[48;2;255;255;255m▀▀▀▀▀▀▀[48;2;90;106;131m▀[38;2;90;106;131;48;2;255;255;255m▀[38;2;255;255;255m▀▀▀▀▀▀▀▀▀▀▀▀▀▀[38;2;0;0;0;48;2;0;0;0m▀[0m
[0m      [38;2;0;0;0;48;2;0;0;0m▀[38;2;98;148;180;48;2;98;148;180m▀[38;2;164;205;238m▀[38;2;98;148;180m▀[38;2;57;74;106;48;2;57;74;106m▀[38;2;255;255;255;48;2;255;255;255m▀▀[38;2;98;148;180;48;2;57;74;106m▀[38;2;164;205;238;48;2;164;205;238m▀[38;2;65;115;172;48;2;65;115;172m▀[38;2;164;205;238;48;2;164;205;238m▀▀▀[38;2;57;74;106m▀[38;2;255;255;255;48;2;65;115;172m▀[38;2;65;115;172;48;2;164;205;238m▀[38;2;255;255;255;48;2;57;74;106m▀[48;2;255;255;255m▀▀▀[48;2;0;0;0m▀[38;2;90;106;131;48;2;255;255;255m▀[38;2;255;255;255m▀▀▀▀▀▀▀▀▀▀▀▀[48;2;148;156;172m▀[48;2;0;0;0m▀[38;2;0;0;0;48;2;90;106;131m▀[38;2;90;106;131;49m▄▄▄[48;2;255;255;255m▀▀▀▀[48;2;90;106;131m▀[0m
[0m       [38;2;57;74;106;48;2;0;0;0m▀[38;2;65;115;172;48;2;98;148;180m▀[38;2;98;148;180;48;2;65;115;172m▀▀[38;2;57;74;106;48;2;98;148;180m▀[38;2;255;255;255;48;2;57;74;106m▀[38;2;57;74;106m▀[38;2;98;148;180;48;2;98;148;180m▀[38;2;65;115;172m▀[38;2;98;148;180;48;2;65;115;172m▀[38;2;164;205;238;48;2;98;148;180m▀▀▀[38;2;98;148;180;48;2;65;115;172m▀[38;2;164;205;238;48;2;98;148;180m▀[38;2;57;74;106;48;2;65;115;172m▀[38;2;255;255;255;48;2;180;197;213m▀▀▀[38;2;0;0;0;48;2;0;0;0m▀[38;2;255;255;255;48;2;255;255;255m▀▀▀▀▀▀▀[48;2;180;197;213m▀▀[48;2;148;156;172m▀▀[38;2;90;106;131;48;2;255;255;255m▀▀▀[38;2;180;197;213m▀[38;2;255;255;255m▀▀▀▀▀[48;2;0;0;0m▀[38;2;180;197;213m▀[38;2;0;0;0;49m▀[0m
[0m     [38;2;90;106;131m▄[38;2;148;156;172m▄▄[38;2;0;0;0;48;2;180;197;213m▀[38;2;98;148;180;48;2;0;0;0m▀▀[48;2;98;148;180m▀▀[38;2;57;74;106m▀[38;2;98;148;180;48;2;57;74;106m▀[48;2;98;148;180m▀[38;2;65;115;172m▀[38;2;98;148;180;48;2;65;115;172m▀[48;2;98;148;180m▀▀▀[38;2;65;115;172m▀[38;2;98;148;180m▀[38;2;65;115;172;48;2;57;74;106m▀[38;2;180;197;213;48;2;180;197;213m▀▀▀[38;2;0;0;0;48;2;0;0;0m▀[38;2;255;255;255;48;2;255;255;255m▀▀▀▀▀▀[48;2;180;197;213m▀[48;2;255;255;255m▀▀▀▀▀[48;2;148;156;172m▀▀[48;2;0;0;0m▀▀[38;2;180;197;213;48;2;90;106;131m▀[38;2;0;0;0;49m▀▀[0m
[0m     [38;2;90;106;131m▀[38;2;180;197;213;48;2;90;106;131m▀▀[48;2;180;197;213m▀▀▀[38;2;0;0;0m▀▀[38;2;57;74;106;48;2;90;106;131m▀[38;2;0;0;0m▀[48;2;148;156;172m▀[38;2;98;148;180;48;2;0;0;0m▀▀[38;2;65;115;172;48;2;98;148;180m▀[38;2;98;148;180m▀▀▀[48;2;65;115;172m▀[38;2;57;74;106;48;2;57;74;106m▀[38;2;180;197;213;48;2;180;197;213m▀▀[48;2;148;156;172m▀[48;2;90;106;131m▀[38;2;0;0;0;48;2;180;197;213m▀[38;2;255;255;255;48;2;90;106;131m▀[48;2;255;255;255m▀▀▀▀▀[38;2;90;106;131m▀[38;2;255;255;255;48;2;90;106;131m▀▀[48;2;255;255;255m▀▀▀▀[48;2;180;197;213m▀[38;2;180;197;213m▀▀[38;2;90;106;131m▀▀[48;2;0;0;0m▀[0m
[0m        [38;2;90;106;131m▀▀[38;2;148;156;172;48;2;90;106;131m▀[38;2;90;106;131;48;2;180;197;213m▀▀[38;2;180;197;213m▀[48;2;148;156;172m▀[48;2;80;80;72m▀[38;2;148;156;172m▀[38;2;90;106;131;49m▀[38;2;0;0;0m▀[48;2;0;0;0m▀[48;2;148;156;172m▀▀▀[38;2;90;106;131;48;2;98;98;131m▀[48;2;180;197;213m▀[38;2;148;156;172m▀[38;2;180;197;213m▀▀▀[38;2;0;0;0;48;2;0;0;0m▀[38;2;90;106;131;49m▀[38;2;180;197;213;48;2;0;0;0m▀[38;2;255;255;255m▀[48;2;180;197;213m▀▀▀▀▀[38;2;0;0;0m▀[38;2;90;106;131m▀[38;2;180;197;213;48;2;0;0;0m▀[48;2;90;106;131m▀▀[48;2;0;0;0m▀▀[38;2;0;0;0;49m▀▀[0m
[0m          [38;2;80;80;72m▀▀▀▀▀[0m     [38;2;0;0;0m▀[38;2;148;156;172;48;2;0;0;0m▀[48;2;148;156;172m▀[48;2;0;0;0m▀[38;2;0;0;0;49m▀[38;2;180;197;213;48;2;0;0;0m▀[48;2;180;197;213m▀[48;2;148;156;172m▀[38;2;0;0;0;48;2;0;0;0m▀[0m    [38;2;0;0;0m▀▀▀[38;2;180;197;213;48;2;0;0;0m▀▀▀▀▀[38;2;0;0;0;49m▀[0m
[0m                    [38;2;0;0;0m▄[48;2;80;80;72m▀[38;2;80;80;72;48;2;0;0;0m▀[38;2;0;0;0;49m▀[0m  [38;2;0;0;0;48;2;80;80;72m▀[48;2;0;0;0m▀[0m
[0m                [38;2;80;80;72m▄▄[38;2;0;0;0m▄▄[48;2;80;80;72m▀[38;2;80;80;72m▀[38;2;0;0;0;49m▀[0m [38;2;0;0;0m▄[48;2;80;80;72m▀[38;2;80;80;72;48;2;98;98;131m▀[38;2;0;0;0;48;2;80;80;72m▀[49m▄[0m
[0m              [38;2;80;80;72;48;2;0;0;0m▀▀[38;2;98;98;131m▀[48;2;80;80;72m▀[38;2;80;80;72;48;2;98;98;131m▀[48;2;0;0;0m▀▀▀[38;2;0;0;0;48;2;98;98;131m▀[38;2;98;98;131;48;2;80;80;72m▀[48;2;0;0;0m▀[48;2;98;98;131m▀▀[48;2;80;80;72m▀[38;2;0;0;0;48;2;98;98;131m▀[49m▄[0m
[0m                 [38;2;0;0;0m▀▀[0m  [38;2;0;0;0m▀▀▀[38;2;98;98;131;48;2;0;0;0m▀▀[38;2;0;0;0;49m▀▀▀▀[0m
