[0m [38;2;63;30;23;48;2;0;0;0m▀[48;2;74;16;8m▀[49m▄[38;2;115;24;49m▄[38;2;63;30;23m▄[48;2;74;16;8m▀[48;2;63;30;23m▀[0m              [38;2;0;0;0m▄▄[0m
[0m  [38;2;0;0;0;48;2;0;0;0m▀[38;2;255;115;156;48;2;115;24;49m▀[38;2;115;24;49;48;2;222;197;106m▀[38;2;255;115;156;48;2;205;65;98m▀[38;2;0;0;0;48;2;255;115;156m▀[38;2;63;30;23;48;2;0;0;0m▀[0m         [38;2;0;0;0;48;2;0;0;0m▀[48;2;74;16;8m▀[0m  [38;2;0;0;0;48;2;0;0;0m▀[38;2;74;16;8;48;2;74;16;8m▀[38;2;0;0;0;48;2;0;0;0m▀[0m
[0m  [38;2;115;24;49m▀[38;2;255;115;156;48;2;0;0;0m▀[38;2;115;24;49m▀[38;2;255;115;156;48;2;205;65;98m▀[38;2;0;0;0;48;2;74;16;8m▀[49m▄[0m         [38;2;0;0;0m▀[38;2;74;16;8;48;2;0;0;0m▀[38;2;0;0;0;48;2;74;16;8m▀[49m▄[38;2;74;16;8;48;2;74;16;8m▀[38;2;0;0;0;48;2;0;0;0m▀[0m
[0m    [38;2;0;0;0m▄[38;2;63;30;23;48;2;0;0;0m▀[38;2;74;16;8;48;2;255;115;156m▀[38;2;0;0;0;48;2;205;65;98m▀[49m▄[0m         [38;2;0;0;0m▀[38;2;74;16;8;48;2;0;0;0m▀[38;2;255;115;156;48;2;74;16;8m▀[38;2;0;0;0;48;2;0;0;0m▀[0m
[0m [38;2;0;0;0m▄▄[38;2;74;16;8;48;2;0;0;0m▀[38;2;222;197;106;48;2;98;57;32m▀[38;2;0;0;0m▀[38;2;205;65;98;48;2;0;0;0m▀[38;2;115;24;49m▀[38;2;0;0;0;49m▀[0m   [38;2;98;57;32m▄[38;2;63;30;23;48;2;222;197;106m▀[48;2;0;0;0m▀[38;2;0;0;0;49m▄[38;2;63;30;23;48;2;255;115;156m▀[38;2;115;24;49;48;2;115;24;49m▀[38;2;63;30;23;48;2;255;115;156m▀[38;2;74;16;8;48;2;0;0;0m▀[38;2;0;0;0m▀[38;2;74;16;8;49m▄▄[0m
[0m [38;2;0;0;0m▀[38;2;74;16;8;48;2;0;0;0m▀▀[38;2;0;0;0;48;2;74;16;8m▀[38;2;98;57;32;48;2;0;0;0m▀[38;2;74;16;8;48;2;74;16;8m▀[38;2;0;0;0;48;2;0;0;0m▀[0m    [38;2;74;16;8;48;2;74;16;8m▀[48;2;98;57;32m▀[38;2;0;0;0;48;2;0;0;0m▀[38;2;115;24;49;48;2;115;24;49m▀[48;2;255;115;156m▀[38;2;222;197;106;48;2;205;65;98m▀[38;2;205;65;98;48;2;255;115;156m▀[38;2;255;115;156;48;2;115;24;49m▀[38;2;74;16;8;48;2;0;0;0m▀▀[38;2;222;197;106m▀[38;2;0;0;0;49m▀[0m
[0m    [38;2;0;0;0m▀▀[38;2;74;16;8;48;2;0;0;0m▀[38;2;0;0;0;48;2;255;115;156m▀[49m▄[0m   [38;2;0;0;0;48;2;0;0;0m▀[38;2;98;57;32;48;2;98;57;32m▀[38;2;0;0;0;48;2;0;0;0m▀[48;2;74;16;8m▀[38;2;74;16;8;48;2;0;0;0m▀[38;2;205;65;98m▀[38;2;0;0;0;49m▀[38;2;63;30;23m▀[0m
[0m    [38;2;0;0;0m▄[38;2;115;24;49;48;2;255;115;156m▀[48;2;222;197;106m▀[38;2;205;65;98m▀[38;2;0;0;0;48;2;205;65;98m▀[48;2;255;115;156m▀[49m▄[0m [38;2;0;0;0;48;2;0;0;0m▀[38;2;74;16;8;48;2;74;16;8m▀[38;2;0;0;0m▀[38;2;74;16;8;48;2;0;0;0m▀[38;2;0;0;0;49m▀[0m
[0m  [38;2;63;30;23;48;2;74;16;8m▀[38;2;0;0;0;48;2;98;57;32m▀[48;2;0;0;0m▀[38;2;115;24;49;48;2;255;115;156m▀[38;2;222;197;106;48;2;205;65;98m▀[38;2;222;148;41m▀[38;2;115;24;49;48;2;255;115;156m▀[38;2;255;115;156;48;2;74;16;8m▀[38;2;0;0;0;48;2;0;0;0m▀▀[38;2;74;16;8;48;2;74;16;8m▀▀[38;2;0;0;0;48;2;0;0;0m▀[0m  [38;2;0;0;0m▄▄▄▄[0m
[0m  [38;2;0;0;0m▀[38;2;74;16;8;48;2;0;0;0m▀[48;2;98;57;32m▀[38;2;115;24;49;48;2;0;0;0m▀[38;2;255;115;156m▀[38;2;115;24;49;48;2;98;57;32m▀[38;2;255;115;156;48;2;0;0;0m▀[38;2;115;24;49m▀[38;2;0;0;0m▀[38;2;74;16;8m▀[48;2;74;16;8m▀[38;2;0;0;0;48;2;0;0;0m▀[49m▄[48;2;123;90;49m▀[48;2;98;57;32m▀[38;2;123;90;49;48;2;74;16;8m▀▀[48;2;98;57;32m▀[38;2;0;0;0;48;2;0;0;0m▀[0m
[0m    [38;2;63;30;23;48;2;0;0;0m▀[38;2;98;57;32m▀[38;2;0;0;0;48;2;123;90;49m▀▀[38;2;123;90;49m▀▀▀[38;2;0;0;0m▀[38;2;74;16;8m▀[38;2;0;0;0;48;2;63;30;23m▀[38;2;123;90;49;48;2;123;90;49m▀[48;2;74;16;8m▀[38;2;74;16;8m▀▀[48;2;123;90;49m▀[38;2;0;0;0;48;2;0;0;0m▀[0m
[0m   [38;2;63;30;23m▄[38;2;0;0;0;48;2;164;123;74m▀[38;2;123;90;49;48;2;123;90;49m▀▀▀▀[48;2;98;57;32m▀[38;2;74;16;8;48;2;222;148;41m▀[48;2;164;123;74m▀[38;2;123;90;49;48;2;98;57;32m▀[48;2;123;90;49m▀[48;2;74;16;8m▀[48;2;0;0;0m▀▀▀[38;2;0;0;0;49m▀[0m
[0m   [38;2;63;30;23;48;2;63;30;23m▀[38;2;98;57;32;48;2;123;90;49m▀[38;2;123;90;49m▀▀▀[38;2;98;57;32;48;2;98;57;32m▀[38;2;222;148;41;48;2;222;222;222m▀[38;2;164;123;74;48;2;0;0;0m▀[38;2;98;57;32;48;2;172;172;172m▀[38;2;222;148;41;48;2;222;148;41m▀[38;2;123;90;49;48;2;123;90;49m▀▀[38;2;0;0;0;48;2;0;0;0m▀[0m
[0m [38;2;63;30;23m▄[48;2;123;90;49m▀[38;2;123;90;49m▀[48;2;98;57;32m▀▀[38;2;98;57;32;48;2;222;197;106m▀[38;2;222;197;106m▀▀[38;2;0;0;0m▀[38;2;74;16;8m▀[38;2;123;90;49;48;2;123;90;49m▀[38;2;222;148;41;48;2;222;148;41m▀[38;2;98;57;32;48;2;98;57;32m▀[38;2;123;90;49;48;2;123;90;49m▀[38;2;0;0;0;48;2;74;16;8m▀[0m
[38;2;0;0;0;48;2;0;0;0m▀[38;2;63;30;23;48;2;74;16;8m▀[38;2;0;0;0;48;2;0;0;0m▀[38;2;98;57;32;48;2;222;197;106m▀[38;2;222;197;106m▀▀▀▀▀[48;2;98;57;32m▀[38;2;123;90;49m▀[38;2;222;148;41m▀[38;2;98;57;32;48;2;123;90;49m▀[38;2;123;90;49m▀▀▀[38;2;0;0;0;48;2;0;0;0m▀[0m
[0m [38;2;0;0;0m▀[38;2;164;123;74;48;2;0;0;0m▀[38;2;222;197;106m▀[38;2;164;123;74m▀[38;2;0;0;0;49m▀▀[48;2;0;0;0m▀[38;2;98;57;32;48;2;123;90;49m▀[38;2;123;90;49m▀▀▀▀▀▀▀[38;2;74;16;8m▀[38;2;0;0;0;49m▄[0m
[0m    [38;2;123;90;49m▄[38;2;98;57;32;48;2;222;197;106m▀[38;2;74;16;8m▀[38;2;0;0;0;48;2;98;57;32m▀[38;2;123;90;49m▀[48;2;123;90;49m▀▀▀▀▀[48;2;98;57;32m▀[48;2;123;90;49m▀▀[38;2;0;0;0m▀[49m▄[0m
[0m   [38;2;164;123;74;48;2;164;123;74m▀[38;2;222;197;106;48;2;222;197;106m▀▀[38;2;123;90;49m▀[38;2;222;197;106m▀▀[38;2;123;90;49m▀[48;2;98;57;32m▀[48;2;123;90;49m▀▀▀[38;2;98;57;32;48;2;98;57;32m▀[38;2;123;90;49;48;2;123;90;49m▀▀▀[38;2;0;0;0m▀[49m▄[0m
[38;2;123;90;49;49m▄[48;2;222;197;106m▀▀[38;2;222;197;106m▀▀▀▀▀▀▀[38;2;0;0;0m▀[38;2;123;90;49;48;2;0;0;0m▀[48;2;123;90;49m▀[38;2;98;57;32;48;2;98;57;32m▀[38;2;123;90;49;48;2;123;90;49m▀▀▀▀▀▀[38;2;63;30;23m▀▀[49m▄▄[0m
[0m [38;2;123;90;49;48;2;164;123;74m▀[38;2;164;123;74;48;2;222;197;106m▀[38;2;222;197;106m▀▀▀▀▀[38;2;164;123;74m▀[38;2;222;197;106;48;2;123;90;49m▀[48;2;0;0;0m▀▀[38;2;0;0;0;48;2;123;90;49m▀[38;2;123;90;49m▀▀▀▀▀▀▀▀▀▀▀[38;2;63;30;23;48;2;255;115;156m▀▀[49m▄▄▄▄[48;2;123;90;49m▀▀[38;2;0;0;0m▀▀[38;2;63;30;23;49m▄▄[48;2;123;90;49m▀▀▀[49m▄▄[0m
[0m [38;2;123;90;49m▄[48;2;222;197;106m▀[38;2;222;197;106;48;2;164;123;74m▀[38;2;164;123;74;48;2;222;197;106m▀[38;2;222;197;106m▀▀[38;2;164;123;74;48;2;123;90;49m▀[38;2;222;197;106;48;2;0;0;0m▀[48;2;222;197;106m▀[38;2;63;30;23;48;2;63;30;23m▀[38;2;123;90;49;48;2;123;90;49m▀▀▀[48;2;98;57;32m▀[48;2;123;90;49m▀▀▀▀▀▀▀▀▀[38;2;98;57;32m▀[38;2;255;115;156m▀▀[38;2;123;90;49m▀▀[48;2;255;115;156m▀▀[48;2;123;90;49m▀▀▀▀▀[38;2;0;0;0m▀[38;2;123;90;49;48;2;0;0;0m▀[48;2;123;90;49m▀▀[48;2;98;57;32m▀[38;2;0;0;0m▀▀[49m▄[0m
[0m [38;2;98;57;32m▀[38;2;0;0;0m▀[38;2;98;57;32m▀[38;2;222;197;106;48;2;98;57;32m▀[48;2;222;197;106m▀[48;2;0;0;0m▀[38;2;63;30;23;48;2;63;30;23m▀[38;2;164;123;74;48;2;222;197;106m▀[38;2;0;0;0;48;2;123;90;49m▀[48;2;222;148;41m▀[38;2;98;57;32;48;2;98;57;32m▀[38;2;123;90;49;48;2;123;90;49m▀▀[38;2;98;57;32;48;2;63;30;23m▀[38;2;123;90;49;48;2;123;90;49m▀▀▀▀▀▀▀▀▀▀▀▀▀▀[38;2;98;57;32m▀[38;2;255;115;156m▀▀[38;2;123;90;49m▀▀▀▀▀▀[38;2;0;0;0m▀[38;2;98;57;32;48;2;0;0;0m▀[48;2;98;57;32m▀[48;2;63;30;23m▀▀[48;2;0;0;0m▀[38;2;0;0;0m▀[0m
[0m     [38;2;0;0;0m▀[0m [38;2;63;30;23;48;2;63;30;23m▀[38;2;222;197;106;48;2;222;197;106m▀▀[38;2;123;90;49m▀[38;2;222;148;41;48;2;123;90;49m▀[38;2;98;57;32;48;2;222;148;41m▀[38;2;123;90;49;48;2;98;57;32m▀[38;2;63;30;23;48;2;123;90;49m▀[38;2;123;90;49m▀▀▀▀▀▀▀▀▀▀▀[48;2;222;148;41m▀▀[48;2;123;90;49m▀▀[48;2;98;57;32m▀[48;2;123;90;49m▀▀▀▀▀▀▀▀[38;2;0;0;0m▀[38;2;98;57;32;48;2;0;0;0m▀▀[38;2;0;0;0m▀[0m
[0m       [38;2;63;30;23;48;2;63;30;23m▀[38;2;0;0;0;48;2;0;0;0m▀[38;2;222;197;106;48;2;164;123;74m▀[48;2;222;197;106m▀▀[38;2;123;90;49m▀[38;2;63;30;23;48;2;63;30;23m▀[38;2;123;90;49;48;2;123;90;49m▀▀▀▀▀▀▀▀▀[38;2;98;57;32;48;2;98;57;32m▀[38;2;123;90;49;48;2;222;148;41m▀[38;2;222;148;41;48;2;123;90;49m▀[38;2;123;90;49;48;2;164;123;74m▀▀[38;2;222;148;41;48;2;123;90;49m▀▀[38;2;63;30;23;48;2;63;30;23m▀[38;2;123;90;49;48;2;123;90;49m▀▀▀▀▀▀▀▀▀[38;2;0;0;0;48;2;0;0;0m▀[0m
[0m       [38;2;63;30;23;48;2;0;0;0m▀[48;2;63;30;23m▀[38;2;0;0;0m▀[38;2;222;197;106;48;2;0;0;0m▀[48;2;164;123;74m▀[38;2;164;123;74m▀[38;2;63;30;23m▀[38;2;123;90;49;48;2;63;30;23m▀[48;2;123;90;49m▀▀▀▀▀▀▀[38;2;63;30;23;48;2;0;0;0m▀[38;2;123;90;49;48;2;164;123;74m▀▀[38;2;164;123;74m▀▀▀▀▀▀[38;2;0;0;0;48;2;0;0;0m▀[38;2;123;90;49;48;2;123;90;49m▀▀▀▀▀▀▀[48;2;0;0;0m▀[38;2;0;0;0;49m▀[0m
[0m       [38;2;0;0;0m▀[38;2;63;30;23;48;2;0;0;0m▀[48;2;63;30;23m▀▀[38;2;0;0;0m▀▀[38;2;164;123;74;48;2;0;0;0m▀[38;2;63;30;23;48;2;63;30;23m▀[38;2;123;90;49;48;2;123;90;49m▀▀▀▀▀▀▀[38;2;0;0;0;48;2;0;0;0m▀[38;2;164;123;74m▀▀▀▀[38;2;0;0;0m▀[48;2;63;30;23m▀▀▀[38;2;63;30;23m▀[38;2;0;0;0;48;2;0;0;0m▀[38;2;123;90;49;48;2;123;90;49m▀▀▀▀▀[48;2;98;57;32m▀[38;2;0;0;0;48;2;0;0;0m▀[0m
[0m        [38;2;0;0;0m▀[38;2;63;30;23;48;2;0;0;0m▀[48;2;63;30;23m▀▀▀[38;2;0;0;0;48;2;0;0;0m▀[0m [38;2;63;30;23m▀[38;2;123;90;49;48;2;63;30;23m▀[48;2;123;90;49m▀▀▀▀[38;2;63;30;23;48;2;0;0;0m▀[38;2;0;0;0;49m▀[0m    [38;2;0;0;0;48;2;0;0;0m▀[38;2;63;30;23;48;2;63;30;23m▀▀▀[48;2;0;0;0m▀[38;2;0;0;0;49m▀▀[38;2;123;90;49;48;2;0;0;0m▀[48;2;98;57;32m▀▀[38;2;98;57;32m▀▀[38;2;0;0;0;48;2;0;0;0m▀[0m
[0m         [38;2;0;0;0m▀[38;2;63;30;23;48;2;0;0;0m▀[48;2;63;30;23m▀▀[38;2;0;0;0m▀[49m▄[0m [38;2;63;30;23m▀[38;2;123;90;49;48;2;63;30;23m▀[48;2;123;90;49m▀▀[48;2;98;57;32m▀[38;2;0;0;0;48;2;0;0;0m▀[0m      [38;2;63;30;23;48;2;0;0;0m▀[48;2;63;30;23m▀▀[38;2;0;0;0;48;2;0;0;0m▀[0m  [38;2;0;0;0m▀[38;2;98;57;32;48;2;0;0;0m▀[48;2;98;57;32m▀▀▀[38;2;0;0;0;48;2;63;30;23m▀[49m▄[0m
[0m          [38;2;0;0;0m▀[38;2;63;30;23;48;2;0;0;0m▀[48;2;63;30;23m▀▀[38;2;0;0;0;48;2;0;0;0m▀[0m  [38;2;63;30;23m▀[38;2;98;57;32;48;2;0;0;0m▀[48;2;98;57;32m▀▀▀[38;2;0;0;0m▀[49m▄[0m    [38;2;0;0;0;48;2;0;0;0m▀[38;2;63;30;23;48;2;63;30;23m▀[48;2;123;90;49m▀[38;2;0;0;0;48;2;0;0;0m▀[0m    [38;2;0;0;0m▀[38;2;63;30;23;48;2;0;0;0m▀[38;2;98;57;32;48;2;98;57;32m▀[38;2;63;30;23m▀[38;2;98;57;32;48;2;123;90;49m▀[38;2;0;0;0;48;2;0;0;0m▀[0m
[0m           [38;2;0;0;0;48;2;0;0;0m▀[38;2;63;30;23;48;2;63;30;23m▀▀[38;2;0;0;0;48;2;0;0;0m▀[0m   [38;2;0;0;0m▀[38;2;98;57;32;48;2;63;30;23m▀[48;2;98;57;32m▀▀▀[38;2;0;0;0;48;2;0;0;0m▀[0m    [38;2;0;0;0;48;2;0;0;0m▀[38;2;164;123;74;48;2;164;123;74m▀▀[38;2;0;0;0;48;2;0;0;0m▀[0m     [38;2;0;0;0m▀[38;2;98;57;32;48;2;0;0;0m▀[48;2;123;90;49m▀[38;2;222;197;106;48;2;222;197;106m▀[38;2;0;0;0;48;2;0;0;0m▀[0m
[0m          [38;2;63;30;23m▄[48;2;164;123;74m▀[38;2;164;123;74m▀[38;2;0;0;0;48;2;0;0;0m▀[0m     [38;2;0;0;0;48;2;0;0;0m▀[38;2;98;57;32;48;2;98;57;32m▀▀[38;2;0;0;0;48;2;0;0;0m▀[0m    [38;2;0;0;0;48;2;0;0;0m▀[38;2;164;123;74;48;2;164;123;74m▀▀[38;2;0;0;0;48;2;0;0;0m▀[0m       [38;2;0;0;0;48;2;0;0;0m▀[38;2;222;197;106;48;2;222;197;106m▀▀[38;2;0;0;0;48;2;0;0;0m▀[0m
[0m          [38;2;63;30;23;48;2;63;30;23m▀[38;2;164;123;74;48;2;164;123;74m▀▀[38;2;0;0;0;48;2;0;0;0m▀[0m     [38;2;0;0;0;48;2;0;0;0m▀[38;2;98;57;32;48;2;98;57;32m▀[38;2;123;90;49;48;2;222;197;106m▀[38;2;0;0;0;48;2;0;0;0m▀[0m    [38;2;0;0;0;48;2;0;0;0m▀[38;2;164;123;74;48;2;164;123;74m▀▀[38;2;0;0;0m▀[49m▄[0m      [38;2;0;0;0;48;2;0;0;0m▀[38;2;222;197;106;48;2;222;197;106m▀▀[38;2;0;0;0m▀[49m▄[0m
[0m         [38;2;98;57;32;48;2;98;57;32m▀[38;2;164;123;74;48;2;222;197;106m▀▀[38;2;222;197;106m▀[38;2;0;0;0m▀[49m▄[0m    [38;2;63;30;23;48;2;63;30;23m▀[38;2;222;197;106;48;2;222;197;106m▀▀[38;2;0;0;0;48;2;0;0;0m▀[0m   [38;2;0;0;0m▄[48;2;0;0;0m▀[38;2;164;123;74;48;2;164;123;74m▀[38;2;0;0;0;48;2;0;0;0m▀[38;2;164;123;74m▀[38;2;0;0;0m▀[0m     [38;2;0;0;0m▄[38;2;98;57;32;48;2;222;197;106m▀[38;2;222;197;106m▀[48;2;123;90;49m▀[48;2;222;197;106m▀[38;2;0;0;0;48;2;0;0;0m▀[0m
[0m          [38;2;0;0;0;48;2;0;0;0m▀[38;2;222;197;106;48;2;222;197;106m▀[38;2;123;90;49;48;2;63;30;23m▀[38;2;222;197;106;48;2;0;0;0m▀[38;2;0;0;0m▀[0m   [38;2;63;30;23m▄[48;2;222;197;106m▀[38;2;222;197;106m▀▀[38;2;0;0;0;48;2;0;0;0m▀[0m   [38;2;0;0;0;48;2;0;0;0m▀[38;2;63;30;23;48;2;63;30;23m▀[38;2;0;0;0m▀[48;2;0;0;0m▀[0m       [38;2;0;0;0m▀[48;2;0;0;0m▀[38;2;222;197;106;48;2;222;197;106m▀[38;2;63;30;23;48;2;0;0;0m▀[38;2;0;0;0;49m▀▀[0m
[0m         [38;2;0;0;0;48;2;0;0;0m▀[38;2;63;30;23;48;2;74;16;8m▀[38;2;222;197;106m▀[38;2;0;0;0;48;2;0;0;0m▀[0m     [38;2;63;30;23m▀[38;2;222;197;106;48;2;0;0;0m▀[48;2;222;197;106m▀[38;2;123;90;49;48;2;123;90;49m▀[38;2;222;197;106;48;2;222;197;106m▀[38;2;0;0;0;48;2;0;0;0m▀[0m  [38;2;0;0;0m▀▀▀[0m        [38;2;0;0;0;48;2;0;0;0m▀[38;2;74;16;8;48;2;74;16;8m▀[38;2;222;197;106m▀[38;2;0;0;0;48;2;0;0;0m▀[0m
[0m         [38;2;0;0;0;48;2;0;0;0m▀[38;2;74;16;8m▀▀[38;2;0;0;0;49m▀[0m     [38;2;0;0;0m▄[48;2;63;30;23m▀[38;2;222;197;106;48;2;98;57;32m▀[38;2;63;30;23;48;2;0;0;0m▀[38;2;0;0;0;49m▀▀[0m             [38;2;0;0;0;48;2;0;0;0m▀[38;2;74;16;8m▀▀[38;2;0;0;0;49m▀[0m
[0m                  [38;2;0;0;0;48;2;0;0;0m▀[38;2;74;16;8;48;2;74;16;8m▀▀[38;2;0;0;0;48;2;0;0;0m▀[0m
[0m                  [38;2;0;0;0m▀▀▀[0m
