[0m         [38;2;123;49;49m▄▄▄[48;2;222;90;82m▀▀▀▀▀▀[49m▄[38;2;16;16;16m▄▄[0m
[0m      [38;2;65;41;41m▄[38;2;123;49;49;48;2;106;74;49m▀▀[38;2;222;90;82m▀▀[38;2;156;57;57m▀[38;2;106;74;49;48;2;197;180;156m▀[48;2;255;246;230m▀▀▀[48;2;197;180;156m▀[48;2;106;74;49m▀[38;2;222;90;82m▀[48;2;222;90;82m▀▀[38;2;16;16;16m▀[48;2;156;57;57m▀[49m▄[0m
[0m    [38;2;106;74;49m▄[38;2;65;41;41;48;2;197;180;156m▀[38;2;106;74;49;48;2;255;246;230m▀▀▀[48;2;106;74;49m▀▀[38;2;255;246;230m▀[48;2;197;180;156m▀[48;2;255;246;230m▀▀▀▀[48;2;197;180;156m▀[38;2;106;74;49;48;2;106;74;49m▀▀[38;2;156;57;57m▀[38;2;222;90;82m▀[48;2;156;57;57m▀[38;2;156;57;57m▀[38;2;16;16;16m▀[49m▄[0m
[0m  [38;2;106;74;49m▄[48;2;255;246;230m▀[38;2;255;246;230m▀▀▀▀▀▀[38;2;106;74;49m▀[48;2;197;180;156m▀[48;2;106;74;49m▀▀▀▀▀▀[48;2;197;180;156m▀[48;2;255;246;230m▀▀[48;2;106;74;49m▀[38;2;65;41;41;48;2;65;41;41m▀[38;2;156;57;57m▀[48;2;156;57;57m▀▀[38;2;16;16;16m▀[49m▄[0m
[0m [38;2;65;41;41m▄[38;2;106;74;49;48;2;255;246;230m▀[38;2;255;246;230m▀▀▀▀▀▀▀▀▀▀▀▀▀▀▀▀▀▀▀[38;2;106;74;49;48;2;197;180;156m▀[38;2;65;41;41;48;2;65;41;41m▀▀[38;2;156;57;57;48;2;156;57;57m▀▀[38;2;16;16;16m▀[49m▄[0m
[38;2;16;16;16;48;2;16;16;16m▀[38;2;106;74;49;48;2;106;74;49m▀[38;2;255;246;230;48;2;197;180;156m▀[48;2;255;246;230m▀▀▀▀▀▀▀▀▀▀▀▀▀▀▀▀▀[48;2;197;180;156m▀[38;2;197;180;156m▀▀▀[38;2;65;41;41;48;2;65;41;41m▀▀[38;2;156;57;57;48;2;156;57;57m▀▀[38;2;16;16;16m▀[49m▄[0m
[38;2;16;16;16;49m▀[38;2;106;74;49;48;2;16;16;16m▀[48;2;106;74;49m▀[38;2;255;246;230m▀[48;2;197;180;156m▀[48;2;255;246;230m▀▀▀▀▀▀▀▀▀▀▀▀[48;2;197;180;156m▀▀[38;2;197;180;156m▀▀▀▀▀▀[38;2;65;41;41;48;2;65;41;41m▀▀[38;2;156;57;57;48;2;156;57;57m▀[48;2;65;41;41m▀[38;2;16;16;16;48;2;16;16;16m▀[0m
[0m  [38;2;16;16;16m▀[38;2;106;74;49;48;2;16;16;16m▀▀[48;2;106;74;49m▀[38;2;197;180;156m▀[38;2;255;246;230m▀▀[48;2;197;180;156m▀[48;2;255;246;230m▀▀[48;2;197;180;156m▀▀▀[38;2;197;180;156m▀▀▀▀▀▀▀▀▀[48;2;106;74;49m▀[38;2;106;74;49;48;2;65;41;41m▀[38;2;65;41;41m▀▀[48;2;16;16;16m▀[38;2;16;16;16;49m▀[0m
[0m     [38;2;16;16;16m▀▀[38;2;106;74;49;48;2;16;16;16m▀▀[38;2;65;41;41m▀▀[48;2;65;41;41m▀[38;2;106;74;49m▀[38;2;197;180;156m▀▀▀▀▀▀▀▀[38;2;106;74;49m▀[38;2;65;41;41m▀[48;2;16;16;16m▀▀▀[38;2;16;16;16;49m▀▀[0m
[0m         [38;2;16;16;16m▄[38;2;106;74;49;48;2;197;180;156m▀[38;2;16;16;16m▀▀▀▀▀▀▀[48;2;16;16;16m▀[49m▀▀▀▀[0m
[0m        [38;2;16;16;16m▄[48;2;197;180;156m▀[38;2;197;180;156;48;2;16;16;16m▀[48;2;197;180;156m▀▀▀▀▀▀▀[38;2;16;16;16;48;2;106;74;49m▀[0m
[0m     [38;2;106;74;49m▄▄▄[48;2;255;246;230m▀[38;2;255;246;230m▀[38;2;16;16;16;48;2;106;74;49m▀[38;2;197;180;156;48;2;151;67;118m▀▀▀[48;2;197;180;156m▀[38;2;16;16;16;48;2;16;16;16m▀[38;2;197;180;156;48;2;197;180;156m▀▀▀[38;2;16;16;16;48;2;16;16;16m▀[0m
[0m    [38;2;106;74;49m▀[38;2;255;246;230;48;2;16;16;16m▀▀[38;2;151;67;118;48;2;255;246;230m▀[38;2;255;246;230m▀▀[38;2;151;67;118;48;2;151;67;118m▀[38;2;16;16;16;48;2;213;98;156m▀[38;2;213;98;156m▀▀[38;2;151;67;118;48;2;151;67;118m▀[38;2;16;16;16;48;2;255;246;230m▀[38;2;255;246;230m▀▀[38;2;106;74;49m▀[38;2;16;16;16;48;2;106;74;49m▀[0m
[0m      [38;2;16;16;16m▀[38;2;255;246;230;48;2;16;16;16m▀[48;2;255;246;230m▀▀▀[38;2;151;67;118m▀[38;2;16;16;16m▀▀[38;2;255;246;230m▀▀▀[38;2;151;67;118m▀[38;2;255;246;230;48;2;106;74;49m▀[48;2;16;16;16m▀[38;2;16;16;16m▀[0m
[0m       [38;2;16;16;16m▀[38;2;255;246;230;48;2;16;16;16m▀[48;2;255;246;230m▀▀▀▀▀▀▀▀[48;2;197;180;156m▀[38;2;197;180;156;48;2;16;16;16m▀[38;2;16;16;16;49m▀[0m
[0m         [38;2;16;16;16m▀▀[38;2;255;246;230;48;2;16;16;16m▀▀▀▀[38;2;197;180;156m▀[38;2;16;16;16;49m▀▀[0m
