[0m                       [38;2;139;115;90m▄▄▄[48;2;205;197;197m▀▀[48;2;98;74;65m▀▀[38;2;65;49;49m▀▀[38;2;0;0;0m▀▀▀▀[49m▄▄▄[0m
[0m                   [38;2;139;115;90m▄▄[48;2;205;197;197m▀▀[38;2;205;197;197m▀▀[48;2;98;74;65m▀[38;2;156;148;131m▀[38;2;98;74;65m▀▀[48;2;172;49;98m▀[48;2;222;82;139m▀[38;2;172;49;98m▀[38;2;222;82;139m▀▀▀▀▀▀[38;2;172;49;98m▀[38;2;0;0;0m▀▀[48;2;172;49;98m▀[49m▄▄[0m
[0m               [38;2;139;115;90m▄▄[48;2;205;197;197m▀▀[38;2;205;197;197m▀▀▀▀[48;2;98;74;65m▀[38;2;98;74;65m▀▀▀[48;2;222;82;139m▀[38;2;172;49;98m▀[38;2;222;82;139m▀▀▀▀▀▀▀▀▀▀▀▀▀▀▀[38;2;0;0;0m▀[48;2;172;49;98m▀[49m▄[0m
[0m             [38;2;139;115;90m▄[48;2;205;197;197m▀[38;2;205;197;197m▀▀▀▀▀▀[48;2;98;74;65m▀[38;2;98;74;65m▀▀▀[48;2;222;82;139m▀[38;2;222;82;139m▀▀▀▀[48;2;172;49;98m▀▀[48;2;222;82;139m▀▀▀▀▀[38;2;172;49;98;48;2;172;49;98m▀[48;2;222;82;139m▀▀[38;2;222;82;139m▀[48;2;172;49;98m▀[48;2;222;82;139m▀▀▀▀▀[38;2;0;0;0m▀[49m▄[0m
[0m           [38;2;139;115;90m▄[48;2;139;115;90m▀[38;2;205;197;197;48;2;156;148;131m▀[48;2;205;197;197m▀▀▀▀▀▀[38;2;156;148;131;48;2;98;74;65m▀[38;2;98;74;65m▀▀▀[38;2;172;49;98;48;2;222;82;139m▀[38;2;222;82;139m▀▀▀▀[38;2;172;49;98m▀[38;2;222;82;139;48;2;172;49;98m▀▀[38;2;172;49;98;48;2;222;82;139m▀[38;2;222;82;139m▀▀▀▀▀[38;2;172;49;98m▀[38;2;222;82;139;48;2;172;49;98m▀▀[48;2;222;82;139m▀[38;2;172;49;98m▀[38;2;222;82;139;48;2;172;49;98m▀[48;2;222;82;139m▀▀▀▀▀[38;2;0;0;0m▀[49m▄[0m
[0m         [38;2;139;115;90m▄[48;2;205;197;197m▀[38;2;205;197;197m▀[48;2;139;115;90m▀[38;2;139;115;90;48;2;205;197;197m▀[38;2;205;197;197m▀▀▀▀▀[38;2;156;148;131;48;2;98;74;65m▀[38;2;98;74;65m▀▀▀[38;2;172;49;98;48;2;222;82;139m▀[38;2;222;82;139m▀▀▀▀▀▀▀▀▀▀▀▀▀▀▀▀▀[38;2;172;49;98m▀▀▀[38;2;222;82;139m▀▀▀▀▀▀▀[38;2;0;0;0;48;2;172;49;98m▀[49m▄[0m
[0m        [38;2;139;115;90;48;2;139;115;90m▀[38;2;205;197;197;48;2;205;197;197m▀[38;2;139;115;90m▀▀[38;2;205;197;197m▀▀▀▀▀[48;2;156;148;131m▀[48;2;98;74;65m▀[38;2;98;74;65m▀▀▀▀[38;2;172;49;98m▀[38;2;222;82;139m▀▀▀[38;2;172;49;98m▀[38;2;98;74;65m▀▀▀▀▀▀▀▀▀▀▀▀[38;2;172;49;98m▀[38;2;222;82;139m▀▀▀▀[48;2;172;49;98m▀[48;2;222;82;139m▀▀▀▀▀▀[38;2;0;0;0;48;2;172;49;98m▀[49m▄[0m
[0m       [38;2;139;115;90;48;2;139;115;90m▀[38;2;205;197;197;48;2;205;197;197m▀▀▀[48;2;156;148;131m▀[48;2;98;74;65m▀▀[38;2;156;148;131m▀[38;2;98;74;65m▀▀▀▀▀▀▀▀▀▀▀▀[48;2;65;49;49m▀[48;2;0;0;0m▀▀▀▀▀▀▀▀[48;2;65;49;49m▀[48;2;98;74;65m▀▀▀▀▀▀▀▀▀▀▀▀[38;2;172;49;98m▀[38;2;222;82;139m▀[48;2;172;49;98m▀[48;2;222;82;139m▀[38;2;0;0;0;48;2;0;0;0m▀[0m
[0m      [38;2;139;115;90;48;2;139;115;90m▀[38;2;205;197;197;48;2;98;74;65m▀[38;2;156;148;131m▀[38;2;98;74;65m▀▀▀▀▀▀[48;2;65;49;49m▀▀▀▀▀[38;2;65;49;49;48;2;156;148;131m▀▀▀▀▀▀▀[38;2;139;115;90m▀[38;2;98;74;65;48;2;139;115;90m▀[38;2;156;148;131;48;2;156;148;131m▀▀▀▀▀▀▀[38;2;98;74;65;48;2;98;74;65m▀[38;2;65;49;49;48;2;156;148;131m▀[38;2;0;0;0m▀▀▀▀▀[48;2;139;115;90m▀[38;2;98;74;65;48;2;0;0;0m▀▀▀▀[48;2;98;74;65m▀▀▀▀▀[38;2;222;82;139m▀[38;2;0;0;0;48;2;0;0;0m▀[0m
[0m      [38;2;98;74;65;48;2;98;74;65m▀[48;2;65;49;49m▀▀▀▀[38;2;65;49;49;48;2;156;148;131m▀▀▀[38;2;156;148;131m▀▀▀▀▀▀[48;2;139;115;90m▀[48;2;156;148;131m▀▀▀▀▀▀▀▀▀▀▀▀▀▀▀▀▀[48;2;65;49;49m▀[48;2;139;115;90m▀[48;2;156;148;131m▀▀[38;2;139;115;90m▀[38;2;156;148;131m▀▀▀▀▀▀[38;2;0;0;0m▀[38;2;65;49;49;48;2;0;0;0m▀[38;2;98;74;65;48;2;65;49;49m▀▀[38;2;65;49;49m▀[38;2;0;0;0;48;2;0;0;0m▀[0m
[0m      [38;2;0;0;0m▀[38;2;65;49;49;48;2;0;0;0m▀[48;2;65;49;49m▀▀[38;2;156;148;131m▀▀[48;2;156;148;131m▀▀[48;2;139;115;90m▀[48;2;98;74;65m▀[38;2;98;74;65;48;2;156;148;131m▀▀[38;2;139;115;90m▀[38;2;156;148;131m▀▀[38;2;98;74;65m▀[38;2;156;148;131;48;2;139;115;90m▀[38;2;98;74;65;48;2;156;148;131m▀[48;2;139;115;90m▀[48;2;189;189;205m▀[48;2;0;0;0m▀[48;2;189;189;205m▀[38;2;139;115;90;48;2;139;115;90m▀[38;2;156;148;131;48;2;156;148;131m▀[38;2;98;74;65;48;2;139;115;90m▀[48;2;189;189;205m▀[48;2;0;0;0m▀[48;2;189;189;205m▀[48;2;98;74;65m▀[48;2;156;148;131m▀[38;2;156;148;131m▀[38;2;65;49;49;48;2;0;0;0m▀[38;2;156;148;131;48;2;156;148;131m▀▀[48;2;139;115;90m▀[48;2;156;148;131m▀▀[38;2;139;115;90m▀▀[38;2;98;74;65m▀[48;2;139;115;90m▀[38;2;156;148;131;48;2;98;74;65m▀[48;2;65;49;49m▀[38;2;65;49;49m▀▀[48;2;0;0;0m▀▀[38;2;0;0;0;49m▀[0m
[0m        [38;2;0;0;0m▀▀[38;2;65;49;49;48;2;0;0;0m▀▀▀[48;2;65;49;49m▀▀[38;2;156;148;131m▀▀▀▀▀[38;2;139;115;90m▀[38;2;156;148;131;48;2;156;148;131m▀[38;2;98;74;65;48;2;98;74;65m▀[38;2;156;148;131;48;2;156;148;131m▀▀[38;2;139;115;90;48;2;98;74;65m▀[38;2;189;189;205;48;2;189;189;205m▀[48;2;106;49;74m▀[38;2;139;115;90m▀[38;2;156;148;131m▀[38;2;139;115;90m▀[38;2;189;189;205;48;2;139;115;90m▀[48;2;189;189;205m▀▀[38;2;98;74;65;48;2;98;74;65m▀[38;2;156;148;131;48;2;156;148;131m▀▀[38;2;0;0;0;48;2;0;0;0m▀[38;2;156;148;131;48;2;156;148;131m▀[48;2;65;49;49m▀▀[38;2;98;74;65m▀[38;2;156;148;131m▀▀[38;2;65;49;49m▀▀[48;2;0;0;0m▀▀▀[38;2;0;0;0;49m▀▀[0m
[0m             [38;2;0;0;0m▀▀▀[48;2;0;0;0m▀[38;2;65;49;49m▀▀▀▀▀[48;2;65;49;49m▀[38;2;156;148;131;48;2;156;148;131m▀▀[48;2;106;49;74m▀[38;2;106;49;74;48;2;255;172;205m▀[38;2;255;172;205m▀▀[38;2;222;139;164m▀[48;2;222;139;164m▀[38;2;106;49;74m▀[38;2;98;74;65;48;2;106;49;74m▀[48;2;156;148;131m▀[38;2;156;148;131m▀▀▀▀[38;2;0;0;0;48;2;0;0;0m▀[38;2;65;49;49m▀▀▀[38;2;0;0;0;49m▀▀▀▀[0m
[0m       [38;2;106;49;74m▄▄[38;2;0;0;0m▄▄[0m          [38;2;98;74;65m▄[38;2;65;49;49;48;2;205;197;197m▀[38;2;205;197;197m▀▀[38;2;106;49;74;48;2;106;49;74m▀[38;2;255;172;205;48;2;255;172;205m▀[38;2;98;74;65m▀[38;2;255;172;205m▀[48;2;222;139;164m▀[38;2;222;139;164m▀▀[38;2;0;0;0;48;2;0;0;0m▀[38;2;205;197;197;48;2;205;197;197m▀▀▀[38;2;156;148;131m▀▀[38;2;0;0;0;48;2;0;0;0m▀[0m
[0m    [38;2;106;49;74m▄[48;2;222;82;139m▀▀[38;2;222;82;139m▀[38;2;98;74;65m▀▀[48;2;98;74;65m▀[38;2;0;0;0m▀[49m▄[0m        [38;2;98;74;65;48;2;98;74;65m▀[38;2;205;197;197;48;2;205;197;197m▀▀▀▀[38;2;106;49;74m▀[38;2;222;139;164;48;2;0;0;0m▀▀▀▀[38;2;0;0;0;48;2;205;197;197m▀[38;2;205;197;197m▀▀▀▀▀▀▀[38;2;0;0;0;48;2;0;0;0m▀[0m      [38;2;0;0;0m▄▄[48;2;98;74;65m▀▀▀▀[49m▄▄[0m
[0m  [38;2;106;49;74m▄[48;2;222;82;139m▀[38;2;222;82;139m▀▀▀▀▀▀▀[38;2;98;74;65;48;2;98;74;65m▀[38;2;0;0;0m▀[49m▄[0m      [38;2;98;74;65;48;2;98;74;65m▀[38;2;205;197;197;48;2;205;197;197m▀▀▀▀▀▀▀▀▀▀▀▀▀▀▀▀▀▀[38;2;0;0;0m▀[49m▄[0m   [38;2;0;0;0m▄[48;2;98;74;65m▀[38;2;98;74;65m▀▀[48;2;222;82;139m▀[38;2;172;49;98m▀[38;2;222;82;139m▀▀▀[38;2;172;49;98m▀[38;2;0;0;0m▀[49m▄[0m
[0m [38;2;106;49;74m▄[48;2;222;82;139m▀[38;2;222;82;139m▀[48;2;98;74;65m▀▀▀[48;2;222;82;139m▀▀▀▀[38;2;98;74;65m▀[48;2;98;74;65m▀[38;2;0;0;0m▀[49m▄[0m [38;2;98;74;65m▄▄[48;2;205;197;197m▀[48;2;98;74;65m▀[38;2;205;197;197;48;2;205;197;197m▀▀▀▀▀▀▀▀▀▀▀▀▀▀▀▀▀[38;2;139;115;90m▀[38;2;205;197;197;48;2;139;115;90m▀[48;2;98;74;65m▀[38;2;0;0;0;48;2;205;197;197m▀[49m▄[0m [38;2;0;0;0;48;2;0;0;0m▀[38;2;98;74;65;48;2;98;74;65m▀▀[38;2;172;49;98;48;2;222;82;139m▀[38;2;222;82;139m▀▀▀▀▀▀▀▀[38;2;0;0;0m▀[49m▄[0m
[38;2;106;49;74;49m▄[48;2;222;82;139m▀[38;2;222;82;139;48;2;98;74;65m▀[38;2;98;74;65m▀[48;2;205;197;197m▀[48;2;156;148;131m▀[48;2;98;74;65m▀▀[38;2;222;82;139;48;2;222;82;139m▀▀▀▀[38;2;98;74;65;48;2;98;74;65m▀▀[38;2;0;0;0;48;2;0;0;0m▀[38;2;98;74;65;48;2;205;197;197m▀[38;2;205;197;197m▀▀[38;2;98;74;65;48;2;98;74;65m▀[38;2;205;197;197;48;2;205;197;197m▀▀▀▀▀▀▀▀▀▀▀▀▀▀▀▀▀[48;2;139;115;90m▀[48;2;205;197;197m▀▀▀[38;2;98;74;65m▀▀[38;2;0;0;0;48;2;0;0;0m▀[38;2;98;74;65;48;2;98;74;65m▀▀[38;2;172;49;98;48;2;222;82;139m▀[38;2;222;82;139m▀▀▀▀[48;2;98;74;65m▀▀▀▀[48;2;222;82;139m▀▀[38;2;0;0;0;48;2;172;49;98m▀[49m▄[0m
[38;2;106;49;74;48;2;65;49;49m▀[38;2;98;74;65;48;2;98;74;65m▀▀[38;2;205;197;197;48;2;205;197;197m▀▀▀[38;2;98;74;65;48;2;98;74;65m▀▀▀▀[38;2;222;82;139m▀▀[38;2;98;74;65m▀▀[38;2;0;0;0;48;2;0;0;0m▀[38;2;205;197;197;48;2;65;49;49m▀[38;2;98;74;65;49m▀[48;2;98;74;65m▀[38;2;205;197;197;48;2;205;197;197m▀▀▀▀▀▀▀▀▀▀▀▀▀▀▀▀▀▀▀[38;2;98;74;65m▀[38;2;65;49;49m▀[38;2;205;197;197;48;2;65;49;49m▀▀[48;2;0;0;0m▀[38;2;0;0;0;48;2;98;74;65m▀[38;2;98;74;65m▀[38;2;172;49;98;48;2;222;82;139m▀[38;2;222;82;139m▀▀▀[48;2;98;74;65m▀[38;2;98;74;65m▀[48;2;156;148;131m▀[48;2;205;197;197m▀▀[48;2;156;148;131m▀[48;2;98;74;65m▀[38;2;222;82;139m▀[38;2;98;74;65m▀[38;2;0;0;0;48;2;0;0;0m▀[0m
[38;2;65;49;49;48;2;65;49;49m▀[38;2;205;197;197;48;2;205;197;197m▀[38;2;98;74;65;48;2;98;74;65m▀[38;2;156;148;131m▀[38;2;205;197;197m▀[38;2;98;74;65m▀▀[48;2;205;197;197m▀[38;2;205;197;197m▀[38;2;156;148;131m▀[38;2;98;74;65m▀▀[48;2;65;49;49m▀[48;2;0;0;0m▀[38;2;0;0;0;49m▀[0m [38;2;98;74;65;48;2;98;74;65m▀[38;2;205;197;197;48;2;205;197;197m▀▀▀▀▀▀▀▀▀▀▀▀▀▀▀▀▀▀▀▀▀▀▀[38;2;156;148;131m▀[38;2;0;0;0;48;2;0;0;0m▀[38;2;98;74;65;48;2;98;74;65m▀▀[38;2;222;82;139;48;2;222;82;139m▀▀[48;2;172;49;98m▀[48;2;98;74;65m▀[38;2;98;74;65m▀▀[38;2;205;197;197;48;2;205;197;197m▀▀▀▀[38;2;98;74;65;48;2;98;74;65m▀▀[48;2;205;197;197m▀[38;2;0;0;0;48;2;0;0;0m▀[0m
[38;2;65;49;49;48;2;0;0;0m▀[38;2;205;197;197;48;2;156;148;131m▀[48;2;205;197;197m▀[38;2;98;74;65m▀▀▀[38;2;205;197;197m▀▀▀▀[48;2;156;148;131m▀[38;2;156;148;131;48;2;65;49;49m▀[38;2;65;49;49m▀[38;2;0;0;0;48;2;0;0;0m▀[0m [38;2;65;49;49;48;2;65;49;49m▀[38;2;156;148;131;48;2;156;148;131m▀▀[38;2;205;197;197;48;2;205;197;197m▀▀▀▀▀▀▀▀▀▀▀▀▀▀▀▀▀▀▀▀▀▀▀[38;2;0;0;0;48;2;0;0;0m▀[38;2;98;74;65;48;2;98;74;65m▀▀▀▀▀[48;2;205;197;197m▀▀[48;2;98;74;65m▀▀[38;2;205;197;197m▀▀[38;2;156;148;131m▀[38;2;98;74;65m▀[38;2;205;197;197;48;2;205;197;197m▀▀[38;2;0;0;0;48;2;0;0;0m▀[0m
[38;2;0;0;0;49m▀[38;2;156;148;131;48;2;0;0;0m▀[48;2;156;148;131m▀[38;2;205;197;197m▀▀▀▀▀[38;2;156;148;131m▀▀[48;2;65;49;49m▀[38;2;65;49;49m▀[38;2;0;0;0;48;2;0;0;0m▀[0m  [38;2;65;49;49;48;2;0;0;0m▀[38;2;156;148;131;48;2;156;148;131m▀▀▀▀[38;2;205;197;197m▀[48;2;205;197;197m▀▀▀▀▀▀▀▀▀▀▀▀▀▀▀▀▀▀▀[48;2;156;148;131m▀[38;2;0;0;0m▀[38;2;98;74;65;48;2;0;0;0m▀[48;2;98;74;65m▀[38;2;156;148;131;48;2;205;197;197m▀[38;2;205;197;197m▀▀▀▀▀[38;2;98;74;65m▀▀▀▀[38;2;205;197;197m▀[48;2;156;148;131m▀[38;2;0;0;0;48;2;0;0;0m▀[0m
[0m [38;2;0;0;0m▀[38;2;156;148;131;48;2;65;49;49m▀[48;2;156;148;131m▀▀▀▀[48;2;65;49;49m▀▀[38;2;65;49;49m▀[48;2;0;0;0m▀[38;2;0;0;0;49m▀[0m   [38;2;0;0;0;48;2;0;0;0m▀[38;2;98;74;65;48;2;65;49;49m▀[38;2;156;148;131;48;2;98;74;65m▀[48;2;156;148;131m▀▀▀▀▀▀▀[38;2;205;197;197m▀▀▀▀▀▀▀▀▀▀▀▀▀[38;2;156;148;131m▀[48;2;98;74;65m▀[48;2;65;49;49m▀[38;2;98;74;65m▀[38;2;0;0;0m▀[38;2;98;74;65;48;2;0;0;0m▀[48;2;98;74;65m▀[38;2;156;148;131;48;2;156;148;131m▀[38;2;205;197;197m▀▀▀▀▀▀[38;2;156;148;131m▀▀▀[48;2;0;0;0m▀[38;2;0;0;0;49m▀[0m
[0m   [38;2;0;0;0m▀[38;2;65;49;49m▀[48;2;0;0;0m▀▀▀[38;2;0;0;0;49m▀▀[0m      [38;2;0;0;0;48;2;0;0;0m▀[38;2;65;49;49;48;2;41;24;24m▀▀[38;2;98;74;65;48;2;65;49;49m▀[38;2;156;148;131m▀▀[48;2;98;74;65m▀[48;2;156;148;131m▀▀▀▀▀▀▀▀▀▀▀[48;2;98;74;65m▀[48;2;65;49;49m▀▀[38;2;98;74;65m▀[38;2;65;49;49m▀▀[48;2;41;24;24m▀▀[38;2;41;24;24;48;2;0;0;0m▀[38;2;0;0;0;49m▀[38;2;98;74;65;48;2;0;0;0m▀[48;2;98;74;65m▀[38;2;156;148;131m▀▀[48;2;156;148;131m▀▀▀▀[48;2;98;74;65m▀▀[38;2;98;74;65;48;2;0;0;0m▀[0m
[0m                 [38;2;0;0;0m▀[38;2;65;49;49;48;2;0;0;0m▀[38;2;41;24;24m▀[48;2;65;49;49m▀[38;2;65;49;49;48;2;41;24;24m▀▀▀▀[48;2;65;49;49m▀▀▀▀▀▀▀▀▀[48;2;41;24;24m▀▀▀▀[38;2;41;24;24;48;2;65;49;49m▀▀[38;2;65;49;49m▀[48;2;0;0;0m▀[38;2;0;0;0;49m▀[0m  [38;2;0;0;0m▀▀[38;2;98;74;65;48;2;0;0;0m▀▀▀▀▀[38;2;0;0;0;49m▀▀[0m
[0m                    [38;2;0;0;0m▀▀[38;2;65;49;49;48;2;0;0;0m▀▀▀[38;2;41;24;24;48;2;65;49;49m▀▀▀▀▀▀▀▀▀[38;2;65;49;49m▀[48;2;0;0;0m▀▀▀▀[38;2;0;0;0;49m▀▀[0m
[0m                         [38;2;0;0;0m▀▀▀▀▀▀▀▀▀▀[0m
