[0m                           [38;2;16;16;16m▄[38;2;57;90;106m▄[48;2;180;197;230m▀[38;2;16;16;16;49m▄[38;2;57;90;106;48;2;180;197;230m▀[38;2;16;16;16;49m▄[0m
[0m                           [38;2;57;90;106;48;2;57;90;106m▀[38;2;213;230;255;48;2;213;230;255m▀[38;2;16;16;16;48;2;57;90;106m▀[38;2;213;230;255;48;2;213;230;255m▀[38;2;16;16;16m▀[38;2;57;90;106;48;2;57;90;106m▀[0m
[0m                           [38;2;57;90;106;48;2;57;90;106m▀[38;2;213;230;255;48;2;213;230;255m▀▀▀▀[38;2;57;90;106;48;2;57;90;106m▀[0m
[0m                        [38;2;90;164;197m▄▄[48;2;213;230;255m▀[38;2;57;90;106;48;2;90;164;197m▀[38;2;213;230;255;48;2;213;230;255m▀▀▀[38;2;180;197;230m▀[38;2;57;90;106m▀[49m▄▄[0m
[0m                     [38;2;90;164;197m▄[48;2;213;230;255m▀▀[38;2;213;230;255m▀[48;2;180;197;230m▀[48;2;213;230;255m▀▀▀▀▀▀▀▀[38;2;180;197;230m▀[38;2;57;90;106;48;2;180;197;230m▀▀[49m▄[0m
[0m                   [38;2;90;164;197m▄[48;2;90;164;197m▀[38;2;213;230;255m▀[38;2;90;164;197;48;2;131;213;255m▀▀[48;2;90;164;197m▀[38;2;180;197;230;48;2;213;230;255m▀[38;2;213;230;255m▀▀▀[48;2;90;164;197m▀[38;2;90;164;197;48;2;131;213;255m▀▀[38;2;213;230;255;48;2;90;164;197m▀▀[48;2;213;230;255m▀▀[38;2;90;164;197m▀[38;2;180;197;230;48;2;90;164;197m▀[38;2;57;90;106;48;2;180;197;230m▀[49m▄[0m
[0m                  [38;2;90;164;197m▄[48;2;131;213;255m▀[38;2;131;213;255m▀[48;2;255;255;255m▀▀[48;2;131;213;255m▀[38;2;90;164;197;48;2;90;164;197m▀[38;2;213;230;255;48;2;213;230;255m▀▀[48;2;90;164;197m▀[38;2;90;164;197;48;2;131;213;255m▀[38;2;131;213;255m▀▀▀▀▀[38;2;90;164;197m▀[38;2;213;230;255;48;2;90;164;197m▀[48;2;213;230;255m▀[38;2;90;164;197;48;2;90;164;197m▀[48;2;131;213;255m▀[38;2;57;90;106m▀[49m▄[0m
[0m                 [38;2;57;90;106m▄[38;2;90;164;197;48;2;90;164;197m▀[38;2;131;213;255;48;2;131;213;255m▀▀[38;2;255;255;255m▀▀[38;2;131;213;255m▀▀[38;2;213;230;255;48;2;90;164;197m▀[38;2;90;164;197m▀[38;2;131;213;255;48;2;131;213;255m▀▀▀▀▀▀▀▀▀[38;2;90;164;197m▀▀[38;2;131;213;255m▀▀[38;2;57;90;106m▀[49m▄[0m
[0m                 [38;2;57;90;106;48;2;57;90;106m▀[38;2;131;213;255;48;2;131;213;255m▀[38;2;16;16;16;48;2;57;90;106m▀[38;2;90;164;197;48;2;57;98;197m▀[38;2;57;90;106m▀[38;2;90;164;197;48;2;57;90;106m▀[38;2;131;213;255;48;2;131;213;255m▀▀▀▀▀▀▀[48;2;57;90;106m▀▀[48;2;131;213;255m▀[48;2;16;16;16m▀[48;2;131;213;255m▀▀▀▀▀▀▀[38;2;57;90;106;48;2;57;90;106m▀[0m
[0m                 [38;2;57;90;106;48;2;57;90;106m▀[38;2;131;213;255;48;2;131;213;255m▀[38;2;90;164;197;48;2;90;164;197m▀[38;2;57;98;197;48;2;57;98;197m▀[38;2;222;41;16;48;2;255;255;255m▀[38;2;57;90;106;48;2;16;16;16m▀[38;2;90;164;197;48;2;90;164;197m▀[38;2;131;213;255;48;2;131;213;255m▀▀▀▀▀[38;2;57;90;106;48;2;57;90;106m▀[38;2;57;98;197;48;2;222;41;16m▀[48;2;57;98;197m▀[38;2;57;90;106;48;2;16;16;16m▀[48;2;131;213;255m▀[38;2;131;213;255m▀▀▀▀▀▀▀[38;2;57;90;106;48;2;57;90;106m▀[0m
[0m                 [38;2;57;90;106m▀[38;2;131;213;255;48;2;16;16;16m▀[38;2;90;164;197;48;2;131;213;255m▀[38;2;16;16;16m▀[38;2;222;41;16;48;2;16;16;16m▀[38;2;16;16;16;48;2;90;164;197m▀[38;2;90;164;197;48;2;131;213;255m▀[38;2;131;213;255m▀▀▀▀▀[38;2;57;90;106;48;2;16;16;16m▀[38;2;255;255;255;48;2;222;41;16m▀[38;2;57;98;197;48;2;57;98;197m▀[38;2;16;16;16;48;2;16;16;16m▀[38;2;131;213;255;48;2;131;213;255m▀▀▀▀▀▀[48;2;90;164;197m▀[38;2;90;164;197m▀[38;2;16;16;16;48;2;16;16;16m▀[0m
[0m                  [38;2;16;16;16m▀[38;2;90;164;197;48;2;16;16;16m▀[48;2;90;164;197m▀[38;2;131;213;255m▀▀[48;2;16;16;16m▀[38;2;16;16;16;48;2;57;98;197m▀▀[38;2;90;164;197m▀[38;2;131;213;255;48;2;57;90;106m▀[48;2;131;213;255m▀▀[38;2;16;16;16m▀▀[38;2;131;213;255m▀▀[48;2;90;164;197m▀▀▀[38;2;90;164;197m▀▀▀[38;2;16;16;16;48;2;16;16;16m▀[0m
[0m                    [38;2;16;16;16m▀[38;2;90;164;197;48;2;16;16;16m▀▀[48;2;90;164;197m▀▀[38;2;57;90;106m▀▀[38;2;57;98;197m▀[38;2;16;16;16m▀[38;2;90;164;197m▀▀▀▀▀▀▀▀[48;2;16;16;16m▀▀[38;2;16;16;16;49m▀[0m
[0m                   [38;2;90;164;197m▄▄▄▄[38;2;16;16;16;48;2;213;230;255m▀▀[38;2;57;90;106m▀[38;2;90;164;197;48;2;16;16;16m▀▀▀[38;2;57;90;106;48;2;213;230;255m▀[38;2;16;16;16m▀▀[38;2;90;164;197;48;2;16;16;16m▀▀▀[38;2;16;16;16;49m▀▀[0m
[0m                 [38;2;90;164;197;48;2;90;164;197m▀[38;2;213;230;255;48;2;213;230;255m▀▀▀▀▀[48;2;90;164;197m▀[38;2;90;164;197;48;2;213;230;255m▀▀[38;2;213;230;255m▀▀▀▀▀▀▀▀▀▀[38;2;90;164;197m▀▀▀[49m▄[0m
[0m                  [38;2;57;90;106;48;2;57;90;106m▀[38;2;213;230;255;48;2;180;197;230m▀▀[38;2;180;197;230m▀[48;2;57;90;106m▀[38;2;57;90;106;48;2;180;197;230m▀[38;2;90;164;197m▀[38;2;213;230;255;48;2;57;90;106m▀[48;2;180;197;230m▀[38;2;180;197;230m▀[38;2;213;230;255;48;2;213;230;255m▀▀[48;2;57;90;106m▀[38;2;57;90;106;48;2;180;197;230m▀[38;2;90;164;197;48;2;90;164;197m▀[38;2;213;230;255;48;2;180;197;230m▀▀[48;2;213;230;255m▀▀[48;2;57;90;106m▀[38;2;57;90;106;48;2;180;197;230m▀[48;2;57;90;106m▀[0m
[0m                   [38;2;57;90;106m▀[38;2;180;197;230;48;2;57;90;106m▀▀[38;2;57;90;106;49m▀[38;2;180;197;230;48;2;16;16;16m▀[48;2;180;197;230m▀[38;2;57;90;106m▀[38;2;180;197;230;48;2;57;90;106m▀[48;2;180;197;230m▀[38;2;213;230;255;48;2;213;230;255m▀[48;2;90;164;197m▀[38;2;90;164;197;48;2;180;197;230m▀[38;2;180;197;230;48;2;16;16;16m▀[38;2;57;90;106m▀[38;2;180;197;230;48;2;90;164;197m▀[48;2;180;197;230m▀▀[38;2;57;90;106;48;2;57;90;106m▀[38;2;180;197;230;48;2;16;16;16m▀[38;2;16;16;16;49m▀[0m
[0m                       [38;2;57;90;106m▄[48;2;90;164;197m▀[38;2;16;16;16m▀[48;2;57;90;106m▀[38;2;213;230;255;48;2;16;16;16m▀▀[38;2;90;164;197m▀[38;2;16;16;16;48;2;90;164;197m▀[38;2;90;164;197;48;2;57;90;106m▀[48;2;90;164;197m▀[38;2;57;90;106m▀[38;2;16;16;16;48;2;57;90;106m▀[49m▀▀[0m
[0m     [38;2;90;164;197m▄▄▄▄[48;2;131;213;255m▀▀[38;2;57;90;106m▀▀▀[49m▄▄▄▄▄▄[48;2;90;164;197m▀▀▀[38;2;90;164;197m▀[48;2;16;16;16m▀[38;2;16;16;16;49m▀[38;2;57;90;106;48;2;57;90;106m▀[38;2;90;164;197;48;2;90;164;197m▀▀▀▀[38;2;57;90;106;48;2;57;90;106m▀[38;2;16;16;16;49m▀[38;2;90;164;197;48;2;16;16;16m▀[48;2;131;213;255m▀[38;2;57;90;106m▀[48;2;90;164;197m▀[49m▄▄[0m     [38;2;57;90;106m▄▄[38;2;90;164;197m▄▄▄[0m
[0m  [38;2;57;90;106m▄[38;2;90;164;197;48;2;131;213;255m▀▀[38;2;131;213;255m▀▀▀▀▀▀▀▀▀▀▀▀▀▀[38;2;90;164;197m▀[48;2;90;164;197m▀[48;2;16;16;16m▀[38;2;16;16;16;49m▀▀[0m [38;2;57;90;106;48;2;16;16;16m▀[38;2;90;164;197;48;2;131;213;255m▀▀▀▀▀[38;2;131;213;255m▀[38;2;57;90;106;48;2;57;90;106m▀[0m [38;2;16;16;16m▀[38;2;90;164;197;48;2;16;16;16m▀[38;2;131;213;255m▀[48;2;90;164;197m▀[48;2;131;213;255m▀[38;2;57;90;106m▀▀▀▀▀[38;2;131;213;255m▀▀▀▀▀[38;2;57;90;106m▀▀▀[49m▄▄[0m
[38;2;57;90;106;49m▄[38;2;90;164;197;48;2;180;197;230m▀[38;2;57;90;106;48;2;213;230;255m▀▀[38;2;131;213;255;48;2;57;90;106m▀▀▀[48;2;90;164;197m▀[48;2;131;213;255m▀▀▀▀▀▀▀▀[48;2;57;90;106m▀▀[38;2;57;90;106;48;2;180;197;230m▀[48;2;57;90;106m▀[38;2;16;16;16;49m▀[0m   [38;2;16;16;16;48;2;16;16;16m▀[38;2;131;213;255;48;2;131;213;255m▀▀▀[48;2;90;164;197m▀[48;2;131;213;255m▀▀▀▀[38;2;57;90;106m▀[49m▄[0m  [38;2;16;16;16m▀▀[38;2;131;213;255;48;2;16;16;16m▀[48;2;131;213;255m▀▀▀▀▀▀▀▀▀▀▀▀▀▀[38;2;57;90;106m▀▀[49m▄[0m
[38;2;57;90;106;49m▀[38;2;213;230;255;48;2;57;90;106m▀[48;2;180;197;230m▀[48;2;213;230;255m▀▀[38;2;180;197;230m▀[48;2;180;197;230m▀[38;2;57;90;106m▀[38;2;131;213;255;48;2;57;90;106m▀▀▀▀[38;2;90;164;197m▀[38;2;57;90;106;48;2;180;197;230m▀▀▀[38;2;180;197;230m▀[48;2;16;16;16m▀[38;2;57;90;106;49m▀[0m    [38;2;16;16;16;48;2;16;16;16m▀[38;2;131;213;255;48;2;131;213;255m▀▀▀▀[38;2;57;90;106;48;2;16;16;16m▀[38;2;131;213;255;48;2;131;213;255m▀▀▀▀▀[38;2;57;90;106m▀[49m▄[0m    [38;2;16;16;16;48;2;16;16;16m▀[38;2;90;164;197;48;2;180;197;230m▀[38;2;131;213;255;48;2;57;90;106m▀▀▀▀[38;2;57;90;106;48;2;180;197;230m▀▀[38;2;90;164;197;48;2;57;90;106m▀[38;2;131;213;255m▀[48;2;90;164;197m▀[48;2;131;213;255m▀▀▀▀▀[48;2;57;90;106m▀[38;2;57;90;106m▀[0m
[0m  [38;2;57;90;106m▀▀▀[38;2;180;197;230;48;2;16;16;16m▀▀[48;2;180;197;230m▀▀▀▀▀[48;2;16;16;16m▀▀[38;2;57;90;106;49m▀[38;2;16;16;16m▀▀[0m   [38;2;57;90;106m▄[48;2;213;230;255m▀[38;2;16;16;16;48;2;90;164;197m▀[38;2;131;213;255;48;2;131;213;255m▀▀▀▀[48;2;90;164;197m▀[38;2;16;16;16;48;2;16;16;16m▀[38;2;131;213;255;48;2;131;213;255m▀▀▀▀▀▀▀[38;2;57;90;106m▀[49m▄[0m   [38;2;16;16;16m▀[38;2;180;197;230;48;2;16;16;16m▀▀[48;2;180;197;230m▀▀▀[48;2;16;16;16m▀▀[38;2;213;230;255m▀[48;2;213;230;255m▀[38;2;57;90;106m▀▀▀▀[38;2;90;164;197m▀[38;2;213;230;255m▀[38;2;57;90;106m▀[38;2;16;16;16;49m▄[0m
[0m       [38;2;16;16;16m▀▀▀▀▀[0m    [38;2;57;90;106m▄▄[48;2;213;230;255m▀▀[38;2;213;230;255m▀[48;2;57;90;106m▀[38;2;57;90;106;48;2;131;213;255m▀[38;2;131;213;255m▀▀▀▀[38;2;16;16;16;48;2;16;16;16m▀[38;2;90;164;197;48;2;90;164;197m▀[38;2;16;16;16;48;2;16;16;16m▀[38;2;131;213;255;48;2;90;164;197m▀[48;2;131;213;255m▀▀▀▀▀[38;2;57;90;106;48;2;57;90;106m▀[48;2;213;230;255m▀▀[49m▄▄[0m   [38;2;16;16;16m▀▀▀[0m   [38;2;16;16;16m▀▀[38;2;213;230;255;48;2;16;16;16m▀▀▀▀▀[38;2;180;197;230;48;2;57;90;106m▀[38;2;16;16;16;49m▀[0m
[0m             [38;2;57;90;106m▄[48;2;213;230;255m▀▀[38;2;213;230;255m▀▀▀▀[48;2;57;90;106m▀[38;2;57;90;106;48;2;131;213;255m▀[38;2;131;213;255m▀▀[48;2;90;164;197m▀▀[38;2;90;164;197;48;2;16;16;16m▀[38;2;16;16;16;48;2;57;90;106m▀[38;2;90;164;197;48;2;90;164;197m▀▀[38;2;16;16;16;48;2;16;16;16m▀[38;2;90;164;197;48;2;90;164;197m▀[38;2;131;213;255m▀[48;2;131;213;255m▀▀▀▀[38;2;57;90;106;48;2;57;90;106m▀[38;2;213;230;255;48;2;213;230;255m▀▀▀[38;2;16;16;16m▀▀[49m▄▄[0m
[0m           [38;2;57;90;106m▄[48;2;180;197;230m▀[38;2;213;230;255m▀[48;2;213;230;255m▀▀▀▀[48;2;180;197;230m▀[48;2;57;90;106m▀[38;2;57;90;106;48;2;90;164;197m▀[38;2;131;213;255m▀[38;2;90;164;197m▀▀▀[48;2;16;16;16m▀[38;2;16;16;16;49m▀[38;2;57;90;106;48;2;57;90;106m▀[38;2;90;164;197;48;2;90;164;197m▀[38;2;57;90;106;48;2;57;90;106m▀[38;2;180;197;230;48;2;180;197;230m▀[38;2;16;16;16;48;2;16;16;16m▀[38;2;90;164;197;48;2;57;90;106m▀[48;2;90;164;197m▀[38;2;131;213;255m▀▀[48;2;131;213;255m▀▀[38;2;57;90;106;48;2;57;90;106m▀[38;2;213;230;255;48;2;213;230;255m▀▀▀▀▀▀[38;2;16;16;16m▀[49m▄[0m
[0m          [38;2;57;90;106;48;2;57;90;106m▀[38;2;180;197;230;48;2;180;197;230m▀▀▀[48;2;57;90;106m▀▀▀[38;2;57;90;106;48;2;90;164;197m▀▀[38;2;90;164;197m▀▀▀▀▀[48;2;16;16;16m▀[38;2;16;16;16;49m▀[0m [38;2;57;90;106m▀[38;2;90;164;197;48;2;57;90;106m▀[48;2;90;164;197m▀[38;2;57;90;106;48;2;57;90;106m▀[38;2;180;197;230;48;2;180;197;230m▀[38;2;16;16;16m▀[38;2;90;164;197;48;2;16;16;16m▀[48;2;90;164;197m▀▀▀[38;2;131;213;255m▀▀[38;2;57;90;106m▀[38;2;180;197;230;48;2;57;90;106m▀[38;2;213;230;255m▀[48;2;180;197;230m▀[48;2;213;230;255m▀▀▀[48;2;180;197;230m▀[38;2;16;16;16m▀[49m▄[0m
[0m        [38;2;16;16;16m▄[38;2;57;90;106;48;2;90;164;197m▀[38;2;180;197;230;48;2;57;90;106m▀▀[38;2;57;90;106;48;2;90;164;197m▀▀[38;2;90;164;197m▀▀▀▀▀▀▀[48;2;16;16;16m▀▀[38;2;16;16;16;49m▀[0m    [38;2;57;90;106m▀[38;2;90;164;197;48;2;57;90;106m▀[48;2;90;164;197m▀[38;2;57;90;106m▀[38;2;180;197;230;48;2;57;90;106m▀[48;2;180;197;230m▀[38;2;16;16;16m▀[38;2;90;164;197;48;2;16;16;16m▀▀[48;2;90;164;197m▀▀▀▀▀[38;2;57;90;106m▀▀[38;2;180;197;230;48;2;57;90;106m▀▀[48;2;180;197;230m▀▀[38;2;16;16;16;48;2;57;90;106m▀[49m▄[0m
[0m       [38;2;16;16;16m▄[48;2;90;164;197m▀[38;2;90;164;197m▀▀▀▀▀[48;2;16;16;16m▀▀▀▀[38;2;16;16;16;49m▀▀▀[0m         [38;2;57;90;106m▀[38;2;90;164;197;48;2;57;90;106m▀▀[38;2;57;90;106;48;2;90;164;197m▀▀[38;2;180;197;230;48;2;57;90;106m▀[48;2;180;197;230m▀[38;2;16;16;16;48;2;57;90;106m▀[48;2;90;164;197m▀[38;2;90;164;197;48;2;16;16;16m▀▀▀[48;2;90;164;197m▀▀▀▀[38;2;57;90;106m▀[38;2;180;197;230;48;2;57;90;106m▀[38;2;57;90;106;48;2;90;164;197m▀[38;2;16;16;16;48;2;16;16;16m▀[0m
[0m       [38;2;16;16;16;48;2;16;16;16m▀[38;2;90;164;197;48;2;90;164;197m▀▀[48;2;16;16;16m▀[38;2;16;16;16;49m▀▀▀[0m                   [38;2;57;90;106m▀▀[38;2;90;164;197;48;2;57;90;106m▀[38;2;57;90;106;48;2;90;164;197m▀▀[38;2;90;164;197m▀[38;2;57;90;106;48;2;57;90;106m▀[0m  [38;2;16;16;16m▀▀[38;2;90;164;197;48;2;16;16;16m▀▀[48;2;90;164;197m▀▀▀▀[38;2;16;16;16;48;2;16;16;16m▀[0m
[0m        [38;2;16;16;16m▀▀[0m                          [38;2;57;90;106m▀[38;2;90;164;197;48;2;57;90;106m▀▀[38;2;57;90;106;49m▀[0m      [38;2;16;16;16m▀[38;2;90;164;197;48;2;16;16;16m▀[48;2;90;164;197m▀▀[38;2;16;16;16;48;2;16;16;16m▀[0m
[0m                                                [38;2;16;16;16m▀▀[0m
