[0m                                [38;2;32;57;106m▄[48;2;156;172;213m▀[49m▄[38;2;16;16;16m▄[0m  [38;2;32;57;106m▄[48;2;156;172;213m▀[49m▄[0m
[0m                               [38;2;16;16;16;48;2;16;16;16m▀[48;2;213;230;255m▀[38;2;156;172;213;48;2;16;16;16m▀[38;2;16;16;16m▀[38;2;213;230;255;48;2;213;230;255m▀[38;2;16;16;16m▀[48;2;16;16;16m▀[38;2;156;172;213;48;2;156;172;213m▀[48;2;16;16;16m▀[38;2;16;16;16;48;2;213;230;255m▀[48;2;16;16;16m▀[0m
[0m                               [38;2;32;57;106m▀[38;2;213;230;255;48;2;32;57;106m▀[48;2;213;230;255m▀[38;2;16;16;16m▀[38;2;213;230;255m▀▀[38;2;16;16;16m▀▀[38;2;213;230;255m▀[38;2;16;16;16;48;2;16;16;16m▀[0m
[0m                                [38;2;32;57;106m▀[38;2;213;230;255;48;2;16;16;16m▀[48;2;213;230;255m▀▀▀▀▀[48;2;16;16;16m▀[38;2;16;16;16;49m▀[0m
[0m                            [38;2;41;82;156m▄▄▄[48;2;213;230;255m▀▀[38;2;16;16;16;48;2;16;16;16m▀[38;2;213;230;255;48;2;213;230;255m▀▀▀▀▀[38;2;16;16;16;48;2;32;57;106m▀[48;2;213;230;255m▀▀▀[49m▄▄▄[0m
[0m                        [38;2;41;82;156m▄▄[48;2;57;197;246m▀▀[38;2;57;131;205m▀[38;2;213;230;255;48;2;57;131;205m▀▀[48;2;213;230;255m▀▀[38;2;57;131;205m▀[38;2;213;230;255m▀▀▀▀▀[48;2;57;131;205m▀▀▀[48;2;213;230;255m▀▀▀[38;2;57;131;205m▀[38;2;16;16;16;48;2;57;131;205m▀[48;2;57;197;246m▀[49m▄▄[0m
[0m                      [38;2;41;82;156m▄[48;2;57;197;246m▀[38;2;57;197;246m▀▀▀▀▀▀[38;2;57;131;205;48;2;57;131;205m▀[38;2;213;230;255;48;2;213;230;255m▀▀▀▀▀[48;2;57;131;205m▀▀[38;2;57;131;205;48;2;57;197;246m▀[38;2;57;197;246m▀▀▀[38;2;57;131;205m▀▀▀▀▀[38;2;57;197;246m▀▀▀[38;2;16;16;16m▀[49m▄[0m
[0m                    [38;2;41;82;156m▄[48;2;57;197;246m▀[38;2;57;197;246m▀▀▀▀▀▀▀▀▀[38;2;57;131;205;48;2;57;131;205m▀[38;2;213;230;255;48;2;213;230;255m▀▀[48;2;57;131;205m▀[38;2;57;131;205;48;2;57;197;246m▀[38;2;57;197;246m▀▀▀▀▀▀▀▀▀▀▀▀▀▀▀▀[38;2;16;16;16m▀[49m▄[38;2;32;57;106m▄▄[0m
[0m                   [38;2;41;82;156;48;2;41;82;156m▀[38;2;57;197;246;48;2;57;197;246m▀▀▀▀▀▀▀▀▀▀▀▀[38;2;57;131;205m▀▀[38;2;57;197;246m▀▀▀▀▀▀▀▀▀▀▀▀▀▀▀▀▀▀▀▀[38;2;32;57;106m▀[38;2;213;230;255;48;2;16;16;16m▀[38;2;32;57;106;48;2;213;230;255m▀▀[49m▄[0m
[0m                [38;2;41;82;156m▄▄[48;2;41;82;156m▀[38;2;57;197;246;48;2;57;197;246m▀▀▀▀▀[48;2;32;57;106m▀[48;2;16;16;16m▀[38;2;32;57;106;48;2;41;82;156m▀[48;2;222;74;41m▀▀[38;2;57;197;246;48;2;41;82;156m▀[48;2;57;197;246m▀▀▀▀▀▀▀▀[48;2;41;82;156m▀[48;2;32;57;106m▀▀[48;2;57;197;246m▀▀▀▀▀▀▀▀▀▀▀▀▀▀[38;2;16;16;16m▀[38;2;213;230;255;48;2;16;16;16m▀[48;2;213;230;255m▀▀[38;2;32;57;106m▀[49m▄[0m
[0m              [38;2;32;57;106m▄[38;2;41;82;156;48;2;213;230;255m▀[38;2;156;172;213m▀[38;2;41;82;156;48;2;16;16;16m▀[38;2;57;197;246;48;2;57;197;246m▀▀▀▀▀▀▀[38;2;32;57;106;48;2;32;57;106m▀[38;2;41;82;156;48;2;41;82;156m▀[38;2;213;230;255;48;2;222;74;41m▀[38;2;222;74;41m▀[38;2;41;82;156;48;2;41;82;156m▀[38;2;57;197;246;48;2;57;197;246m▀▀▀▀▀▀▀[38;2;41;82;156;48;2;41;82;156m▀[38;2;222;74;41;48;2;213;230;255m▀[48;2;222;74;41m▀[38;2;41;82;156;48;2;41;82;156m▀[38;2;16;16;16;48;2;32;57;106m▀[38;2;32;57;106;48;2;57;197;246m▀[38;2;57;197;246m▀▀▀▀▀▀▀▀▀▀▀▀▀[38;2;16;16;16m▀[38;2;213;230;255;48;2;16;16;16m▀[48;2;213;230;255m▀▀▀[38;2;32;57;106m▀[49m▄[0m
[0m            [38;2;32;57;106m▄[48;2;213;230;255m▀[38;2;213;230;255m▀▀[38;2;41;82;156;48;2;16;16;16m▀[38;2;57;197;246;48;2;57;197;246m▀▀▀▀▀▀▀▀▀[38;2;32;57;106m▀[38;2;41;82;156m▀▀[38;2;57;197;246m▀▀▀▀▀▀▀▀[38;2;41;82;156m▀[38;2;222;74;41;48;2;41;82;156m▀[48;2;32;57;106m▀[38;2;41;82;156m▀[38;2;32;57;106;48;2;57;197;246m▀[38;2;57;197;246m▀▀▀▀▀▀▀▀▀▀▀▀▀▀▀[38;2;16;16;16;48;2;16;16;16m▀[38;2;213;230;255;48;2;213;230;255m▀▀▀▀[38;2;32;57;106m▀[49m▄[0m
[0m           [38;2;32;57;106;48;2;32;57;106m▀[38;2;156;172;213;48;2;213;230;255m▀[38;2;213;230;255m▀▀▀[38;2;16;16;16;48;2;41;82;156m▀[38;2;57;197;246;48;2;57;197;246m▀▀▀▀▀▀[48;2;57;131;205m▀▀▀▀[48;2;57;197;246m▀▀▀▀▀▀▀▀▀▀▀▀▀▀▀▀▀▀▀▀▀▀▀▀▀▀▀▀▀[48;2;41;82;156m▀[38;2;41;82;156;48;2;213;230;255m▀[38;2;213;230;255m▀▀▀▀▀[38;2;32;57;106m▀[38;2;16;16;16;49m▄[0m
[0m          [38;2;32;57;106;48;2;32;57;106m▀[38;2;156;172;213;48;2;213;230;255m▀[38;2;213;230;255m▀▀▀▀▀[38;2;41;82;156m▀[38;2;57;197;246;48;2;41;82;156m▀▀[48;2;57;131;205m▀[38;2;57;131;205;48;2;213;230;255m▀▀[38;2;213;230;255m▀▀▀▀[38;2;57;131;205m▀[38;2;41;82;156m▀[38;2;57;197;246;48;2;41;82;156m▀[48;2;57;197;246m▀▀▀▀[48;2;57;131;205m▀▀[38;2;57;131;205;48;2;213;230;255m▀▀▀[38;2;41;82;156m▀▀▀[38;2;57;197;246;48;2;41;82;156m▀▀▀[48;2;57;197;246m▀▀▀▀▀▀▀▀▀▀[48;2;41;82;156m▀[38;2;41;82;156;48;2;213;230;255m▀[38;2;213;230;255m▀▀▀▀▀▀▀[38;2;16;16;16;48;2;16;16;16m▀[0m
[0m         [38;2;16;16;16m▄[38;2;32;57;106;48;2;156;172;213m▀[38;2;213;230;255;48;2;213;230;255m▀▀▀▀▀▀▀▀▀▀▀▀▀▀▀▀▀▀▀[38;2;41;82;156m▀[38;2;57;197;246;48;2;41;82;156m▀[48;2;57;131;205m▀[38;2;57;131;205;48;2;213;230;255m▀[38;2;213;230;255m▀▀▀▀▀▀▀▀▀▀▀[38;2;41;82;156m▀▀[38;2;57;197;246;48;2;57;131;205m▀▀[48;2;41;82;156m▀▀▀▀[38;2;57;131;205;48;2;213;230;255m▀[38;2;41;82;156m▀[38;2;213;230;255m▀▀▀▀▀▀▀▀▀[38;2;156;172;213;48;2;156;172;213m▀[38;2;16;16;16;48;2;16;16;16m▀[0m
[0m         [38;2;16;16;16;48;2;16;16;16m▀[38;2;156;172;213;48;2;156;172;213m▀[38;2;213;230;255;48;2;213;230;255m▀▀▀▀▀▀▀▀▀▀▀▀▀▀▀▀▀▀▀▀[38;2;57;131;205;48;2;156;172;213m▀[38;2;213;230;255;48;2;213;230;255m▀▀▀▀▀▀▀▀▀▀▀▀▀▀▀▀▀▀▀▀▀▀▀▀▀▀▀▀▀▀▀[48;2;156;172;213m▀[38;2;156;172;213m▀[38;2;16;16;16;48;2;16;16;16m▀[0m
[0m         [38;2;16;16;16m▀[38;2;156;172;213;48;2;16;16;16m▀[38;2;213;230;255;48;2;156;172;213m▀[48;2;213;230;255m▀▀▀▀▀▀▀▀▀▀▀▀▀▀▀▀▀▀▀▀▀▀▀▀▀▀▀▀▀▀▀▀▀▀▀▀▀▀▀▀▀▀▀▀▀▀▀▀▀▀[48;2;156;172;213m▀[38;2;156;172;213m▀[38;2;16;16;16;48;2;16;16;16m▀[0m
[0m          [38;2;16;16;16;48;2;16;16;16m▀[38;2;156;172;213;48;2;156;172;213m▀[38;2;213;230;255m▀[48;2;213;230;255m▀▀▀▀▀▀▀▀▀▀▀▀▀▀▀▀▀▀▀▀▀▀▀▀▀▀▀▀▀▀▀▀▀▀▀▀▀▀▀▀▀▀▀▀▀▀▀[48;2;156;172;213m▀[38;2;156;172;213m▀▀[48;2;16;16;16m▀[38;2;16;16;16;49m▀[0m
[0m           [38;2;16;16;16;48;2;16;16;16m▀[38;2;156;172;213;48;2;156;172;213m▀▀[38;2;213;230;255m▀▀[48;2;213;230;255m▀▀▀▀▀▀▀▀▀▀▀▀▀[48;2;156;172;213m▀▀[48;2;213;230;255m▀▀▀▀▀▀▀▀▀▀▀▀▀▀▀▀▀▀▀▀▀▀▀▀▀▀[48;2;156;172;213m▀▀[38;2;156;172;213m▀▀▀[48;2;16;16;16m▀[38;2;16;16;16;49m▀[0m
[0m            [38;2;16;16;16m▀[38;2;156;172;213;48;2;16;16;16m▀[48;2;156;172;213m▀▀▀▀▀[38;2;213;230;255m▀▀▀▀▀▀▀[38;2;156;172;213m▀▀▀▀▀▀[38;2;213;230;255m▀▀[48;2;213;230;255m▀▀▀▀▀▀▀▀▀▀▀▀▀▀▀▀▀▀▀▀▀[38;2;156;172;213;48;2;156;172;213m▀▀▀▀▀▀[48;2;16;16;16m▀[38;2;16;16;16;49m▀[0m
[0m              [38;2;16;16;16m▀[38;2;156;172;213;48;2;16;16;16m▀[48;2;156;172;213m▀▀▀▀▀▀▀▀▀▀▀▀▀▀[38;2;32;57;106;48;2;32;57;106m▀[38;2;156;172;213;48;2;156;172;213m▀▀▀▀▀[38;2;213;230;255m▀▀▀▀[48;2;213;230;255m▀▀▀▀▀▀▀[48;2;156;172;213m▀▀▀▀▀[38;2;156;172;213m▀▀▀▀▀▀▀[48;2;16;16;16m▀[38;2;16;16;16;49m▀[0m
[0m                [38;2;16;16;16m▀▀[38;2;156;172;213;48;2;16;16;16m▀▀[48;2;156;172;213m▀▀▀▀▀▀▀▀[48;2;32;57;106m▀[38;2;32;57;106;48;2;57;131;205m▀[38;2;57;131;205m▀[38;2;32;57;106m▀[38;2;156;172;213;48;2;32;57;106m▀[48;2;156;172;213m▀▀▀▀▀▀▀▀▀▀▀▀▀▀▀▀▀▀▀▀▀▀▀[48;2;16;16;16m▀▀[38;2;16;16;16;49m▀[0m
[0m           [38;2;32;57;106m▄▄▄[0m      [38;2;16;16;16m▀▀[38;2;156;172;213;48;2;16;16;16m▀[48;2;32;57;106m▀▀▀[38;2;32;57;106;48;2;57;131;205m▀▀[38;2;57;131;205m▀▀▀▀▀[38;2;32;57;106m▀[38;2;16;16;16m▀[38;2;156;172;213;48;2;16;16;16m▀▀[48;2;156;172;213m▀▀▀▀▀▀▀▀▀▀▀▀▀▀▀[48;2;16;16;16m▀▀[38;2;16;16;16;49m▀▀[0m
[0m    [38;2;32;57;106m▄▄▄[0m  [38;2;32;57;106m▄[48;2;213;230;255m▀[38;2;213;230;255m▀▀[48;2;41;82;156m▀[38;2;32;57;106;48;2;57;197;246m▀▀[38;2;41;82;156m▀[49m▄[0m       [38;2;16;16;16m▀▀[48;2;41;82;156m▀[38;2;57;131;205;48;2;16;16;16m▀▀▀▀▀[48;2;57;131;205m▀▀▀▀[38;2;32;57;106m▀[38;2;16;16;16m▀▀[38;2;156;172;213;48;2;16;16;16m▀▀▀▀▀▀▀▀[38;2;16;16;16;49m▀▀▀▀[0m            [38;2;32;57;106m▄▄[48;2;213;230;255m▀▀▀▀[49m▄[0m
[0m [38;2;32;57;106m▄[48;2;213;230;255m▀▀[38;2;213;230;255m▀▀▀[38;2;32;57;106m▀▀[38;2;213;230;255m▀[48;2;41;82;156m▀▀[38;2;41;82;156m▀[38;2;57;197;246;48;2;57;197;246m▀▀▀▀▀[38;2;41;82;156m▀[49m▄▄[0m   [38;2;41;82;156m▄▄[48;2;57;131;205m▀[38;2;57;131;205m▀▀[48;2;16;16;16m▀[38;2;32;57;106;48;2;156;172;213m▀[38;2;156;172;213m▀[38;2;41;82;156;48;2;57;131;205m▀[38;2;16;16;16m▀▀▀▀▀▀▀[38;2;57;131;205m▀▀[48;2;156;172;213m▀[38;2;41;82;156;48;2;41;82;156m▀[38;2;57;131;205;48;2;57;131;205m▀▀[38;2;32;57;106m▀[38;2;41;82;156;49m▄[0m           [38;2;41;82;156m▄▄[48;2;57;197;246m▀▀[38;2;32;57;106m▀[38;2;213;230;255;48;2;41;82;156m▀[48;2;213;230;255m▀▀▀▀▀▀[38;2;32;57;106;48;2;32;57;106m▀[0m
[38;2;32;57;106;48;2;32;57;106m▀[38;2;213;230;255;48;2;213;230;255m▀▀▀▀▀▀▀[48;2;41;82;156m▀[38;2;41;82;156;48;2;57;197;246m▀[38;2;57;197;246m▀▀▀▀▀▀▀▀▀▀▀[38;2;41;82;156m▀▀▀[38;2;57;197;246m▀[38;2;57;131;205;48;2;41;82;156m▀▀[48;2;32;57;106m▀[38;2;16;16;16;48;2;156;172;213m▀[38;2;156;172;213m▀▀▀▀[38;2;57;131;205;48;2;57;131;205m▀▀▀[38;2;32;57;106;48;2;16;16;16m▀[38;2;57;131;205;48;2;57;131;205m▀▀▀▀[38;2;156;172;213;48;2;156;172;213m▀▀▀[38;2;41;82;156m▀[38;2;57;131;205;48;2;16;16;16m▀[48;2;57;131;205m▀[48;2;57;197;246m▀[38;2;41;82;156m▀[48;2;57;131;205m▀[49m▄▄▄[0m   [38;2;41;82;156m▄▄[48;2;57;197;246m▀[38;2;57;197;246m▀▀▀▀▀▀[38;2;41;82;156;48;2;41;82;156m▀[38;2;213;230;255;48;2;213;230;255m▀▀▀▀[48;2;16;16;16m▀[38;2;16;16;16;49m▀[0m
[38;2;16;16;16;49m▀[38;2;213;230;255;48;2;16;16;16m▀[48;2;213;230;255m▀▀▀▀▀▀[38;2;16;16;16m▀[38;2;57;197;246;48;2;16;16;16m▀[48;2;57;197;246m▀▀▀▀▀▀▀▀▀▀▀[48;2;41;82;156m▀[48;2;16;16;16m▀[38;2;41;82;156;49m▀[38;2;16;16;16m▀[38;2;41;82;156m▄[38;2;32;57;106;48;2;57;197;246m▀[38;2;213;230;255;48;2;213;230;255m▀▀[38;2;156;172;213;48;2;156;172;213m▀[48;2;57;197;246m▀▀[38;2;57;131;205m▀▀[48;2;16;16;16m▀[38;2;32;57;106;48;2;57;131;205m▀[38;2;16;16;16;48;2;156;172;213m▀[38;2;57;131;205;48;2;16;16;16m▀[48;2;57;131;205m▀▀▀[48;2;57;197;246m▀[38;2;156;172;213m▀[48;2;156;172;213m▀▀▀[38;2;16;16;16;48;2;213;230;255m▀[48;2;156;172;213m▀[38;2;57;197;246;48;2;16;16;16m▀▀[48;2;57;197;246m▀▀▀[38;2;41;82;156m▀▀▀[38;2;57;197;246m▀▀▀▀▀▀▀▀▀▀[38;2;41;82;156m▀▀[38;2;213;230;255;48;2;41;82;156m▀[48;2;213;230;255m▀[38;2;16;16;16m▀[38;2;32;57;106;49m▄▄[0m
[0m  [38;2;16;16;16m▀[38;2;213;230;255;48;2;16;16;16m▀▀[48;2;213;230;255m▀▀▀▀▀[38;2;16;16;16m▀▀▀[38;2;57;131;205;48;2;16;16;16m▀[38;2;57;197;246;48;2;57;197;246m▀▀▀▀[48;2;16;16;16m▀[38;2;16;16;16;48;2;213;230;255m▀[38;2;41;82;156m▀[38;2;16;16;16;48;2;16;16;16m▀[0m  [38;2;57;131;205m▄[38;2;41;82;156;48;2;57;197;246m▀[38;2;57;197;246m▀[38;2;213;230;255;48;2;156;172;213m▀[38;2;57;197;246;48;2;57;197;246m▀▀▀▀▀[38;2;16;16;16;48;2;16;16;16m▀[38;2;57;131;205;48;2;57;131;205m▀▀[38;2;156;172;213;48;2;156;172;213m▀[38;2;16;16;16m▀[38;2;57;131;205;48;2;32;57;106m▀[38;2;57;197;246;48;2;57;197;246m▀▀▀▀▀[38;2;213;230;255m▀[48;2;213;230;255m▀▀[48;2;156;172;213m▀[38;2;57;197;246;48;2;57;197;246m▀▀[38;2;16;16;16m▀[48;2;32;57;106m▀[49m▀[38;2;57;197;246;48;2;16;16;16m▀▀[48;2;57;197;246m▀▀▀▀▀▀▀▀▀▀▀▀▀▀[38;2;41;82;156;48;2;16;16;16m▀[38;2;213;230;255;48;2;213;230;255m▀▀▀[38;2;32;57;106m▀▀[49m▄[0m
[0m     [38;2;16;16;16m▀▀▀▀[38;2;213;230;255;48;2;16;16;16m▀[48;2;213;230;255m▀▀▀▀[38;2;16;16;16m▀▀▀▀[38;2;213;230;255m▀▀[48;2;16;16;16m▀[38;2;16;16;16;49m▀[0m  [38;2;57;131;205;48;2;57;131;205m▀[38;2;57;197;246;48;2;57;197;246m▀▀▀▀▀▀▀[38;2;32;57;106;48;2;32;57;106m▀▀[38;2;57;131;205;48;2;57;131;205m▀▀▀[38;2;156;172;213m▀[38;2;57;131;205m▀[38;2;32;57;106m▀[38;2;57;197;246;48;2;32;57;106m▀[48;2;57;197;246m▀▀▀▀▀[38;2;213;230;255;48;2;156;172;213m▀[38;2;57;197;246;48;2;57;197;246m▀▀▀▀[38;2;16;16;16;48;2;16;16;16m▀[0m [38;2;16;16;16;48;2;16;16;16m▀[38;2;213;230;255;48;2;213;230;255m▀[38;2;16;16;16m▀▀[38;2;57;197;246;48;2;41;82;156m▀[48;2;57;197;246m▀▀▀▀▀▀▀[48;2;16;16;16m▀▀▀[38;2;16;16;16;48;2;213;230;255m▀[38;2;213;230;255m▀▀▀▀▀▀▀[38;2;32;57;106;48;2;32;57;106m▀[0m
[0m         [38;2;16;16;16m▀[38;2;213;230;255;48;2;16;16;16m▀[48;2;213;230;255m▀▀▀▀▀▀▀▀[48;2;16;16;16m▀[38;2;16;16;16;49m▀[0m   [38;2;57;131;205m▀[38;2;57;197;246;48;2;57;131;205m▀[48;2;213;230;255m▀[38;2;213;230;255m▀[38;2;57;197;246;48;2;57;197;246m▀▀▀[38;2;32;57;106;48;2;32;57;106m▀[0m  [38;2;32;57;106;48;2;32;57;106m▀[38;2;57;131;205m▀[48;2;57;131;205m▀▀▀[38;2;156;172;213;48;2;156;172;213m▀[38;2;57;131;205m▀[38;2;32;57;106;48;2;32;57;106m▀[38;2;57;197;246;48;2;57;197;246m▀▀▀▀▀▀[48;2;213;230;255m▀[48;2;57;197;246m▀[48;2;16;16;16m▀[38;2;16;16;16;49m▀[0m  [38;2;16;16;16;48;2;16;16;16m▀[38;2;213;230;255;48;2;213;230;255m▀▀[38;2;16;16;16m▀[38;2;57;197;246;48;2;16;16;16m▀[48;2;57;197;246m▀▀▀▀[48;2;16;16;16m▀[38;2;41;82;156;48;2;213;230;255m▀[38;2;213;230;255m▀▀▀▀▀▀▀▀▀▀▀[38;2;32;57;106;48;2;16;16;16m▀[0m
[0m           [38;2;16;16;16m▀▀[38;2;213;230;255;48;2;16;16;16m▀▀▀▀[38;2;16;16;16;49m▀▀[0m      [38;2;57;131;205m▀[38;2;156;172;213;48;2;57;131;205m▀[38;2;213;230;255;48;2;213;230;255m▀[38;2;156;172;213m▀[38;2;57;197;246;48;2;57;197;246m▀▀[38;2;16;16;16;48;2;16;16;16m▀[0m    [38;2;32;57;106m▀[38;2;57;131;205;48;2;32;57;106m▀[48;2;57;131;205m▀▀[38;2;156;172;213;48;2;156;172;213m▀[38;2;57;131;205;48;2;57;131;205m▀[38;2;32;57;106;48;2;32;57;106m▀[38;2;57;197;246;48;2;57;197;246m▀▀▀▀[48;2;213;230;255m▀[38;2;213;230;255m▀[38;2;57;197;246;48;2;16;16;16m▀[38;2;16;16;16;49m▀[0m    [38;2;16;16;16;48;2;16;16;16m▀[38;2;213;230;255;48;2;213;230;255m▀▀▀[38;2;16;16;16m▀▀▀[38;2;41;82;156m▀[38;2;213;230;255m▀▀▀[48;2;16;16;16m▀▀▀▀[48;2;213;230;255m▀▀▀▀[48;2;16;16;16m▀[38;2;16;16;16;49m▀[0m
[0m                           [38;2;57;131;205m▀[38;2;213;230;255;48;2;32;57;106m▀[38;2;57;197;246;48;2;57;197;246m▀▀[38;2;32;57;106m▀[38;2;16;16;16;49m▄[0m     [38;2;32;57;106;48;2;32;57;106m▀[38;2;57;131;205;48;2;57;131;205m▀▀[48;2;32;57;106m▀[38;2;32;57;106;49m▀[48;2;16;16;16m▀[38;2;57;197;246;48;2;57;197;246m▀▀▀[38;2;213;230;255;48;2;156;172;213m▀[38;2;156;172;213;48;2;16;16;16m▀[38;2;32;57;106;49m▀[0m      [38;2;16;16;16m▀[38;2;213;230;255;48;2;16;16;16m▀▀[48;2;213;230;255m▀▀▀▀[48;2;16;16;16m▀[38;2;16;16;16;49m▀▀[0m    [38;2;16;16;16m▀▀▀▀[0m
[0m                             [38;2;32;57;106m▀[38;2;57;197;246;48;2;32;57;106m▀[48;2;16;16;16m▀[38;2;16;16;16;49m▀[0m      [38;2;32;57;106m▀▀[0m [38;2;16;16;16;48;2;16;16;16m▀[38;2;57;197;246;48;2;57;197;246m▀▀[48;2;16;16;16m▀[48;2;32;57;106m▀[38;2;16;16;16;49m▀[0m           [38;2;16;16;16m▀▀▀▀[0m
[0m                                           [38;2;16;16;16m▀▀[0m
