[0m                    [38;2;139;65;98m▄▄▄[48;2;255;189;189m▀▀▀▀[49m▄[0m
[0m                  [38;2;139;65;98m▄[48;2;255;189;189m▀[38;2;255;189;189m▀▀▀[38;2;197;90;123;48;2;197;90;123m▀[38;2;255;189;189;48;2;255;189;189m▀▀▀▀[38;2;139;65;98;48;2;0;0;0m▀[0m
[0m                [38;2;139;65;98m▄[48;2;255;189;189m▀[38;2;255;189;189m▀▀▀▀▀[38;2;197;90;123;48;2;197;90;123m▀[38;2;255;189;189;48;2;255;189;189m▀▀▀[38;2;197;90;123;48;2;197;90;123m▀[38;2;255;189;189;48;2;255;189;189m▀[38;2;0;0;0;48;2;0;0;0m▀[0m
[0m             [38;2;139;65;98m▄▄[38;2;98;57;65m▄[38;2;139;65;98;48;2;255;189;189m▀[38;2;255;189;189m▀▀▀▀▀[48;2;197;90;123m▀[38;2;197;90;123;48;2;255;189;189m▀[38;2;255;189;189m▀▀▀[38;2;197;90;123;48;2;197;90;123m▀[38;2;255;189;189;48;2;255;189;189m▀[38;2;0;0;0;48;2;0;0;0m▀[0m
[0m           [38;2;139;65;98m▄[48;2;255;189;189m▀[38;2;255;189;189m▀▀[38;2;98;57;65m▀[38;2;255;189;189;48;2;98;57;65m▀[48;2;255;189;189m▀▀▀▀[48;2;197;90;123m▀[38;2;197;90;123;48;2;255;189;189m▀[38;2;255;189;189m▀▀▀[38;2;197;90;123;48;2;197;90;123m▀[38;2;255;189;189;48;2;255;189;189m▀▀[38;2;0;0;0;48;2;0;0;0m▀[0m
[0m          [38;2;139;65;98;48;2;139;65;98m▀[38;2;255;189;189;48;2;255;189;189m▀▀▀▀▀[38;2;98;57;65;48;2;98;57;65m▀[38;2;255;189;189;48;2;246;115;131m▀[38;2;255;139;172m▀[38;2;246;115;131m▀[48;2;139;65;98m▀[38;2;139;65;98;48;2;246;115;131m▀[38;2;246;115;131m▀▀[38;2;255;139;172m▀[38;2;255;189;189;48;2;139;65;98m▀[38;2;139;65;98;48;2;246;115;131m▀[38;2;255;189;189;48;2;255;189;189m▀[48;2;0;0;0m▀[38;2;0;0;0;49m▀[0m
[0m         [38;2;98;57;65;48;2;98;57;65m▀[38;2;255;189;189;48;2;255;189;189m▀▀▀[48;2;255;139;172m▀[48;2;246;115;131m▀[48;2;98;57;65m▀[38;2;98;57;65;48;2;246;115;131m▀[38;2;246;115;131m▀▀[48;2;139;65;98m▀[38;2;139;65;98;48;2;246;115;131m▀[38;2;246;115;131m▀▀▀[48;2;139;65;98m▀[38;2;139;65;98;48;2;246;115;131m▀[38;2;246;115;131m▀[38;2;255;139;172m▀[38;2;0;0;0;48;2;0;0;0m▀[0m
[0m        [38;2;98;57;65m▄[48;2;255;189;189m▀[38;2;255;189;189;48;2;255;139;172m▀[38;2;255;139;172;48;2;246;115;131m▀[38;2;246;115;131m▀▀▀[38;2;98;57;65;48;2;98;57;65m▀[38;2;246;115;131;48;2;246;115;131m▀▀▀[38;2;197;90;123m▀[38;2;246;115;131m▀▀▀[48;2;197;90;123m▀[38;2;139;65;98;48;2;246;115;131m▀[38;2;246;115;131m▀▀[48;2;0;0;0m▀[38;2;0;0;0;49m▀[0m
[0m        [38;2;98;57;65;48;2;98;57;65m▀[38;2;255;189;189;48;2;246;115;131m▀[38;2;246;115;131m▀▀▀▀[38;2;98;57;65;48;2;98;57;65m▀[38;2;246;115;131;48;2;246;115;131m▀▀▀▀▀▀▀▀▀▀▀▀[38;2;0;0;0;48;2;0;0;0m▀[0m
[0m       [38;2;98;57;65m▄[48;2;246;115;131m▀[38;2;246;115;131m▀▀▀▀[48;2;98;57;65m▀[38;2;98;57;65;48;2;246;115;131m▀[38;2;246;115;131m▀▀▀▀▀▀▀▀▀▀▀[38;2;0;0;0;48;2;0;0;0m▀[0m
[0m       [38;2;98;57;65;48;2;98;57;65m▀[38;2;246;115;131;48;2;246;115;131m▀▀▀▀▀[38;2;197;90;123m▀[38;2;246;115;131m▀▀▀▀▀▀▀▀▀▀▀[48;2;0;0;0m▀[38;2;0;0;0;49m▀[0m
[0m       [38;2;98;57;65;48;2;98;57;65m▀[38;2;246;115;131;48;2;246;115;131m▀▀▀▀▀▀▀▀▀▀▀▀▀▀▀▀[38;2;0;0;0;48;2;0;0;0m▀[0m
[0m      [38;2;98;57;65;48;2;98;57;65m▀[38;2;246;115;131;48;2;246;115;131m▀▀▀▀▀▀▀[48;2;139;65;98m▀▀[48;2;197;90;123m▀▀▀▀[48;2;246;115;131m▀▀[48;2;0;0;0m▀[38;2;0;0;0;49m▀[0m
[0m      [38;2;98;57;65;48;2;98;57;65m▀[38;2;246;115;131;48;2;246;115;131m▀▀▀[48;2;139;65;98m▀[48;2;197;90;123m▀[38;2;139;65;98;48;2;255;189;189m▀[38;2;197;90;123m▀[38;2;255;189;189m▀▀▀▀▀▀[38;2;197;90;123m▀[38;2;0;0;0m▀[38;2;98;57;65m▀[38;2;0;0;0;49m▄[38;2;98;57;65m▄[0m
[0m      [38;2;98;57;65;48;2;98;57;65m▀[38;2;246;115;131;48;2;246;115;131m▀[48;2;197;90;123m▀[38;2;197;90;123;48;2;255;189;189m▀[38;2;255;189;189m▀▀▀▀▀▀▀▀▀▀▀▀▀▀▀[38;2;98;57;65;48;2;230;139;156m▀[49m▄[0m
[0m    [38;2;139;65;98m▄[48;2;255;244;249m▀[38;2;255;189;189;48;2;255;213;230m▀[38;2;197;90;123m▀[38;2;255;189;189;48;2;255;189;189m▀▀▀▀▀▀▀▀▀▀▀[48;2;197;90;123m▀[48;2;139;65;98m▀▀[48;2;255;189;189m▀▀▀▀[38;2;98;57;65;48;2;230;139;156m▀[38;2;197;90;123;48;2;98;57;65m▀[49m▄[0m
[0m   [38;2;139;65;98;48;2;139;65;98m▀[38;2;255;213;230;48;2;255;244;249m▀[38;2;255;244;249m▀▀[38;2;255;213;230;48;2;255;213;230m▀[38;2;255;189;189;48;2;255;189;189m▀▀▀▀▀▀▀▀▀▀▀[38;2;197;90;123m▀[38;2;246;115;131;48;2;197;90;123m▀[48;2;246;115;131m▀[38;2;139;65;98m▀▀[38;2;255;189;189;48;2;139;65;98m▀[48;2;255;189;189m▀▀[38;2;98;57;65;48;2;230;139;156m▀[38;2;246;115;131;48;2;98;57;65m▀[38;2;197;90;123;48;2;197;90;123m▀[0m
[0m  [38;2;139;65;98;48;2;139;65;98m▀[38;2;255;213;230;48;2;255;244;249m▀[38;2;255;244;249m▀▀[38;2;255;213;230;48;2;255;213;230m▀[38;2;255;189;189;48;2;255;189;189m▀▀▀▀▀▀[48;2;0;41;49m▀▀▀[48;2;255;189;189m▀▀▀▀[38;2;197;90;123m▀[38;2;246;115;131;48;2;197;90;123m▀[48;2;246;115;131m▀▀[38;2;139;65;98m▀[38;2;255;189;189;48;2;139;65;98m▀[48;2;255;189;189m▀▀[38;2;98;57;65;48;2;0;0;0m▀[38;2;246;115;131;48;2;246;115;131m▀[38;2;197;90;123;48;2;197;90;123m▀[0m
[0m [38;2;139;65;98;48;2;139;65;98m▀[38;2;255;244;249;48;2;255;213;230m▀▀▀[38;2;255;213;230;48;2;255;189;189m▀[38;2;255;189;189m▀▀▀▀▀[48;2;0;41;49m▀[38;2;0;41;49;48;2;0;82;98m▀[38;2;0;82;98;48;2;0;41;49m▀▀[48;2;0;82;98m▀[38;2;0;41;49;48;2;0;41;49m▀[48;2;0;82;98m▀[48;2;0;41;49m▀[38;2;255;189;189;48;2;255;189;189m▀▀[38;2;197;90;123;48;2;197;90;123m▀[38;2;246;115;131;48;2;246;115;131m▀▀▀[38;2;139;65;98;48;2;139;65;98m▀[38;2;255;189;189;48;2;255;189;189m▀▀[38;2;0;0;0;48;2;0;0;0m▀[38;2;246;115;131;48;2;246;115;131m▀[38;2;197;90;123;48;2;197;90;123m▀[0m
[38;2;139;65;98;49m▄[48;2;255;189;189m▀[38;2;255;189;189m▀▀▀▀▀▀▀▀[48;2;0;41;49m▀[38;2;0;82;98;48;2;0;82;98m▀[38;2;0;41;49;48;2;255;244;249m▀[38;2;165;150;22;48;2;0;0;0m▀[48;2;165;150;22m▀[38;2;0;41;49;48;2;255;244;249m▀[38;2;0;82;98;48;2;0;82;98m▀[38;2;0;41;49;48;2;255;189;189m▀[38;2;255;189;189m▀▀▀[38;2;197;90;123;48;2;197;90;123m▀[38;2;246;115;131;48;2;246;115;131m▀▀[38;2;139;65;98;48;2;0;0;0m▀[38;2;255;189;189;48;2;255;189;189m▀▀[38;2;230;139;156;48;2;0;0;0m▀[38;2;0;0;0;48;2;197;90;123m▀[38;2;246;115;131;48;2;139;65;98m▀[38;2;197;90;123;49m▀[0m
[38;2;139;65;98;48;2;98;57;65m▀[38;2;255;189;189;48;2;255;189;189m▀▀▀▀▀▀▀▀▀[38;2;0;41;49;48;2;0;41;49m▀[48;2;255;244;249m▀[38;2;165;150;22;48;2;165;150;22m▀[38;2;0;0;0m▀[38;2;165;150;22;48;2;255;244;249m▀[38;2;255;244;249;48;2;98;57;65m▀[38;2;0;41;49;48;2;255;189;189m▀[38;2;255;189;189m▀▀▀▀[38;2;197;90;123;48;2;197;90;123m▀[38;2;246;115;131;48;2;0;0;0m▀[38;2;0;0;0;48;2;255;189;189m▀[38;2;255;189;189m▀▀▀[38;2;0;0;0;48;2;0;0;0m▀[38;2;197;90;123;48;2;139;65;98m▀[38;2;139;65;98;49m▀[0m
[38;2;98;57;65;48;2;98;57;65m▀[38;2;255;189;189;48;2;255;189;189m▀▀▀▀▀▀▀▀▀▀[38;2;0;41;49m▀[38;2;255;244;249;48;2;197;90;123m▀▀[38;2;197;90;123;48;2;255;189;189m▀[38;2;255;189;189m▀▀▀▀▀▀[38;2;197;90;123;48;2;197;90;123m▀[38;2;139;65;98;48;2;246;115;131m▀[38;2;255;189;189;48;2;139;65;98m▀[48;2;255;189;189m▀▀▀[38;2;98;57;65;48;2;98;57;65m▀[38;2;139;65;98;48;2;197;90;123m▀[49m▄[0m
[38;2;0;0;0;48;2;0;0;0m▀[38;2;255;189;189;48;2;230;139;156m▀[48;2;255;189;189m▀▀▀▀▀[48;2;98;57;65m▀[48;2;255;189;189m▀▀[48;2;98;57;65m▀[48;2;255;189;189m▀▀▀▀▀▀▀▀▀[38;2;197;90;123;48;2;197;90;123m▀[38;2;246;115;131;48;2;246;115;131m▀[48;2;139;65;98m▀[38;2;139;65;98;48;2;255;189;189m▀[38;2;255;189;189m▀▀▀[38;2;98;57;65;48;2;98;57;65m▀[38;2;197;90;123;48;2;197;90;123m▀[38;2;139;65;98m▀[49m▄[0m
[0m [38;2;0;0;0;48;2;0;0;0m▀[38;2;230;139;156;48;2;230;139;156m▀[38;2;255;189;189m▀▀[48;2;0;0;0m▀[38;2;98;57;65;48;2;255;189;189m▀[38;2;230;139;156m▀[38;2;98;57;65m▀▀[38;2;255;189;189m▀▀▀▀▀▀▀▀▀▀[38;2;197;90;123;48;2;139;65;98m▀[38;2;246;115;131;48;2;0;0;0m▀[38;2;0;0;0;48;2;255;189;189m▀[38;2;255;189;189m▀▀▀▀[38;2;230;139;156m▀[38;2;98;57;65;48;2;0;0;0m▀[38;2;197;90;123;48;2;197;90;123m▀[38;2;139;65;98;48;2;139;65;98m▀[0m
[0m  [38;2;0;0;0;48;2;0;0;0m▀[48;2;255;189;189m▀[38;2;98;57;65m▀[38;2;255;189;189m▀▀▀▀▀▀▀▀▀▀▀▀▀▀[38;2;197;90;123m▀[38;2;255;189;189m▀▀▀▀▀▀▀[48;2;230;139;156m▀[38;2;0;0;0;48;2;0;0;0m▀[38;2;197;90;123;48;2;197;90;123m▀[38;2;139;65;98;48;2;139;65;98m▀[0m
[0m  [38;2;0;0;0m▀[38;2;255;189;189;48;2;0;0;0m▀[48;2;230;139;156m▀[48;2;255;189;189m▀▀▀▀▀▀▀▀▀▀▀▀▀▀▀▀▀▀[48;2;230;139;156m▀▀[38;2;230;139;156m▀▀[48;2;0;0;0m▀[38;2;0;0;0;48;2;197;90;123m▀[38;2;139;65;98;48;2;139;65;98m▀[0m
[0m   [38;2;0;0;0m▀[38;2;230;139;156;48;2;0;0;0m▀[48;2;230;139;156m▀▀▀▀[38;2;255;189;189m▀▀▀▀▀▀▀▀▀▀[38;2;230;139;156m▀▀▀▀▀▀▀[48;2;0;0;0m▀[38;2;0;0;0;48;2;139;65;98m▀[38;2;139;65;98;49m▀[0m
[0m     [38;2;0;0;0m▀[38;2;230;139;156;48;2;0;0;0m▀[48;2;230;139;156m▀[48;2;139;65;98m▀[48;2;230;139;156m▀▀▀▀▀▀▀▀▀▀▀▀▀▀▀▀[48;2;0;0;0m▀[38;2;0;0;0;49m▀[0m
[0m       [38;2;0;0;0m▀[38;2;197;90;123;48;2;98;57;65m▀[38;2;139;65;98;48;2;197;90;123m▀▀[38;2;230;139;156;48;2;139;65;98m▀▀[48;2;230;139;156m▀▀▀▀▀▀▀▀[48;2;0;0;0m▀▀▀[38;2;0;0;0;49m▀[0m
[0m        [38;2;98;57;65;48;2;98;57;65m▀[38;2;197;90;123;48;2;197;90;123m▀▀▀▀[38;2;139;65;98m▀▀▀▀[38;2;0;0;0m▀▀▀▀[38;2;197;90;123m▀▀[38;2;98;57;65m▀[49m▄[0m
[0m        [38;2;98;57;65m▀[38;2;246;115;131;48;2;98;57;65m▀[48;2;246;115;131m▀▀[38;2;197;90;123m▀▀▀▀[48;2;197;90;123m▀▀▀▀▀▀▀[48;2;246;115;131m▀▀[38;2;98;57;65m▀[38;2;0;0;0;49m▄[0m
[0m         [38;2;98;57;65;48;2;98;57;65m▀[38;2;246;115;131;48;2;246;115;131m▀▀▀▀▀[48;2;197;90;123m▀[48;2;246;115;131m▀▀▀▀▀▀▀▀▀▀[38;2;139;65;98m▀[38;2;0;0;0;48;2;0;0;0m▀[0m
[0m         [38;2;98;57;65m▀[38;2;246;115;131;48;2;98;57;65m▀[48;2;246;115;131m▀▀▀▀▀[38;2;98;57;65;48;2;98;57;65m▀[38;2;246;115;131;48;2;246;115;131m▀▀▀▀▀▀▀▀[48;2;197;90;123m▀[48;2;246;115;131m▀[38;2;197;90;123m▀[38;2;0;0;0;48;2;98;57;65m▀[0m
[0m          [38;2;98;57;65;48;2;98;57;65m▀[38;2;246;115;131;48;2;255;189;189m▀[48;2;255;139;172m▀[48;2;246;115;131m▀▀▀▀[38;2;98;57;65;48;2;98;57;65m▀[38;2;246;115;131;48;2;246;115;131m▀▀▀▀[48;2;197;90;123m▀[48;2;246;115;131m▀▀▀[38;2;139;65;98;48;2;139;65;98m▀[38;2;246;115;131;48;2;246;115;131m▀[38;2;255;139;172;48;2;255;189;189m▀[38;2;0;0;0;48;2;98;57;65m▀[0m
[0m           [38;2;0;0;0;48;2;0;0;0m▀[38;2;255;189;189;48;2;255;189;189m▀▀[38;2;255;139;172m▀[38;2;246;115;131m▀▀▀[38;2;98;57;65;48;2;98;57;65m▀[38;2;246;115;131;48;2;246;115;131m▀▀▀▀[38;2;139;65;98m▀[38;2;246;115;131;48;2;139;65;98m▀[48;2;246;115;131m▀▀[38;2;139;65;98m▀[38;2;255;189;189;48;2;139;65;98m▀[48;2;255;189;189m▀[38;2;0;0;0;48;2;0;0;0m▀[0m
[0m            [38;2;0;0;0;48;2;0;0;0m▀[38;2;255;189;189;48;2;255;189;189m▀▀▀▀▀▀[38;2;98;57;65;48;2;98;57;65m▀[38;2;246;115;131;48;2;255;189;189m▀[48;2;255;139;172m▀[48;2;246;115;131m▀▀[38;2;139;65;98m▀[38;2;246;115;131;48;2;139;65;98m▀[38;2;255;139;172;48;2;255;189;189m▀[38;2;255;189;189m▀[38;2;197;90;123m▀[38;2;255;189;189;48;2;197;90;123m▀[38;2;98;57;65;48;2;255;189;189m▀[38;2;0;0;0;49m▄[0m
[0m             [38;2;0;0;0;48;2;0;0;0m▀[38;2;255;189;189;48;2;255;189;189m▀▀▀▀▀[38;2;98;57;65;48;2;98;57;65m▀[38;2;255;189;189;48;2;255;189;189m▀▀▀▀▀▀[38;2;197;90;123;48;2;197;90;123m▀[38;2;255;189;189;48;2;255;189;189m▀▀[38;2;197;90;123m▀[38;2;255;189;189;48;2;197;90;123m▀[38;2;0;0;0;48;2;0;0;0m▀[0m
[0m              [38;2;0;0;0m▀[38;2;255;189;189;48;2;0;0;0m▀▀[48;2;98;57;65m▀[38;2;98;57;65;49m▀[0m [38;2;0;0;0m▀[38;2;255;189;189;48;2;0;0;0m▀[48;2;255;189;189m▀▀▀▀▀[38;2;197;90;123;48;2;197;90;123m▀[38;2;255;189;189;48;2;255;189;189m▀▀[38;2;197;90;123m▀[38;2;0;0;0;48;2;0;0;0m▀[0m
[0m                      [38;2;0;0;0m▀[38;2;255;189;189;48;2;98;57;65m▀[48;2;255;189;189m▀▀▀▀[38;2;197;90;123;48;2;197;90;123m▀[38;2;255;189;189;48;2;255;189;189m▀[48;2;0;0;0m▀[38;2;0;0;0;49m▀[0m
[0m                        [38;2;0;0;0m▀[38;2;98;57;65m▀[38;2;255;189;189;48;2;0;0;0m▀▀[38;2;197;90;123m▀[38;2;255;189;189m▀[38;2;0;0;0;49m▀[0m
