[0m     [38;2;72;75;75m▄[48;2;213;222;238m▀[38;2;16;16;16m▀[38;2;106;106;115;48;2;16;16;16m▀[38;2;72;75;75;48;2;106;106;115m▀[49m▄[0m      [38;2;106;106;115m▄[48;2;213;222;238m▀▀[38;2;72;75;75;48;2;16;16;16m▀[48;2;106;106;115m▀[49m▄[0m
[0m    [38;2;106;106;115;48;2;72;75;75m▀[38;2;213;222;238;48;2;213;222;238m▀▀▀▀[38;2;16;16;16m▀[38;2;106;106;115;48;2;72;75;75m▀[38;2;72;75;75m▀[48;2;16;16;16m▀[38;2;16;16;16;49m▄▄[38;2;106;106;115m▄[48;2;213;222;238m▀[38;2;213;222;238m▀▀▀▀[38;2;16;16;16;48;2;16;16;16m▀[38;2;106;106;115;48;2;106;106;115m▀[38;2;72;75;75;48;2;72;75;75m▀[0m
[0m     [38;2;16;16;16;48;2;72;75;75m▀[38;2;213;222;238;48;2;213;222;238m▀▀▀▀[48;2;148;148;148m▀[48;2;106;106;115m▀▀▀▀[48;2;148;148;148m▀[48;2;213;222;238m▀▀▀▀[38;2;16;16;16;48;2;16;16;16m▀[38;2;106;106;115;48;2;106;106;115m▀[38;2;41;41;41;48;2;41;41;41m▀[0m
[0m     [38;2;106;106;115m▄[48;2;213;222;238m▀[38;2;213;222;238m▀[48;2;106;106;115m▀[38;2;148;148;148;48;2;255;255;255m▀[38;2;255;255;255;48;2;16;16;16m▀▀[38;2;148;148;148;48;2;255;255;255m▀[38;2;106;106;115;48;2;106;106;115m▀▀▀▀[38;2;213;222;238m▀[48;2;213;222;238m▀[38;2;106;106;115m▀[48;2;106;106;115m▀[38;2;41;41;41;48;2;72;75;75m▀[0m
[0m   [38;2;72;75;75m▄▄[38;2;106;106;115;48;2;213;222;238m▀[38;2;213;222;238;48;2;148;148;148m▀[38;2;106;106;115;48;2;106;106;115m▀▀[38;2;255;255;255;48;2;148;148;148m▀[38;2;16;16;16;48;2;255;255;255m▀▀[38;2;255;255;255;48;2;72;75;75m▀[38;2;106;106;115m▀[48;2;106;106;115m▀▀▀▀▀[38;2;213;222;238;48;2;213;222;238m▀[38;2;106;106;115m▀[48;2;106;106;115m▀[38;2;41;41;41m▀[38;2;72;75;75;49m▄▄[38;2;41;41;41m▄▄[0m
[38;2;72;75;75;49m▄[48;2;213;222;238m▀[38;2;106;106;115m▀▀[38;2;72;75;75m▀[38;2;213;222;238m▀[38;2;106;106;115;48;2;106;106;115m▀▀▀▀[38;2;72;75;75;48;2;41;172;189m▀[38;2;41;172;189m▀[48;2;255;255;255m▀[48;2;41;172;189m▀[38;2;72;75;75m▀[38;2;106;106;115;48;2;72;75;75m▀▀[38;2;72;75;75;48;2;255;255;255m▀[38;2;106;106;115;48;2;72;75;75m▀[48;2;106;106;115m▀[38;2;213;222;238;48;2;213;222;238m▀▀▀▀▀[38;2;72;75;75;48;2;16;16;16m▀[38;2;106;106;115;48;2;106;106;115m▀[38;2;16;16;16;48;2;16;16;16m▀[0m
[38;2;16;16;16;48;2;16;16;16m▀[38;2;213;222;238;48;2;213;222;238m▀▀▀▀▀[38;2;106;106;115;48;2;106;106;115m▀▀▀▀[38;2;41;172;189;48;2;72;75;75m▀[48;2;41;172;189m▀▀▀[48;2;72;75;75m▀[38;2;16;16;16m▀[38;2;255;255;255m▀[48;2;255;255;255m▀[48;2;16;16;16m▀[38;2;16;16;16;48;2;106;106;115m▀[38;2;213;222;238;48;2;213;222;238m▀▀▀▀[48;2;148;148;148m▀[38;2;16;16;16;48;2;72;75;75m▀[38;2;106;106;115;48;2;106;106;115m▀[38;2;16;16;16;48;2;16;16;16m▀[0m
[0m [38;2;16;16;16m▀▀▀[38;2;72;75;75m▀[38;2;213;222;238;48;2;106;106;115m▀[38;2;148;148;148;48;2;213;222;238m▀[38;2;106;106;115;48;2;106;106;115m▀▀▀[48;2;16;16;16m▀[38;2;72;75;75m▀[38;2;16;16;16;48;2;72;75;75m▀[48;2;106;106;115m▀[38;2;106;106;115m▀▀▀[38;2;16;16;16m▀[38;2;106;106;115m▀[38;2;148;148;148;48;2;213;222;238m▀[38;2;213;222;238m▀[38;2;16;16;16;48;2;16;16;16m▀[48;2;41;41;41m▀▀[48;2;106;106;115m▀[48;2;41;41;41m▀[49m▀[0m      [38;2;16;16;16m▄▄[38;2;106;106;115m▄[38;2;16;16;16m▄[0m
[0m     [38;2;16;16;16m▀[38;2;213;222;238;48;2;72;75;75m▀[38;2;148;148;148;48;2;213;222;238m▀[38;2;106;106;115m▀[48;2;106;106;115m▀[38;2;16;16;16m▀▀[38;2;106;106;115m▀▀▀▀▀[48;2;148;148;148m▀[38;2;148;148;148;48;2;213;222;238m▀[38;2;213;222;238m▀[38;2;106;106;115;48;2;72;75;75m▀[38;2;72;75;75;48;2;213;222;238m▀[38;2;213;222;238m▀▀[38;2;41;41;41m▀[38;2;106;106;115;48;2;106;106;115m▀[38;2;16;16;16m▀[49m▄[0m   [38;2;106;106;115m▄[48;2;213;222;238m▀[38;2;213;222;238m▀▀[38;2;72;75;75m▀[38;2;106;106;115;48;2;72;75;75m▀[38;2;16;16;16;48;2;106;106;115m▀[49m▄[0m
[0m     [38;2;106;106;115m▄[38;2;16;16;16;48;2;213;222;238m▀[38;2;213;222;238m▀▀▀▀[38;2;148;148;148m▀[38;2;106;106;115m▀▀▀[38;2;148;148;148m▀[38;2;213;222;238m▀▀▀▀[38;2;16;16;16;48;2;148;148;148m▀[38;2;213;222;238;48;2;213;222;238m▀▀▀▀[38;2;148;148;148m▀[38;2;72;75;75m▀▀▀[38;2;41;41;41m▀[38;2;106;106;115m▀[38;2;213;222;238m▀▀▀▀[48;2;16;16;16m▀[38;2;16;16;16;48;2;72;75;75m▀[38;2;106;106;115;48;2;41;41;41m▀[38;2;41;41;41;49m▀[0m
[0m     [38;2;72;75;75;48;2;72;75;75m▀[38;2;213;222;238;48;2;213;222;238m▀▀▀▀[48;2;72;75;75m▀[38;2;72;75;75;48;2;16;16;16m▀[38;2;16;16;16;49m▀▀▀[38;2;213;222;238;48;2;16;16;16m▀▀[48;2;213;222;238m▀▀▀▀[38;2;16;16;16;48;2;16;16;16m▀[38;2;213;222;238;48;2;213;222;238m▀[48;2;148;148;148m▀[48;2;106;106;115m▀[38;2;148;148;148m▀[38;2;106;106;115m▀▀▀[48;2;16;16;16m▀[38;2;213;222;238;48;2;106;106;115m▀▀[48;2;148;148;148m▀[48;2;213;222;238m▀[48;2;106;106;115m▀[38;2;16;16;16;48;2;72;75;75m▀[38;2;72;75;75m▀[38;2;41;41;41m▀[0m
[0m      [38;2;16;16;16m▀[38;2;213;222;238;48;2;16;16;16m▀▀[38;2;72;75;75m▀[38;2;16;16;16;49m▀[0m      [38;2;16;16;16m▀[38;2;213;222;238;48;2;72;75;75m▀[48;2;16;16;16m▀[38;2;16;16;16;48;2;72;75;75m▀[38;2;213;222;238;48;2;213;222;238m▀[38;2;106;106;115;48;2;106;106;115m▀▀▀▀▀[48;2;72;75;75m▀[38;2;72;75;75;48;2;255;255;255m▀[38;2;255;255;255m▀[38;2;16;16;16m▀[38;2;106;106;115;48;2;16;16;16m▀[48;2;106;106;115m▀[38;2;213;222;238m▀[48;2;213;222;238m▀[38;2;41;41;41m▀[38;2;106;106;115;48;2;72;75;75m▀[38;2;72;75;75;48;2;106;106;115m▀[49m▄[0m
[0m                [38;2;106;106;115m▄[38;2;72;75;75m▄▄[48;2;106;106;115m▀[38;2;213;222;238;48;2;213;222;238m▀[38;2;148;148;148;48;2;106;106;115m▀[38;2;106;106;115m▀▀▀▀▀[48;2;72;75;75m▀[38;2;72;75;75;48;2;16;16;16m▀[38;2;255;255;255;48;2;72;75;75m▀[38;2;72;75;75;48;2;106;106;115m▀[38;2;106;106;115m▀▀▀[38;2;213;222;238;48;2;148;148;148m▀[48;2;213;222;238m▀[38;2;41;41;41m▀[38;2;106;106;115;48;2;72;75;75m▀▀[38;2;72;75;75;48;2;41;41;41m▀[48;2;106;106;115m▀[38;2;16;16;16m▀[49m▄[0m
[0m               [38;2;72;75;75;48;2;16;16;16m▀[38;2;213;222;238;48;2;213;222;238m▀▀▀▀▀[38;2;148;148;148;48;2;255;255;255m▀[38;2;255;255;255;48;2;16;16;16m▀▀[38;2;72;75;75;48;2;255;255;255m▀[38;2;106;106;115;48;2;72;75;75m▀[38;2;72;75;75;48;2;41;172;189m▀[38;2;41;172;189m▀▀[38;2;72;75;75m▀[38;2;106;106;115;48;2;72;75;75m▀[48;2;106;106;115m▀▀▀▀[38;2;213;222;238;48;2;213;222;238m▀▀▀▀▀[38;2;16;16;16;48;2;16;16;16m▀[38;2;72;75;75;48;2;72;75;75m▀[38;2;16;16;16;48;2;16;16;16m▀[0m
[0m               [38;2;16;16;16m▀[38;2;213;222;238;48;2;16;16;16m▀▀▀[48;2;213;222;238m▀▀[38;2;255;255;255;48;2;148;148;148m▀[38;2;16;16;16;48;2;255;255;255m▀▀[38;2;255;255;255;48;2;148;148;148m▀[38;2;106;106;115;48;2;106;106;115m▀[38;2;41;172;189;48;2;41;172;189m▀[38;2;255;255;255m▀[38;2;41;172;189m▀▀[38;2;72;75;75;48;2;72;75;75m▀[38;2;106;106;115;48;2;106;106;115m▀▀▀[48;2;213;222;238m▀[38;2;213;222;238m▀▀[48;2;72;75;75m▀[48;2;16;16;16m▀▀[38;2;72;75;75m▀[48;2;41;41;41m▀[38;2;16;16;16;49m▀[0m
[0m                   [38;2;106;106;115m▀[38;2;16;16;16;48;2;16;16;16m▀[38;2;213;222;238;48;2;213;222;238m▀[38;2;106;106;115;48;2;148;148;148m▀[48;2;106;106;115m▀▀▀[38;2;72;75;75m▀[38;2;41;172;189m▀▀[38;2;72;75;75m▀[38;2;16;16;16;48;2;16;16;16m▀▀[38;2;106;106;115;48;2;106;106;115m▀[48;2;148;148;148m▀[38;2;213;222;238;48;2;213;222;238m▀[48;2;106;106;115m▀[38;2;16;16;16;48;2;16;16;16m▀[0m
[0m                     [38;2;106;106;115;48;2;16;16;16m▀[38;2;213;222;238;48;2;213;222;238m▀[38;2;148;148;148m▀[38;2;106;106;115m▀[48;2;148;148;148m▀[48;2;106;106;115m▀▀▀▀[48;2;148;148;148m▀[48;2;213;222;238m▀[38;2;148;148;148m▀[38;2;213;222;238m▀▀[38;2;41;41;41;48;2;41;41;41m▀[38;2;72;75;75;48;2;72;75;75m▀[38;2;16;16;16;49m▄[0m
[0m                    [38;2;16;16;16m▄[38;2;106;106;115;48;2;213;222;238m▀[38;2;213;222;238m▀▀▀▀[48;2;72;75;75m▀▀▀▀[48;2;16;16;16m▀[48;2;213;222;238m▀▀▀▀[38;2;106;106;115m▀[38;2;72;75;75;48;2;41;41;41m▀[38;2;41;41;41;48;2;72;75;75m▀[0m
[0m                    [38;2;16;16;16m▀[38;2;213;222;238;48;2;16;16;16m▀[48;2;213;222;238m▀▀[48;2;72;75;75m▀[38;2;72;75;75;49m▀[0m     [38;2;16;16;16m▀[38;2;213;222;238;48;2;16;16;16m▀[48;2;213;222;238m▀▀[48;2;72;75;75m▀[38;2;41;41;41;48;2;16;16;16m▀[38;2;16;16;16;49m▀[0m
[0m                      [38;2;72;75;75m▀[38;2;16;16;16m▀[0m         [38;2;16;16;16m▀[38;2;72;75;75m▀[0m
