[0m     [38;2;57;115;82m▄[38;2;98;148;131m▄[38;2;32;90;82;48;2;164;205;189m▀▀▀▀▀▀[49m▄▄[0m
[0m   [38;2;57;115;82m▄[48;2;164;205;189m▀[38;2;164;205;189m▀▀▀▀▀▀▀[38;2;98;148;131;48;2;57;115;82m▀[48;2;98;148;131m▀▀[38;2;32;90;82m▀[38;2;16;16;16;49m▄[0m
[0m  [38;2;57;115;82m▄[48;2;164;205;189m▀[38;2;164;205;189m▀▀▀▀▀▀▀▀[38;2;57;115;82;48;2;57;115;82m▀[38;2;98;148;131;48;2;98;148;131m▀▀▀▀[38;2;16;16;16m▀[49m▄[0m
[0m [38;2;32;90;82m▄[38;2;57;115;82;48;2;164;205;189m▀[38;2;164;205;189m▀▀▀▀▀▀▀▀▀▀[38;2;57;115;82;48;2;57;115;82m▀[38;2;98;148;131;48;2;98;148;131m▀▀▀▀▀[38;2;16;16;16;48;2;32;90;82m▀[0m
[0m [38;2;32;90;82;48;2;32;90;82m▀[38;2;164;205;189;48;2;164;205;189m▀▀▀▀▀▀▀▀[48;2;65;65;65m▀[48;2;106;106;115m▀[48;2;164;205;189m▀[38;2;57;115;82m▀[38;2;98;148;131;48;2;57;115;82m▀[48;2;98;148;131m▀▀▀▀▀[38;2;16;16;16;48;2;32;90;82m▀[0m
[38;2;32;90;82;48;2;32;90;82m▀[38;2;164;205;189;48;2;164;205;189m▀[38;2;106;106;115;48;2;65;65;65m▀[38;2;65;65;65m▀[38;2;164;205;189m▀[48;2;164;205;189m▀▀▀[48;2;106;106;115m▀[38;2;65;65;65;48;2;65;65;65m▀▀[48;2;164;205;189m▀[38;2;164;205;189m▀▀[38;2;57;115;82m▀[38;2;98;148;131;48;2;57;115;82m▀[48;2;98;148;131m▀▀▀[48;2;164;205;189m▀▀[38;2;32;90;82;48;2;32;90;82m▀[0m
[38;2;32;90;82;48;2;57;115;82m▀[38;2;164;205;189;48;2;164;205;189m▀▀[38;2;65;65;65m▀[48;2;65;65;65m▀▀[38;2;164;205;189;48;2;106;106;115m▀[38;2;106;106;115;48;2;65;65;65m▀[38;2;65;65;65m▀[48;2;106;106;115m▀[38;2;164;205;189;48;2;164;205;189m▀▀[48;2;106;106;115m▀[38;2;65;65;65;48;2;65;65;65m▀[38;2;106;106;115m▀[38;2;164;205;189;48;2;164;205;189m▀[38;2;32;90;82m▀[38;2;164;205;189;48;2;57;115;82m▀[48;2;164;205;189m▀▀[48;2;98;148;131m▀[38;2;98;148;131;48;2;164;205;189m▀[38;2;32;90;82;48;2;32;90;82m▀[0m
[38;2;57;115;82;48;2;57;115;82m▀[38;2;65;65;65;48;2;65;65;65m▀[38;2;164;205;189m▀[48;2;164;205;189m▀▀[38;2;65;65;65;48;2;106;106;115m▀[48;2;65;65;65m▀▀[48;2;164;205;189m▀[38;2;164;205;189m▀▀[38;2;106;106;115;48;2;65;65;65m▀[38;2;65;65;65m▀[48;2;164;205;189m▀[38;2;164;205;189m▀▀▀▀[38;2;98;148;131m▀[38;2;32;90;82m▀[38;2;98;148;131m▀[38;2;164;205;189;48;2;98;148;131m▀[38;2;16;16;16;48;2;16;16;16m▀[0m
[38;2;32;90;82;48;2;32;90;82m▀[38;2;106;106;115;48;2;164;205;189m▀[38;2;65;65;65;48;2;65;65;65m▀▀[38;2;164;205;189m▀[48;2;164;205;189m▀[38;2;65;65;65;48;2;65;65;65m▀▀[38;2;164;205;189;48;2;106;106;115m▀[48;2;164;205;189m▀[38;2;65;65;65;48;2;106;106;115m▀[48;2;65;65;65m▀[38;2;106;106;115;48;2;164;205;189m▀[38;2;164;205;189m▀▀▀▀▀▀▀[48;2;98;148;131m▀[38;2;98;148;131m▀[38;2;16;16;16;48;2;16;16;16m▀[0m
[38;2;32;90;82;49m▀[38;2;164;205;189;48;2;32;90;82m▀[48;2;164;205;189m▀[38;2;106;106;115m▀[38;2;65;65;65;48;2;65;65;65m▀[38;2;164;205;189;48;2;106;106;115m▀[38;2;106;106;115;48;2;164;205;189m▀[38;2;65;65;65;48;2;65;65;65m▀▀[38;2;164;205;189;48;2;164;205;189m▀[38;2;106;106;115m▀[38;2;65;65;65;48;2;65;65;65m▀[38;2;106;106;115m▀[38;2;164;205;189;48;2;164;205;189m▀▀▀▀▀[48;2;98;148;131m▀[38;2;98;148;131m▀[48;2;32;90;82m▀[38;2;32;90;82;48;2;98;148;131m▀[38;2;16;16;16;48;2;16;16;16m▀[0m
[0m [38;2;32;90;82;48;2;32;90;82m▀[38;2;164;205;189;48;2;164;205;189m▀▀[38;2;65;65;65;48;2;65;65;65m▀▀[38;2;164;205;189;48;2;164;205;189m▀[38;2;65;65;65;48;2;65;65;65m▀▀[38;2;164;205;189;48;2;106;106;115m▀[48;2;164;205;189m▀[38;2;65;65;65;48;2;106;106;115m▀[48;2;65;65;65m▀[38;2;164;205;189;48;2;164;205;189m▀▀▀[48;2;57;115;82m▀[48;2;32;90;82m▀[38;2;32;90;82;48;2;98;148;131m▀▀[38;2;98;148;131m▀[38;2;32;90;82;48;2;16;16;16m▀[0m
[0m  [38;2;16;16;16;48;2;16;16;16m▀[38;2;164;205;189;48;2;98;148;131m▀[38;2;106;106;115;48;2;57;115;82m▀[38;2;65;65;65;48;2;164;205;189m▀[38;2;164;205;189m▀[38;2;106;106;115m▀[38;2;65;65;65m▀[38;2;106;106;115m▀[38;2;164;205;189m▀[48;2;98;148;131m▀[48;2;16;82;41m▀▀[38;2;57;115;82;48;2;16;16;16m▀[48;2;164;205;189m▀[38;2;164;205;189;48;2;98;148;131m▀[38;2;98;148;131m▀[48;2;32;90;82m▀▀[38;2;32;90;82;48;2;16;16;16m▀[38;2;16;16;16;49m▀[0m
[0m   [38;2;16;82;41;48;2;16;16;16m▀[38;2;164;205;189;48;2;98;148;131m▀[38;2;16;82;41;48;2;32;156;16m▀[38;2;16;16;16;48;2;255;255;255m▀[38;2;98;148;131;48;2;16;16;16m▀[38;2;16;82;41;48;2;164;205;189m▀▀▀[38;2;164;205;189m▀[38;2;16;16;16;48;2;16;16;16m▀[38;2;255;255;255;48;2;255;255;255m▀[38;2;32;156;16;48;2;32;156;16m▀[38;2;16;16;16;48;2;16;82;41m▀[38;2;32;90;82;48;2;16;16;16m▀[48;2;98;148;131m▀[38;2;98;148;131m▀[48;2;16;16;16m▀[38;2;16;16;16;49m▀[0m
[0m    [38;2;32;90;82m▀[48;2;16;16;16m▀[38;2;255;255;255;48;2;32;156;16m▀[38;2;32;156;16m▀[38;2;16;16;16;48;2;16;82;41m▀[38;2;164;205;189;48;2;98;148;131m▀▀[38;2;98;148;131m▀[38;2;16;82;41m▀[38;2;32;156;16;48;2;16;82;41m▀[48;2;32;156;16m▀[48;2;16;82;41m▀[38;2;16;16;16;48;2;98;148;131m▀[38;2;98;148;131;48;2;32;90;82m▀[38;2;16;16;16;49m▀[0m
[0m      [38;2;32;90;82m▀[38;2;16;16;16m▀[38;2;98;148;131;48;2;16;16;16m▀▀[48;2;32;90;82m▀[48;2;98;148;131m▀▀▀[38;2;57;115;82;48;2;16;16;16m▀[38;2;98;148;131m▀[38;2;16;16;16;48;2;32;90;82m▀[48;2;98;148;131m▀[49m▄[0m
[0m          [38;2;16;16;16m▄[38;2;32;90;82;48;2;57;115;82m▀[38;2;16;16;16;48;2;98;148;131m▀[48;2;32;90;82m▀[38;2;98;148;131m▀[48;2;98;148;131m▀▀[38;2;32;90;82;48;2;16;16;16m▀[38;2;98;148;131;48;2;32;90;82m▀[38;2;32;90;82;48;2;164;205;189m▀[49m▄[0m
[0m   [38;2;57;115;82m▄▄[48;2;164;205;189m▀▀[38;2;32;90;82m▀[48;2;98;148;131m▀[38;2;16;16;16m▀[38;2;98;148;131;48;2;57;115;82m▀[48;2;16;16;16m▀[38;2;16;16;16;49m▀[38;2;32;90;82m▄[48;2;98;148;131m▀[38;2;98;148;131m▀▀▀[38;2;16;16;16;48;2;32;90;82m▀[38;2;98;148;131;48;2;16;16;16m▀[48;2;164;205;189m▀[38;2;32;90;82m▀▀[49m▄▄▄[0m
[0m [38;2;57;115;82m▄[48;2;164;205;189m▀[38;2;164;205;189m▀▀[48;2;32;90;82m▀▀[48;2;164;205;189m▀▀[38;2;98;148;131;48;2;98;148;131m▀[38;2;16;16;16;48;2;16;16;16m▀[0m [38;2;32;90;82m▄[48;2;98;148;131m▀[38;2;98;148;131;48;2;164;205;189m▀▀[38;2;164;205;189m▀▀▀[38;2;16;16;16;48;2;32;90;82m▀[38;2;164;205;189m▀[48;2;164;205;189m▀▀[48;2;98;148;131m▀[48;2;16;82;41m▀[48;2;164;205;189m▀[38;2;32;90;82m▀[38;2;16;16;16;48;2;98;148;131m▀[49m▄[0m
[0m [38;2;32;90;82;48;2;32;90;82m▀[38;2;164;205;189;48;2;164;205;189m▀▀[38;2;32;90;82;48;2;16;16;16m▀[38;2;32;156;16;48;2;32;156;16m▀▀[38;2;16;16;16;48;2;16;16;16m▀[38;2;164;205;189;48;2;32;90;82m▀[38;2;16;16;16;49m▀[0m [38;2;16;16;16;48;2;16;16;16m▀[38;2;98;148;131;48;2;98;148;131m▀[38;2;164;205;189m▀[48;2;164;205;189m▀▀▀[48;2;98;148;131m▀[38;2;98;148;131m▀▀[38;2;16;16;16;48;2;16;16;16m▀[38;2;164;205;189;48;2;164;205;189m▀[38;2;16;16;16;48;2;16;16;16m▀[38;2;32;156;16;48;2;32;156;16m▀▀[38;2;16;82;41;48;2;16;16;16m▀[38;2;164;205;189;48;2;164;205;189m▀[48;2;123;41;41m▀[38;2;16;16;16;48;2;205;0;0m▀[49m▄[0m
[0m [38;2;123;41;41;48;2;16;16;16m▀[48;2;205;0;0m▀[38;2;16;16;16m▀[38;2;98;148;131;48;2;16;16;16m▀[38;2;16;16;16;48;2;230;205;0m▀▀[38;2;98;148;131;48;2;16;16;16m▀[38;2;16;16;16;49m▀[0m  [38;2;32;90;82;48;2;32;90;82m▀[48;2;98;148;131m▀[38;2;98;148;131;48;2;32;90;82m▀[48;2;98;148;131m▀▀▀[48;2;16;16;16m▀[38;2;16;16;16;48;2;98;148;131m▀[38;2;32;90;82m▀[38;2;98;148;131;48;2;32;90;82m▀[38;2;16;16;16;48;2;98;148;131m▀[38;2;164;205;189;48;2;16;16;16m▀[38;2;16;82;41;48;2;98;148;131m▀[38;2;16;16;16m▀[38;2;164;205;189;48;2;106;98;16m▀▀[38;2;16;16;16;48;2;98;148;131m▀[38;2;205;0;0;48;2;16;16;16m▀[38;2;16;16;16;49m▀[0m
[0m  [38;2;16;16;16m▀▀[0m [38;2;16;16;16m▀▀[0m   [38;2;32;90;82;48;2;32;90;82m▀[38;2;98;148;131;48;2;164;205;189m▀▀[48;2;98;148;131m▀[38;2;32;90;82;48;2;16;16;16m▀[49m▀[48;2;98;148;131m▀[38;2;98;148;131;48;2;164;205;189m▀▀[48;2;98;148;131m▀[38;2;16;16;16;48;2;16;16;16m▀[38;2;98;148;131;48;2;32;90;82m▀▀[38;2;16;16;16;49m▀▀[38;2;230;205;0;48;2;16;16;16m▀▀[38;2;16;16;16;49m▀[0m
[0m          [38;2;32;90;82m▀[38;2;164;205;189;48;2;16;16;16m▀▀▀[38;2;16;16;16;49m▀[0m [38;2;32;90;82;48;2;16;16;16m▀[38;2;164;205;189;48;2;164;205;189m▀▀▀[38;2;16;16;16;48;2;16;16;16m▀[0m
[0m                 [38;2;16;16;16m▀▀▀[0m
