[0m                   [38;2;0;0;0m▄[48;2;49;49;49m▀▀[49m▄[0m
[0m                  [38;2;0;0;0m▄[48;2;49;49;49m▀[38;2;49;49;49m▀▀[38;2;0;0;0m▀[49m▄[0m
[0m                  [38;2;0;0;0;48;2;0;0;0m▀[38;2;49;49;49;48;2;49;49;49m▀▀▀▀[38;2;0;0;0;48;2;0;0;0m▀[0m
[0m                  [38;2;0;0;0;48;2;0;0;0m▀[38;2;49;49;49;48;2;49;49;49m▀▀▀▀[38;2;0;0;0;48;2;0;0;0m▀[0m
[0m              [38;2;0;0;0m▄▄▄[48;2;49;49;49m▀▀▀[38;2;49;49;49m▀▀[38;2;0;0;0m▀▀▀[49m▄▄▄[0m
[0m          [38;2;0;0;0m▄▄[48;2;49;49;49m▀▀[38;2;49;49;49;48;2;74;74;74m▀▀▀[38;2;74;74;74m▀▀▀▀▀▀▀▀[38;2;49;49;49m▀▀▀[38;2;0;0;0;48;2;49;49;49m▀▀[49m▄▄[0m            [38;2;0;0;0m▄▄[0m
[0m       [38;2;0;0;0m▄[48;2;74;74;74m▀▀[38;2;49;49;49m▀[38;2;74;74;74m▀▀▀▀▀▀▀▀▀▀▀▀▀▀▀▀▀▀▀▀[38;2;49;49;49m▀[38;2;0;0;0m▀▀[49m▄[0m        [38;2;0;0;0;48;2;0;0;0m▀[38;2;74;74;74;48;2;74;74;74m▀▀[38;2;0;0;0m▀[49m▄[0m
[0m    [38;2;49;49;49m▄[38;2;0;0;0;48;2;49;49;49m▀[48;2;74;74;74m▀[38;2;74;74;74m▀▀▀▀▀▀▀▀[48;2;0;0;0m▀▀▀▀▀▀▀▀▀▀▀[48;2;74;74;74m▀▀▀▀▀▀▀▀▀[38;2;0;0;0m▀[48;2;49;49;49m▀[38;2;49;49;49;49m▄[0m     [38;2;0;0;0;48;2;0;0;0m▀[38;2;49;49;49;48;2;49;49;49m▀[38;2;74;74;74m▀[48;2;74;74;74m▀▀[38;2;0;0;0m▀[49m▄[0m
[0m  [38;2;49;49;49m▄[48;2;74;74;74m▀[38;2;74;74;74m▀▀[48;2;0;0;0m▀▀▀▀[38;2;0;0;0;48;2;148;139;172m▀[48;2;131;131;131m▀[48;2;197;205;213m▀▀[38;2;131;131;131m▀[38;2;197;205;213m▀▀▀▀[38;2;131;106;230;48;2;131;106;230m▀▀▀[38;2;197;205;213m▀[48;2;197;205;213m▀▀▀[38;2;131;131;131m▀[38;2;0;0;0m▀▀▀[48;2;131;131;131m▀[48;2;148;139;172m▀[38;2;74;74;74;48;2;0;0;0m▀▀▀▀[48;2;74;74;74m▀▀[38;2;49;49;49m▀[49m▄[0m   [38;2;0;0;0;48;2;0;0;0m▀[38;2;49;49;49;48;2;49;49;49m▀▀▀[38;2;74;74;74m▀▀[38;2;0;0;0;48;2;0;0;0m▀[0m
[0m [38;2;49;49;49;48;2;49;49;49m▀[38;2;74;74;74;48;2;0;0;0m▀[38;2;0;0;0;48;2;148;139;172m▀▀▀[38;2;148;139;172m▀[48;2;197;189;246m▀[38;2;197;189;246m▀▀[48;2;131;131;131m▀[38;2;131;131;131;48;2;197;205;213m▀[38;2;197;205;213m▀[48;2;123;106;8m▀▀[48;2;197;205;213m▀▀[48;2;131;106;230m▀[38;2;131;106;230m▀▀▀▀▀[38;2;197;205;213;48;2;197;205;213m▀▀[48;2;123;106;8m▀▀[48;2;197;205;213m▀▀▀[38;2;131;131;131m▀[38;2;197;189;246;48;2;131;131;131m▀[48;2;197;189;246m▀▀[38;2;148;139;172m▀[48;2;148;139;172m▀[38;2;0;0;0m▀▀▀[38;2;74;74;74;48;2;0;0;0m▀[38;2;49;49;49;48;2;49;49;49m▀[0m [38;2;0;0;0m▄[48;2;49;49;49m▀[38;2;49;49;49m▀▀▀▀[38;2;0;0;0;48;2;0;0;0m▀[0m
[0m   [38;2;0;0;0m▀▀▀▀[38;2;148;139;172;48;2;0;0;0m▀[38;2;197;189;246m▀▀[38;2;131;131;131;48;2;131;131;131m▀[38;2;197;205;213;48;2;197;205;213m▀[38;2;123;106;8;48;2;123;106;8m▀[38;2;255;230;32;48;2;255;230;32m▀▀[38;2;123;106;8;48;2;123;106;8m▀[38;2;197;205;213;48;2;131;106;230m▀[38;2;131;106;230m▀▀▀▀▀[38;2;197;205;213;48;2;197;205;213m▀▀[38;2;123;106;8;48;2;123;106;8m▀[38;2;255;230;32;48;2;255;230;32m▀▀[38;2;123;106;8;48;2;123;106;8m▀[38;2;197;205;213;48;2;197;205;213m▀▀▀[38;2;131;131;131;48;2;131;131;131m▀[38;2;197;189;246;48;2;0;0;0m▀▀[38;2;148;139;172m▀[38;2;0;0;0;49m▀▀▀▀[0m   [38;2;0;0;0;48;2;0;0;0m▀[38;2;74;74;74;48;2;74;74;74m▀[38;2;49;49;49;48;2;49;49;49m▀▀▀[48;2;0;0;0m▀[38;2;0;0;0;49m▀[0m
[0m          [38;2;131;131;131;48;2;131;131;131m▀[38;2;197;205;213;48;2;222;230;238m▀[48;2;197;205;213m▀[38;2;123;106;8m▀▀[38;2;197;205;213m▀[38;2;131;106;230;48;2;131;106;230m▀▀▀[38;2;197;189;246;48;2;197;189;246m▀[38;2;131;106;230;48;2;131;106;230m▀▀▀[38;2;197;205;213m▀[48;2;197;205;213m▀[38;2;123;106;8m▀▀[38;2;197;205;213m▀▀▀[48;2;222;230;238m▀[38;2;131;131;131;48;2;131;131;131m▀[0m         [38;2;0;0;0;48;2;0;0;0m▀[38;2;74;74;74;48;2;74;74;74m▀▀[38;2;49;49;49m▀[48;2;49;49;49m▀[48;2;0;0;0m▀[38;2;0;0;0;49m▀[0m
[0m           [38;2;131;131;131;48;2;131;131;131m▀[38;2;222;230;238;48;2;222;230;238m▀[38;2;197;205;213m▀[48;2;197;205;213m▀▀▀[38;2;131;106;230;48;2;131;106;230m▀▀[38;2;197;189;246m▀[48;2;197;189;246m▀[38;2;131;106;230;48;2;131;106;230m▀▀▀[38;2;197;205;213;48;2;197;205;213m▀▀▀▀[48;2;222;230;238m▀[38;2;222;230;238m▀[38;2;131;131;131;48;2;131;131;131m▀[0m        [38;2;0;0;0m▄[48;2;74;74;74m▀[38;2;74;74;74m▀▀▀[48;2;49;49;49m▀[38;2;49;49;49;48;2;0;0;0m▀[38;2;0;0;0;49m▀[0m
[0m            [38;2;131;131;131m▀[38;2;222;230;238;48;2;131;131;131m▀[48;2;222;230;238m▀▀[38;2;197;205;213m▀[48;2;74;74;74m▀▀[38;2;131;106;230m▀▀▀▀[38;2;197;205;213m▀▀[48;2;222;230;238m▀[38;2;222;230;238m▀▀[48;2;131;131;131m▀[38;2;131;131;131;49m▀[0m       [38;2;0;0;0m▄[48;2;74;74;74m▀[38;2;74;74;74m▀▀▀[48;2;0;0;0m▀[38;2;49;49;49m▀[38;2;0;0;0;49m▀[0m
[0m              [38;2;0;0;0m▀[38;2;49;49;49;48;2;0;0;0m▀▀[38;2;74;74;74;48;2;49;49;49m▀[48;2;74;74;74m▀▀▀▀▀▀[48;2;49;49;49m▀[38;2;49;49;49;48;2;0;0;0m▀▀[38;2;0;0;0;49m▀[0m    [38;2;0;0;0m▄▄▄[48;2;74;74;74m▀▀[38;2;74;74;74;48;2;49;49;49m▀▀[48;2;0;0;0m▀[38;2;49;49;49m▀[38;2;0;0;0;49m▀[0m
[0m            [38;2;0;0;0m▄[38;2;49;49;49m▄▄▄▄[38;2;0;0;0;48;2;49;49;49m▀▀[38;2;49;49;49m▀▀▀▀[38;2;0;0;0m▀▀[38;2;49;49;49;49m▄▄▄[38;2;0;0;0;48;2;49;49;49m▀▀▀▀[38;2;74;74;74m▀[48;2;0;0;0m▀▀[38;2;49;49;49m▀[38;2;0;0;0;49m▀▀▀[0m
[0m       [38;2;0;0;0m▄[38;2;49;49;49m▄[38;2;0;0;0;48;2;49;49;49m▀[38;2;49;49;49;48;2;0;0;0m▀▀▀[38;2;0;0;0;49m▀▀▀▀[48;2;0;0;0m▀[38;2;49;49;49;48;2;49;49;49m▀[38;2;74;74;74;48;2;74;74;74m▀▀▀▀[38;2;49;49;49;48;2;49;49;49m▀[38;2;0;0;0;48;2;0;0;0m▀[49m▀▀▀▀▀▀▀▀[0m
[0m    [38;2;0;0;0m▄[48;2;49;49;49m▀▀[38;2;49;49;49;48;2;0;0;0m▀[38;2;0;0;0;49m▀▀[0m    [38;2;0;0;0m▄[48;2;74;74;74m▀▀[38;2;49;49;49m▀[38;2;74;74;74m▀▀▀▀▀▀[38;2;49;49;49m▀[38;2;0;0;0m▀▀[49m▄[0m
[0m  [38;2;0;0;0m▄[48;2;49;49;49m▀[38;2;49;49;49m▀[48;2;0;0;0m▀[38;2;0;0;0;49m▀[0m        [38;2;0;0;0m▀▀▀[38;2;49;49;49;48;2;0;0;0m▀[48;2;49;49;49m▀[48;2;74;74;74m▀▀[48;2;49;49;49m▀[48;2;0;0;0m▀[38;2;0;0;0;49m▀▀▀[0m
[0m [38;2;0;0;0;48;2;0;0;0m▀[38;2;49;49;49;48;2;49;49;49m▀▀[38;2;0;0;0;48;2;0;0;0m▀[0m              [38;2;0;0;0m▀[38;2;74;74;74;48;2;0;0;0m▀▀[38;2;0;0;0;49m▀[0m
[38;2;0;0;0;48;2;0;0;0m▀[38;2;49;49;49;48;2;49;49;49m▀▀[38;2;0;0;0;48;2;0;0;0m▀[0m   [38;2;0;0;0m▄▄[48;2;74;74;74m▀▀[49m▄[0m
[38;2;0;0;0;48;2;0;0;0m▀[38;2;49;49;49;48;2;49;49;49m▀▀[38;2;0;0;0;48;2;0;0;0m▀[0m  [38;2;0;0;0;48;2;0;0;0m▀[38;2;74;74;74;48;2;74;74;74m▀[48;2;49;49;49m▀[38;2;49;49;49m▀▀[38;2;0;0;0;48;2;0;0;0m▀[0m
[0m [38;2;0;0;0;48;2;0;0;0m▀[38;2;49;49;49;48;2;49;49;49m▀▀[38;2;0;0;0m▀[49m▄▄[48;2;0;0;0m▀[38;2;49;49;49;48;2;49;49;49m▀▀▀[38;2;0;0;0;48;2;0;0;0m▀[0m
[0m  [38;2;0;0;0m▀[38;2;49;49;49;48;2;0;0;0m▀▀[48;2;49;49;49m▀▀▀▀▀[48;2;0;0;0m▀[38;2;0;0;0;49m▀[0m
[0m     [38;2;0;0;0m▀▀▀▀▀[0m
