[0m                        [38;2;49;57;41m▄[48;2;98;106;74m▀[48;2;74;82;57m▀[38;2;0;0;0;49m▄[0m
[0m                      [38;2;49;57;41m▄[48;2;98;106;74m▀[38;2;98;106;74m▀[38;2;49;57;41;48;2;74;82;57m▀[38;2;74;82;57m▀[38;2;0;0;0;48;2;0;0;0m▀[0m
[0m                    [38;2;49;57;41m▄[48;2;98;106;74m▀[38;2;98;106;74m▀[48;2;49;57;41m▀[38;2;49;57;41;48;2;74;82;57m▀[38;2;74;82;57m▀▀▀[38;2;0;0;0;48;2;0;0;0m▀[0m
[0m                  [38;2;49;57;41m▄[48;2;98;106;74m▀[38;2;98;106;74m▀▀[48;2;49;57;41m▀[38;2;49;57;41;48;2;74;82;57m▀[38;2;74;82;57m▀▀▀▀[38;2;0;0;0;48;2;0;0;0m▀[0m
[0m              [38;2;49;57;41m▄▄▄[48;2;98;106;74m▀[38;2;98;106;74m▀▀▀[38;2;74;82;57;48;2;49;57;41m▀[38;2;49;57;41;48;2;74;82;57m▀[38;2;74;82;57m▀▀▀▀[48;2;0;0;0m▀[38;2;0;0;0;49m▀[0m
[0m          [38;2;49;57;41m▄▄[48;2;98;106;74m▀▀[38;2;98;106;74m▀▀▀[38;2;49;57;41m▀[48;2;74;82;57m▀[38;2;98;106;74m▀[38;2;49;57;41;48;2;0;0;0m▀[38;2;74;82;57;48;2;74;82;57m▀▀▀▀▀▀[38;2;0;0;0;48;2;0;0;0m▀[0m
[0m        [38;2;49;57;41m▄[48;2;74;82;57m▀[38;2;98;106;74m▀[48;2;98;106;74m▀▀▀▀[48;2;74;82;57m▀▀[38;2;74;82;57m▀[48;2;49;57;41m▀[48;2;74;82;57m▀▀[38;2;0;0;0m▀[38;2;74;82;57;48;2;0;0;0m▀[48;2;74;82;57m▀▀▀▀[38;2;0;0;0;48;2;0;0;0m▀[0m
[0m       [38;2;49;57;41;48;2;49;57;41m▀[38;2;74;82;57;48;2;74;82;57m▀▀▀▀▀▀▀[48;2;49;57;41m▀[38;2;49;57;41;48;2;148;164;90m▀▀[38;2;148;164;90m▀▀[38;2;49;57;41m▀▀[38;2;0;0;0;48;2;49;57;41m▀[38;2;74;82;57;48;2;0;0;0m▀[48;2;74;82;57m▀▀[38;2;49;57;41;48;2;49;57;41m▀[0m
[0m     [38;2;106;124;72m▄[38;2;49;57;41;48;2;49;57;41m▀[38;2;74;82;57;48;2;74;82;57m▀▀▀▀▀[48;2;49;57;41m▀[38;2;49;57;41;48;2;106;124;72m▀[48;2;148;164;90m▀[38;2;148;164;90;48;2;0;0;0m▀▀[38;2;0;0;0;48;2;49;57;41m▀▀▀[38;2;148;164;90;48;2;0;0;0m▀[48;2;148;164;90m▀▀[38;2;0;0;0;48;2;0;0;0m▀[38;2;74;82;57;48;2;74;82;57m▀[48;2;49;57;41m▀[38;2;49;57;41;49m▀[0m
[0m     [38;2;106;124;72;48;2;106;124;72m▀[38;2;49;57;41;48;2;148;164;90m▀[38;2;74;82;57;48;2;49;57;41m▀▀▀[38;2;49;57;41;48;2;148;164;90m▀▀[38;2;148;164;90m▀[48;2;0;0;0m▀[38;2;0;0;0;48;2;49;57;41m▀[38;2;205;0;0;48;2;205;0;0m▀[38;2;255;255;255m▀[38;2;180;180;213;48;2;255;255;255m▀[38;2;49;57;41;48;2;49;57;41m▀▀▀[38;2;106;124;72m▀[38;2;148;164;90;48;2;148;164;90m▀▀[38;2;0;0;0;48;2;0;0;0m▀[38;2;49;57;41;49m▀[0m
[0m    [38;2;0;0;0;48;2;0;0;0m▀[38;2;148;164;90;48;2;148;164;90m▀▀▀▀▀▀▀[48;2;0;0;0m▀[38;2;0;0;0;48;2;49;57;41m▀[38;2;255;255;255;48;2;205;0;0m▀[38;2;98;0;0;48;2;98;0;0m▀[38;2;205;0;0;48;2;205;0;0m▀[38;2;255;255;255;48;2;255;255;255m▀[38;2;180;180;213;48;2;180;180;213m▀[38;2;49;57;41;48;2;49;57;41m▀▀[48;2;106;124;72m▀[38;2;148;164;90;48;2;148;164;90m▀▀[38;2;0;0;0;48;2;0;0;0m▀[0m
[0m    [38;2;0;0;0;48;2;0;0;0m▀[38;2;148;164;90;48;2;148;164;90m▀▀▀▀▀▀▀[38;2;0;0;0;48;2;0;0;0m▀[38;2;49;57;41;48;2;49;57;41m▀[38;2;205;0;0m▀[48;2;205;0;0m▀[48;2;255;255;255m▀[38;2;255;255;255;48;2;180;180;213m▀[38;2;49;57;41;48;2;49;57;41m▀▀[48;2;148;164;90m▀[38;2;148;164;90m▀▀[38;2;0;0;0;48;2;0;0;0m▀[38;2;49;57;41;49m▄[0m
[0m [38;2;49;57;41m▄▄[48;2;213;230;148m▀[38;2;0;0;0m▀[38;2;148;164;90;48;2;0;0;0m▀[48;2;148;164;90m▀▀▀▀▀▀▀[38;2;0;0;0m▀[38;2;49;57;41m▀▀▀▀[38;2;148;164;90;48;2;49;57;41m▀[38;2;0;0;0;48;2;172;189;98m▀[48;2;49;57;41m▀[38;2;148;164;90m▀[38;2;49;57;41;48;2;131;180;32m▀[38;2;131;180;32m▀▀[38;2;49;57;41m▀[38;2;0;0;0;49m▄[0m
[38;2;49;57;41;49m▀[38;2;172;189;98;48;2;49;57;41m▀[38;2;213;230;148m▀▀[48;2;172;189;98m▀[38;2;0;0;0m▀[38;2;98;106;74;48;2;0;0;0m▀[38;2;148;164;90;48;2;148;164;90m▀▀[48;2;74;82;57m▀[38;2;74;82;57;48;2;106;124;72m▀[48;2;148;164;90m▀[38;2;148;164;90m▀[48;2;106;124;72m▀[48;2;0;0;0m▀▀[38;2;0;0;0;48;2;213;230;148m▀[38;2;74;82;57m▀[38;2;213;230;148m▀▀▀[38;2;172;189;98m▀[38;2;49;57;41m▀[38;2;131;180;32;48;2;0;0;0m▀[48;2;131;180;32m▀[48;2;74;82;57m▀[38;2;0;0;0;48;2;148;164;90m▀[38;2;49;57;41;49m▄[0m
[0m    [38;2;49;57;41m▀▀▀[38;2;0;0;0m▀[38;2;49;57;41;48;2;49;57;41m▀[38;2;148;164;90;48;2;0;0;0m▀▀[38;2;106;124;72m▀[38;2;0;0;0;48;2;106;124;72m▀▀[38;2;49;57;41m▀[38;2;172;189;98;48;2;49;57;41m▀▀[48;2;0;0;0m▀[38;2;213;230;148m▀▀[38;2;172;189;98m▀[38;2;0;0;0;48;2;131;180;32m▀[48;2;49;57;41m▀[38;2;131;180;32m▀[38;2;74;82;57;48;2;148;164;90m▀[38;2;148;164;90m▀▀▀[38;2;49;57;41m▀[49m▄[0m
[0m    [38;2;49;57;41;48;2;0;0;0m▀[38;2;0;0;0;48;2;148;164;90m▀[38;2;106;124;72;48;2;0;0;0m▀[48;2;148;164;90m▀[38;2;49;57;41m▀[38;2;131;180;32;48;2;49;57;41m▀[48;2;106;124;72m▀[48;2;131;180;32m▀[38;2;74;82;57m▀▀▀[38;2;131;180;32m▀▀[38;2;49;57;41;48;2;0;0;0m▀[38;2;148;164;90;48;2;106;124;72m▀[38;2;49;57;41;48;2;0;0;0m▀[38;2;0;0;0;48;2;148;164;90m▀[38;2;49;57;41;48;2;0;0;0m▀[38;2;148;164;90;48;2;148;164;90m▀▀▀▀▀▀▀[38;2;49;57;41m▀[38;2;0;0;0;49m▄[0m
[0m   [38;2;49;57;41m▀[38;2;148;164;90;48;2;49;57;41m▀[48;2;0;0;0m▀[48;2;148;164;90m▀[48;2;49;57;41m▀[48;2;106;124;72m▀[38;2;106;124;72m▀[38;2;0;0;0m▀[48;2;49;57;41m▀[38;2;106;124;72;48;2;0;0;0m▀[38;2;131;180;32;48;2;106;124;72m▀▀▀[38;2;0;0;0;48;2;74;82;57m▀[38;2;148;164;90;48;2;0;0;0m▀[38;2;106;124;72m▀[48;2;106;124;72m▀[38;2;148;164;90m▀[48;2;148;164;90m▀▀[48;2;106;124;72m▀[48;2;0;0;0m▀[48;2;74;82;57m▀[38;2;74;82;57;48;2;148;164;90m▀[38;2;148;164;90m▀▀▀[38;2;0;0;0m▀[38;2;49;57;41;48;2;0;0;0m▀[49m▄[0m
[0m      [38;2;0;0;0m▀[38;2;49;57;41m▀[38;2;0;0;0m▀▀[38;2;49;57;41m▀[0m [38;2;0;0;0;48;2;49;57;41m▀[38;2;74;82;57;48;2;0;0;0m▀[38;2;106;124;72;48;2;74;82;57m▀[38;2;74;82;57;48;2;106;124;72m▀[38;2;106;124;72m▀▀▀[38;2;0;0;0m▀▀▀▀[48;2;148;164;90m▀[38;2;148;164;90m▀▀▀▀▀▀▀[38;2;0;0;0;48;2;0;0;0m▀[38;2;106;124;72;48;2;106;124;72m▀[38;2;49;57;41m▀▀[49m▄[0m
[0m           [38;2;49;57;41m▄[48;2;148;164;90m▀[38;2;148;164;90m▀[38;2;0;0;0m▀[38;2;106;124;72;48;2;49;57;41m▀[48;2;106;124;72m▀▀▀▀▀[48;2;0;0;0m▀[38;2;74;82;57;48;2;106;124;72m▀[38;2;148;164;90m▀[48;2;148;164;90m▀▀▀▀▀[48;2;106;124;72m▀[38;2;106;124;72m▀[38;2;0;0;0;48;2;0;0;0m▀[38;2;106;124;72;48;2;106;124;72m▀▀[48;2;49;57;41m▀[38;2;49;57;41;49m▀[0m
[0m           [38;2;49;57;41m▀[38;2;148;164;90;48;2;0;0;0m▀[48;2;148;164;90m▀▀[48;2;106;124;72m▀[38;2;106;124;72m▀[38;2;49;57;41m▀[38;2;106;124;72;48;2;49;57;41m▀▀▀[38;2;0;0;0m▀[38;2;106;124;72;48;2;0;0;0m▀[48;2;106;124;72m▀▀[38;2;148;164;90m▀▀[38;2;106;124;72m▀▀▀[38;2;0;0;0;48;2;0;0;0m▀[38;2;49;57;41;49m▀▀[0m
[0m            [38;2;0;0;0m▄[48;2;106;124;72m▀[38;2;106;124;72;48;2;148;164;90m▀▀[48;2;106;124;72m▀[48;2;49;57;41m▀▀[38;2;49;57;41;49m▀[0m  [38;2;0;0;0m▀[38;2;106;124;72;48;2;0;0;0m▀▀[48;2;106;124;72m▀▀▀[48;2;49;57;41m▀[38;2;0;0;0;49m▀[0m
[0m            [38;2;0;0;0m▀[38;2;148;164;90;48;2;0;0;0m▀[38;2;49;57;41m▀[38;2;148;164;90m▀[38;2;106;124;72m▀[38;2;49;57;41;49m▀[0m      [38;2;106;124;72;48;2;0;0;0m▀[38;2;148;164;90;48;2;148;164;90m▀[48;2;74;82;57m▀[38;2;106;124;72;48;2;148;164;90m▀[38;2;49;57;41;48;2;106;124;72m▀[38;2;0;0;0;48;2;0;0;0m▀[0m
[0m                         [38;2;0;0;0m▀▀▀▀[0m
