[0m                    [38;2;52;66;48m▄[48;2;74;139;74m▀▀[38;2;16;16;16;49m▄[0m
[0m                   [38;2;52;66;48m▄[48;2;65;106;57m▀[38;2;74;139;74;48;2;74;139;74m▀▀▀[38;2;16;16;16m▀[49m▄[0m
[0m                  [38;2;52;66;48m▄[48;2;65;106;57m▀[38;2;74;139;74;48;2;74;139;74m▀▀▀▀▀▀[38;2;52;66;48;48;2;16;16;16m▀[0m [38;2;52;66;48m▄▄[0m
[0m              [38;2;52;66;48m▄▄▄[48;2;74;139;74m▀▀▀[38;2;74;139;74m▀▀▀▀▀▀▀[38;2;16;16;16;48;2;16;16;16m▀[38;2;65;106;57;48;2;65;106;57m▀[38;2;52;66;48;48;2;52;66;48m▀[48;2;74;139;74m▀[49m▄[0m
[0m           [38;2;52;66;48m▄[48;2;74;139;74m▀▀[38;2;74;139;74m▀▀▀▀▀▀▀▀▀▀▀▀▀▀[38;2;16;16;16;48;2;16;16;16m▀[38;2;65;106;57;48;2;65;106;57m▀[38;2;52;66;48;48;2;52;66;48m▀[38;2;74;139;74;48;2;74;139;74m▀[38;2;16;16;16m▀[49m▄[0m
[0m         [38;2;52;66;48m▄[48;2;74;139;74m▀[38;2;74;139;74m▀▀▀▀▀▀▀▀[48;2;65;106;57m▀▀[38;2;65;106;57;48;2;115;115;115m▀▀▀[38;2;74;139;74;48;2;52;66;48m▀[48;2;74;139;74m▀▀▀[38;2;16;16;16m▀[38;2;65;106;57;48;2;16;16;16m▀[48;2;65;106;57m▀[38;2;74;139;74;48;2;74;139;74m▀▀[38;2;16;16;16m▀[49m▄[0m
[0m        [38;2;52;66;48;48;2;52;66;48m▀[38;2;74;139;74;48;2;74;139;74m▀▀▀▀[48;2;65;106;57m▀▀▀▀[38;2;65;106;57;48;2;115;115;115m▀▀[38;2;115;115;115;48;2;90;90;82m▀[48;2;98;0;0m▀[38;2;16;16;16;48;2;222;65;65m▀[48;2;16;16;16m▀[38;2;115;115;115;48;2;52;66;48m▀[48;2;115;115;115m▀[38;2;52;66;48;48;2;52;66;48m▀[38;2;74;139;74;48;2;74;139;74m▀▀▀[38;2;16;16;16;48;2;16;16;16m▀[38;2;65;106;57;48;2;65;106;57m▀▀[38;2;74;139;74;48;2;74;139;74m▀▀[38;2;16;16;16m▀[49m▄[0m
[0m       [38;2;52;66;48;48;2;52;66;48m▀[38;2;74;139;74;48;2;65;106;57m▀[48;2;74;139;74m▀[48;2;65;106;57m▀[38;2;65;106;57;48;2;115;115;115m▀▀[38;2;115;115;115m▀▀▀▀[48;2;16;16;16m▀[38;2;52;66;48;48;2;98;0;0m▀[38;2;255;255;255;48;2;222;65;65m▀[38;2;16;16;16;48;2;16;16;16m▀[38;2;222;65;65;48;2;222;65;65m▀[38;2;16;16;16;48;2;16;16;16m▀▀[38;2;115;115;115;48;2;115;115;115m▀▀[38;2;52;66;48;48;2;52;66;48m▀[38;2;74;139;74;48;2;74;139;74m▀▀▀[38;2;52;66;48;48;2;52;66;48m▀[38;2;65;106;57;48;2;65;106;57m▀[38;2;74;139;74;48;2;74;139;74m▀[48;2;98;0;0m▀▀[38;2;16;16;16m▀[38;2;98;0;0;49m▄▄▄▄▄▄▄▄▄[0m
[0m       [38;2;52;66;48;48;2;52;66;48m▀[38;2;115;115;115;48;2;115;115;115m▀[38;2;65;106;57m▀[38;2;115;115;115m▀[48;2;52;66;48m▀[38;2;90;90;82;48;2;115;115;115m▀[38;2;115;115;115m▀▀▀▀[38;2;16;16;16;48;2;52;66;48m▀[38;2;98;0;0;48;2;16;16;16m▀[38;2;222;65;65;48;2;98;0;0m▀[48;2;222;65;65m▀[48;2;16;16;16m▀[38;2;16;16;16m▀[38;2;52;66;48m▀[38;2;115;115;115m▀▀[38;2;52;66;48m▀[38;2;16;16;16;48;2;156;156;156m▀▀▀▀▀▀[38;2;180;32;32;48;2;180;32;32m▀[38;2;222;65;65m▀▀[48;2;222;65;65m▀▀▀▀▀▀▀▀▀[38;2;98;0;0m▀▀▀[49m▄[0m
[0m        [38;2;52;66;48;48;2;52;66;48m▀[38;2;115;115;115;48;2;90;90;82m▀[48;2;115;115;115m▀[48;2;16;16;16m▀[38;2;16;16;16;48;2;205;106;106m▀▀▀[38;2;115;115;115;48;2;16;16;16m▀▀▀[38;2;16;16;16;48;2;123;123;123m▀[48;2;156;156;156m▀▀[38;2;52;66;48m▀[38;2;156;156;156m▀▀▀▀▀▀▀▀▀▀▀▀▀▀[38;2;180;32;32m▀▀[48;2;16;16;16m▀[38;2;222;65;65m▀▀▀[38;2;16;16;16;49m▀▀▀[38;2;98;0;0m▀▀▀[0m
[0m     [38;2;123;123;123m▄▄[48;2;156;156;156m▀▀[38;2;16;16;16;48;2;123;123;123m▀▀[38;2;52;66;48m▀[38;2;205;106;106;48;2;16;16;16m▀[48;2;205;106;106m▀▀▀▀▀[38;2;16;16;16m▀[38;2;123;123;123;48;2;16;16;16m▀[38;2;156;156;156m▀[48;2;123;123;123m▀[48;2;156;156;156m▀▀▀▀▀[48;2;123;123;123m▀[48;2;16;16;16m▀▀▀▀[38;2;123;123;123m▀[38;2;16;16;16;48;2;74;139;74m▀▀▀▀▀[38;2;52;66;48;49m▄▄[0m
[0m [38;2;180;32;32m▄▄[48;2;222;65;65m▀[48;2;180;32;32m▀[38;2;156;156;156;48;2;156;156;156m▀▀[48;2;123;123;123m▀[38;2;123;123;123m▀▀[48;2;16;16;16m▀▀▀[38;2;16;16;16m▀[38;2;205;106;106;48;2;205;106;106m▀▀[48;2;238;180;180m▀▀[38;2;238;180;180m▀▀▀[38;2;16;16;16m▀[48;2;52;66;48m▀[48;2;115;115;115m▀▀[48;2;52;66;48m▀[48;2;65;106;57m▀▀[38;2;65;106;57;48;2;52;66;48m▀[38;2;52;66;48;48;2;74;139;74m▀[38;2;74;139;74m▀[38;2;52;66;48;48;2;52;66;48m▀[38;2;74;139;74;48;2;74;139;74m▀▀▀▀▀▀▀▀[38;2;52;66;48;48;2;52;66;48m▀[49m▄▄[0m    [38;2;98;0;0m▄▄[0m
[38;2;180;32;32;48;2;98;0;0m▀[38;2;222;65;65;48;2;16;16;16m▀▀▀[38;2;180;32;32m▀[38;2;16;16;16;48;2;180;32;32m▀[48;2;98;0;0m▀[48;2;222;65;65m▀[48;2;52;66;48m▀[38;2;52;66;48m▀[48;2;65;106;57m▀[38;2;65;106;57m▀[38;2;16;16;16;48;2;16;16;16m▀[38;2;52;66;48;48;2;115;115;115m▀[38;2;205;106;106;48;2;205;106;106m▀[38;2;238;180;180;48;2;238;180;180m▀▀▀▀▀[48;2;52;66;48m▀[38;2;52;66;48;48;2;115;115;115m▀[38;2;115;115;115m▀[48;2;52;66;48m▀[38;2;52;66;48;48;2;65;106;57m▀[38;2;65;106;57m▀[48;2;52;66;48m▀[38;2;52;66;48;48;2;74;139;74m▀[38;2;74;139;74m▀▀▀[38;2;16;16;16;48;2;16;16;16m▀[38;2;74;139;74;48;2;74;139;74m▀▀▀▀▀▀[48;2;52;66;48m▀[38;2;16;16;16;48;2;74;139;74m▀[38;2;74;139;74m▀▀▀[38;2;52;66;48m▀[48;2;98;0;0m▀[38;2;98;0;0;48;2;180;32;32m▀[48;2;222;65;65m▀[38;2;222;65;65m▀[48;2;16;16;16m▀[38;2;16;16;16;49m▀[0m
[0m    [38;2;16;16;16m▀[38;2;222;65;65;48;2;98;0;0m▀[38;2;180;32;32;48;2;180;32;32m▀[38;2;52;66;48;48;2;16;16;16m▀[38;2;65;106;57;48;2;65;106;57m▀▀▀[38;2;52;66;48;48;2;52;66;48m▀[38;2;65;106;57;48;2;65;106;57m▀[38;2;16;16;16m▀[38;2;115;115;115;48;2;16;16;16m▀[38;2;52;66;48m▀[38;2;238;180;180;48;2;115;115;115m▀▀[38;2;52;66;48m▀▀[38;2;115;115;115;48;2;16;16;16m▀▀[38;2;16;16;16;48;2;65;106;57m▀[38;2;65;106;57;48;2;52;66;48m▀[38;2;52;66;48;48;2;65;106;57m▀[48;2;74;139;74m▀[38;2;74;139;74m▀▀▀▀▀[48;2;16;16;16m▀[38;2;52;66;48m▀[38;2;74;139;74;48;2;74;139;74m▀▀▀▀▀[38;2;16;16;16;48;2;16;16;16m▀[38;2;74;139;74;48;2;52;66;48m▀[48;2;74;139;74m▀▀▀[48;2;98;0;0m▀[38;2;98;0;0;48;2;222;65;65m▀[38;2;222;65;65m▀[38;2;180;32;32;48;2;180;32;32m▀[38;2;16;16;16m▀[38;2;98;0;0m▀[38;2;16;16;16;49m▄[0m
[0m    [38;2;16;16;16m▀[38;2;180;32;32;48;2;16;16;16m▀▀[38;2;98;0;0;49m▀[38;2;16;16;16m▀[38;2;65;106;57;48;2;16;16;16m▀▀[38;2;16;16;16;48;2;52;66;48m▀[38;2;65;106;57;48;2;16;16;16m▀[48;2;65;106;57m▀▀[38;2;52;66;48;48;2;52;66;48m▀[38;2;16;16;16;48;2;74;139;74m▀▀[48;2;65;106;57m▀▀[38;2;65;106;57m▀▀[48;2;74;139;74m▀▀[38;2;74;139;74m▀▀▀▀▀▀[38;2;65;106;57;48;2;16;16;16m▀[38;2;16;16;16;48;2;65;106;57m▀[38;2;65;106;57m▀[38;2;16;16;16m▀[38;2;74;139;74;48;2;52;66;48m▀[48;2;16;16;16m▀▀[38;2;52;66;48;48;2;52;66;48m▀[49m▀[0m [38;2;16;16;16m▀▀▀▀[38;2;180;32;32;48;2;16;16;16m▀[38;2;222;65;65;48;2;180;32;32m▀[38;2;98;0;0;48;2;222;65;65m▀[38;2;16;16;16;48;2;98;0;0m▀[49m▀[0m       [38;2;98;0;0m▄▄[0m
[0m             [38;2;16;16;16m▀▀[38;2;52;66;48;48;2;52;66;48m▀[38;2;74;139;74;48;2;74;139;74m▀▀▀▀▀▀▀▀▀▀▀▀[48;2;16;16;16m▀[38;2;16;16;16;48;2;65;106;57m▀[38;2;65;106;57m▀▀▀▀▀[48;2;52;66;48m▀▀[38;2;16;16;16;48;2;16;16;16m▀[0m       [38;2;98;0;0m▀[38;2;16;16;16m▀▀[0m      [38;2;98;0;0m▄[48;2;222;65;65m▀[38;2;222;65;65m▀[38;2;16;16;16;48;2;16;16;16m▀[0m
[0m                [38;2;52;66;48;48;2;52;66;48m▀[38;2;74;139;74;48;2;74;139;74m▀▀▀▀▀▀▀▀▀[48;2;16;16;16m▀[38;2;16;16;16;48;2;52;66;48m▀[38;2;65;106;57m▀▀▀[38;2;52;66;48;48;2;90;90;82m▀▀▀▀[38;2;90;90;82m▀▀[38;2;16;16;16m▀[49m▄[0m              [38;2;98;0;0;48;2;98;0;0m▀[38;2;180;32;32;48;2;222;65;65m▀[38;2;222;65;65m▀▀[38;2;16;16;16;48;2;16;16;16m▀[0m
[0m               [38;2;52;66;48m▄[48;2;115;115;115m▀▀[38;2;74;139;74;48;2;52;66;48m▀[48;2;74;139;74m▀▀▀▀[48;2;52;66;48m▀[48;2;16;16;16m▀[38;2;16;16;16;48;2;115;115;115m▀[38;2;115;115;115m▀▀[38;2;90;90;82m▀[48;2;90;90;82m▀▀▀▀▀▀▀▀▀[38;2;16;16;16m▀[49m▄[0m         [38;2;52;66;48m▄▄[48;2;115;115;115m▀[38;2;98;0;0;48;2;222;65;65m▀[38;2;222;65;65m▀▀[48;2;180;32;32m▀[38;2;180;32;32;48;2;16;16;16m▀[38;2;16;16;16;49m▀[0m
[0m              [38;2;90;90;82m▄[38;2;52;66;48;48;2;115;115;115m▀[38;2;115;115;115m▀[38;2;90;90;82;48;2;90;90;82m▀[38;2;222;65;65;48;2;222;65;65m▀[38;2;52;66;48m▀[38;2;74;139;74;48;2;16;16;16m▀▀[38;2;16;16;16;48;2;90;90;82m▀[48;2;115;115;115m▀[38;2;115;115;115m▀▀▀▀▀▀▀[38;2;90;90;82m▀▀[48;2;90;90;82m▀▀[48;2;115;115;115m▀▀[38;2;115;115;115m▀▀[38;2;90;90;82m▀[38;2;52;66;48m▀[49m▄▄▄▄▄[48;2;115;115;115m▀▀▀[38;2;115;115;115m▀▀▀▀[48;2;90;90;82m▀[38;2;180;32;32m▀[48;2;180;32;32m▀[38;2;16;16;16;48;2;16;16;16m▀[0m
[0m             [38;2;90;90;82m▄[48;2;115;115;115m▀[38;2;115;115;115;48;2;90;90;82m▀[48;2;115;115;115m▀[38;2;90;90;82;48;2;90;90;82m▀[38;2;222;65;65;48;2;222;65;65m▀▀▀▀[38;2;90;90;82;48;2;90;90;82m▀[38;2;115;115;115;48;2;115;115;115m▀[48;2;90;90;82m▀[38;2;90;90;82;48;2;222;65;65m▀▀[38;2;115;115;115;48;2;90;90;82m▀[48;2;115;115;115m▀▀▀▀▀▀▀▀▀▀▀▀▀[38;2;52;66;48m▀[38;2;115;115;115;48;2;52;66;48m▀[48;2;115;115;115m▀▀▀▀▀▀▀▀[48;2;90;90;82m▀▀[38;2;90;90;82m▀▀[38;2;16;16;16;48;2;16;16;16m▀[0m
[0m           [38;2;52;66;48m▄[38;2;90;90;82;48;2;115;115;115m▀[38;2;115;115;115m▀▀[38;2;90;90;82m▀[38;2;115;115;115m▀▀[38;2;90;90;82m▀[38;2;222;65;65;48;2;90;90;82m▀▀[38;2;90;90;82m▀[48;2;115;115;115m▀[38;2;115;115;115m▀[38;2;90;90;82m▀[38;2;222;65;65;48;2;90;90;82m▀[48;2;222;65;65m▀▀[38;2;90;90;82;48;2;90;90;82m▀[38;2;115;115;115;48;2;115;115;115m▀▀▀[48;2;90;90;82m▀[48;2;115;115;115m▀▀▀▀▀▀▀▀▀[38;2;52;66;48m▀[38;2;115;115;115;48;2;52;66;48m▀[48;2;115;115;115m▀▀[48;2;90;90;82m▀▀▀[38;2;90;90;82m▀▀▀▀▀[38;2;16;16;16;48;2;16;16;16m▀[0m
[0m         [38;2;52;66;48m▄[48;2;115;115;115m▀[38;2;115;115;115m▀▀▀▀▀▀▀[48;2;90;90;82m▀[48;2;115;115;115m▀▀▀▀▀[48;2;90;90;82m▀▀[38;2;90;90;82;48;2;115;115;115m▀▀[38;2;115;115;115m▀▀▀[48;2;52;66;48m▀[38;2;90;90;82;48;2;115;115;115m▀[38;2;115;115;115m▀▀▀▀▀▀▀▀▀▀[38;2;52;66;48m▀[38;2;90;90;82;48;2;16;16;16m▀[48;2;90;90;82m▀▀▀▀▀▀▀▀[38;2;16;16;16;48;2;16;16;16m▀[0m
[0m        [38;2;52;66;48m▄[48;2;115;115;115m▀[38;2;115;115;115m▀▀▀▀▀[48;2;90;90;82m▀▀[38;2;90;90;82m▀[38;2;52;66;48m▀[38;2;90;90;82;48;2;52;66;48m▀[48;2;90;90;82m▀[38;2;115;115;115m▀▀[38;2;90;90;82m▀[38;2;222;65;65;48;2;52;66;48m▀[48;2;180;32;32m▀[38;2;90;90;82;48;2;52;66;48m▀[38;2;115;115;115;48;2;90;90;82m▀▀[38;2;90;90;82m▀[48;2;52;66;48m▀[38;2;52;66;48;48;2;90;90;82m▀[38;2;115;115;115m▀▀[48;2;115;115;115m▀▀▀▀▀▀▀▀▀▀[38;2;16;16;16;48;2;16;16;16m▀[38;2;90;90;82;48;2;90;90;82m▀▀▀▀▀▀[48;2;16;16;16m▀[38;2;16;16;16;49m▀[0m
[0m       [38;2;52;66;48m▄[48;2;90;90;82m▀[38;2;115;115;115m▀▀▀[38;2;90;90;82m▀▀▀▀▀▀▀▀[38;2;52;66;48m▀[48;2;52;66;48m▀[38;2;90;90;82;48;2;16;16;16m▀▀▀[38;2;52;66;48;48;2;90;90;82m▀▀[38;2;90;90;82m▀▀▀[38;2;52;66;48m▀[38;2;90;90;82m▀▀▀▀[38;2;115;115;115m▀▀[48;2;115;115;115m▀▀[48;2;52;66;48m▀[48;2;115;115;115m▀▀▀[48;2;52;66;48m▀[38;2;90;90;82;48;2;90;90;82m▀[38;2;16;16;16;48;2;16;16;16m▀[38;2;90;90;82;48;2;90;90;82m▀[48;2;16;16;16m▀▀[38;2;16;16;16;49m▀▀[0m
[0m       [38;2;52;66;48;48;2;52;66;48m▀[38;2;90;90;82;48;2;90;90;82m▀▀▀▀▀▀▀▀▀[48;2;16;16;16m▀▀[38;2;16;16;16;49m▀▀[0m    [38;2;16;16;16m▀▀▀▀▀[38;2;90;90;82;48;2;16;16;16m▀[38;2;52;66;48m▀[38;2;90;90;82m▀▀[48;2;90;90;82m▀▀▀▀▀[38;2;52;66;48m▀[38;2;115;115;115;48;2;52;66;48m▀[38;2;90;90;82;48;2;90;90;82m▀▀[38;2;52;66;48m▀[38;2;90;90;82m▀[38;2;16;16;16;48;2;16;16;16m▀[49m▀[0m
[0m     [38;2;98;0;0m▄▄[48;2;180;32;32m▀[38;2;52;66;48;48;2;16;16;16m▀[38;2;98;0;0;48;2;222;65;65m▀[38;2;90;90;82;48;2;98;0;0m▀[48;2;90;90;82m▀▀[48;2;98;0;0m▀▀[48;2;16;16;16m▀[38;2;16;16;16;49m▀[0m                 [38;2;16;16;16m▀[38;2;90;90;82;48;2;16;16;16m▀[48;2;90;90;82m▀▀▀▀[38;2;52;66;48m▀[38;2;90;90;82m▀▀▀▀[38;2;16;16;16;48;2;16;16;16m▀[0m
[0m    [38;2;98;0;0;48;2;98;0;0m▀[38;2;222;65;65m▀[38;2;180;32;32;48;2;16;16;16m▀[38;2;16;16;16;48;2;222;65;65m▀[38;2;222;65;65m▀[48;2;16;16;16m▀[38;2;180;32;32m▀[38;2;90;90;82m▀[38;2;16;16;16;48;2;52;66;48m▀[38;2;180;32;32;48;2;16;16;16m▀[48;2;98;0;0m▀[38;2;98;0;0;48;2;180;32;32m▀[49m▄[0m                 [38;2;98;0;0m▄[48;2;222;65;65m▀[38;2;90;90;82;48;2;16;16;16m▀[48;2;90;90;82m▀▀▀[48;2;98;0;0m▀[38;2;98;0;0;48;2;222;65;65m▀[38;2;90;90;82;48;2;98;0;0m▀[48;2;90;90;82m▀[48;2;98;0;0m▀[38;2;98;0;0;48;2;222;65;65m▀[49m▄[0m
[0m      [38;2;16;16;16m▀▀▀[0m     [38;2;16;16;16m▀▀[38;2;98;0;0m▀[0m                [38;2;98;0;0;48;2;98;0;0m▀[38;2;222;65;65;48;2;16;16;16m▀[38;2;180;32;32m▀[38;2;98;0;0m▀[38;2;16;16;16m▀[38;2;90;90;82m▀[38;2;98;0;0m▀[38;2;222;65;65;48;2;180;32;32m▀[48;2;222;65;65m▀[38;2;98;0;0m▀[48;2;98;0;0m▀[38;2;180;32;32;48;2;16;16;16m▀[38;2;222;65;65;48;2;98;0;0m▀[48;2;222;65;65m▀[38;2;98;0;0;48;2;98;0;0m▀[0m
[0m                                        [38;2;16;16;16m▀▀[38;2;222;65;65;48;2;16;16;16m▀[38;2;98;0;0m▀[0m [38;2;16;16;16m▀▀▀[0m
