[0m                               [38;2;48;65;164m▄[48;2;82;98;197m▀▀[49m▄▄[0m
[0m                 [38;2;48;65;164m▄[48;2;82;98;197m▀▀[49m▄▄[0m       [38;2;48;65;164m▄[48;2;82;98;197m▀[38;2;82;98;197m▀▀▀▀▀[38;2;48;65;164m▀▀[38;2;16;16;16;49m▄[0m
[0m               [38;2;48;65;164m▄[48;2;82;98;197m▀[38;2;82;98;197m▀▀[48;2;123;139;197m▀[38;2;123;139;197;48;2;255;255;255m▀[38;2;255;255;255m▀[38;2;48;65;164m▀[48;2;123;139;197m▀[49m▄▄[0m [38;2;48;65;164m▄[48;2;82;98;197m▀[38;2;82;98;197m▀▀▀▀▀▀▀[48;2;41;49;90m▀[38;2;41;49;90;48;2;123;139;197m▀[38;2;16;16;16;48;2;16;16;16m▀[0m    [38;2;48;65;164m▄▄▄[0m
[0m              [38;2;48;65;164;48;2;48;65;164m▀[38;2;82;98;197;48;2;82;98;197m▀▀[48;2;123;139;197m▀[38;2;123;139;197;48;2;255;255;255m▀[38;2;255;255;255m▀▀[48;2;123;139;197m▀[38;2;123;139;197;48;2;82;98;197m▀[38;2;82;98;197m▀▀▀[38;2;48;65;164m▀[38;2;82;98;197m▀▀▀▀▀▀[48;2;41;49;90m▀[38;2;41;49;90;48;2;123;139;197m▀▀[38;2;123;139;197m▀[48;2;16;16;16m▀[38;2;16;16;16;49m▀[0m   [38;2;41;49;90;48;2;16;16;16m▀[38;2;82;98;197;48;2;82;98;197m▀▀▀[38;2;48;65;164m▀▀[38;2;16;16;16;48;2;48;65;164m▀[49m▄[0m
[0m     [38;2;48;65;164m▄▄[48;2;82;98;197m▀▀[38;2;41;49;90;49m▄[0m     [38;2;16;16;16m▀▀[38;2;255;255;255;48;2;16;16;16m▀▀[48;2;123;139;197m▀[38;2;123;139;197;48;2;82;98;197m▀[38;2;82;98;197m▀▀▀▀▀▀▀▀▀▀[48;2;41;49;90m▀[38;2;41;49;90;48;2;123;139;197m▀[38;2;123;139;197m▀[48;2;82;98;197m▀▀[38;2;41;49;90;48;2;98;131;213m▀▀[49m▄▄[0m  [38;2;16;16;16;48;2;16;16;16m▀[38;2;82;98;197;48;2;82;98;197m▀▀▀▀▀[38;2;48;65;164;48;2;48;65;164m▀[38;2;16;16;16;48;2;16;16;16m▀[0m
[0m   [38;2;48;65;164m▄[48;2;82;98;197m▀▀[38;2;82;98;197m▀▀[48;2;123;139;197m▀[38;2;123;139;197;48;2;164;180;213m▀[38;2;41;49;90;48;2;41;49;90m▀[0m      [38;2;98;131;213m▄[48;2;139;172;255m▀[38;2;16;16;16m▀▀[38;2;82;98;197;48;2;16;16;16m▀▀[48;2;82;98;197m▀▀▀▀▀▀[48;2;41;49;90m▀[38;2;41;49;90;48;2;123;139;197m▀[38;2;123;139;197;48;2;82;98;197m▀▀[38;2;82;98;197;48;2;98;131;213m▀[38;2;98;131;213m▀▀▀▀▀[48;2;139;172;255m▀[38;2;41;49;90m▀▀[38;2;16;16;16;48;2;16;16;16m▀[38;2;82;98;197;48;2;82;98;197m▀▀▀▀▀[38;2;48;65;164;48;2;48;65;164m▀[38;2;16;16;16;48;2;123;139;197m▀[49m▄[0m
[0m   [38;2;41;49;90m▀[38;2;82;98;197;48;2;16;16;16m▀[48;2;82;98;197m▀[48;2;123;139;197m▀[38;2;123;139;197;48;2;255;255;255m▀[38;2;255;255;255m▀[38;2;164;180;213m▀[38;2;123;139;197;48;2;164;180;213m▀[38;2;41;49;90;48;2;41;49;90m▀[0m [38;2;98;131;213m▄▄[48;2;139;172;255m▀▀[38;2;139;172;255m▀▀▀▀[48;2;98;131;213m▀[48;2;205;222;255m▀[38;2;16;16;16m▀▀[38;2;82;98;197;48;2;16;16;16m▀▀[38;2;41;49;90m▀[38;2;16;16;16;48;2;82;98;197m▀[38;2;123;139;197m▀[38;2;82;98;197;48;2;164;180;213m▀[38;2;164;180;213m▀▀[38;2;82;98;197m▀▀[38;2;98;131;213;48;2;82;98;197m▀[38;2;139;172;255m▀[48;2;139;172;255m▀▀▀▀▀▀[38;2;16;16;16;48;2;16;16;16m▀[38;2;82;98;197;48;2;82;98;197m▀▀▀▀▀[38;2;48;65;164;48;2;48;65;164m▀[38;2;16;16;16;48;2;16;16;16m▀[0m
[0m    [38;2;16;16;16m▀[38;2;123;139;197;48;2;48;65;164m▀[38;2;255;255;255;48;2;255;255;255m▀▀▀▀[38;2;164;180;213m▀[38;2;123;139;197;48;2;164;180;213m▀[38;2;41;49;90;48;2;98;131;213m▀[38;2;139;172;255;48;2;139;172;255m▀▀▀▀[48;2;98;131;213m▀[48;2;205;222;255m▀[38;2;98;131;213m▀[38;2;205;222;255m▀▀▀[48;2;41;49;90m▀[48;2;48;65;164m▀[38;2;41;49;90m▀[38;2;16;16;16;48;2;16;16;16m▀[38;2;48;65;164;48;2;48;65;164m▀[38;2;41;49;90m▀▀[38;2;123;139;197m▀[38;2;164;180;213;48;2;41;49;90m▀▀[38;2;205;222;255;48;2;205;222;255m▀▀▀▀[38;2;82;98;197m▀▀[38;2;139;172;255;48;2;82;98;197m▀▀[48;2;98;131;213m▀[48;2;139;172;255m▀[38;2;16;16;16;48;2;16;16;16m▀[38;2;82;98;197;48;2;82;98;197m▀▀▀▀▀[38;2;48;65;164;48;2;48;65;164m▀[38;2;123;139;197;48;2;123;139;197m▀[38;2;16;16;16m▀[49m▄▄[0m
[0m     [38;2;16;16;16m▀[38;2;255;255;255;48;2;16;16;16m▀[48;2;255;255;255m▀▀[48;2;123;139;197m▀[38;2;123;139;197;48;2;82;98;197m▀[38;2;164;180;213;48;2;205;222;255m▀[38;2;98;131;213;48;2;98;131;213m▀[38;2;139;172;255;48;2;139;172;255m▀[48;2;98;131;213m▀[48;2;205;222;255m▀[38;2;98;131;213m▀[38;2;205;222;255m▀▀[48;2;98;131;213m▀[48;2;48;65;164m▀[38;2;41;49;90m▀[38;2;48;65;164m▀▀▀▀[48;2;82;98;197m▀[38;2;16;16;16;48;2;41;49;90m▀[38;2;48;65;164;48;2;82;98;197m▀▀[48;2;48;65;164m▀▀▀▀[38;2;41;49;90m▀▀[38;2;205;222;255;48;2;41;49;90m▀▀[48;2;205;222;255m▀▀▀▀[38;2;82;98;197m▀[38;2;16;16;16;48;2;16;16;16m▀[38;2;82;98;197;48;2;82;98;197m▀▀▀▀▀[38;2;48;65;164m▀▀[38;2;123;139;197m▀▀▀[38;2;16;16;16;48;2;48;65;164m▀▀▀[38;2;41;49;90;49m▄[0m
[0m     [38;2;16;16;16m▄[48;2;255;255;255m▀[38;2;255;255;255;48;2;123;139;197m▀[38;2;123;139;197;48;2;82;98;197m▀[38;2;82;98;197m▀▀[38;2;205;222;255;48;2;205;222;255m▀[38;2;98;131;213;48;2;98;131;213m▀[38;2;205;222;255;48;2;205;222;255m▀▀▀[48;2;41;49;90m▀[48;2;48;65;164m▀[38;2;41;49;90m▀[38;2;48;65;164m▀▀▀[48;2;82;98;197m▀▀[38;2;82;98;197m▀▀▀[38;2;41;49;90;48;2;41;49;90m▀[38;2;82;98;197;48;2;82;98;197m▀▀▀▀[38;2;48;65;164m▀▀[48;2;48;65;164m▀▀▀▀[38;2;41;49;90m▀▀[38;2;205;222;255;48;2;41;49;90m▀▀[48;2;205;222;255m▀[38;2;16;16;16;48;2;16;16;16m▀[38;2;82;98;197;48;2;82;98;197m▀▀▀▀▀▀▀▀▀▀▀▀▀▀[38;2;41;49;90;48;2;16;16;16m▀[0m
[0m [38;2;16;16;16m▄▄[48;2;255;255;255m▀▀[38;2;255;255;255;48;2;123;139;197m▀[38;2;123;139;197;48;2;82;98;197m▀[38;2;82;98;197m▀▀▀▀[38;2;123;139;197;48;2;16;16;16m▀[38;2;41;49;90m▀[38;2;205;222;255m▀[38;2;41;49;90m▀[48;2;48;65;164m▀[38;2;48;65;164m▀▀▀[48;2;82;98;197m▀[38;2;82;98;197m▀▀▀▀[48;2;48;65;164m▀▀[38;2;48;65;164;48;2;139;172;255m▀[38;2;16;16;16;48;2;98;131;213m▀[48;2;139;172;255m▀▀[38;2;82;98;197;48;2;16;16;16m▀▀[48;2;82;98;197m▀▀▀▀▀[38;2;48;65;164m▀▀[48;2;48;65;164m▀▀▀[38;2;41;49;90;48;2;16;16;16m▀▀[38;2;16;16;16;48;2;123;139;197m▀[48;2;164;180;213m▀▀▀[38;2;82;98;197;48;2;16;16;16m▀▀▀▀▀[48;2;82;98;197m▀▀▀▀▀[38;2;16;16;16;48;2;16;16;16m▀[0m
[38;2;16;16;16;48;2;16;16;16m▀[38;2;255;255;255;48;2;255;255;255m▀▀[48;2;123;139;197m▀[38;2;123;139;197;48;2;82;98;197m▀[38;2;82;98;197m▀▀▀[48;2;48;65;164m▀[48;2;16;16;16m▀[38;2;16;16;16;48;2;41;49;90m▀[38;2;41;49;90;48;2;164;180;213m▀[38;2;123;139;197m▀[38;2;16;16;16;48;2;16;16;16m▀[38;2;48;65;164;48;2;48;65;164m▀[38;2;16;16;16m▀▀[38;2;82;98;197;48;2;41;49;90m▀▀[48;2;48;65;164m▀[48;2;82;98;197m▀[48;2;48;65;164m▀[38;2;48;65;164;48;2;139;172;255m▀▀[38;2;139;172;255;48;2;205;222;255m▀▀[38;2;205;222;255m▀[38;2;98;131;213;48;2;98;131;213m▀[38;2;205;222;255;48;2;139;172;255m▀[48;2;205;222;255m▀[38;2;139;172;255m▀▀[38;2;16;16;16;48;2;139;172;255m▀▀[38;2;82;98;197;48;2;16;16;16m▀▀[48;2;82;98;197m▀▀[48;2;41;49;90m▀▀[38;2;16;16;16;48;2;82;98;197m▀▀[38;2;48;65;164;48;2;48;65;164m▀▀[38;2;41;49;90;48;2;41;49;90m▀[38;2;164;180;213;48;2;164;180;213m▀▀▀[38;2;48;65;164;48;2;123;139;197m▀[38;2;82;98;197;48;2;82;98;197m▀▀▀[38;2;48;65;164m▀[38;2;16;16;16;48;2;16;16;16m▀[49m▀▀▀▀▀[0m
[38;2;16;16;16;48;2;16;16;16m▀[38;2;255;255;255;48;2;123;139;197m▀[38;2;123;139;197;48;2;82;98;197m▀[38;2;82;98;197m▀[48;2;48;65;164m▀▀[38;2;48;65;164;48;2;123;139;197m▀▀[38;2;123;139;197;48;2;41;49;90m▀[38;2;41;49;90;48;2;98;131;213m▀[38;2;82;98;197;48;2;82;98;197m▀[38;2;164;180;213;48;2;164;180;213m▀[48;2;205;222;255m▀[38;2;16;16;16;48;2;41;49;90m▀[38;2;48;65;164;48;2;48;65;164m▀▀▀[38;2;82;98;197;48;2;82;98;197m▀▀[38;2;41;49;90;48;2;41;49;90m▀[48;2;123;139;197m▀[38;2;139;172;255;48;2;205;222;255m▀▀[38;2;205;222;255m▀[48;2;139;172;255m▀[38;2;139;172;255;48;2;98;131;213m▀▀[38;2;98;131;213;48;2;255;255;255m▀[38;2;139;172;255;48;2;98;131;213m▀▀[48;2;139;172;255m▀[38;2;205;222;255m▀▀[48;2;205;222;255m▀[38;2;139;172;255m▀[48;2;82;98;197m▀[38;2;16;16;16m▀[48;2;16;16;16m▀[48;2;98;164;238m▀[38;2;82;98;197;48;2;16;16;16m▀▀[48;2;82;98;197m▀[38;2;48;65;164;48;2;48;65;164m▀▀▀[38;2;164;180;213;48;2;123;139;197m▀[48;2;164;180;213m▀▀[38;2;123;139;197m▀[38;2;82;98;197;48;2;48;65;164m▀[48;2;82;98;197m▀▀▀[38;2;16;16;16;48;2;16;16;16m▀[0m
[38;2;16;16;16;48;2;16;16;16m▀[38;2;82;98;197;48;2;48;65;164m▀[38;2;48;65;164;48;2;123;139;197m▀▀[38;2;123;139;197m▀▀▀[38;2;16;16;16;48;2;16;16;16m▀[38;2;98;131;213;48;2;98;131;213m▀▀[38;2;82;98;197m▀[38;2;205;222;255;48;2;205;222;255m▀▀[38;2;164;180;213m▀[38;2;48;65;164;48;2;48;65;164m▀▀▀[38;2;82;98;197;48;2;82;98;197m▀[48;2;41;49;90m▀[38;2;41;49;90;48;2;131;213;238m▀[38;2;123;139;197;48;2;41;49;90m▀[48;2;164;180;213m▀[38;2;139;172;255;48;2;123;139;197m▀[48;2;98;131;213m▀[38;2;98;131;213;48;2;255;255;255m▀[38;2;255;255;255m▀▀▀▀[38;2;205;222;255;48;2;205;222;255m▀[38;2;98;131;213;48;2;139;172;255m▀▀[38;2;139;172;255;48;2;98;131;213m▀[48;2;82;98;197m▀[38;2;82;98;197m▀[48;2;16;16;16m▀[38;2;16;16;16;48;2;131;213;238m▀[38;2;131;213;238m▀▀▀▀[38;2;16;16;16m▀[48;2;98;164;238m▀[38;2;48;65;164;48;2;16;16;16m▀▀[38;2;41;49;90;48;2;41;49;90m▀[38;2;164;180;213;48;2;164;180;213m▀[48;2;123;139;197m▀[48;2;16;16;16m▀[38;2;48;65;164m▀▀[38;2;16;16;16m▀▀[49m▀[0m
[0m [38;2;41;49;90m▀▀▀▀▀▀▀[48;2;41;49;90m▀[38;2;98;131;213;48;2;98;131;213m▀▀[38;2;82;98;197;48;2;82;98;197m▀[38;2;205;222;255;48;2;205;222;255m▀▀[38;2;41;49;90;48;2;16;16;16m▀[38;2;48;65;164;48;2;41;49;90m▀[38;2;41;49;90;48;2;131;213;238m▀▀[38;2;131;213;238m▀▀▀[38;2;41;49;90;48;2;41;49;90m▀[38;2;123;139;197;48;2;123;139;197m▀[38;2;255;255;255;48;2;255;255;255m▀▀▀▀▀[38;2;205;222;255;48;2;139;172;255m▀[38;2;139;172;255m▀▀▀[38;2;98;131;213;48;2;98;131;213m▀[38;2;82;98;197;48;2;16;16;16m▀[38;2;16;16;16;48;2;98;164;238m▀[38;2;131;213;238;48;2;131;213;238m▀▀▀▀▀▀▀▀[38;2;98;164;238;48;2;98;164;238m▀[38;2;65;106;246;48;2;65;106;246m▀[38;2;41;49;90;48;2;48;65;164m▀[48;2;16;16;16m▀▀[38;2;16;16;16m▀▀▀[49m▀[0m
[0m        [38;2;16;16;16m▀[48;2;16;16;16m▀▀▀▀[48;2;48;65;164m▀[48;2;65;106;246m▀[38;2;98;164;238;48;2;98;164;238m▀[38;2;131;213;238;48;2;131;213;238m▀▀▀▀▀▀[38;2;41;49;90m▀[48;2;98;164;238m▀[48;2;65;106;246m▀[48;2;48;65;164m▀[48;2;16;16;16m▀▀▀▀▀▀[48;2;48;65;164m▀[38;2;65;106;246;48;2;65;106;246m▀[38;2;98;164;238m▀[38;2;131;213;238;48;2;98;164;238m▀[48;2;131;213;238m▀▀[48;2;41;49;90m▀[38;2;41;49;90;48;2;123;139;197m▀[48;2;48;65;164m▀[38;2;131;213;238;48;2;41;49;90m▀▀[38;2;98;164;238;48;2;65;106;246m▀[38;2;65;106;246m▀[38;2;48;65;164;48;2;48;65;164m▀[38;2;16;16;16;48;2;16;16;16m▀▀▀▀[49m▄[0m
[0m         [38;2;16;16;16m▄[48;2;16;16;16m▀▀▀[38;2;48;65;164;48;2;48;65;164m▀[38;2;65;106;246;48;2;65;106;246m▀[38;2;98;164;238;48;2;98;164;238m▀[38;2;131;213;238;48;2;41;49;90m▀[38;2;41;49;90;48;2;82;98;197m▀[48;2;41;49;90m▀[38;2;131;213;238m▀▀[48;2;131;213;238m▀▀[38;2;98;164;238;48;2;65;106;246m▀[38;2;65;106;246m▀[38;2;48;65;164;48;2;48;65;164m▀[38;2;16;16;16;48;2;16;16;16m▀▀▀▀▀▀[38;2;48;65;164m▀[38;2;65;106;246;48;2;48;65;164m▀[48;2;65;106;246m▀[48;2;41;49;90m▀[38;2;41;49;90m▀[48;2;164;180;213m▀[38;2;164;180;213m▀[38;2;123;139;197;48;2;123;139;197m▀[38;2;48;65;164;48;2;48;65;164m▀[38;2;82;98;197;48;2;82;98;197m▀▀[38;2;41;49;90m▀[38;2;48;65;164;48;2;41;49;90m▀[38;2;16;16;16m▀[48;2;16;16;16m▀▀▀▀▀▀[48;2;41;49;90m▀[38;2;41;49;90;49m▄▄[0m
[0m       [38;2;16;16;16m▄[48;2;82;98;197m▀▀[48;2;48;65;164m▀[48;2;41;49;90m▀[48;2;16;16;16m▀▀[38;2;48;65;164m▀[38;2;41;49;90;48;2;48;65;164m▀[38;2;48;65;164m▀[38;2;82;98;197;48;2;82;98;197m▀[38;2;41;49;90;48;2;41;49;90m▀[38;2;139;172;255;48;2;139;172;255m▀[38;2;123;139;197;48;2;255;255;255m▀[38;2;41;49;90;48;2;205;222;255m▀[48;2;123;139;197m▀[38;2;65;106;246;48;2;41;49;90m▀[38;2;48;65;164m▀[38;2;16;16;16m▀▀▀▀[38;2;41;49;90;48;2;82;98;197m▀[48;2;139;172;255m▀▀▀▀[48;2;41;49;90m▀[38;2;123;139;197;48;2;123;139;197m▀▀[38;2;164;180;213;48;2;164;180;213m▀▀[38;2;123;139;197;48;2;123;139;197m▀▀[38;2;82;98;197;48;2;82;98;197m▀▀▀[38;2;48;65;164;48;2;48;65;164m▀▀[38;2;41;49;90;48;2;41;49;90m▀[38;2;16;16;16;48;2;123;139;197m▀[48;2;164;180;213m▀▀[38;2;48;65;164;48;2;48;65;164m▀[38;2;82;98;197;48;2;82;98;197m▀▀▀[38;2;41;49;90;48;2;41;49;90m▀[0m    [38;2;48;65;164m▄[38;2;41;49;90m▄[0m
[0m  [38;2;48;65;164m▄▄▄▄▄[38;2;16;16;16;48;2;16;16;16m▀[38;2;98;131;213;48;2;98;131;213m▀▀[38;2;82;98;197;48;2;82;98;197m▀[38;2;164;180;213;48;2;205;222;255m▀[38;2;205;222;255m▀▀[38;2;16;16;16;48;2;16;16;16m▀[38;2;48;65;164;48;2;48;65;164m▀▀[38;2;82;98;197;48;2;82;98;197m▀[38;2;41;49;90;48;2;41;49;90m▀[38;2;139;172;255;48;2;123;139;197m▀[38;2;255;255;255;48;2;139;172;255m▀[38;2;205;222;255;48;2;205;222;255m▀[38;2;139;172;255;48;2;139;172;255m▀[38;2;41;49;90;48;2;41;49;90m▀[38;2;255;255;255;48;2;255;255;255m▀[48;2;205;222;255m▀[38;2;205;222;255;48;2;139;172;255m▀[38;2;139;172;255m▀▀▀▀▀▀▀[38;2;41;49;90;48;2;41;49;90m▀[38;2;123;139;197;48;2;82;98;197m▀▀[38;2;164;180;213;48;2;123;139;197m▀[48;2;164;180;213m▀[38;2;123;139;197;48;2;123;139;197m▀▀[38;2;48;65;164;48;2;48;65;164m▀[38;2;82;98;197;48;2;82;98;197m▀▀[38;2;48;65;164;48;2;48;65;164m▀▀[38;2;41;49;90;48;2;41;49;90m▀[38;2;164;180;213;48;2;164;180;213m▀▀▀[38;2;82;98;197;48;2;48;65;164m▀[48;2;82;98;197m▀▀▀[38;2;41;49;90;48;2;41;49;90m▀[38;2;48;65;164;49m▄▄[48;2;82;98;197m▀▀[38;2;82;98;197m▀[38;2;41;49;90;48;2;41;49;90m▀[0m
[0m [38;2;41;49;90;48;2;41;49;90m▀[38;2;123;139;197;48;2;255;255;255m▀[38;2;205;222;255;48;2;123;139;197m▀▀[48;2;205;222;255m▀▀[38;2;16;16;16;48;2;82;98;197m▀[38;2;98;131;213;48;2;98;131;213m▀▀[38;2;82;98;197m▀[38;2;205;222;255;48;2;164;180;213m▀[48;2;205;222;255m▀▀[38;2;16;16;16;48;2;16;16;16m▀[38;2;48;65;164;48;2;48;65;164m▀▀[38;2;82;98;197m▀[38;2;41;49;90;48;2;82;98;197m▀[38;2;123;139;197;48;2;41;49;90m▀[38;2;139;172;255;48;2;139;172;255m▀[38;2;255;255;255;48;2;82;98;197m▀[38;2;139;172;255m▀[38;2;82;98;197;48;2;123;139;197m▀[38;2;255;255;255;48;2;41;49;90m▀[38;2;139;172;255;48;2;139;172;255m▀▀▀▀▀▀[48;2;41;49;90m▀▀[38;2;41;49;90;48;2;123;139;197m▀[38;2;123;139;197;48;2;164;180;213m▀▀[38;2;164;180;213m▀[38;2;123;139;197m▀[38;2;82;98;197;48;2;123;139;197m▀[48;2;41;49;90m▀[38;2;41;49;90;48;2;48;65;164m▀[38;2;82;98;197m▀[48;2;82;98;197m▀▀[38;2;48;65;164;48;2;48;65;164m▀▀[38;2;41;49;90;48;2;41;49;90m▀[38;2;164;180;213;48;2;164;180;213m▀▀▀[38;2;48;65;164;48;2;48;65;164m▀[38;2;82;98;197;48;2;16;16;16m▀▀[38;2;16;16;16;48;2;82;98;197m▀▀[38;2;82;98;197m▀▀▀▀▀[38;2;41;49;90m▀[49m▄[0m
[0m [38;2;41;49;90;48;2;41;49;90m▀[38;2;255;255;255;48;2;255;255;255m▀▀▀[38;2;123;139;197m▀▀[38;2;205;222;255;48;2;48;65;164m▀[38;2;98;131;213m▀[48;2;82;98;197m▀[48;2;98;131;213m▀[38;2;82;98;197;48;2;82;98;197m▀[38;2;205;222;255;48;2;205;222;255m▀▀[38;2;123;139;197m▀[38;2;41;49;90;48;2;41;49;90m▀[38;2;48;65;164;48;2;48;65;164m▀▀[38;2;82;98;197;48;2;82;98;197m▀[48;2;48;65;164m▀[48;2;139;172;255m▀[38;2;123;139;197m▀[38;2;205;222;255m▀[48;2;205;222;255m▀[38;2;139;172;255;48;2;255;255;255m▀[38;2;41;49;90;48;2;205;222;255m▀[48;2;139;172;255m▀[38;2;82;98;197;48;2;41;49;90m▀[38;2;139;172;255m▀[38;2;41;49;90m▀▀[38;2;123;139;197m▀▀[38;2;164;180;213m▀[48;2;123;139;197m▀▀[38;2;123;139;197;48;2;48;65;164m▀▀[38;2;41;49;90;48;2;82;98;197m▀[38;2;82;98;197m▀▀▀[38;2;48;65;164;48;2;48;65;164m▀[38;2;41;49;90m▀[38;2;48;65;164;48;2;41;49;90m▀▀[38;2;41;49;90m▀[38;2;164;180;213;48;2;16;16;16m▀▀[38;2;16;16;16;48;2;82;98;197m▀▀[38;2;82;98;197m▀▀▀▀▀▀▀▀▀▀[38;2;41;49;90;48;2;16;16;16m▀[0m
[0m  [38;2;16;16;16;48;2;16;16;16m▀[38;2;255;255;255;48;2;255;255;255m▀▀[48;2;123;139;197m▀[38;2;123;139;197;48;2;82;98;197m▀[38;2;82;98;197m▀▀[38;2;48;65;164m▀▀[38;2;82;98;197;48;2;48;65;164m▀[38;2;205;222;255m▀[48;2;123;139;197m▀[48;2;205;222;255m▀[38;2;16;16;16;48;2;16;16;16m▀[38;2;48;65;164;48;2;48;65;164m▀[48;2;16;16;16m▀[38;2;16;16;16;48;2;48;65;164m▀[38;2;82;98;197m▀[48;2;82;98;197m▀[38;2;98;131;213m▀[38;2;139;172;255;48;2;41;49;90m▀▀[38;2;41;49;90;48;2;16;16;16m▀[48;2;98;164;238m▀[38;2;131;213;238;48;2;131;213;238m▀▀[38;2;65;106;246;48;2;98;164;238m▀[38;2;16;16;16;48;2;16;16;16m▀▀▀[38;2;65;106;246;48;2;98;164;238m▀[38;2;131;213;238;48;2;131;213;238m▀[38;2;41;49;90m▀[48;2;98;164;238m▀[48;2;16;16;16m▀[38;2;82;98;197;48;2;41;49;90m▀[48;2;82;98;197m▀▀[48;2;48;65;164m▀[38;2;48;65;164m▀▀▀[48;2;41;49;90m▀[38;2;41;49;90;48;2;164;180;213m▀[38;2;164;180;213m▀[38;2;16;16;16;48;2;16;16;16m▀[38;2;82;98;197;48;2;82;98;197m▀▀▀▀▀▀▀▀[48;2;48;65;164m▀▀[38;2;48;65;164;48;2;123;139;197m▀[48;2;16;16;16m▀▀[38;2;16;16;16;49m▀[0m
[0m  [38;2;16;16;16m▀[38;2;255;255;255;48;2;16;16;16m▀[38;2;123;139;197m▀[38;2;82;98;197;48;2;82;98;197m▀▀▀▀▀▀▀▀[38;2;48;65;164m▀[38;2;123;139;197;48;2;48;65;164m▀[38;2;16;16;16;48;2;123;139;197m▀[48;2;41;49;90m▀[38;2;48;65;164m▀[48;2;48;65;164m▀▀▀[48;2;41;49;90m▀[38;2;16;16;16;48;2;16;16;16m▀▀▀[38;2;65;106;246m▀[38;2;131;213;238;48;2;41;49;90m▀▀[38;2;65;106;246;48;2;16;16;16m▀[38;2;16;16;16m▀▀▀[38;2;65;106;246m▀[38;2;131;213;238;48;2;41;49;90m▀▀[38;2;65;106;246;48;2;16;16;16m▀[38;2;16;16;16m▀▀[38;2;41;49;90;48;2;98;164;238m▀[38;2;48;65;164;48;2;41;49;90m▀[48;2;48;65;164m▀[48;2;41;49;90m▀[38;2;41;49;90;48;2;123;139;197m▀[48;2;164;180;213m▀[38;2;164;180;213m▀▀▀[38;2;16;16;16;48;2;123;139;197m▀[38;2;82;98;197;48;2;16;16;16m▀[48;2;82;98;197m▀▀▀▀▀[38;2;48;65;164;48;2;48;65;164m▀[48;2;123;139;197m▀[38;2;123;139;197;48;2;16;16;16m▀[38;2;16;16;16;49m▀▀[0m
[0m     [38;2;16;16;16m▀▀[38;2;82;98;197;48;2;16;16;16m▀▀[48;2;82;98;197m▀▀▀▀▀[38;2;48;65;164;48;2;48;65;164m▀[38;2;123;139;197;48;2;164;180;213m▀[38;2;164;180;213m▀[48;2;205;222;255m▀[38;2;123;139;197m▀[38;2;48;65;164m▀[48;2;41;49;90m▀[38;2;16;16;16;48;2;98;164;238m▀[38;2;98;164;238;48;2;131;213;238m▀▀[38;2;16;16;16;48;2;98;164;238m▀[48;2;16;16;16m▀[38;2;82;98;197;48;2;82;98;197m▀▀[38;2;48;65;164m▀[38;2;41;49;90m▀[38;2;16;16;16;48;2;41;49;90m▀[38;2;41;49;90;48;2;82;98;197m▀[38;2;48;65;164m▀[38;2;82;98;197m▀▀[38;2;41;49;90;48;2;41;49;90m▀[38;2;16;16;16;48;2;16;16;16m▀[38;2;98;164;238;48;2;98;164;238m▀[38;2;131;213;238;48;2;131;213;238m▀▀[38;2;41;49;90;48;2;98;164;238m▀[38;2;164;180;213;48;2;41;49;90m▀[48;2;123;139;197m▀[48;2;164;180;213m▀[48;2;123;139;197m▀[48;2;48;65;164m▀[38;2;123;139;197;48;2;82;98;197m▀[38;2;48;65;164m▀[38;2;16;16;16;48;2;16;16;16m▀[38;2;82;98;197;48;2;82;98;197m▀▀▀▀▀[38;2;48;65;164m▀[38;2;123;139;197;48;2;48;65;164m▀[38;2;16;16;16;48;2;16;16;16m▀[0m
[0m        [38;2;48;65;164;48;2;48;65;164m▀[38;2;82;98;197;48;2;82;98;197m▀▀▀▀▀[38;2;41;49;90;48;2;41;49;90m▀[38;2;48;65;164;48;2;82;98;197m▀[38;2;164;180;213m▀[38;2;205;222;255;48;2;164;180;213m▀[48;2;205;222;255m▀[38;2;123;139;197;48;2;41;49;90m▀[38;2;16;16;16;48;2;16;16;16m▀[38;2;98;164;238m▀[38;2;131;213;238;48;2;98;164;238m▀▀[38;2;98;164;238;48;2;16;16;16m▀[38;2;41;49;90;48;2;41;49;90m▀[38;2;48;65;164;48;2;48;65;164m▀▀[38;2;82;98;197m▀▀[38;2;41;49;90;48;2;41;49;90m▀[38;2;82;98;197;48;2;48;65;164m▀▀[38;2;48;65;164m▀[48;2;41;49;90m▀[48;2;16;16;16m▀[38;2;41;49;90;48;2;123;139;197m▀[38;2;16;16;16;48;2;41;49;90m▀[38;2;98;164;238;48;2;16;16;16m▀▀[38;2;16;16;16m▀▀[38;2;41;49;90m▀[38;2;48;65;164;48;2;41;49;90m▀[38;2;82;98;197m▀[48;2;82;98;197m▀▀[48;2;41;49;90m▀[38;2;16;16;16;49m▀[38;2;82;98;197;48;2;16;16;16m▀[48;2;82;98;197m▀▀▀▀▀[38;2;48;65;164m▀[38;2;123;139;197;48;2;48;65;164m▀[38;2;16;16;16;48;2;16;16;16m▀[0m
[0m        [38;2;48;65;164;48;2;48;65;164m▀[38;2;82;98;197;48;2;82;98;197m▀▀▀▀▀[38;2;41;49;90;48;2;41;49;90m▀[38;2;82;98;197;48;2;16;16;16m▀▀[48;2;82;98;197m▀[48;2;41;49;90m▀[38;2;16;16;16;48;2;16;16;16m▀▀▀▀▀[38;2;41;49;90;48;2;205;222;255m▀[38;2;205;222;255m▀[38;2;123;139;197m▀[38;2;41;49;90m▀▀[38;2;48;65;164;48;2;41;49;90m▀[38;2;41;49;90;48;2;16;16;16m▀[38;2;48;65;164m▀[38;2;41;49;90;48;2;82;98;197m▀[38;2;16;16;16;48;2;164;180;213m▀[38;2;123;139;197m▀[38;2;164;180;213m▀▀[48;2;123;139;197m▀[38;2;41;49;90m▀[48;2;48;65;164m▀[38;2;16;16;16;48;2;41;49;90m▀[48;2;16;16;16m▀▀[49m▀▀[38;2;41;49;90;48;2;98;164;238m▀▀[0m  [38;2;16;16;16;48;2;16;16;16m▀[38;2;82;98;197;48;2;82;98;197m▀▀▀▀▀▀[38;2;48;65;164m▀[38;2;16;16;16;48;2;16;16;16m▀[0m
[0m        [38;2;48;65;164;48;2;48;65;164m▀[38;2;82;98;197;48;2;82;98;197m▀▀▀▀▀[38;2;41;49;90;48;2;41;49;90m▀[38;2;164;180;213;48;2;164;180;213m▀[38;2;16;16;16;48;2;41;49;90m▀[49m▀▀▀[48;2;16;16;16m▀▀[38;2;41;49;90;48;2;41;49;90m▀[38;2;123;139;197;48;2;139;172;255m▀▀▀[38;2;205;222;255;48;2;82;98;197m▀[48;2;41;49;90m▀[38;2;41;49;90;48;2;82;98;197m▀[38;2;82;98;197m▀▀▀[38;2;41;49;90m▀▀[38;2;123;139;197;48;2;16;16;16m▀▀[48;2;48;65;164m▀[38;2;48;65;164;48;2;82;98;197m▀▀[38;2;82;98;197m▀▀[38;2;16;16;16;48;2;16;16;16m▀[49m▀[0m [38;2;98;164;238;48;2;98;164;238m▀[38;2;131;213;238;48;2;131;213;238m▀▀[38;2;98;164;238;48;2;98;164;238m▀[0m  [38;2;16;16;16;48;2;16;16;16m▀[38;2;82;98;197;48;2;82;98;197m▀▀[48;2;16;16;16m▀▀[38;2;16;16;16;49m▀▀[0m
[0m        [38;2;16;16;16;48;2;16;16;16m▀[38;2;82;98;197;48;2;48;65;164m▀[48;2;82;98;197m▀▀▀[38;2;48;65;164;48;2;48;65;164m▀[38;2;164;180;213;48;2;164;180;213m▀[38;2;82;98;197;48;2;41;49;90m▀[38;2;41;49;90;49m▀[38;2;98;164;238m▄▄[0m  [38;2;16;16;16m▀[48;2;82;98;197m▀[38;2;41;49;90;48;2;123;139;197m▀[38;2;123;139;197;48;2;205;222;255m▀[38;2;82;98;197;48;2;41;49;90m▀[38;2;41;49;90;48;2;82;98;197m▀[38;2;82;98;197m▀▀▀▀▀▀▀▀▀[38;2;41;49;90m▀▀[38;2;48;65;164;48;2;41;49;90m▀[38;2;41;49;90m▀[48;2;123;139;197m▀▀[49m▄[0m  [38;2;98;164;238m▀▀[0m    [38;2;16;16;16m▀▀[0m
[0m          [38;2;16;16;16m▀▀[38;2;82;98;197;48;2;16;16;16m▀[38;2;48;65;164m▀[38;2;82;98;197;48;2;41;49;90m▀[38;2;41;49;90;49m▀[38;2;98;164;238;48;2;98;164;238m▀[38;2;131;213;238;48;2;131;213;238m▀▀[38;2;98;164;238;48;2;98;164;238m▀[0m [38;2;82;98;197m▄[48;2;205;222;255m▀[38;2;205;222;255;48;2;41;49;90m▀[38;2;41;49;90;48;2;82;98;197m▀[38;2;82;98;197m▀▀▀▀▀▀▀▀▀▀▀▀▀▀▀[38;2;41;49;90m▀▀[38;2;164;180;213;48;2;41;49;90m▀[38;2;16;16;16m▀[49m▄[0m  [38;2;98;164;238m▄[48;2;131;213;238m▀▀▀[49m▄[0m
[0m             [38;2;98;164;238m▄▄▄[0m [38;2;98;164;238m▀▀[0m  [38;2;82;98;197;48;2;41;49;90m▀[38;2;41;49;90;48;2;82;98;197m▀[38;2;82;98;197m▀▀▀▀▀▀[48;2;16;16;16m▀[38;2;16;16;16;49m▀▀[38;2;82;98;197;48;2;16;16;16m▀▀[48;2;82;98;197m▀▀▀▀▀▀▀▀▀▀[38;2;16;16;16;48;2;16;16;16m▀[0m  [38;2;98;164;238;48;2;98;164;238m▀[38;2;131;213;238;48;2;131;213;238m▀▀▀[38;2;98;164;238;48;2;98;164;238m▀[0m
[0m            [38;2;98;164;238;48;2;98;164;238m▀[38;2;131;213;238;48;2;131;213;238m▀▀▀[38;2;98;164;238;48;2;98;164;238m▀[0m    [38;2;16;16;16m▀[38;2;82;98;197;48;2;16;16;16m▀▀[48;2;82;98;197m▀▀▀[48;2;41;49;90m▀[38;2;16;16;16;48;2;16;16;16m▀[0m     [38;2;16;16;16m▀▀[38;2;82;98;197;48;2;16;16;16m▀▀[48;2;82;98;197m▀▀▀[48;2;16;16;16m▀▀[38;2;16;16;16;49m▀[0m    [38;2;98;164;238m▀▀▀[0m  [38;2;98;164;238m▄[48;2;131;213;238m▀▀[49m▄[0m
[0m            [38;2;98;164;238m▀[38;2;131;213;238;48;2;98;164;238m▀▀▀[38;2;98;164;238;49m▀[0m       [38;2;16;16;16m▀[38;2;82;98;197;48;2;16;16;16m▀▀[38;2;16;16;16;49m▀[0m          [38;2;16;16;16m▀▀▀[0m            [38;2;98;164;238m▀[38;2;131;213;238;48;2;98;164;238m▀▀[38;2;98;164;238;49m▀[0m
[0m             [38;2;98;164;238m▄[48;2;131;213;238m▀▀[49m▄[0m
[0m             [38;2;98;164;238m▀[38;2;131;213;238;48;2;98;164;238m▀▀[38;2;98;164;238;49m▀[0m
