[0m                         [38;2;90;90;123m▄▄[48;2;197;197;213m▀▀▀▀▀▀[38;2;41;49;90;49m▄▄[0m
[0m                       [38;2;90;90;123m▄[48;2;197;197;213m▀[38;2;197;197;213m▀▀▀▀▀▀▀▀▀▀[38;2;41;49;90m▀[49m▄[0m
[0m  [38;2;90;90;123m▄▄▄▄[0m                [38;2;90;90;123;48;2;90;90;123m▀[38;2;197;197;213;48;2;197;197;213m▀▀▀▀▀▀▀▀▀▀▀▀▀▀[38;2;41;49;90;48;2;41;49;90m▀[0m
[0m [38;2;16;16;16;48;2;16;16;16m▀[38;2;148;148;172;48;2;90;90;123m▀[38;2;197;197;213;48;2;41;49;90m▀[48;2;16;16;16m▀[38;2;148;148;172;48;2;90;90;123m▀[38;2;90;90;123;48;2;197;197;213m▀▀[49m▄▄[0m           [38;2;90;90;123;48;2;90;90;123m▀[38;2;197;197;213;48;2;197;197;213m▀▀▀▀▀▀[48;2;90;90;123m▀▀▀▀[48;2;197;197;213m▀▀▀▀▀▀[38;2;16;16;16;48;2;16;16;16m▀[0m
[0m  [38;2;16;16;16;48;2;16;16;16m▀[38;2;49;49;49;48;2;49;49;49m▀▀▀[38;2;16;16;16m▀[38;2;148;148;172m▀[38;2;197;197;213;48;2;16;16;16m▀[48;2;197;197;213m▀[38;2;90;90;123m▀[38;2;41;49;90;48;2;148;148;172m▀[48;2;90;90;123m▀[48;2;41;49;90m▀[49m▄▄▄▄[48;2;41;49;90m▀[38;2;16;16;16;48;2;90;90;123m▀[48;2;148;148;172m▀[48;2;197;197;213m▀▀▀[38;2;197;197;213;48;2;41;49;90m▀▀[48;2;90;90;123m▀[38;2;90;90;123;48;2;197;197;213m▀[38;2;197;197;213m▀▀▀▀[38;2;90;90;123m▀[38;2;197;197;213;48;2;90;90;123m▀[48;2;197;197;213m▀▀▀▀[38;2;16;16;16m▀[49m▄[0m
[0m   [38;2;16;16;16m▀[38;2;49;49;49;48;2;16;16;16m▀[48;2;49;49;49m▀▀▀▀[38;2;16;16;16m▀[38;2;197;197;213;48;2;16;16;16m▀[48;2;148;148;172m▀[48;2;197;197;213m▀▀[48;2;90;90;123m▀[38;2;148;148;172;48;2;41;49;90m▀▀▀▀[38;2;197;197;213m▀[48;2;90;90;123m▀[48;2;197;197;213m▀▀▀▀▀[38;2;41;49;90m▀▀[38;2;197;197;213;48;2;41;49;90m▀[38;2;90;90;123;48;2;197;197;213m▀▀[38;2;197;197;213;48;2;90;90;123m▀[48;2;197;197;213m▀[38;2;90;90;123m▀[38;2;197;197;213;48;2;90;90;123m▀[48;2;197;197;213m▀▀▀▀[38;2;16;16;16;48;2;16;16;16m▀[0m
[38;2;98;0;32;49m▄[48;2;185;34;77m▀[38;2;185;34;77;48;2;255;74;123m▀▀[49m▄[38;2;16;16;16m▀[38;2;49;49;49;48;2;16;16;16m▀[48;2;49;49;49m▀▀▀▀[38;2;16;16;16m▀▀[38;2;148;148;172;48;2;16;16;16m▀[38;2;197;197;213m▀[38;2;148;148;172;48;2;197;197;213m▀[38;2;90;90;123m▀[38;2;41;49;90m▀[38;2;90;90;123;48;2;148;148;172m▀[38;2;148;148;172m▀[38;2;197;197;213m▀▀[48;2;197;197;213m▀▀▀▀▀▀▀[38;2;16;16;16;48;2;148;148;172m▀[38;2;197;197;213;48;2;16;16;16m▀[38;2;41;49;90;48;2;41;49;90m▀[38;2;148;148;172;48;2;148;148;172m▀[38;2;197;197;213m▀[38;2;90;90;123;48;2;90;90;123m▀[38;2;197;197;213;48;2;197;197;213m▀▀▀▀[38;2;16;16;16;48;2;16;16;16m▀[0m
[38;2;16;16;16;48;2;16;16;16m▀[38;2;255;74;123;48;2;255;74;123m▀▀▀[38;2;185;34;77m▀[38;2;98;0;32;48;2;16;16;16m▀[0m [38;2;16;16;16m▀▀[38;2;49;49;49;48;2;16;16;16m▀[48;2;49;49;49m▀[48;2;98;0;32m▀[38;2;98;0;32;48;2;185;34;77m▀[38;2;185;34;77m▀▀[38;2;16;16;16m▀[38;2;197;197;213;48;2;16;16;16m▀[38;2;90;90;123;48;2;197;197;213m▀[38;2;41;49;90;48;2;148;148;172m▀[48;2;90;90;123m▀▀[48;2;148;148;172m▀[38;2;90;90;123;48;2;197;197;213m▀[38;2;197;197;213m▀▀▀▀[48;2;148;148;172m▀[38;2;148;148;172m▀▀[38;2;16;16;16;48;2;16;16;16m▀[38;2;148;148;172;48;2;148;148;172m▀▀[48;2;41;49;90m▀[38;2;41;49;90;48;2;148;148;172m▀[38;2;148;148;172m▀[38;2;197;197;213m▀▀[48;2;197;197;213m▀[38;2;16;16;16;48;2;16;16;16m▀[0m
[0m [38;2;16;16;16;48;2;185;34;77m▀[38;2;255;74;123;48;2;98;0;32m▀[48;2;255;74;123m▀▀[38;2;185;34;77m▀▀[49m▄▄[38;2;98;0;32m▄[48;2;185;34;77m▀[38;2;185;34;77m▀▀▀▀▀▀[38;2;16;16;16m▀[38;2;197;197;213;48;2;16;16;16m▀[48;2;197;197;213m▀▀▀▀▀[48;2;148;148;172m▀▀[38;2;148;148;172m▀▀▀▀▀[38;2;16;16;16;48;2;16;16;16m▀[38;2;148;148;172;48;2;41;49;90m▀[38;2;41;49;90;48;2;148;148;172m▀[38;2;148;148;172m▀▀▀▀[38;2;16;16;16;48;2;16;16;16m▀[0m
[38;2;98;0;32;48;2;16;16;16m▀[38;2;255;74;123;48;2;255;74;123m▀▀[48;2;98;0;32m▀[48;2;185;34;77m▀▀[48;2;255;74;123m▀▀▀▀▀▀[38;2;185;34;77m▀[48;2;185;34;77m▀▀[48;2;148;148;172m▀▀[48;2;98;0;32m▀[38;2;57;131;65m▀[38;2;16;16;16m▀[38;2;197;197;213;48;2;16;16;16m▀[48;2;148;148;172m▀[38;2;148;148;172m▀▀▀▀▀▀▀▀▀[38;2;16;16;16;48;2;16;16;16m▀[38;2;148;148;172;48;2;148;148;172m▀▀▀▀▀[48;2;16;16;16m▀[38;2;16;16;16;49m▀[0m
[0m [38;2;16;16;16m▀▀[0m  [38;2;98;0;32m▀▀[38;2;255;74;123;48;2;16;16;16m▀[48;2;255;74;123m▀▀▀▀▀▀[38;2;185;34;77;48;2;185;34;77m▀[38;2;255;255;255;48;2;197;197;213m▀[38;2;148;148;172;48;2;255;255;255m▀[38;2;16;16;16;48;2;16;16;16m▀[38;2;148;148;172;48;2;255;255;255m▀[48;2;148;148;172m▀▀[38;2;16;16;16;48;2;57;131;65m▀[38;2;148;148;172;48;2;16;16;16m▀[48;2;148;148;172m▀▀▀▀▀▀▀[38;2;41;49;90;48;2;41;49;90m▀[38;2;148;148;172;48;2;148;148;172m▀▀▀▀▀[48;2;16;16;16m▀[38;2;16;16;16;49m▀[0m
[0m      [38;2;16;16;16m▄▄[48;2;148;148;172m▀[38;2;255;74;123;48;2;98;0;32m▀▀[48;2;255;74;123m▀▀▀▀[38;2;185;34;77m▀[38;2;197;197;213;48;2;57;131;65m▀[38;2;255;255;255m▀▀[38;2;197;197;213m▀[38;2;57;131;65;48;2;16;16;16m▀[38;2;90;90;123;48;2;197;197;213m▀[38;2;148;148;172;48;2;148;148;172m▀[38;2;16;16;16m▀▀[38;2;148;148;172;48;2;41;49;90m▀[48;2;16;16;16m▀▀[48;2;41;49;90m▀[38;2;41;49;90;48;2;148;148;172m▀[38;2;148;148;172m▀▀▀▀[48;2;16;16;16m▀[38;2;16;16;16;49m▀[0m
[0m   [38;2;16;16;16m▄[48;2;148;148;172m▀[48;2;90;90;123m▀[38;2;148;148;172;48;2;49;49;49m▀[38;2;90;90;123m▀[38;2;49;49;49m▀▀▀[38;2;98;0;32m▀▀[38;2;255;74;123;48;2;98;0;32m▀[48;2;16;16;16m▀[38;2;65;189;49m▀▀[38;2;16;16;16;48;2;148;148;172m▀[48;2;197;197;213m▀▀[38;2;197;197;213m▀▀[48;2;148;148;172m▀[38;2;148;148;172m▀▀▀▀▀▀▀▀▀[48;2;16;16;16m▀[38;2;16;16;16;49m▀[0m
[0m  [38;2;16;16;16;48;2;16;16;16m▀[38;2;197;197;213;48;2;148;148;172m▀[38;2;49;49;49;48;2;197;197;213m▀[48;2;16;16;16m▀▀▀▀▀[38;2;16;16;16;48;2;148;148;172m▀[48;2;197;197;213m▀▀▀[38;2;148;148;172m▀[38;2;197;197;213m▀▀[48;2;148;148;172m▀▀▀[38;2;148;148;172m▀▀▀▀▀▀▀▀[38;2;90;90;123;48;2;90;90;123m▀[38;2;148;148;172;48;2;16;16;16m▀[38;2;16;16;16;49m▀▀[0m
[0m   [38;2;16;16;16m▀▀[38;2;197;197;213;48;2;16;16;16m▀▀▀▀[48;2;148;148;172m▀▀▀[38;2;148;148;172m▀▀▀▀▀▀▀[48;2;90;90;123m▀[48;2;148;148;172m▀▀▀▀▀▀▀[48;2;16;16;16m▀[38;2;16;16;16;49m▀[0m
[0m         [38;2;16;16;16m▀▀▀▀[48;2;41;49;90m▀[48;2;90;90;123m▀▀▀[48;2;41;49;90m▀[49m▀▀[38;2;41;49;90;48;2;41;49;90m▀[38;2;148;148;172;48;2;148;148;172m▀▀▀▀▀[38;2;90;90;123;48;2;16;16;16m▀[38;2;16;16;16;49m▀[0m
[0m              [38;2;41;49;90m▀▀▀[0m    [38;2;41;49;90;48;2;41;49;90m▀[38;2;148;148;172;48;2;148;148;172m▀▀[48;2;16;16;16m▀[38;2;16;16;16;49m▀[0m
[0m                      [38;2;16;16;16m▀▀[0m
