[0m          [38;2;197;57;106m▄▄▄▄[38;2;115;41;49;48;2;255;74;123m▀▀▀▀▀▀▀[38;2;16;16;16;49m▄▄[0m
[0m      [38;2;197;57;106m▄▄[48;2;255;74;123m▀▀[38;2;255;74;123m▀▀▀▀▀[48;2;164;131;106m▀[48;2;65;180;90m▀[38;2;164;131;106m▀[38;2;65;180;90m▀▀▀[38;2;164;131;106m▀[38;2;255;74;123m▀[38;2;16;16;16;48;2;255;74;123m▀[49m▄[0m
[0m    [38;2;82;123;65m▄[38;2;197;57;106;48;2;65;180;90m▀[38;2;164;131;106;48;2;255;74;123m▀[38;2;255;74;123m▀▀▀▀▀▀[48;2;65;180;90m▀[38;2;65;180;90m▀▀▀[48;2;255;74;123m▀[38;2;164;131;106m▀[38;2;255;74;123m▀▀[38;2;164;131;106m▀[38;2;65;180;90m▀[48;2;164;131;106m▀[38;2;16;16;16;48;2;65;180;90m▀[49m▄[0m
[0m  [38;2;82;123;65m▄[48;2;65;180;90m▀[38;2;65;180;90;48;2;164;131;106m▀[38;2;255;74;123;48;2;255;74;123m▀[48;2;57;41;24m▀[38;2;57;41;24m▀[38;2;115;41;49;48;2;255;74;123m▀[38;2;255;74;123m▀▀[48;2;164;131;106m▀[38;2;65;180;90;48;2;65;180;90m▀▀▀[48;2;164;131;106m▀[38;2;255;74;123;48;2;255;74;123m▀▀▀▀▀▀▀▀[38;2;164;131;106m▀[38;2;16;16;16;48;2;16;16;16m▀[0m
[0m [38;2;82;123;65m▄[48;2;65;180;90m▀[38;2;65;180;90;48;2;164;131;106m▀[38;2;255;74;123;48;2;255;74;123m▀[38;2;57;41;24;48;2;57;41;24m▀[48;2;115;41;49m▀[38;2;115;41;49;48;2;255;74;123m▀[38;2;255;74;123m▀▀[48;2;164;131;106m▀[38;2;65;180;90;48;2;65;180;90m▀▀▀[48;2;164;131;106m▀[38;2;255;74;123;48;2;255;74;123m▀▀▀▀[48;2;115;41;49m▀[38;2;115;41;49;48;2;255;74;123m▀▀[38;2;255;74;123;48;2;115;41;49m▀[48;2;255;74;123m▀▀[38;2;16;16;16;48;2;16;16;16m▀[0m
[38;2;82;123;65;49m▄[48;2;65;180;90m▀[38;2;65;180;90;48;2;164;131;106m▀[38;2;255;74;123;48;2;115;41;49m▀[38;2;115;41;49;48;2;57;41;24m▀[38;2;57;41;24m▀[38;2;115;41;49m▀[38;2;255;74;123;48;2;255;74;123m▀▀▀[38;2;65;180;90;48;2;65;180;90m▀▀▀[48;2;164;131;106m▀[38;2;255;74;123;48;2;255;74;123m▀▀▀▀[38;2;115;41;49;48;2;115;41;49m▀[38;2;255;74;123;48;2;255;74;123m▀▀[38;2;197;57;106;48;2;115;41;49m▀[38;2;115;41;49;48;2;255;74;123m▀[38;2;255;74;123m▀[48;2;16;16;16m▀[38;2;16;16;16;49m▀[0m                            [38;2;41;57;106m▄▄▄▄▄[0m
[38;2;82;123;65;48;2;82;123;65m▀[38;2;65;180;90;48;2;65;180;90m▀[38;2;164;131;106;48;2;255;74;123m▀[38;2;57;41;24;48;2;115;41;49m▀[48;2;57;41;24m▀▀[48;2;197;57;106m▀[48;2;255;74;123m▀[38;2;255;74;123m▀[38;2;164;131;106;48;2;65;180;90m▀[38;2;65;180;90m▀▀▀[38;2;255;74;123;48;2;255;74;123m▀▀▀▀▀[38;2;115;41;49m▀[38;2;255;74;123;48;2;16;16;16m▀[48;2;255;74;123m▀▀▀[48;2;115;41;49m▀[38;2;16;16;16;49m▀[0m                        [38;2;90;98;131m▄▄[38;2;41;57;106;48;2;106;131;197m▀▀▀[38;2;106;131;197m▀[48;2;90;98;131m▀[48;2;16;16;16m▀▀[38;2;16;16;16;49m▀[0m
[38;2;82;123;65;48;2;82;123;65m▀[38;2;65;180;90;48;2;65;180;90m▀[38;2;255;74;123;48;2;255;74;123m▀[38;2;197;57;106m▀[38;2;57;41;24;48;2;57;41;24m▀[38;2;115;41;49;48;2;255;74;123m▀[38;2;255;74;123m▀▀[38;2;164;131;106;48;2;164;131;106m▀[38;2;65;180;90;48;2;65;180;90m▀▀▀[38;2;164;131;106;48;2;255;74;123m▀[38;2;255;74;123m▀▀▀▀▀▀▀[38;2;16;16;16;48;2;197;57;106m▀▀[48;2;115;41;49m▀[0m                        [38;2;90;98;131m▄[48;2;106;131;197m▀[38;2;106;131;197m▀▀▀▀▀▀[38;2;16;16;16m▀[49m▄[0m
[38;2;82;123;65;49m▀[38;2;65;180;90;48;2;82;123;65m▀[38;2;255;74;123;48;2;164;131;106m▀[48;2;255;74;123m▀[38;2;57;41;24;48;2;57;41;24m▀[38;2;255;74;123;48;2;255;74;123m▀▀▀[38;2;164;131;106;48;2;164;131;106m▀[38;2;65;180;90;48;2;65;180;90m▀▀▀[38;2;255;74;123;48;2;255;74;123m▀▀▀[48;2;16;16;16m▀▀[48;2;255;74;123m▀▀▀[38;2;197;57;106m▀[48;2;197;57;106m▀▀[38;2;115;41;49m▀[49m▄[0m  [38;2;41;57;106m▄▄[48;2;106;131;197m▀▀[38;2;16;16;16;48;2;16;16;16m▀[0m            [38;2;41;57;106m▄▄[48;2;106;131;197m▀[38;2;106;131;197m▀▀▀▀▀▀[48;2;16;16;16m▀[38;2;16;16;16;49m▀▀[0m
[0m [38;2;82;123;65;48;2;115;41;49m▀[38;2;115;41;49;48;2;255;74;123m▀▀[38;2;255;74;123;48;2;115;41;49m▀[48;2;255;74;123m▀▀▀[38;2;164;131;106m▀[38;2;65;180;90;48;2;65;180;90m▀▀▀[38;2;164;131;106m▀[38;2;255;74;123;48;2;16;16;16m▀[38;2;16;16;16m▀[38;2;57;41;24;48;2;57;41;24m▀[38;2;16;16;16;48;2;115;41;49m▀[38;2;255;74;123;48;2;255;74;123m▀▀▀▀[38;2;197;57;106;48;2;197;57;106m▀▀▀[38;2;115;41;49;48;2;41;57;106m▀[38;2;41;57;106;48;2;106;131;197m▀▀[38;2;106;131;197m▀▀▀[38;2;16;16;16;48;2;16;16;16m▀[38;2;41;57;106;49m▄▄[48;2;90;98;131m▀[48;2;106;131;197m▀▀▀[49m▄▄▄▄▄[48;2;106;131;197m▀▀[38;2;106;131;197m▀▀▀▀▀▀▀▀[38;2;16;16;16;48;2;16;16;16m▀[0m
[38;2;115;41;49;48;2;57;41;24m▀[38;2;255;74;123;48;2;255;74;123m▀▀▀▀▀▀▀[48;2;16;16;16m▀[38;2;65;180;90m▀[48;2;189;189;205m▀[38;2;16;16;16;48;2;57;41;24m▀[38;2;57;41;24;48;2;189;189;205m▀[38;2;189;189;205m▀[38;2;16;16;16;48;2;16;16;16m▀[38;2;57;41;24m▀[38;2;255;74;123;48;2;255;74;123m▀▀[48;2;41;57;106m▀[48;2;16;16;16m▀[38;2;197;57;106;48;2;197;57;106m▀▀[48;2;41;57;106m▀[38;2;41;57;106;48;2;106;131;197m▀[38;2;106;131;197m▀▀▀▀[48;2;16;16;16m▀[38;2;16;16;16;48;2;90;98;131m▀[38;2;90;98;131m▀▀▀[48;2;41;57;106m▀▀[38;2;106;131;197;48;2;106;131;197m▀▀▀▀▀▀▀▀▀▀▀▀▀▀▀[48;2;16;16;16m▀[38;2;16;16;16;49m▀[38;2;41;57;106m▄▄▄[0m
[0m [38;2;16;16;16m▀▀[38;2;255;74;123;48;2;16;16;16m▀▀▀[38;2;16;16;16;48;2;57;41;24m▀▀[38;2;57;41;24m▀[38;2;189;189;205;48;2;16;16;16m▀▀[38;2;255;255;255;48;2;189;189;205m▀[48;2;16;16;16m▀[38;2;57;41;24;48;2;57;41;24m▀[48;2;16;16;16m▀[38;2;255;74;123;48;2;255;74;123m▀[48;2;41;57;106m▀[38;2;41;57;106;48;2;106;131;197m▀[38;2;106;131;197m▀[38;2;16;16;16;48;2;16;16;16m▀[38;2;197;57;106;48;2;197;57;106m▀[48;2;41;57;106m▀[38;2;41;57;106;48;2;106;131;197m▀[38;2;106;131;197m▀▀▀▀[38;2;41;57;106m▀▀[38;2;16;16;16m▀[48;2;16;16;16m▀[38;2;41;57;106;49m▀▀[0m  [38;2;16;16;16m▀▀[38;2;106;131;197;48;2;16;16;16m▀▀▀[48;2;106;131;197m▀▀▀▀▀▀[48;2;16;16;16m▀▀[38;2;16;16;16;48;2;90;98;131m▀▀[38;2;41;57;106m▀[48;2;106;131;197m▀[38;2;106;131;197m▀▀▀[38;2;41;57;106m▀▀▀▀[38;2;16;16;16;49m▄[0m
[0m   [38;2;115;41;49m▄[48;2;255;74;123m▀▀▀[38;2;57;41;24;48;2;115;41;49m▀▀[48;2;16;16;16m▀[38;2;16;16;16;48;2;255;74;123m▀▀▀[38;2;57;41;24;48;2;16;16;16m▀[38;2;255;74;123;48;2;255;74;123m▀[38;2;41;57;106;48;2;41;57;106m▀[38;2;106;131;197;48;2;106;131;197m▀▀[38;2;90;98;131;48;2;16;16;16m▀[38;2;41;57;106;48;2;106;131;197m▀▀[38;2;106;131;197m▀▀▀▀▀[48;2;90;98;131m▀[48;2;16;16;16m▀[38;2;16;16;16;48;2;90;98;131m▀▀[38;2;41;57;106;49m▄▄[0m      [38;2;41;57;106m▄▄[38;2;16;16;16;48;2;41;57;106m▀[48;2;90;98;131m▀▀▀▀▀[38;2;90;98;131m▀▀▀▀▀▀▀[38;2;106;131;197m▀▀[38;2;41;57;106m▀[38;2;16;16;16;48;2;41;57;106m▀[49m▀▀[0m
[0m   [38;2;16;16;16m▀[38;2;255;74;123;48;2;16;16;16m▀▀[48;2;255;74;123m▀▀▀[48;2;41;57;106m▀▀▀[48;2;16;16;16m▀▀[38;2;41;57;106;48;2;41;57;106m▀[38;2;106;131;197;48;2;106;131;197m▀▀[48;2;90;98;131m▀▀[48;2;106;131;197m▀▀▀▀▀▀▀[38;2;16;16;16;48;2;16;16;16m▀[38;2;41;57;106;49m▀[38;2;90;98;131;48;2;41;57;106m▀▀[48;2;90;98;131m▀▀[38;2;41;57;106m▀▀[49m▄▄[48;2;90;98;131m▀▀[38;2;90;98;131m▀▀▀▀▀▀▀▀▀▀▀▀▀▀▀[48;2;16;16;16m▀[38;2;16;16;16;49m▀▀[0m
[0m [38;2;90;98;131m▄[38;2;106;131;197m▄[38;2;90;98;131;48;2;106;131;197m▀▀[48;2;41;57;106m▀[38;2;197;57;106m▀[38;2;41;57;106;48;2;106;131;197m▀▀[38;2;106;131;197m▀[38;2;90;98;131m▀[38;2;106;131;197;48;2;90;98;131m▀[48;2;106;131;197m▀▀[38;2;16;16;16m▀▀[38;2;106;131;197;48;2;41;57;106m▀[48;2;106;131;197m▀[38;2;41;57;106m▀[38;2;16;16;16m▀[38;2;106;131;197;48;2;16;16;16m▀[48;2;106;131;197m▀▀▀▀▀[38;2;16;16;16;48;2;16;16;16m▀[0m   [38;2;41;57;106m▀[38;2;90;98;131;48;2;41;57;106m▀[48;2;90;98;131m▀▀▀▀▀▀▀▀▀▀▀▀▀▀▀▀[48;2;41;57;106m▀▀▀[38;2;16;16;16;49m▀▀[0m
[38;2;90;98;131;48;2;106;131;197m▀[38;2;106;131;197m▀▀[48;2;41;57;106m▀[38;2;41;57;106;48;2;106;131;197m▀[38;2;106;131;197;48;2;41;57;106m▀[38;2;41;57;106;48;2;106;131;197m▀[38;2;106;131;197m▀▀▀▀[38;2;41;57;106m▀▀[38;2;106;131;197;48;2;16;16;16m▀[48;2;106;131;197m▀▀▀[48;2;41;57;106m▀[48;2;106;131;197m▀[38;2;41;57;106;48;2;90;98;131m▀[38;2;106;131;197;48;2;41;57;106m▀[48;2;16;16;16m▀[48;2;41;57;106m▀[48;2;106;131;197m▀▀[38;2;41;57;106;48;2;41;57;106m▀[0m      [38;2;41;57;106m▀[38;2;90;98;131;48;2;41;57;106m▀▀[48;2;90;98;131m▀▀▀▀▀▀[48;2;41;57;106m▀▀▀▀[38;2;41;57;106;49m▀▀▀[0m
[38;2;41;57;106;48;2;41;57;106m▀[38;2;106;131;197;48;2;106;131;197m▀[38;2;41;57;106;48;2;16;16;16m▀[38;2;106;131;197;48;2;106;131;197m▀[48;2;90;98;131m▀[38;2;16;16;16;48;2;16;16;16m▀[38;2;106;131;197;48;2;41;57;106m▀[38;2;90;98;131;48;2;90;98;131m▀▀▀▀[38;2;41;57;106m▀[38;2;16;16;16;48;2;41;57;106m▀[38;2;106;131;197;48;2;90;98;131m▀[48;2;106;131;197m▀▀[48;2;90;98;131m▀[38;2;90;98;131;48;2;106;131;197m▀[38;2;106;131;197m▀▀▀▀[38;2;16;16;16m▀[38;2;90;98;131;48;2;16;16;16m▀[38;2;16;16;16;49m▀[0m          [38;2;41;57;106m▀▀▀▀▀▀[0m
[0m [38;2;90;98;131m▀[38;2;16;16;16;48;2;16;16;16m▀[38;2;90;98;131;48;2;90;98;131m▀[48;2;41;57;106m▀[48;2;16;16;16m▀[38;2;41;57;106m▀[38;2;16;16;16;48;2;90;98;131m▀▀▀▀[38;2;41;57;106m▀▀[38;2;90;98;131;48;2;16;16;16m▀▀[38;2;106;131;197;48;2;106;131;197m▀▀▀▀▀▀▀[48;2;16;16;16m▀[38;2;16;16;16;49m▀[0m
[0m   [38;2;16;16;16;48;2;41;57;106m▀[38;2;90;98;131;48;2;106;131;197m▀[48;2;90;98;131m▀▀▀▀▀▀[48;2;106;131;197m▀▀▀[38;2;106;131;197m▀[38;2;90;98;131m▀[38;2;106;131;197m▀▀▀▀[48;2;41;57;106m▀[48;2;16;16;16m▀[38;2;16;16;16;49m▀[0m
[0m  [38;2;16;16;16;48;2;16;16;16m▀[38;2;41;57;106;48;2;106;131;197m▀▀[38;2;106;131;197;48;2;16;16;16m▀▀▀▀▀[48;2;90;98;131m▀[38;2;41;57;106;48;2;106;131;197m▀[48;2;41;57;106m▀[38;2;106;131;197;48;2;106;131;197m▀[48;2;16;16;16m▀[48;2;41;57;106m▀[48;2;106;131;197m▀[48;2;41;57;106m▀[38;2;90;98;131;48;2;90;98;131m▀[38;2;41;57;106;48;2;16;16;16m▀[38;2;16;16;16;49m▀[0m
[0m  [38;2;16;16;16;48;2;16;16;16m▀[38;2;106;131;197;48;2;106;131;197m▀▀▀▀▀▀▀▀▀[38;2;41;57;106m▀[38;2;16;16;16m▀[38;2;106;131;197m▀[38;2;41;57;106m▀▀[38;2;106;131;197;48;2;16;16;16m▀[38;2;16;16;16;49m▀[0m
[0m [38;2;41;57;106;48;2;41;57;106m▀[38;2;106;131;197;48;2;106;131;197m▀▀▀▀▀▀▀▀▀▀▀[48;2;90;98;131m▀[48;2;16;16;16m▀[38;2;16;16;16;49m▀▀[0m
[0m [38;2;41;57;106;48;2;16;16;16m▀[48;2;106;131;197m▀[38;2;106;131;197;48;2;41;57;106m▀▀[48;2;106;131;197m▀▀[48;2;90;98;131m▀[48;2;16;16;16m▀[48;2;90;98;131m▀[48;2;41;57;106m▀[38;2;41;57;106;48;2;90;98;131m▀▀[38;2;16;16;16;48;2;16;16;16m▀[0m  [38;2;41;57;106m▄▄[0m
[38;2;16;16;16;49m▄[48;2;90;98;131m▀[38;2;106;131;197m▀▀▀[38;2;41;57;106m▀▀[38;2;16;16;16m▀[38;2;90;98;131m▀[38;2;41;57;106m▀[38;2;90;98;131m▀[48;2;16;16;16m▀[38;2;16;16;16;48;2;41;57;106m▀[38;2;41;57;106;49m▄[48;2;90;98;131m▀[48;2;106;131;197m▀[38;2;106;131;197;48;2;16;16;16m▀[38;2;16;16;16;49m▀[0m
[38;2;16;16;16;48;2;16;16;16m▀[38;2;90;98;131;48;2;41;57;106m▀[48;2;90;98;131m▀▀▀▀▀▀▀▀[48;2;16;16;16m▀[38;2;16;16;16;48;2;90;98;131m▀[38;2;90;98;131m▀[48;2;106;131;197m▀[38;2;106;131;197m▀[38;2;41;57;106m▀▀[48;2;90;98;131m▀[48;2;16;16;16m▀[0m
[38;2;16;16;16;48;2;41;57;106m▀[38;2;90;98;131;48;2;90;98;131m▀[38;2;41;57;106m▀[38;2;90;98;131;48;2;41;57;106m▀▀[48;2;16;16;16m▀[38;2;41;57;106;48;2;90;98;131m▀[38;2;16;16;16;48;2;16;16;16m▀[38;2;90;98;131;48;2;41;57;106m▀[38;2;41;57;106;48;2;90;98;131m▀[38;2;16;16;16m▀[38;2;90;98;131m▀▀▀▀▀[38;2;41;57;106m▀[38;2;16;16;16m▀[49m▄[0m
[38;2;41;57;106;49m▀[38;2;90;98;131;48;2;41;57;106m▀▀[48;2;90;98;131m▀▀▀▀[48;2;41;57;106m▀[48;2;16;16;16m▀▀▀▀▀▀[38;2;16;16;16;49m▀▀▀▀[0m
[0m   [38;2;41;57;106m▀▀▀▀[0m
