[0m                     [38;2;90;65;49m▄[48;2;205;139;82m▀[49m▄▄[48;2;205;139;82m▀[48;2;0;0;0m▀[0m
[0m                    [38;2;90;65;49m▄[48;2;205;139;82m▀[38;2;205;139;82m▀[38;2;90;65;49m▀[38;2;205;139;82;48;2;0;0;0m▀[38;2;90;65;49;49m▀[0m
[0m                   [38;2;115;82;98m▄[48;2;180;156;156m▀[38;2;180;156;156m▀[38;2;205;139;82m▀[38;2;0;0;0;48;2;90;65;49m▀[0m        [38;2;115;82;98m▄▄▄[0m
[0m                   [38;2;115;82;98;48;2;115;82;98m▀[38;2;180;156;156;48;2;180;156;156m▀▀[38;2;0;0;0;48;2;0;0;0m▀[0m    [38;2;180;156;156m▄[38;2;115;82;98m▄▄[38;2;82;65;98m▄[38;2;115;82;98;48;2;82;65;98m▀[38;2;180;156;156;48;2;131;98;172m▀[38;2;230;213;213;48;2;230;213;213m▀[38;2;0;0;0;48;2;0;0;0m▀[0m
[0m                    [38;2;115;82;98;48;2;115;82;98m▀[38;2;180;156;156;48;2;180;156;156m▀[38;2;115;82;98m▀[38;2;0;0;0;49m▄[38;2;115;82;98m▄[48;2;230;213;213m▀▀[38;2;230;213;213m▀▀▀[38;2;131;98;172;48;2;180;156;156m▀[38;2;172;139;197;48;2;131;98;172m▀[48;2;172;139;197m▀[38;2;131;98;172m▀[38;2;0;0;0m▀[49m▄[0m
[0m                  [38;2;164;32;32;48;2;66;60;60m▀[38;2;66;60;60;48;2;180;156;156m▀[38;2;0;0;0;48;2;230;213;213m▀[48;2;205;139;82m▀[38;2;115;82;98;48;2;255;172;98m▀[38;2;255;172;98m▀[38;2;205;139;82;48;2;230;213;213m▀[38;2;230;213;213m▀▀▀▀▀▀[38;2;180;156;156m▀[38;2;131;98;172m▀▀▀[38;2;180;156;156m▀[38;2;0;0;0;48;2;115;82;98m▀[0m
[0m                   [38;2;180;156;156;48;2;115;82;98m▀[38;2;230;213;213;48;2;230;213;213m▀▀▀▀[48;2;180;156;156m▀[48;2;82;65;98m▀[38;2;131;98;172;48;2;172;139;197m▀▀▀▀[38;2;230;213;213;48;2;131;98;172m▀▀[48;2;230;213;213m▀▀▀[38;2;180;156;156m▀[38;2;115;82;98m▀[38;2;0;0;0m▀[38;2;115;82;98;49m▄[38;2;0;0;0m▄[0m
[0m                    [38;2;115;82;98m▀[38;2;230;213;213;48;2;115;82;98m▀[48;2;180;156;156m▀[48;2;230;213;213m▀▀[38;2;180;156;156m▀[38;2;255;255;255;48;2;180;156;156m▀[38;2;66;60;60m▀[38;2;164;32;32;48;2;115;82;98m▀▀[38;2;66;60;60;48;2;230;213;213m▀[38;2;0;0;0m▀[38;2;82;65;98m▀[38;2;131;98;172m▀[38;2;230;213;213m▀▀▀[48;2;180;156;156m▀[48;2;66;60;60m▀[48;2;0;0;0m▀[38;2;0;0;0;49m▀[0m
[0m                      [38;2;115;82;98m▀[38;2;0;0;0;48;2;115;82;98m▀[38;2;230;213;213m▀[48;2;180;156;156m▀▀[48;2;115;82;98m▀[48;2;230;213;213m▀[48;2;180;156;156m▀[48;2;230;213;213m▀▀▀[48;2;180;156;156m▀▀[38;2;180;156;156;48;2;0;0;0m▀[38;2;0;0;0;49m▀▀[0m
[0m                         [38;2;66;60;60m▀[38;2;115;82;98m▀[38;2;180;156;156;48;2;115;82;98m▀[38;2;115;82;98;48;2;180;156;156m▀[38;2;230;213;213;48;2;0;0;0m▀[38;2;115;82;98;48;2;230;213;213m▀[38;2;180;156;156m▀[48;2;115;82;98m▀[48;2;66;60;60m▀[38;2;66;60;60;49m▀[0m
[0m                    [38;2;115;82;98m▄[48;2;180;156;156m▀▀▀[49m▄▄[38;2;0;0;0;48;2;0;0;0m▀[38;2;180;156;156;48;2;180;156;156m▀▀▀[38;2;0;0;0m▀[38;2;230;213;213;48;2;0;0;0m▀[48;2;180;156;156m▀[38;2;115;82;98;48;2;230;213;213m▀[38;2;0;0;0m▀[49m▄[38;2;115;82;98m▄[0m
[0m                [38;2;0;0;0m▄[38;2;115;82;98m▄[38;2;0;0;0;48;2;230;213;213m▀▀[38;2;180;156;156;48;2;0;0;0m▀▀[48;2;180;156;156m▀▀▀[38;2;0;0;0;48;2;0;0;0m▀[38;2;230;213;213;48;2;230;213;213m▀[38;2;180;156;156m▀[48;2;180;156;156m▀▀▀▀[38;2;0;0;0;48;2;66;60;60m▀[38;2;115;82;98;49m▀[38;2;230;213;213;48;2;0;0;0m▀[48;2;180;156;156m▀[48;2;230;213;213m▀[38;2;115;82;98m▀▀[38;2;0;0;0m▀[48;2;205;139;82m▀[38;2;90;65;49;49m▄▄[38;2;0;0;0m▄▄▄[38;2;90;65;49m▄[0m
[0m              [38;2;115;82;98m▄[48;2;230;213;213m▀[38;2;230;213;213m▀▀▀▀▀▀[38;2;0;0;0m▀[38;2;180;156;156;48;2;0;0;0m▀[38;2;115;82;98;48;2;115;82;98m▀[38;2;230;213;213;48;2;230;213;213m▀▀▀▀▀▀[38;2;66;60;60;48;2;66;60;60m▀[38;2;115;82;98;49m▄[0m  [38;2;0;0;0m▀▀[38;2;230;213;213;48;2;115;82;98m▀[48;2;0;0;0m▀[38;2;205;139;82;48;2;205;139;82m▀[38;2;255;172;98;48;2;255;172;98m▀▀▀[48;2;205;139;82m▀[48;2;0;0;0m▀▀[48;2;90;65;49m▀[38;2;0;0;0;49m▀[0m                   [38;2;82;65;98m▄▄[38;2;131;98;172m▄[38;2;82;65;98;48;2;172;139;197m▀▀▀[48;2;0;0;0m▀[0m
[0m            [38;2;115;82;98m▄[38;2;180;156;156;48;2;230;213;213m▀[38;2;230;213;213m▀▀▀▀▀▀▀▀▀▀[38;2;0;0;0m▀[38;2;230;213;213;48;2;0;0;0m▀[48;2;230;213;213m▀▀▀▀▀[38;2;66;60;60;48;2;0;0;0m▀[38;2;180;156;156;48;2;180;156;156m▀[38;2;115;82;98m▀[49m▄[0m    [38;2;0;0;0m▀▀[38;2;90;65;49m▀[38;2;205;139;82;48;2;0;0;0m▀[38;2;255;172;98m▀[48;2;90;65;49m▀[38;2;90;65;49;48;2;255;172;98m▀[38;2;0;0;0m▀[38;2;90;65;49;49m▄[0m               [38;2;82;65;98m▄▄[48;2;172;139;197m▀[38;2;131;98;172m▀[38;2;172;139;197m▀▀[48;2;131;98;172m▀[48;2;82;65;98m▀[38;2;82;65;98m▀[38;2;0;0;0m▀[38;2;82;65;98;49m▄▄[0m
[0m          [38;2;115;82;98m▄[48;2;180;156;156m▀[38;2;230;213;213;48;2;230;213;213m▀▀▀▀▀▀[38;2;115;82;98;48;2;180;156;156m▀[38;2;230;213;213;48;2;230;213;213m▀▀▀▀▀▀▀[38;2;0;0;0;48;2;0;0;0m▀[38;2;230;213;213;48;2;230;213;213m▀▀▀▀[38;2;0;0;0;48;2;66;60;60m▀[38;2;180;156;156;48;2;180;156;156m▀▀[38;2;115;82;98m▀[49m▄[0m         [38;2;0;0;0m▀▀▀[0m            [38;2;115;82;98m▄[48;2;230;213;213m▀[38;2;82;65;98;48;2;180;156;156m▀[38;2;172;139;197;48;2;131;98;172m▀[48;2;172;139;197m▀▀▀▀▀▀▀[48;2;0;0;0m▀▀▀▀[38;2;0;0;0;48;2;82;65;98m▀[0m
[0m         [38;2;115;82;98m▄[48;2;230;213;213m▀[38;2;230;213;213m▀▀▀▀▀[48;2;115;82;98m▀[38;2;115;82;98;48;2;180;156;156m▀[38;2;180;156;156m▀[38;2;230;213;213m▀[48;2;230;213;213m▀▀▀▀▀▀▀[38;2;0;0;0;48;2;0;0;0m▀[38;2;230;213;213;48;2;180;156;156m▀▀[48;2;230;213;213m▀▀[38;2;66;60;60;48;2;0;0;0m▀[38;2;180;156;156;48;2;180;156;156m▀[48;2;115;82;98m▀[38;2;115;82;98;49m▀[0m                     [38;2;115;82;98m▄[48;2;230;213;213m▀[38;2;180;156;156m▀[38;2;230;213;213m▀▀[48;2;180;156;156m▀[48;2;0;0;0m▀[38;2;131;98;172m▀[38;2;172;139;197m▀[38;2;82;65;98;49m▀[38;2;0;0;0m▀▀▀[38;2;82;65;98m▀[0m
[0m        [38;2;115;82;98m▄[48;2;230;213;213m▀[38;2;230;213;213m▀▀▀▀▀[48;2;115;82;98m▀[38;2;115;82;98;48;2;180;156;156m▀[38;2;180;156;156;48;2;230;213;213m▀[48;2;180;156;156m▀[38;2;115;82;98;48;2;66;60;60m▀[38;2;230;213;213;48;2;230;213;213m▀▀▀▀▀▀▀▀[38;2;115;82;98;48;2;0;0;0m▀[38;2;230;213;213;48;2;230;213;213m▀[38;2;180;156;156m▀[38;2;230;213;213m▀[38;2;0;0;0;48;2;0;0;0m▀[38;2;180;156;156;48;2;115;82;98m▀[38;2;115;82;98;49m▀[0m                    [38;2;115;82;98m▄[48;2;230;213;213m▀[38;2;230;213;213m▀▀[48;2;115;82;98m▀[48;2;0;0;0m▀[38;2;115;82;98;49m▀[38;2;0;0;0m▀[0m
[0m        [38;2;115;82;98;48;2;115;82;98m▀[38;2;230;213;213;48;2;230;213;213m▀▀▀▀▀[48;2;115;82;98m▀[38;2;0;0;0;48;2;230;213;213m▀[38;2;230;213;213;48;2;180;156;156m▀[48;2;230;213;213m▀[38;2;180;156;156;48;2;115;82;98m▀[38;2;0;0;0;48;2;0;0;0m▀[38;2;230;213;213;48;2;230;213;213m▀▀▀▀▀▀▀▀[38;2;115;82;98m▀[38;2;230;213;213m▀▀▀[38;2;0;0;0;48;2;0;0;0m▀[0m                    [38;2;115;82;98m▄[48;2;180;156;156m▀[38;2;230;213;213;48;2;230;213;213m▀▀[48;2;115;82;98m▀[38;2;0;0;0;49m▀[0m
[0m       [38;2;115;82;98m▄[48;2;180;156;156m▀[38;2;230;213;213;48;2;230;213;213m▀▀▀▀▀[38;2;0;0;0;48;2;0;0;0m▀[38;2;230;213;213;48;2;230;213;213m▀[38;2;115;82;98;48;2;115;82;98m▀[38;2;180;156;156;48;2;0;0;0m▀[38;2;0;0;0;48;2;180;156;156m▀[38;2;180;156;156m▀[38;2;115;82;98;48;2;0;0;0m▀[38;2;230;213;213;48;2;230;213;213m▀▀▀▀▀▀▀▀▀▀[48;2;115;82;98m▀[38;2;0;0;0;48;2;230;213;213m▀[49m▄[0m                  [38;2;115;82;98m▄[48;2;230;213;213m▀[38;2;230;213;213m▀[48;2;115;82;98m▀[38;2;115;82;98;49m▀[0m
[0m       [38;2;115;82;98;48;2;115;82;98m▀[38;2;230;213;213;48;2;230;213;213m▀▀▀▀▀[48;2;180;156;156m▀[38;2;0;0;0;48;2;0;0;0m▀[38;2;66;60;60;49m▀▀[38;2;115;82;98m▀[38;2;180;156;156;48;2;115;82;98m▀[48;2;180;156;156m▀[38;2;0;0;0m▀[38;2;230;213;213;48;2;0;0;0m▀[48;2;230;213;213m▀▀▀▀▀▀▀▀[48;2;115;82;98m▀[38;2;0;0;0;48;2;230;213;213m▀[38;2;230;213;213m▀[38;2;66;60;60m▀[38;2;0;0;0;49m▄[0m                [38;2;115;82;98m▄[48;2;230;213;213m▀[38;2;230;213;213m▀[48;2;115;82;98m▀[38;2;115;82;98;49m▀[0m
[0m       [38;2;115;82;98;48;2;180;156;156m▀[38;2;230;213;213;48;2;230;213;213m▀▀▀▀▀[38;2;115;82;98;48;2;115;82;98m▀[0m    [38;2;115;82;98;48;2;82;65;98m▀[38;2;180;156;156;48;2;131;98;172m▀▀[38;2;0;0;0m▀[38;2;230;213;213;48;2;0;0;0m▀[48;2;230;213;213m▀▀▀▀▀▀[48;2;0;0;0m▀[38;2;0;0;0;48;2;230;213;213m▀[38;2;230;213;213m▀▀▀[38;2;82;65;98;48;2;172;139;197m▀[49m▄[0m              [38;2;115;82;98m▄[48;2;180;156;156m▀[38;2;230;213;213;48;2;230;213;213m▀[38;2;115;82;98;48;2;0;0;0m▀[0m
[0m      [38;2;115;82;98;48;2;82;65;98m▀[38;2;230;213;213;48;2;180;156;156m▀[48;2;230;213;213m▀▀▀[48;2;131;98;172m▀[38;2;131;98;172;48;2;172;139;197m▀[38;2;0;0;0;48;2;0;0;0m▀[0m   [38;2;82;65;98m▄[48;2;131;98;172m▀[38;2;131;98;172m▀[48;2;82;65;98m▀[48;2;131;98;172m▀▀[38;2;0;0;0;48;2;82;65;98m▀[38;2;230;213;213;48;2;0;0;0m▀[48;2;230;213;213m▀▀[48;2;0;0;0m▀[38;2;0;0;0;48;2;230;213;213m▀[38;2;230;213;213m▀▀[48;2;131;98;172m▀▀[38;2;131;98;172;48;2;172;139;197m▀[38;2;172;139;197m▀▀[38;2;82;65;98;48;2;131;98;172m▀[38;2;0;0;0;49m▄[0m           [38;2;115;82;98m▄[48;2;180;156;156m▀[38;2;180;156;156m▀[38;2;115;82;98;48;2;0;0;0m▀[0m
[0m     [38;2;131;98;172m▄[38;2;82;65;98;48;2;172;139;197m▀[38;2;172;139;197m▀[38;2;131;98;172m▀▀▀[38;2;172;139;197m▀▀[38;2;0;0;0;48;2;0;0;0m▀[0m  [38;2;82;65;98m▄[48;2;131;98;172m▀[38;2;131;98;172m▀[48;2;0;0;0m▀[38;2;82;65;98;48;2;82;65;98m▀[38;2;131;98;172;48;2;131;98;172m▀▀[38;2;82;65;98;48;2;82;65;98m▀[0m [38;2;0;0;0m▀▀[38;2;172;139;197;48;2;0;0;0m▀[38;2;131;98;172;48;2;172;139;197m▀▀▀[38;2;172;139;197m▀▀[48;2;131;98;172m▀▀[38;2;131;98;172;48;2;230;213;213m▀[38;2;230;213;213m▀▀[38;2;0;0;0m▀[49m▄[0m        [38;2;115;82;98m▄[48;2;180;156;156m▀[38;2;180;156;156m▀[38;2;115;82;98;48;2;0;0;0m▀[0m
[0m    [38;2;82;65;98m▄[48;2;172;139;197m▀[38;2;172;139;197m▀▀[38;2;131;98;172;48;2;82;65;98m▀[38;2;172;139;197;48;2;172;139;197m▀▀▀▀[38;2;0;0;0;48;2;82;65;98m▀[0m [38;2;82;65;98m▄[48;2;131;98;172m▀[38;2;131;98;172m▀[38;2;82;65;98;48;2;0;0;0m▀[38;2;0;0;0;48;2;131;98;172m▀[38;2;131;98;172m▀▀[38;2;82;65;98;48;2;82;65;98m▀[0m    [38;2;0;0;0m▀[38;2;131;98;172;48;2;0;0;0m▀[48;2;230;213;213m▀▀▀▀[38;2;230;213;213m▀▀▀▀▀▀▀[38;2;115;82;98m▀[49m▄[38;2;0;0;0m▄[38;2;115;82;98m▄▄▄[48;2;180;156;156m▀▀[38;2;180;156;156m▀[48;2;0;0;0m▀[38;2;0;0;0;49m▀[0m
[0m   [38;2;82;65;98m▄[48;2;172;139;197m▀[38;2;172;139;197m▀▀▀[38;2;82;65;98;48;2;82;65;98m▀[38;2;172;139;197;48;2;172;139;197m▀▀▀[38;2;82;65;98;48;2;0;0;0m▀[0m [38;2;82;65;98m▄[48;2;131;98;172m▀[38;2;131;98;172;48;2;0;0;0m▀[38;2;0;0;0;49m▀[38;2;82;65;98;48;2;82;65;98m▀[38;2;131;98;172;48;2;131;98;172m▀[48;2;0;0;0m▀[38;2;82;65;98;49m▀[0m  [38;2;82;65;98m▄[38;2;115;82;98m▄[48;2;180;156;156m▀▀[38;2;0;0;0m▀[38;2;180;156;156;48;2;131;98;172m▀[38;2;230;213;213;48;2;230;213;213m▀▀▀▀▀▀▀▀▀▀▀▀[38;2;131;98;172;48;2;131;98;172m▀[38;2;0;0;0;48;2;172;139;197m▀[38;2;180;156;156;48;2;0;0;0m▀[48;2;115;82;98m▀▀[38;2;115;82;98;49m▀[38;2;0;0;0m▀[0m
[0m  [38;2;82;65;98m▄[48;2;172;139;197m▀[38;2;172;139;197m▀▀[48;2;0;0;0m▀[38;2;82;65;98;48;2;82;65;98m▀[38;2;172;139;197;48;2;172;139;197m▀▀▀[48;2;0;0;0m▀[38;2;0;0;0;49m▀[0m [38;2;0;0;0m▀▀[0m [38;2;82;65;98;48;2;0;0;0m▀[38;2;131;98;172m▀[38;2;0;0;0;49m▀[0m  [38;2;82;65;98m▄[48;2;131;98;172m▀[38;2;180;156;156m▀[48;2;180;156;156m▀▀▀▀[38;2;0;0;0;48;2;131;98;172m▀[38;2;131;98;172;48;2;82;65;98m▀[38;2;180;156;156;48;2;172;139;197m▀[38;2;230;213;213;48;2;131;98;172m▀▀[48;2;180;156;156m▀[48;2;230;213;213m▀▀▀▀[48;2;131;98;172m▀▀[38;2;131;98;172;48;2;172;139;197m▀[38;2;172;139;197m▀▀▀[38;2;0;0;0;48;2;0;0;0m▀[0m
[38;2;82;65;98;49m▄[48;2;172;139;197m▀[38;2;172;139;197m▀[48;2;0;0;0m▀[48;2;82;65;98m▀[38;2;0;0;0;49m▀[0m [38;2;82;65;98;48;2;82;65;98m▀[38;2;172;139;197;48;2;172;139;197m▀▀[48;2;0;0;0m▀[38;2;0;0;0;49m▀[0m          [38;2;82;65;98;48;2;82;65;98m▀[38;2;131;98;172;48;2;131;98;172m▀▀▀▀▀▀▀▀▀[38;2;172;139;197m▀▀[48;2;172;139;197m▀[38;2;131;98;172m▀▀▀▀[38;2;172;139;197m▀▀▀▀▀▀[38;2;131;98;172;48;2;131;98;172m▀[38;2;82;65;98;48;2;0;0;0m▀[0m
[38;2;0;0;0;49m▀▀[38;2;82;65;98m▀[0m   [38;2;82;65;98;48;2;82;65;98m▀[38;2;172;139;197;48;2;172;139;197m▀▀[48;2;0;0;0m▀[38;2;0;0;0;49m▀[0m            [38;2;0;0;0m▀[38;2;131;98;172;48;2;0;0;0m▀[48;2;82;65;98m▀[48;2;131;98;172m▀▀▀▀▀[48;2;82;65;98m▀[38;2;0;0;0;49m▀▀[38;2;82;65;98m▀[38;2;131;98;172m▀[38;2;172;139;197;48;2;82;65;98m▀▀[48;2;131;98;172m▀[48;2;172;139;197m▀▀▀▀[48;2;131;98;172m▀[38;2;131;98;172m▀▀[38;2;0;0;0;48;2;0;0;0m▀[0m
[0m     [38;2;82;65;98;48;2;82;65;98m▀[38;2;172;139;197;48;2;0;0;0m▀▀[38;2;0;0;0;49m▀[0m                [38;2;82;65;98m▄[38;2;0;0;0;48;2;82;65;98m▀[48;2;131;98;172m▀[38;2;82;65;98m▀[38;2;131;98;172m▀▀[38;2;0;0;0m▀[49m▄[0m     [38;2;82;65;98m▀[38;2;131;98;172;48;2;0;0;0m▀▀[48;2;131;98;172m▀▀▀▀[38;2;82;65;98;48;2;0;0;0m▀[0m
[0m                     [38;2;82;65;98m▄[48;2;180;156;156m▀[48;2;0;0;0m▀[48;2;180;156;156m▀[38;2;131;98;172;48;2;82;65;98m▀▀[38;2;82;65;98;48;2;180;156;156m▀[38;2;131;98;172;48;2;82;65;98m▀[48;2;131;98;172m▀[48;2;0;0;0m▀▀[38;2;0;0;0;49m▀[0m        [38;2;0;0;0m▀▀[38;2;82;65;98;48;2;0;0;0m▀[38;2;131;98;172;48;2;131;98;172m▀▀[38;2;82;65;98;48;2;0;0;0m▀[0m
[0m                     [38;2;0;0;0m▀[48;2;0;0;0m▀[38;2;180;156;156m▀[38;2;82;65;98;49m▀[38;2;0;0;0;48;2;0;0;0m▀[38;2;180;156;156m▀[38;2;82;65;98;49m▀[38;2;0;0;0m▀▀[0m             [38;2;0;0;0;48;2;131;98;172m▀[38;2;131;98;172;48;2;172;139;197m▀[38;2;172;139;197m▀▀[38;2;0;0;0;48;2;131;98;172m▀[49m▄[0m
[0m                                          [38;2;66;60;60;48;2;66;60;60m▀[38;2;255;255;255;48;2;255;255;255m▀[38;2;131;98;172;48;2;0;0;0m▀[38;2;172;139;197;48;2;82;65;98m▀[38;2;82;65;98;48;2;255;255;255m▀[38;2;131;98;172;48;2;0;0;0m▀[38;2;230;213;213;48;2;66;60;60m▀[38;2;66;60;60;48;2;255;255;255m▀[38;2;0;0;0;49m▄[0m
[0m                                          [38;2;66;60;60m▀[38;2;0;0;0m▀[0m [38;2;66;60;60m▀[38;2;255;255;255;48;2;66;60;60m▀[38;2;0;0;0;48;2;0;0;0m▀[0m [38;2;0;0;0m▀▀[0m
