[0m            [38;2;0;74;82m▄▄▄▄▄[0m              [38;2;16;106;98m▄[48;2;131;205;205m▀▀▀[49m▄[0m
[0m       [38;2;41;134;139m▄▄[38;2;0;74;82;48;2;90;172;164m▀[48;2;0;74;82m▀[38;2;24;24;32;48;2;41;134;139m▀▀[38;2;41;134;139;48;2;0;74;82m▀[48;2;41;134;139m▀[38;2;24;24;32m▀[38;2;41;134;139;48;2;24;24;32m▀[38;2;0;74;82;48;2;41;134;139m▀[38;2;24;24;32;48;2;16;106;123m▀[38;2;0;74;82;49m▄[0m         [38;2;16;106;98m▄[48;2;131;205;205m▀[38;2;131;205;205m▀▀▀▀[38;2;16;106;98;48;2;16;106;98m▀[0m
[0m   [38;2;41;134;139m▄[48;2;131;205;205m▀[48;2;41;134;139m▀[48;2;131;205;205m▀[38;2;131;205;205m▀[48;2;0;74;82m▀[38;2;0;74;82;48;2;16;106;123m▀[38;2;41;134;139;48;2;0;74;82m▀▀[48;2;41;134;139m▀▀[38;2;0;74;82;48;2;24;24;32m▀[38;2;41;134;139;48;2;41;134;139m▀[38;2;24;24;32;48;2;24;24;32m▀[38;2;41;134;139;48;2;41;134;139m▀▀[38;2;24;24;32;48;2;24;24;32m▀[0m      [38;2;0;74;82m▄[48;2;41;134;139m▀[38;2;41;134;139m▀[38;2;90;172;164m▀[38;2;131;205;205m▀▀[38;2;90;172;164m▀[38;2;41;134;139m▀▀[38;2;0;74;82;48;2;0;74;82m▀[0m
[0m  [38;2;41;134;139;48;2;41;134;139m▀[38;2;131;205;205;48;2;131;205;205m▀[38;2;90;172;164;48;2;90;172;164m▀[48;2;131;205;205m▀[38;2;131;205;205m▀[48;2;41;134;139m▀[38;2;0;74;82;48;2;0;74;82m▀[38;2;16;106;123;48;2;16;106;123m▀▀[38;2;0;74;82;48;2;24;24;32m▀[38;2;16;106;123;48;2;0;74;82m▀▀[38;2;24;24;32;48;2;24;24;32m▀[38;2;16;106;123m▀[38;2;24;24;32;48;2;16;106;123m▀[38;2;0;74;82m▀[48;2;24;24;32m▀[38;2;24;24;32;49m▀[0m   [38;2;0;74;82m▄[48;2;41;134;139m▀▀[38;2;41;134;139m▀▀▀▀▀▀▀▀▀[38;2;0;74;82m▀[38;2;24;24;32;49m▄[0m
[0m [38;2;41;134;139;48;2;41;134;139m▀[38;2;131;205;205;48;2;131;205;205m▀[38;2;90;172;164;48;2;90;172;164m▀[38;2;131;205;205;48;2;131;205;205m▀▀[38;2;41;134;139;48;2;41;134;139m▀[38;2;90;172;164;48;2;90;172;164m▀[38;2;0;74;82m▀[38;2;16;106;123;48;2;0;74;82m▀[48;2;16;106;123m▀▀[38;2;24;24;32m▀▀[38;2;16;106;123m▀[38;2;0;74;82;48;2;24;24;32m▀[38;2;24;24;32;49m▀▀[0m  [38;2;24;24;32m▄[48;2;41;134;139m▀[38;2;0;74;82m▀[38;2;41;134;139m▀[48;2;131;205;205m▀▀▀▀[48;2;41;134;139m▀▀[48;2;131;205;205m▀▀▀▀[48;2;90;172;164m▀[48;2;41;134;139m▀[38;2;16;106;123;48;2;16;106;123m▀[38;2;24;24;32m▀[49m▄[0m
[38;2;24;24;32;49m▄[38;2;41;134;139;48;2;131;205;205m▀[38;2;131;205;205m▀[38;2;90;172;164;48;2;90;172;164m▀[38;2;131;205;205;48;2;131;205;205m▀[48;2;41;134;139m▀[38;2;41;134;139;48;2;90;172;164m▀[38;2;90;172;164m▀▀▀[38;2;0;74;82m▀[38;2;24;24;32m▀▀▀▀[38;2;90;172;164m▀[38;2;24;24;32;48;2;24;24;32m▀[0m   [38;2;24;24;32;48;2;24;24;32m▀[38;2;41;134;139;48;2;41;134;139m▀▀[38;2;90;172;164;48;2;90;172;164m▀[38;2;131;205;205;48;2;131;205;205m▀[38;2;255;238;164;48;2;255;238;164m▀▀[38;2;131;205;205;48;2;131;205;205m▀[38;2;41;134;139;48;2;41;134;139m▀▀[38;2;131;205;205;48;2;131;205;205m▀[38;2;255;238;164;48;2;255;238;164m▀▀[38;2;131;205;205;48;2;131;205;205m▀[38;2;90;172;164;48;2;90;172;164m▀[38;2;41;134;139;48;2;16;106;123m▀[38;2;16;106;123m▀▀▀[38;2;24;24;32;48;2;24;24;32m▀[0m
[38;2;24;24;32;48;2;24;24;32m▀[38;2;131;205;205;48;2;131;205;205m▀[38;2;90;172;164;48;2;90;172;164m▀[38;2;131;205;205;48;2;131;205;205m▀▀[38;2;41;134;139;48;2;41;134;139m▀[38;2;90;172;164;48;2;90;172;164m▀▀▀▀▀▀▀▀▀[38;2;24;24;32;48;2;24;24;32m▀[0m     [38;2;24;24;32;48;2;24;24;32m▀[38;2;131;205;205;48;2;90;172;164m▀[48;2;131;205;205m▀▀[38;2;255;238;164;48;2;255;238;164m▀▀[38;2;131;205;205;48;2;131;205;205m▀▀▀[38;2;255;238;164;48;2;255;238;164m▀▀▀[38;2;131;205;205;48;2;131;205;205m▀[38;2;90;172;164m▀[38;2;16;106;123;48;2;90;172;164m▀▀▀[48;2;24;24;32m▀[38;2;24;24;32;49m▀[0m
[38;2;24;24;32;48;2;24;24;32m▀[38;2;131;205;205;48;2;131;205;205m▀[38;2;41;134;139;48;2;41;134;139m▀[38;2;131;205;205;48;2;131;205;205m▀[48;2;41;134;139m▀[38;2;90;172;164;48;2;90;172;164m▀▀▀▀▀▀▀▀▀[38;2;24;24;32;48;2;24;24;32m▀[0m    [38;2;106;65;0m▄▄[38;2;41;134;139m▄[38;2;24;24;32;48;2;41;134;139m▀[38;2;131;205;205;48;2;16;106;123m▀[48;2;90;172;164m▀[48;2;131;205;205m▀▀▀▀▀▀▀▀▀[48;2;90;172;164m▀[38;2;90;172;164m▀[48;2;106;65;0m▀[38;2;41;134;139m▀[38;2;24;24;32m▀[0m
[0m [38;2;24;24;32;48;2;24;24;32m▀[38;2;41;134;139;48;2;41;134;139m▀[38;2;131;205;205;48;2;131;205;205m▀[38;2;41;134;139;48;2;41;134;139m▀[38;2;90;172;164;48;2;90;172;164m▀▀▀▀[48;2;24;24;32m▀▀[48;2;90;172;164m▀[48;2;24;24;32m▀[38;2;24;24;32;49m▀[0m  [38;2;106;65;0m▄[48;2;197;156;82m▀▀[38;2;197;156;82;48;2;106;65;0m▀[38;2;106;65;0;48;2;131;205;205m▀[38;2;90;172;164m▀[38;2;131;205;205m▀▀[38;2;16;106;123m▀[38;2;131;205;205;48;2;16;106;123m▀▀▀▀▀▀[38;2;90;172;164;48;2;41;134;139m▀[38;2;16;106;123;48;2;106;65;0m▀▀[38;2;106;65;0;48;2;197;156;82m▀▀[38;2;197;156;82m▀▀▀[38;2;106;65;0;48;2;156;115;41m▀[49m▄[0m
[0m  [38;2;24;24;32m▀[38;2;131;205;205;48;2;24;24;32m▀[38;2;41;134;139;48;2;131;205;205m▀[38;2;90;172;164;48;2;90;172;164m▀▀▀[38;2;24;24;32;48;2;24;24;32m▀[38;2;41;134;139;48;2;41;134;139m▀▀[38;2;24;24;32m▀[48;2;24;24;32m▀[0m [38;2;24;24;32m▄[38;2;106;65;0;48;2;197;156;82m▀[38;2;197;156;82m▀▀▀[38;2;106;65;0m▀[38;2;90;172;164;48;2;106;65;0m▀[38;2;131;205;205;48;2;131;205;205m▀▀[38;2;16;106;123;48;2;16;106;123m▀[48;2;41;134;139m▀▀[38;2;41;134;139m▀▀▀▀[48;2;106;65;0m▀[38;2;106;65;0;48;2;197;156;82m▀[38;2;197;156;82m▀▀▀▀[48;2;156;115;41m▀[38;2;156;115;41;48;2;197;156;82m▀▀[38;2;197;156;82m▀▀[38;2;106;65;0m▀[49m▄[0m   [38;2;16;106;98m▄▄▄[0m
[0m   [38;2;24;24;32m▀[38;2;131;205;205;48;2;24;24;32m▀[38;2;90;172;164;48;2;90;172;164m▀▀▀[38;2;24;24;32;48;2;0;74;82m▀[38;2;41;134;139;48;2;41;134;139m▀▀▀▀[38;2;24;24;32;48;2;16;106;123m▀[48;2;24;24;32m▀[38;2;197;156;82;48;2;197;156;82m▀[38;2;156;115;41m▀[38;2;197;156;82;48;2;156;115;41m▀[48;2;197;156;82m▀▀[38;2;106;65;0m▀[38;2;90;172;164;48;2;106;65;0m▀[38;2;131;205;205;48;2;16;106;123m▀[38;2;16;106;123;48;2;90;172;164m▀[38;2;41;134;139;48;2;131;205;205m▀[38;2;131;205;205m▀▀[38;2;90;172;164m▀[38;2;0;74;82m▀[38;2;41;134;139;48;2;106;65;0m▀[38;2;197;156;82;48;2;197;156;82m▀▀▀[48;2;106;65;0m▀[38;2;156;115;41;48;2;197;156;82m▀[38;2;197;156;82m▀▀[48;2;156;115;41m▀[48;2;106;65;0m▀[38;2;156;115;41;48;2;0;74;82m▀[38;2;106;65;0;48;2;41;134;139m▀[48;2;0;74;82m▀[48;2;255;238;164m▀[38;2;0;74;82;49m▄[0m [38;2;16;106;98;48;2;16;106;98m▀[38;2;131;205;205;48;2;131;205;205m▀▀[38;2;90;172;164m▀[38;2;16;106;98m▀[49m▄[48;2;131;205;205m▀▀[49m▄[0m
[0m     [38;2;24;24;32m▀▀▀▀▀[38;2;41;134;139;48;2;24;24;32m▀[48;2;16;106;123m▀[38;2;16;106;123m▀▀[38;2;24;24;32m▀[38;2;197;156;82;48;2;156;115;41m▀[48;2;197;156;82m▀[38;2;156;115;41m▀[48;2;156;115;41m▀[38;2;197;156;82;48;2;197;156;82m▀[48;2;16;106;123m▀[38;2;16;106;123;48;2;131;205;205m▀[38;2;131;205;205m▀▀[48;2;255;238;164m▀▀▀[48;2;131;205;205m▀▀▀[38;2;197;156;82;48;2;0;74;82m▀[48;2;106;65;0m▀[38;2;106;65;0;48;2;197;156;82m▀[38;2;197;156;82m▀▀[48;2;106;65;0m▀[38;2;106;65;0;48;2;16;106;123m▀[38;2;24;24;32;48;2;24;24;32m▀[38;2;0;74;82;48;2;0;74;82m▀[38;2;41;134;139;48;2;16;106;123m▀▀▀[38;2;0;74;82m▀[48;2;24;24;32m▀[38;2;24;24;32;48;2;131;205;205m▀[38;2;131;205;205m▀▀▀[48;2;41;134;139m▀[38;2;41;134;139;48;2;131;205;205m▀[38;2;131;205;205m▀[48;2;90;172;164m▀[38;2;90;172;164;48;2;131;205;205m▀[38;2;131;205;205m▀[38;2;16;106;98;48;2;16;106;98m▀[0m
[0m           [38;2;24;24;32m▀[38;2;16;106;123;48;2;24;24;32m▀[48;2;0;74;82m▀[38;2;41;134;139;48;2;41;134;139m▀[48;2;131;205;205m▀[38;2;197;156;82;48;2;41;134;139m▀[48;2;197;156;82m▀[48;2;0;74;82m▀[38;2;0;74;82;48;2;131;205;205m▀[38;2;131;205;205m▀▀[48;2;255;238;164m▀[38;2;255;238;164;48;2;222;205;148m▀[38;2;222;205;148;48;2;131;205;205m▀[38;2;131;205;205m▀[38;2;222;205;148m▀[38;2;255;238;164;48;2;222;205;148m▀[38;2;131;205;205;48;2;255;238;164m▀[48;2;131;205;205m▀▀[38;2;0;74;82m▀[38;2;197;156;82;48;2;0;74;82m▀[48;2;106;65;0m▀[38;2;106;65;0;48;2;41;134;139m▀[38;2;41;134;139m▀▀[38;2;16;106;123m▀[38;2;24;24;32;48;2;24;24;32m▀[38;2;16;106;123;48;2;0;74;82m▀[48;2;16;106;123m▀▀[38;2;24;24;32;48;2;24;24;32m▀[38;2;131;205;205;48;2;131;205;205m▀▀▀▀▀[38;2;41;134;139;48;2;41;134;139m▀[38;2;131;205;205;48;2;131;205;205m▀▀[38;2;90;172;164;48;2;90;172;164m▀[38;2;131;205;205;48;2;131;205;205m▀▀▀[38;2;16;106;98;48;2;16;106;98m▀[0m
[0m             [38;2;41;134;139m▄[48;2;131;205;205m▀[38;2;131;205;205m▀[48;2;41;134;139m▀[38;2;0;74;82;48;2;131;205;205m▀[38;2;131;205;205m▀[48;2;222;205;148m▀[48;2;255;238;164m▀[38;2;255;238;164;48;2;131;205;205m▀[38;2;222;205;148m▀[38;2;131;205;205;48;2;255;238;164m▀[38;2;222;205;148;48;2;222;205;148m▀[38;2;255;238;164;48;2;131;205;205m▀[48;2;222;205;148m▀[38;2;131;205;205;48;2;255;238;164m▀[38;2;222;205;148;48;2;131;205;205m▀[38;2;255;238;164m▀[38;2;131;205;205;48;2;255;238;164m▀[48;2;131;205;205m▀▀[38;2;0;74;82;48;2;41;134;139m▀[38;2;41;134;139;48;2;90;172;164m▀[48;2;0;74;82m▀[48;2;41;134;139m▀▀▀[38;2;24;24;32;48;2;0;74;82m▀[38;2;0;74;82;48;2;255;238;164m▀[38;2;24;24;32m▀[38;2;16;106;98;48;2;16;106;98m▀[38;2;131;205;205;48;2;131;205;205m▀▀▀▀[48;2;41;134;139m▀[38;2;41;134;139;48;2;131;205;205m▀[38;2;131;205;205m▀[48;2;90;172;164m▀[38;2;90;172;164;48;2;131;205;205m▀[38;2;131;205;205m▀▀▀[48;2;90;172;164m▀[38;2;24;24;32;48;2;24;24;32m▀[0m
[0m            [38;2;16;106;98;48;2;16;106;98m▀[38;2;131;205;205;48;2;131;205;205m▀▀▀[38;2;0;74;82;48;2;0;74;82m▀[38;2;131;205;205;48;2;131;205;205m▀▀[38;2;255;238;164m▀[38;2;222;205;148;48;2;255;238;164m▀[38;2;131;205;205;48;2;222;205;148m▀[38;2;222;205;148;48;2;131;205;205m▀[38;2;255;238;164;48;2;222;205;148m▀[38;2;131;205;205;48;2;255;238;164m▀[48;2;131;205;205m▀[38;2;255;238;164m▀[38;2;131;205;205m▀[48;2;255;238;164m▀[38;2;255;238;164;48;2;222;205;148m▀[38;2;222;205;148;48;2;131;205;205m▀[38;2;131;205;205m▀[48;2;41;134;139m▀[38;2;41;134;139;48;2;90;172;164m▀[38;2;90;172;164m▀[38;2;0;74;82;48;2;0;74;82m▀[38;2;41;134;139;48;2;41;134;139m▀▀[48;2;16;106;123m▀[38;2;0;74;82;48;2;41;134;139m▀[38;2;255;238;164;48;2;255;238;164m▀▀▀[38;2;24;24;32m▀[38;2;131;205;205;48;2;24;24;32m▀[48;2;131;205;205m▀▀[38;2;41;134;139;48;2;41;134;139m▀[38;2;131;205;205;48;2;131;205;205m▀▀[38;2;90;172;164;48;2;90;172;164m▀[38;2;131;205;205m▀▀[38;2;90;172;164m▀▀▀▀[38;2;24;24;32;48;2;24;24;32m▀[0m
[0m            [38;2;16;106;98m▀[38;2;131;205;205;48;2;16;106;98m▀[48;2;131;205;205m▀[48;2;41;134;139m▀[38;2;0;74;82m▀[38;2;131;205;205;48;2;106;65;0m▀[48;2;131;205;205m▀▀▀[38;2;255;238;164m▀[38;2;222;205;148;48;2;255;238;164m▀[38;2;131;205;205;48;2;222;205;148m▀[38;2;222;205;148;48;2;131;205;205m▀[38;2;255;238;164;48;2;222;205;148m▀[38;2;131;205;205;48;2;255;238;164m▀[38;2;255;238;164;48;2;222;205;148m▀[38;2;222;205;148;48;2;131;205;205m▀[38;2;131;205;205m▀[48;2;90;172;164m▀[38;2;41;134;139m▀[38;2;90;172;164;48;2;41;134;139m▀▀[48;2;0;74;82m▀[38;2;0;74;82;48;2;41;134;139m▀[38;2;41;134;139m▀[38;2;16;106;123;48;2;16;106;123m▀[38;2;131;205;205;48;2;131;205;205m▀[38;2;41;134;139;48;2;41;134;139m▀[38;2;255;238;164;48;2;222;205;148m▀[48;2;255;238;164m▀▀▀[38;2;24;24;32m▀[38;2;131;205;205;48;2;41;134;139m▀[48;2;90;172;164m▀[38;2;90;172;164m▀[38;2;41;134;139;48;2;41;134;139m▀[38;2;90;172;164;48;2;90;172;164m▀▀[38;2;41;134;139;48;2;41;134;139m▀[38;2;90;172;164;48;2;90;172;164m▀▀▀▀▀[38;2;24;24;32;48;2;24;24;32m▀[0m
[0m             [38;2;24;24;32;48;2;24;24;32m▀[38;2;131;205;205;48;2;41;134;139m▀[38;2;41;134;139;48;2;106;65;0m▀[38;2;106;65;0;48;2;197;156;82m▀[38;2;197;156;82m▀[38;2;106;65;0m▀[38;2;131;205;205;48;2;156;115;41m▀[48;2;131;205;205m▀▀▀[38;2;255;238;164m▀[38;2;222;205;148;48;2;255;238;164m▀[38;2;131;205;205;48;2;222;205;148m▀[48;2;131;205;205m▀▀▀[48;2;90;172;164m▀[38;2;90;172;164;48;2;106;65;0m▀[38;2;106;65;0;48;2;156;115;41m▀[38;2;197;156;82;48;2;197;156;82m▀[38;2;0;74;82m▀[38;2;41;134;139;48;2;106;65;0m▀[48;2;41;134;139m▀[38;2;16;106;123;48;2;16;106;123m▀[38;2;131;205;205;48;2;131;205;205m▀▀▀[38;2;41;134;139;48;2;90;172;164m▀[38;2;222;205;148;48;2;41;134;139m▀[38;2;255;238;164;48;2;222;205;148m▀[48;2;255;238;164m▀[48;2;90;172;164m▀[38;2;24;24;32;48;2;24;24;32m▀[38;2;90;172;164;48;2;90;172;164m▀▀▀[38;2;41;134;139;48;2;41;134;139m▀[38;2;90;172;164;48;2;90;172;164m▀[38;2;41;134;139m▀[38;2;90;172;164;48;2;41;134;139m▀▀▀▀[48;2;90;172;164m▀[38;2;24;24;32;48;2;24;24;32m▀[0m
[0m              [38;2;24;24;32;48;2;24;24;32m▀[38;2;156;115;41;48;2;197;156;82m▀[38;2;197;156;82m▀[48;2;156;115;41m▀[38;2;156;115;41;48;2;197;156;82m▀[38;2;197;156;82m▀[38;2;106;65;0m▀[38;2;131;205;205;48;2;106;65;0m▀[48;2;90;172;164m▀[48;2;131;205;205m▀▀▀[48;2;90;172;164m▀[48;2;41;134;139m▀[38;2;41;134;139;48;2;90;172;164m▀[38;2;90;172;164;48;2;106;65;0m▀[38;2;156;115;41;48;2;197;156;82m▀[38;2;197;156;82;48;2;106;65;0m▀[48;2;197;156;82m▀▀▀[38;2;106;65;0m▀▀[38;2;131;205;205;48;2;106;65;0m▀▀[48;2;131;205;205m▀▀▀▀[38;2;90;172;164;48;2;106;65;0m▀[48;2;24;24;32m▀[38;2;24;24;32;49m▀[38;2;90;172;164;48;2;24;24;32m▀[48;2;90;172;164m▀▀▀[38;2;41;134;139m▀[38;2;90;172;164;48;2;41;134;139m▀▀▀▀▀[38;2;41;134;139;48;2;24;24;32m▀[38;2;24;24;32;49m▀[0m
[0m              [38;2;24;24;32;48;2;24;24;32m▀[38;2;156;115;41;48;2;156;115;41m▀[38;2;197;156;82;48;2;106;65;0m▀[38;2;106;65;0;48;2;156;115;41m▀[38;2;197;156;82m▀▀[38;2;156;115;41;48;2;24;24;32m▀[38;2;24;24;32;48;2;16;106;123m▀[38;2;0;74;82m▀[38;2;41;134;139;48;2;0;74;82m▀[48;2;90;172;164m▀▀▀[38;2;90;172;164m▀[38;2;106;65;0;48;2;0;74;82m▀[38;2;156;115;41;48;2;106;65;0m▀[38;2;197;156;82;48;2;156;115;41m▀▀[38;2;106;65;0m▀[38;2;197;156;82;48;2;106;65;0m▀[38;2;156;115;41m▀[48;2;156;115;41m▀[38;2;197;156;82m▀▀▀[38;2;106;65;0;48;2;197;156;82m▀▀▀▀[38;2;197;156;82;48;2;24;24;32m▀[38;2;24;24;32;49m▀[0m [38;2;24;24;32;48;2;24;24;32m▀[38;2;90;172;164;48;2;0;74;82m▀▀[48;2;90;172;164m▀▀▀▀▀▀[48;2;24;24;32m▀[38;2;24;24;32;49m▀[0m
[0m               [38;2;156;115;41;48;2;24;24;32m▀[38;2;106;65;0;48;2;156;115;41m▀[38;2;156;115;41m▀▀[48;2;24;24;32m▀[38;2;24;24;32;48;2;16;106;123m▀[38;2;16;106;123m▀▀▀[38;2;0;74;82m▀▀▀▀[38;2;16;106;123m▀▀[38;2;106;65;0m▀[38;2;156;115;41;48;2;106;65;0m▀▀[48;2;156;115;41m▀▀[38;2;106;65;0m▀▀[38;2;156;115;41;48;2;106;65;0m▀▀▀▀[48;2;24;24;32m▀[38;2;24;24;32;49m▀[0m  [38;2;24;24;32;48;2;24;24;32m▀[38;2;41;134;139;48;2;41;134;139m▀[38;2;0;74;82m▀[38;2;16;106;123;48;2;16;106;123m▀[38;2;0;74;82;48;2;0;74;82m▀[48;2;16;106;123m▀▀[48;2;24;24;32m▀[48;2;16;106;123m▀[48;2;41;134;139m▀[38;2;24;24;32;48;2;24;24;32m▀[0m
[0m                [38;2;24;24;32;48;2;16;106;98m▀[38;2;106;65;0;48;2;24;24;32m▀[38;2;156;115;41m▀[38;2;24;24;32;48;2;0;74;82m▀[38;2;0;74;82;48;2;16;106;123m▀▀▀[38;2;16;106;123;48;2;0;74;82m▀[48;2;16;106;123m▀▀▀▀▀▀▀[48;2;222;205;148m▀[38;2;0;74;82;48;2;0;74;82m▀[38;2;106;65;0;48;2;16;106;123m▀▀[48;2;0;74;82m▀[38;2;156;115;41m▀[48;2;24;24;32m▀▀[38;2;24;24;32;49m▀▀[0m     [38;2;24;24;32m▀▀[48;2;24;24;32m▀[38;2;16;106;123m▀▀[38;2;24;24;32m▀[38;2;16;106;123m▀▀[38;2;24;24;32;49m▀▀[0m
[0m             [38;2;16;106;98m▄[48;2;90;172;164m▀[38;2;90;172;164m▀▀▀▀▀[38;2;24;24;32m▀[38;2;16;106;123;48;2;24;24;32m▀[48;2;0;74;82m▀[38;2;24;24;32;49m▀[38;2;16;106;123;48;2;24;24;32m▀▀[48;2;16;106;123m▀▀▀[38;2;0;74;82;48;2;0;74;82m▀[38;2;255;238;164;48;2;255;238;164m▀[48;2;24;24;32m▀[38;2;24;24;32m▀[38;2;16;106;123m▀[38;2;24;24;32;48;2;90;172;164m▀[38;2;90;172;164m▀▀▀▀[38;2;16;106;98m▀[49m▄[0m
[0m             [38;2;16;106;98;48;2;16;106;98m▀[38;2;90;172;164;48;2;41;134;139m▀[38;2;41;134;139;48;2;90;172;164m▀▀[38;2;90;172;164;48;2;41;134;139m▀[48;2;90;172;164m▀▀▀▀[38;2;24;24;32m▀[49m▄[0m  [38;2;24;24;32m▀▀▀▀▀[0m [38;2;16;106;98m▄[38;2;24;24;32;48;2;90;172;164m▀[38;2;90;172;164m▀[48;2;41;134;139m▀[38;2;41;134;139;48;2;90;172;164m▀▀▀[38;2;90;172;164m▀[48;2;41;134;139m▀[38;2;16;106;98;48;2;90;172;164m▀[38;2;24;24;32;49m▄[0m
[0m            [38;2;24;24;32;48;2;24;24;32m▀[38;2;90;172;164;48;2;131;205;205m▀[38;2;131;205;205m▀▀[38;2;90;172;164;48;2;90;172;164m▀[48;2;131;205;205m▀[38;2;41;134;139;48;2;41;134;139m▀[38;2;90;172;164;48;2;90;172;164m▀[48;2;131;205;205m▀[48;2;90;172;164m▀▀[38;2;24;24;32;48;2;24;24;32m▀[0m        [38;2;16;106;98;48;2;16;106;98m▀[38;2;90;172;164;48;2;90;172;164m▀▀[38;2;41;134;139;48;2;41;134;139m▀[38;2;90;172;164;48;2;90;172;164m▀[48;2;131;205;205m▀▀▀[38;2;41;134;139m▀[38;2;90;172;164;48;2;41;134;139m▀[38;2;24;24;32;48;2;24;24;32m▀[0m
[0m            [38;2;24;24;32;48;2;24;24;32m▀[38;2;131;205;205;48;2;131;205;205m▀▀▀[38;2;90;172;164m▀[38;2;131;205;205;48;2;90;172;164m▀[38;2;41;134;139;48;2;131;205;205m▀[38;2;131;205;205;48;2;41;134;139m▀[48;2;131;205;205m▀[38;2;90;172;164m▀▀[38;2;24;24;32;48;2;24;24;32m▀[0m       [38;2;24;24;32;48;2;24;24;32m▀[38;2;90;172;164;48;2;131;205;205m▀▀[48;2;41;134;139m▀[38;2;41;134;139;48;2;131;205;205m▀[38;2;90;172;164;48;2;90;172;164m▀[38;2;131;205;205;48;2;131;205;205m▀▀▀▀[38;2;41;134;139;48;2;41;134;139m▀[48;2;90;172;164m▀[38;2;24;24;32;48;2;24;24;32m▀[0m
[0m           [38;2;24;24;32;48;2;24;24;32m▀[38;2;131;205;205;48;2;131;205;205m▀▀▀▀▀[38;2;90;172;164m▀[38;2;131;205;205m▀[38;2;41;134;139;48;2;90;172;164m▀[38;2;131;205;205;48;2;41;134;139m▀[48;2;131;205;205m▀▀[38;2;24;24;32;48;2;24;24;32m▀[0m       [38;2;24;24;32;48;2;24;24;32m▀[38;2;131;205;205;48;2;131;205;205m▀▀[38;2;41;134;139;48;2;41;134;139m▀[38;2;131;205;205;48;2;90;172;164m▀[48;2;131;205;205m▀▀▀▀▀▀[38;2;90;172;164;48;2;90;172;164m▀[38;2;24;24;32;48;2;24;24;32m▀[0m
[0m           [38;2;24;24;32;48;2;24;24;32m▀[38;2;131;205;205;48;2;90;172;164m▀[48;2;131;205;205m▀▀▀▀▀▀[38;2;90;172;164;48;2;90;172;164m▀[38;2;41;134;139;48;2;24;24;32m▀[38;2;131;205;205m▀[38;2;24;24;32;49m▀[0m        [38;2;24;24;32;48;2;24;24;32m▀[38;2;131;205;205;48;2;90;172;164m▀[48;2;131;205;205m▀[38;2;41;134;139;48;2;41;134;139m▀[38;2;90;172;164;48;2;90;172;164m▀[38;2;131;205;205;48;2;131;205;205m▀▀▀▀▀▀[38;2;90;172;164;48;2;90;172;164m▀[38;2;24;24;32;48;2;24;24;32m▀[0m
[0m            [38;2;24;24;32m▀▀▀▀▀▀▀▀[0m            [38;2;24;24;32m▀▀[38;2;41;134;139m▀[38;2;90;172;164;48;2;24;24;32m▀[38;2;131;205;205m▀▀▀▀▀▀[38;2;24;24;32;49m▀[0m
