[0m             [38;2;0;0;0m▄▄[0m       [38;2;98;0;0m▄▄[48;2;189;65;65m▀▀[38;2;0;0;0m▀▀▀[38;2;98;0;0;49m▄[38;2;0;0;0m▄[0m
[0m             [38;2;0;0;0;48;2;0;0;0m▀[38;2;255;255;255;48;2;255;255;255m▀[38;2;0;0;0m▀[49m▄▄[0m [38;2;139;32;24m▄[48;2;189;65;65m▀[48;2;255;255;255m▀[38;2;189;65;65m▀[48;2;189;65;65m▀▀▀▀▀▀▀▀[38;2;98;0;0m▀[38;2;0;0;0;48;2;139;32;24m▀[49m▄[0m
[0m             [38;2;0;0;0;48;2;0;0;0m▀[38;2;255;255;255;48;2;255;255;255m▀▀[38;2;73;73;86;48;2;73;73;86m▀[38;2;156;148;156;48;2;156;148;156m▀[38;2;0;0;0m▀[38;2;189;65;65;48;2;0;0;0m▀▀[48;2;189;65;65m▀▀▀▀▀▀▀▀▀▀▀[38;2;41;41;47;48;2;41;41;47m▀[38;2;98;98;98;48;2;98;98;98m▀[38;2;0;0;0m▀[49m▄[0m
[0m             [38;2;0;0;0;48;2;0;0;0m▀[38;2;255;255;255;48;2;156;148;156m▀[48;2;255;255;255m▀[38;2;73;73;86;48;2;73;73;86m▀[38;2;156;148;156;48;2;156;148;156m▀▀▀▀[38;2;0;0;0m▀[48;2;0;0;0m▀[38;2;189;65;65;48;2;189;65;65m▀▀▀▀▀▀▀▀[38;2;139;32;24;48;2;41;41;47m▀[38;2;98;98;98;48;2;98;98;98m▀▀▀[38;2;0;0;0m▀[49m▄[0m
[0m              [38;2;73;73;86;48;2;0;0;0m▀[38;2;255;255;255;48;2;255;255;255m▀[38;2;73;73;86m▀[38;2;156;148;156;48;2;73;73;86m▀[48;2;156;148;156m▀▀▀▀[38;2;41;41;47;48;2;41;41;47m▀[38;2;189;65;65;48;2;189;65;65m▀▀▀▀▀[48;2;41;41;47m▀▀[38;2;41;41;47;48;2;98;98;98m▀[38;2;98;98;98m▀▀▀▀▀[38;2;0;0;0;48;2;0;0;0m▀[0m
[0m              [38;2;0;0;0m▀[38;2;255;255;255;48;2;0;0;0m▀[48;2;255;255;255m▀[38;2;73;73;86m▀[38;2;156;148;156;48;2;73;73;86m▀[48;2;156;148;156m▀▀▀[38;2;41;41;47;48;2;41;41;47m▀[38;2;189;65;65;48;2;73;73;86m▀[48;2;41;41;47m▀▀[38;2;41;41;47;48;2;98;98;98m▀▀[38;2;98;98;98m▀▀▀▀▀▀▀▀▀[38;2;0;0;0;48;2;0;0;0m▀[0m
[0m               [38;2;0;0;0;48;2;41;41;47m▀[38;2;255;255;255;48;2;0;0;0m▀[48;2;255;255;255m▀[38;2;73;73;86m▀[38;2;156;148;156;48;2;73;73;86m▀[48;2;156;148;156m▀▀▀[38;2;41;41;47;48;2;41;41;47m▀[38;2;98;98;98;48;2;98;98;98m▀▀▀▀▀[48;2;0;0;0m▀[38;2;0;0;0;48;2;230;139;65m▀[38;2;98;98;98;48;2;0;0;0m▀[48;2;41;41;47m▀[48;2;98;98;98m▀▀▀▀[38;2;0;0;0;48;2;0;0;0m▀[0m
[0m               [38;2;41;41;47;48;2;41;41;47m▀[38;2;73;73;86m▀[38;2;0;0;0;49m▀[38;2;255;255;255;48;2;0;0;0m▀[48;2;255;255;255m▀[38;2;73;73;86m▀▀[38;2;156;148;156;48;2;73;73;86m▀[38;2;41;41;47;48;2;41;41;47m▀[38;2;98;98;98m▀[48;2;0;0;0m▀▀[38;2;41;41;47;48;2;41;41;47m▀[48;2;230;139;65m▀[38;2;0;0;0m▀[38;2;230;139;65;48;2;139;90;57m▀[38;2;41;41;47;48;2;41;41;47m▀[38;2;0;0;0;48;2;0;0;0m▀[48;2;73;73;86m▀[48;2;0;0;0m▀[38;2;41;41;47m▀[38;2;98;98;98m▀[38;2;0;0;0m▀[0m    [38;2;139;32;24m▄▄▄[38;2;98;0;0m▄▄[38;2;0;0;0m▄▄[0m
[0m                   [38;2;41;41;47;48;2;41;41;47m▀[38;2;0;0;0;48;2;98;98;98m▀[38;2;255;255;255;48;2;0;0;0m▀▀[38;2;0;0;0m▀[38;2;156;148;156;48;2;156;148;156m▀[48;2;255;255;255m▀[38;2;98;98;98m▀[38;2;0;0;0m▀[38;2;139;90;57;48;2;0;0;0m▀▀[38;2;41;41;47m▀[38;2;0;0;0;48;2;98;98;98m▀[38;2;73;73;86;48;2;41;41;47m▀[38;2;0;0;0m▀[49m▄▄▄▄[38;2;98;0;0m▄[38;2;139;32;24;48;2;189;65;65m▀▀▀[38;2;189;65;65;48;2;0;0;0m▀[48;2;98;0;0m▀[38;2;0;0;0;48;2;189;65;65m▀[38;2;139;32;24m▀[38;2;189;65;65m▀▀[38;2;98;0;0m▀[38;2;0;0;0;48;2;0;0;0m▀[0m
[0m                    [38;2;41;41;47m▀▀[38;2;156;148;156;48;2;0;0;0m▀[48;2;73;73;86m▀[38;2;255;255;255;48;2;156;148;156m▀▀[48;2;73;73;86m▀[38;2;156;148;156m▀[38;2;73;73;86;48;2;98;98;98m▀[38;2;98;98;98;48;2;41;41;47m▀[48;2;0;0;0m▀[38;2;0;0;0;48;2;41;41;47m▀[38;2;73;73;86;48;2;73;73;86m▀[38;2;0;0;0;48;2;0;0;0m▀[38;2;139;32;24;48;2;98;0;0m▀[48;2;139;32;24m▀[48;2;0;0;0m▀▀▀[48;2;98;0;0m▀[48;2;0;0;0m▀[38;2;0;0;0;48;2;189;65;65m▀[38;2;189;65;65;48;2;98;0;0m▀▀▀[48;2;0;0;0m▀[48;2;98;0;0m▀[48;2;189;65;65m▀[48;2;98;0;0m▀[38;2;0;0;0;49m▀[0m
[0m                        [38;2;41;41;47;48;2;98;0;0m▀▀[38;2;0;0;0;48;2;0;0;0m▀▀[48;2;156;148;156m▀[38;2;41;41;47;48;2;41;41;47m▀[38;2;73;73;86;48;2;73;73;86m▀▀[38;2;41;41;47;48;2;41;41;47m▀[38;2;73;73;86;48;2;98;98;98m▀▀[38;2;0;0;0m▀[38;2;41;41;47;48;2;41;41;47m▀[38;2;0;0;0;48;2;156;148;156m▀[38;2;41;41;47;49m▄[0m [38;2;0;0;0;48;2;73;73;86m▀[38;2;98;0;0;48;2;255;255;255m▀[38;2;156;148;156m▀[38;2;255;255;255m▀▀[48;2;73;73;86m▀[38;2;0;0;0;48;2;98;0;0m▀[38;2;189;65;65;48;2;0;0;0m▀[38;2;0;0;0;49m▀[0m
[0m            [38;2;98;0;0m▄▄▄[38;2;139;32;24m▄▄▄[38;2;0;0;0m▄▄▄[38;2;98;0;0m▄[38;2;0;0;0;48;2;139;32;24m▀[38;2;98;0;0m▀[38;2;139;32;24;48;2;0;0;0m▀[38;2;0;0;0;48;2;156;148;156m▀[38;2;156;148;156m▀▀[38;2;41;41;47;48;2;41;41;47m▀[38;2;73;73;86;48;2;73;73;86m▀[38;2;41;41;47;48;2;41;41;47m▀[38;2;98;98;98;48;2;98;98;98m▀▀[38;2;73;73;86;48;2;73;73;86m▀[38;2;98;98;98;48;2;98;98;98m▀[48;2;41;41;47m▀[38;2;41;41;47;48;2;255;255;255m▀[38;2;255;255;255m▀[38;2;98;98;98;48;2;0;0;0m▀[38;2;0;0;0;48;2;255;255;255m▀[38;2;255;255;255m▀▀[48;2;73;73;86m▀[48;2;0;0;0m▀[38;2;0;0;0;49m▀▀▀[0m
[38;2;73;73;86;48;2;0;0;0m▀[48;2;255;255;255m▀▀▀▀▀▀▀▀▀▀[38;2;98;0;0;48;2;156;148;156m▀[38;2;189;65;65;48;2;0;0;0m▀[48;2;189;65;65m▀▀▀▀▀▀▀[38;2;139;32;24m▀[48;2;98;0;0m▀[38;2;98;0;0;49m▀[38;2;0;0;0;48;2;0;0;0m▀[38;2;156;148;156;48;2;255;255;255m▀▀[38;2;255;255;255m▀[48;2;41;41;47m▀[48;2;98;98;98m▀[38;2;156;148;156;48;2;255;255;255m▀[38;2;41;41;47m▀[38;2;73;73;86m▀▀[38;2;41;41;47;48;2;156;148;156m▀[48;2;255;255;255m▀[38;2;255;255;255m▀▀▀[38;2;0;0;0;48;2;41;41;47m▀[48;2;98;98;98m▀[48;2;0;0;0m▀[49m▀[0m
[0m [38;2;0;0;0m▀[38;2;73;73;86m▀[38;2;255;255;255;48;2;0;0;0m▀▀[48;2;73;73;86m▀[48;2;255;255;255m▀▀▀▀▀▀[38;2;156;148;156m▀[38;2;98;0;0;48;2;0;0;0m▀[38;2;189;65;65;48;2;139;32;24m▀▀[48;2;0;0;0m▀▀[38;2;139;32;24;48;2;98;0;0m▀[38;2;0;0;0;49m▀▀[0m  [38;2;0;0;0m▀[38;2;255;255;255;48;2;0;0;0m▀[48;2;255;255;255m▀[38;2;41;41;47;48;2;0;0;0m▀[38;2;0;0;0;49m▄[48;2;41;41;47m▀[48;2;98;98;98m▀[48;2;73;73;86m▀[48;2;98;98;98m▀▀[38;2;41;41;47;48;2;73;73;86m▀[38;2;73;73;86;48;2;0;0;0m▀[38;2;255;255;255;48;2;255;255;255m▀▀[38;2;156;148;156;48;2;41;41;47m▀[38;2;41;41;47;48;2;98;98;98m▀[38;2;98;98;98;48;2;73;73;86m▀[38;2;0;0;0;48;2;156;148;156m▀[49m▄[0m
[0m      [38;2;73;73;86m▀[38;2;0;0;0m▀▀▀▀▀▀[0m [38;2;0;0;0m▀▀[0m         [38;2;0;0;0;48;2;41;41;47m▀[48;2;156;148;156m▀[38;2;156;148;156m▀[38;2;41;41;47m▀[38;2;98;98;98;48;2;41;41;47m▀[48;2;73;73;86m▀[38;2;73;73;86m▀[38;2;98;98;98;48;2;98;98;98m▀▀[38;2;0;0;0;48;2;0;0;0m▀[38;2;255;255;255m▀[38;2;0;0;0;48;2;98;98;98m▀[38;2;98;98;98;48;2;41;41;47m▀▀[38;2;41;41;47;48;2;255;255;255m▀[38;2;255;255;255m▀[38;2;0;0;0;48;2;0;0;0m▀[0m
[0m                         [38;2;41;41;47;48;2;41;41;47m▀[38;2;156;148;156;48;2;255;255;255m▀▀[38;2;255;255;255m▀[48;2;0;0;0m▀[48;2;98;98;98m▀[38;2;41;41;47;48;2;255;255;255m▀▀▀▀▀[38;2;73;73;86m▀[38;2;156;148;156m▀[38;2;255;255;255m▀▀[38;2;156;148;156;48;2;0;0;0m▀[38;2;0;0;0;48;2;98;0;0m▀[0m
[0m                         [38;2;41;41;47m▀[38;2;255;255;255;48;2;41;41;47m▀[48;2;255;255;255m▀[38;2;0;0;0;48;2;0;0;0m▀[38;2;41;41;47;48;2;139;32;24m▀[38;2;0;0;0;48;2;98;0;0m▀[48;2;41;41;47m▀▀[48;2;73;73;86m▀▀[38;2;41;41;47m▀[38;2;156;148;156;48;2;0;0;0m▀[38;2;255;255;255;48;2;255;255;255m▀▀[38;2;156;148;156;48;2;0;0;0m▀[38;2;0;0;0;48;2;98;0;0m▀[38;2;139;32;24;48;2;139;32;24m▀[38;2;0;0;0m▀[49m▄[0m
[0m                         [38;2;98;0;0;48;2;98;0;0m▀[38;2;139;32;24;48;2;189;65;65m▀[38;2;0;0;0;48;2;139;32;24m▀[38;2;139;32;24;48;2;98;0;0m▀[38;2;0;0;0;49m▀[0m   [38;2;41;41;47m▀▀▀[38;2;0;0;0;48;2;0;0;0m▀[38;2;255;255;255;48;2;41;41;47m▀[38;2;41;41;47;49m▀[0m [38;2;0;0;0m▀[38;2;139;32;24;48;2;0;0;0m▀[48;2;139;32;24m▀[48;2;189;65;65m▀[38;2;0;0;0;48;2;98;0;0m▀[0m
[0m                         [38;2;139;32;24m▄[38;2;98;0;0;48;2;98;0;0m▀[38;2;189;65;65;48;2;189;65;65m▀[38;2;0;0;0m▀[49m▄[0m            [38;2;98;0;0m▀[38;2;189;65;65;48;2;98;0;0m▀[48;2;189;65;65m▀[38;2;98;0;0;48;2;98;0;0m▀[0m
[0m                      [38;2;98;0;0m▄[38;2;139;32;24;48;2;189;65;65m▀▀[38;2;189;65;65m▀▀▀▀[38;2;139;32;24m▀[38;2;0;0;0;48;2;0;0;0m▀[0m          [38;2;98;0;0m▄[48;2;189;65;65m▀[38;2;139;32;24;48;2;139;32;24m▀[38;2;189;65;65;48;2;189;65;65m▀▀[38;2;98;0;0m▀[38;2;0;0;0;48;2;139;32;24m▀[49m▄[0m
[0m                     [38;2;41;41;47;48;2;0;0;0m▀[38;2;156;148;156;48;2;255;255;255m▀[38;2;255;255;255;48;2;156;148;156m▀[38;2;189;65;65;48;2;139;32;24m▀[38;2;98;0;0;48;2;255;255;255m▀[38;2;255;255;255m▀[38;2;156;148;156m▀[38;2;189;65;65;48;2;0;0;0m▀[38;2;0;0;0;49m▀[0m           [38;2;0;0;0;48;2;0;0;0m▀[38;2;189;65;65;48;2;139;32;24m▀[48;2;255;255;255m▀[48;2;156;148;156m▀[48;2;189;65;65m▀▀[48;2;156;148;156m▀[38;2;139;32;24;48;2;255;255;255m▀[38;2;0;0;0;49m▄[0m
[0m                      [38;2;0;0;0m▀▀[38;2;98;0;0m▀[38;2;41;41;47m▀▀[38;2;0;0;0m▀[0m              [38;2;0;0;0m▀[38;2;255;255;255;48;2;41;41;47m▀▀[38;2;189;65;65;48;2;98;0;0m▀[38;2;139;32;24;48;2;139;32;24m▀[38;2;255;255;255;48;2;0;0;0m▀▀[38;2;0;0;0;49m▀[0m
