[0m                  [38;2;67;65;62;48;2;67;65;62m▀[48;2;148;131;32m▀[48;2;230;189;65m▀[49m▄▄[0m              [38;2;67;65;62;48;2;67;65;62m▀[48;2;222;222;222m▀[49m▄[0m
[0m         [38;2;123;123;123m▄▄[0m        [38;2;67;65;62;48;2;67;65;62m▀[38;2;148;131;32;48;2;148;131;32m▀[38;2;230;189;65;48;2;230;189;65m▀▀[38;2;16;16;16m▀[49m▄[0m            [38;2;16;16;16;48;2;16;16;16m▀[38;2;222;222;222;48;2;222;222;222m▀▀[38;2;16;16;16;48;2;67;65;62m▀[0m
[0m         [38;2;123;123;123;48;2;123;123;123m▀[38;2;222;222;222;48;2;222;222;222m▀[38;2;123;123;123m▀[38;2;148;131;32;49m▄▄[0m   [38;2;16;16;16m▄[48;2;148;131;32m▀[38;2;148;131;32m▀[48;2;230;189;65m▀[38;2;230;189;65;48;2;148;131;32m▀[48;2;106;24;24m▀[48;2;16;16;16m▀▀[38;2;67;65;62;48;2;67;65;62m▀[0m       [38;2;67;65;62m▄▄[0m [38;2;16;16;16m▄[48;2;123;123;123m▀[38;2;222;222;222;48;2;222;222;222m▀▀▀[38;2;16;16;16;48;2;16;16;16m▀[0m
[0m         [38;2;67;65;62;48;2;67;65;62m▀[38;2;222;222;222;48;2;222;222;222m▀▀[38;2;148;131;32;48;2;148;131;32m▀[38;2;230;189;65;48;2;230;189;65m▀[38;2;67;65;62m▀[38;2;16;16;16m▀[38;2;67;65;62m▀[38;2;148;131;32m▀▀[38;2;230;189;65;48;2;16;16;16m▀[38;2;16;16;16;48;2;197;49;49m▀[38;2;197;49;49m▀▀▀▀[38;2;106;24;24m▀[38;2;16;16;16;48;2;148;49;65m▀[49m▄[0m     [38;2;16;16;16;48;2;16;16;16m▀[38;2;222;222;222;48;2;222;222;222m▀[38;2;67;65;62m▀[38;2;16;16;16;48;2;16;16;16m▀[38;2;172;164;180;48;2;172;164;180m▀[38;2;67;65;62;48;2;67;65;62m▀[38;2;222;222;222;48;2;172;164;180m▀[48;2;222;222;222m▀▀[38;2;16;16;16;48;2;16;16;16m▀[0m
[0m         [38;2;67;65;62;48;2;67;65;62m▀[38;2;222;222;222;48;2;222;222;222m▀▀[38;2;148;131;32;48;2;148;131;32m▀[38;2;230;189;65;48;2;230;189;65m▀▀▀▀▀[38;2;106;24;24;48;2;106;24;24m▀[38;2;197;49;49;48;2;197;49;49m▀▀▀▀▀▀▀▀[38;2;65;65;82;48;2;65;65;82m▀[38;2;16;16;16;48;2;16;16;16m▀[0m     [38;2;16;16;16;48;2;16;16;16m▀[38;2;222;222;222;48;2;172;164;180m▀[38;2;172;164;180m▀[38;2;123;123;123;48;2;67;65;62m▀[38;2;222;222;222;48;2;222;222;222m▀[38;2;67;65;62m▀[38;2;222;222;222;48;2;123;123;123m▀▀[38;2;16;16;16;48;2;222;222;222m▀[38;2;67;65;62;49m▄[0m
[0m         [38;2;67;65;62m▀[38;2;222;222;222;48;2;67;65;62m▀[48;2;222;222;222m▀[38;2;148;131;32m▀[38;2;230;189;65;48;2;148;131;32m▀[48;2;230;189;65m▀▀▀[38;2;148;131;32;48;2;106;24;24m▀[38;2;197;49;49;48;2;197;49;49m▀▀▀▀▀▀▀[48;2;148;49;65m▀[38;2;65;65;82;48;2;98;98;115m▀[38;2;98;98;115m▀▀[38;2;16;16;16;48;2;16;16;16m▀[0m     [38;2;16;16;16m▀[38;2;172;164;180;48;2;67;65;62m▀[38;2;67;65;62;48;2;172;164;180m▀[38;2;222;222;222;48;2;123;123;123m▀[48;2;222;222;222m▀▀▀▀[38;2;16;16;16;48;2;16;16;16m▀[0m
[0m          [38;2;67;65;62m▀[38;2;222;222;222;48;2;67;65;62m▀[48;2;222;222;222m▀[38;2;148;131;32m▀[38;2;230;189;65;48;2;148;131;32m▀[48;2;230;189;65m▀▀[38;2;106;24;24;48;2;106;24;24m▀[38;2;197;49;49;48;2;197;49;49m▀▀▀▀[48;2;65;65;82m▀▀[38;2;65;65;82;48;2;98;98;115m▀[38;2;98;98;115m▀▀▀▀▀[38;2;16;16;16;48;2;16;16;16m▀[0m     [38;2;16;16;16;48;2;16;16;16m▀[38;2;172;164;180;48;2;222;222;222m▀[38;2;67;65;62m▀[38;2;222;222;222;48;2;67;65;62m▀[48;2;222;222;222m▀▀[48;2;123;123;123m▀[38;2;16;16;16;48;2;67;65;62m▀[49m▄[0m
[0m           [38;2;16;16;16m▀[38;2;172;164;180;48;2;16;16;16m▀[38;2;222;222;222;48;2;222;222;222m▀[38;2;148;131;32m▀[38;2;230;189;65;48;2;148;131;32m▀[48;2;230;189;65m▀[38;2;106;24;24m▀[38;2;197;49;49;48;2;41;41;41m▀[48;2;65;65;82m▀[38;2;65;65;82;48;2;98;98;115m▀▀[38;2;98;98;115m▀▀[48;2;65;65;82m▀[38;2;65;65;82;48;2;255;255;255m▀[38;2;16;16;16;48;2;16;16;16m▀[48;2;65;65;82m▀[38;2;98;98;115;48;2;16;16;16m▀[48;2;98;98;115m▀[38;2;16;16;16;48;2;16;16;16m▀[0m    [38;2;67;65;62;48;2;67;65;62m▀[38;2;172;164;180;48;2;222;222;222m▀[38;2;222;222;222m▀▀▀[38;2;123;123;123m▀▀[38;2;222;222;222m▀[38;2;67;65;62;48;2;123;123;123m▀[38;2;16;16;16;48;2;172;164;180m▀[49m▄[0m
[0m             [38;2;16;16;16m▀[38;2;222;222;222;48;2;16;16;16m▀[48;2;172;164;180m▀[38;2;148;131;32;48;2;222;222;222m▀[38;2;230;189;65;48;2;148;131;32m▀[38;2;16;16;16;48;2;16;16;16m▀[38;2;98;98;115;48;2;98;98;115m▀▀[48;2;65;65;82m▀[48;2;148;131;32m▀[38;2;16;16;16;48;2;255;255;255m▀[38;2;255;255;255m▀[38;2;172;164;180;48;2;65;65;82m▀[38;2;65;65;82m▀[38;2;41;41;41;48;2;16;16;16m▀[38;2;65;65;82;49m▀[38;2;41;41;41m▀[38;2;16;16;16m▀[38;2;148;49;65m▄[38;2;106;24;24m▄[0m  [38;2;16;16;16;48;2;16;16;16m▀[38;2;222;222;222;48;2;222;222;222m▀▀▀▀▀▀[38;2;123;123;123;48;2;67;65;62m▀[38;2;222;222;222;48;2;222;222;222m▀▀[38;2;16;16;16;48;2;16;16;16m▀[0m
[0m           [38;2;106;24;24m▄▄▄[0m [38;2;16;16;16m▀[48;2;65;65;82m▀[38;2;172;164;180m▀▀[38;2;65;65;82;48;2;230;189;65m▀▀[38;2;230;189;65m▀[48;2;65;65;82m▀[38;2;148;131;32;48;2;98;98;115m▀[38;2;65;65;82m▀[38;2;98;98;115;48;2;16;16;16m▀[38;2;16;16;16;49m▀[38;2;106;24;24m▄[38;2;148;49;65m▄[38;2;106;24;24;48;2;197;49;49m▀[38;2;148;49;65m▀[38;2;197;49;49;48;2;106;24;24m▀[48;2;148;49;65m▀[38;2;106;24;24;48;2;106;24;24m▀[38;2;16;16;16;49m▄[48;2;16;16;16m▀[38;2;222;222;222;48;2;222;222;222m▀▀▀▀▀[48;2;67;65;62m▀[38;2;67;65;62;48;2;172;164;180m▀[38;2;222;222;222;48;2;222;222;222m▀▀[38;2;172;164;180m▀[38;2;16;16;16;48;2;16;16;16m▀[0m
[0m          [38;2;106;24;24;48;2;106;24;24m▀[38;2;197;49;49;48;2;197;49;49m▀▀▀[38;2;106;24;24m▀▀[49m▄[38;2;16;16;16;48;2;106;24;24m▀[38;2;148;131;32;48;2;16;16;16m▀[38;2;65;65;82;48;2;65;65;82m▀[38;2;16;16;16;48;2;148;131;32m▀[38;2;41;41;41m▀[38;2;98;98;115;48;2;16;16;16m▀[38;2;16;16;16;48;2;65;65;82m▀[48;2;148;131;32m▀[49m▄[48;2;197;49;49m▀[38;2;197;49;49m▀▀[48;2;106;24;24m▀[38;2;106;24;24;48;2;148;49;65m▀[38;2;148;49;65;48;2;16;16;16m▀[48;2;41;41;41m▀[38;2;16;16;16;48;2;65;65;82m▀[38;2;65;65;82m▀[48;2;16;16;16m▀[38;2;16;16;16m▀[38;2;222;222;222;48;2;222;222;222m▀▀▀[48;2;123;123;123m▀[38;2;16;16;16;48;2;16;16;16m▀[38;2;222;222;222;48;2;222;222;222m▀▀▀▀[38;2;16;16;16;48;2;16;16;16m▀[0m
[0m           [38;2;106;24;24;48;2;106;24;24m▀[38;2;197;49;49;48;2;197;49;49m▀▀▀▀▀[38;2;230;189;65;48;2;230;189;65m▀[38;2;148;131;32;48;2;65;65;82m▀[38;2;41;41;41;48;2;41;41;41m▀[48;2;65;65;82m▀[38;2;16;16;16;48;2;16;16;16m▀[38;2;65;65;82;48;2;65;65;82m▀[48;2;230;189;65m▀[38;2;230;189;65;48;2;148;131;32m▀[38;2;197;49;49;48;2;197;49;49m▀▀▀[38;2;106;24;24;48;2;16;16;16m▀[38;2;148;49;65;48;2;148;49;65m▀[38;2;41;41;41;48;2;41;41;41m▀[38;2;65;65;82;48;2;65;65;82m▀[48;2;16;16;16m▀[38;2;16;16;16;48;2;106;24;24m▀[49m▀[0m  [38;2;16;16;16m▀[38;2;222;222;222;48;2;16;16;16m▀▀[38;2;16;16;16;49m▀[0m [38;2;16;16;16m▀[38;2;222;222;222;48;2;16;16;16m▀[48;2;222;222;222m▀▀[38;2;16;16;16;48;2;16;16;16m▀[0m
[0m  [38;2;67;65;62m▄[0m         [38;2;16;16;16;48;2;41;41;41m▀[38;2;148;49;65;48;2;148;49;65m▀[38;2;197;49;49m▀▀[38;2;230;189;65;48;2;230;189;65m▀[38;2;148;131;32;48;2;65;65;82m▀[38;2;98;98;115;48;2;98;98;115m▀[38;2;65;65;82;48;2;65;65;82m▀[38;2;98;98;115;48;2;98;98;115m▀[38;2;65;65;82;48;2;65;65;82m▀[38;2;98;98;115;48;2;98;98;115m▀[38;2;230;189;65;48;2;148;131;32m▀[38;2;197;49;49;48;2;148;49;65m▀▀[38;2;148;49;65m▀[38;2;106;24;24;48;2;16;16;16m▀[38;2;148;49;65;48;2;148;49;65m▀▀[38;2;106;24;24m▀▀[38;2;148;49;65;48;2;106;24;24m▀[38;2;106;24;24;49m▀[0m         [38;2;16;16;16m▀[38;2;172;164;180;48;2;16;16;16m▀[38;2;222;222;222;48;2;222;222;222m▀[38;2;16;16;16;48;2;16;16;16m▀[0m
[0m [38;2;67;65;62;48;2;67;65;62m▀[38;2;222;222;222;48;2;222;222;222m▀[38;2;67;65;62;48;2;67;65;62m▀[0m      [38;2;16;16;16m▄[38;2;41;41;41;48;2;65;65;82m▀[38;2;65;65;82m▀[38;2;16;16;16;48;2;41;41;41m▀[38;2;148;49;65;48;2;16;16;16m▀▀[38;2;230;189;65;48;2;148;131;32m▀[38;2;65;65;82;48;2;98;98;115m▀[38;2;98;98;115;48;2;65;65;82m▀[38;2;65;65;82;48;2;98;98;115m▀[38;2;98;98;115m▀[38;2;65;65;82;48;2;65;65;82m▀[38;2;98;98;115;48;2;98;98;115m▀[38;2;148;131;32m▀[48;2;148;131;32m▀[38;2;148;49;65;48;2;106;24;24m▀[38;2;16;16;16;48;2;148;49;65m▀[38;2;148;49;65m▀▀▀[48;2;106;24;24m▀[48;2;16;16;16m▀[38;2;106;24;24;49m▀[0m            [38;2;16;16;16m▀[0m
[38;2;67;65;62;48;2;16;16;16m▀[38;2;172;164;180;48;2;222;222;222m▀[38;2;222;222;222m▀[38;2;67;65;62m▀[49m▄[0m    [38;2;16;16;16m▄[38;2;65;65;82;48;2;98;98;115m▀[38;2;98;98;115;48;2;65;65;82m▀[38;2;41;41;41;49m▀[38;2;16;16;16m▄▄[48;2;172;164;180m▀[38;2;41;41;41m▀[38;2;98;98;115;48;2;65;65;82m▀[38;2;65;65;82;48;2;41;41;41m▀[38;2;98;98;115;48;2;16;16;16m▀▀[38;2;65;65;82m▀[38;2;98;98;115m▀[38;2;65;65;82;48;2;65;65;82m▀[38;2;16;16;16;48;2;123;123;123m▀[48;2;172;164;180m▀[38;2;148;49;65;48;2;106;24;24m▀▀[38;2;16;16;16m▀[49m▀[0m
[38;2;16;16;16;48;2;16;16;16m▀[38;2;222;222;222;48;2;222;222;222m▀▀▀[38;2;67;65;62m▀[49m▄[38;2;16;16;16m▄[48;2;222;222;222m▀[48;2;16;16;16m▀[38;2;65;65;82;48;2;98;98;115m▀[38;2;98;98;115;48;2;65;65;82m▀[38;2;41;41;41;48;2;16;16;16m▀[38;2;16;16;16;48;2;222;222;222m▀[38;2;123;123;123;48;2;123;123;123m▀[38;2;222;222;222;48;2;222;222;222m▀▀[48;2;123;123;123m▀[48;2;16;16;16m▀▀▀▀▀[48;2;172;164;180m▀[48;2;222;222;222m▀▀▀▀[38;2;172;164;180m▀[38;2;123;123;123;48;2;123;123;123m▀[38;2;16;16;16;48;2;222;222;222m▀[48;2;98;98;115m▀[49m▄[0m
[38;2;16;16;16;48;2;16;16;16m▀[38;2;222;222;222;48;2;222;222;222m▀▀▀[38;2;172;164;180;48;2;67;65;62m▀[38;2;16;16;16;48;2;222;222;222m▀[38;2;222;222;222m▀▀[38;2;65;65;82m▀▀[38;2;222;222;222m▀[38;2;16;16;16;48;2;67;65;62m▀[38;2;67;65;62;49m▀[38;2;222;222;222;48;2;67;65;62m▀[38;2;123;123;123;48;2;222;222;222m▀[38;2;16;16;16m▀[49m▄[38;2;65;65;82;48;2;98;98;115m▀[48;2;65;65;82m▀[38;2;98;98;115;48;2;98;98;115m▀[38;2;41;41;41;48;2;41;41;41m▀[38;2;98;98;115;48;2;16;16;16m▀[38;2;65;65;82;48;2;123;123;123m▀[38;2;222;222;222m▀▀[48;2;172;164;180m▀[38;2;123;123;123;48;2;222;222;222m▀▀[38;2;172;164;180m▀[38;2;222;222;222;48;2;98;98;115m▀[48;2;16;16;16m▀[38;2;16;16;16;49m▀[0m
[38;2;67;65;62;48;2;67;65;62m▀[38;2;222;222;222;48;2;172;164;180m▀[48;2;222;222;222m▀[38;2;67;65;62;48;2;67;65;62m▀[38;2;222;222;222;48;2;222;222;222m▀▀▀▀▀▀[38;2;67;65;62;48;2;67;65;62m▀[0m   [38;2;67;65;62m▀▀[38;2;16;16;16;48;2;41;41;41m▀[38;2;98;98;115;48;2;98;98;115m▀[38;2;65;65;82;48;2;65;65;82m▀[38;2;16;16;16;48;2;16;16;16m▀[38;2;222;222;222m▀▀▀▀▀[38;2;65;65;82;49m▀▀[38;2;16;16;16m▀▀[0m
[38;2;67;65;62;48;2;67;65;62m▀[38;2;172;164;180;48;2;172;164;180m▀[38;2;16;16;16;48;2;16;16;16m▀[38;2;222;222;222;48;2;222;222;222m▀▀▀[48;2;172;164;180m▀▀▀[48;2;123;123;123m▀[38;2;16;16;16;48;2;16;16;16m▀[0m  [38;2;16;16;16m▄▄[48;2;172;164;180m▀[38;2;41;41;41m▀[38;2;98;98;115;48;2;65;65;82m▀[38;2;65;65;82;48;2;41;41;41m▀[38;2;98;98;115;48;2;16;16;16m▀[38;2;41;41;41m▀[38;2;98;98;115m▀▀[38;2;65;65;82m▀[38;2;16;16;16;48;2;172;164;180m▀▀[49m▄▄▄[0m
[0m [38;2;16;16;16;48;2;16;16;16m▀[38;2;123;123;123;48;2;222;222;222m▀[38;2;222;222;222;48;2;67;65;62m▀[38;2;172;164;180;48;2;172;164;180m▀▀[48;2;123;123;123m▀[48;2;67;65;62m▀▀[38;2;16;16;16;48;2;16;16;16m▀[0m [38;2;41;41;41m▄[48;2;222;222;222m▀[38;2;123;123;123;48;2;123;123;123m▀[38;2;222;222;222;48;2;222;222;222m▀▀[48;2;65;65;82m▀▀[48;2;16;16;16m▀▀▀▀[48;2;172;164;180m▀[48;2;222;222;222m▀▀▀▀[38;2;172;164;180m▀[38;2;123;123;123;48;2;123;123;123m▀[38;2;16;16;16;48;2;222;222;222m▀[48;2;98;98;115m▀[49m▄[0m
[0m [38;2;16;16;16;48;2;67;65;62m▀[38;2;222;222;222;48;2;222;222;222m▀[38;2;172;164;180;48;2;67;65;62m▀[38;2;16;16;16;48;2;172;164;180m▀▀[38;2;67;65;62;48;2;67;65;62m▀[38;2;172;164;180;48;2;172;164;180m▀[48;2;67;65;62m▀[38;2;16;16;16;49m▀[0m [38;2;41;41;41m▀[38;2;67;65;62;48;2;106;24;24m▀[38;2;222;222;222;48;2;67;65;62m▀[38;2;123;123;123;48;2;222;222;222m▀[38;2;16;16;16m▀[38;2;148;49;65;48;2;16;16;16m▀[38;2;65;65;82;48;2;148;49;65m▀[38;2;98;98;115;48;2;65;65;82m▀[48;2;98;98;115m▀[38;2;65;65;82;48;2;16;16;16m▀[38;2;148;49;65m▀[38;2;16;16;16;48;2;123;123;123m▀[38;2;222;222;222m▀▀[48;2;172;164;180m▀[38;2;123;123;123;48;2;222;222;222m▀▀[38;2;172;164;180m▀[38;2;222;222;222;48;2;123;123;123m▀[48;2;16;16;16m▀[38;2;16;16;16;49m▀[0m
[0m [38;2;67;65;62m▀[38;2;222;222;222;48;2;123;123;123m▀[38;2;16;16;16;48;2;16;16;16m▀[38;2;222;222;222;48;2;222;222;222m▀[38;2;16;16;16;48;2;16;16;16m▀[38;2;123;123;123;48;2;123;123;123m▀[38;2;67;65;62;48;2;172;164;180m▀[38;2;16;16;16;48;2;16;16;16m▀[0m [38;2;16;16;16m▄[38;2;106;24;24;48;2;197;49;49m▀[38;2;197;49;49m▀▀[38;2;67;65;62m▀[38;2;16;16;16m▀▀[38;2;197;49;49m▀[38;2;65;65;82;48;2;65;65;82m▀[38;2;16;16;16;48;2;16;16;16m▀[38;2;222;222;222m▀▀▀▀▀▀[38;2;123;123;123;48;2;197;49;49m▀[38;2;16;16;16m▀▀[38;2;106;24;24m▀▀[38;2;16;16;16;49m▄[0m
[0m  [38;2;67;65;62;48;2;16;16;16m▀[38;2;172;164;180;48;2;172;164;180m▀[38;2;16;16;16m▀[38;2;172;164;180m▀▀[38;2;67;65;62;48;2;67;65;62m▀[0m [38;2;16;16;16m▄[38;2;106;24;24;48;2;197;49;49m▀[38;2;197;49;49m▀▀▀▀▀▀▀[38;2;65;65;82;48;2;65;65;82m▀[38;2;98;98;115;48;2;98;98;115m▀▀[38;2;148;49;65;48;2;148;49;65m▀[38;2;197;49;49;48;2;197;49;49m▀▀▀▀▀▀▀▀▀▀[38;2;16;16;16m▀[49m▄[0m
[0m  [38;2;16;16;16m▀[38;2;172;164;180;48;2;16;16;16m▀[48;2;172;164;180m▀▀[38;2;67;65;62;48;2;16;16;16m▀[0m [38;2;16;16;16m▄[38;2;106;24;24;48;2;197;49;49m▀[38;2;197;49;49m▀▀▀▀▀▀▀▀[38;2;65;65;82m▀[38;2;98;98;115;48;2;65;65;82m▀[38;2;65;65;82m▀[38;2;197;49;49;48;2;197;49;49m▀▀▀▀▀▀▀▀▀▀▀[48;2;148;49;65m▀[38;2;16;16;16m▀[49m▄[0m
[0m   [38;2;16;16;16m▀[38;2;123;123;123;48;2;16;16;16m▀[38;2;172;164;180m▀[38;2;16;16;16;49m▀[0m [38;2;16;16;16m▀[38;2;197;49;49;48;2;106;24;24m▀[48;2;148;49;65m▀[48;2;197;49;49m▀▀▀▀▀▀▀[48;2;148;49;65m▀▀[38;2;16;16;16;48;2;16;16;16m▀[38;2;197;49;49;48;2;197;49;49m▀▀▀▀▀▀▀▀▀[48;2;148;49;65m▀▀[38;2;148;49;65m▀▀[38;2;16;16;16;48;2;16;16;16m▀[0m
[0m         [38;2;16;16;16m▀[38;2;148;49;65;48;2;16;16;16m▀[48;2;148;49;65m▀▀▀▀▀▀▀[48;2;16;16;16m▀[38;2;106;24;24;49m▀[0m [38;2;16;16;16;48;2;16;16;16m▀[38;2;197;49;49;48;2;148;49;65m▀▀▀▀▀▀[38;2;148;49;65m▀▀▀▀[48;2;106;24;24m▀[38;2;16;16;16;48;2;16;16;16m▀[0m
[0m           [38;2;16;16;16m▀[38;2;106;24;24m▀[38;2;148;49;65;48;2;106;24;24m▀[48;2;148;49;65m▀▀▀[38;2;16;16;16;48;2;16;16;16m▀[0m    [38;2;16;16;16m▀[38;2;148;49;65;48;2;16;16;16m▀▀[48;2;148;49;65m▀▀▀▀▀▀▀[38;2;16;16;16;48;2;16;16;16m▀[0m
[0m             [38;2;106;24;24m▀[38;2;148;49;65;48;2;106;24;24m▀[48;2;148;49;65m▀[38;2;16;16;16;48;2;16;16;16m▀[0m        [38;2;16;16;16m▀▀[38;2;148;49;65;48;2;16;16;16m▀[48;2;148;49;65m▀▀▀[38;2;106;24;24;48;2;16;16;16m▀[0m
[0m            [38;2;67;65;62m▄[48;2;222;222;222m▀[38;2;148;49;65;48;2;16;16;16m▀▀[38;2;106;24;24;48;2;222;222;222m▀[38;2;16;16;16;48;2;16;16;16m▀[0m          [38;2;16;16;16;48;2;16;16;16m▀[38;2;148;49;65;48;2;148;49;65m▀▀[38;2;16;16;16;48;2;16;16;16m▀[0m
[0m            [38;2;67;65;62;48;2;67;65;62m▀[38;2;222;222;222;48;2;222;222;222m▀[38;2;67;65;62;48;2;67;65;62m▀[38;2;222;222;222;48;2;222;222;222m▀▀[38;2;16;16;16;48;2;16;16;16m▀[0m         [38;2;67;65;62;48;2;16;16;16m▀[38;2;222;222;222;48;2;123;123;123m▀[38;2;106;24;24;48;2;222;222;222m▀[48;2;67;65;62m▀[38;2;222;222;222;48;2;222;222;222m▀[38;2;16;16;16;48;2;16;16;16m▀[0m
[0m           [38;2;67;65;62m▄[38;2;123;123;123;48;2;222;222;222m▀[38;2;222;222;222;48;2;67;65;62m▀[38;2;123;123;123;48;2;222;222;222m▀[38;2;222;222;222m▀[38;2;16;16;16;48;2;16;16;16m▀[0m           [38;2;67;65;62;48;2;16;16;16m▀[38;2;222;222;222;48;2;222;222;222m▀[38;2;67;65;62;48;2;123;123;123m▀[38;2;222;222;222;48;2;222;222;222m▀[38;2;16;16;16;48;2;67;65;62m▀[0m
[0m          [38;2;67;65;62m▄[48;2;222;222;222m▀[38;2;222;222;222;48;2;67;65;62m▀[38;2;67;65;62;48;2;222;222;222m▀[38;2;222;222;222m▀[38;2;16;16;16;48;2;16;16;16m▀[0m             [38;2;67;65;62;48;2;67;65;62m▀[38;2;222;222;222;48;2;222;222;222m▀[38;2;172;164;180;48;2;123;123;123m▀[38;2;222;222;222;48;2;222;222;222m▀[38;2;16;16;16;48;2;16;16;16m▀[0m
[0m         [38;2;67;65;62m▄[38;2;16;16;16;48;2;222;222;222m▀[38;2;222;222;222;48;2;67;65;62m▀[38;2;123;123;123;48;2;222;222;222m▀[38;2;222;222;222m▀▀[38;2;16;16;16;48;2;16;16;16m▀[0m            [38;2;67;65;62m▄[48;2;172;164;180m▀[38;2;222;222;222;48;2;222;222;222m▀[38;2;67;65;62;48;2;67;65;62m▀[38;2;222;222;222;48;2;222;222;222m▀▀[38;2;16;16;16;48;2;16;16;16m▀[0m
[0m       [38;2;16;16;16m▄[38;2;67;65;62;48;2;222;222;222m▀[38;2;222;222;222;48;2;67;65;62m▀[38;2;67;65;62;48;2;222;222;222m▀[38;2;222;222;222m▀▀[48;2;123;123;123m▀[48;2;16;16;16m▀[38;2;16;16;16m▀[0m            [38;2;16;16;16;48;2;16;16;16m▀[38;2;222;222;222;48;2;222;222;222m▀▀[38;2;67;65;62;48;2;123;123;123m▀[38;2;222;222;222m▀[48;2;222;222;222m▀[38;2;172;164;180m▀[38;2;16;16;16;48;2;16;16;16m▀[0m
[0m       [38;2;16;16;16m▀▀[38;2;67;65;62m▀[38;2;16;16;16m▀▀▀[38;2;67;65;62m▀[0m              [38;2;16;16;16m▀[38;2;222;222;222;48;2;16;16;16m▀[48;2;222;222;222m▀[48;2;67;65;62m▀[38;2;67;65;62m▀[38;2;222;222;222;48;2;222;222;222m▀[48;2;16;16;16m▀[38;2;16;16;16;49m▀[0m
[0m                              [38;2;16;16;16m▀[0m [38;2;16;16;16m▀▀[0m
