[0m           [38;2;131;115;98m▄▄[0m     [38;2;106;131;148m▄▄[48;2;255;255;255m▀[38;2;0;0;0m▀[48;2;0;0;0m▀[0m
[0m       [38;2;131;115;98m▄[48;2;246;238;213m▀[38;2;82;74;57;49m▄[38;2;131;115;98;48;2;246;238;213m▀[38;2;246;238;213m▀[38;2;131;115;98;48;2;189;180;156m▀[48;2;246;238;213m▀[49m▄[38;2;106;131;148m▄[48;2;255;255;255m▀▀[38;2;255;255;255m▀▀▀[38;2;106;131;148;48;2;0;0;0m▀[0m
[0m     [38;2;82;74;57m▄[38;2;131;115;98m▄[48;2;189;180;156m▀[38;2;246;238;213;48;2;246;238;213m▀[38;2;131;115;98m▀[38;2;246;238;213m▀▀▀[48;2;106;131;148m▀[38;2;131;115;98;48;2;255;255;255m▀[38;2;255;255;255m▀▀▀▀▀[38;2;0;0;0;48;2;0;0;0m▀[38;2;131;115;98;48;2;246;238;213m▀▀[48;2;0;0;0m▀[0m
[0m    [38;2;131;115;98;48;2;131;115;98m▀[38;2;246;238;213;48;2;246;238;213m▀[38;2;189;180;156m▀▀[38;2;246;238;213m▀▀▀▀[48;2;106;131;148m▀[38;2;106;131;148;48;2;255;255;255m▀[38;2;255;255;255;48;2;222;90;90m▀[38;2;172;74;74m▀[38;2;255;255;255;48;2;255;255;255m▀▀[48;2;0;0;0m▀[38;2;0;0;0;48;2;246;238;213m▀[38;2;246;238;213m▀[48;2;189;180;156m▀[38;2;189;180;156;48;2;131;115;98m▀[38;2;0;0;0;48;2;246;238;213m▀▀▀[49m▄[0m
[0m  [38;2;131;115;98;48;2;131;115;98m▀[48;2;246;238;213m▀[38;2;189;180;156;48;2;189;180;156m▀[48;2;246;238;213m▀[38;2;246;238;213m▀▀▀▀▀▀[38;2;172;74;74;48;2;172;74;74m▀[38;2;255;255;255;48;2;222;90;90m▀[38;2;222;90;90m▀▀[38;2;255;255;255m▀[38;2;222;90;90;48;2;0;0;0m▀[38;2;0;0;0;48;2;246;238;213m▀[38;2;246;238;213m▀▀▀▀▀[48;2;189;180;156m▀[38;2;0;0;0;48;2;131;115;98m▀[49m▄▄[0m
[0m  [38;2;131;115;98;48;2;131;115;98m▀[38;2;246;238;213;48;2;189;180;156m▀[48;2;246;238;213m▀▀▀▀▀▀▀▀[38;2;172;74;74;48;2;222;90;90m▀[38;2;222;90;90m▀▀[48;2;172;74;74m▀[38;2;0;0;0;48;2;0;0;0m▀[38;2;246;238;213;48;2;246;238;213m▀▀▀▀▀▀▀▀[48;2;189;180;156m▀[48;2;246;238;213m▀[48;2;82;74;57m▀[38;2;0;0;0;49m▀[0m
[38;2;131;115;98;49m▄[48;2;131;115;98m▀[38;2;246;238;213;48;2;189;180;156m▀[48;2;246;238;213m▀▀▀[48;2;74;98;115m▀[48;2;189;180;156m▀[48;2;246;238;213m▀▀▀[48;2;106;131;148m▀[38;2;222;90;90;48;2;222;90;90m▀▀[48;2;0;0;0m▀[38;2;0;0;0;48;2;106;131;148m▀[38;2;246;238;213;48;2;246;238;213m▀▀▀▀▀▀▀▀▀▀[38;2;131;115;98m▀[38;2;0;0;0m▀[49m▄[0m
[38;2;131;115;98;49m▀[38;2;246;238;213;48;2;131;115;98m▀[48;2;246;238;213m▀▀▀▀[38;2;106;131;148;48;2;106;131;148m▀▀▀[38;2;246;238;213;48;2;74;98;115m▀[38;2;189;180;156;48;2;106;131;148m▀[38;2;74;98;115;48;2;74;98;115m▀[38;2;222;90;90;48;2;172;74;74m▀[38;2;172;74;74;48;2;0;0;0m▀[38;2;74;98;115;48;2;106;131;148m▀[38;2;106;131;148m▀[38;2;246;238;213;48;2;246;238;213m▀▀▀▀▀▀▀▀▀▀▀[48;2;189;180;156m▀[48;2;131;115;98m▀[38;2;0;0;0;48;2;0;0;0m▀[0m
[0m [38;2;82;74;57;48;2;131;115;98m▀[38;2;131;115;98;48;2;246;238;213m▀[38;2;246;238;213m▀[38;2;74;98;115;48;2;106;131;148m▀[38;2;246;238;213m▀[38;2;74;98;115;48;2;189;180;156m▀[38;2;189;180;156;48;2;255;255;255m▀[38;2;255;255;255;48;2;41;65;82m▀[38;2;189;180;156;48;2;255;255;255m▀[38;2;106;131;148;48;2;106;131;148m▀▀[38;2;0;0;0m▀[38;2;106;131;148m▀▀▀[38;2;74;98;115m▀[38;2;106;131;148m▀▀▀[38;2;74;98;115;48;2;246;238;213m▀[38;2;246;238;213m▀▀▀▀▀▀▀[38;2;82;74;57m▀[38;2;0;0;0;49m▄[0m
[38;2;131;115;98;49m▀[38;2;246;238;213;48;2;131;115;98m▀[48;2;189;180;156m▀[48;2;246;238;213m▀[38;2;106;131;148;48;2;189;180;156m▀[48;2;106;131;148m▀[38;2;255;255;255;48;2;246;238;213m▀[38;2;0;0;0;48;2;0;0;0m▀[38;2;106;131;148;48;2;255;255;255m▀[38;2;0;0;0;48;2;0;0;0m▀[38;2;106;131;148;48;2;74;98;115m▀[38;2;74;98;115;48;2;238;205;90m▀[38;2;106;131;148;48;2;74;98;115m▀[48;2;106;131;148m▀[48;2;255;255;255m▀[38;2;255;255;255;48;2;0;0;0m▀▀[38;2;189;180;156;48;2;255;255;255m▀[38;2;106;131;148;48;2;74;98;115m▀[38;2;246;238;213;48;2;246;238;213m▀▀▀▀▀▀[48;2;189;180;156m▀[48;2;246;238;213m▀[38;2;131;115;98m▀[38;2;0;0;0m▀[49m▄[0m
[0m [38;2;131;115;98m▄[38;2;82;74;57;48;2;246;238;213m▀[38;2;189;180;156m▀[38;2;246;238;213m▀[38;2;106;131;148;48;2;74;98;115m▀[38;2;189;180;156;48;2;106;131;148m▀[38;2;0;0;0;48;2;82;74;57m▀[38;2;41;65;82;48;2;131;115;98m▀[38;2;0;0;0;48;2;238;205;90m▀[38;2;238;205;90m▀▀[38;2;74;98;115;48;2;106;131;148m▀[38;2;255;255;255;48;2;255;255;255m▀[38;2;0;0;0;48;2;0;0;0m▀[38;2;255;255;255;48;2;106;131;148m▀[38;2;0;0;0;48;2;41;65;82m▀[38;2;255;255;255;48;2;255;255;255m▀[38;2;106;131;148;48;2;106;131;148m▀▀[38;2;246;238;213;48;2;74;98;115m▀[48;2;246;238;213m▀▀▀▀▀[38;2;189;180;156m▀[38;2;131;115;98;48;2;0;0;0m▀[38;2;0;0;0;49m▀[0m
[0m  [38;2;82;74;57m▀[38;2;246;238;213;48;2;82;74;57m▀[48;2;131;115;98m▀[38;2;189;180;156;48;2;246;238;213m▀[38;2;82;74;57;48;2;82;74;57m▀[38;2;238;205;90;48;2;238;205;90m▀▀▀▀[38;2;131;115;98m▀[38;2;238;205;90m▀[38;2;82;74;57m▀[38;2;0;0;0;48;2;82;74;57m▀[48;2;74;98;115m▀[38;2;255;255;255;48;2;106;131;148m▀[38;2;106;131;148m▀[48;2;74;98;115m▀[48;2;246;238;213m▀[38;2;246;238;213m▀▀▀▀[38;2;131;115;98m▀[38;2;246;238;213;48;2;131;115;98m▀▀[38;2;0;0;0;49m▀[0m
[0m   [38;2;82;74;57m▀[38;2;246;238;213;48;2;82;74;57m▀[48;2;131;115;98m▀[48;2;189;180;156m▀[38;2;82;74;57;48;2;246;238;213m▀[38;2;238;205;90;48;2;131;115;98m▀[48;2;238;205;90m▀[48;2;82;74;57m▀[38;2;131;115;98;48;2;189;156;57m▀[38;2;82;74;57m▀[38;2;189;156;57;48;2;82;74;57m▀[38;2;0;0;0;48;2;189;180;156m▀[38;2;189;180;156m▀[38;2;74;98;115m▀[38;2;189;180;156;48;2;246;238;213m▀[38;2;246;238;213m▀▀▀▀[38;2;189;180;156m▀[38;2;131;115;98m▀[38;2;246;238;213;48;2;131;115;98m▀[48;2;0;0;0m▀[38;2;0;0;0m▀[0m
[0m  [38;2;131;115;98m▄[48;2;246;238;213m▀[38;2;189;180;156m▀[38;2;246;238;213m▀▀▀▀[38;2;0;0;0m▀[38;2;131;115;98m▀[38;2;82;74;57;48;2;189;180;156m▀▀[38;2;189;180;156m▀▀▀[48;2;246;238;213m▀[38;2;246;238;213m▀▀[38;2;189;180;156m▀[38;2;131;115;98;48;2;189;180;156m▀[38;2;246;238;213;48;2;82;74;57m▀[38;2;131;115;98;48;2;0;0;0m▀[38;2;0;0;0;49m▀▀[0m
[0m  [38;2;131;115;98m▀[48;2;82;74;57m▀[48;2;246;238;213m▀[38;2;246;238;213m▀[48;2;131;115;98m▀[38;2;189;180;156;48;2;246;238;213m▀[38;2;246;238;213m▀▀▀▀▀▀▀▀▀▀▀[48;2;189;180;156m▀[48;2;131;115;98m▀[48;2;246;238;213m▀[38;2;0;0;0m▀[38;2;82;74;57;48;2;0;0;0m▀[48;2;189;180;156m▀▀[38;2;131;115;98;49m▄[38;2;82;74;57m▄[0m
[0m  [38;2;41;65;82m▄[48;2;106;131;148m▀[38;2;0;0;0;48;2;74;98;115m▀[38;2;82;74;57;48;2;106;131;148m▀[38;2;131;115;98;48;2;82;74;57m▀[38;2;246;238;213;48;2;246;238;213m▀[38;2;189;180;156;48;2;82;74;57m▀[38;2;246;238;213;48;2;246;238;213m▀▀[38;2;189;180;156;48;2;131;115;98m▀[38;2;246;238;213;48;2;246;238;213m▀▀[38;2;189;180;156;48;2;131;115;98m▀[38;2;246;238;213;48;2;246;238;213m▀▀[38;2;189;180;156;48;2;131;115;98m▀[38;2;246;238;213;48;2;82;74;57m▀[48;2;0;0;0m▀[38;2;0;0;0m▀[38;2;131;115;98;48;2;106;131;148m▀[38;2;0;0;0;48;2;74;98;115m▀[48;2;0;0;0m▀[38;2;131;115;98;48;2;189;180;156m▀▀[38;2;189;180;156m▀▀[38;2;0;0;0m▀[49m▄[0m
[0m  [38;2;41;65;82;48;2;41;65;82m▀[38;2;106;131;148;48;2;74;98;115m▀[38;2;41;65;82;48;2;41;65;82m▀[38;2;106;131;148;48;2;106;131;148m▀▀[38;2;82;74;57m▀[38;2;106;131;148m▀[38;2;82;74;57m▀[38;2;246;238;213;48;2;82;74;57m▀[38;2;0;0;0;48;2;106;131;148m▀▀[38;2;246;238;213;48;2;0;0;0m▀[38;2;131;115;98m▀[48;2;74;98;115m▀[38;2;0;0;0;48;2;106;131;148m▀▀[38;2;106;131;148m▀▀▀[48;2;74;98;115m▀[38;2;74;98;115m▀[38;2;41;65;82m▀[38;2;189;180;156;48;2;0;0;0m▀[48;2;189;180;156m▀▀[48;2;82;74;57m▀[48;2;0;0;0m▀[38;2;0;0;0;49m▀[0m
[0m   [38;2;41;65;82m▀[38;2;74;98;115;48;2;0;0;0m▀[38;2;41;65;82m▀[38;2;106;131;148;48;2;74;98;115m▀[48;2;106;131;148m▀▀▀▀▀▀▀▀[38;2;41;65;82;48;2;41;65;82m▀[38;2;106;131;148;48;2;74;98;115m▀▀▀▀[38;2;74;98;115m▀▀[38;2;41;65;82m▀[38;2;74;98;115;48;2;41;65;82m▀[38;2;0;0;0;48;2;0;0;0m▀[49m▀▀[0m
[0m      [38;2;41;65;82m▀[38;2;0;0;0m▀[38;2;74;98;115;48;2;41;65;82m▀[48;2;0;0;0m▀▀[48;2;74;98;115m▀▀▀▀▀[38;2;0;0;0m▀[38;2;74;98;115;48;2;0;0;0m▀▀[48;2;74;98;115m▀[38;2;41;65;82m▀▀[38;2;74;98;115;48;2;41;65;82m▀[48;2;0;0;0m▀[38;2;41;65;82m▀[0m
[0m         [38;2;41;65;82m▀[38;2;74;98;115;48;2;41;65;82m▀[38;2;0;0;0;48;2;74;98;115m▀▀▀[48;2;0;0;0m▀[48;2;74;98;115m▀▀[38;2;41;65;82m▀[48;2;41;65;82m▀[38;2;0;0;0m▀[48;2;0;0;0m▀[49m▀▀[0m
[0m     [38;2;82;74;57m▄[38;2;131;115;98m▄[38;2;82;74;57m▄▄▄[48;2;131;115;98m▀[38;2;189;156;57;48;2;189;156;57m▀[48;2;131;115;98m▀[38;2;0;0;0;48;2;0;0;0m▀[0m [38;2;41;65;82m▀[38;2;0;0;0;48;2;0;0;0m▀[38;2;189;156;57;48;2;131;115;98m▀▀[38;2;0;0;0;48;2;82;74;57m▀[49m▄[0m
[0m   [38;2;41;65;82m▄[48;2;0;0;0m▀[38;2;238;205;90;48;2;74;98;115m▀[38;2;189;156;57;48;2;41;65;82m▀[38;2;131;115;98;48;2;238;205;90m▀[38;2;238;205;90;48;2;0;0;0m▀[38;2;189;156;57;48;2;82;74;57m▀[38;2;82;74;57;48;2;238;205;90m▀[38;2;131;115;98m▀[38;2;189;156;57;48;2;189;156;57m▀[48;2;131;115;98m▀[38;2;82;74;57;48;2;0;0;0m▀[38;2;0;0;0;48;2;238;205;90m▀[38;2;131;115;98;48;2;189;156;57m▀[38;2;189;156;57;48;2;82;74;57m▀[48;2;238;205;90m▀[38;2;131;115;98m▀[38;2;189;156;57;48;2;131;115;98m▀[38;2;0;0;0;48;2;189;156;57m▀[48;2;238;205;90m▀[38;2;82;74;57;49m▄[0m
[0m   [38;2;0;0;0m▀[0m [38;2;41;65;82;48;2;0;0;0m▀[38;2;0;0;0;49m▀[48;2;0;0;0m▀[38;2;41;65;82;48;2;74;98;115m▀[48;2;0;0;0m▀[38;2;189;156;57m▀[38;2;82;74;57;49m▀▀[38;2;0;0;0;48;2;0;0;0m▀[38;2;74;98;115;48;2;41;65;82m▀[38;2;0;0;0;48;2;0;0;0m▀[38;2;189;156;57;48;2;82;74;57m▀[38;2;0;0;0;49m▀[38;2;189;156;57;48;2;0;0;0m▀[38;2;41;65;82;48;2;74;98;115m▀[38;2;82;74;57;48;2;0;0;0m▀[38;2;189;156;57;48;2;82;74;57m▀[38;2;41;65;82;48;2;0;0;0m▀[38;2;74;98;115;48;2;41;65;82m▀[38;2;0;0;0;48;2;0;0;0m▀[0m
[0m        [38;2;0;0;0m▀[0m     [38;2;0;0;0m▀[0m   [38;2;0;0;0m▀[38;2;41;65;82;48;2;0;0;0m▀[38;2;0;0;0;49m▀[0m  [38;2;0;0;0m▀[0m
