[0m              [38;2;123;98;82m▄▄▄▄[48;2;164;139;115m▀▀▀▀▀▀[38;2;82;49;32m▀[38;2;139;49;49;48;2;82;49;32m▀[48;2;197;74;65m▀▀[49m▄▄▄[0m  [38;2;123;98;82m▄▄▄▄▄[0m
[0m          [38;2;123;98;82m▄▄[48;2;164;139;115m▀▀[38;2;164;139;115m▀▀▀▀▀▀▀▀▀▀▀[38;2;123;98;82m▀[38;2;139;49;49;48;2;82;49;32m▀[38;2;197;74;65;48;2;197;74;65m▀▀▀▀[38;2;139;49;49m▀▀[48;2;230;139;65m▀[38;2;164;139;115;48;2;82;49;32m▀▀[48;2;164;139;115m▀▀[38;2;123;98;82m▀[38;2;82;49;32m▀[48;2;123;98;82m▀[49m▄[0m
[0m        [38;2;123;98;82m▄[48;2;164;139;115m▀[38;2;164;139;115m▀▀▀▀▀▀▀▀▀▀▀▀▀▀▀▀[38;2;123;98;82m▀[38;2;139;49;49;48;2;82;49;32m▀[38;2;197;74;65;48;2;255;197;65m▀▀[38;2;230;139;65m▀▀[38;2;255;197;65m▀▀▀▀[38;2;82;49;32m▀▀[38;2;164;139;115;48;2;82;49;32m▀[48;2;164;139;115m▀▀▀[38;2;82;49;32m▀[49m▄[0m
[0m      [38;2;82;49;32m▄[38;2;123;98;82;48;2;164;139;115m▀[38;2;164;139;115m▀▀▀▀[48;2;123;98;82m▀[48;2;164;139;115m▀▀▀▀▀▀▀▀▀▀▀▀▀▀[38;2;82;49;32;48;2;82;49;32m▀[38;2;197;74;65;48;2;197;74;65m▀▀▀▀▀▀[38;2;230;139;65m▀[38;2;255;197;65;48;2;230;139;65m▀[48;2;255;197;65m▀▀[48;2;82;49;32m▀[38;2;82;49;32;48;2;164;139;115m▀▀[38;2;164;139;115;48;2;82;49;32m▀▀[48;2;164;139;115m▀[38;2;82;49;32;48;2;123;98;82m▀▀[49m▄[0m
[0m    [38;2;123;98;82m▄[38;2;82;49;32;48;2;123;98;82m▀[38;2;164;139;115;48;2;164;139;115m▀▀▀▀▀[48;2;82;49;32m▀[38;2;82;49;32;48;2;255;255;255m▀[38;2;164;139;115;48;2;164;139;115m▀▀▀▀▀▀▀▀▀▀▀▀▀▀[38;2;82;49;32;48;2;82;49;32m▀[38;2;197;74;65;48;2;255;197;65m▀▀▀[48;2;230;139;65m▀[48;2;197;74;65m▀▀▀▀▀[38;2;82;49;32;48;2;82;49;32m▀[38;2;164;139;115;48;2;164;139;115m▀▀▀▀▀[38;2;82;49;32m▀[38;2;123;98;82;48;2;82;49;32m▀[48;2;123;98;82m▀▀[38;2;82;49;32;48;2;82;49;32m▀[0m
[0m   [38;2;82;49;32m▄[48;2;164;139;115m▀[38;2;164;139;115;48;2;123;98;82m▀[48;2;164;139;115m▀[48;2;82;49;32m▀▀[38;2;123;98;82;48;2;255;255;255m▀[38;2;0;0;0;48;2;0;0;0m▀[38;2;255;255;255;48;2;255;255;255m▀▀[38;2;123;98;82;48;2;123;98;82m▀[38;2;164;139;115;48;2;164;139;115m▀▀▀▀▀▀▀▀▀▀▀▀[48;2;123;98;82m▀[38;2;82;49;32;48;2;82;49;32m▀[38;2;197;74;65;48;2;197;74;65m▀▀[38;2;230;139;65m▀[38;2;255;197;65m▀[48;2;255;197;65m▀▀[38;2;230;139;65m▀[38;2;197;74;65;48;2;230;139;65m▀[48;2;197;74;65m▀▀[38;2;82;49;32m▀[38;2;0;0;0m▀[38;2;164;139;115;48;2;82;49;32m▀▀[48;2;164;139;115m▀▀▀[38;2;82;49;32m▀[38;2;123;98;82;48;2;82;49;32m▀[48;2;123;98;82m▀[38;2;82;49;32;48;2;82;49;32m▀[0m
[0m  [38;2;82;49;32m▄[48;2;164;139;115m▀[38;2;164;139;115m▀▀[38;2;82;49;32m▀[38;2;123;98;82m▀[38;2;255;255;255;48;2;123;98;82m▀▀[48;2;255;255;255m▀[48;2;82;49;32m▀[38;2;123;98;82;48;2;0;0;0m▀[38;2;164;139;115m▀▀[38;2;123;98;82;48;2;82;49;32m▀[48;2;123;98;82m▀▀▀▀▀▀[38;2;164;139;115m▀▀▀[48;2;164;139;115m▀[38;2;82;49;32;48;2;82;49;32m▀[38;2;230;139;65;48;2;255;197;65m▀[38;2;197;74;65;48;2;197;74;65m▀▀▀▀▀[38;2;230;139;65m▀[38;2;255;197;65;48;2;255;197;65m▀▀[38;2;197;74;65m▀[48;2;230;139;65m▀[48;2;197;74;65m▀▀▀▀[38;2;82;49;32m▀[38;2;164;139;115;48;2;0;0;0m▀[48;2;164;139;115m▀[48;2;123;98;82m▀[38;2;123;98;82m▀[38;2;0;0;0m▀[38;2;82;49;32;48;2;0;0;0m▀[0m
[0m  [38;2;82;49;32;48;2;82;49;32m▀[38;2;164;139;115;48;2;164;139;115m▀▀▀▀▀[48;2;0;0;0m▀[38;2;82;49;32;49m▀[38;2;0;0;0m▀[0m     [38;2;82;49;32m▀[38;2;0;0;0m▀▀[38;2;123;98;82;48;2;0;0;0m▀▀[48;2;123;98;82m▀▀▀▀[38;2;82;49;32;48;2;82;49;32m▀[38;2;139;49;49;48;2;139;49;49m▀[38;2;230;139;65m▀[38;2;255;197;65;48;2;255;197;65m▀[38;2;197;74;65m▀[48;2;197;74;65m▀▀▀▀▀[38;2;255;197;65m▀[48;2;230;139;65m▀[48;2;98;24;16m▀[38;2;98;24;16;48;2;197;74;65m▀▀[38;2;197;74;65;48;2;0;0;0m▀▀[48;2;197;74;65m▀▀[38;2;0;0;0;48;2;0;0;0m▀[38;2;123;98;82;48;2;123;98;82m▀▀▀[38;2;0;0;0m▀[49m▄[0m
[0m [38;2;82;49;32;48;2;82;49;32m▀[38;2;164;139;115;48;2;164;139;115m▀▀▀▀[48;2;82;49;32m▀[38;2;0;0;0;49m▀[0m             [38;2;0;0;0m▀[38;2;123;98;82;48;2;0;0;0m▀[48;2;82;49;32m▀[38;2;82;49;32;48;2;139;49;49m▀[38;2;164;139;74;48;2;164;139;74m▀[38;2;139;49;49m▀[48;2;139;49;49m▀[38;2;197;74;65m▀[38;2;255;197;65;48;2;197;74;65m▀[48;2;230;139;65m▀[38;2;230;139;65;48;2;255;197;65m▀[38;2;197;74;65m▀[48;2;197;74;65m▀▀▀▀[38;2;0;0;0;48;2;98;24;16m▀[38;2;197;74;65m▀[48;2;197;74;65m▀▀▀[38;2;0;0;0m▀[48;2;82;49;32m▀[38;2;197;74;65;48;2;0;0;0m▀[38;2;82;49;32m▀[38;2;123;98;82;48;2;123;98;82m▀▀▀[38;2;0;0;0;48;2;0;0;0m▀[0m
[0m [38;2;82;49;32;48;2;82;49;32m▀[38;2;164;139;115;48;2;164;139;115m▀▀[48;2;123;98;82m▀[38;2;82;49;32;48;2;0;0;0m▀[0m               [38;2;82;49;32;48;2;82;49;32m▀[38;2;0;0;0;48;2;139;49;49m▀[38;2;139;49;49;48;2;0;0;0m▀[48;2;139;49;49m▀▀[38;2;164;139;74;48;2;164;139;74m▀[38;2;139;49;49m▀[48;2;139;49;49m▀[38;2;197;74;65;48;2;197;74;65m▀▀▀[38;2;255;197;65m▀[48;2;255;197;65m▀[38;2;230;139;65m▀[38;2;197;74;65m▀[48;2;197;74;65m▀▀[38;2;230;139;65m▀[38;2;0;0;0;48;2;255;197;65m▀▀[38;2;197;74;65;48;2;0;0;0m▀[38;2;82;49;32m▀[38;2;164;139;115;48;2;164;139;115m▀▀[38;2;123;98;82m▀[38;2;82;49;32m▀[38;2;123;98;82;48;2;0;0;0m▀▀[48;2;123;98;82m▀[38;2;0;0;0;48;2;0;0;0m▀[0m
[0m  [38;2;82;49;32;48;2;0;0;0m▀[38;2;164;139;115m▀[38;2;0;0;0;49m▀[0m               [38;2;82;49;32m▄[48;2;139;49;49m▀[38;2;139;49;49m▀[38;2;0;0;0;48;2;82;49;32m▀[38;2;197;74;65;48;2;0;0;0m▀[38;2;139;49;49;48;2;197;74;65m▀▀[38;2;255;197;65m▀[48;2;255;197;65m▀[38;2;197;74;65;48;2;230;139;65m▀[48;2;197;74;65m▀▀▀▀[38;2;255;197;65m▀[48;2;255;197;65m▀▀[38;2;197;74;65;48;2;230;139;65m▀[48;2;197;74;65m▀▀[38;2;255;197;65;48;2;230;139;65m▀[48;2;0;0;0m▀[38;2;197;74;65m▀[38;2;0;0;0;48;2;164;139;115m▀▀[48;2;0;0;0m▀▀[38;2;98;24;16m▀▀[48;2;197;74;65m▀▀[49m▄▄[0m
[0m      [38;2;0;0;0m▄▄[48;2;82;49;32m▀▀[48;2;164;139;115m▀▀[49m▄▄[38;2;139;49;49m▄▄▄[0m  [38;2;82;49;32m▄[48;2;123;98;82m▀[38;2;139;49;49m▀[48;2;0;0;0m▀[38;2;0;0;0;49m▀[48;2;0;0;0m▀[38;2;230;139;65;48;2;255;197;65m▀[38;2;197;74;65;48;2;197;74;65m▀▀[38;2;255;197;65;48;2;230;139;65m▀[48;2;255;197;65m▀[38;2;197;74;65;48;2;230;139;65m▀[48;2;197;74;65m▀▀▀▀[38;2;230;139;65m▀[38;2;255;197;65;48;2;255;197;65m▀▀[38;2;197;74;65;48;2;230;139;65m▀[48;2;0;0;0m▀[38;2;0;0;0m▀[48;2;82;49;32m▀[38;2;164;139;115;48;2;164;139;115m▀▀[38;2;82;49;32;48;2;0;0;0m▀[38;2;0;0;0m▀[48;2;164;139;115m▀[38;2;82;49;32m▀[38;2;164;139;115m▀[38;2;0;0;0m▀[48;2;0;0;0m▀[38;2;197;74;65m▀[38;2;139;49;49;48;2;139;49;49m▀[38;2;98;24;16;48;2;98;24;16m▀[0m
[0m    [38;2;82;49;32m▄[48;2;164;139;115m▀[38;2;164;139;115;48;2;82;49;32m▀[38;2;0;0;0m▀[48;2;164;139;115m▀[38;2;164;139;115m▀▀[48;2;82;49;32m▀[48;2;0;0;0m▀▀[38;2;0;0;0;48;2;164;139;115m▀[38;2;197;74;65;48;2;0;0;0m▀[48;2;197;74;65m▀[38;2;0;0;0m▀▀[38;2;82;49;32;48;2;0;0;0m▀[38;2;123;98;82;48;2;123;98;82m▀[48;2;0;0;0m▀[38;2;0;0;0;49m▀[0m  [38;2;0;0;0;48;2;0;0;0m▀[38;2;230;139;65;48;2;255;197;65m▀[38;2;197;74;65;48;2;197;74;65m▀▀[38;2;255;197;65m▀[48;2;255;197;65m▀[38;2;197;74;65;48;2;197;74;65m▀▀▀▀▀[38;2;255;197;65;48;2;255;197;65m▀▀▀[38;2;0;0;0;48;2;82;49;32m▀[38;2;82;49;32;48;2;164;139;115m▀[38;2;164;139;115m▀▀[48;2;82;49;32m▀▀▀[48;2;164;139;115m▀▀▀[38;2;82;49;32;48;2;0;0;0m▀[38;2;0;0;0m▀▀[48;2;123;98;82m▀[38;2;139;49;49;48;2;0;0;0m▀[38;2;98;24;16;48;2;98;24;16m▀[0m
[0m   [38;2;82;49;32m▄[48;2;164;139;115m▀[38;2;164;139;115;48;2;0;0;0m▀▀[48;2;82;49;32m▀[48;2;164;139;115m▀▀[38;2;0;0;0;48;2;82;49;32m▀▀[48;2;164;139;115m▀[38;2;82;49;32m▀[38;2;164;139;115m▀▀[38;2;0;0;0;48;2;0;0;0m▀[38;2;197;74;65;48;2;139;49;49m▀[38;2;139;49;49m▀▀[38;2;82;49;32;48;2;0;0;0m▀[38;2;0;0;0;49m▀[0m   [38;2;0;0;0;48;2;82;49;32m▀[38;2;255;197;65;48;2;255;197;65m▀[38;2;197;74;65;48;2;197;74;65m▀▀▀[38;2;255;197;65;48;2;255;197;65m▀[38;2;230;139;65m▀[38;2;197;74;65;48;2;197;74;65m▀▀▀▀[38;2;230;139;65m▀[38;2;255;197;65;48;2;255;197;65m▀[38;2;82;49;32;48;2;82;49;32m▀[38;2;164;139;115;48;2;164;139;115m▀[48;2;0;0;0m▀[38;2;82;49;32;48;2;197;74;65m▀▀[38;2;197;74;65m▀▀▀[38;2;82;49;32m▀▀[38;2;164;139;115;48;2;82;49;32m▀[38;2;82;49;32;48;2;164;139;115m▀[38;2;0;0;0m▀[38;2;164;139;115m▀[38;2;123;98;82;48;2;123;98;82m▀[38;2;0;0;0m▀[38;2;98;24;16;48;2;0;0;0m▀[0m    [38;2;98;24;16m▄▄[48;2;139;49;49m▀[48;2;0;0;0m▀▀[48;2;139;49;49m▀[49m▄[0m
[0m  [38;2;0;0;0m▄[38;2;82;49;32;48;2;0;0;0m▀[38;2;0;0;0;48;2;255;197;65m▀[38;2;197;74;65m▀[48;2;82;49;32m▀[48;2;197;74;65m▀▀[38;2;0;0;0m▀[38;2;164;139;115;48;2;0;0;0m▀[48;2;164;139;115m▀▀[48;2;82;49;32m▀[38;2;82;49;32;48;2;0;0;0m▀[38;2;0;0;0m▀[38;2;123;98;82;48;2;123;98;82m▀[38;2;0;0;0;48;2;0;0;0m▀[38;2;139;49;49;48;2;139;49;49m▀[48;2;0;0;0m▀[38;2;0;0;0;49m▀[0m    [38;2;82;49;32;48;2;82;49;32m▀[38;2;255;197;65;48;2;255;197;65m▀[38;2;197;74;65;48;2;197;74;65m▀▀[48;2;230;139;65m▀[38;2;255;197;65;48;2;255;197;65m▀▀[38;2;197;74;65;48;2;197;74;65m▀▀▀▀▀[38;2;230;139;65m▀[38;2;82;49;32;48;2;0;0;0m▀[38;2;0;0;0;48;2;255;197;65m▀[38;2;255;197;65m▀▀[48;2;82;49;32m▀[38;2;82;49;32;48;2;255;197;65m▀▀[38;2;197;74;65;48;2;82;49;32m▀[48;2;197;74;65m▀▀▀[38;2;82;49;32;48;2;82;49;32m▀[38;2;164;139;115;48;2;164;139;115m▀[38;2;123;98;82;48;2;123;98;82m▀[48;2;82;49;32m▀[38;2;82;49;32;48;2;0;0;0m▀[38;2;0;0;0m▀[0m   [38;2;98;24;16;48;2;98;24;16m▀[38;2;139;49;49;48;2;139;49;49m▀[38;2;0;0;0m▀▀[38;2;98;24;16m▀[38;2;139;49;49m▀▀[38;2;98;24;16;48;2;0;0;0m▀[0m
[0m [38;2;0;0;0;48;2;0;0;0m▀[38;2;82;49;32;48;2;82;49;32m▀[38;2;164;139;74;48;2;255;197;65m▀[38;2;255;197;65m▀▀[48;2;82;49;32m▀[38;2;82;49;32;48;2;255;197;65m▀▀[38;2;197;74;65;48;2;82;49;32m▀[38;2;82;49;32;48;2;197;74;65m▀[38;2;164;139;115;48;2;0;0;0m▀[48;2;123;98;82m▀[38;2;0;0;0m▀[38;2;82;49;32m▀[38;2;123;98;82m▀▀▀[38;2;139;49;49;48;2;0;0;0m▀[38;2;0;0;0;49m▀[0m    [38;2;82;49;32;48;2;82;49;32m▀[38;2;255;197;65;48;2;255;197;65m▀[38;2;230;139;65;48;2;197;74;65m▀[38;2;197;74;65m▀▀[38;2;255;197;65;48;2;255;197;65m▀▀[38;2;230;139;65;48;2;230;139;65m▀[38;2;197;74;65;48;2;197;74;65m▀[48;2;123;98;82m▀▀[48;2;197;74;65m▀▀[48;2;0;0;0m▀[38;2;0;0;0;48;2;255;197;65m▀[38;2;255;197;65m▀[48;2;164;139;74m▀[38;2;164;139;74;48;2;255;197;65m▀[38;2;255;197;65m▀▀▀▀[38;2;82;49;32;48;2;0;0;0m▀[38;2;197;74;65;48;2;82;49;32m▀[38;2;139;49;49;48;2;139;49;49m▀▀[38;2;82;49;32;48;2;82;49;32m▀[38;2;123;98;82;48;2;123;98;82m▀[38;2;0;0;0;48;2;82;49;32m▀[48;2;123;98;82m▀[48;2;0;0;0m▀[0m   [38;2;98;24;16;48;2;98;24;16m▀[38;2;139;49;49;48;2;139;49;49m▀▀▀▀▀▀[38;2;0;0;0;48;2;0;0;0m▀[0m
[38;2;0;0;0;48;2;0;0;0m▀[38;2;164;139;74;48;2;82;49;32m▀[38;2;82;49;32;48;2;255;197;65m▀[38;2;255;197;65m▀▀[38;2;164;139;74;48;2;82;49;32m▀[48;2;255;197;65m▀[38;2;255;197;65m▀▀[48;2;164;139;74m▀[38;2;139;49;49;48;2;139;49;49m▀[38;2;0;0;0;48;2;82;49;32m▀[38;2;123;98;82;48;2;123;98;82m▀[48;2;82;49;32m▀[38;2;82;49;32;48;2;0;0;0m▀[38;2;0;0;0;48;2;82;49;32m▀[48;2;123;98;82m▀[38;2;123;98;82;48;2;0;0;0m▀[38;2;0;0;0;49m▀[0m    [38;2;139;49;49m▄[38;2;82;49;32;48;2;82;49;32m▀[38;2;255;197;65;48;2;255;197;65m▀[38;2;197;74;65;48;2;230;139;65m▀[48;2;197;74;65m▀▀[38;2;230;139;65;48;2;82;49;32m▀[38;2;255;197;65;48;2;123;98;82m▀[38;2;82;49;32;48;2;164;139;115m▀▀[38;2;164;139;115m▀▀[38;2;123;98;82;48;2;82;49;32m▀[38;2;197;74;65;48;2;197;74;65m▀[38;2;0;0;0;48;2;0;0;0m▀[38;2;255;197;65;48;2;255;197;65m▀[48;2;82;49;32m▀[38;2;82;49;32;48;2;255;197;65m▀[38;2;255;197;65m▀[48;2;164;139;74m▀▀[38;2;164;139;74;48;2;82;49;32m▀[38;2;0;0;0m▀[38;2;164;139;74;48;2;164;139;74m▀▀[38;2;82;49;32m▀[38;2;139;49;49;48;2;139;49;49m▀[38;2;82;49;32;48;2;82;49;32m▀[38;2;123;98;82;48;2;123;98;82m▀▀[38;2;0;0;0;48;2;0;0;0m▀[0m   [38;2;98;24;16m▄[48;2;98;24;16m▀[38;2;139;49;49;48;2;139;49;49m▀▀▀▀▀▀[38;2;0;0;0;48;2;0;0;0m▀[0m
[38;2;0;0;0;48;2;0;0;0m▀[38;2;82;49;32;48;2;82;49;32m▀[38;2;255;197;65;48;2;164;139;74m▀[48;2;255;197;65m▀[48;2;82;49;32m▀[38;2;82;49;32;48;2;255;197;65m▀[38;2;255;197;65;48;2;164;139;74m▀▀[38;2;164;139;74;48;2;82;49;32m▀[38;2;0;0;0;48;2;139;49;49m▀[38;2;139;49;49;48;2;82;49;32m▀[38;2;82;49;32;48;2;123;98;82m▀[38;2;123;98;82m▀[48;2;82;49;32m▀▀[48;2;123;98;82m▀[48;2;0;0;0m▀[38;2;0;0;0;49m▀[0m   [38;2;98;24;16m▄[38;2;139;49;49;48;2;197;74;65m▀[38;2;197;74;65m▀▀[38;2;139;49;49;48;2;139;49;49m▀[38;2;255;197;65;48;2;255;197;65m▀[38;2;197;74;65;48;2;82;49;32m▀[38;2;82;49;32;48;2;164;139;115m▀[38;2;164;139;115m▀▀▀▀[48;2;0;0;0m▀▀[38;2;0;0;0;48;2;197;74;65m▀[38;2;197;74;65m▀[38;2;0;0;0;48;2;0;0;0m▀[38;2;164;139;74;48;2;164;139;74m▀[38;2;82;49;32;48;2;82;49;32m▀[38;2;164;139;74;48;2;164;139;74m▀▀▀[48;2;0;0;0m▀[38;2;0;0;0;48;2;164;139;74m▀[38;2;164;139;74m▀▀▀[48;2;0;0;0m▀[38;2;82;49;32;48;2;123;98;82m▀[38;2;123;98;82;48;2;0;0;0m▀[38;2;0;0;0m▀[48;2;139;49;49m▀[49m▄[38;2;82;49;32m▄[38;2;98;24;16m▄[48;2;139;49;49m▀▀[38;2;139;49;49m▀▀▀▀▀▀[48;2;0;0;0m▀[38;2;0;0;0;49m▀[0m
[0m [38;2;0;0;0m▀[38;2;164;139;74;48;2;0;0;0m▀[48;2;164;139;74m▀[38;2;82;49;32;48;2;82;49;32m▀[38;2;164;139;74;48;2;164;139;74m▀▀[48;2;0;0;0m▀[38;2;0;0;0;49m▀▀[38;2;123;98;82;48;2;0;0;0m▀▀[38;2;82;49;32m▀[38;2;0;0;0m▀[49m▀▀[0m    [38;2;98;24;16;48;2;98;24;16m▀[38;2;139;49;49;48;2;197;74;65m▀[38;2;197;74;65m▀▀▀[38;2;139;49;49m▀[38;2;82;49;32;48;2;82;49;32m▀[38;2;164;139;115;48;2;164;139;115m▀▀▀[48;2;82;49;32m▀[38;2;0;0;0;48;2;230;139;65m▀[48;2;255;197;65m▀[38;2;197;74;65;48;2;197;74;65m▀▀▀▀▀[38;2;0;0;0;48;2;0;0;0m▀[38;2;164;139;74;48;2;164;139;74m▀[48;2;0;0;0m▀[38;2;82;49;32;48;2;82;49;32m▀[38;2;0;0;0;48;2;164;139;74m▀[38;2;164;139;74m▀[48;2;0;0;0m▀▀[38;2;82;49;32m▀[38;2;0;0;0;48;2;139;49;49m▀▀▀[38;2;139;49;49m▀▀▀[38;2;0;0;0m▀[38;2;123;98;82;48;2;0;0;0m▀[48;2;82;49;32m▀[38;2;82;49;32;48;2;139;49;49m▀[38;2;139;49;49m▀▀▀▀▀▀[48;2;0;0;0m▀[38;2;0;0;0;49m▀[0m
[0m  [38;2;0;0;0m▀[38;2;164;139;74;48;2;0;0;0m▀[38;2;0;0;0m▀[38;2;164;139;74;48;2;164;139;74m▀[38;2;0;0;0;48;2;0;0;0m▀[0m           [38;2;98;24;16m▄[48;2;197;74;65m▀[38;2;197;74;65m▀▀▀▀▀[38;2;82;49;32;48;2;82;49;32m▀[38;2;164;139;115;48;2;164;139;115m▀▀▀[38;2;82;49;32;48;2;82;49;32m▀[38;2;197;74;65;48;2;197;74;65m▀[38;2;230;139;65m▀[38;2;255;197;65;48;2;255;197;65m▀[38;2;230;139;65m▀[38;2;197;74;65;48;2;82;49;32m▀[38;2;82;49;32;48;2;164;139;115m▀▀[48;2;82;49;32m▀[38;2;164;139;74;48;2;164;139;74m▀[38;2;0;0;0m▀[48;2;139;49;49m▀[48;2;98;24;16m▀[48;2;139;49;49m▀▀[38;2;139;49;49m▀▀▀▀▀▀▀▀▀▀[38;2;0;0;0m▀[38;2;139;49;49;48;2;0;0;0m▀[48;2;139;49;49m▀[48;2;82;49;32m▀[38;2;82;49;32;48;2;123;98;82m▀▀[38;2;139;49;49;48;2;82;49;32m▀[48;2;0;0;0m▀[38;2;0;0;0;49m▀[0m
[0m    [38;2;0;0;0m▀▀[0m           [38;2;123;98;82;48;2;123;98;82m▀[38;2;164;139;115;48;2;164;139;115m▀[38;2;139;49;49;48;2;82;49;32m▀[38;2;197;74;65;48;2;197;74;65m▀▀▀▀▀[38;2;82;49;32m▀[38;2;164;139;115;48;2;0;0;0m▀[48;2;164;139;115m▀▀[38;2;0;0;0;48;2;123;98;82m▀[38;2;197;74;65;48;2;0;0;0m▀[48;2;139;49;49m▀[38;2;255;197;65;48;2;164;139;74m▀[38;2;164;139;74m▀[38;2;82;49;32;48;2;82;49;32m▀[38;2;164;139;115;48;2;164;139;115m▀▀▀[38;2;82;49;32;48;2;82;49;32m▀[38;2;164;139;74;48;2;139;49;49m▀[38;2;139;49;49;48;2;98;24;16m▀[48;2;139;49;49m▀▀▀▀▀▀▀[48;2;197;74;65m▀[38;2;197;74;65m▀▀▀[38;2;139;49;49m▀[48;2;139;49;49m▀▀[38;2;0;0;0;48;2;0;0;0m▀[38;2;82;49;32;48;2;123;98;82m▀▀[38;2;123;98;82m▀▀[38;2;82;49;32;48;2;0;0;0m▀[0m
[0m                [38;2;123;98;82;48;2;123;98;82m▀[38;2;164;139;115;48;2;164;139;115m▀▀▀[38;2;139;49;49;48;2;82;49;32m▀[38;2;197;74;65;48;2;197;74;65m▀▀▀▀[48;2;139;49;49m▀[38;2;0;0;0m▀[38;2;123;98;82;48;2;0;0;0m▀[48;2;123;98;82m▀▀▀[38;2;82;49;32m▀[38;2;139;49;49;48;2;82;49;32m▀[38;2;164;139;74m▀[38;2;82;49;32;48;2;0;0;0m▀[38;2;123;98;82;48;2;82;49;32m▀[38;2;164;139;115;48;2;123;98;82m▀[38;2;123;98;82m▀[38;2;82;49;32;48;2;0;0;0m▀[38;2;139;49;49;48;2;139;49;49m▀[38;2;0;0;0;48;2;0;0;0m▀[38;2;139;49;49;48;2;139;49;49m▀▀▀▀▀▀[38;2;197;74;65;48;2;197;74;65m▀▀[48;2;82;49;32m▀[48;2;123;98;82m▀[38;2;139;49;49;48;2;164;139;115m▀[38;2;82;49;32m▀▀[48;2;123;98;82m▀[38;2;139;49;49;48;2;82;49;32m▀[38;2;0;0;0;48;2;0;0;0m▀[38;2;123;98;82;48;2;82;49;32m▀[38;2;0;0;0;49m▀▀[0m
[0m                [38;2;82;49;32;48;2;0;0;0m▀[38;2;164;139;115;48;2;123;98;82m▀▀[48;2;164;139;115m▀▀[38;2;82;49;32;48;2;123;98;82m▀[38;2;197;74;65;48;2;82;49;32m▀[38;2;139;49;49;48;2;139;49;49m▀▀▀▀▀[38;2;0;0;0m▀[38;2;123;98;82;48;2;0;0;0m▀▀[48;2;123;98;82m▀▀▀▀[38;2;82;49;32m▀[38;2;123;98;82;48;2;82;49;32m▀[48;2;123;98;82m▀▀[38;2;0;0;0m▀[38;2;82;49;32m▀[38;2;139;49;49;48;2;0;0;0m▀[48;2;82;49;32m▀[48;2;139;49;49m▀▀▀▀[48;2;82;49;32m▀[38;2;82;49;32;48;2;164;139;115m▀[38;2;164;139;115m▀▀▀▀▀[38;2;123;98;82m▀[48;2;123;98;82m▀[38;2;0;0;0;48;2;0;0;0m▀[0m
[0m                 [38;2;82;49;32;48;2;0;0;0m▀[38;2;123;98;82;48;2;123;98;82m▀▀▀▀▀[38;2;82;49;32m▀[48;2;0;0;0m▀[38;2;139;49;49m▀[38;2;0;0;0;49m▀▀▀[0m  [38;2;0;0;0m▀▀▀[38;2;123;98;82;48;2;0;0;0m▀▀▀▀[48;2;82;49;32m▀▀▀▀[38;2;0;0;0;49m▀▀[38;2;139;49;49;48;2;0;0;0m▀▀[38;2;82;49;32;48;2;82;49;32m▀[38;2;123;98;82;48;2;123;98;82m▀▀[38;2;164;139;115m▀▀[38;2;123;98;82;48;2;82;49;32m▀[38;2;164;139;115;48;2;123;98;82m▀[48;2;164;139;115m▀[38;2;82;49;32;48;2;82;49;32m▀[38;2;123;98;82;48;2;123;98;82m▀[38;2;0;0;0;48;2;82;49;32m▀[0m
[0m                  [38;2;0;0;0;48;2;0;0;0m▀[38;2;123;98;82;48;2;123;98;82m▀▀▀▀[48;2;82;49;32m▀[38;2;0;0;0;49m▀[0m                     [38;2;0;0;0m▀▀[38;2;123;98;82;48;2;0;0;0m▀[48;2;123;98;82m▀▀▀[38;2;82;49;32m▀[38;2;123;98;82m▀▀▀[38;2;82;49;32m▀[49m▄[0m
[0m                [38;2;82;49;32m▄[48;2;255;197;65m▀[38;2;164;139;74;48;2;0;0;0m▀[38;2;0;0;0;48;2;255;197;65m▀[38;2;123;98;82m▀[48;2;0;0;0m▀▀[38;2;0;0;0;49m▀[0m                         [38;2;82;49;32;48;2;0;0;0m▀[38;2;123;98;82;48;2;123;98;82m▀▀▀▀▀▀[48;2;82;49;32m▀[38;2;0;0;0;48;2;0;0;0m▀[0m
[0m                [38;2;82;49;32m▀[48;2;0;0;0m▀[38;2;255;197;65m▀[38;2;0;0;0;49m▀▀[0m                             [38;2;0;0;0;48;2;0;0;0m▀[38;2;123;98;82;48;2;82;49;32m▀[38;2;0;0;0;48;2;164;139;74m▀[48;2;82;49;32m▀[38;2;123;98;82;48;2;123;98;82m▀[38;2;82;49;32;48;2;0;0;0m▀[38;2;164;139;74;48;2;164;139;74m▀[38;2;0;0;0m▀[49m▄[0m
[0m                                                   [38;2;0;0;0;48;2;0;0;0m▀[38;2;164;139;74;48;2;255;197;65m▀[48;2;0;0;0m▀[38;2;0;0;0;49m▀▀▀[38;2;164;139;74;48;2;0;0;0m▀[38;2;82;49;32m▀[0m
[0m                                                    [38;2;0;0;0m▀[0m
