[0m          [38;2;41;32;41;48;2;41;32;41m▀[38;2;65;57;65;48;2;82;82;82m▀[49m▄[0m
[0m          [38;2;41;32;41;48;2;41;32;41m▀[38;2;82;82;82;48;2;82;82;82m▀[38;2;65;57;65m▀[49m▄[0m                       [38;2;65;57;65m▄▄[0m
[0m          [38;2;41;32;41;48;2;41;32;41m▀[38;2;82;82;82;48;2;65;57;65m▀[48;2;82;82;82m▀[38;2;65;57;65;48;2;65;57;65m▀[0m       [38;2;65;57;65m▄▄▄[0m             [38;2;41;32;41;48;2;41;32;41m▀[38;2;82;82;82;48;2;82;82;82m▀[38;2;65;57;65;48;2;65;57;65m▀[0m
[0m           [38;2;41;32;41;48;2;41;32;41m▀[38;2;82;82;82;48;2;65;57;65m▀[48;2;82;82;82m▀[38;2;41;32;41;48;2;16;16;16m▀[0m  [38;2;41;32;41m▄▄[48;2;82;82;82m▀▀[38;2;82;82;82m▀[48;2;16;16;16m▀[38;2;16;16;16;49m▀[0m             [38;2;41;32;41;48;2;41;32;41m▀[38;2;82;82;82;48;2;82;82;82m▀[38;2;65;57;65m▀[38;2;41;32;41;49m▄[0m    [38;2;65;57;65m▄▄[48;2;82;82;82m▀[48;2;16;16;16m▀[0m
[0m         [38;2;16;16;16m▄▄▄[38;2;65;57;65;48;2;16;16;16m▀[48;2;65;57;65m▀[38;2;16;16;16;48;2;16;16;16m▀[38;2;41;32;41;49m▄[48;2;65;57;65m▀[38;2;65;57;65m▀▀[48;2;41;32;41m▀[38;2;82;82;82;48;2;16;16;16m▀[38;2;16;16;16;49m▀[0m               [38;2;41;32;41;48;2;16;16;16m▀[38;2;82;82;82;48;2;65;57;65m▀[48;2;82;82;82m▀[38;2;41;32;41;48;2;41;32;41m▀[0m  [38;2;41;32;41m▄[48;2;82;82;82m▀[38;2;82;82;82m▀▀[48;2;16;16;16m▀[38;2;16;16;16;49m▀[0m
[0m    [38;2;65;57;65m▄▄[38;2;16;16;16;48;2;82;82;82m▀▀▀[38;2;82;82;82m▀▀▀▀▀[38;2;65;57;65m▀▀[48;2;16;16;16m▀[38;2;16;16;16;48;2;41;32;41m▀[49m▀[0m                   [38;2;16;16;16;48;2;16;16;16m▀[38;2;82;82;82;48;2;82;82;82m▀[38;2;41;32;41m▀[49m▄[48;2;65;57;65m▀[38;2;65;57;65m▀▀[38;2;82;82;82;48;2;16;16;16m▀[38;2;16;16;16;49m▀[0m
[0m  [38;2;41;32;41m▄[38;2;65;57;65;48;2;82;82;82m▀[38;2;82;82;82m▀[48;2;41;32;41m▀[48;2;65;57;65m▀[38;2;65;57;65;48;2;82;82;82m▀▀[38;2;82;82;82m▀▀▀▀▀▀▀▀▀[38;2;41;32;41m▀[49m▄[0m          [38;2;41;32;41m▄▄▄[48;2;82;82;82m▀▀▀▀[48;2;41;32;41m▀[38;2;65;57;65m▀[38;2;82;82;82;48;2;65;57;65m▀[38;2;65;57;65m▀[48;2;16;16;16m▀▀[38;2;16;16;16;49m▀▀[0m
[0m [38;2;41;32;41;48;2;41;32;41m▀[38;2;82;82;82;48;2;82;82;82m▀▀[38;2;41;32;41;48;2;41;32;41m▀[38;2;82;82;82;48;2;82;82;82m▀▀▀▀▀▀[48;2;16;16;16m▀[38;2;41;32;41;48;2;82;82;82m▀[38;2;82;82;82m▀▀▀▀▀▀▀[38;2;41;32;41;48;2;41;32;41m▀[0m      [38;2;41;32;41m▄[48;2;82;82;82m▀▀[38;2;82;82;82m▀▀[48;2;41;32;41m▀[48;2;82;82;82m▀▀▀▀▀▀▀[38;2;41;32;41m▀▀[49m▄[0m
[38;2;41;32;41;48;2;16;16;16m▀[38;2;65;57;65;48;2;65;57;65m▀[38;2;82;82;82;48;2;82;82;82m▀[38;2;16;16;16;48;2;16;16;16m▀[38;2;82;82;82;48;2;82;82;82m▀▀▀▀▀▀[48;2;41;32;41m▀[38;2;41;32;41;48;2;82;82;82m▀[38;2;82;82;82m▀▀▀▀▀[48;2;41;32;41m▀[48;2;82;82;82m▀▀▀[38;2;41;32;41;48;2;41;32;41m▀[0m    [38;2;16;16;16;48;2;16;16;16m▀[38;2;82;82;82;48;2;82;82;82m▀▀[48;2;41;32;41m▀[38;2;41;32;41;48;2;82;82;82m▀▀[38;2;82;82;82m▀▀▀▀▀▀▀▀▀▀▀[38;2;16;16;16;48;2;16;16;16m▀[0m
[0m [38;2;16;16;16;48;2;82;82;82m▀[38;2;65;57;65;48;2;41;32;41m▀[38;2;41;32;41m▀[38;2;16;16;16;48;2;16;16;16m▀[38;2;82;82;82;48;2;82;82;82m▀▀[48;2;16;16;16m▀▀[38;2;16;16;16;48;2;57;98;164m▀[38;2;41;32;41;48;2;41;32;41m▀[38;2;82;82;82;48;2;82;82;82m▀▀[48;2;41;32;41m▀▀[38;2;41;32;41;48;2;16;16;16m▀[38;2;65;57;65;48;2;82;82;82m▀[38;2;82;82;82m▀▀▀▀[38;2;41;32;41;48;2;65;57;65m▀[49m▄[0m  [38;2;16;16;16;48;2;41;32;41m▀[38;2;82;82;82;48;2;82;82;82m▀▀[48;2;41;32;41m▀[38;2;16;16;16;48;2;82;82;82m▀[38;2;82;82;82m▀▀▀▀▀▀[48;2;41;32;41m▀[38;2;41;32;41;48;2;82;82;82m▀[38;2;82;82;82m▀▀▀[48;2;41;32;41m▀[48;2;82;82;82m▀▀[38;2;16;16;16;48;2;16;16;16m▀[0m
[38;2;41;32;41;48;2;41;32;41m▀[38;2;82;82;82;48;2;65;57;65m▀[38;2;65;57;65;48;2;24;49;106m▀[38;2;24;49;106;48;2;98;148;222m▀[38;2;98;148;222m▀[38;2;16;16;16m▀▀[38;2;98;148;222m▀▀▀[38;2;16;16;16m▀[48;2;57;98;164m▀▀[38;2;57;98;164m▀[38;2;16;16;16;48;2;41;32;41m▀[38;2;82;82;82;48;2;65;57;65m▀[48;2;82;82;82m▀▀[48;2;65;57;65m▀▀[38;2;65;57;65m▀▀[38;2;16;16;16;48;2;16;16;16m▀[0m [38;2;16;16;16;48;2;16;16;16m▀[38;2;65;57;65;48;2;65;57;65m▀[38;2;16;16;16;48;2;16;16;16m▀[38;2;82;82;82;48;2;82;82;82m▀[38;2;41;32;41;48;2;41;32;41m▀[38;2;82;82;82;48;2;82;82;82m▀▀▀▀▀▀[48;2;41;32;41m▀[38;2;41;32;41;48;2;82;82;82m▀[38;2;82;82;82m▀▀▀▀▀[38;2;41;32;41;48;2;41;32;41m▀[38;2;82;82;82;48;2;82;82;82m▀[38;2;16;16;16m▀[49m▄[0m
[0m [38;2;41;32;41m▀[38;2;16;16;16;48;2;16;16;16m▀[38;2;98;148;222;48;2;24;49;106m▀[48;2;98;148;222m▀[48;2;57;98;164m▀[48;2;24;49;106m▀[48;2;98;148;222m▀▀▀▀[48;2;24;49;106m▀[38;2;57;98;164;48;2;16;16;16m▀[38;2;41;32;41;48;2;65;57;65m▀[38;2;65;57;65m▀▀▀[48;2;16;16;16m▀▀[38;2;16;16;16;48;2;65;57;65m▀[38;2;65;57;65m▀▀[38;2;16;16;16;48;2;16;16;16m▀[0m [38;2;16;16;16m▀[38;2;65;57;65;48;2;16;16;16m▀[48;2;65;57;65m▀[38;2;16;16;16;48;2;24;49;106m▀[38;2;41;32;41;48;2;98;148;222m▀[38;2;16;16;16;48;2;16;16;16m▀[38;2;82;82;82;48;2;82;82;82m▀▀[48;2;65;57;65m▀[48;2;16;16;16m▀▀[38;2;16;16;16m▀[38;2;82;82;82;48;2;82;82;82m▀▀▀▀[48;2;65;57;65m▀[38;2;41;32;41;48;2;41;32;41m▀[38;2;82;82;82;48;2;82;82;82m▀▀▀[38;2;16;16;16;48;2;16;16;16m▀[0m
[0m  [38;2;41;32;41m▄[38;2;16;16;16;48;2;82;82;82m▀▀[38;2;98;148;222;48;2;16;16;16m▀[48;2;24;49;106m▀▀[38;2;24;49;106;48;2;143;57;41m▀[38;2;16;16;16m▀[48;2;24;49;106m▀[48;2;230;222;222m▀[38;2;143;57;41;48;2;16;16;16m▀[38;2;16;16;16;48;2;57;98;164m▀[48;2;41;32;41m▀[48;2;65;57;65m▀▀[38;2;65;57;65m▀▀▀▀▀[38;2;16;16;16;48;2;16;16;16m▀[0m  [38;2;16;16;16m▀[38;2;65;57;65;48;2;41;32;41m▀[38;2;98;148;222;48;2;98;148;222m▀▀▀[38;2;16;16;16m▀▀▀[38;2;57;98;164m▀[48;2;57;98;164m▀[38;2;16;16;16m▀[38;2;82;82;82;48;2;16;16;16m▀▀[38;2;65;57;65m▀[38;2;16;16;16;48;2;41;32;41m▀[48;2;65;57;65m▀[38;2;65;57;65m▀▀▀[38;2;16;16;16;48;2;16;16;16m▀[0m    [38;2;41;32;41m▄▄▄▄▄▄▄[0m
[0m  [38;2;41;32;41m▄[48;2;41;32;41m▀[38;2;82;82;82m▀[48;2;82;82;82m▀[38;2;16;16;16m▀[38;2;57;98;164;48;2;16;16;16m▀[38;2;98;148;222m▀▀[38;2;57;98;164m▀[38;2;16;16;16;48;2;65;57;65m▀▀[48;2;16;16;16m▀[38;2;65;57;65;48;2;41;32;41m▀▀[38;2;41;32;41;48;2;65;57;65m▀[38;2;65;57;65m▀▀▀▀[48;2;82;82;82m▀[38;2;16;16;16m▀[49m▄[0m  [38;2;41;32;41m▀[38;2;98;148;222;48;2;16;16;16m▀[38;2;57;98;164;48;2;98;148;222m▀[38;2;98;148;222m▀[48;2;57;98;164m▀[48;2;24;49;106m▀[48;2;98;148;222m▀▀▀[48;2;57;98;164m▀[38;2;57;98;164m▀[48;2;24;49;106m▀[48;2;16;16;16m▀[38;2;16;16;16;48;2;65;57;65m▀[38;2;65;57;65m▀[48;2;16;16;16m▀▀[38;2;16;16;16;48;2;41;32;41m▀[38;2;41;32;41;49m▄[48;2;65;57;65m▀▀▀[48;2;82;82;82m▀[38;2;82;82;82m▀▀▀▀▀▀▀[38;2;41;32;41m▀▀▀▀▀[38;2;16;16;16;49m▄[0m
[0m [38;2;41;32;41m▀[38;2;82;82;82;48;2;16;16;16m▀▀[48;2;82;82;82m▀▀▀[48;2;65;57;65m▀▀[38;2;65;57;65m▀▀▀▀▀[38;2;16;16;16m▀[38;2;65;57;65;48;2;16;16;16m▀[48;2;65;57;65m▀▀[48;2;82;82;82m▀▀[38;2;82;82;82m▀▀▀[38;2;16;16;16;48;2;16;16;16m▀[0m   [38;2;41;32;41;48;2;41;32;41m▀[38;2;16;16;16;48;2;65;57;65m▀[38;2;98;148;222;48;2;16;16;16m▀▀[48;2;24;49;106m▀▀[38;2;24;49;106;48;2;57;98;164m▀▀▀[48;2;16;16;16m▀[38;2;57;98;164m▀[38;2;16;16;16;48;2;65;57;65m▀▀[48;2;16;16;16m▀[48;2;41;32;41m▀[38;2;41;32;41;48;2;65;57;65m▀[38;2;65;57;65m▀▀▀▀[48;2;82;82;82m▀[38;2;82;82;82m▀▀▀▀▀▀▀▀▀▀▀[38;2;41;32;41m▀[38;2;16;16;16m▀[49m▄[0m
[0m    [38;2;16;16;16m▀▀▀▀[38;2;65;57;65;48;2;16;16;16m▀▀▀▀[48;2;41;32;41m▀[48;2;65;57;65m▀▀[38;2;16;16;16m▀[38;2;82;82;82;48;2;16;16;16m▀[48;2;82;82;82m▀▀▀▀▀▀▀[38;2;16;16;16;48;2;16;16;16m▀[0m [38;2;16;16;16m▄[0m [38;2;16;16;16;48;2;16;16;16m▀[38;2;65;57;65;48;2;65;57;65m▀▀[38;2;16;16;16m▀▀▀▀[38;2;41;32;41m▀[38;2;65;57;65m▀[48;2;16;16;16m▀[38;2;16;16;16;48;2;41;32;41m▀[38;2;41;32;41;48;2;65;57;65m▀[38;2;65;57;65m▀▀▀▀▀▀[48;2;82;82;82m▀[38;2;82;82;82m▀▀▀▀▀▀[48;2;65;57;65m▀[48;2;16;16;16m▀▀▀▀[38;2;16;16;16;49m▀▀▀[0m
[0m             [38;2;41;32;41m▀▀[38;2;65;57;65;48;2;41;32;41m▀[38;2;16;16;16;48;2;65;57;65m▀[38;2;82;82;82;48;2;16;16;16m▀[48;2;82;82;82m▀▀▀▀▀▀[38;2;16;16;16m▀[38;2;41;32;41;48;2;16;16;16m▀[38;2;65;57;65;48;2;65;57;65m▀[38;2;41;32;41m▀[38;2;16;16;16;48;2;41;32;41m▀[38;2;82;82;82;48;2;82;82;82m▀[38;2;65;57;65m▀▀[48;2;65;57;65m▀▀▀▀[48;2;16;16;16m▀[38;2;16;16;16;48;2;65;57;65m▀[38;2;65;57;65m▀▀▀▀[48;2;41;32;41m▀[48;2;16;16;16m▀[38;2;41;32;41;49m▀[38;2;16;16;16m▀▀▀▀▀▀▀▀▀[0m
[0m                [38;2;41;32;41;48;2;41;32;41m▀[38;2;16;16;16;48;2;65;57;65m▀[38;2;82;82;82;48;2;16;16;16m▀[48;2;82;82;82m▀▀▀▀▀▀[38;2;16;16;16;48;2;65;57;65m▀[38;2;65;57;65m▀[38;2;41;32;41;48;2;16;16;16m▀[38;2;82;82;82;48;2;82;82;82m▀▀▀▀▀▀▀[38;2;16;16;16;48;2;16;16;16m▀[38;2;65;57;65;48;2;65;57;65m▀▀▀[48;2;41;32;41m▀[38;2;41;32;41;49m▀[38;2;16;16;16m▀[0m
[0m                [38;2;16;16;16m▄[38;2;41;32;41;48;2;16;16;16m▀[38;2;16;16;16;48;2;82;82;82m▀[38;2;82;82;82;48;2;41;32;41m▀[48;2;82;82;82m▀▀▀▀[38;2;65;57;65;48;2;41;32;41m▀[48;2;65;57;65m▀[38;2;41;32;41;48;2;41;32;41m▀[38;2;82;82;82;48;2;82;82;82m▀▀▀▀▀▀▀[38;2;16;16;16;48;2;41;32;41m▀[38;2;65;57;65;48;2;82;82;82m▀[48;2;16;16;16m▀[38;2;41;32;41m▀[49m▀[0m
[0m            [38;2;41;32;41m▄[48;2;82;82;82m▀▀▀[38;2;82;82;82m▀▀▀▀▀▀▀[38;2;41;32;41m▀[38;2;65;57;65;48;2;65;57;65m▀▀[48;2;82;82;82m▀[38;2;82;82;82m▀▀▀▀▀▀[38;2;41;32;41m▀[38;2;82;82;82m▀▀▀▀[38;2;41;32;41m▀▀[38;2;16;16;16;49m▄[0m
[0m             [38;2;16;16;16m▀[38;2;82;82;82;48;2;41;32;41m▀▀[48;2;82;82;82m▀[48;2;41;32;41m▀[48;2;65;57;65m▀[48;2;82;82;82m▀▀▀▀▀▀▀▀▀▀▀[48;2;65;57;65m▀[38;2;65;57;65m▀[48;2;82;82;82m▀[38;2;82;82;82m▀▀▀▀▀▀[38;2;16;16;16m▀[38;2;24;49;106;48;2;16;16;16m▀[49m▄[0m
[0m               [38;2;24;49;106m▄[38;2;16;16;16;48;2;16;16;16m▀[38;2;82;82;82;48;2;82;82;82m▀▀▀▀▀▀▀▀▀▀▀▀▀▀▀▀▀▀▀▀▀[38;2;16;16;16m▀[48;2;41;32;41m▀[38;2;57;98;164;48;2;57;98;164m▀▀[38;2;24;49;106;48;2;24;49;106m▀[49m▄[0m
[0m              [38;2;24;49;106m▄[38;2;16;16;16;48;2;24;49;106m▀[38;2;82;82;82;48;2;16;16;16m▀[48;2;82;82;82m▀▀[48;2;16;16;16m▀▀[48;2;82;82;82m▀▀[48;2;16;16;16m▀[48;2;82;82;82m▀▀▀▀▀▀▀[48;2;65;57;65m▀▀[48;2;82;82;82m▀▀[48;2;16;16;16m▀▀▀[38;2;16;16;16;48;2;24;49;106m▀[38;2;24;49;106;48;2;98;148;222m▀[38;2;16;16;16m▀[38;2;24;49;106;48;2;16;16;16m▀[38;2;98;148;222;48;2;98;148;222m▀▀[38;2;24;49;106m▀▀[49m▄[0m
[0m           [38;2;24;49;106m▄[48;2;98;148;222m▀▀[38;2;98;148;222m▀▀[38;2;16;16;16m▀[48;2;16;16;16m▀[48;2;98;32;65m▀[38;2;156;57;106m▀[38;2;16;16;16m▀[38;2;82;82;82;48;2;16;16;16m▀[38;2;16;16;16;48;2;57;98;164m▀[38;2;57;98;164m▀[38;2;41;32;41;48;2;16;16;16m▀[38;2;82;82;82;48;2;82;82;82m▀▀▀▀[48;2;16;16;16m▀[48;2;82;82;82m▀▀[38;2;16;16;16;48;2;16;16;16m▀[48;2;98;32;65m▀▀[38;2;156;57;106m▀[48;2;24;49;106m▀[38;2;24;49;106;48;2;98;148;222m▀[38;2;98;148;222m▀▀▀▀[38;2;16;16;16m▀[38;2;57;98;164;48;2;16;16;16m▀[38;2;98;148;222;48;2;57;98;164m▀▀[38;2;57;98;164m▀[38;2;16;16;16;48;2;16;16;16m▀[0m
[0m          [38;2;24;49;106;48;2;16;16;16m▀[38;2;98;148;222;48;2;24;49;106m▀[48;2;98;148;222m▀▀[48;2;24;49;106m▀▀[38;2;57;98;164;48;2;57;98;164m▀▀[38;2;16;16;16m▀[38;2;156;57;106;48;2;16;16;16m▀[48;2;98;32;65m▀[38;2;98;32;65m▀[38;2;24;49;106;48;2;24;49;106m▀[38;2;57;98;164;48;2;57;98;164m▀▀[38;2;16;16;16m▀[38;2;82;82;82;48;2;16;16;16m▀[38;2;16;16;16;48;2;57;98;164m▀▀[38;2;57;98;164m▀[38;2;16;16;16m▀[38;2;82;82;82;48;2;16;16;16m▀[38;2;16;16;16;48;2;98;32;65m▀[38;2;156;57;106m▀▀[48;2;24;49;106m▀[38;2;24;49;106;48;2;57;98;164m▀[38;2;57;98;164m▀[38;2;98;148;222m▀[48;2;24;49;106m▀[48;2;98;148;222m▀▀▀▀[38;2;16;16;16;48;2;16;16;16m▀[38;2;57;98;164;48;2;24;49;106m▀[48;2;57;98;164m▀[38;2;24;49;106m▀[38;2;16;16;16;49m▄[0m
[0m         [38;2;24;49;106m▄[38;2;16;16;16;48;2;57;98;164m▀[38;2;57;98;164m▀[38;2;24;49;106;48;2;24;49;106m▀[48;2;57;98;164m▀[38;2;57;98;164m▀▀▀▀[48;2;24;49;106m▀[48;2;16;16;16m▀[38;2;16;16;16;48;2;24;49;106m▀▀[38;2;156;57;106;48;2;16;16;16m▀[38;2;24;49;106m▀[38;2;57;98;164m▀[48;2;57;98;164m▀▀▀▀▀▀▀[38;2;98;32;65m▀[38;2;156;57;106;48;2;24;49;106m▀▀[38;2;24;49;106m▀[38;2;57;98;164;48;2;16;16;16m▀[48;2;57;98;164m▀▀▀[38;2;24;49;106m▀▀[38;2;98;148;222;48;2;24;49;106m▀[38;2;57;98;164m▀[38;2;24;49;106;48;2;57;98;164m▀[38;2;16;16;16;48;2;16;16;16m▀[38;2;57;98;164;48;2;57;98;164m▀▀[38;2;16;16;16;48;2;24;49;106m▀[38;2;24;49;106;48;2;57;98;164m▀▀[38;2;16;16;16;49m▄[0m
[0m         [38;2;16;16;16;48;2;24;49;106m▀[38;2;57;98;164m▀[48;2;57;98;164m▀▀▀▀▀▀[48;2;24;49;106m▀[38;2;16;16;16;49m▀[38;2;24;49;106;48;2;16;16;16m▀▀▀▀[38;2;16;16;16;49m▀[0m [38;2;16;16;16m▀▀▀▀▀▀▀▀[0m    [38;2;24;49;106;48;2;24;49;106m▀[38;2;57;98;164;48;2;16;16;16m▀[48;2;57;98;164m▀▀▀▀[38;2;24;49;106m▀[38;2;57;98;164m▀[38;2;16;16;16m▀[38;2;57;98;164;48;2;16;16;16m▀[48;2;24;49;106m▀[48;2;16;16;16m▀[38;2;24;49;106;49m▀[38;2;16;16;16m▀[0m
[0m       [38;2;24;49;106m▄[48;2;230;222;222m▀[38;2;230;222;222m▀[48;2;172;172;172m▀[38;2;24;49;106;48;2;16;16;16m▀[38;2;57;98;164m▀▀[48;2;24;49;106m▀[38;2;24;49;106;48;2;172;172;172m▀[38;2;16;16;16;48;2;230;222;222m▀[38;2;24;49;106;48;2;16;16;16m▀[0m                    [38;2;16;16;16m▀[38;2;57;98;164;48;2;24;49;106m▀[48;2;57;98;164m▀[48;2;24;49;106m▀▀[48;2;57;98;164m▀▀[48;2;24;49;106m▀[38;2;16;16;16;48;2;230;222;222m▀[38;2;24;49;106;49m▄[0m
[0m       [38;2;16;16;16m▀▀▀▀[0m    [38;2;16;16;16m▀▀▀[0m                     [38;2;16;16;16m▀[38;2;24;49;106;48;2;172;172;172m▀[38;2;230;222;222;48;2;230;222;222m▀[38;2;24;49;106;48;2;172;172;172m▀[38;2;57;98;164;48;2;16;16;16m▀▀[38;2;24;49;106;49m▀[38;2;16;16;16m▀▀[0m
[0m                                        [38;2;16;16;16m▀[38;2;172;172;172;48;2;16;16;16m▀[38;2;16;16;16;49m▀[0m
