[0m               [38;2;41;32;41m▄▄▄▄[0m                                             [38;2;65;57;65m▄▄▄▄[48;2;82;82;82m▀▀▀▀[48;2;41;32;41m▀[0m
[0m               [38;2;16;16;16m▀[38;2;65;57;65;48;2;16;16;16m▀[48;2;65;57;65m▀▀[38;2;41;32;41m▀▀▀[49m▄▄[0m                                    [38;2;65;57;65m▄▄[48;2;82;82;82m▀▀[38;2;82;82;82m▀▀▀▀[48;2;16;16;16m▀▀[38;2;41;32;41;49m▀▀[0m
[0m             [38;2;139;41;98m▄▄[0m  [38;2;16;16;16m▀[48;2;41;32;41m▀[38;2;65;57;65m▀[48;2;65;57;65m▀▀▀▀[38;2;41;32;41m▀▀▀[49m▄▄[0m                           [38;2;65;57;65m▄▄[48;2;82;82;82m▀▀[38;2;82;82;82m▀▀▀▀▀[48;2;41;32;41m▀[38;2;16;16;16m▀▀[38;2;41;32;41;49m▄▄[0m
[0m             [38;2;41;32;41;48;2;16;16;16m▀[38;2;189;82;123;48;2;189;82;123m▀[38;2;139;41;98;48;2;139;41;98m▀[0m [38;2;41;32;41m▀[38;2;65;57;65;48;2;41;32;41m▀▀[48;2;65;57;65m▀▀▀▀▀▀▀▀▀[38;2;41;32;41m▀[49m▄[0m                      [38;2;41;32;41m▄▄[48;2;82;82;82m▀[38;2;82;82;82m▀▀▀▀▀▀▀▀▀▀▀▀[48;2;16;16;16m▀▀[38;2;16;16;16;49m▀[0m
[0m             [38;2;16;16;16;48;2;16;16;16m▀[38;2;189;82;123;48;2;189;82;123m▀▀[38;2;139;41;98;48;2;139;41;98m▀[0m   [38;2;41;32;41m▀▀[48;2;41;32;41m▀[38;2;65;57;65;48;2;139;41;98m▀[38;2;139;41;98;48;2;189;82;123m▀[38;2;65;57;65;48;2;16;16;16m▀[48;2;65;57;65m▀▀▀▀▀[38;2;41;32;41;48;2;41;32;41m▀[0m                  [38;2;41;32;41m▄[48;2;82;82;82m▀▀[38;2;82;82;82m▀▀▀▀▀▀▀▀▀▀[48;2;16;16;16m▀▀[38;2;16;16;16;49m▀▀▀[0m
[0m           [38;2;41;32;41m▄▄▄[38;2;16;16;16;48;2;16;16;16m▀[38;2;189;82;123;48;2;189;82;123m▀▀[38;2;98;32;65m▀[49m▄[38;2;41;32;41m▄▄[0m  [38;2;139;41;98;48;2;139;41;98m▀[38;2;189;82;123;48;2;189;82;123m▀[38;2;139;41;98m▀[38;2;16;16;16;48;2;16;16;16m▀[38;2;65;57;65;48;2;65;57;65m▀▀▀▀▀[38;2;41;32;41;48;2;41;32;41m▀[0m               [38;2;41;32;41m▄[48;2;82;82;82m▀[38;2;82;82;82m▀▀▀▀▀▀▀[48;2;41;32;41m▀▀▀[38;2;16;16;16;49m▀▀[38;2;41;32;41m▀[0m        [38;2;65;57;65m▄▄▄▄▄▄▄▄[0m
[0m          [38;2;41;32;41m▀[38;2;65;57;65;48;2;41;32;41m▀▀[48;2;65;57;65m▀[38;2;16;16;16;48;2;16;16;16m▀[38;2;189;82;123;48;2;189;82;123m▀▀▀[38;2;98;32;65m▀[38;2;65;57;65;48;2;98;32;65m▀[48;2;65;57;65m▀[38;2;41;32;41m▀▀[38;2;139;41;98;48;2;139;41;98m▀[38;2;189;82;123;48;2;189;82;123m▀▀[38;2;139;41;98m▀[38;2;16;16;16;48;2;16;16;16m▀[38;2;65;57;65;48;2;65;57;65m▀▀▀▀▀[38;2;41;32;41;48;2;41;32;41m▀[0m             [38;2;41;32;41;48;2;41;32;41m▀[38;2;82;82;82;48;2;82;82;82m▀▀▀▀▀▀[48;2;16;16;16m▀[38;2;41;32;41;49m▀▀[0m     [38;2;65;57;65m▄▄▄▄[48;2;82;82;82m▀▀▀▀▀[38;2;82;82;82m▀▀▀▀▀▀[48;2;41;32;41m▀[48;2;16;16;16m▀[38;2;16;16;16;49m▀[0m
[0m   [38;2;139;41;98;48;2;41;32;41m▀[48;2;189;82;123m▀▀▀[49m▄▄▄[0m   [38;2;41;32;41m▀[38;2;16;16;16m▀[38;2;189;82;123;48;2;41;32;41m▀[48;2;189;82;123m▀▀▀[38;2;98;32;65;48;2;98;32;65m▀[38;2;65;57;65;48;2;65;57;65m▀▀▀[38;2;139;41;98;48;2;139;41;98m▀[38;2;189;82;123;48;2;189;82;123m▀▀▀[38;2;16;16;16;48;2;16;16;16m▀[38;2;41;32;41;48;2;41;32;41m▀[38;2;65;57;65;48;2;65;57;65m▀▀▀▀[38;2;41;32;41;48;2;41;32;41m▀[0m            [38;2;41;32;41;48;2;41;32;41m▀[38;2;65;57;65;48;2;65;57;65m▀[38;2;82;82;82m▀[48;2;82;82;82m▀▀▀[48;2;16;16;16m▀[38;2;16;16;16;49m▀[0m    [38;2;65;57;65m▄▄[48;2;82;82;82m▀▀[38;2;82;82;82m▀▀▀▀▀▀▀▀▀▀[48;2;41;32;41m▀[48;2;16;16;16m▀▀[38;2;41;32;41;49m▀[38;2;16;16;16m▀[0m
[0m    [38;2;41;32;41m▀▀[38;2;189;82;123;48;2;41;32;41m▀[48;2;189;82;123m▀▀▀[38;2;139;41;98m▀▀▀[38;2;98;32;65;49m▄[0m [38;2;41;32;41;48;2;41;32;41m▀[38;2;189;82;123;48;2;189;82;123m▀▀▀▀[38;2;98;32;65;48;2;98;32;65m▀[38;2;65;57;65;48;2;41;32;41m▀[38;2;98;32;65;48;2;98;32;65m▀[38;2;189;82;123;48;2;189;82;123m▀▀▀▀[38;2;139;41;98m▀[38;2;16;16;16;48;2;16;16;16m▀[38;2;41;32;41;48;2;41;32;41m▀[38;2;65;57;65;48;2;65;57;65m▀▀▀▀[38;2;41;32;41;48;2;41;32;41m▀[0m          [38;2;41;32;41;48;2;41;32;41m▀[38;2;65;57;65;48;2;65;57;65m▀▀▀▀[38;2;82;82;82m▀[38;2;16;16;16;48;2;16;16;16m▀[0m  [38;2;41;32;41m▄▄[48;2;82;82;82m▀▀[38;2;82;82;82m▀▀▀▀▀▀▀▀▀▀[38;2;65;57;65m▀[38;2;41;32;41m▀[38;2;16;16;16m▀▀[48;2;41;32;41m▀[38;2;41;32;41;49m▄[0m
[0m       [38;2;41;32;41m▀[38;2;139;41;98m▀[38;2;189;82;123;48;2;139;41;98m▀[48;2;189;82;123m▀▀▀▀[38;2;98;32;65m▀[38;2;41;32;41;48;2;98;32;65m▀[38;2;189;82;123;48;2;189;82;123m▀▀▀▀[38;2;98;32;65;48;2;98;32;65m▀[38;2;41;32;41;49m▄[38;2;98;32;65;48;2;189;82;123m▀[38;2;189;82;123m▀▀▀▀▀[38;2;16;16;16;48;2;16;16;16m▀[38;2;65;57;65;48;2;65;57;65m▀[38;2;41;32;41;48;2;41;32;41m▀[38;2;65;57;65;48;2;65;57;65m▀▀▀[38;2;41;32;41m▀[49m▄[48;2;65;57;65m▀[48;2;41;32;41m▀[0m  [38;2;41;32;41m▄[48;2;82;82;82m▀[38;2;16;16;16;49m▄[0m [38;2;41;32;41;48;2;41;32;41m▀[38;2;65;57;65;48;2;65;57;65m▀▀▀▀[48;2;16;16;16m▀[38;2;16;16;16;49m▀[38;2;41;32;41m▄▄[48;2;65;57;65m▀[38;2;65;57;65m▀▀[38;2;82;82;82m▀[48;2;82;82;82m▀▀▀▀▀▀▀▀[48;2;16;16;16m▀▀▀▀▀▀▀▀▀[38;2;16;16;16;49m▀[0m
[0m   [38;2;98;32;65;48;2;41;32;41m▀[48;2;139;41;98m▀[49m▄▄[0m   [38;2;41;32;41;48;2;41;32;41m▀[38;2;189;82;123;48;2;98;32;65m▀[48;2;189;82;123m▀▀[38;2;98;32;65;48;2;98;32;65m▀[38;2;189;82;123;48;2;189;82;123m▀▀▀▀▀▀[38;2;41;32;41;48;2;98;32;65m▀[38;2;189;82;123;48;2;189;82;123m▀▀▀▀▀[38;2;41;32;41;48;2;41;32;41m▀[38;2;65;57;65m▀[38;2;16;16;16;48;2;82;82;82m▀▀[48;2;98;32;65m▀[38;2;65;57;65m▀[38;2;98;32;65;48;2;189;82;123m▀▀[48;2;16;16;16m▀[38;2;65;57;65;48;2;65;57;65m▀[38;2;41;32;41;48;2;41;32;41m▀[0m  [38;2;41;32;41;48;2;41;32;41m▀[38;2;82;82;82;48;2;82;82;82m▀[38;2;16;16;16;48;2;16;16;16m▀[38;2;41;32;41;48;2;41;32;41m▀[38;2;65;57;65;48;2;65;57;65m▀▀▀▀[48;2;16;16;16m▀[38;2;16;16;16;48;2;41;32;41m▀[38;2;41;32;41;48;2;65;57;65m▀[38;2;65;57;65m▀▀▀▀▀▀[38;2;82;82;82m▀[48;2;41;32;41m▀[48;2;16;16;16m▀[38;2;41;32;41;49m▀[38;2;16;16;16m▀▀▀▀[0m
[0m    [38;2;41;32;41;48;2;41;32;41m▀[38;2;139;41;98;48;2;139;41;98m▀▀[38;2;98;32;65m▀▀[49m▄▄[48;2;24;49;106m▀[38;2;189;82;123m▀[48;2;189;82;123m▀[48;2;98;32;65m▀[48;2;41;32;41m▀▀[38;2;41;32;41;48;2;90;131;205m▀▀▀[38;2;189;82;123;48;2;41;32;41m▀[48;2;139;41;98m▀▀[48;2;189;82;123m▀▀[48;2;41;32;41m▀[38;2;41;32;41;48;2;98;32;65m▀[38;2;82;82;82m▀[38;2;98;32;65;48;2;189;82;123m▀▀▀[38;2;189;82;123m▀▀[48;2;16;16;16m▀[38;2;16;16;16m▀[38;2;65;57;65;48;2;65;57;65m▀[38;2;41;32;41;48;2;41;32;41m▀[0m  [38;2;41;32;41;48;2;41;32;41m▀[38;2;82;82;82;48;2;82;82;82m▀[48;2;65;57;65m▀[38;2;16;16;16;48;2;41;32;41m▀[38;2;65;57;65;48;2;65;57;65m▀▀[48;2;98;32;65m▀▀▀[38;2;16;16;16;48;2;65;57;65m▀[38;2;65;57;65m▀▀▀▀▀[48;2;41;32;41m▀[48;2;16;16;16m▀[38;2;41;32;41;49m▀[38;2;16;16;16m▀[0m
[0m     [38;2;41;32;41m▀[38;2;139;41;98;48;2;41;32;41m▀[48;2;139;41;98m▀▀[48;2;24;49;106m▀[38;2;24;49;106;48;2;90;131;205m▀[38;2;90;131;205;48;2;57;90;156m▀[38;2;57;90;156;48;2;90;131;205m▀[38;2;98;32;65m▀[38;2;41;32;41;48;2;57;90;156m▀[38;2;57;90;156;48;2;90;131;205m▀[38;2;90;131;205m▀▀▀▀▀[38;2;41;32;41m▀[38;2;139;41;98;48;2;41;32;41m▀[48;2;139;41;98m▀[38;2;41;32;41m▀[38;2;139;41;98m▀▀[38;2;189;82;123m▀[48;2;189;82;123m▀▀▀▀[38;2;98;32;65;48;2;16;16;16m▀[38;2;16;16;16;48;2;82;82;82m▀[38;2;82;82;82m▀[38;2;16;16;16m▀[38;2;65;57;65;48;2;16;16;16m▀[38;2;16;16;16;49m▄[0m [38;2;41;32;41;48;2;41;32;41m▀[38;2;65;57;65;48;2;65;57;65m▀▀▀▀▀[38;2;16;16;16;48;2;16;16;16m▀[38;2;189;82;123;48;2;189;82;123m▀▀[38;2;98;32;65m▀▀▀[38;2;41;32;41;48;2;98;32;65m▀[38;2;16;16;16m▀[49m▀[0m [38;2;41;32;41m▄▄▄▄[48;2;65;57;65m▀▀▀▀▀▀▀[49m▄▄▄▄▄▄▄▄[0m
[0m       [38;2;41;32;41m▀[38;2;139;41;98;48;2;24;49;106m▀[38;2;24;49;106;48;2;90;131;205m▀[38;2;57;90;156;48;2;57;90;156m▀[38;2;90;131;205;48;2;90;131;205m▀▀[48;2;57;90;156m▀[38;2;57;90;156;48;2;90;131;205m▀[38;2;90;131;205m▀[48;2;41;32;41m▀[38;2;57;90;156;48;2;65;57;65m▀[38;2;24;49;106m▀[48;2;41;32;41m▀[38;2;90;131;205;48;2;90;131;205m▀▀[38;2;41;32;41;48;2;41;32;41m▀[38;2;139;41;98;48;2;139;41;98m▀▀▀▀▀▀[38;2;189;82;123;48;2;98;32;65m▀[48;2;16;16;16m▀[38;2;16;16;16;48;2;82;82;82m▀[38;2;82;82;82m▀▀▀▀▀▀[38;2;16;16;16;48;2;16;16;16m▀[38;2;65;57;65m▀[48;2;65;57;65m▀[48;2;16;16;16m▀[48;2;98;32;65m▀▀▀[48;2;65;57;65m▀[38;2;16;16;16;48;2;16;16;16m▀[38;2;189;82;123;48;2;189;82;123m▀[48;2;139;41;98m▀▀[38;2;139;41;98m▀▀▀[38;2;16;16;16m▀[38;2;41;32;41;48;2;16;16;16m▀[38;2;65;57;65m▀[48;2;65;57;65m▀▀▀▀▀▀▀▀▀▀▀▀[38;2;82;82;82;48;2;82;82;82m▀▀▀▀▀▀[38;2;41;32;41m▀▀▀▀[49m▄[0m
[0m        [38;2;24;49;106;48;2;24;49;106m▀[38;2;57;90;156;48;2;57;90;156m▀[38;2;90;131;205;48;2;90;131;205m▀▀▀[38;2;57;90;156;48;2;57;90;156m▀[38;2;90;131;205;48;2;90;131;205m▀[38;2;57;90;156;48;2;65;57;65m▀[38;2;156;65;49;48;2;156;65;49m▀[48;2;65;57;65m▀[38;2;65;57;65;48;2;41;32;41m▀[38;2;57;90;156;48;2;90;131;205m▀[38;2;90;131;205m▀[48;2;57;90;156m▀[38;2;57;90;156m▀[38;2;41;32;41;48;2;41;32;41m▀[38;2;139;41;98;48;2;139;41;98m▀[48;2;16;16;16m▀▀[38;2;98;32;65m▀[38;2;16;16;16;48;2;41;32;41m▀[49m▀[38;2;82;82;82;48;2;41;32;41m▀▀[48;2;82;82;82m▀▀▀▀▀▀▀[38;2;41;32;41m▀▀[38;2;16;16;16m▀[38;2;189;82;123;48;2;16;16;16m▀[48;2;189;82;123m▀[48;2;139;41;98m▀[38;2;98;32;65m▀[48;2;24;49;106m▀[38;2;16;16;16m▀[38;2;24;49;106;48;2;90;131;205m▀▀▀▀[48;2;57;90;156m▀[38;2;139;41;98;48;2;24;49;106m▀[38;2;16;16;16m▀[38;2;82;82;82;48;2;16;16;16m▀[38;2;16;16;16;48;2;82;82;82m▀▀[38;2;65;57;65;48;2;16;16;16m▀[48;2;41;32;41m▀▀▀▀[48;2;65;57;65m▀▀▀▀▀[38;2;82;82;82m▀[48;2;82;82;82m▀▀[48;2;65;57;65m▀[48;2;41;32;41m▀[48;2;16;16;16m▀▀▀[38;2;16;16;16;49m▀▀[0m
[0m        [38;2;57;90;156m▄[48;2;90;131;205m▀[38;2;90;131;205m▀▀▀[38;2;57;90;156m▀[38;2;90;131;205;48;2;57;90;156m▀[38;2;41;32;41;48;2;90;131;205m▀▀[38;2;65;57;65m▀[38;2;90;131;205m▀[48;2;24;49;106m▀[38;2;57;90;156m▀[48;2;57;90;156m▀▀[38;2;41;32;41;48;2;41;32;41m▀[38;2;98;32;65;48;2;139;41;98m▀▀[49m▄[38;2;41;32;41;48;2;41;32;41m▀[38;2;65;57;65;48;2;65;57;65m▀[38;2;41;32;41m▀[38;2;65;57;65m▀▀[38;2;41;32;41m▀[38;2;82;82;82;48;2;82;82;82m▀▀▀▀▀▀▀▀▀[48;2;98;32;65m▀[38;2;98;32;65m▀[38;2;139;41;98;48;2;24;49;106m▀[38;2;24;49;106;48;2;90;131;205m▀[38;2;90;131;205m▀▀▀▀▀▀[48;2;41;32;41m▀[38;2;57;90;156m▀▀[38;2;16;16;16;48;2;57;90;156m▀[38;2;82;82;82;48;2;41;32;41m▀[48;2;82;82;82m▀▀[38;2;16;16;16m▀[49m▄[0m  [38;2;41;32;41m▀▀▀▀[38;2;65;57;65;48;2;16;16;16m▀▀▀[38;2;82;82;82m▀▀▀[38;2;65;57;65m▀[0m
[0m       [38;2;57;90;156m▄[48;2;90;131;205m▀[38;2;90;131;205m▀▀▀▀▀[48;2;41;32;41m▀[48;2;16;16;16m▀[38;2;41;32;41;48;2;115;41;24m▀[38;2;16;16;16m▀▀[38;2;115;41;24m▀[38;2;24;49;106;48;2;24;49;106m▀[38;2;57;90;156;48;2;57;90;156m▀[38;2;41;32;41;48;2;41;32;41m▀[38;2;139;41;98;48;2;139;41;98m▀▀▀▀[38;2;98;32;65m▀[48;2;189;82;123m▀[38;2;65;57;65;48;2;98;32;65m▀[48;2;65;57;65m▀[38;2;41;32;41m▀[38;2;82;82;82;48;2;41;32;41m▀[48;2;82;82;82m▀▀▀▀▀▀[48;2;16;16;16m▀[38;2;98;32;65;48;2;139;41;98m▀▀[38;2;139;41;98m▀[48;2;24;49;106m▀[38;2;24;49;106;48;2;90;131;205m▀[38;2;90;131;205m▀▀▀▀▀▀[38;2;41;32;41;48;2;41;32;41m▀[38;2;65;57;65;48;2;65;57;65m▀[48;2;41;32;41m▀[38;2;41;32;41;48;2;57;90;156m▀[38;2;57;90;156;48;2;41;32;41m▀▀[38;2;41;32;41;48;2;65;57;65m▀[38;2;82;82;82m▀[48;2;82;82;82m▀[38;2;41;32;41m▀[49m▄[0m
[0m       [38;2;57;90;156m▀[38;2;90;131;205;48;2;24;49;106m▀[48;2;90;131;205m▀[38;2;57;90;156m▀[38;2;90;131;205m▀[48;2;16;16;16m▀[38;2;16;16;16;48;2;41;32;41m▀[38;2;41;32;41;48;2;115;41;24m▀[38;2;115;41;24;48;2;156;65;49m▀▀▀[48;2;115;41;24m▀[48;2;24;49;106m▀[38;2;24;49;106;48;2;57;90;156m▀[38;2;57;90;156m▀[38;2;41;32;41;48;2;41;32;41m▀[38;2;16;16;16;49m▀▀[38;2;139;41;98;48;2;16;16;16m▀▀[38;2;189;82;123m▀▀▀[38;2;16;16;16;48;2;82;82;82m▀[38;2;82;82;82m▀▀▀▀▀▀▀▀▀[38;2;16;16;16m▀[38;2;139;41;98;48;2;16;16;16m▀[48;2;98;32;65m▀[38;2;24;49;106;48;2;139;41;98m▀[38;2;90;131;205;48;2;16;16;16m▀[48;2;90;131;205m▀▀▀▀▀▀[48;2;57;90;156m▀[38;2;57;90;156m▀[48;2;16;16;16m▀▀[38;2;16;16;16;48;2;57;90;156m▀[38;2;82;82;82;48;2;16;16;16m▀[48;2;82;82;82m▀▀[38;2;65;57;65m▀[38;2;82;82;82m▀[48;2;65;57;65m▀[38;2;16;16;16;48;2;16;16;16m▀[0m
[0m         [38;2;16;16;16m▀▀▀[0m [38;2;41;32;41;48;2;16;16;16m▀[38;2;16;16;16;48;2;230;222;222m▀[38;2;156;65;49;48;2;156;65;49m▀▀[48;2;16;16;16m▀[48;2;230;222;222m▀[38;2;16;16;16;48;2;57;90;156m▀[38;2;57;90;156m▀[38;2;16;16;16;48;2;16;16;16m▀[0m  [38;2;41;32;41m▄[48;2;65;57;65m▀[38;2;65;57;65m▀▀▀[48;2;82;82;82m▀[38;2;82;82;82m▀▀▀▀▀▀▀▀▀▀▀▀[38;2;16;16;16m▀▀[38;2;139;41;98;48;2;98;32;65m▀[38;2;16;16;16m▀[38;2;57;90;156;48;2;16;16;16m▀[38;2;90;131;205m▀▀▀[38;2;16;16;16;48;2;115;41;24m▀▀▀[38;2;115;41;24m▀▀[38;2;16;16;16;48;2;16;16;16m▀[38;2;57;90;156;48;2;41;32;41m▀[38;2;41;32;41;48;2;65;57;65m▀[38;2;65;57;65;48;2;82;82;82m▀[38;2;82;82;82m▀[48;2;65;57;65m▀[38;2;65;57;65m▀▀[38;2;41;32;41;48;2;16;16;16m▀[0m
[0m              [38;2;16;16;16m▀▀[38;2;57;90;156;48;2;16;16;16m▀▀▀▀[38;2;16;16;16;49m▀[0m  [38;2;41;32;41m▄[48;2;65;57;65m▀[38;2;65;57;65m▀▀▀[38;2;41;32;41;48;2;16;16;16m▀[38;2;82;82;82;48;2;82;82;82m▀▀[38;2;41;32;41;48;2;16;16;16m▀[38;2;82;82;82;48;2;82;82;82m▀▀▀▀▀▀[38;2;41;32;41;48;2;41;32;41m▀[38;2;82;82;82;48;2;82;82;82m▀▀▀[48;2;41;32;41m▀[38;2;41;32;41;48;2;189;82;123m▀[38;2;82;82;82;48;2;16;16;16m▀[48;2;65;57;65m▀[48;2;82;82;82m▀[38;2;41;32;41m▀[38;2;115;41;24;48;2;41;32;41m▀[48;2;156;65;49m▀▀▀▀[48;2;115;41;24m▀[38;2;41;32;41;48;2;41;32;41m▀[38;2;57;90;156;48;2;57;90;156m▀[38;2;41;32;41;48;2;16;16;16m▀[38;2;82;82;82m▀[38;2;65;57;65m▀[38;2;41;32;41;48;2;65;57;65m▀[38;2;65;57;65m▀▀[48;2;16;16;16m▀[38;2;16;16;16;49m▀[0m
[0m  [38;2;98;32;65m▄▄▄[38;2;41;32;41m▄▄▄▄▄▄[0m           [38;2;41;32;41m▄[48;2;65;57;65m▀[38;2;65;57;65m▀▀▀▀[38;2;16;16;16m▀[38;2;82;82;82;48;2;16;16;16m▀[48;2;82;82;82m▀[38;2;16;16;16;48;2;41;32;41m▀[38;2;82;82;82;48;2;16;16;16m▀[48;2;82;82;82m▀▀▀▀[38;2;16;16;16;48;2;16;16;16m▀[38;2;41;32;41;48;2;90;131;205m▀▀[38;2;82;82;82;48;2;41;32;41m▀[48;2;82;82;82m▀[38;2;41;32;41;48;2;16;16;16m▀[38;2;189;82;123;48;2;189;82;123m▀▀[38;2;41;32;41m▀[48;2;98;32;65m▀[38;2;82;82;82;48;2;41;32;41m▀[38;2;41;32;41m▀[38;2;115;41;24;48;2;90;131;205m▀[38;2;156;65;49;48;2;41;32;41m▀▀[38;2;41;32;41;48;2;57;90;156m▀[48;2;90;131;205m▀[38;2;90;131;205;48;2;57;90;156m▀[38;2;41;32;41;48;2;41;32;41m▀[48;2;65;57;65m▀[38;2;65;57;65m▀▀▀[48;2;16;16;16m▀▀[38;2;16;16;16;49m▀[0m
[0m [38;2;16;16;16m▀[38;2;139;41;98;48;2;16;16;16m▀▀[48;2;139;41;98m▀▀[38;2;98;32;65m▀▀[38;2;82;82;82;48;2;16;16;16m▀▀[48;2;82;82;82m▀[38;2;16;16;16m▀▀▀▀[38;2;41;32;41;49m▄▄[38;2;65;57;65m▄▄[48;2;82;82;82m▀[38;2;41;32;41m▀▀[38;2;65;57;65m▀[48;2;65;57;65m▀▀▀▀▀[48;2;41;32;41m▀[38;2;41;32;41;49m▀[38;2;16;16;16;48;2;16;16;16m▀[38;2;41;32;41;48;2;189;82;123m▀[38;2;16;16;16;48;2;98;32;65m▀[38;2;82;82;82;48;2;16;16;16m▀[48;2;82;82;82m▀▀[48;2;41;32;41m▀[38;2;16;16;16;48;2;90;131;205m▀[38;2;90;131;205m▀▀▀[38;2;16;16;16;48;2;41;32;41m▀[38;2;189;82;123;48;2;139;41;98m▀▀▀[38;2;139;41;98;48;2;189;82;123m▀[38;2;98;32;65;48;2;98;32;65m▀[38;2;57;90;156;48;2;57;90;156m▀▀[38;2;41;32;41m▀[38;2;90;131;205;48;2;16;16;16m▀▀▀[38;2;16;16;16;48;2;24;49;106m▀[49m▀[38;2;65;57;65;48;2;41;32;41m▀▀▀▀[38;2;41;32;41;49m▀[0m
[38;2;98;32;65;49m▄[48;2;139;41;98m▀▀▀▀[48;2;41;32;41m▀[38;2;41;32;41;48;2;90;131;205m▀[48;2;57;90;156m▀[38;2;57;90;156m▀▀[38;2;16;16;16m▀[38;2;82;82;82;48;2;16;16;16m▀▀▀[48;2;82;82;82m▀▀▀▀▀▀▀▀▀▀[38;2;65;57;65;48;2;65;57;65m▀▀▀[48;2;41;32;41m▀[38;2;41;32;41;49m▀[0m [38;2;16;16;16m▀[38;2;189;82;123;48;2;16;16;16m▀[38;2;98;32;65;48;2;98;32;65m▀[38;2;90;131;205;48;2;90;131;205m▀[38;2;16;16;16m▀[38;2;82;82;82;48;2;41;32;41m▀[38;2;16;16;16;48;2;16;16;16m▀[38;2;90;131;205;48;2;90;131;205m▀▀▀▀▀[38;2;41;32;41;48;2;41;32;41m▀[38;2;189;82;123;48;2;189;82;123m▀▀[48;2;139;41;98m▀[48;2;98;32;65m▀[38;2;41;32;41;48;2;41;32;41m▀[38;2;57;90;156;48;2;57;90;156m▀▀▀▀▀[38;2;24;49;106m▀[38;2;16;16;16;49m▄[0m
[38;2;41;32;41;49m▀▀[38;2;139;41;98;48;2;41;32;41m▀▀[38;2;41;32;41;48;2;90;131;205m▀[38;2;90;131;205m▀▀[48;2;41;32;41m▀[38;2;41;32;41;48;2;65;57;65m▀[48;2;41;32;41m▀[38;2;57;90;156;48;2;57;90;156m▀[48;2;41;32;41m▀▀[38;2;41;32;41;48;2;82;82;82m▀▀▀[38;2;82;82;82m▀▀▀▀▀▀▀▀[48;2;16;16;16m▀[38;2;65;57;65m▀▀[38;2;41;32;41;49m▀[0m   [38;2;16;16;16;48;2;16;16;16m▀[38;2;98;32;65;48;2;189;82;123m▀[38;2;90;131;205;48;2;98;32;65m▀[48;2;90;131;205m▀▀▀▀▀▀▀▀▀[38;2;41;32;41;48;2;41;32;41m▀[38;2;98;32;65;48;2;139;41;98m▀▀[38;2;139;41;98m▀[48;2;98;32;65m▀[38;2;41;32;41m▀[38;2;57;90;156;48;2;41;32;41m▀[48;2;57;90;156m▀▀▀▀[48;2;90;131;205m▀[38;2;16;16;16m▀[38;2;24;49;106;49m▄[0m
[38;2;98;32;65;49m▄[48;2;139;41;98m▀[38;2;139;41;98;48;2;41;32;41m▀[38;2;41;32;41;48;2;90;131;205m▀[38;2;90;131;205m▀▀▀[38;2;41;32;41m▀[38;2;65;57;65m▀[38;2;90;131;205m▀[38;2;16;16;16;48;2;57;90;156m▀[38;2;82;82;82;48;2;16;16;16m▀▀▀[48;2;41;32;41m▀▀[48;2;82;82;82m▀▀▀[48;2;41;32;41m▀[48;2;16;16;16m▀▀[38;2;16;16;16;49m▀▀[0m        [38;2;16;16;16;48;2;24;49;106m▀[38;2;98;32;65;48;2;16;16;16m▀[38;2;90;131;205;48;2;98;32;65m▀[48;2;57;90;156m▀[48;2;90;131;205m▀▀▀▀[48;2;57;90;156m▀▀[38;2;57;90;156m▀▀[38;2;41;32;41;48;2;41;32;41m▀[38;2;98;32;65;48;2;139;41;98m▀▀[38;2;139;41;98m▀[48;2;98;32;65m▀[38;2;16;16;16m▀[38;2;57;90;156;48;2;24;49;106m▀[38;2;16;16;16;48;2;16;16;16m▀[38;2;57;90;156;48;2;57;90;156m▀[48;2;90;131;205m▀[38;2;90;131;205m▀▀▀[38;2;24;49;106;48;2;24;49;106m▀[0m
[38;2;41;32;41;49m▀▀[48;2;41;32;41m▀[38;2;90;131;205;48;2;57;90;156m▀[48;2;90;131;205m▀▀[48;2;16;16;16m▀▀[38;2;16;16;16;48;2;115;41;24m▀▀[38;2;24;49;106m▀[38;2;57;90;156;48;2;41;32;41m▀[48;2;57;90;156m▀▀[38;2;41;32;41;48;2;65;57;65m▀[38;2;82;82;82;48;2;82;82;82m▀▀[38;2;41;32;41;48;2;16;16;16m▀[49m▀[0m            [38;2;41;32;41m▄[38;2;24;49;106;48;2;57;90;156m▀[38;2;57;90;156m▀[38;2;41;32;41m▀[38;2;98;32;65;48;2;41;32;41m▀[38;2;57;90;156;48;2;16;16;16m▀[48;2;57;90;156m▀▀▀▀▀▀▀▀[38;2;41;32;41m▀[38;2;98;32;65;48;2;41;32;41m▀[48;2;139;41;98m▀[38;2;139;41;98m▀▀[48;2;16;16;16m▀[38;2;16;16;16;48;2;24;49;106m▀[38;2;57;90;156;48;2;16;16;16m▀[38;2;90;131;205;48;2;90;131;205m▀▀▀▀▀[38;2;57;90;156;48;2;57;90;156m▀[0m
[0m   [38;2;16;16;16m▀▀▀[0m [38;2;41;32;41;48;2;115;41;24m▀[38;2;115;41;24;48;2;156;65;49m▀[48;2;115;41;24m▀[48;2;41;32;41m▀[38;2;41;32;41;48;2;57;90;156m▀[38;2;57;90;156;48;2;16;16;16m▀[38;2;16;16;16;48;2;82;82;82m▀[38;2;82;82;82;48;2;41;32;41m▀▀[38;2;16;16;16;49m▀[0m              [38;2;41;32;41;48;2;41;32;41m▀[38;2;57;90;156;48;2;57;90;156m▀▀▀▀▀[38;2;16;16;16m▀[38;2;41;32;41;48;2;16;16;16m▀[38;2;57;90;156m▀▀[48;2;57;90;156m▀▀▀▀[48;2;98;32;65m▀[48;2;16;16;16m▀[38;2;41;32;41m▀[38;2;16;16;16;48;2;139;41;98m▀[48;2;98;32;65m▀[38;2;24;49;106;48;2;57;90;156m▀[49m▄[38;2;16;16;16m▀[38;2;90;131;205;48;2;16;16;16m▀[48;2;90;131;205m▀▀▀▀[38;2;57;90;156;48;2;57;90;156m▀[0m
[0m      [38;2;16;16;16;48;2;16;16;16m▀[38;2;156;65;49;48;2;115;41;24m▀[48;2;156;65;49m▀[48;2;41;32;41m▀[38;2;41;32;41;48;2;57;90;156m▀[38;2;57;90;156;48;2;24;49;106m▀[38;2;16;16;16;49m▀▀[0m                 [38;2;41;32;41;48;2;24;49;106m▀[38;2;57;90;156;48;2;90;131;205m▀▀[48;2;57;90;156m▀▀▀▀[38;2;24;49;106;48;2;24;49;106m▀[0m  [38;2;41;32;41m▀[48;2;16;16;16m▀[48;2;57;90;156m▀[38;2;98;32;65;48;2;98;32;65m▀[38;2;139;41;98;48;2;139;41;98m▀▀▀▀[38;2;98;32;65m▀[38;2;57;90;156;48;2;98;32;65m▀[38;2;24;49;106;48;2;57;90;156m▀[38;2;16;16;16;49m▄[48;2;24;49;106m▀[38;2;90;131;205;48;2;90;131;205m▀▀[48;2;24;49;106m▀[48;2;90;131;205m▀▀[38;2;57;90;156;48;2;57;90;156m▀[0m
[0m       [38;2;16;16;16m▀▀[38;2;24;49;106m▀▀[0m                    [38;2;24;49;106m▀[38;2;90;131;205;48;2;24;49;106m▀[48;2;90;131;205m▀▀▀▀[38;2;24;49;106;48;2;24;49;106m▀[0m     [38;2;16;16;16;48;2;16;16;16m▀[38;2;57;90;156;48;2;57;90;156m▀[38;2;98;32;65;48;2;98;32;65m▀[38;2;139;41;98m▀▀▀[38;2;98;32;65;48;2;139;41;98m▀[48;2;98;32;65m▀[38;2;57;90;156;48;2;57;90;156m▀[38;2;16;16;16;48;2;16;16;16m▀[0m [38;2;24;49;106;48;2;24;49;106m▀[38;2;90;131;205;48;2;90;131;205m▀[38;2;16;16;16;48;2;57;90;156m▀[38;2;90;131;205;48;2;24;49;106m▀[48;2;90;131;205m▀[38;2;57;90;156;48;2;57;90;156m▀[0m
[0m                                [38;2;24;49;106;48;2;41;32;41m▀[38;2;90;131;205;48;2;57;90;156m▀[48;2;90;131;205m▀[38;2;57;90;156;48;2;24;49;106m▀[38;2;90;131;205;48;2;90;131;205m▀[38;2;24;49;106;48;2;41;32;41m▀[0m      [38;2;16;16;16;48;2;16;16;16m▀[38;2;139;41;98;48;2;139;41;98m▀▀▀▀▀[38;2;98;32;65;48;2;98;32;65m▀[38;2;57;90;156;48;2;57;90;156m▀[38;2;16;16;16;48;2;16;16;16m▀[0m  [38;2;24;49;106m▀[0m [38;2;16;16;16m▀[38;2;90;131;205;48;2;16;16;16m▀[38;2;57;90;156m▀[0m
[0m                                 [38;2;24;49;106;48;2;41;32;41m▀[38;2;90;131;205;48;2;90;131;205m▀[38;2;24;49;106;48;2;24;49;106m▀[38;2;41;32;41;49m▀[0m      [38;2;16;16;16m▄[48;2;139;41;98m▀[38;2;98;32;65;48;2;98;32;65m▀[38;2;139;41;98m▀▀▀[38;2;98;32;65m▀[38;2;57;90;156;48;2;57;90;156m▀[38;2;24;49;106;48;2;16;16;16m▀[0m
[0m                                  [38;2;41;32;41m▀[0m       [38;2;16;16;16m▄[48;2;139;41;98m▀[38;2;139;41;98m▀▀▀[48;2;98;32;65m▀[38;2;98;32;65;48;2;57;90;156m▀[38;2;57;90;156m▀[48;2;24;49;106m▀[38;2;16;16;16;49m▀[0m
[0m                                         [38;2;98;32;65m▄[38;2;16;16;16;48;2;189;82;123m▀[38;2;98;32;65;48;2;139;41;98m▀[38;2;139;41;98;48;2;98;32;65m▀▀[38;2;98;32;65m▀[38;2;57;90;156;48;2;57;90;156m▀▀[48;2;24;49;106m▀[38;2;16;16;16;49m▀[0m
[0m                                        [38;2;98;32;65m▄[48;2;139;41;98m▀[38;2;189;82;123;48;2;189;82;123m▀▀[38;2;139;41;98;48;2;98;32;65m▀[38;2;98;32;65;48;2;57;90;156m▀[38;2;57;90;156m▀▀[48;2;16;16;16m▀[38;2;16;16;16;49m▀[0m
[0m                                        [38;2;98;32;65;48;2;98;32;65m▀[38;2;189;82;123;48;2;189;82;123m▀[38;2;98;32;65m▀[48;2;98;32;65m▀[48;2;90;131;205m▀[38;2;90;131;205m▀[38;2;57;90;156m▀[38;2;24;49;106;48;2;24;49;106m▀[0m
[0m                                        [38;2;98;32;65;48;2;98;32;65m▀[38;2;139;41;98;48;2;189;82;123m▀[38;2;189;82;123;48;2;139;41;98m▀[38;2;98;32;65m▀[38;2;90;131;205;48;2;90;131;205m▀▀[38;2;16;16;16;48;2;16;16;16m▀[0m
[0m                                         [38;2;16;16;16;48;2;16;16;16m▀[38;2;189;82;123;48;2;189;82;123m▀[38;2;41;32;41;48;2;41;32;41m▀[48;2;82;82;82m▀[38;2;90;131;205;48;2;65;57;65m▀[38;2;16;16;16m▀[49m▄[0m
[0m                                          [38;2;16;16;16m▀[38;2;65;57;65;48;2;16;16;16m▀[38;2;82;82;82;48;2;65;57;65m▀[48;2;82;82;82m▀▀[48;2;41;32;41m▀[38;2;16;16;16m▀[38;2;41;32;41;48;2;82;82;82m▀▀[49m▄[0m
[0m                                            [38;2;16;16;16m▀▀[38;2;65;57;65;48;2;16;16;16m▀[38;2;82;82;82m▀[38;2;65;57;65m▀[38;2;41;32;41m▀[38;2;16;16;16;49m▀[0m
