[0m                   [38;2;106;32;0m▄[48;2;172;41;8m▀[0m
[0m                 [38;2;106;32;0m▄[48;2;213;57;24m▀[38;2;213;57;24m▀[38;2;172;41;8m▀[38;2;106;32;0;49m▄[0m
[0m                 [38;2;106;32;0;48;2;106;32;0m▀[38;2;213;57;24;48;2;213;57;24m▀▀▀▀[38;2;16;16;24;48;2;16;16;24m▀[0m
[0m                  [38;2;106;32;0;48;2;106;32;0m▀[38;2;213;57;24;48;2;213;57;24m▀▀▀[38;2;16;16;24;48;2;16;16;24m▀[0m
[0m                [38;2;106;32;0m▄[48;2;213;57;24m▀[38;2;213;57;24m▀▀▀[38;2;16;16;24;48;2;16;16;24m▀[0m
[0m               [38;2;172;41;8m▄[48;2;213;57;24m▀[38;2;213;57;24m▀▀▀▀[38;2;16;16;24;48;2;172;41;8m▀[49m▄[0m
[0m               [38;2;172;41;8;48;2;106;32;0m▀[38;2;213;57;24;48;2;172;41;8m▀[48;2;213;57;24m▀▀▀[48;2;172;41;8m▀[38;2;172;41;8m▀[38;2;16;16;24;48;2;16;16;24m▀[0m
[0m [38;2;106;32;0m▄▄[0m       [38;2;131;131;139m▄▄[48;2;255;255;255m▀▀▀▀[38;2;106;32;0m▀▀[38;2;172;41;8m▀[48;2;180;180;180m▀[48;2;82;82;90m▀[48;2;16;16;24m▀[38;2;16;16;24;49m▀[0m          [38;2;106;32;0m▄[48;2;213;57;24m▀[48;2;172;41;8m▀[48;2;106;32;0m▀[0m
[0m [38;2;106;32;0;48;2;106;32;0m▀[38;2;213;57;24;48;2;213;57;24m▀[38;2;106;32;0m▀▀[48;2;172;41;8m▀[49m▄[38;2;16;16;24m▄[38;2;131;131;139;48;2;255;255;255m▀▀[38;2;255;255;255m▀▀▀▀▀▀▀▀▀▀▀▀[38;2;82;82;90;48;2;222;222;230m▀[38;2;16;16;24;49m▄[0m      [38;2;106;32;0m▄▄[48;2;213;57;24m▀[38;2;213;57;24m▀[48;2;16;16;24m▀[38;2;16;16;24;49m▀[0m
[0m  [38;2;16;16;24m▀[38;2;213;57;24;48;2;16;16;24m▀[48;2;213;57;24m▀[48;2;16;16;24m▀[38;2;16;16;24;48;2;255;255;255m▀[38;2;255;255;255m▀▀▀▀▀▀▀▀▀▀▀▀▀▀▀▀▀[38;2;16;16;24m▀[38;2;106;32;0;49m▄[48;2;213;57;24m▀▀▀▀[38;2;172;41;8m▀[38;2;213;57;24m▀▀[48;2;172;41;8m▀[38;2;16;16;24;48;2;16;16;24m▀[0m
[0m   [38;2;131;131;139m▄[38;2;16;16;24;48;2;255;255;255m▀[38;2;180;180;180m▀[38;2;255;255;255;48;2;222;222;230m▀[48;2;255;255;255m▀▀▀▀▀▀▀▀▀▀▀▀▀▀▀[48;2;180;180;180m▀[38;2;106;32;0;48;2;213;57;24m▀▀[38;2;213;57;24m▀▀▀▀▀▀[48;2;106;32;0m▀[48;2;16;16;24m▀[38;2;16;16;24;49m▀[0m
[0m  [38;2;131;131;139m▄[48;2;255;255;255m▀[38;2;255;255;255;48;2;180;180;180m▀[48;2;255;255;255m▀[38;2;222;222;230m▀[38;2;255;255;255m▀[48;2;180;180;180m▀[38;2;222;222;230;48;2;255;255;255m▀[38;2;255;255;255m▀▀[48;2;222;222;230m▀[48;2;255;255;255m▀▀▀▀▀▀▀▀▀▀▀[48;2;172;41;8m▀[38;2;172;41;8m▀[38;2;213;57;24;48;2;213;57;24m▀▀[48;2;172;41;8m▀[38;2;172;41;8m▀[38;2;16;16;24;48;2;16;16;24m▀[0m
[0m [38;2;131;131;139m▄[48;2;255;255;255m▀[38;2;255;255;255;48;2;180;180;180m▀[38;2;180;180;180;48;2;255;255;255m▀[38;2;255;255;255m▀[48;2;222;222;230m▀[38;2;180;180;180;48;2;255;255;255m▀[38;2;255;255;255m▀▀[48;2;180;180;180m▀[38;2;180;180;180;48;2;255;255;255m▀[38;2;255;255;255m▀▀▀[48;2;131;131;139m▀[48;2;82;82;90m▀[38;2;180;180;180m▀[38;2;131;131;139m▀[38;2;180;180;180;48;2;255;255;255m▀[38;2;255;255;255m▀▀▀[38;2;180;180;180m▀[38;2;255;255;255m▀▀[48;2;180;180;180m▀[38;2;172;41;8;48;2;255;255;255m▀[38;2;106;32;0m▀[38;2;180;180;180m▀[38;2;222;222;230m▀[38;2;131;131;139m▀▀[38;2;180;180;180;49m▄[38;2;82;82;90m▄[0m
[0m [38;2;131;131;139;48;2;131;131;139m▀[38;2;255;255;255;48;2;255;255;255m▀[38;2;222;222;230m▀[38;2;255;255;255m▀[38;2;222;222;230m▀[38;2;255;255;255m▀▀▀▀▀▀[48;2;131;131;139m▀[38;2;180;180;180;48;2;0;139;222m▀[38;2;0;213;255;48;2;16;16;24m▀[38;2;0;139;222;48;2;0;213;255m▀[38;2;82;82;90;48;2;82;82;90m▀▀[48;2;131;131;139m▀[38;2;255;255;255;48;2;255;255;255m▀▀[48;2;222;222;230m▀▀[48;2;255;255;255m▀[48;2;222;222;230m▀[48;2;255;255;255m▀▀▀▀▀[38;2;180;180;180m▀▀▀[38;2;16;16;24;48;2;180;180;180m▀[38;2;180;180;180;49m▄[38;2;16;16;24m▄▄▄[0m
[38;2;131;131;139;49m▄[38;2;222;222;230;48;2;222;222;230m▀[38;2;255;255;255;48;2;180;180;180m▀[48;2;255;255;255m▀▀▀▀[48;2;222;222;230m▀[48;2;131;131;139m▀[48;2;82;82;90m▀[38;2;131;131;139m▀[38;2;82;82;90m▀▀[38;2;0;139;222m▀[38;2;82;82;90;48;2;0;213;255m▀[38;2;0;213;255;48;2;0;139;222m▀[38;2;82;82;90;48;2;82;82;90m▀[48;2;131;131;139m▀[38;2;222;222;230;48;2;255;255;255m▀[38;2;255;255;255m▀▀[48;2;180;180;180m▀[48;2;222;222;230m▀[48;2;255;255;255m▀▀▀▀▀▀▀▀▀▀▀[48;2;180;180;180m▀▀[48;2;16;16;24m▀[38;2;16;16;24;48;2;90;65;16m▀[0m
[38;2;16;16;24;48;2;16;16;24m▀[38;2;131;131;139m▀[38;2;255;255;255m▀▀[38;2;222;222;230m▀[38;2;131;131;139m▀[38;2;82;82;90;48;2;82;82;90m▀▀▀▀▀▀▀▀▀▀[48;2;255;255;255m▀[38;2;255;255;255m▀▀▀[48;2;180;180;180m▀[48;2;222;222;230m▀[48;2;255;255;255m▀▀▀▀▀▀▀▀▀▀[48;2;180;180;180m▀▀[48;2;139;98;41m▀[38;2;90;65;16;48;2;180;123;57m▀[38;2;139;98;41;48;2;139;98;41m▀[38;2;180;123;57m▀[38;2;90;65;16;48;2;180;123;57m▀[49m▄[0m
[0m  [38;2;16;16;24m▄[48;2;131;131;139m▀[38;2;180;180;180m▀[48;2;180;180;180m▀[48;2;222;222;230m▀[38;2;131;131;139;48;2;255;255;255m▀[38;2;82;82;90;48;2;82;82;90m▀▀▀▀[48;2;131;131;139m▀[48;2;255;255;255m▀[38;2;131;131;139m▀[38;2;255;255;255m▀▀▀▀▀▀▀[48;2;213;57;24m▀[38;2;106;32;0m▀▀▀▀[38;2;255;255;255;48;2;106;32;0m▀[48;2;255;255;255m▀[38;2;222;222;230m▀[38;2;180;180;180m▀[48;2;180;123;57m▀[38;2;139;98;41;48;2;139;98;41m▀[38;2;180;123;57;48;2;180;123;57m▀▀▀▀[38;2;139;98;41;48;2;139;98;41m▀[38;2;180;123;57;48;2;180;123;57m▀[48;2;139;98;41m▀[38;2;90;65;16m▀[49m▄[0m
[0m   [38;2;106;32;0m▄▄[38;2;82;82;90;48;2;131;131;139m▀[38;2;131;131;139;48;2;222;222;230m▀[38;2;255;255;255;48;2;255;255;255m▀▀▀▀▀▀▀▀▀[48;2;131;131;139m▀[48;2;82;82;90m▀[38;2;16;16;24m▀▀[38;2;255;255;255;48;2;16;16;24m▀[48;2;255;255;255m▀[48;2;172;41;8m▀[38;2;213;57;24;48;2;213;57;24m▀▀▀▀[38;2;106;32;0m▀▀[38;2;139;98;41;48;2;106;32;0m▀[48;2;139;98;41m▀[38;2;180;123;57m▀▀[38;2;139;98;41;48;2;90;65;16m▀[38;2;180;123;57;48;2;139;98;41m▀▀[38;2;139;98;41m▀[38;2;90;65;16;48;2;90;65;16m▀[38;2;139;98;41;48;2;139;98;41m▀▀▀[38;2;90;65;16m▀[38;2;16;16;24;49m▄[0m
[0m [38;2;106;32;0m▄[48;2;172;41;8m▀[38;2;213;57;24;48;2;213;57;24m▀[38;2;106;32;0;48;2;106;32;0m▀[38;2;222;222;230m▀[48;2;16;16;24m▀[38;2;131;131;139;48;2;82;82;90m▀▀[38;2;222;222;230;48;2;131;131;139m▀[38;2;255;255;255;48;2;222;222;230m▀▀▀▀▀[48;2;16;16;24m▀[38;2;82;82;90;48;2;82;82;90m▀[48;2;49;49;57m▀▀[38;2;49;49;57m▀[38;2;16;16;24;48;2;16;16;24m▀[38;2;222;222;230;48;2;222;222;230m▀[48;2;180;180;180m▀[38;2;213;57;24m▀[48;2;172;41;8m▀▀[48;2;213;57;24m▀▀▀[38;2;106;32;0;48;2;172;41;8m▀[38;2;139;98;41;48;2;106;32;0m▀▀[48;2;139;98;41m▀[38;2;90;65;16;48;2;90;65;16m▀[38;2;139;98;41;48;2;139;98;41m▀▀▀[38;2;90;65;16;48;2;90;65;16m▀[38;2;139;98;41;48;2;139;98;41m▀▀▀▀[38;2;16;16;24;48;2;16;16;24m▀[0m
[38;2;106;32;0;49m▀[38;2;213;57;24;48;2;106;32;0m▀▀[38;2;172;41;8m▀[48;2;16;16;24m▀[38;2;16;16;24m▀[38;2;82;82;90;48;2;49;49;57m▀▀[38;2;49;49;57;48;2;16;16;24m▀[38;2;131;131;139;48;2;222;222;230m▀[38;2;222;222;230m▀▀▀▀▀[38;2;16;16;24;48;2;131;131;139m▀[38;2;49;49;57;48;2;16;16;24m▀▀[48;2;222;222;230m▀[38;2;16;16;24m▀[38;2;222;222;230m▀▀[48;2;16;16;24m▀[48;2;222;222;230m▀▀[38;2;180;180;180;48;2;49;49;57m▀[48;2;139;98;41m▀[38;2;16;16;24m▀[38;2;172;41;8;48;2;16;16;24m▀▀▀[48;2;106;32;0m▀[38;2;106;32;0;48;2;139;98;41m▀[38;2;90;65;16;48;2;90;65;16m▀[38;2;139;98;41;48;2;139;98;41m▀▀[48;2;90;65;16m▀[38;2;90;65;16;48;2;16;16;24m▀[38;2;139;98;41m▀▀[38;2;16;16;24;49m▀▀[0m
[0m     [38;2;16;16;24m▀▀▀[38;2;180;180;180;48;2;16;16;24m▀[38;2;222;222;230;48;2;222;222;230m▀[38;2;180;180;180;48;2;16;16;24m▀[38;2;222;222;230;48;2;222;222;230m▀[38;2;131;131;139;48;2;180;180;180m▀[38;2;222;222;230;48;2;131;131;139m▀[48;2;222;222;230m▀▀[48;2;131;131;139m▀[48;2;222;222;230m▀▀[48;2;180;180;180m▀[48;2;16;16;24m▀[38;2;16;16;24;48;2;139;98;41m▀[38;2;139;98;41m▀[38;2;16;16;24;48;2;49;49;57m▀[38;2;222;222;230;48;2;82;82;90m▀[38;2;49;49;57;48;2;49;49;57m▀[38;2;139;98;41m▀[48;2;16;16;24m▀▀[38;2;49;49;57;48;2;82;82;90m▀[38;2;82;82;90m▀[48;2;49;49;57m▀[38;2;90;65;16m▀[48;2;16;16;24m▀[38;2;16;16;24;49m▀▀▀[0m
[0m         [38;2;16;16;24m▀[0m [38;2;16;16;24m▀[38;2;222;222;230;48;2;16;16;24m▀[38;2;82;82;90;48;2;82;82;90m▀[38;2;16;16;24;48;2;49;49;57m▀[38;2;180;180;180;48;2;16;16;24m▀[38;2;16;16;24;49m▀▀[38;2;180;180;180;48;2;16;16;24m▀[38;2;16;16;24m▀[49m▀▀▀[38;2;82;82;90;48;2;16;16;24m▀[48;2;49;49;57m▀[38;2;49;49;57m▀[38;2;16;16;24;48;2;16;16;24m▀[0m  [38;2;16;16;24m▀[38;2;49;49;57;48;2;16;16;24m▀▀[38;2;16;16;24;49m▀[0m
[0m             [38;2;16;16;24m▀▀[0m         [38;2;16;16;24m▀▀[0m
