[0m                                                      [38;2;164;41;8m▄▄▄▄[48;2;197;74;65m▀▀▀▀[48;2;164;41;8m▀[49m▀▀[0m
[0m          [38;2;164;41;8m▄▄▄▄▄▄[0m                                 [38;2;164;41;8m▄▄[48;2;197;74;65m▀▀▀[38;2;197;74;65m▀▀▀▀▀▀[48;2;123;32;0m▀[38;2;123;32;0;49m▀[0m
[0m           [38;2;123;32;0m▀[38;2;197;74;65;48;2;123;32;0m▀[48;2;197;74;65m▀▀▀[38;2;164;41;8m▀▀[49m▄▄[0m                          [38;2;123;32;0m▄[48;2;197;74;65m▀[38;2;164;41;8m▀[38;2;197;74;65m▀▀▀▀▀▀▀▀▀▀[38;2;123;32;0;48;2;123;32;0m▀[0m
[0m             [38;2;123;32;0;48;2;123;32;0m▀[38;2;197;74;65;48;2;197;74;65m▀▀▀▀▀▀[38;2;164;41;8m▀▀[38;2;123;32;0;49m▄[0m                     [38;2;123;32;0m▄[48;2;197;74;65m▀[38;2;197;74;65m▀▀▀▀▀▀▀▀▀▀▀▀[38;2;123;32;0;48;2;123;32;0m▀[0m
[0m              [38;2;123;32;0;48;2;123;32;0m▀[38;2;197;74;65;48;2;197;74;65m▀▀▀▀▀▀▀▀[38;2;123;32;0m▀[49m▄[0m                 [38;2;123;32;0m▄[48;2;197;74;65m▀[38;2;197;74;65m▀▀▀▀▀▀▀▀▀▀▀▀▀▀[38;2;123;32;0;48;2;123;32;0m▀[0m
[0m              [38;2;123;32;0;48;2;123;32;0m▀[38;2;197;74;65;48;2;197;74;65m▀▀[48;2;164;41;8m▀▀[48;2;197;74;65m▀▀[48;2;123;32;0m▀▀[48;2;197;74;65m▀▀[38;2;123;32;0m▀[49m▄[0m        [38;2;123;32;0m▄[48;2;197;74;65m▀[48;2;123;32;0m▀[0m  [38;2;123;32;0m▄[48;2;197;74;65m▀[38;2;197;74;65m▀▀▀▀▀▀▀▀▀▀[48;2;123;32;0m▀▀[48;2;197;74;65m▀▀▀[38;2;123;32;0;48;2;123;32;0m▀[0m
[0m              [38;2;123;32;0;48;2;123;32;0m▀[38;2;197;74;65;48;2;197;74;65m▀▀[38;2;49;49;57;48;2;49;49;57m▀▀[38;2;197;74;65;48;2;123;32;0m▀[48;2;197;74;65m▀[38;2;123;32;0;48;2;123;32;0m▀[38;2;164;41;8;48;2;197;74;65m▀[38;2;123;32;0;48;2;123;32;0m▀[38;2;197;74;65;48;2;197;74;65m▀▀▀[38;2;123;32;0m▀[49m▄[0m    [38;2;123;32;0m▄[48;2;197;74;65m▀[38;2;197;74;65m▀[38;2;123;32;0;48;2;123;32;0m▀[0m  [38;2;123;32;0m▄[48;2;197;74;65m▀[38;2;197;74;65m▀▀▀▀▀[48;2;123;32;0m▀[38;2;123;32;0;48;2;49;49;57m▀▀[38;2;197;74;65;48;2;197;74;65m▀▀[38;2;49;49;57;48;2;49;49;57m▀▀[38;2;123;32;0;48;2;164;41;8m▀[38;2;197;74;65;48;2;197;74;65m▀▀▀[38;2;123;32;0;48;2;123;32;0m▀[0m
[0m               [38;2;123;32;0;48;2;123;32;0m▀[38;2;197;74;65;48;2;197;74;65m▀[38;2;49;49;57m▀[48;2;123;32;0m▀[38;2;123;32;0m▀[38;2;197;74;65;48;2;197;74;65m▀[38;2;123;32;0m▀[38;2;197;74;65;48;2;123;32;0m▀[48;2;164;41;8m▀[38;2;123;32;0;48;2;197;74;65m▀[38;2;197;74;65;48;2;123;32;0m▀[48;2;197;74;65m▀▀[38;2;123;32;0m▀[49m▄[0m  [38;2;123;32;0;48;2;164;41;8m▀[38;2;197;74;65;48;2;123;32;0m▀[48;2;164;41;8m▀[38;2;164;41;8;48;2;197;74;65m▀[38;2;123;32;0;48;2;24;24;32m▀[0m  [38;2;123;32;0;48;2;123;32;0m▀[38;2;197;74;65;48;2;197;74;65m▀▀▀▀▀▀[38;2;123;32;0;48;2;123;32;0m▀[38;2;49;49;57;48;2;49;49;57m▀▀[38;2;197;74;65;48;2;197;74;65m▀▀[38;2;49;49;57m▀[38;2;164;41;8m▀[38;2;197;74;65m▀▀▀▀[38;2;123;32;0;48;2;123;32;0m▀[0m
[0m               [38;2;123;32;0;48;2;123;32;0m▀[38;2;197;74;65;48;2;197;74;65m▀▀▀▀▀▀[38;2;123;32;0;48;2;123;32;0m▀[38;2;197;74;65;48;2;197;74;65m▀[38;2;164;41;8m▀[38;2;123;32;0;48;2;164;41;8m▀[38;2;197;74;65;48;2;123;32;0m▀[48;2;197;74;65m▀▀[38;2;123;32;0;48;2;24;24;32m▀[38;2;24;24;32;49m▄[38;2;123;32;0;48;2;123;32;0m▀[38;2;164;41;8;48;2;197;74;65m▀[38;2;197;74;65m▀▀[48;2;164;41;8m▀[38;2;24;24;32;48;2;24;24;32m▀[0m [38;2;123;32;0;48;2;123;32;0m▀[38;2;197;74;65;48;2;238;115;24m▀▀[38;2;238;115;24m▀▀▀▀▀[38;2;197;74;65m▀[38;2;123;32;0m▀[38;2;197;74;65m▀[38;2;238;115;24m▀[38;2;197;74;65m▀▀[48;2;197;74;65m▀▀▀▀▀[38;2;123;32;0;48;2;123;32;0m▀[0m
[0m              [38;2;123;32;0;48;2;123;32;0m▀[38;2;197;74;65;48;2;197;74;65m▀[48;2;164;41;8m▀[48;2;49;49;57m▀[48;2;197;74;65m▀▀▀[48;2;123;32;0m▀[38;2;123;32;0;48;2;164;41;8m▀[38;2;197;74;65m▀▀[48;2;24;24;32m▀[38;2;123;32;0;48;2;49;49;57m▀[38;2;49;49;57;48;2;98;98;98m▀▀[38;2;98;98;98;48;2;49;49;57m▀[38;2;180;180;180;48;2;24;24;32m▀[38;2;24;24;32;48;2;123;32;0m▀[38;2;197;74;65m▀[38;2;123;32;0;48;2;197;74;65m▀[38;2;164;41;8m▀[38;2;197;74;65m▀[38;2;24;24;32;48;2;24;24;32m▀[38;2;98;98;98;48;2;180;180;180m▀[38;2;123;32;0;48;2;98;98;98m▀[38;2;238;115;24;48;2;238;115;24m▀▀▀▀▀▀▀▀▀▀▀▀▀▀▀[38;2;197;74;65m▀▀[48;2;197;74;65m▀[38;2;123;32;0;48;2;123;32;0m▀[0m
[0m              [38;2;123;32;0;48;2;123;32;0m▀[38;2;197;74;65;48;2;197;74;65m▀[38;2;164;41;8m▀[38;2;49;49;57m▀[38;2;197;74;65m▀[48;2;238;115;24m▀[48;2;123;32;0m▀[38;2;123;32;0;48;2;197;74;65m▀[38;2;197;74;65m▀[48;2;24;24;32m▀[38;2;24;24;32;48;2;98;98;98m▀[38;2;98;98;98m▀▀▀▀▀▀[38;2;24;24;32m▀[38;2;197;74;65;48;2;123;32;0m▀[48;2;197;74;65m▀▀[48;2;164;41;8m▀[38;2;164;41;8;48;2;123;32;0m▀[38;2;24;24;32;48;2;24;24;32m▀[38;2;230;230;230;48;2;230;230;230m▀[38;2;98;98;98;48;2;180;180;180m▀[38;2;238;115;24;48;2;98;98;98m▀[48;2;238;115;24m▀▀▀▀▀▀▀▀[48;2;98;98;98m▀[48;2;238;115;24m▀▀▀▀▀▀▀[38;2;123;32;0;48;2;123;32;0m▀[0m
[0m              [38;2;123;32;0;48;2;123;32;0m▀[38;2;197;74;65;48;2;197;74;65m▀[48;2;238;115;24m▀[38;2;238;115;24m▀▀[48;2;123;32;0m▀[38;2;123;32;0;48;2;197;74;65m▀[38;2;164;41;8m▀[38;2;24;24;32;48;2;49;49;57m▀[38;2;98;98;98;48;2;98;98;98m▀[48;2;49;49;57m▀[38;2;49;49;57;48;2;98;98;98m▀[38;2;98;98;98m▀▀▀▀▀▀[38;2;49;49;57;48;2;49;49;57m▀[38;2;197;74;65;48;2;123;32;0m▀[38;2;123;32;0;48;2;197;74;65m▀▀[38;2;197;74;65m▀[38;2;24;24;32;48;2;24;24;32m▀[38;2;230;230;230;48;2;230;230;230m▀▀[38;2;98;98;98;48;2;180;180;180m▀[38;2;238;115;24;48;2;98;98;98m▀[48;2;238;115;24m▀[48;2;197;74;65m▀▀[38;2;197;74;65;48;2;230;230;230m▀▀[48;2;197;74;65m▀[38;2;98;98;98;48;2;98;98;98m▀▀▀[38;2;238;115;24;48;2;238;115;24m▀▀▀▀▀[48;2;197;74;65m▀[38;2;123;32;0;49m▀[0m
[0m               [38;2;197;74;65;48;2;123;32;0m▀[38;2;238;115;24;48;2;238;115;24m▀▀▀[38;2;24;24;32;48;2;24;24;32m▀[38;2;197;74;65;48;2;197;74;65m▀[38;2;164;41;8;48;2;123;32;0m▀[38;2;49;49;57;48;2;98;98;98m▀[38;2;98;98;98m▀[38;2;49;49;57;48;2;49;49;57m▀[38;2;98;98;98;48;2;98;98;98m▀▀▀▀[48;2;0;106;164m▀[48;2;0;197;255m▀[48;2;24;24;32m▀[38;2;49;49;57;48;2;49;49;57m▀[38;2;197;74;65;48;2;197;74;65m▀▀[48;2;123;32;0m▀▀[38;2;24;24;32;48;2;24;24;32m▀[38;2;230;230;230;48;2;230;230;230m▀▀▀[38;2;98;98;98;48;2;98;98;98m▀[38;2;197;74;65;48;2;230;230;230m▀[38;2;230;230;230m▀▀[48;2;197;74;65m▀[38;2;197;74;65;48;2;238;115;24m▀[38;2;238;115;24m▀▀▀▀▀▀▀▀[48;2;123;32;0m▀[38;2;123;32;0;49m▀[0m
[0m               [38;2;24;24;32m▀[38;2;238;115;24;48;2;24;24;32m▀[48;2;238;115;24m▀▀[38;2;24;24;32;48;2;24;24;32m▀[38;2;123;32;0;48;2;197;74;65m▀[38;2;0;106;164;48;2;0;106;164m▀[38;2;98;98;98;48;2;24;82;98m▀[48;2;98;98;98m▀[38;2;49;49;57m▀[38;2;98;98;98m▀▀[48;2;0;106;164m▀[38;2;0;197;255m▀[38;2;0;106;164;48;2;0;197;255m▀[48;2;24;24;32m▀[38;2;24;24;32;48;2;49;49;57m▀[38;2;49;49;57;48;2;123;32;0m▀[38;2;123;32;0;48;2;197;74;65m▀▀[38;2;197;74;65m▀[38;2;123;32;0;48;2;24;24;32m▀[38;2;180;180;180;48;2;230;230;230m▀[38;2;230;230;230m▀▀[48;2;180;180;180m▀[48;2;230;230;230m▀[38;2;98;98;98;48;2;98;98;98m▀[38;2;230;230;230;48;2;230;230;230m▀▀[48;2;123;32;0m▀[48;2;197;74;65m▀[38;2;123;32;0;48;2;238;115;24m▀[38;2;238;115;24m▀▀▀▀▀[48;2;123;32;0m▀[38;2;123;32;0;49m▀[0m
[0m             [38;2;164;41;8m▄▄▄▄[38;2;24;24;32;48;2;164;41;8m▀[38;2;238;115;24;48;2;123;32;0m▀[38;2;197;74;65m▀[38;2;123;32;0;48;2;24;24;32m▀[48;2;197;74;65m▀[38;2;0;197;255;48;2;123;32;0m▀[38;2;49;49;57;48;2;49;49;57m▀[38;2;98;98;98m▀▀[38;2;49;49;57m▀[38;2;0;197;255;48;2;24;24;32m▀[38;2;0;106;164m▀[38;2;24;24;32;48;2;49;49;57m▀[38;2;49;49;57;48;2;123;32;0m▀[38;2;123;32;0;48;2;197;74;65m▀[38;2;197;74;65m▀[48;2;123;32;0m▀[38;2;123;32;0;48;2;24;24;32m▀[38;2;24;24;32;48;2;230;230;230m▀[38;2;230;230;230m▀▀▀[38;2;180;180;180m▀[38;2;230;230;230m▀▀▀[38;2;98;98;98;48;2;98;98;98m▀[38;2;180;180;180;48;2;180;180;180m▀[48;2;123;32;0m▀[38;2;123;32;0;48;2;238;115;24m▀[38;2;238;115;24m▀▀▀[48;2;197;74;65m▀[48;2;123;32;0m▀[38;2;123;32;0;48;2;238;115;24m▀[38;2;197;74;65m▀▀▀▀▀[49m▄▄▄[0m
[0m        [38;2;164;41;8m▄▄[48;2;238;115;24m▀▀▀[38;2;197;74;65m▀[38;2;238;115;24m▀▀▀▀▀[38;2;197;74;65m▀[38;2;164;41;8;48;2;197;74;65m▀[38;2;24;24;32m▀[38;2;197;74;65;48;2;24;24;32m▀[38;2;24;24;32;48;2;197;74;65m▀[38;2;49;49;57;48;2;24;24;32m▀[48;2;49;49;57m▀▀▀[48;2;24;24;32m▀[38;2;24;24;32;48;2;123;32;0m▀[38;2;164;41;8;48;2;197;74;65m▀[38;2;197;74;65;48;2;24;24;32m▀[38;2;24;24;32;48;2;230;230;230m▀[38;2;230;230;230m▀▀▀▀▀▀▀[48;2;180;180;180m▀▀[48;2;230;230;230m▀▀[38;2;24;24;32;48;2;24;24;32m▀[38;2;238;115;24;48;2;197;74;65m▀[48;2;123;32;0m▀▀[38;2;197;74;65;48;2;238;115;24m▀[38;2;123;32;0m▀[38;2;238;115;24m▀▀▀▀▀▀▀▀▀▀▀[38;2;197;74;65m▀[38;2;164;41;8m▀[49m▄▄[0m
[0m     [38;2;197;74;65m▄▄[38;2;164;41;8;48;2;238;115;24m▀[38;2;238;115;24m▀▀▀▀▀▀[38;2;197;74;65;48;2;98;98;98m▀▀[38;2;238;115;24;48;2;197;74;65m▀[48;2;238;115;24m▀▀▀▀[38;2;197;74;65m▀[48;2;24;24;32m▀[38;2;24;24;32;48;2;230;230;230m▀[38;2;123;32;0;48;2;123;32;0m▀[38;2;24;24;32;48;2;230;230;230m▀[38;2;49;49;57;48;2;24;24;32m▀[38;2;24;24;32;48;2;230;230;230m▀[38;2;230;230;230m▀[38;2;123;32;0;48;2;24;24;32m▀[38;2;24;24;32;48;2;230;230;230m▀[38;2;230;230;230m▀▀▀▀▀▀▀▀[48;2;180;180;180m▀▀[48;2;230;230;230m▀▀▀[38;2;98;98;98m▀[38;2;238;115;24;48;2;98;98;98m▀[48;2;238;115;24m▀▀▀▀▀▀▀[48;2;197;74;65m▀▀[48;2;238;115;24m▀▀▀▀▀▀▀▀▀▀[38;2;164;41;8m▀[49m▄[0m
[38;2;197;74;65;49m▄▄▄[48;2;238;115;24m▀▀[38;2;238;115;24m▀▀▀▀▀▀▀▀▀[38;2;98;98;98m▀[48;2;98;98;98m▀▀[38;2;238;115;24;48;2;238;115;24m▀▀▀▀[38;2;24;24;32;48;2;24;24;32m▀[38;2;98;98;98;48;2;98;98;98m▀▀[38;2;230;230;230;48;2;49;49;57m▀[48;2;230;230;230m▀▀▀▀▀[48;2;98;98;98m▀[38;2;98;98;98m▀▀▀[38;2;180;180;180;48;2;49;49;57m▀[38;2;230;230;230;48;2;230;230;230m▀▀▀[48;2;180;180;180m▀[48;2;230;230;230m▀▀▀▀▀▀▀[38;2;98;98;98;48;2;180;180;180m▀[38;2;238;115;24;48;2;98;98;98m▀[48;2;238;115;24m▀▀▀▀[38;2;197;74;65;48;2;98;98;98m▀[38;2;98;98;98m▀▀[38;2;238;115;24;48;2;238;115;24m▀▀▀▀▀▀▀▀▀▀▀▀[38;2;197;74;65m▀[38;2;164;41;8m▀[49m▄[0m
[0m  [38;2;123;32;0m▀▀[38;2;238;115;24;48;2;123;32;0m▀[48;2;238;115;24m▀▀▀▀▀▀▀▀▀▀▀▀[48;2;98;98;98m▀[48;2;164;41;8m▀[48;2;238;115;24m▀▀[48;2;24;24;32m▀[38;2;24;24;32;48;2;98;98;98m▀[38;2;230;230;230m▀▀[48;2;230;230;230m▀▀▀▀▀[38;2;49;49;57m▀▀▀▀[38;2;230;230;230m▀▀▀▀▀▀▀▀▀[38;2;180;180;180m▀[38;2;230;230;230;48;2;98;98;98m▀[38;2;180;180;180;48;2;180;180;180m▀▀[48;2;24;24;32m▀[38;2;98;98;98;48;2;238;115;24m▀[38;2;24;24;32m▀[38;2;238;115;24m▀▀[38;2;98;98;98m▀▀[38;2;197;74;65m▀[38;2;238;115;24m▀▀▀▀▀▀▀▀▀▀▀▀▀▀▀[38;2;197;74;65m▀[38;2;164;41;8m▀[49m▄[0m
[0m     [38;2;123;32;0m▀[38;2;238;115;24;48;2;123;32;0m▀[48;2;238;115;24m▀▀▀▀▀▀▀▀▀▀[38;2;98;98;98m▀[38;2;164;41;8m▀[38;2;238;115;24m▀[48;2;98;98;98m▀[38;2;24;24;32;48;2;230;230;230m▀[38;2;98;98;98;48;2;49;49;57m▀▀▀[38;2;49;49;57;48;2;230;230;230m▀[38;2;230;230;230m▀▀▀[48;2;98;98;98m▀[38;2;98;98;98m▀▀▀▀[38;2;180;180;180;48;2;49;49;57m▀[38;2;230;230;230;48;2;230;230;230m▀▀▀▀[38;2;180;180;180m▀[38;2;230;230;230;48;2;98;98;98m▀[48;2;230;230;230m▀[48;2;180;180;180m▀[38;2;180;180;180m▀▀[38;2;98;98;98m▀[38;2;180;180;180;48;2;98;98;98m▀[48;2;24;24;32m▀[38;2;24;24;32;48;2;238;115;24m▀[38;2;238;115;24m▀[48;2;98;98;98m▀[48;2;197;74;65m▀[48;2;238;115;24m▀▀▀▀▀▀▀▀▀▀▀▀▀▀▀▀▀▀▀▀[48;2;123;32;0m▀[38;2;197;74;65m▀[49m▀[38;2;164;41;8m▀[0m
[0m       [38;2;123;32;0m▀[38;2;238;115;24;48;2;123;32;0m▀[48;2;197;74;65m▀[48;2;238;115;24m▀▀▀▀▀▀▀▀[48;2;98;98;98m▀[38;2;98;98;98;48;2;180;180;180m▀[38;2;180;180;180;48;2;98;98;98m▀[38;2;98;98;98;48;2;180;180;180m▀[38;2;230;230;230;48;2;230;230;230m▀[48;2;98;98;98m▀[48;2;230;230;230m▀▀▀▀▀▀[38;2;49;49;57m▀▀[48;2;24;24;32m▀[48;2;230;230;230m▀[38;2;230;230;230m▀▀[48;2;180;180;180m▀▀▀[38;2;180;180;180m▀▀[38;2;98;98;98;48;2;98;98;98m▀[38;2;180;180;180;48;2;180;180;180m▀▀▀[48;2;98;98;98m▀[38;2;24;24;32;48;2;180;180;180m▀[38;2;238;115;24;48;2;24;24;32m▀[48;2;238;115;24m▀▀[38;2;98;98;98m▀[38;2;197;74;65m▀[38;2;238;115;24m▀▀▀▀▀▀▀▀▀▀▀▀▀▀▀[48;2;123;32;0m▀▀[38;2;123;32;0;49m▀▀▀[0m
[0m         [38;2;24;24;32m▀[38;2;123;32;0m▀[38;2;197;74;65;48;2;24;24;32m▀[38;2;238;115;24;48;2;123;32;0m▀[48;2;197;74;65m▀[48;2;238;115;24m▀▀▀▀[48;2;197;74;65m▀[38;2;197;74;65;48;2;98;98;98m▀[38;2;98;98;98;48;2;180;180;180m▀[38;2;180;180;180m▀[38;2;98;98;98;48;2;98;98;98m▀[38;2;180;180;180;48;2;180;180;180m▀▀[38;2;230;230;230m▀▀[38;2;180;180;180m▀[38;2;230;230;230m▀▀[38;2;180;180;180m▀[48;2;98;98;98m▀[38;2;49;49;57;48;2;49;49;57m▀[38;2;180;180;180;48;2;98;98;98m▀[48;2;180;180;180m▀▀▀▀▀▀▀▀[38;2;98;98;98;48;2;98;98;98m▀[38;2;180;180;180;48;2;180;180;180m▀▀▀[38;2;24;24;32;48;2;24;24;32m▀[38;2;238;115;24;48;2;197;74;65m▀[48;2;123;32;0m▀[48;2;238;115;24m▀▀▀▀▀▀▀▀▀▀▀▀▀▀▀[48;2;123;32;0m▀[38;2;123;32;0;49m▀▀[0m
[0m             [38;2;24;24;32m▀▀▀[48;2;123;32;0m▀[38;2;123;32;0;48;2;197;74;65m▀[48;2;49;49;57m▀[38;2;180;180;180;48;2;78;143;152m▀▀[38;2;98;98;98;48;2;98;98;98m▀[38;2;180;180;180;48;2;180;180;180m▀[48;2;98;98;98m▀[48;2;180;180;180m▀▀[48;2;98;98;98m▀[48;2;180;180;180m▀▀[48;2;98;98;98m▀[38;2;98;98;98m▀[48;2;49;49;57m▀[38;2;49;49;57m▀▀[38;2;98;98;98;48;2;98;98;98m▀[38;2;180;180;180;48;2;180;180;180m▀▀▀▀▀▀[48;2;98;98;98m▀[38;2;98;98;98;48;2;148;205;213m▀[48;2;98;98;98m▀[38;2;180;180;180m▀[38;2;24;24;32;48;2;24;24;32m▀[38;2;238;115;24;48;2;238;115;24m▀▀▀[38;2;123;32;0m▀[38;2;197;74;65;48;2;123;32;0m▀[38;2;238;115;24;48;2;197;74;65m▀[48;2;238;115;24m▀▀▀▀▀▀▀▀[48;2;123;32;0m▀[48;2;24;24;32m▀[38;2;123;32;0;49m▀[38;2;24;24;32m▀[0m
[0m               [38;2;123;32;0;48;2;197;74;65m▀[38;2;238;115;24;48;2;238;115;24m▀[38;2;49;49;57;48;2;78;143;152m▀[38;2;98;98;98;48;2;148;205;213m▀[38;2;148;205;213m▀[48;2;49;49;57m▀[38;2;49;49;57;48;2;98;98;98m▀[38;2;98;98;98;48;2;49;49;57m▀[38;2;49;49;57;48;2;98;98;98m▀[38;2;180;180;180;48;2;180;180;180m▀[48;2;49;49;57m▀[38;2;49;49;57;48;2;98;98;98m▀[38;2;180;180;180;48;2;49;49;57m▀[38;2;98;98;98;48;2;98;98;98m▀▀[48;2;49;49;57m▀[38;2;49;49;57m▀▀[48;2;78;143;152m▀[38;2;148;205;213;48;2;148;205;213m▀[38;2;98;98;98;48;2;78;143;152m▀[38;2;180;180;180;48;2;98;98;98m▀[48;2;180;180;180m▀[38;2;98;98;98;48;2;98;98;98m▀[38;2;180;180;180;48;2;180;180;180m▀[38;2;98;98;98;48;2;98;98;98m▀[48;2;148;205;213m▀[38;2;148;205;213m▀[38;2;78;143;152;48;2;78;143;152m▀[38;2;24;82;98;48;2;24;82;98m▀[38;2;24;24;32;48;2;238;115;24m▀[38;2;238;115;24m▀▀▀▀▀[38;2;123;32;0m▀[38;2;197;74;65;48;2;123;32;0m▀[38;2;238;115;24;48;2;24;24;32m▀▀▀▀[38;2;24;24;32;49m▀▀▀[0m
[0m              [38;2;123;32;0;48;2;123;32;0m▀[38;2;238;115;24;48;2;238;115;24m▀[38;2;24;82;98;48;2;78;143;152m▀[38;2;148;205;213m▀▀[38;2;78;143;152;48;2;49;49;57m▀[38;2;49;49;57m▀[48;2;98;98;98m▀▀▀▀▀▀[38;2;98;98;98;48;2;49;49;57m▀[48;2;98;98;98m▀[38;2;49;49;57;48;2;49;49;57m▀▀▀[38;2;78;143;152;48;2;148;205;213m▀[38;2;148;205;213m▀▀▀[38;2;98;98;98;48;2;78;143;152m▀[38;2;180;180;180;48;2;49;49;57m▀[38;2;78;143;152m▀[38;2;98;98;98;48;2;148;205;213m▀[38;2;148;205;213m▀▀[48;2;78;143;152m▀[38;2;78;143;152m▀[38;2;24;82;98;48;2;24;82;98m▀[38;2;238;115;24;48;2;238;115;24m▀▀▀▀▀▀▀[38;2;123;32;0;48;2;123;32;0m▀[0m
[0m             [38;2;123;32;0m▄[38;2;197;74;65;48;2;197;74;65m▀[38;2;24;82;98;48;2;24;82;98m▀[38;2;78;143;152;48;2;148;205;213m▀[38;2;148;205;213m▀[48;2;49;49;57m▀[38;2;49;49;57;48;2;98;98;98m▀[38;2;98;98;98m▀▀▀▀▀▀▀▀[38;2;49;49;57;48;2;49;49;57m▀▀[48;2;148;205;213m▀[38;2;78;143;152m▀▀[38;2;148;205;213;48;2;78;143;152m▀▀[48;2;148;205;213m▀[38;2;49;49;57m▀▀[38;2;98;98;98m▀[38;2;148;205;213m▀[48;2;78;143;152m▀[38;2;78;143;152m▀▀[48;2;24;82;98m▀[38;2;24;82;98;48;2;238;115;24m▀[38;2;238;115;24m▀[48;2;98;98;98m▀[38;2;98;98;98m▀▀[38;2;238;115;24;48;2;238;115;24m▀▀[48;2;197;74;65m▀▀[38;2;123;32;0;48;2;123;32;0m▀[0m
[0m             [38;2;123;32;0;48;2;123;32;0m▀[38;2;197;74;65;48;2;197;74;65m▀[38;2;24;82;98;48;2;24;82;98m▀[38;2;49;49;57;48;2;49;49;57m▀[38;2;148;205;213;48;2;148;205;213m▀[38;2;49;49;57;48;2;49;49;57m▀[38;2;98;98;98;48;2;98;98;98m▀▀▀▀▀▀▀▀[38;2;49;49;57;48;2;49;49;57m▀[48;2;148;205;213m▀[38;2;148;205;213m▀▀[48;2;98;98;98m▀[48;2;49;49;57m▀[48;2;148;205;213m▀▀[38;2;78;143;152m▀▀[38;2;148;205;213;48;2;78;143;152m▀▀[38;2;78;143;152m▀▀▀[48;2;24;82;98m▀[38;2;24;82;98;48;2;197;74;65m▀[38;2;238;115;24m▀▀[38;2;98;98;98;48;2;49;49;57m▀▀[48;2;197;74;65m▀[38;2;197;74;65m▀▀▀▀[38;2;123;32;0;48;2;123;32;0m▀[0m
[0m            [38;2;123;32;0m▄[48;2;197;74;65m▀[38;2;197;74;65m▀[38;2;24;82;98;48;2;24;82;98m▀[38;2;148;205;213;48;2;148;205;213m▀[48;2;78;143;152m▀[38;2;49;49;57;48;2;49;49;57m▀[48;2;98;98;98m▀▀▀▀▀[38;2;98;98;98;48;2;49;49;57m▀[48;2;98;98;98m▀[38;2;49;49;57;48;2;49;49;57m▀[38;2;78;143;152;48;2;148;205;213m▀[38;2;148;205;213m▀▀[38;2;98;98;98m▀[38;2;49;49;57m▀[38;2;98;98;98m▀[38;2;148;205;213;48;2;78;143;152m▀▀▀[38;2;78;143;152m▀▀▀[48;2;24;82;98m▀▀[38;2;24;82;98;48;2;197;74;65m▀[38;2;197;74;65m▀▀▀▀▀▀▀▀▀▀[48;2;164;41;8m▀[38;2;123;32;0;48;2;123;32;0m▀[0m
[0m            [38;2;123;32;0;48;2;123;32;0m▀[38;2;197;74;65;48;2;197;74;65m▀▀[38;2;24;82;98m▀[38;2;78;143;152;48;2;49;49;57m▀[38;2;148;205;213;48;2;148;205;213m▀[38;2;98;98;98;48;2;98;98;98m▀▀▀▀▀▀[48;2;49;49;57m▀[38;2;49;49;57;48;2;78;143;152m▀[38;2;78;143;152;48;2;148;205;213m▀▀[38;2;148;205;213;48;2;78;143;152m▀▀▀[38;2;78;143;152m▀▀▀▀[48;2;24;24;32m▀▀[38;2;24;82;98;48;2;197;74;65m▀▀[38;2;197;74;65m▀▀▀▀▀▀▀[48;2;123;32;0m▀[48;2;49;49;57m▀[48;2;197;74;65m▀▀▀▀[38;2;123;32;0;48;2;123;32;0m▀[0m
[0m          [38;2;123;32;0m▄[48;2;197;74;65m▀[38;2;197;74;65m▀▀▀▀[38;2;24;82;98;48;2;123;32;0m▀[38;2;148;205;213;48;2;24;82;98m▀[38;2;98;98;98;48;2;98;98;98m▀▀▀▀▀[48;2;49;49;57m▀[38;2;49;49;57m▀[38;2;148;205;213;48;2;148;205;213m▀[38;2;98;98;98m▀[38;2;148;205;213;48;2;78;143;152m▀▀[38;2;78;143;152m▀▀[48;2;24;24;32m▀▀[38;2;24;24;32;49m▀▀[0m [38;2;24;24;32m▀[38;2;197;74;65;48;2;24;24;32m▀[48;2;197;74;65m▀▀▀▀▀▀▀▀[38;2;123;32;0;48;2;123;32;0m▀[38;2;49;49;57m▀[38;2;197;74;65;48;2;197;74;65m▀▀▀▀[38;2;123;32;0m▀[49m▄[0m
[0m       [38;2;24;24;32m▀[38;2;123;32;0m▀[38;2;197;74;65;48;2;24;24;32m▀[48;2;123;32;0m▀[48;2;197;74;65m▀▀▀▀[48;2;24;24;32m▀▀[38;2;24;24;32;49m▀[38;2;98;98;98;48;2;24;24;32m▀[48;2;98;98;98m▀▀▀[48;2;49;49;57m▀[38;2;49;49;57m▀[38;2;148;205;213;48;2;78;143;152m▀[38;2;78;143;152;48;2;24;24;32m▀▀▀[38;2;24;24;32;49m▀▀▀[0m       [38;2;24;24;32m▀[38;2;197;74;65;48;2;24;24;32m▀▀[48;2;197;74;65m▀▀▀▀▀▀▀▀▀▀▀▀▀[38;2;123;32;0m▀[49m▄▄[0m [38;2;197;74;65m▄[48;2;24;24;32m▀[0m
[0m           [38;2;24;24;32m▀▀▀▀[0m   [38;2;24;24;32m▀[38;2;98;98;98;48;2;24;24;32m▀[48;2;98;98;98m▀[48;2;49;49;57m▀[38;2;49;49;57;48;2;24;24;32m▀[38;2;24;24;32;49m▀▀[0m                [38;2;24;24;32m▀[38;2;123;32;0m▀[38;2;197;74;65;48;2;123;32;0m▀▀▀▀[48;2;197;74;65m▀▀▀▀▀▀▀▀▀▀[48;2;24;24;32m▀[38;2;24;24;32;49m▀[0m
[0m                   [38;2;24;24;32m▀[38;2;98;98;98;48;2;24;24;32m▀[38;2;24;24;32;49m▀[0m                          [38;2;123;32;0m▀▀▀▀[38;2;24;24;32m▀▀▀▀[0m
