[0m             [38;2;131;106;65m▄▄[48;2;172;148;57m▀[48;2;0;0;0m▀[0m       [38;2;131;106;65m▄▄[38;2;0;0;0m▄[0m
[0m          [38;2;131;106;65m▄[48;2;172;148;57m▀▀[38;2;172;148;57;48;2;131;106;65m▀[48;2;0;0;0m▀[38;2;0;0;0;49m▀[0m   [38;2;131;106;65m▄▄▄[48;2;172;148;57m▀[48;2;230;205;123m▀[38;2;230;205;123;48;2;0;0;0m▀[38;2;0;0;0;49m▀[0m
[0m        [38;2;131;106;65m▄[48;2;172;148;57m▀▀[48;2;0;0;0m▀[38;2;0;0;0;49m▀[0m     [38;2;131;106;65;48;2;131;106;65m▀[38;2;172;148;57m▀[38;2;230;205;123;48;2;172;148;57m▀[48;2;0;0;0m▀[38;2;131;106;65;49m▀▀[0m
[0m        [38;2;131;106;65;48;2;131;106;65m▀[38;2;172;148;57;48;2;172;148;57m▀▀[38;2;131;106;65m▀[38;2;0;0;0;48;2;0;0;0m▀[0m    [38;2;131;106;65;48;2;131;106;65m▀[38;2;230;205;123;48;2;172;148;57m▀[48;2;230;205;123m▀[38;2;0;0;0m▀[49m▄[0m
[0m     [38;2;131;106;65m▄[48;2;172;148;57m▀▀[38;2;172;148;57m▀[38;2;131;106;65m▀[38;2;172;148;57;48;2;0;0;0m▀[38;2;0;0;0;49m▀[0m  [38;2;131;106;65m▄[48;2;230;205;123m▀▀[38;2;230;205;123m▀▀[48;2;172;148;57m▀[48;2;0;0;0m▀[38;2;0;0;0;49m▀[0m
[0m     [38;2;131;106;65m▀[38;2;172;148;57;48;2;131;106;65m▀[48;2;172;148;57m▀[48;2;131;106;65m▀[38;2;131;106;65;49m▀[0m   [38;2;131;106;65m▄[38;2;172;148;57;48;2;230;205;123m▀[38;2;230;205;123;48;2;172;148;57m▀▀[38;2;131;106;65;48;2;0;0;0m▀[38;2;0;0;0;49m▀▀[0m
[0m    [38;2;131;106;65m▄[38;2;172;148;57;48;2;230;205;123m▀▀[38;2;230;205;123;48;2;0;0;0m▀[38;2;0;0;0;49m▀[0m [38;2;131;106;65m▄[48;2;172;148;57m▀[48;2;230;205;123m▀[38;2;172;148;57m▀[38;2;230;205;123m▀▀[38;2;0;0;0;48;2;0;0;0m▀[0m
[0m   [38;2;131;106;65m▄[38;2;172;148;57;48;2;230;205;123m▀▀[48;2;57;57;65m▀[38;2;57;57;65;48;2;84;84;84m▀[48;2;131;106;65m▀[48;2;230;205;123m▀[38;2;230;205;123;48;2;172;148;57m▀[48;2;230;205;123m▀[38;2;172;148;57;48;2;0;0;0m▀[38;2;230;205;123m▀[38;2;0;0;0;48;2;84;84;84m▀▀[49m▄[38;2;8;82;90m▄[48;2;24;172;180m▀▀[48;2;0;0;0m▀[0m
[0m   [38;2;131;106;65;48;2;131;106;65m▀[38;2;172;148;57;48;2;84;84;84m▀[38;2;57;57;65;48;2;106;106;106m▀[38;2;106;106;106;48;2;131;106;65m▀[38;2;131;106;65;48;2;230;205;123m▀[38;2;230;205;123;48;2;172;148;57m▀[48;2;57;57;65m▀[38;2;131;106;65m▀[48;2;24;172;180m▀[38;2;84;84;84m▀▀[48;2;8;82;90m▀[38;2;8;82;90;48;2;24;172;180m▀▀[38;2;24;172;180m▀▀[38;2;0;0;0;48;2;0;0;0m▀[0m
[38;2;57;57;65;49m▄▄[48;2;106;106;106m▀[38;2;84;84;84m▀[38;2;106;106;106m▀[48;2;139;180;197m▀[48;2;255;255;255m▀[38;2;84;84;84;48;2;0;0;0m▀[38;2;131;106;65;48;2;131;106;65m▀[38;2;255;255;255;48;2;255;255;255m▀[38;2;139;180;197;48;2;139;180;197m▀[38;2;57;57;65;48;2;49;123;139m▀[38;2;24;172;180;48;2;8;82;90m▀[38;2;8;82;90;48;2;24;172;180m▀[38;2;24;172;180m▀▀▀▀[38;2;8;82;90;48;2;0;0;0m▀[0m
[38;2;49;123;139;48;2;49;123;139m▀[38;2;197;222;238;48;2;139;180;197m▀[38;2;49;123;139;48;2;197;222;238m▀[38;2;197;222;238m▀▀▀[48;2;49;123;139m▀▀[48;2;139;180;197m▀[38;2;139;180;197;48;2;197;222;238m▀[38;2;197;222;238m▀[38;2;49;123;139;48;2;49;123;139m▀[38;2;0;0;0;48;2;0;0;0m▀[38;2;24;172;180;48;2;24;172;180m▀▀▀▀[48;2;8;82;90m▀[38;2;0;0;0;49m▀[0m
[0m [38;2;8;82;90m▀[38;2;139;180;197;48;2;8;82;90m▀[38;2;197;222;238;48;2;49;123;139m▀[48;2;197;222;238m▀[38;2;139;180;197;48;2;84;84;84m▀[38;2;197;222;238m▀[48;2;0;0;0m▀[38;2;49;123;139;48;2;197;222;238m▀▀[38;2;139;180;197;48;2;49;123;139m▀[38;2;8;82;90;48;2;8;82;90m▀[38;2;24;172;180;48;2;24;172;180m▀▀▀▀▀[38;2;8;82;90;48;2;0;0;0m▀[0m
[0m    [38;2;49;123;139m▀▀[38;2;197;222;238;48;2;0;0;0m▀▀[48;2;139;180;197m▀[38;2;139;180;197;48;2;49;123;139m▀[38;2;49;123;139m▀[38;2;0;0;0;48;2;0;0;0m▀[38;2;24;172;180;48;2;24;172;180m▀▀▀▀▀[38;2;0;0;0;48;2;0;0;0m▀[0m
[0m  [38;2;84;84;84m▄▄[38;2;189;189;189m▄[0m [38;2;8;82;90;48;2;8;82;90m▀[38;2;49;123;139;48;2;49;123;139m▀[38;2;8;82;90;48;2;8;82;90m▀[38;2;49;123;139;48;2;189;189;189m▀[48;2;8;82;90m▀[38;2;0;0;0;48;2;24;172;180m▀[38;2;24;172;180m▀[48;2;106;106;106m▀[38;2;106;106;106m▀[38;2;24;172;180;48;2;24;172;180m▀▀[38;2;0;0;0;48;2;0;0;0m▀[0m
[0m  [38;2;84;84;84m▀[38;2;255;255;255;48;2;84;84;84m▀[38;2;189;189;189;48;2;255;255;255m▀[38;2;84;84;84m▀▀[38;2;0;0;0m▀[38;2;255;255;255m▀▀[38;2;8;82;90;48;2;8;82;90m▀[38;2;24;172;180;48;2;24;172;180m▀[38;2;106;106;106;48;2;84;84;84m▀[48;2;106;106;106m▀[38;2;84;84;84;48;2;24;172;180m▀[38;2;24;172;180m▀▀[38;2;0;0;0;48;2;8;82;90m▀[0m           [38;2;172;148;57m▄[48;2;230;205;123m▀[38;2;131;106;65;48;2;0;0;0m▀[0m           [38;2;49;123;139m▄▄[48;2;197;222;238m▀▀▀[48;2;0;0;0m▀[0m
[0m  [38;2;189;189;189m▄[48;2;255;255;255m▀▀[38;2;255;255;255m▀▀▀▀[38;2;8;82;90;48;2;8;82;90m▀[38;2;24;172;180;48;2;24;172;180m▀▀▀[48;2;106;106;106m▀[38;2;84;84;84m▀[38;2;24;172;180;48;2;24;172;180m▀▀▀[38;2;8;82;90;48;2;0;0;0m▀[0m       [38;2;131;106;65m▄[48;2;230;205;123m▀[38;2;172;148;57m▀[38;2;230;205;123m▀[48;2;131;106;65m▀[38;2;0;0;0;49m▀[0m       [38;2;49;123;139m▄▄[48;2;197;222;238m▀▀[38;2;197;222;238m▀▀▀[48;2;0;0;0m▀[38;2;0;0;0;49m▀[0m
[0m [38;2;189;189;189;48;2;189;189;189m▀[38;2;255;255;255;48;2;255;255;255m▀▀▀▀▀▀[48;2;0;0;0m▀[38;2;0;0;0;48;2;24;172;180m▀[38;2;24;172;180m▀▀▀[38;2;84;84;84m▀[38;2;24;172;180m▀▀▀▀[38;2;0;0;0;48;2;0;0;0m▀[0m     [38;2;172;148;57m▄[38;2;131;106;65;48;2;230;205;123m▀[38;2;230;205;123m▀▀▀▀[38;2;0;0;0;48;2;0;0;0m▀[0m     [38;2;49;123;139m▄[48;2;197;222;238m▀▀[38;2;197;222;238m▀▀▀▀▀▀[38;2;49;123;139;48;2;0;0;0m▀[49m▀[0m
[38;2;189;189;189;48;2;189;189;189m▀[38;2;255;255;255;48;2;255;255;255m▀▀▀▀▀▀▀[38;2;0;0;0;48;2;0;0;0m▀[38;2;24;172;180;48;2;24;172;180m▀▀▀▀▀▀▀▀▀▀[38;2;0;0;0;48;2;0;0;0m▀[0m   [38;2;131;106;65m▄[48;2;230;205;123m▀[38;2;230;205;123m▀▀▀▀[38;2;131;106;65;48;2;0;0;0m▀[0m  [38;2;131;106;65m▄▄[38;2;49;123;139;48;2;131;106;65m▀[38;2;139;180;197m▀[38;2;197;222;238;48;2;197;222;238m▀▀▀▀▀▀▀[48;2;49;123;139m▀[38;2;0;0;0m▀[38;2;49;123;139;49m▄▄[48;2;197;222;238m▀▀▀▀[38;2;0;0;0;49m▄[0m
[38;2;84;84;84;48;2;84;84;84m▀[38;2;255;255;255;48;2;255;255;255m▀▀▀▀▀[38;2;189;189;189;48;2;189;189;189m▀[38;2;255;255;255;48;2;255;255;255m▀[38;2;189;189;189;48;2;189;189;189m▀[38;2;0;0;0;48;2;0;0;0m▀[38;2;24;172;180;48;2;24;172;180m▀▀▀▀▀▀▀▀▀▀[38;2;8;82;90m▀[49m▄[38;2;131;106;65;48;2;131;106;65m▀[38;2;230;205;123;48;2;230;205;123m▀▀▀▀▀[48;2;131;106;65m▀[38;2;131;106;65;48;2;230;205;123m▀▀▀[38;2;230;205;123m▀▀[48;2;0;0;0m▀[38;2;0;0;0;48;2;197;222;238m▀[38;2;197;222;238m▀▀▀▀▀▀[38;2;139;180;197m▀[38;2;197;222;238m▀▀▀▀▀▀[48;2;0;0;0m▀[38;2;0;0;0;49m▀[0m
[38;2;84;84;84;48;2;84;84;84m▀[38;2;255;255;255;48;2;255;255;255m▀▀▀▀▀▀[38;2;189;189;189;48;2;84;84;84m▀[48;2;189;189;189m▀▀[38;2;0;0;0m▀[38;2;24;172;180;48;2;0;0;0m▀[48;2;24;172;180m▀▀▀▀▀▀▀▀[48;2;131;106;65m▀[38;2;131;106;65;48;2;230;205;123m▀[38;2;230;205;123m▀▀▀▀▀▀[38;2;172;148;57m▀[38;2;230;205;123m▀▀▀[48;2;0;0;0m▀[38;2;0;0;0;48;2;8;82;90m▀[38;2;139;180;197m▀[38;2;197;222;238m▀▀▀[48;2;197;222;238m▀▀▀▀▀▀▀▀[48;2;0;0;0m▀[38;2;139;180;197m▀[38;2;0;0;0;49m▀[0m
[0m [38;2;84;84;84;48;2;84;84;84m▀[38;2;255;255;255;48;2;255;255;255m▀▀▀[48;2;189;189;189m▀[38;2;189;189;189m▀▀[38;2;84;84;84m▀▀[38;2;0;0;0m▀[38;2;24;172;180;48;2;0;0;0m▀[48;2;24;172;180m▀▀▀▀▀▀▀[48;2;131;106;65m▀[38;2;131;106;65;48;2;230;205;123m▀[38;2;230;205;123m▀▀▀▀▀▀▀▀▀[48;2;131;106;65m▀[38;2;0;0;0;48;2;24;172;180m▀[38;2;24;172;180m▀▀▀▀▀▀[38;2;8;82;90m▀[38;2;0;0;0m▀[38;2;197;222;238;48;2;0;0;0m▀[48;2;197;222;238m▀▀[48;2;49;123;139m▀[48;2;0;0;0m▀[38;2;0;0;0;49m▀[0m
[0m  [38;2;0;0;0m▀[38;2;189;189;189;48;2;0;0;0m▀[38;2;255;255;255;48;2;84;84;84m▀[38;2;189;189;189;48;2;189;189;189m▀▀▀▀[48;2;84;84;84m▀[48;2;189;189;189m▀▀[38;2;0;0;0;48;2;0;0;0m▀[38;2;24;172;180;48;2;24;172;180m▀▀▀▀▀[48;2;172;148;57m▀[38;2;131;106;65;48;2;230;205;123m▀[38;2;230;205;123m▀▀[48;2;131;106;65m▀[48;2;0;0;0m▀▀[48;2;131;106;65m▀[48;2;230;205;123m▀▀▀[38;2;172;148;57m▀[38;2;131;106;65m▀▀▀▀[38;2;24;172;180;48;2;0;0;0m▀[48;2;24;172;180m▀▀▀▀▀[38;2;8;82;90m▀[38;2;197;222;238;48;2;0;0;0m▀[38;2;139;180;197;48;2;139;180;197m▀▀▀[38;2;0;0;0m▀[38;2;49;123;139;48;2;49;123;139m▀[38;2;0;0;0;49m▄[0m
[0m     [38;2;0;0;0;48;2;8;82;90m▀[38;2;189;189;189;48;2;84;84;84m▀[48;2;189;189;189m▀▀▀[38;2;84;84;84;48;2;0;0;0m▀[38;2;189;189;189m▀[48;2;189;189;189m▀[38;2;0;0;0;48;2;0;0;0m▀[38;2;24;172;180;48;2;24;172;180m▀▀▀▀[38;2;172;148;57;48;2;172;148;57m▀[38;2;230;205;123;48;2;131;106;65m▀[38;2;131;106;65;48;2;24;172;180m▀▀[38;2;24;172;180m▀▀▀▀[38;2;0;0;0m▀[38;2;230;205;123;48;2;131;106;65m▀[48;2;230;205;123m▀▀▀[48;2;0;0;0m▀▀[38;2;0;0;0;48;2;24;172;180m▀[38;2;24;172;180m▀▀▀▀▀[48;2;84;84;84m▀[48;2;24;172;180m▀[38;2;0;0;0;48;2;8;82;90m▀[38;2;139;180;197;48;2;139;180;197m▀[48;2;49;123;139m▀[48;2;0;0;0m▀▀▀▀[38;2;0;0;0;49m▀[0m
[0m     [38;2;8;82;90;48;2;8;82;90m▀[38;2;49;123;139;48;2;49;123;139m▀[38;2;84;84;84;48;2;84;84;84m▀[38;2;189;189;189;48;2;189;189;189m▀[48;2;84;84;84m▀[38;2;0;0;0;48;2;49;123;139m▀[38;2;49;123;139m▀[38;2;0;0;0m▀▀[38;2;24;172;180m▀[48;2;24;172;180m▀▀[38;2;49;123;139;48;2;49;123;139m▀[38;2;24;172;180;48;2;24;172;180m▀▀▀▀▀▀▀▀▀[38;2;131;106;65;48;2;0;0;0m▀[38;2;230;205;123m▀[38;2;0;0;0;48;2;24;172;180m▀▀[38;2;24;172;180m▀[48;2;49;123;139m▀[48;2;8;82;90m▀[38;2;8;82;90;48;2;24;172;180m▀[38;2;24;172;180m▀▀[48;2;84;84;84m▀[48;2;24;172;180m▀[38;2;106;106;106m▀[48;2;84;84;84m▀[38;2;24;172;180;48;2;24;172;180m▀[38;2;0;0;0;48;2;0;0;0m▀[38;2;139;180;197m▀[38;2;49;123;139m▀[0m
[0m      [38;2;8;82;90;48;2;8;82;90m▀[38;2;84;84;84;48;2;84;84;84m▀[38;2;189;189;189;48;2;0;0;0m▀[38;2;0;0;0;48;2;49;123;139m▀[38;2;49;123;139m▀▀▀▀▀▀[48;2;8;82;90m▀[38;2;24;172;180;48;2;24;172;180m▀▀▀▀▀▀▀▀▀▀[38;2;49;123;139;48;2;8;82;90m▀[48;2;49;123;139m▀▀▀▀▀[38;2;8;82;90;48;2;0;0;0m▀[38;2;24;172;180;48;2;24;172;180m▀▀▀[38;2;106;106;106m▀[48;2;106;106;106m▀[38;2;24;172;180;48;2;84;84;84m▀[48;2;24;172;180m▀▀[38;2;0;0;0;48;2;0;0;0m▀[0m
[0m     [38;2;8;82;90;48;2;8;82;90m▀[38;2;49;123;139;48;2;49;123;139m▀▀▀[48;2;8;82;90m▀[48;2;49;123;139m▀▀▀▀▀▀[38;2;8;82;90;48;2;8;82;90m▀[38;2;24;172;180;48;2;24;172;180m▀▀▀▀▀▀▀▀▀▀[38;2;0;0;0;48;2;0;0;0m▀[38;2;49;123;139;48;2;49;123;139m▀[48;2;0;0;0m▀▀[48;2;49;123;139m▀▀[38;2;0;0;0m▀[38;2;24;172;180;48;2;8;82;90m▀[48;2;24;172;180m▀▀▀[38;2;106;106;106m▀[48;2;106;106;106m▀[38;2;24;172;180;48;2;24;172;180m▀▀[38;2;0;0;0;48;2;0;0;0m▀[0m
[0m   [38;2;0;0;0m▄[48;2;49;123;139m▀[38;2;49;123;139m▀▀▀▀▀[38;2;8;82;90m▀[38;2;0;0;0m▀[38;2;49;123;139;48;2;8;82;90m▀[48;2;0;0;0m▀▀▀[48;2;8;82;90m▀[38;2;8;82;90m▀[38;2;24;172;180;48;2;24;172;180m▀▀▀▀▀▀▀▀[48;2;8;82;90m▀[38;2;0;0;0;48;2;49;123;139m▀[38;2;8;82;90m▀[38;2;49;123;139m▀[38;2;8;82;90;48;2;8;82;90m▀[38;2;0;0;0;49m▀▀[38;2;49;123;139;48;2;8;82;90m▀[38;2;0;0;0m▀[38;2;24;172;180;48;2;0;0;0m▀[48;2;24;172;180m▀▀▀▀▀▀[38;2;0;0;0;48;2;0;0;0m▀[0m
[0m [38;2;8;82;90m▄[48;2;49;123;139m▀[38;2;49;123;139;48;2;24;172;180m▀▀▀▀▀[48;2;49;123;139m▀▀▀[48;2;0;0;0m▀[38;2;0;0;0;49m▀[0m     [38;2;8;82;90m▀[38;2;24;172;180;48;2;8;82;90m▀[48;2;24;172;180m▀▀▀▀▀▀[38;2;0;0;0;48;2;0;0;0m▀[38;2;49;123;139;48;2;49;123;139m▀▀[48;2;8;82;90m▀[38;2;8;82;90;49m▀[0m    [38;2;0;0;0m▀[38;2;24;172;180;48;2;0;0;0m▀[48;2;24;172;180m▀▀▀▀▀[38;2;8;82;90m▀[38;2;0;0;0;49m▄[0m
[0m [38;2;8;82;90;48;2;8;82;90m▀[38;2;24;172;180;48;2;24;172;180m▀▀▀▀▀▀▀[38;2;49;123;139;48;2;0;0;0m▀[38;2;0;0;0;49m▀[0m        [38;2;0;0;0m▀[38;2;24;172;180;48;2;8;82;90m▀[48;2;24;172;180m▀▀▀▀▀[38;2;0;0;0;48;2;0;0;0m▀[38;2;49;123;139;48;2;49;123;139m▀▀[38;2;8;82;90;48;2;8;82;90m▀[0m       [38;2;8;82;90;48;2;0;0;0m▀[38;2;24;172;180;48;2;24;172;180m▀▀▀▀▀[38;2;0;0;0;48;2;0;0;0m▀[0m
[0m  [38;2;8;82;90;48;2;0;0;0m▀[38;2;24;172;180;48;2;24;172;180m▀▀▀▀▀▀[38;2;0;0;0;48;2;49;123;139m▀[49m▄[0m         [38;2;0;0;0;48;2;0;0;0m▀[38;2;24;172;180;48;2;24;172;180m▀▀▀▀▀[38;2;0;0;0m▀[38;2;49;123;139;48;2;0;0;0m▀[48;2;49;123;139m▀[38;2;8;82;90m▀[49m▄[0m       [38;2;0;0;0m▀[38;2;24;172;180;48;2;8;82;90m▀[48;2;24;172;180m▀▀▀▀[38;2;0;0;0;48;2;57;57;65m▀[49m▄[0m
[0m   [38;2;8;82;90;48;2;0;0;0m▀[38;2;24;172;180;48;2;24;172;180m▀▀▀▀▀[38;2;49;123;139;48;2;84;84;84m▀[38;2;0;0;0;48;2;106;106;106m▀[49m▄[0m        [38;2;0;0;0m▀[38;2;24;172;180;48;2;8;82;90m▀[48;2;24;172;180m▀▀▀▀[48;2;84;84;84m▀[38;2;0;0;0;48;2;0;0;0m▀[38;2;49;123;139;48;2;49;123;139m▀[48;2;57;57;65m▀[38;2;57;57;65;48;2;84;84;84m▀[49m▄[0m       [38;2;8;82;90;48;2;0;0;0m▀[38;2;24;172;180;48;2;24;172;180m▀▀▀[38;2;84;84;84;48;2;84;84;84m▀[38;2;106;106;106;48;2;106;106;106m▀[38;2;0;0;0;48;2;57;57;65m▀[0m
[0m    [38;2;0;0;0;48;2;0;0;0m▀[38;2;24;172;180;48;2;84;84;84m▀[48;2;24;172;180m▀▀[48;2;84;84;84m▀[38;2;84;84;84;48;2;106;106;106m▀[38;2;106;106;106m▀[38;2;0;0;0;48;2;139;180;197m▀[49m▄[0m        [38;2;0;0;0;48;2;0;0;0m▀[38;2;24;172;180;48;2;84;84;84m▀[48;2;24;172;180m▀[48;2;84;84;84m▀[38;2;84;84;84;48;2;106;106;106m▀[38;2;106;106;106m▀[38;2;57;57;65;48;2;57;57;65m▀[38;2;0;0;0;48;2;0;0;0m▀[38;2;84;84;84;48;2;84;84;84m▀[48;2;57;57;65m▀[38;2;57;57;65;48;2;139;180;197m▀[38;2;8;82;90;49m▄[0m      [38;2;0;0;0;48;2;0;0;0m▀[38;2;84;84;84;48;2;106;106;106m▀[38;2;24;172;180;48;2;84;84;84m▀[38;2;84;84;84;48;2;106;106;106m▀[38;2;106;106;106m▀[38;2;57;57;65;48;2;84;84;84m▀[38;2;197;222;238;48;2;197;222;238m▀[38;2;0;0;0;48;2;0;0;0m▀[0m
[0m    [38;2;0;0;0m▀[38;2;106;106;106;48;2;0;0;0m▀[48;2;106;106;106m▀[38;2;84;84;84m▀[38;2;106;106;106m▀[48;2;84;84;84m▀[38;2;84;84;84;48;2;197;222;238m▀[38;2;197;222;238m▀▀[38;2;0;0;0m▀[49m▄[0m      [38;2;0;0;0;48;2;0;0;0m▀[38;2;106;106;106;48;2;106;106;106m▀[38;2;84;84;84m▀[38;2;106;106;106m▀[48;2;84;84;84m▀[38;2;84;84;84;48;2;197;222;238m▀[38;2;197;222;238m▀[38;2;0;0;0;48;2;0;0;0m▀[38;2;139;180;197;48;2;139;180;197m▀▀▀[38;2;8;82;90;48;2;8;82;90m▀[0m      [38;2;0;0;0;48;2;8;82;90m▀[38;2;57;57;65;48;2;197;222;238m▀[38;2;106;106;106;48;2;84;84;84m▀▀[38;2;84;84;84;48;2;197;222;238m▀[38;2;197;222;238m▀▀[38;2;0;0;0m▀[49m▄[0m
[0m     [38;2;0;0;0;48;2;0;0;0m▀[38;2;84;84;84;48;2;139;180;197m▀[38;2;106;106;106;48;2;84;84;84m▀[38;2;84;84;84;48;2;197;222;238m▀[38;2;197;222;238m▀▀▀▀▀[38;2;0;0;0m▀[49m▄[0m     [38;2;0;0;0;48;2;0;0;0m▀[38;2;84;84;84;48;2;197;222;238m▀[38;2;106;106;106;48;2;84;84;84m▀[38;2;84;84;84;48;2;197;222;238m▀[38;2;197;222;238m▀▀▀▀[38;2;0;0;0;48;2;0;0;0m▀[38;2;139;180;197;48;2;139;180;197m▀▀[38;2;8;82;90;48;2;8;82;90m▀[0m     [38;2;8;82;90;48;2;8;82;90m▀[38;2;197;222;238;48;2;197;222;238m▀▀▀▀▀▀▀▀[38;2;0;0;0;48;2;0;0;0m▀[0m
[0m     [38;2;49;123;139;48;2;57;57;65m▀[38;2;197;222;238m▀▀[48;2;84;84;84m▀[48;2;197;222;238m▀▀▀▀▀[48;2;0;0;0m▀[38;2;0;0;0;49m▀[0m    [38;2;0;0;0;48;2;0;0;0m▀[38;2;197;222;238;48;2;57;57;65m▀▀[48;2;49;123;139m▀[48;2;197;222;238m▀▀▀▀▀[38;2;0;0;0m▀[38;2;139;180;197;48;2;0;0;0m▀[38;2;8;82;90;49m▀[0m     [38;2;84;84;84m▄[38;2;57;57;65;48;2;106;106;106m▀▀[38;2;0;0;0m▀[48;2;84;84;84m▀[38;2;197;222;238;48;2;0;0;0m▀[48;2;57;57;65m▀[48;2;197;222;238m▀▀▀[38;2;0;0;0m▀[49m▄[0m
[0m   [38;2;84;84;84m▄[48;2;106;106;106m▀[38;2;106;106;106m▀▀▀▀[38;2;57;57;65m▀[38;2;197;222;238;48;2;57;57;65m▀[48;2;197;222;238m▀▀[48;2;0;0;0m▀[38;2;0;0;0;49m▀[0m   [38;2;84;84;84m▄[38;2;0;0;0;48;2;106;106;106m▀[38;2;106;106;106m▀▀▀[38;2;0;0;0m▀[48;2;84;84;84m▀[38;2;197;222;238;48;2;0;0;0m▀[48;2;197;222;238m▀▀▀▀[38;2;0;0;0;48;2;0;0;0m▀[0m     [38;2;84;84;84;48;2;57;57;65m▀[38;2;106;106;106;48;2;106;106;106m▀▀▀[48;2;84;84;84m▀[38;2;84;84;84m▀▀▀[38;2;57;57;65;48;2;0;0;0m▀[38;2;197;222;238;48;2;197;222;238m▀▀[48;2;0;0;0m▀[38;2;0;0;0;49m▀[0m
[0m   [38;2;84;84;84m▀[38;2;106;106;106;48;2;57;57;65m▀▀[48;2;0;0;0m▀▀▀▀[38;2;0;0;0;49m▀▀▀[0m    [38;2;84;84;84;48;2;84;84;84m▀[38;2;106;106;106;48;2;106;106;106m▀▀▀▀▀▀[38;2;84;84;84;48;2;84;84;84m▀▀[38;2;57;57;65m▀[38;2;197;222;238;48;2;0;0;0m▀▀▀[38;2;0;0;0;49m▀[0m      [38;2;57;57;65m▀▀▀[38;2;0;0;0m▀▀▀▀[38;2;57;57;65m▀[38;2;0;0;0m▀▀[0m
[0m                  [38;2;57;57;65m▀[38;2;0;0;0m▀▀▀▀[38;2;57;57;65m▀[38;2;0;0;0m▀▀▀[0m
