[0m                            [38;2;0;0;0m▄▄[48;2;65;57;49m▀▀▀[49m▄▄[0m       [38;2;41;36;36m▄[38;2;0;0;0m▄▄▄[0m
[0m                         [38;2;41;36;36m▄[38;2;65;57;49m▄[38;2;41;36;36;48;2;98;82;74m▀[38;2;98;82;74;48;2;65;57;49m▀[38;2;65;57;49m▀▀▀▀▀▀[38;2;0;0;0m▀[38;2;41;36;36;49m▄▄▄[48;2;98;82;74m▀▀▀[38;2;98;82;74m▀▀▀[38;2;65;57;49m▀[38;2;0;0;0;48;2;65;57;49m▀▀[49m▄▄[0m
[0m                       [38;2;41;36;36m▄[48;2;98;82;74m▀[38;2;98;82;74m▀▀[48;2;65;57;49m▀[38;2;65;57;49m▀▀[48;2;41;36;36m▀▀▀[48;2;65;57;49m▀[48;2;41;36;36m▀[38;2;41;36;36;48;2;98;82;74m▀▀[38;2;98;82;74m▀▀▀▀▀▀▀▀▀[38;2;65;57;49m▀[48;2;65;57;49m▀▀▀[38;2;0;0;0m▀[49m▄[0m
[0m       [38;2;0;0;0m▄▄[0m     [38;2;41;36;36m▄[38;2;0;0;0;48;2;98;82;74m▀[49m▄[0m    [38;2;41;36;36m▄[48;2;98;82;74m▀[38;2;98;82;74m▀▀▀[48;2;65;57;49m▀[38;2;65;57;49;48;2;41;36;36m▀[38;2;41;36;36;48;2;180;172;172m▀▀[38;2;180;172;172m▀▀[48;2;41;36;36m▀[38;2;41;36;36;48;2;98;82;74m▀[38;2;98;82;74m▀▀▀▀▀▀▀▀▀▀▀▀▀[38;2;65;57;49;48;2;65;57;49m▀▀▀▀▀[38;2;0;0;0m▀[49m▄[0m
[0m     [38;2;0;0;0m▄[48;2;41;36;36m▀[38;2;65;57;49;48;2;65;57;49m▀▀[38;2;0;0;0;48;2;0;0;0m▀[0m    [38;2;41;36;36;48;2;41;36;36m▀[38;2;98;82;74;48;2;98;82;74m▀[38;2;41;36;36m▀[38;2;0;0;0;49m▄[0m  [38;2;41;36;36m▄[48;2;98;82;74m▀[38;2;98;82;74m▀[38;2;0;0;0;48;2;0;0;0m▀[48;2;98;82;74m▀[38;2;98;82;74;48;2;0;0;0m▀[38;2;41;36;36;48;2;131;131;131m▀[38;2;180;172;172;48;2;180;172;172m▀▀▀[48;2;41;36;36m▀[38;2;41;36;36;48;2;98;82;74m▀[38;2;98;82;74m▀▀▀▀[48;2;41;36;36m▀▀[38;2;41;36;36;48;2;180;172;172m▀[48;2;0;0;0m▀▀[38;2;0;0;0;48;2;98;82;74m▀[38;2;41;36;36;48;2;0;0;0m▀[38;2;0;0;0;48;2;180;172;172m▀▀[48;2;131;131;131m▀[38;2;98;82;74;48;2;0;0;0m▀[38;2;65;57;49m▀▀[48;2;65;57;49m▀▀▀▀▀[38;2;0;0;0m▀[49m▄[0m       [38;2;57;57;65m▄▄[48;2;180;172;172m▀[48;2;131;131;131m▀[38;2;0;0;0;49m▄[0m
[0m    [38;2;0;0;0m▄[48;2;65;57;49m▀[38;2;65;57;49m▀▀▀▀[38;2;0;0;0;48;2;0;0;0m▀[0m  [38;2;41;36;36;48;2;41;36;36m▀[38;2;98;82;74;48;2;98;82;74m▀▀▀[38;2;0;0;0;48;2;41;36;36m▀[0m [38;2;41;36;36m▄[48;2;41;36;36m▀[38;2;98;82;74m▀[48;2;0;0;0m▀[38;2;0;0;0;48;2;98;82;74m▀[38;2;98;82;74m▀[38;2;0;0;0m▀[38;2;131;131;131;48;2;0;0;0m▀[38;2;180;172;172;48;2;131;131;131m▀[38;2;131;131;131;48;2;41;36;36m▀[38;2;41;36;36;48;2;98;82;74m▀[38;2;98;82;74m▀▀[48;2;41;36;36m▀▀[38;2;41;36;36;48;2;180;172;172m▀▀[38;2;180;172;172;48;2;0;0;0m▀▀[38;2;0;0;0;48;2;98;82;74m▀[38;2;65;57;49m▀[38;2;98;82;74m▀▀[38;2;65;57;49;48;2;65;57;49m▀[38;2;0;0;0;48;2;0;0;0m▀[38;2;180;172;172;48;2;180;172;172m▀▀▀▀[38;2;131;131;131m▀[38;2;0;0;0m▀▀[38;2;65;57;49;48;2;0;0;0m▀▀[48;2;65;57;49m▀▀[38;2;0;0;0m▀[49m▄[0m    [38;2;131;131;131m▄[38;2;57;57;65;48;2;180;172;172m▀[38;2;180;172;172m▀▀▀[38;2;131;131;131;48;2;131;131;131m▀[38;2;0;0;0m▀[38;2;57;57;65;49m▄[0m
[0m  [38;2;0;0;0m▄[48;2;65;57;49m▀[38;2;65;57;49m▀▀▀▀▀▀▀[38;2;0;0;0m▀[49m▄[48;2;0;0;0m▀[38;2;98;82;74;48;2;98;82;74m▀▀▀[48;2;41;36;36m▀[38;2;41;36;36;48;2;57;57;65m▀▀[38;2;57;57;65m▀▀[38;2;0;0;0;48;2;0;0;0m▀[38;2;98;82;74;48;2;98;82;74m▀▀▀[38;2;0;0;0m▀[38;2;41;36;36;48;2;0;0;0m▀[48;2;98;82;74m▀[38;2;98;82;74m▀[48;2;41;36;36m▀[38;2;41;36;36;48;2;180;172;172m▀[38;2;180;172;172;48;2;0;0;0m▀▀[38;2;0;0;0;48;2;98;82;74m▀▀[38;2;98;82;74m▀▀▀▀▀[38;2;65;57;49;48;2;65;57;49m▀▀[38;2;0;0;0;48;2;0;0;0m▀[38;2;180;172;172;48;2;180;172;172m▀▀▀▀▀▀▀▀▀[38;2;0;0;0m▀▀[48;2;131;131;131m▀[38;2;65;57;49;48;2;0;0;0m▀[38;2;0;0;0m▀[49m▄[38;2;57;57;65m▄[48;2;180;172;172m▀▀▀▀▀[38;2;180;172;172;48;2;57;57;65m▀[38;2;131;131;131;48;2;0;0;0m▀[48;2;131;131;131m▀[38;2;0;0;0;48;2;0;0;0m▀[0m
[0m [38;2;41;36;36m▄[38;2;0;0;0;48;2;98;82;74m▀[38;2;65;57;49;48;2;65;57;49m▀▀▀▀▀▀▀[48;2;0;0;0m▀▀[38;2;41;36;36;48;2;65;57;49m▀[38;2;0;0;0;48;2;0;0;0m▀[38;2;98;82;74;48;2;98;82;74m▀[48;2;41;36;36m▀[38;2;41;36;36;48;2;57;57;65m▀[38;2;57;57;65m▀▀▀▀[48;2;41;36;36m▀[38;2;41;36;36;48;2;98;82;74m▀[38;2;98;82;74m▀▀▀[48;2;65;57;49m▀[48;2;41;36;36m▀[48;2;0;0;0m▀▀[38;2;0;0;0;48;2;98;82;74m▀▀[38;2;98;82;74m▀▀▀▀▀▀▀▀▀[38;2;65;57;49;48;2;65;57;49m▀▀[38;2;0;0;0;48;2;0;0;0m▀[38;2;180;172;172;48;2;180;172;172m▀▀▀▀▀▀▀▀▀▀▀▀▀▀▀▀▀▀▀▀▀▀▀[38;2;0;0;0m▀[48;2;0;0;0m▀[0m
[38;2;65;57;49;49m▄[38;2;41;36;36;48;2;98;82;74m▀[38;2;98;82;74m▀[38;2;65;57;49m▀[48;2;65;57;49m▀▀▀▀[48;2;41;36;36m▀[38;2;41;36;36;49m▀[38;2;0;0;0;48;2;0;0;0m▀[38;2;98;82;74;48;2;98;82;74m▀[38;2;0;0;0m▀[48;2;41;36;36m▀[38;2;98;82;74m▀[38;2;41;36;36;48;2;57;57;65m▀[38;2;57;57;65m▀[48;2;41;36;36m▀[38;2;0;0;0;48;2;98;82;74m▀[38;2;57;57;65;48;2;0;0;0m▀[48;2;57;57;65m▀[38;2;0;0;0;48;2;0;0;0m▀[38;2;98;82;74;48;2;98;82;74m▀▀▀▀▀▀▀[48;2;65;57;49m▀[48;2;0;0;0m▀▀[48;2;98;82;74m▀▀▀▀▀▀▀▀[48;2;65;57;49m▀[38;2;65;57;49m▀▀[38;2;0;0;0;48;2;0;0;0m▀[38;2;180;172;172;48;2;180;172;172m▀▀▀▀▀▀▀▀▀[48;2;147;118;80m▀▀▀[38;2;147;118;80;48;2;255;139;0m▀▀[38;2;180;172;172;48;2;0;0;0m▀[48;2;180;172;172m▀▀▀▀▀▀▀▀▀▀[38;2;0;0;0;48;2;0;0;0m▀[0m
[38;2;65;57;49;48;2;65;57;49m▀[38;2;98;82;74;48;2;98;82;74m▀▀▀[38;2;65;57;49m▀[48;2;65;57;49m▀▀[48;2;41;36;36m▀[38;2;0;0;0;48;2;0;0;0m▀[0m  [38;2;41;36;36;48;2;41;36;36m▀[38;2;98;82;74;48;2;98;82;74m▀▀[38;2;0;0;0;48;2;0;0;0m▀[38;2;57;57;65;48;2;57;57;65m▀[48;2;41;36;36m▀[38;2;41;36;36;48;2;98;82;74m▀[38;2;98;82;74m▀[38;2;0;0;0m▀[38;2;57;57;65;48;2;0;0;0m▀[38;2;0;0;0;48;2;98;82;74m▀[38;2;98;82;74m▀[48;2;0;0;0m▀▀[38;2;65;57;49m▀[38;2;41;36;36;48;2;131;131;131m▀[38;2;0;0;0m▀▀▀[38;2;131;131;131m▀▀[38;2;41;36;36;48;2;41;36;36m▀[38;2;98;82;74;48;2;98;82;74m▀▀▀▀▀▀▀[38;2;65;57;49;48;2;65;57;49m▀▀[38;2;0;0;0;48;2;0;0;0m▀[38;2;180;172;172;48;2;180;172;172m▀▀▀▀▀▀▀[48;2;147;118;80m▀[38;2;147;118;80;48;2;255;139;0m▀▀[38;2;255;139;0m▀▀▀▀▀▀[38;2;0;0;0;48;2;0;0;0m▀[38;2;180;172;172;48;2;180;172;172m▀▀[48;2;131;131;131m▀[38;2;131;131;131;48;2;180;172;172m▀[38;2;180;172;172m▀▀▀▀▀▀[38;2;0;0;0;48;2;0;0;0m▀[0m
[38;2;41;36;36;48;2;41;36;36m▀[38;2;98;82;74;48;2;98;82;74m▀▀▀▀[38;2;65;57;49m▀[48;2;65;57;49m▀[38;2;0;0;0;48;2;0;0;0m▀[0m   [38;2;41;36;36m▀[38;2;98;82;74;48;2;41;36;36m▀[48;2;98;82;74m▀[38;2;41;36;36;48;2;41;36;36m▀[38;2;57;57;65;48;2;57;57;65m▀[38;2;41;36;36;48;2;41;36;36m▀[38;2;98;82;74;48;2;98;82;74m▀▀[48;2;65;57;49m▀[48;2;41;36;36m▀[38;2;65;57;49m▀[38;2;41;36;36;48;2;255;139;0m▀[38;2;180;172;172;48;2;255;255;255m▀[38;2;0;0;0;48;2;0;0;0m▀[38;2;180;164;131;48;2;222;205;172m▀[38;2;57;57;65m▀[38;2;131;131;131;48;2;57;57;65m▀[48;2;180;172;172m▀[38;2;180;172;172m▀▀▀[38;2;41;36;36;48;2;41;36;36m▀[38;2;98;82;74;48;2;98;82;74m▀▀▀▀▀▀[38;2;65;57;49;48;2;65;57;49m▀▀[48;2;0;0;0m▀[38;2;0;0;0;48;2;180;172;172m▀[38;2;180;172;172m▀▀▀▀▀[48;2;147;118;80m▀[38;2;147;118;80;48;2;255;139;0m▀[38;2;255;139;0m▀▀▀▀▀▀▀[48;2;0;0;0m▀[38;2;0;0;0;48;2;180;172;172m▀[38;2;180;172;172m▀▀[48;2;131;131;131m▀[38;2;131;131;131;48;2;180;172;172m▀[38;2;180;172;172m▀▀▀▀▀▀▀▀[38;2;0;0;0;48;2;0;0;0m▀[0m
[0m [38;2;41;36;36;48;2;41;36;36m▀[38;2;98;82;74;48;2;98;82;74m▀▀▀▀[38;2;65;57;49;48;2;0;0;0m▀[38;2;0;0;0;49m▀[0m    [38;2;41;36;36m▀[38;2;98;82;74;48;2;41;36;36m▀[48;2;98;82;74m▀[38;2;41;36;36m▀[38;2;98;82;74m▀[48;2;41;36;36m▀[38;2;41;36;36;48;2;222;205;172m▀[48;2;98;82;74m▀[38;2;255;139;0;48;2;255;255;255m▀[38;2;0;0;0;48;2;255;139;0m▀[38;2;255;139;0;48;2;180;164;131m▀[38;2;255;255;255;48;2;222;205;172m▀[38;2;57;57;65m▀[38;2;222;205;172m▀▀[38;2;57;57;65m▀[38;2;180;172;172;48;2;57;57;65m▀[48;2;180;172;172m▀▀[38;2;41;36;36;48;2;41;36;36m▀[38;2;98;82;74;48;2;98;82;74m▀▀▀▀▀▀[38;2;65;57;49;48;2;65;57;49m▀▀[48;2;0;0;0m▀[38;2;0;0;0;48;2;180;172;172m▀[38;2;180;172;172m▀▀▀▀[48;2;147;118;80m▀[38;2;147;118;80;48;2;255;139;0m▀[38;2;255;139;0m▀▀▀▀▀▀▀[48;2;0;0;0m▀[38;2;0;0;0;48;2;180;172;172m▀[38;2;180;172;172m▀▀▀▀[38;2;131;131;131;48;2;131;131;131m▀[38;2;180;172;172;48;2;180;172;172m▀▀▀▀▀▀▀▀▀[38;2;0;0;0m▀[49m▄[0m
[0m  [38;2;41;36;36;48;2;41;36;36m▀[38;2;98;82;74;48;2;98;82;74m▀▀▀[38;2;0;0;0;48;2;0;0;0m▀[0m     [38;2;147;118;80m▄[38;2;0;0;0;48;2;222;205;172m▀[38;2;98;82;74;48;2;41;36;36m▀[38;2;65;57;49;48;2;180;164;131m▀[38;2;41;36;36;48;2;222;205;172m▀[38;2;147;118;80;48;2;147;118;80m▀[38;2;222;205;172;48;2;222;205;172m▀▀▀▀▀▀▀[38;2;180;164;131;48;2;180;164;131m▀[38;2;222;205;172;48;2;222;205;172m▀▀[38;2;57;57;65;48;2;57;57;65m▀[38;2;180;172;172;48;2;180;172;172m▀[48;2;41;36;36m▀[38;2;41;36;36;48;2;98;82;74m▀[38;2;98;82;74m▀▀▀▀[48;2;65;57;49m▀[38;2;65;57;49m▀▀[48;2;0;0;0m▀[38;2;0;0;0;48;2;180;172;172m▀[38;2;131;131;131;48;2;131;131;131m▀[38;2;180;172;172;48;2;180;172;172m▀▀▀[38;2;147;118;80;48;2;0;0;0m▀[38;2;255;139;0;48;2;255;139;0m▀▀▀▀▀[48;2;0;0;0m▀▀[38;2;0;0;0;48;2;255;139;0m▀▀[38;2;255;139;0m▀[38;2;0;0;0m▀[38;2;180;172;172;48;2;0;0;0m▀[48;2;180;172;172m▀▀▀▀▀▀▀▀▀▀▀▀▀▀[38;2;0;0;0;48;2;0;0;0m▀[0m
[0m   [38;2;41;36;36;48;2;41;36;36m▀[38;2;98;82;74;48;2;98;82;74m▀▀[38;2;41;36;36m▀[49m▄[0m    [38;2;147;118;80;48;2;82;74;65m▀[38;2;222;205;172;48;2;222;205;172m▀[38;2;82;74;65m▀[38;2;222;205;172;48;2;82;74;65m▀[38;2;82;74;65;48;2;222;205;172m▀[38;2;222;205;172m▀▀▀▀▀▀▀▀[38;2;180;164;131m▀[38;2;222;205;172m▀[48;2;180;164;131m▀[38;2;57;57;65;48;2;57;57;65m▀[38;2;131;131;131;48;2;0;0;0m▀[38;2;0;0;0;48;2;98;82;74m▀[38;2;98;82;74m▀▀▀[48;2;65;57;49m▀[38;2;65;57;49m▀▀[48;2;0;0;0m▀[38;2;0;0;0;48;2;180;172;172m▀[38;2;180;172;172m▀[38;2;131;131;131;48;2;57;57;65m▀[38;2;180;172;172;48;2;180;172;172m▀▀▀▀▀[38;2;0;0;0m▀[38;2;255;139;0;48;2;0;0;0m▀[48;2;147;118;80m▀[38;2;0;0;0;48;2;255;139;0m▀[38;2;147;118;80m▀[38;2;255;139;0m▀▀▀▀[48;2;0;0;0m▀▀[38;2;0;0;0;48;2;180;172;172m▀[38;2;180;172;172m▀▀[38;2;131;131;131;48;2;131;131;131m▀[38;2;180;172;172;48;2;180;172;172m▀▀▀▀▀▀▀▀▀▀▀[38;2;0;0;0;48;2;0;0;0m▀[0m
[0m    [38;2;0;0;0m▀[38;2;98;82;74;48;2;0;0;0m▀[48;2;98;82;74m▀[38;2;41;36;36;48;2;41;36;36m▀[0m    [38;2;82;74;65m▀[38;2;222;205;172;48;2;0;0;0m▀[48;2;147;118;80m▀[38;2;147;118;80;48;2;222;205;172m▀[38;2;82;74;65m▀▀▀[38;2;147;118;80m▀[38;2;222;205;172;48;2;82;74;65m▀▀[48;2;147;118;80m▀[48;2;180;164;131m▀▀[38;2;180;164;131m▀▀▀[38;2;57;57;65;48;2;0;0;0m▀[38;2;0;0;0;48;2;98;82;74m▀[38;2;98;82;74m▀▀[48;2;65;57;49m▀[38;2;65;57;49m▀[48;2;0;0;0m▀▀[38;2;0;0;0;48;2;180;172;172m▀[38;2;180;172;172m▀▀[48;2;57;57;65m▀[38;2;57;57;65;48;2;180;172;172m▀[38;2;180;172;172m▀▀▀▀▀▀[38;2;0;0;0m▀[38;2;255;139;0;48;2;0;0;0m▀[48;2;255;139;0m▀▀[48;2;0;0;0m▀▀[38;2;0;0;0;48;2;180;172;172m▀▀[38;2;131;131;131;48;2;57;57;65m▀[38;2;180;172;172;48;2;180;172;172m▀▀▀[48;2;131;131;131m▀[38;2;131;131;131;48;2;57;57;65m▀[38;2;180;172;172;48;2;180;172;172m▀▀▀▀▀▀▀▀▀▀▀[38;2;0;0;0;48;2;57;57;65m▀[0m
[0m      [38;2;0;0;0m▀▀[0m      [38;2;0;0;0m▀[38;2;222;205;172;48;2;0;0;0m▀[48;2;180;164;131m▀▀▀[38;2;180;164;131m▀▀▀▀[38;2;82;74;65m▀[38;2;180;164;131m▀▀▀[38;2;57;57;65;48;2;0;0;0m▀[38;2;0;0;0;48;2;98;82;74m▀[38;2;98;82;74m▀[48;2;65;57;49m▀[38;2;65;57;49m▀[48;2;0;0;0m▀[38;2;0;0;0;48;2;131;131;131m▀[38;2;131;131;131m▀▀▀▀▀[38;2;57;57;65;48;2;0;0;0m▀[38;2;180;172;172;48;2;180;172;172m▀▀▀▀▀▀▀▀▀[38;2;0;0;0m▀▀[38;2;180;172;172m▀▀▀▀[38;2;57;57;65;48;2;0;0;0m▀[38;2;180;172;172;48;2;131;131;131m▀[38;2;131;131;131m▀▀▀[38;2;57;57;65;48;2;57;57;65m▀[38;2;180;172;172;48;2;180;172;172m▀▀▀▀▀▀▀▀▀▀▀[38;2;131;131;131;48;2;131;131;131m▀[38;2;57;57;65;48;2;57;57;65m▀[0m
[0m                [38;2;0;0;0m▀▀[38;2;180;164;131;48;2;0;0;0m▀▀▀▀▀[48;2;82;74;65m▀[38;2;82;74;65;48;2;180;164;131m▀[48;2;147;118;80m▀[48;2;0;0;0m▀[38;2;0;0;0;48;2;98;82;74m▀[38;2;98;82;74;48;2;0;0;0m▀[38;2;65;57;49m▀[38;2;0;0;0;48;2;147;118;80m▀[48;2;180;164;131m▀[38;2;180;164;131m▀[38;2;57;57;65m▀▀[38;2;131;131;131;48;2;57;57;65m▀▀▀▀[38;2;0;0;0m▀[38;2;180;172;172;48;2;0;0;0m▀[48;2;180;172;172m▀▀▀▀▀▀▀▀▀▀▀▀▀[38;2;131;131;131;48;2;131;131;131m▀[38;2;0;0;0;48;2;0;0;0m▀[38;2;131;131;131;48;2;131;131;131m▀[48;2;57;57;65m▀▀▀[48;2;131;131;131m▀[48;2;57;57;65m▀[38;2;180;172;172;48;2;180;172;172m▀▀▀▀▀▀▀▀▀[38;2;131;131;131;48;2;131;131;131m▀▀[38;2;0;0;0;48;2;0;0;0m▀[0m
[0m                   [38;2;57;57;65m▀[38;2;131;131;131;48;2;57;57;65m▀[48;2;131;131;131m▀▀[38;2;82;74;65m▀[38;2;180;164;131;48;2;82;74;65m▀[48;2;180;164;131m▀[38;2;0;0;0m▀[48;2;147;118;80m▀[38;2;180;164;131;48;2;180;164;131m▀▀▀[38;2;147;118;80m▀[38;2;180;164;131;48;2;147;118;80m▀[48;2;180;164;131m▀▀▀▀▀▀▀[38;2;0;0;0;48;2;0;0;0m▀[38;2;180;172;172;48;2;180;172;172m▀▀▀▀▀▀▀▀▀▀▀▀[38;2;131;131;131;48;2;131;131;131m▀[48;2;0;0;0m▀[38;2;0;0;0;48;2;180;164;131m▀[38;2;57;57;65m▀[38;2;180;164;131m▀▀[48;2;0;0;0m▀[38;2;0;0;0;49m▀▀[38;2;57;57;65m▀[38;2;180;172;172;48;2;57;57;65m▀[48;2;180;172;172m▀▀▀▀▀▀[38;2;131;131;131;48;2;131;131;131m▀▀▀▀[38;2;57;57;65;48;2;0;0;0m▀[0m
[0m                    [38;2;57;57;65;48;2;57;57;65m▀[38;2;131;131;131;48;2;131;131;131m▀▀▀▀[38;2;82;74;65m▀[38;2;180;164;131;48;2;82;74;65m▀▀[38;2;147;118;80;48;2;180;164;131m▀[38;2;180;164;131;48;2;147;118;80m▀[48;2;180;164;131m▀▀▀[38;2;147;118;80m▀▀[38;2;180;164;131;48;2;147;118;80m▀▀▀[48;2;180;164;131m▀▀▀[38;2;0;0;0;48;2;0;0;0m▀[38;2;180;172;172;48;2;180;172;172m▀▀▀▀▀▀▀▀▀▀[38;2;131;131;131;48;2;131;131;131m▀▀[38;2;0;0;0;48;2;0;0;0m▀[38;2;180;164;131;48;2;82;74;65m▀[48;2;0;0;0m▀[38;2;82;74;65;48;2;131;131;131m▀[38;2;0;0;0;48;2;57;57;65m▀[0m    [38;2;57;57;65m▀[38;2;131;131;131;48;2;57;57;65m▀[38;2;180;172;172;48;2;131;131;131m▀▀▀[38;2;131;131;131m▀▀▀▀▀▀▀[38;2;0;0;0;48;2;0;0;0m▀[0m
[0m                     [38;2;57;57;65;48;2;0;0;0m▀[38;2;131;131;131;48;2;131;131;131m▀▀▀▀▀▀[38;2;0;0;0m▀▀[38;2;147;118;80;48;2;0;0;0m▀[38;2;180;164;131m▀▀[48;2;180;164;131m▀▀▀▀▀[38;2;147;118;80m▀▀▀▀[38;2;0;0;0m▀[38;2;180;172;172;48;2;0;0;0m▀[48;2;180;172;172m▀▀▀▀▀▀▀▀[38;2;131;131;131;48;2;131;131;131m▀▀▀[38;2;0;0;0;48;2;0;0;0m▀[38;2;131;131;131;48;2;131;131;131m▀[48;2;57;57;65m▀[38;2;57;57;65;49m▀[0m    [38;2;82;74;65m▄[38;2;57;57;65;48;2;180;164;131m▀[38;2;131;131;131;48;2;82;74;65m▀[48;2;131;131;131m▀▀▀▀▀[48;2;82;74;65m▀▀▀[38;2;82;74;65;48;2;180;164;131m▀[38;2;180;164;131m▀[38;2;0;0;0;48;2;0;0;0m▀[0m
[0m                    [38;2;82;74;65m▄[38;2;0;0;0;48;2;222;205;172m▀[38;2;82;74;65m▀[38;2;131;131;131;48;2;82;74;65m▀▀▀▀[48;2;0;0;0m▀▀▀[48;2;82;74;65m▀[38;2;57;57;65;48;2;180;164;131m▀▀[48;2;0;0;0m▀[38;2;0;0;0;49m▀▀▀[38;2;180;164;131;48;2;82;74;65m▀[48;2;0;0;0m▀▀▀▀[48;2;82;74;65m▀▀[38;2;0;0;0;48;2;0;0;0m▀[38;2;180;172;172;48;2;180;172;172m▀▀▀▀▀[48;2;131;131;131m▀[38;2;131;131;131m▀▀▀▀▀[38;2;0;0;0;48;2;0;0;0m▀[38;2;57;57;65;49m▀[0m     [38;2;82;74;65;48;2;82;74;65m▀[38;2;180;164;131;48;2;180;164;131m▀▀[38;2;82;74;65m▀▀[38;2;0;0;0m▀▀▀[38;2;180;164;131m▀▀▀▀[48;2;82;74;65m▀[38;2;0;0;0;48;2;0;0;0m▀[0m
[0m                    [38;2;82;74;65;48;2;0;0;0m▀[38;2;222;205;172;48;2;222;205;172m▀▀▀▀▀[38;2;180;164;131m▀[48;2;180;164;131m▀▀▀▀▀▀[38;2;0;0;0;48;2;0;0;0m▀[0m          [38;2;0;0;0m▄[38;2;57;57;65;48;2;222;205;172m▀[38;2;180;172;172;48;2;82;74;65m▀▀▀▀[38;2;131;131;131;48;2;0;0;0m▀▀▀[48;2;82;74;65m▀[38;2;82;74;65;48;2;180;164;131m▀▀[38;2;180;164;131m▀[38;2;0;0;0;48;2;0;0;0m▀[0m      [38;2;82;74;65;48;2;82;74;65m▀[38;2;180;164;131m▀▀[48;2;180;164;131m▀▀▀[48;2;82;74;65m▀[48;2;0;0;0m▀▀[48;2;82;74;65m▀[38;2;82;74;65;48;2;131;131;131m▀[38;2;0;0;0m▀[38;2;57;57;65;48;2;0;0;0m▀[0m
[0m                   [38;2;57;57;65;48;2;57;57;65m▀[38;2;180;172;172;48;2;180;172;172m▀[38;2;0;0;0;48;2;82;74;65m▀[38;2;222;205;172;48;2;222;205;172m▀▀[48;2;147;118;80m▀[48;2;82;74;65m▀[38;2;180;164;131m▀▀[48;2;0;0;0m▀▀▀[38;2;82;74;65m▀[38;2;0;0;0;49m▀[0m          [38;2;41;36;36m▄[38;2;0;0;0;48;2;0;0;0m▀[38;2;222;205;172;48;2;222;205;172m▀▀▀▀▀▀[48;2;180;164;131m▀[38;2;180;164;131m▀▀▀▀▀[38;2;0;0;0;48;2;0;0;0m▀[0m      [38;2;82;74;65;48;2;82;74;65m▀[38;2;131;131;131;48;2;131;131;131m▀[38;2;82;74;65;48;2;82;74;65m▀[38;2;180;164;131;48;2;222;205;172m▀[38;2;222;205;172m▀[38;2;180;164;131m▀[38;2;0;0;0;48;2;0;0;0m▀[38;2;131;131;131;48;2;131;131;131m▀▀▀▀▀[38;2;0;0;0;48;2;0;0;0m▀[0m
[0m                  [38;2;57;57;65m▄[48;2;82;74;65m▀[38;2;180;172;172m▀[38;2;82;74;65;48;2;222;205;172m▀[38;2;222;205;172m▀▀[38;2;180;164;131m▀[38;2;82;74;65;48;2;0;0;0m▀[38;2;180;172;172;48;2;180;172;172m▀[38;2;131;131;131m▀[48;2;131;131;131m▀▀▀[38;2;0;0;0;48;2;0;0;0m▀[0m          [38;2;41;36;36;48;2;41;36;36m▀[38;2;57;57;65;48;2;57;57;65m▀[48;2;0;0;0m▀[38;2;0;0;0;48;2;131;131;131m▀[38;2;222;205;172;48;2;82;74;65m▀[48;2;222;205;172m▀▀▀[38;2;180;164;131;48;2;147;118;80m▀[48;2;0;0;0m▀▀▀▀[38;2;0;0;0;48;2;131;131;131m▀▀[49m▄[0m     [38;2;147;118;80m▄[38;2;82;74;65;48;2;222;205;172m▀▀[38;2;180;164;131m▀[38;2;222;205;172m▀▀▀[38;2;180;164;131m▀[38;2;0;0;0;48;2;180;164;131m▀▀[38;2;82;74;65m▀[38;2;131;131;131;48;2;82;74;65m▀▀[38;2;0;0;0;48;2;147;118;80m▀[49m▄[0m
[0m                 [38;2;82;74;65;48;2;41;36;36m▀[38;2;222;205;172m▀▀[48;2;222;205;172m▀▀▀▀[38;2;180;164;131;48;2;180;164;131m▀[38;2;0;0;0m▀[38;2;180;172;172;48;2;82;74;65m▀[38;2;131;131;131;48;2;0;0;0m▀▀[48;2;82;74;65m▀▀[38;2;0;0;0;48;2;180;164;131m▀[49m▄[0m        [38;2;41;36;36;48;2;41;36;36m▀[38;2;57;57;65;48;2;57;57;65m▀▀[38;2;0;0;0;48;2;0;0;0m▀[38;2;180;172;172;48;2;180;172;172m▀[38;2;82;74;65;48;2;147;118;80m▀[38;2;222;205;172;48;2;222;205;172m▀▀▀[38;2;0;0;0;48;2;0;0;0m▀[38;2;180;172;172;48;2;180;172;172m▀[38;2;131;131;131m▀[48;2;131;131;131m▀▀▀▀[38;2;0;0;0;48;2;0;0;0m▀[0m    [38;2;147;118;80m▄[48;2;222;205;172m▀[38;2;222;205;172;48;2;41;36;36m▀▀[38;2;41;36;36;48;2;57;57;65m▀▀[48;2;41;36;36m▀[48;2;57;57;65m▀▀[38;2;180;164;131;48;2;41;36;36m▀[48;2;0;0;0m▀[48;2;180;164;131m▀▀▀▀[38;2;0;0;0;48;2;0;0;0m▀[0m
[0m              [38;2;41;36;36m▄[48;2;57;57;65m▀▀[38;2;57;57;65m▀▀[48;2;41;36;36m▀[38;2;41;36;36;48;2;57;57;65m▀▀▀[38;2;180;164;131;48;2;0;0;0m▀▀[48;2;180;164;131m▀▀▀▀▀▀▀[38;2;0;0;0;48;2;0;0;0m▀[0m        [38;2;41;36;36m▀▀[38;2;0;0;0;48;2;0;0;0m▀[38;2;82;74;65;48;2;180;164;131m▀[48;2;222;205;172m▀[38;2;180;164;131m▀[38;2;222;205;172m▀▀▀[38;2;0;0;0;48;2;180;164;131m▀[38;2;180;172;172;48;2;82;74;65m▀▀[38;2;131;131;131;48;2;131;131;131m▀▀▀[48;2;82;74;65m▀[38;2;82;74;65;48;2;180;164;131m▀[38;2;0;0;0;49m▄[0m   [38;2;147;118;80;48;2;0;0;0m▀[38;2;41;36;36;48;2;57;57;65m▀[38;2;57;57;65m▀▀▀[38;2;41;36;36;48;2;41;36;36m▀[38;2;57;57;65;48;2;57;57;65m▀▀▀▀[38;2;41;36;36;48;2;41;36;36m▀[38;2;0;0;0m▀▀[38;2;180;164;131m▀[48;2;180;164;131m▀[38;2;0;0;0;48;2;0;0;0m▀[0m
[0m             [38;2;41;36;36;48;2;41;36;36m▀[38;2;57;57;65;48;2;57;57;65m▀▀▀[48;2;41;36;36m▀[38;2;41;36;36;48;2;57;57;65m▀[38;2;57;57;65m▀▀▀▀[38;2;41;36;36;48;2;41;36;36m▀▀[38;2;0;0;0m▀[38;2;180;164;131;48;2;0;0;0m▀[48;2;180;164;131m▀▀[48;2;82;74;65m▀[48;2;0;0;0m▀▀[38;2;0;0;0;49m▀[0m         [38;2;0;0;0;48;2;0;0;0m▀[38;2;180;164;131;48;2;180;164;131m▀[48;2;41;36;36m▀[38;2;222;205;172m▀▀[48;2;0;0;0m▀▀▀[48;2;41;36;36m▀[48;2;0;0;0m▀[38;2;180;164;131;48;2;180;164;131m▀[38;2;0;0;0m▀▀[38;2;82;74;65m▀[38;2;180;164;131m▀▀[38;2;0;0;0;48;2;0;0;0m▀[0m   [38;2;0;0;0m▀[38;2;57;57;65;48;2;0;0;0m▀▀▀▀[38;2;41;36;36m▀[38;2;57;57;65;48;2;41;36;36m▀[48;2;0;0;0m▀▀[38;2;41;36;36m▀▀▀▀[38;2;0;0;0;49m▀▀[0m
[0m              [38;2;41;36;36m▀[38;2;0;0;0m▀[38;2;57;57;65;48;2;0;0;0m▀[38;2;41;36;36m▀[38;2;57;57;65m▀▀▀▀[38;2;41;36;36m▀▀▀▀▀[38;2;0;0;0;49m▀▀▀[0m           [38;2;41;36;36m▄[48;2;57;57;65m▀▀[38;2;57;57;65m▀▀[48;2;41;36;36m▀[38;2;0;0;0;48;2;57;57;65m▀[38;2;57;57;65m▀▀[38;2;41;36;36m▀[48;2;41;36;36m▀[38;2;0;0;0m▀▀[38;2;180;164;131;48;2;0;0;0m▀▀[48;2;180;164;131m▀[48;2;147;118;80m▀[38;2;0;0;0;48;2;0;0;0m▀[0m
[0m                                         [38;2;41;36;36;48;2;41;36;36m▀[38;2;57;57;65m▀[48;2;57;57;65m▀▀▀[38;2;0;0;0;48;2;0;0;0m▀[38;2;57;57;65;48;2;57;57;65m▀▀▀[48;2;41;36;36m▀[38;2;41;36;36m▀▀[48;2;0;0;0m▀▀▀[38;2;0;0;0;49m▀▀[0m
[0m                                           [38;2;41;36;36m▀▀[38;2;0;0;0m▀▀▀▀▀▀▀▀[0m
