[0m                                         [38;2;115;115;115;48;2;115;115;115m▀[48;2;255;255;255m▀[38;2;16;16;16;49m▄[0m
[0m                                        [38;2;115;115;115m▄[48;2;255;255;255m▀[38;2;255;255;255m▀[48;2;180;180;189m▀[38;2;16;16;16;48;2;16;16;16m▀[0m
[0m                             [38;2;180;180;189m▄▄[48;2;255;255;255m▀▀▀[38;2;115;115;115;49m▄[38;2;16;16;16m▄[0m   [38;2;115;115;115m▄[48;2;255;255;255m▀[38;2;255;255;255m▀▀[38;2;115;115;115;48;2;115;115;115m▀[38;2;255;255;255;48;2;255;255;255m▀[38;2;16;16;16;48;2;16;16;16m▀[0m
[0m                          [38;2;16;16;16m▄▄[38;2;115;115;115;48;2;255;255;255m▀[38;2;255;255;255m▀▀▀▀▀▀▀[38;2;16;16;16m▀[49m▄[38;2;115;115;115;48;2;255;255;255m▀[38;2;255;255;255m▀▀▀▀▀▀[48;2;180;180;189m▀[38;2;16;16;16;48;2;16;16;16m▀[0m
[0m                          [38;2;16;16;16;48;2;90;49;115m▀[38;2;131;65;172;48;2;131;65;172m▀[38;2;16;16;16m▀[38;2;255;255;255;48;2;16;16;16m▀[48;2;255;255;255m▀▀▀[38;2;115;115;115;48;2;16;16;16m▀[38;2;255;255;255;48;2;115;115;115m▀[48;2;255;255;255m▀[48;2;115;115;115m▀[38;2;16;16;16;48;2;16;16;16m▀[38;2;255;255;255;48;2;255;255;255m▀▀▀▀[48;2;180;180;189m▀▀[38;2;180;180;189m▀[48;2;16;16;16m▀[38;2;16;16;16;48;2;180;180;189m▀[38;2;115;115;115;49m▄▄[0m
[0m                         [38;2;115;115;115;48;2;115;115;115m▀[38;2;255;255;255;48;2;255;255;255m▀[38;2;16;16;16;48;2;16;16;16m▀[38;2;131;65;172;48;2;131;65;172m▀▀[38;2;16;16;16m▀[38;2;255;255;255;48;2;16;16;16m▀[48;2;255;255;255m▀▀[38;2;16;16;16m▀▀▀[38;2;255;255;255m▀[48;2;16;16;16m▀[38;2;41;74;49;48;2;74;156;65m▀[38;2;16;16;16;48;2;16;16;16m▀[38;2;180;180;189;48;2;180;180;189m▀▀▀[48;2;16;16;16m▀[38;2;16;16;16;48;2;180;180;189m▀[38;2;180;180;189m▀▀▀[38;2;115;115;115m▀[49m▄[0m
[0m                         [38;2;115;115;115m▀[38;2;255;255;255;48;2;115;115;115m▀[48;2;255;255;255m▀[38;2;16;16;16;48;2;65;32;82m▀[38;2;131;65;172;48;2;90;49;115m▀▀[48;2;74;156;65m▀[38;2;41;74;49m▀▀▀[38;2;255;255;255;48;2;41;74;49m▀▀[38;2;16;16;16;48;2;16;16;16m▀[38;2;74;156;65;48;2;74;156;65m▀▀▀[38;2;16;16;16;48;2;16;16;16m▀[38;2;180;180;189;48;2;180;180;189m▀▀▀▀▀▀▀▀[38;2;16;16;16m▀[49m▄[0m
[0m                    [38;2;65;32;82m▄▄▄[0m   [38;2;41;74;49m▄[48;2;74;156;65m▀[38;2;74;156;65m▀▀[48;2;16;16;16m▀[38;2;41;74;49;48;2;41;74;49m▀[48;2;74;156;65m▀[38;2;74;156;65m▀[48;2;16;16;16m▀[48;2;74;156;65m▀[38;2;16;16;16;48;2;16;16;16m▀[38;2;74;156;65;48;2;41;74;49m▀[38;2;41;74;49;48;2;74;156;65m▀[38;2;74;156;65m▀▀[38;2;16;16;16;48;2;41;74;49m▀[38;2;180;180;189;48;2;180;180;189m▀▀▀▀▀▀▀▀[48;2;16;16;16m▀[38;2;16;16;16;49m▀[0m
[0m                    [38;2;16;16;16m▀[38;2;131;65;172;48;2;16;16;16m▀[48;2;131;65;172m▀[38;2;16;16;16;48;2;90;49;115m▀▀[38;2;41;74;49;48;2;41;74;49m▀[38;2;74;156;65;48;2;74;156;65m▀▀[48;2;65;115;57m▀[38;2;16;16;16;48;2;255;197;0m▀[38;2;255;197;0;48;2;255;255;255m▀[48;2;255;197;0m▀[38;2;74;156;65;48;2;106;65;41m▀[38;2;16;16;16;48;2;115;115;115m▀[38;2;255;255;255;48;2;255;255;255m▀[38;2;16;16;16;48;2;16;16;16m▀[38;2;74;156;65;48;2;74;156;65m▀[38;2;41;74;49;48;2;16;16;16m▀[38;2;74;156;65m▀▀[38;2;41;74;49m▀[38;2;180;180;189;48;2;180;180;189m▀▀▀▀▀▀▀▀[48;2;16;16;16m▀[38;2;16;16;16;49m▀[0m
[0m                      [38;2;16;16;16m▀[38;2;90;49;115;48;2;16;16;16m▀[38;2;41;74;49;48;2;41;74;49m▀[38;2;74;156;65;48;2;74;156;65m▀[48;2;41;74;49m▀▀[38;2;16;16;16;48;2;16;16;16m▀[38;2;255;197;0;48;2;255;197;0m▀[38;2;16;16;16m▀[38;2;255;197;0;48;2;16;16;16m▀[38;2;16;16;16m▀[38;2;255;255;255;48;2;255;255;255m▀▀[38;2;16;16;16m▀▀[38;2;115;115;115m▀[38;2;255;255;255;48;2;180;180;189m▀[48;2;16;16;16m▀[38;2;16;16;16;48;2;74;156;65m▀[38;2;180;180;189;48;2;41;74;49m▀[48;2;180;180;189m▀▀▀▀▀[38;2;16;16;16;48;2;115;115;115m▀[49m▀[0m
[0m           [38;2;65;32;82m▄▄▄[48;2;90;49;115m▀▀[48;2;106;65;41m▀▀▀[48;2;90;49;115m▀▀[49m▄[38;2;16;16;16m▄▄[38;2;106;65;41;48;2;106;65;41m▀[38;2;16;16;16;48;2;255;197;0m▀[38;2;41;74;49;48;2;16;16;16m▀[38;2;255;255;255;48;2;255;255;255m▀[38;2;180;180;189m▀[38;2;16;16;16m▀▀[38;2;255;255;255m▀▀▀[48;2;16;16;16m▀[48;2;180;180;189m▀[48;2;255;255;255m▀[38;2;16;16;16;48;2;16;16;16m▀[48;2;74;156;65m▀[38;2;74;156;65m▀▀▀[38;2;41;74;49;48;2;65;115;57m▀[38;2;16;16;16m▀[38;2;180;180;189;48;2;16;16;16m▀[48;2;180;180;189m▀▀▀[38;2;115;115;115;48;2;115;115;115m▀[0m
[0m       [38;2;65;32;82m▄▄[48;2;131;65;172m▀▀[38;2;131;65;172;48;2;106;65;41m▀▀[38;2;106;65;41;48;2;222;180;106m▀▀[48;2;172;123;74m▀[38;2;172;123;74m▀[48;2;106;65;41m▀▀[38;2;106;65;41;48;2;90;49;115m▀[38;2;90;49;115m▀▀[38;2;16;16;16m▀[38;2;255;255;255;48;2;16;16;16m▀[38;2;16;16;16;48;2;255;255;255m▀▀[38;2;255;255;255m▀▀▀[48;2;180;180;189m▀[48;2;16;16;16m▀[38;2;16;16;16m▀[38;2;255;255;255;48;2;115;115;115m▀[48;2;255;255;255m▀[38;2;16;16;16;48;2;16;16;16m▀[48;2;74;156;65m▀▀▀[38;2;74;156;65m▀▀▀▀[38;2;65;115;57;48;2;65;115;57m▀▀[38;2;16;16;16m▀[38;2;180;180;189;48;2;16;16;16m▀[48;2;180;180;189m▀[38;2;16;16;16;48;2;16;16;16m▀[38;2;115;115;115;49m▀[0m
[0m     [38;2;65;32;82m▄[48;2;131;65;172m▀[38;2;131;65;172m▀[48;2;16;16;16m▀▀[38;2;16;16;16;48;2;172;123;74m▀[48;2;222;180;106m▀▀[48;2;172;123;74m▀[38;2;222;180;106;48;2;16;16;16m▀[48;2;106;65;41m▀[38;2;106;65;41;48;2;131;65;172m▀[38;2;90;49;115m▀[48;2;90;49;115m▀▀▀▀[48;2;16;16;16m▀[38;2;16;16;16;48;2;255;255;255m▀[38;2;255;255;255;48;2;180;180;189m▀[48;2;115;115;115m▀[48;2;255;255;255m▀[38;2;16;16;16;48;2;115;115;115m▀[38;2;115;115;115;48;2;16;16;16m▀[38;2;180;180;189m▀[38;2;16;16;16m▀[38;2;41;74;49;48;2;41;74;49m▀[38;2;16;16;16m▀[38;2;255;255;255;48;2;16;16;16m▀[38;2;16;16;16m▀[38;2;74;156;65;48;2;74;156;65m▀▀▀▀▀▀[38;2;65;115;57;48;2;65;115;57m▀▀▀▀[38;2;16;16;16;48;2;16;16;16m▀[49m▀[0m
[0m   [38;2;65;32;82m▄[48;2;131;65;172m▀[38;2;131;65;172m▀[48;2;16;16;16m▀[38;2;16;16;16;48;2;172;123;74m▀[38;2;172;123;74;48;2;222;180;106m▀[38;2;222;180;106m▀▀▀▀[48;2;16;16;16m▀[38;2;16;16;16m▀[38;2;131;65;172m▀▀[38;2;16;16;16;49m▀▀▀[38;2;65;32;82m▀[38;2;90;49;115;48;2;65;32;82m▀[38;2;16;16;16m▀[48;2;16;16;16m▀[48;2;74;156;65m▀▀[38;2;115;115;115;48;2;16;16;16m▀[38;2;255;255;255m▀[38;2;16;16;16m▀[38;2;41;74;49;48;2;74;156;65m▀▀[48;2;16;16;16m▀[38;2;16;16;16m▀[38;2;74;156;65;48;2;74;156;65m▀▀▀▀▀▀[48;2;65;115;57m▀[38;2;65;115;57;48;2;41;74;49m▀[48;2;16;16;16m▀[38;2;16;16;16;48;2;74;156;65m▀▀▀▀▀[38;2;65;32;82;49m▄▄[0m
[0m  [38;2;65;32;82m▄[48;2;131;65;172m▀[38;2;131;65;172m▀[48;2;16;16;16m▀[38;2;16;16;16;48;2;222;180;106m▀[38;2;222;180;106m▀▀▀▀[48;2;16;16;16m▀[38;2;16;16;16;49m▀[38;2;65;32;82m▀[0m         [38;2;16;16;16;48;2;16;16;16m▀[38;2;74;156;65;48;2;74;156;65m▀▀▀▀[38;2;41;74;49m▀[38;2;74;156;65m▀▀▀▀▀▀[48;2;65;115;57m▀▀[38;2;65;115;57m▀[48;2;41;74;49m▀[38;2;41;74;49;48;2;74;156;65m▀[38;2;74;156;65m▀▀▀▀▀▀[38;2;131;65;172;48;2;131;65;172m▀▀▀[38;2;65;32;82m▀[49m▄[0m
[0m [38;2;65;32;82m▄[48;2;131;65;172m▀[38;2;131;65;172m▀▀[38;2;16;16;16m▀[38;2;172;123;74;48;2;16;16;16m▀[38;2;222;180;106m▀▀[38;2;16;16;16;48;2;65;32;82m▀[38;2;65;32;82;49m▀[0m             [38;2;16;16;16;48;2;16;16;16m▀[38;2;74;156;65;48;2;65;115;57m▀▀[48;2;74;156;65m▀▀[48;2;41;74;49m▀[48;2;74;156;65m▀[48;2;65;115;57m▀[38;2;41;74;49;48;2;41;74;49m▀[38;2;65;115;57;48;2;65;115;57m▀▀▀▀[48;2;41;74;49m▀[38;2;74;156;65;48;2;16;16;16m▀▀[48;2;41;74;49m▀▀[48;2;65;115;57m▀[48;2;74;156;65m▀▀[48;2;131;65;172m▀▀[38;2;131;65;172m▀▀▀[38;2;65;32;82m▀[38;2;16;16;16;49m▄[0m
[0m [38;2;65;32;82;48;2;65;32;82m▀[38;2;131;65;172;48;2;131;65;172m▀▀▀▀[48;2;106;65;41m▀[48;2;131;65;172m▀[48;2;16;16;16m▀[38;2;65;32;82;49m▀[0m            [38;2;65;32;82m▄[38;2;41;74;49;48;2;131;65;172m▀[48;2;74;156;65m▀[38;2;16;16;16m▀[38;2;65;115;57;48;2;16;16;16m▀[48;2;41;74;49m▀[48;2;65;115;57m▀[38;2;41;74;49m▀[38;2;65;115;57;48;2;41;74;49m▀[48;2;65;115;57m▀[38;2;41;74;49;48;2;16;16;16m▀[38;2;65;115;57m▀▀▀[38;2;16;16;16;48;2;74;156;65m▀▀[38;2;74;156;65m▀[48;2;131;65;172m▀▀▀[38;2;41;74;49;48;2;74;156;65m▀▀[38;2;74;156;65m▀▀[38;2;131;65;172m▀▀▀▀[38;2;74;156;65m▀[38;2;16;16;16;48;2;16;16;16m▀[38;2;106;65;41;49m▄▄[0m
[38;2;65;32;82;48;2;65;32;82m▀[38;2;131;65;172;48;2;131;65;172m▀▀▀▀[38;2;16;16;16;48;2;16;16;16m▀[38;2;222;180;106;48;2;222;180;106m▀[38;2;106;65;41;48;2;106;65;41m▀[38;2;16;16;16;48;2;16;16;16m▀[0m            [38;2;65;32;82;48;2;65;32;82m▀[38;2;131;65;172;48;2;131;65;172m▀[38;2;74;156;65;48;2;74;156;65m▀▀▀▀[48;2;16;16;16m▀[38;2;65;115;57m▀[38;2;16;16;16;48;2;74;156;65m▀▀▀[38;2;74;156;65m▀▀▀▀[38;2;41;74;49m▀[38;2;74;156;65m▀[38;2;131;65;172m▀▀▀[38;2;74;156;65m▀▀▀▀▀▀[38;2;41;74;49;48;2;41;74;49m▀[38;2;74;156;65;48;2;74;156;65m▀▀[48;2;16;16;16m▀[38;2;16;16;16;48;2;172;123;74m▀[38;2;172;123;74m▀▀[38;2;106;65;41m▀[49m▄[0m
[38;2;65;32;82;48;2;65;32;82m▀[38;2;131;65;172;48;2;131;65;172m▀▀▀[38;2;16;16;16;48;2;16;16;16m▀[38;2;106;65;41;48;2;172;123;74m▀[38;2;222;180;106;48;2;222;180;106m▀[38;2;106;65;41;48;2;172;123;74m▀[38;2;16;16;16;49m▄[38;2;106;65;41m▄▄[0m         [38;2;41;74;49m▄[38;2;131;65;172;48;2;74;156;65m▀[38;2;74;156;65m▀▀▀▀[38;2;16;16;16;48;2;16;16;16m▀[38;2;74;156;65;48;2;74;156;65m▀▀[48;2;131;65;172m▀[38;2;131;65;172m▀▀[38;2;74;156;65;48;2;74;156;65m▀▀▀▀▀▀▀▀▀▀[48;2;131;65;172m▀[38;2;131;65;172m▀[38;2;74;156;65;48;2;74;156;65m▀▀[48;2;16;16;16m▀[38;2;41;74;49;48;2;65;115;57m▀[38;2;74;156;65m▀[38;2;65;115;57;48;2;16;16;16m▀[38;2;16;16;16;48;2;90;49;115m▀[38;2;172;123;74;48;2;65;32;82m▀[48;2;106;65;41m▀[38;2;106;65;41m▀[38;2;172;123;74;48;2;172;123;74m▀[38;2;106;65;41;48;2;106;65;41m▀[0m
[38;2;65;32;82;48;2;65;32;82m▀[38;2;131;65;172;48;2;131;65;172m▀▀▀[38;2;16;16;16;48;2;16;16;16m▀[38;2;222;180;106;48;2;222;180;106m▀[48;2;106;65;41m▀[38;2;16;16;16m▀[38;2;172;123;74;48;2;172;123;74m▀[38;2;222;180;106m▀[48;2;222;180;106m▀[38;2;106;65;41m▀[49m▄[0m      [38;2;41;74;49;48;2;41;74;49m▀[38;2;74;156;65;48;2;74;156;65m▀▀[48;2;41;74;49m▀▀[48;2;16;16;16m▀[38;2;16;16;16m▀[38;2;74;156;65;48;2;74;156;65m▀▀▀[38;2;131;65;172m▀▀[38;2;74;156;65m▀▀▀▀[48;2;131;65;172m▀[38;2;131;65;172m▀▀▀[38;2;74;156;65m▀[48;2;74;156;65m▀▀[38;2;131;65;172m▀[38;2;74;156;65m▀▀[48;2;65;115;57m▀[38;2;16;16;16m▀[38;2;65;115;57m▀[38;2;16;16;16;48;2;16;16;16m▀[38;2;90;49;115;48;2;90;49;115m▀▀▀[38;2;65;32;82m▀[38;2;172;123;74;48;2;65;32;82m▀[48;2;106;65;41m▀[38;2;106;65;41;49m▀[0m
[38;2;65;32;82;48;2;65;32;82m▀[38;2;131;65;172;48;2;131;65;172m▀▀▀[38;2;16;16;16;48;2;16;16;16m▀[38;2;172;123;74;48;2;172;123;74m▀[38;2;16;16;16;48;2;16;16;16m▀[38;2;172;123;74;48;2;172;123;74m▀▀[48;2;106;65;41m▀[38;2;222;180;106;48;2;172;123;74m▀[48;2;222;180;106m▀[38;2;106;65;41m▀[49m▄[0m    [38;2;16;16;16;48;2;16;16;16m▀[38;2;74;156;65;48;2;74;156;65m▀[38;2;41;74;49;48;2;41;74;49m▀[48;2;74;156;65m▀[38;2;74;156;65;48;2;131;65;172m▀▀[38;2;65;115;57;48;2;90;49;115m▀[48;2;65;115;57m▀[38;2;16;16;16m▀[38;2;74;156;65;48;2;16;16;16m▀▀[48;2;74;156;65m▀▀▀[38;2;131;65;172m▀[48;2;131;65;172m▀▀▀▀▀▀▀[38;2;74;156;65;48;2;74;156;65m▀▀▀▀[48;2;16;16;16m▀[38;2;16;16;16;48;2;65;115;57m▀[38;2;65;115;57m▀[38;2;16;16;16;48;2;16;16;16m▀[38;2;90;49;115;48;2;65;32;82m▀[48;2;90;49;115m▀▀▀▀[38;2;65;32;82m▀[49m▄[0m
[38;2;65;32;82;49m▀[38;2;131;65;172;48;2;65;32;82m▀[48;2;131;65;172m▀▀[38;2;16;16;16m▀[38;2;172;123;74;48;2;16;16;16m▀[38;2;106;65;41;48;2;172;123;74m▀[48;2;16;16;16m▀[38;2;172;123;74m▀[38;2;16;16;16;48;2;172;123;74m▀[38;2;172;123;74m▀[38;2;222;180;106;48;2;222;180;106m▀▀[38;2;106;65;41;48;2;106;65;41m▀[0m   [38;2;16;16;16;48;2;16;16;16m▀[38;2;74;156;65;48;2;131;65;172m▀[48;2;74;156;65m▀▀[38;2;131;65;172;48;2;131;65;172m▀▀▀[48;2;74;156;65m▀[38;2;65;115;57;48;2;65;115;57m▀[48;2;90;49;115m▀▀[48;2;65;115;57m▀[38;2;16;16;16m▀[48;2;16;16;16m▀[48;2;65;115;57m▀[38;2;74;156;65;48;2;16;16;16m▀▀▀[38;2;131;65;172m▀[48;2;74;156;65m▀▀▀[38;2;74;156;65m▀[48;2;16;16;16m▀▀[38;2;16;16;16;48;2;65;115;57m▀▀[38;2;65;115;57m▀[48;2;16;16;16m▀[38;2;16;16;16;49m▀[0m  [38;2;65;32;82m▀[38;2;90;49;115;48;2;65;32;82m▀[48;2;90;49;115m▀▀▀[38;2;65;32;82;48;2;65;32;82m▀[0m
[0m [38;2;65;32;82;48;2;65;32;82m▀[38;2;131;65;172;48;2;131;65;172m▀▀▀[38;2;16;16;16m▀[38;2;172;123;74;48;2;16;16;16m▀[48;2;172;123;74m▀▀▀[48;2;222;180;106m▀[38;2;222;180;106m▀[38;2;16;16;16;48;2;16;16;16m▀[0m    [38;2;16;16;16m▀[38;2;131;65;172;48;2;16;16;16m▀[38;2;74;156;65;48;2;131;65;172m▀[48;2;74;156;65m▀▀▀▀[48;2;65;115;57m▀[38;2;65;115;57m▀▀[48;2;16;16;16m▀▀[38;2;16;16;16;48;2;65;115;57m▀[38;2;65;115;57m▀▀[48;2;90;49;115m▀[48;2;65;115;57m▀▀▀[38;2;16;16;16m▀▀▀▀[38;2;65;115;57m▀▀▀[48;2;16;16;16m▀[38;2;16;16;16;49m▀[0m     [38;2;65;32;82m▀[38;2;90;49;115;48;2;65;32;82m▀[48;2;90;49;115m▀▀▀[38;2;65;32;82;48;2;65;32;82m▀[0m
[0m  [38;2;65;32;82;48;2;16;16;16m▀[38;2;131;65;172;48;2;131;65;172m▀▀▀▀[38;2;16;16;16m▀[38;2;172;123;74;48;2;16;16;16m▀[38;2;222;180;106m▀[48;2;65;32;82m▀[38;2;16;16;16;49m▀[0m       [38;2;16;16;16m▀[38;2;74;156;65;48;2;16;16;16m▀▀▀▀[38;2;16;16;16;49m▀▀▀[0m [38;2;16;16;16m▀[38;2;65;115;57;48;2;16;16;16m▀[48;2;65;115;57m▀[48;2;90;49;115m▀[38;2;90;49;115m▀▀[38;2;65;115;57;48;2;65;115;57m▀▀▀▀▀▀▀▀[48;2;16;16;16m▀[38;2;16;16;16;49m▀[0m       [38;2;65;32;82;48;2;65;32;82m▀[38;2;90;49;115;48;2;90;49;115m▀▀▀[38;2;65;32;82;48;2;65;32;82m▀[0m
[0m  [38;2;16;16;16m▀[38;2;131;65;172;48;2;65;32;82m▀[48;2;131;65;172m▀▀▀▀▀▀[48;2;16;16;16m▀[38;2;65;32;82;48;2;106;65;41m▀[49m▄[0m    [38;2;106;65;41m▄▄▄[0m     [38;2;115;115;115m▄▄[0m  [38;2;16;16;16;48;2;16;16;16m▀[38;2;65;115;57;48;2;74;156;65m▀[38;2;90;49;115;48;2;131;65;172m▀▀[38;2;131;65;172m▀▀[38;2;74;156;65;48;2;74;156;65m▀▀[38;2;41;74;49;48;2;41;74;49m▀[38;2;65;115;57;48;2;74;156;65m▀▀▀▀[38;2;16;16;16;48;2;16;16;16m▀[0m        [38;2;65;32;82;48;2;65;32;82m▀[38;2;90;49;115;48;2;90;49;115m▀▀[48;2;65;32;82m▀[38;2;65;32;82;49m▀[0m
[0m   [38;2;16;16;16m▀[38;2;131;65;172;48;2;16;16;16m▀[48;2;131;65;172m▀▀▀▀▀[38;2;16;16;16;48;2;16;16;16m▀[38;2;222;180;106;48;2;172;123;74m▀[38;2;106;65;41;48;2;222;180;106m▀[38;2;65;32;82;48;2;106;65;41m▀[38;2;106;65;41;49m▄[38;2;16;16;16m▄[48;2;222;180;106m▀[38;2;222;180;106m▀▀▀[38;2;106;65;41m▀▀[38;2;16;16;16;49m▄[38;2;115;115;115m▄[48;2;255;255;255m▀[38;2;255;255;255m▀▀[38;2;115;115;115m▀[38;2;16;16;16;48;2;16;16;16m▀[38;2;74;156;65;48;2;74;156;65m▀▀▀[38;2;131;65;172m▀▀[38;2;74;156;65m▀▀▀▀[38;2;41;74;49;48;2;41;74;49m▀[38;2;74;156;65;48;2;16;16;16m▀▀[48;2;74;156;65m▀▀[38;2;16;16;16;48;2;115;115;115m▀[38;2;115;115;115;49m▄▄[0m    [38;2;65;32;82;48;2;65;32;82m▀[38;2;90;49;115;48;2;90;49;115m▀▀▀[38;2;65;32;82;48;2;65;32;82m▀[0m
[0m    [38;2;16;16;16m▀[38;2;90;49;115;48;2;16;16;16m▀[38;2;131;65;172;48;2;131;65;172m▀▀▀▀▀[38;2;16;16;16;48;2;16;16;16m▀[38;2;222;180;106;48;2;172;123;74m▀[48;2;222;180;106m▀▀[38;2;16;16;16;48;2;16;16;16m▀[38;2;222;180;106;48;2;172;123;74m▀[38;2;172;123;74m▀[48;2;106;65;41m▀[48;2;172;123;74m▀[38;2;222;180;106m▀[48;2;222;180;106m▀▀[38;2;16;16;16;48;2;16;16;16m▀[38;2;255;255;255;48;2;255;255;255m▀▀[38;2;115;115;115m▀[38;2;16;16;16;48;2;115;115;115m▀[38;2;74;156;65;48;2;74;156;65m▀▀[48;2;115;115;115m▀[38;2;115;115;115;48;2;255;255;255m▀▀[38;2;74;156;65;48;2;16;16;16m▀[48;2;74;156;65m▀[48;2;115;115;115m▀▀[38;2;16;16;16;48;2;255;255;255m▀[38;2;115;115;115m▀[38;2;255;255;255m▀▀[38;2;16;16;16m▀[38;2;115;115;115;48;2;16;16;16m▀[38;2;255;255;255;48;2;255;255;255m▀▀▀[38;2;16;16;16m▀[49m▄[38;2;115;115;115m▄[48;2;255;255;255m▀▀[38;2;90;49;115;48;2;16;16;16m▀[48;2;90;49;115m▀[38;2;65;32;82;48;2;65;32;82m▀[0m
[0m      [38;2;65;32;82m▀[38;2;131;65;172;48;2;65;32;82m▀[48;2;131;65;172m▀▀▀▀[38;2;16;16;16m▀[38;2;222;180;106;48;2;16;16;16m▀[48;2;222;180;106m▀[38;2;16;16;16m▀[38;2;172;123;74;48;2;16;16;16m▀[48;2;172;123;74m▀▀[38;2;106;65;41;48;2;16;16;16m▀[38;2;172;123;74;48;2;172;123;74m▀[38;2;222;180;106m▀[48;2;222;180;106m▀▀[38;2;16;16;16;48;2;16;16;16m▀[38;2;255;255;255;48;2;255;255;255m▀▀▀[38;2;115;115;115m▀▀[38;2;255;255;255m▀▀[48;2;65;32;82m▀▀[38;2;16;16;16m▀▀[38;2;255;255;255m▀▀[48;2;255;255;255m▀▀▀▀▀[38;2;115;115;115m▀▀[38;2;255;255;255m▀▀▀▀▀▀▀[38;2;16;16;16;48;2;115;115;115m▀[0m
[0m        [38;2;65;32;82m▀[38;2;131;65;172;48;2;65;32;82m▀[48;2;131;65;172m▀▀▀▀[38;2;16;16;16m▀[38;2;222;180;106;48;2;16;16;16m▀[38;2;172;123;74;48;2;222;180;106m▀[38;2;16;16;16;48;2;172;123;74m▀▀[38;2;172;123;74m▀▀▀[38;2;222;180;106;48;2;222;180;106m▀[48;2;16;16;16m▀[38;2;16;16;16m▀[38;2;255;255;255;48;2;65;32;82m▀[48;2;255;255;255m▀▀▀[48;2;16;16;16m▀[38;2;65;32;82;48;2;131;65;172m▀▀[38;2;131;65;172m▀▀▀▀▀▀[38;2;65;32;82m▀▀[38;2;255;255;255;48;2;65;32;82m▀[48;2;255;255;255m▀▀▀▀▀▀▀▀▀▀▀▀[38;2;115;115;115m▀[38;2;16;16;16m▀[49m▄[0m
[0m          [38;2;65;32;82m▀[38;2;131;65;172;48;2;65;32;82m▀[48;2;131;65;172m▀▀▀▀[38;2;16;16;16m▀▀[38;2;172;123;74;48;2;16;16;16m▀▀▀[38;2;106;65;41m▀[38;2;16;16;16;48;2;131;65;172m▀▀[38;2;131;65;172m▀▀[38;2;65;32;82m▀▀[38;2;16;16;16;48;2;16;16;16m▀[38;2;131;65;172;48;2;131;65;172m▀▀▀▀▀▀▀▀▀▀▀▀[38;2;65;32;82m▀[38;2;255;255;255;48;2;65;32;82m▀[48;2;255;255;255m▀▀▀▀▀▀▀▀▀▀▀▀[38;2;16;16;16;48;2;115;115;115m▀[49m▄[0m
[0m           [38;2;115;115;115m▄[38;2;65;32;82;48;2;255;255;255m▀[38;2;131;65;172;48;2;65;32;82m▀▀[48;2;131;65;172m▀▀▀▀▀▀▀▀▀▀▀▀▀[38;2;16;16;16;48;2;16;16;16m▀[38;2;131;65;172;48;2;65;32;82m▀[48;2;131;65;172m▀[48;2;90;49;115m▀[38;2;90;49;115m▀▀▀[48;2;65;32;82m▀[38;2;131;65;172;48;2;90;49;115m▀▀[48;2;131;65;172m▀▀▀▀[38;2;65;32;82m▀[38;2;255;255;255;48;2;16;16;16m▀[48;2;255;255;255m▀▀▀▀▀▀▀▀▀▀▀▀[38;2;16;16;16;48;2;16;16;16m▀[0m
[0m          [38;2;115;115;115;48;2;16;16;16m▀[38;2;255;255;255;48;2;180;180;189m▀[48;2;255;255;255m▀▀▀[38;2;65;32;82m▀[38;2;131;65;172;48;2;65;32;82m▀▀[48;2;131;65;172m▀▀▀▀▀▀▀▀▀▀▀[38;2;16;16;16m▀[38;2;131;65;172;48;2;16;16;16m▀[38;2;90;49;115m▀[48;2;90;49;115m▀▀▀▀[38;2;65;32;82;48;2;16;16;16m▀[38;2;90;49;115;48;2;90;49;115m▀▀[38;2;131;65;172;48;2;131;65;172m▀▀▀▀[38;2;16;16;16;48;2;16;16;16m▀[38;2;255;255;255;48;2;255;255;255m▀▀▀▀▀▀[48;2;180;180;189m▀[48;2;255;255;255m▀▀[48;2;180;180;189m▀▀[38;2;16;16;16;48;2;16;16;16m▀[0m
[0m          [38;2;16;16;16m▀[38;2;180;180;189;48;2;16;16;16m▀[48;2;180;180;189m▀▀▀▀[48;2;255;255;255m▀[38;2;255;255;255m▀[38;2;65;32;82m▀▀[38;2;131;65;172;48;2;65;32;82m▀▀[48;2;131;65;172m▀▀▀▀▀▀▀▀▀[38;2;90;49;115m▀[38;2;16;16;16;48;2;90;49;115m▀▀▀▀[38;2;90;49;115m▀▀▀▀[38;2;131;65;172;48;2;131;65;172m▀▀[48;2;16;16;16m▀[38;2;16;16;16;48;2;180;180;189m▀[38;2;180;180;189m▀[48;2;255;255;255m▀[38;2;255;255;255m▀▀▀[38;2;180;180;189;48;2;180;180;189m▀▀▀▀▀[38;2;16;16;16m▀[38;2;115;115;115;48;2;115;115;115m▀[38;2;16;16;16;49m▄[0m
[0m           [38;2;16;16;16m▀[38;2;180;180;189;48;2;16;16;16m▀▀[48;2;115;115;115m▀[48;2;180;180;189m▀▀▀▀[38;2;255;255;255m▀[48;2;255;255;255m▀▀[38;2;65;32;82m▀[48;2;180;180;189m▀[38;2;131;65;172;48;2;16;16;16m▀▀▀[48;2;131;65;172m▀▀▀▀▀▀[38;2;90;49;115m▀▀[48;2;90;49;115m▀▀▀▀[48;2;131;65;172m▀[38;2;131;65;172m▀[48;2;16;16;16m▀[38;2;16;16;16;48;2;180;180;189m▀[38;2;180;180;189m▀▀▀▀▀▀▀▀▀▀▀▀▀[38;2;16;16;16;48;2;16;16;16m▀[38;2;115;115;115;49m▄[0m   [38;2;115;115;115m▄[48;2;255;255;255m▀▀▀[49m▄▄[0m
[0m              [38;2;16;16;16;48;2;16;16;16m▀[38;2;180;180;189;48;2;180;180;189m▀▀▀▀▀▀▀▀▀▀▀▀[38;2;16;16;16m▀▀▀▀[38;2;131;65;172;48;2;16;16;16m▀▀▀▀▀▀▀[38;2;16;16;16;48;2;180;180;189m▀▀▀[38;2;180;180;189m▀▀▀▀▀▀▀▀▀▀▀▀[48;2;16;16;16m▀▀[38;2;16;16;16;48;2;180;180;189m▀[38;2;180;180;189m▀▀[38;2;115;115;115m▀[48;2;255;255;255m▀[49m▄[48;2;255;255;255m▀[38;2;255;255;255m▀▀[48;2;16;16;16m▀▀[48;2;255;255;255m▀[38;2;115;115;115m▀[49m▄▄▄[0m
[0m               [38;2;16;16;16m▀▀[38;2;180;180;189;48;2;16;16;16m▀[48;2;180;180;189m▀▀▀[48;2;115;115;115m▀▀[48;2;180;180;189m▀▀▀▀▀▀▀▀▀▀▀▀▀▀▀▀▀▀▀▀▀[48;2;115;115;115m▀▀[38;2;115;115;115;48;2;180;180;189m▀▀[38;2;180;180;189m▀▀▀▀[38;2;115;115;115m▀[38;2;180;180;189m▀▀▀▀▀▀[38;2;255;255;255m▀[48;2;255;255;255m▀[48;2;115;115;115m▀[38;2;115;115;115;49m▀[38;2;16;16;16m▀[0m  [38;2;115;115;115m▀[38;2;255;255;255;48;2;115;115;115m▀[48;2;255;255;255m▀▀[48;2;115;115;115m▀[38;2;115;115;115;49m▀[0m
[0m                  [38;2;16;16;16m▀▀▀[0m  [38;2;16;16;16m▀▀[38;2;180;180;189;48;2;16;16;16m▀▀▀[38;2;16;16;16;49m▀▀▀[38;2;180;180;189;48;2;115;115;115m▀[48;2;180;180;189m▀▀▀▀▀▀[48;2;16;16;16m▀[38;2;16;16;16;49m▀▀▀[38;2;180;180;189;48;2;16;16;16m▀▀▀▀[38;2;16;16;16;49m▀▀[38;2;180;180;189;48;2;16;16;16m▀▀[48;2;180;180;189m▀▀▀▀▀[38;2;115;115;115;48;2;16;16;16m▀[38;2;180;180;189m▀[48;2;180;180;189m▀▀[48;2;16;16;16m▀▀[38;2;16;16;16;49m▀[0m      [38;2;115;115;115m▀▀[0m
[0m                               [38;2;16;16;16m▀▀[38;2;180;180;189;48;2;16;16;16m▀▀▀[38;2;16;16;16;49m▀▀[0m            [38;2;16;16;16m▀[38;2;115;115;115;48;2;16;16;16m▀[38;2;180;180;189m▀▀[38;2;16;16;16;49m▀[0m  [38;2;16;16;16m▀▀[0m
