[0m                                                                            [38;2;32;32;41m▄▄▄▄[48;2;49;49;57m▀▀▀[48;2;32;32;41m▀[0m
[0m                                           [38;2;32;32;41m▄▄▄[38;2;0;106;189m▄▄▄[48;2;0;197;255m▀▀▀[48;2;32;32;41m▀[0m                 [38;2;24;24;32m▄▄▄[38;2;32;32;41;48;2;49;49;57m▀▀▀[38;2;49;49;57m▀▀▀▀▀▀[48;2;0;0;0m▀[38;2;32;32;41;49m▀[0m
[0m                                        [38;2;32;32;41m▄[48;2;82;82;90m▀▀[38;2;82;82;90;48;2;49;49;57m▀▀▀[38;2;0;197;255;48;2;0;106;189m▀[38;2;137;236;243;48;2;0;197;255m▀[48;2;0;106;189m▀[48;2;32;32;41m▀[38;2;0;106;189;49m▀[38;2;32;32;41m▀[0m             [38;2;0;0;0m▄▄[38;2;24;24;32m▄[48;2;49;49;57m▀▀[38;2;49;49;57m▀▀▀▀▀▀▀▀[48;2;0;0;0m▀▀▀[38;2;0;0;0;49m▀▀[0m
[0m                                       [38;2;32;32;41;48;2;0;0;0m▀[38;2;82;82;90;48;2;82;82;90m▀[38;2;49;49;57;48;2;49;49;57m▀▀▀▀[48;2;32;32;41m▀[38;2;32;32;41;49m▀▀[0m             [38;2;0;0;0m▄[48;2;49;49;57m▀▀[38;2;24;24;32m▀[38;2;49;49;57;48;2;32;32;41m▀▀▀[38;2;32;32;41m▀▀[38;2;49;49;57m▀▀▀[48;2;0;0;0m▀▀[38;2;0;0;0;48;2;24;24;32m▀▀[48;2;0;0;0m▀[0m
[0m                                   [38;2;32;32;41m▄▄▄[38;2;0;0;0;48;2;24;24;32m▀[38;2;82;82;90;48;2;49;49;57m▀[38;2;49;49;57m▀▀▀▀[38;2;0;0;0;48;2;0;0;0m▀[0m             [38;2;0;0;0m▄[48;2;32;32;41m▀[38;2;24;24;32;48;2;24;24;32m▀[48;2;32;32;41m▀[38;2;32;32;41m▀▀▀▀▀▀[48;2;0;0;0m▀▀[38;2;0;0;0;48;2;24;24;32m▀▀▀[38;2;24;24;32m▀▀[48;2;0;0;0m▀▀▀[38;2;0;0;0m▀[49m▄▄[0m
[0m                            [38;2;16;16;16m▄[38;2;24;24;32m▄▄[38;2;32;32;41;48;2;82;82;90m▀▀▀▀[38;2;82;82;90;48;2;49;49;57m▀▀▀[38;2;49;49;57m▀▀▀▀▀[48;2;0;0;0m▀[38;2;0;0;0;49m▀[0m          [38;2;24;24;32m▄[38;2;32;32;41m▄[38;2;0;0;0;48;2;32;32;41m▀[38;2;32;32;41m▀[48;2;24;24;32m▀[38;2;24;24;32;48;2;32;32;41m▀[38;2;32;32;41m▀▀▀▀▀[48;2;0;0;0m▀[38;2;0;0;0m▀[38;2;24;24;32m▀▀▀[38;2;0;0;0;48;2;32;32;41m▀▀▀[48;2;49;49;57m▀[38;2;49;49;57m▀▀▀▀▀[38;2;0;0;0;48;2;0;0;0m▀[0m
[0m                          [38;2;24;24;32m▄[38;2;16;16;16;48;2;49;49;57m▀[38;2;24;24;32;48;2;24;24;32m▀▀[48;2;49;49;57m▀[38;2;49;49;57m▀▀▀▀▀▀▀▀[38;2;0;0;0;48;2;0;0;0m▀[49m▀▀▀[0m          [38;2;24;24;32m▄[48;2;82;82;90m▀[38;2;49;49;57;48;2;49;49;57m▀[48;2;32;32;41m▀[38;2;32;32;41;48;2;24;24;32m▀[38;2;24;24;32;48;2;32;32;41m▀[38;2;32;32;41m▀▀▀▀▀▀▀▀▀▀▀▀▀▀▀▀[38;2;49;49;57;48;2;49;49;57m▀▀▀▀[38;2;0;0;0;48;2;0;0;0m▀[0m
[0m    [38;2;32;32;41m▄[48;2;82;82;90m▀[48;2;49;49;57m▀▀▀[49m▄▄▄▄[0m         [38;2;16;16;16m▄▄[0m [38;2;24;24;32m▄[38;2;0;0;0;48;2;49;49;57m▀[38;2;24;24;32;48;2;24;24;32m▀[48;2;49;49;57m▀[38;2;49;49;57m▀▀▀▀▀▀▀▀▀[38;2;32;32;41;48;2;0;0;0m▀[38;2;0;0;0;49m▀[0m           [38;2;32;32;41m▄[38;2;24;24;32;48;2;49;49;57m▀[38;2;82;82;90m▀[38;2;49;49;57;48;2;0;0;0m▀[38;2;32;32;41m▀[38;2;24;24;32m▀[48;2;32;32;41m▀[38;2;32;32;41m▀▀▀▀▀▀▀▀▀▀▀▀▀▀[48;2;0;0;0m▀▀▀[38;2;0;0;0;48;2;24;24;32m▀[48;2;0;0;0m▀[49m▀▀[0m
[0m    [38;2;32;32;41m▀[38;2;49;49;57;48;2;0;0;0m▀▀[48;2;32;32;41m▀[48;2;49;49;57m▀▀▀▀▀[38;2;32;32;41m▀▀[38;2;24;24;32m▀▀[49m▄▄[0m [38;2;0;0;0m▄[48;2;49;49;57m▀[38;2;49;49;57;48;2;24;24;32m▀[38;2;0;0;0;48;2;0;0;0m▀[38;2;24;24;32;48;2;49;49;57m▀[38;2;49;49;57;48;2;24;24;32m▀[38;2;24;24;32m▀▀[38;2;49;49;57;48;2;49;49;57m▀▀[48;2;0;0;0m▀▀[48;2;49;49;57m▀▀▀[48;2;32;32;41m▀[38;2;32;32;41;48;2;0;0;0m▀▀[38;2;0;0;0;49m▀[0m            [38;2;24;24;32m▀▀▀[0m  [38;2;0;0;0;48;2;0;0;0m▀[38;2;32;32;41;48;2;32;32;41m▀▀▀▀▀▀▀▀▀▀[48;2;0;0;0m▀▀[38;2;0;0;0;48;2;24;24;32m▀▀[38;2;24;24;32m▀▀▀[48;2;0;0;0m▀[38;2;0;0;0;49m▀[0m
[0m       [38;2;0;0;0m▀[38;2;24;24;32m▀[38;2;32;32;41;48;2;0;0;0m▀[38;2;49;49;57m▀[48;2;32;32;41m▀[48;2;49;49;57m▀▀[48;2;32;32;41m▀▀[38;2;32;32;41m▀▀▀[38;2;0;0;0;48;2;0;0;0m▀[38;2;49;49;57;48;2;49;49;57m▀[48;2;24;24;32m▀[38;2;24;24;32m▀▀▀[48;2;16;16;16m▀▀[38;2;49;49;57;48;2;0;0;0m▀[38;2;16;16;16;48;2;173;0;0m▀▀[38;2;24;24;32;48;2;24;24;32m▀[38;2;16;16;16m▀[38;2;0;0;0m▀[38;2;49;49;57;48;2;16;16;16m▀▀[38;2;0;0;0m▀[0m                    [38;2;0;0;0;48;2;0;0;0m▀[38;2;49;49;57;48;2;49;49;57m▀[38;2;32;32;41;48;2;32;32;41m▀▀▀▀▀▀▀[38;2;0;0;0m▀▀▀▀▀▀▀▀▀[48;2;49;49;57m▀▀▀[49m▄[0m
[0m     [38;2;24;24;32m▄[38;2;16;16;16m▄▄[38;2;0;0;0m▄[48;2;24;24;32m▀[38;2;24;24;32m▀▀[38;2;0;0;0m▀▀[38;2;32;32;41;48;2;0;0;0m▀▀[48;2;32;32;41m▀[48;2;0;0;0m▀[38;2;0;0;0;48;2;49;49;57m▀[38;2;49;49;57;48;2;0;0;0m▀▀[38;2;0;0;0;48;2;24;24;32m▀[38;2;24;24;32m▀[48;2;0;0;0m▀[38;2;0;0;0;48;2;49;49;57m▀[38;2;173;0;0m▀[38;2;137;236;243;48;2;0;0;0m▀[38;2;0;0;0;48;2;173;0;0m▀[38;2;173;0;0m▀[48;2;32;32;41m▀[38;2;24;24;32;48;2;16;16;16m▀▀[48;2;24;24;32m▀▀▀[38;2;0;0;0;48;2;0;0;0m▀[38;2;32;32;41;48;2;49;49;57m▀▀[48;2;0;0;0m▀[38;2;0;0;0;49m▄▄[0m              [38;2;0;0;0m▄[48;2;49;49;57m▀[38;2;49;49;57m▀[38;2;32;32;41;48;2;32;32;41m▀▀▀▀▀▀▀▀▀▀▀▀▀▀▀[48;2;49;49;57m▀[38;2;49;49;57m▀▀[48;2;0;0;0m▀[38;2;0;0;0;49m▀[0m
[0m     [38;2;24;24;32m▀[38;2;49;49;57;48;2;0;0;0m▀▀[48;2;49;49;57m▀▀[48;2;32;32;41m▀▀[38;2;32;32;41m▀[38;2;24;24;32m▀▀▀[38;2;32;32;41m▀[38;2;0;0;0;48;2;0;0;0m▀[38;2;49;49;57m▀[48;2;49;49;57m▀[38;2;24;24;32;48;2;24;24;32m▀[48;2;0;0;0m▀[48;2;49;49;57m▀[38;2;49;49;57m▀▀▀▀▀[38;2;24;24;32;48;2;24;24;32m▀[38;2;49;49;57;48;2;49;49;57m▀▀▀▀[38;2;16;16;16m▀▀▀[38;2;0;0;0m▀[38;2;49;49;57;48;2;0;0;0m▀[48;2;32;32;41m▀▀[38;2;82;82;90;48;2;0;0;0m▀[38;2;0;0;0;49m▀[0m             [38;2;0;0;0;48;2;0;0;0m▀[38;2;49;49;57;48;2;49;49;57m▀[38;2;32;32;41;48;2;32;32;41m▀▀▀▀▀▀▀▀[48;2;0;0;0m▀▀▀▀[38;2;0;0;0;49m▀▀▀▀▀▀▀[0m
[0m        [38;2;0;0;0m▀▀[38;2;32;32;41;48;2;0;0;0m▀▀▀▀[48;2;32;32;41m▀▀▀▀[38;2;0;0;0;48;2;0;0;0m▀[48;2;82;82;90m▀[48;2;49;49;57m▀[38;2;49;49;57m▀▀[48;2;0;0;0m▀▀▀[38;2;0;0;0;48;2;24;24;32m▀▀▀▀▀[38;2;49;49;57;48;2;0;0;0m▀[48;2;24;24;32m▀[38;2;24;24;32;48;2;49;49;57m▀[38;2;32;32;41m▀[38;2;49;49;57;48;2;24;24;32m▀▀[38;2;0;0;0;48;2;49;49;57m▀[38;2;32;32;41;48;2;0;0;0m▀[38;2;0;0;0;49m▀[0m              [38;2;0;0;0;48;2;0;0;0m▀[38;2;49;49;57;48;2;32;32;41m▀[38;2;32;32;41;48;2;24;24;32m▀[48;2;32;32;41m▀▀▀▀▀[48;2;0;0;0m▀[38;2;0;0;0;49m▀▀[0m
[0m        [38;2;0;0;0m▄▄[38;2;24;24;32m▄[48;2;24;24;32m▀▀▀[38;2;0;0;0m▀▀[38;2;32;32;41m▀[48;2;32;32;41m▀▀[38;2;0;0;0m▀[38;2;82;82;90;48;2;0;0;0m▀[38;2;49;49;57m▀[38;2;0;0;0;48;2;24;24;32m▀[38;2;24;24;32m▀▀▀▀▀▀▀▀▀[38;2;0;0;0m▀[38;2;49;49;57;48;2;0;0;0m▀[48;2;49;49;57m▀[48;2;32;32;41m▀[48;2;49;49;57m▀▀[38;2;0;0;0m▀[49m▄[0m   [38;2;0;0;0m▄▄[48;2;49;49;57m▀[48;2;32;32;41m▀[48;2;24;24;32m▀▀[49m▄▄[48;2;49;49;57m▀▀▀[38;2;24;24;32;48;2;24;24;32m▀[48;2;32;32;41m▀[38;2;32;32;41;48;2;0;0;0m▀[48;2;24;24;32m▀[38;2;24;24;32;48;2;32;32;41m▀[38;2;32;32;41m▀[48;2;0;0;0m▀▀[38;2;0;0;0;49m▀[0m
[0m        [38;2;0;0;0;48;2;0;0;0m▀[38;2;32;32;41;48;2;32;32;41m▀▀▀▀▀▀▀▀▀▀▀▀[38;2;0;0;0m▀▀[38;2;24;24;32;48;2;0;0;0m▀▀▀▀▀▀[48;2;24;24;32m▀▀▀[48;2;0;0;0m▀[38;2;0;0;0;48;2;49;49;57m▀[38;2;49;49;57m▀[38;2;32;32;41;48;2;32;32;41m▀[38;2;49;49;57m▀[48;2;49;49;57m▀▀▀[38;2;0;0;0;48;2;32;32;41m▀[49m▄[48;2;0;0;0m▀[38;2;24;24;32m▀[48;2;24;24;32m▀▀▀[48;2;16;16;16m▀▀[38;2;16;16;16;48;2;49;49;57m▀[38;2;49;49;57m▀▀▀▀▀[38;2;0;0;0;48;2;32;32;41m▀[38;2;24;24;32m▀[48;2;0;0;0m▀[38;2;0;0;0;49m▀▀[0m
[0m         [38;2;0;0;0m▀▀▀[38;2;16;16;16m▀[38;2;32;32;41;48;2;0;0;0m▀▀▀[48;2;24;24;32m▀[48;2;32;32;41m▀▀▀▀▀▀▀▀▀▀▀▀[38;2;0;0;0;48;2;0;0;0m▀[38;2;24;24;32;48;2;24;24;32m▀[48;2;0;0;0m▀[38;2;0;0;0;48;2;49;49;57m▀[38;2;49;49;57m▀▀[38;2;32;32;41;48;2;32;32;41m▀[38;2;49;49;57;48;2;49;49;57m▀[38;2;32;32;41;48;2;32;32;41m▀[38;2;49;49;57;48;2;49;49;57m▀[48;2;24;24;32m▀[38;2;0;0;0;48;2;49;49;57m▀[38;2;49;49;57m▀▀[48;2;0;0;0m▀[38;2;0;0;0;48;2;24;24;32m▀▀▀▀▀▀[38;2;49;49;57;48;2;0;0;0m▀[48;2;32;32;41m▀▀▀[38;2;32;32;41m▀[48;2;0;0;0m▀[38;2;0;0;0;49m▀[0m           [38;2;24;24;32m▄▄[0m
[0m                 [38;2;0;0;0m▀▀[38;2;24;24;32m▀[38;2;32;32;41;48;2;0;0;0m▀▀▀▀[38;2;0;0;0;49m▀▀▀▀▀[38;2;32;32;41m▀[38;2;0;0;0;48;2;0;0;0m▀[38;2;49;49;57;48;2;49;49;57m▀▀▀▀▀[38;2;32;32;41;48;2;32;32;41m▀[38;2;49;49;57;48;2;49;49;57m▀[38;2;32;32;41m▀▀[38;2;49;49;57m▀▀[38;2;0;0;0;48;2;0;0;0m▀[38;2;24;24;32;48;2;24;24;32m▀▀[38;2;32;32;41m▀[38;2;49;49;57m▀[38;2;32;32;41m▀[38;2;24;24;32m▀[48;2;16;16;16m▀[38;2;16;16;16;48;2;0;0;0m▀[38;2;0;0;0;48;2;49;49;57m▀[38;2;16;16;16m▀▀▀▀[38;2;0;0;0m▀[38;2;16;16;16;49m▄▄[0m [38;2;16;16;16m▄▄▄▄▄[0m [38;2;24;24;32m▄[48;2;82;82;90m▀[38;2;49;49;57;48;2;49;49;57m▀[38;2;0;0;0;48;2;0;0;0m▀[0m
[0m                            [38;2;0;0;0m▄[38;2;24;24;32;48;2;0;0;0m▀[38;2;0;0;0;48;2;24;24;32m▀[38;2;49;49;57;48;2;32;32;41m▀[38;2;24;24;32;48;2;0;0;0m▀[38;2;0;0;0;48;2;32;32;41m▀[38;2;49;49;57;48;2;0;0;0m▀[48;2;49;49;57m▀[38;2;32;32;41;48;2;32;32;41m▀[38;2;24;24;32;48;2;24;24;32m▀[48;2;49;49;57m▀▀[38;2;0;0;0;48;2;24;24;32m▀[48;2;49;49;57m▀[38;2;49;49;57m▀[38;2;0;0;0m▀[38;2;16;16;16;48;2;0;0;0m▀▀▀▀▀[38;2;0;0;0;48;2;49;49;57m▀[38;2;49;49;57m▀▀▀▀▀▀▀▀[48;2;24;24;32m▀[38;2;0;0;0;48;2;49;49;57m▀[38;2;32;32;41m▀[38;2;49;49;57m▀▀▀▀[38;2;0;0;0;48;2;32;32;41m▀[38;2;24;24;32;48;2;24;24;32m▀[38;2;49;49;57;48;2;32;32;41m▀[38;2;32;32;41m▀[38;2;0;0;0;48;2;0;0;0m▀[0m              [38;2;0;0;0m▄[48;2;82;82;90m▀[48;2;0;0;0m▀[0m
[0m                          [38;2;0;0;0m▄[48;2;49;49;57m▀[38;2;32;32;41;48;2;24;24;32m▀[38;2;0;0;0;48;2;16;16;16m▀[38;2;49;49;57;48;2;49;49;57m▀[38;2;32;32;41m▀[38;2;0;0;0;48;2;0;0;0m▀[38;2;49;49;57;48;2;49;49;57m▀[38;2;24;24;32;48;2;24;24;32m▀[38;2;0;0;0m▀[38;2;24;24;32;48;2;0;0;0m▀[38;2;49;49;57;48;2;49;49;57m▀▀▀[38;2;24;24;32;48;2;24;24;32m▀[38;2;49;49;57;48;2;49;49;57m▀▀▀▀▀▀▀▀[48;2;24;24;32m▀[48;2;32;32;41m▀[48;2;49;49;57m▀▀▀▀▀[48;2;24;24;32m▀▀[38;2;24;24;32;48;2;49;49;57m▀[38;2;49;49;57m▀▀▀▀▀▀[38;2;32;32;41;48;2;16;16;16m▀[38;2;24;24;32;48;2;32;32;41m▀[38;2;32;32;41m▀[48;2;0;0;0m▀[38;2;0;0;0;49m▀[0m      [38;2;24;24;32;48;2;0;0;0m▀[48;2;49;49;57m▀▀[49m▄[38;2;0;0;0m▄▄▄[48;2;82;82;90m▀[38;2;82;82;90;48;2;49;49;57m▀[38;2;49;49;57m▀[38;2;0;0;0;48;2;0;0;0m▀[49m▄▄▄[48;2;24;24;32m▀▀▀[48;2;16;16;16m▀[49m▄[0m
[0m                         [38;2;0;0;0m▄[38;2;16;16;16;48;2;24;24;32m▀[38;2;32;32;41m▀[38;2;24;24;32;48;2;16;16;16m▀[38;2;16;16;16;48;2;0;0;0m▀[38;2;0;0;0m▀[38;2;49;49;57;48;2;24;24;32m▀[38;2;0;0;0m▀[38;2;32;32;41;48;2;0;0;0m▀[38;2;24;24;32;48;2;24;24;32m▀▀[38;2;0;0;0;48;2;32;32;41m▀[38;2;49;49;57;48;2;49;49;57m▀▀▀[38;2;32;32;41m▀[38;2;24;24;32m▀[38;2;32;32;41;48;2;24;24;32m▀[38;2;49;49;57m▀[48;2;0;0;0m▀▀[38;2;0;0;0;48;2;24;24;32m▀[48;2;32;32;41m▀▀▀▀[38;2;32;32;41;48;2;0;0;0m▀▀[38;2;24;24;32m▀▀[48;2;32;32;41m▀[38;2;32;32;41;48;2;0;0;0m▀[38;2;0;0;0;48;2;49;49;57m▀[38;2;49;49;57m▀▀▀▀▀▀[48;2;16;16;16m▀[38;2;16;16;16;48;2;32;32;41m▀[38;2;32;32;41m▀[48;2;0;0;0m▀[38;2;0;0;0;48;2;16;16;16m▀[38;2;16;16;16;49m▄[38;2;24;24;32m▄▄[0m  [38;2;0;0;0m▄▄[48;2;24;24;32m▀[38;2;32;32;41;48;2;0;0;0m▀[38;2;24;24;32m▀▀[38;2;49;49;57;48;2;49;49;57m▀[38;2;24;24;32m▀[38;2;49;49;57;48;2;24;24;32m▀▀[38;2;32;32;41;48;2;49;49;57m▀[38;2;24;24;32m▀▀[38;2;0;0;0m▀[38;2;24;24;32;48;2;0;0;0m▀[48;2;24;24;32m▀[48;2;16;16;16m▀▀[38;2;16;16;16m▀▀[38;2;0;0;0;49m▀[0m
[0m                         [38;2;0;0;0;48;2;24;24;32m▀[38;2;16;16;16;48;2;0;0;0m▀▀[38;2;0;0;0;48;2;49;49;57m▀[38;2;49;49;57m▀▀[38;2;16;16;16;48;2;16;16;16m▀[38;2;49;49;57;48;2;49;49;57m▀▀[38;2;0;0;0m▀[48;2;24;24;32m▀[38;2;49;49;57;48;2;49;49;57m▀▀▀▀▀▀▀▀[38;2;32;32;41;48;2;32;32;41m▀[48;2;16;16;16m▀[38;2;24;24;32;48;2;32;32;41m▀[38;2;32;32;41m▀▀[38;2;0;0;0;48;2;0;0;0m▀[0m    [38;2;0;0;0;48;2;0;0;0m▀[48;2;49;49;57m▀[38;2;49;49;57m▀▀▀▀▀▀▀▀[38;2;24;24;32;48;2;32;32;41m▀[38;2;32;32;41;48;2;0;0;0m▀[38;2;0;0;0;48;2;32;32;41m▀[38;2;49;49;57;48;2;24;24;32m▀[38;2;32;32;41;48;2;49;49;57m▀▀[38;2;49;49;57m▀▀[38;2;24;24;32m▀▀[38;2;0;0;0;48;2;32;32;41m▀[38;2;24;24;32;48;2;0;0;0m▀[48;2;24;24;32m▀▀▀▀[38;2;0;0;0m▀▀[38;2;49;49;57;48;2;0;0;0m▀[48;2;32;32;41m▀[48;2;24;24;32m▀▀[38;2;24;24;32;48;2;49;49;57m▀▀▀[38;2;0;0;0;48;2;0;0;0m▀[38;2;16;16;16;48;2;16;16;16m▀▀▀[38;2;0;0;0;49m▀[0m
[0m                       [38;2;24;24;32m▄[48;2;49;49;57m▀[38;2;49;49;57m▀▀[48;2;32;32;41m▀[38;2;32;32;41;48;2;49;49;57m▀[38;2;24;24;32m▀[38;2;16;16;16;48;2;16;16;16m▀[38;2;49;49;57;48;2;49;49;57m▀▀▀▀▀[38;2;32;32;41m▀[38;2;49;49;57m▀▀▀▀▀[48;2;32;32;41m▀[38;2;32;32;41m▀[48;2;16;16;16m▀[38;2;16;16;16;48;2;49;49;57m▀[38;2;49;49;57m▀[38;2;32;32;41m▀[38;2;0;0;0;48;2;0;0;0m▀[0m   [38;2;32;32;41m▄[38;2;24;24;32;48;2;49;49;57m▀[38;2;49;49;57m▀▀▀▀▀▀▀▀▀▀[48;2;24;24;32m▀[38;2;0;0;0m▀[38;2;24;24;32m▀[38;2;32;32;41;48;2;32;32;41m▀▀[38;2;49;49;57m▀[48;2;24;24;32m▀[48;2;49;49;57m▀▀▀▀▀[38;2;0;0;0m▀[38;2;24;24;32;48;2;0;0;0m▀[48;2;24;24;32m▀▀▀▀▀[38;2;0;0;0;48;2;16;16;16m▀[38;2;32;32;41;48;2;0;0;0m▀[38;2;49;49;57;48;2;32;32;41m▀▀[38;2;32;32;41m▀▀[48;2;24;24;32m▀[38;2;0;0;0;48;2;0;0;0m▀[38;2;16;16;16m▀[38;2;0;0;0;49m▀[0m
[0m                      [38;2;24;24;32m▄[38;2;32;32;41;48;2;49;49;57m▀[38;2;49;49;57m▀▀[48;2;32;32;41m▀[38;2;32;32;41;48;2;49;49;57m▀[38;2;49;49;57m▀▀[38;2;32;32;41;48;2;32;32;41m▀[38;2;24;24;32;48;2;0;0;0m▀[38;2;49;49;57;48;2;24;24;32m▀[48;2;49;49;57m▀▀▀[48;2;16;16;16m▀[38;2;16;16;16;48;2;24;24;32m▀▀▀[38;2;32;32;41m▀[48;2;16;16;16m▀[48;2;0;0;0m▀[38;2;16;16;16;48;2;49;49;57m▀[38;2;49;49;57m▀▀▀[38;2;0;0;0;48;2;0;0;0m▀[0m  [38;2;0;0;0m▄[38;2;32;32;41;48;2;49;49;57m▀[38;2;49;49;57m▀▀▀▀▀▀▀▀▀[38;2;24;24;32;48;2;24;24;32m▀[38;2;49;49;57;48;2;0;0;0m▀[38;2;0;0;0m▀[38;2;32;32;41m▀[38;2;24;24;32m▀[38;2;32;32;41;48;2;32;32;41m▀▀▀▀▀[38;2;24;24;32m▀[38;2;49;49;57;48;2;24;24;32m▀[48;2;49;49;57m▀▀▀▀▀[38;2;0;0;0;48;2;32;32;41m▀[38;2;24;24;32;48;2;0;0;0m▀[48;2;16;16;16m▀[38;2;16;16;16m▀▀▀[38;2;0;0;0m▀[38;2;32;32;41;48;2;0;0;0m▀[48;2;24;24;32m▀[38;2;24;24;32;48;2;32;32;41m▀▀[38;2;32;32;41m▀[38;2;0;0;0;48;2;0;0;0m▀[0m
[0m                      [38;2;24;24;32;48;2;24;24;32m▀[38;2;49;49;57;48;2;49;49;57m▀[48;2;24;24;32m▀[38;2;24;24;32;48;2;49;49;57m▀[38;2;49;49;57m▀▀▀[38;2;32;32;41;48;2;0;0;0m▀[38;2;0;0;0;49m▀[0m  [38;2;0;0;0m▀▀[38;2;16;16;16;48;2;0;0;0m▀[38;2;24;24;32;48;2;24;24;32m▀[38;2;32;32;41;48;2;32;32;41m▀[38;2;24;24;32m▀[48;2;24;24;32m▀▀▀[38;2;16;16;16m▀[38;2;49;49;57;48;2;0;0;0m▀[48;2;24;24;32m▀▀[48;2;32;32;41m▀[38;2;0;0;0;48;2;0;0;0m▀[0m [38;2;0;0;0m▄[48;2;49;49;57m▀[38;2;49;49;57m▀▀[48;2;32;32;41m▀[48;2;49;49;57m▀▀▀▀▀▀[48;2;32;32;41m▀[38;2;32;32;41m▀[38;2;0;0;0;48;2;0;0;0m▀[38;2;16;16;16;48;2;24;24;32m▀▀[38;2;24;24;32;48;2;16;16;16m▀[38;2;0;0;0;48;2;24;24;32m▀[38;2;32;32;41m▀[48;2;32;32;41m▀▀▀▀▀[38;2;49;49;57;48;2;24;24;32m▀[48;2;49;49;57m▀▀▀▀▀[38;2;0;0;0m▀[38;2;16;16;16;48;2;0;0;0m▀[48;2;16;16;16m▀▀▀▀[38;2;0;0;0;48;2;0;0;0m▀[38;2;32;32;41;48;2;32;32;41m▀▀[48;2;16;16;16m▀[38;2;16;16;16m▀[38;2;0;0;0;48;2;32;32;41m▀[49m▄[0m
[0m                 [38;2;24;24;32m▄▄▄[48;2;49;49;57m▀▀[48;2;0;0;0m▀[48;2;32;32;41m▀[38;2;49;49;57m▀▀[48;2;0;0;0m▀[38;2;24;24;32;49m▀[38;2;0;0;0m▀[0m       [38;2;16;16;16;48;2;16;16;16m▀[38;2;32;32;41;48;2;24;24;32m▀[38;2;49;49;57;48;2;49;49;57m▀[38;2;24;24;32;48;2;24;24;32m▀▀▀▀[38;2;0;0;0;48;2;0;0;0m▀[38;2;49;49;57;48;2;49;49;57m▀▀▀[38;2;0;0;0m▀[49m▄[48;2;16;16;16m▀[38;2;49;49;57;48;2;49;49;57m▀▀[38;2;32;32;41;48;2;32;32;41m▀[38;2;49;49;57;48;2;49;49;57m▀▀▀▀▀[48;2;16;16;16m▀[48;2;32;32;41m▀[38;2;32;32;41m▀▀[38;2;0;0;0;48;2;0;0;0m▀[38;2;16;16;16m▀[48;2;24;24;32m▀[38;2;24;24;32;48;2;0;0;0m▀[38;2;0;0;0;48;2;32;32;41m▀[38;2;32;32;41m▀▀[48;2;24;24;32m▀▀[48;2;32;32;41m▀▀▀[38;2;49;49;57m▀[48;2;49;49;57m▀▀[48;2;24;24;32m▀▀[38;2;24;24;32;48;2;49;49;57m▀[38;2;0;0;0;48;2;32;32;41m▀[38;2;16;16;16;48;2;0;0;0m▀[48;2;16;16;16m▀▀▀[38;2;0;0;0m▀[38;2;32;32;41;48;2;0;0;0m▀[38;2;16;16;16;48;2;16;16;16m▀▀▀▀[38;2;0;0;0;48;2;32;32;41m▀[49m▄[0m
[0m             [38;2;32;32;41m▄[38;2;24;24;32m▄[48;2;49;49;57m▀▀[38;2;49;49;57;48;2;32;32;41m▀▀▀[38;2;32;32;41m▀▀▀[38;2;0;0;0m▀▀[48;2;16;16;16m▀[48;2;32;32;41m▀[38;2;32;32;41;49m▄▄[38;2;0;0;0m▄[0m     [38;2;0;0;0m▄[48;2;0;0;0m▀[38;2;24;24;32;48;2;24;24;32m▀[38;2;32;32;41;48;2;32;32;41m▀[38;2;24;24;32;48;2;24;24;32m▀▀▀[48;2;0;0;0m▀[38;2;0;0;0;48;2;32;32;41m▀[38;2;49;49;57m▀[48;2;49;49;57m▀▀[38;2;16;16;16;48;2;0;0;0m▀[38;2;32;32;41;48;2;32;32;41m▀[38;2;16;16;16;48;2;0;0;0m▀[38;2;49;49;57;48;2;49;49;57m▀▀▀▀▀▀▀[48;2;32;32;41m▀[38;2;16;16;16;48;2;16;16;16m▀[38;2;32;32;41;48;2;0;0;0m▀[48;2;32;32;41m▀▀▀[38;2;0;0;0;48;2;0;0;0m▀[38;2;32;32;41;48;2;32;32;41m▀▀▀[48;2;24;24;32m▀[38;2;24;24;32;48;2;0;0;0m▀[38;2;0;0;0;48;2;24;24;32m▀[38;2;24;24;32;48;2;0;0;0m▀[38;2;32;32;41;48;2;32;32;41m▀▀▀[48;2;24;24;32m▀[38;2;49;49;57m▀[38;2;24;24;32;48;2;49;49;57m▀[38;2;49;49;57m▀▀▀▀[38;2;0;0;0;48;2;0;0;0m▀[38;2;16;16;16;48;2;16;16;16m▀▀[48;2;0;0;0m▀[38;2;0;0;0;49m▀[0m  [38;2;0;0;0m▀▀▀▀▀[0m
[0m          [38;2;32;32;41m▄▄[48;2;49;49;57m▀[38;2;49;49;57m▀▀[48;2;32;32;41m▀▀[38;2;32;32;41m▀▀▀▀▀▀▀▀[38;2;16;16;16;48;2;0;0;0m▀▀[49m▀[38;2;0;0;0m▀[0m    [38;2;0;0;0m▄[48;2;32;32;41m▀[38;2;49;49;57m▀[38;2;0;0;0m▀[38;2;24;24;32;48;2;0;0;0m▀[38;2;32;32;41;48;2;24;24;32m▀[38;2;24;24;32m▀[48;2;0;0;0m▀[38;2;0;0;0;48;2;49;49;57m▀[38;2;49;49;57m▀▀[38;2;32;32;41;48;2;32;32;41m▀[38;2;49;49;57;48;2;49;49;57m▀[38;2;24;24;32;48;2;0;0;0m▀[38;2;0;0;0;48;2;32;32;41m▀[38;2;32;32;41;48;2;49;49;57m▀[38;2;0;0;0;48;2;0;0;0m▀[38;2;32;32;41;48;2;32;32;41m▀[38;2;49;49;57m▀▀[38;2;32;32;41m▀[38;2;49;49;57m▀▀[38;2;32;32;41m▀▀[38;2;16;16;16m▀[38;2;24;24;32;48;2;24;24;32m▀[38;2;32;32;41;48;2;0;0;0m▀[48;2;32;32;41m▀▀[38;2;0;0;0m▀[38;2;32;32;41;48;2;0;0;0m▀[48;2;24;24;32m▀[38;2;24;24;32m▀[48;2;0;0;0m▀[38;2;0;0;0;48;2;24;24;32m▀[38;2;24;24;32;48;2;16;16;16m▀[38;2;0;0;0;48;2;24;24;32m▀[38;2;32;32;41;48;2;0;0;0m▀[38;2;24;24;32;48;2;32;32;41m▀▀[38;2;32;32;41m▀[38;2;49;49;57;48;2;49;49;57m▀▀▀▀▀▀[38;2;0;0;0;48;2;0;0;0m▀[38;2;16;16;16;48;2;16;16;16m▀[48;2;0;0;0m▀[38;2;0;0;0;49m▀[0m
[0m        [38;2;32;32;41m▄[48;2;49;49;57m▀[38;2;49;49;57m▀[48;2;16;16;16m▀▀[38;2;16;16;16m▀[48;2;24;24;32m▀▀[38;2;32;32;41;48;2;16;16;16m▀[48;2;32;32;41m▀▀▀▀▀[48;2;0;0;0m▀[38;2;0;0;0;49m▀▀[0m       [38;2;0;0;0m▄[48;2;32;32;41m▀[38;2;49;49;57;48;2;49;49;57m▀[38;2;24;24;32;48;2;24;24;32m▀[38;2;32;32;41;48;2;32;32;41m▀[38;2;49;49;57;48;2;49;49;57m▀[38;2;0;0;0;48;2;24;24;32m▀[48;2;49;49;57m▀[38;2;49;49;57m▀▀▀[38;2;32;32;41;48;2;32;32;41m▀[38;2;49;49;57;48;2;49;49;57m▀[38;2;24;24;32;48;2;24;24;32m▀[38;2;0;0;0;48;2;49;49;57m▀[38;2;32;32;41;48;2;0;0;0m▀[38;2;49;49;57;48;2;32;32;41m▀[38;2;0;0;0;48;2;0;0;0m▀[38;2;32;32;41;48;2;32;32;41m▀▀▀▀[38;2;0;0;0;48;2;0;0;0m▀[38;2;32;32;41;48;2;32;32;41m▀▀▀▀[38;2;0;0;0;48;2;0;0;0m▀[38;2;24;24;32;48;2;24;24;32m▀[38;2;32;32;41;48;2;0;0;0m▀[48;2;32;32;41m▀▀[38;2;0;0;0;48;2;0;0;0m▀[38;2;24;24;32;48;2;24;24;32m▀▀[38;2;0;0;0;48;2;0;0;0m▀[38;2;24;24;32;48;2;16;16;16m▀[38;2;16;16;16m▀[48;2;24;24;32m▀[38;2;0;0;0;48;2;0;0;0m▀[38;2;32;32;41;48;2;32;32;41m▀▀▀[38;2;24;24;32;48;2;24;24;32m▀[38;2;49;49;57;48;2;49;49;57m▀▀▀▀[48;2;32;32;41m▀[38;2;0;0;0;48;2;0;0;0m▀▀[0m
[0m      [38;2;24;24;32m▄[48;2;49;49;57m▀[38;2;49;49;57m▀[48;2;16;16;16m▀[38;2;0;0;0;48;2;24;24;32m▀[38;2;24;24;32m▀[38;2;0;0;0;48;2;0;0;0m▀[38;2;49;49;57;48;2;49;49;57m▀[38;2;0;0;0m▀[38;2;24;24;32;48;2;0;0;0m▀[38;2;0;0;0;48;2;32;32;41m▀[38;2;32;32;41m▀[48;2;16;16;16m▀[38;2;16;16;16;48;2;32;32;41m▀[38;2;32;32;41;48;2;0;0;0m▀[38;2;0;0;0;49m▀[0m       [38;2;0;0;0m▄▄[48;2;32;32;41m▀[38;2;32;32;41;48;2;49;49;57m▀[38;2;49;49;57m▀▀[38;2;24;24;32;48;2;24;24;32m▀[38;2;32;32;41;48;2;32;32;41m▀[38;2;49;49;57;48;2;49;49;57m▀[38;2;32;32;41;48;2;32;32;41m▀[38;2;49;49;57;48;2;49;49;57m▀▀▀[38;2;32;32;41;48;2;24;24;32m▀[38;2;49;49;57;48;2;49;49;57m▀[48;2;24;24;32m▀[38;2;24;24;32;48;2;49;49;57m▀[38;2;49;49;57m▀▀[38;2;0;0;0m▀[38;2;16;16;16;48;2;16;16;16m▀[38;2;32;32;41;48;2;32;32;41m▀▀▀▀[38;2;0;0;0;48;2;0;0;0m▀[48;2;24;24;32m▀[38;2;32;32;41;48;2;32;32;41m▀▀▀▀[38;2;0;0;0;48;2;0;0;0m▀[48;2;24;24;32m▀▀▀[38;2;24;24;32m▀▀[38;2;0;0;0;48;2;0;0;0m▀[38;2;16;16;16;48;2;16;16;16m▀[38;2;24;24;32;48;2;24;24;32m▀[38;2;16;16;16;48;2;16;16;16m▀[48;2;24;24;32m▀[38;2;0;0;0;48;2;0;0;0m▀[38;2;32;32;41;48;2;32;32;41m▀▀▀[38;2;24;24;32;48;2;24;24;32m▀[38;2;49;49;57;48;2;49;49;57m▀[48;2;32;32;41m▀▀[38;2;32;32;41m▀▀[38;2;0;0;0;48;2;0;0;0m▀[0m
[0m    [38;2;24;24;32m▄[48;2;49;49;57m▀[38;2;49;49;57m▀[48;2;32;32;41m▀[38;2;16;16;16;48;2;16;16;16m▀[38;2;49;49;57;48;2;49;49;57m▀[38;2;0;0;0m▀[38;2;24;24;32;48;2;0;0;0m▀[38;2;0;0;0m▀[38;2;49;49;57m▀[38;2;24;24;32m▀[38;2;0;0;0;48;2;16;16;16m▀[38;2;16;16;16;48;2;32;32;41m▀▀[38;2;32;32;41m▀[38;2;0;0;0;49m▀[0m     [38;2;0;0;0m▄[38;2;32;32;41m▄[38;2;0;0;0;48;2;49;49;57m▀[38;2;32;32;41;48;2;24;24;32m▀▀[48;2;49;49;57m▀[38;2;49;49;57m▀▀▀[38;2;24;24;32;48;2;24;24;32m▀[38;2;49;49;57;48;2;49;49;57m▀[38;2;32;32;41;48;2;32;32;41m▀[38;2;49;49;57;48;2;49;49;57m▀[38;2;32;32;41;48;2;24;24;32m▀[38;2;49;49;57;48;2;49;49;57m▀▀▀[38;2;24;24;32;48;2;24;24;32m▀[38;2;49;49;57;48;2;49;49;57m▀[38;2;24;24;32;48;2;24;24;32m▀[38;2;49;49;57;48;2;49;49;57m▀▀▀▀▀[38;2;16;16;16;48;2;16;16;16m▀[38;2;32;32;41;48;2;32;32;41m▀▀▀[38;2;0;0;0;48;2;0;0;0m▀[38;2;24;24;32m▀[38;2;0;0;0;48;2;24;24;32m▀[38;2;32;32;41;48;2;32;32;41m▀▀▀[38;2;0;0;0m▀[38;2;24;24;32;48;2;0;0;0m▀[48;2;24;24;32m▀▀[48;2;16;16;16m▀[38;2;16;16;16;48;2;0;0;0m▀[38;2;0;0;0;48;2;24;24;32m▀[38;2;16;16;16m▀[38;2;24;24;32;48;2;16;16;16m▀[38;2;16;16;16;48;2;24;24;32m▀[38;2;24;24;32;48;2;16;16;16m▀[38;2;0;0;0;48;2;0;0;0m▀[38;2;32;32;41;48;2;32;32;41m▀▀▀[38;2;24;24;32;48;2;24;24;32m▀[38;2;32;32;41;48;2;32;32;41m▀▀▀[48;2;24;24;32m▀[38;2;24;24;32;48;2;0;0;0m▀[38;2;0;0;0;49m▀[0m
[0m   [38;2;24;24;32m▄[48;2;49;49;57m▀[38;2;49;49;57m▀[38;2;32;32;41;48;2;32;32;41m▀▀[38;2;16;16;16m▀[38;2;49;49;57;48;2;0;0;0m▀▀[48;2;24;24;32m▀[38;2;0;0;0;48;2;49;49;57m▀[38;2;24;24;32;48;2;0;0;0m▀[38;2;0;0;0;48;2;24;24;32m▀[38;2;32;32;41;48;2;32;32;41m▀▀[48;2;24;24;32m▀[38;2;0;0;0;48;2;0;0;0m▀[0m   [38;2;16;16;16m▄[48;2;49;49;57m▀[38;2;32;32;41;48;2;16;16;16m▀[38;2;49;49;57;48;2;24;24;32m▀[38;2;24;24;32;48;2;49;49;57m▀▀[38;2;49;49;57m▀▀▀▀▀[48;2;32;32;41m▀[38;2;24;24;32;48;2;24;24;32m▀[38;2;49;49;57;48;2;49;49;57m▀[38;2;32;32;41;48;2;24;24;32m▀[38;2;49;49;57;48;2;49;49;57m▀[38;2;24;24;32;48;2;24;24;32m▀[38;2;49;49;57;48;2;49;49;57m▀▀▀[38;2;24;24;32;48;2;24;24;32m▀[38;2;49;49;57;48;2;49;49;57m▀[38;2;24;24;32;48;2;0;0;0m▀[38;2;32;32;41;48;2;49;49;57m▀[38;2;49;49;57;48;2;32;32;41m▀[48;2;49;49;57m▀▀▀[38;2;16;16;16;48;2;16;16;16m▀[38;2;32;32;41;48;2;32;32;41m▀▀▀[38;2;0;0;0;48;2;0;0;0m▀[48;2;24;24;32m▀[38;2;24;24;32;48;2;32;32;41m▀[38;2;0;0;0;48;2;0;0;0m▀[38;2;32;32;41;48;2;32;32;41m▀▀▀[38;2;0;0;0;48;2;0;0;0m▀[38;2;24;24;32m▀[38;2;16;16;16m▀[38;2;0;0;0m▀[38;2;24;24;32;48;2;16;16;16m▀▀[38;2;16;16;16;48;2;24;24;32m▀[48;2;16;16;16m▀[38;2;24;24;32;48;2;24;24;32m▀[38;2;0;0;0;48;2;0;0;0m▀[38;2;32;32;41;48;2;24;24;32m▀[48;2;32;32;41m▀▀[48;2;24;24;32m▀[48;2;32;32;41m▀[48;2;24;24;32m▀▀[38;2;24;24;32;48;2;32;32;41m▀[48;2;0;0;0m▀[38;2;0;0;0;49m▀[0m
[0m  [38;2;24;24;32m▄[48;2;49;49;57m▀[38;2;49;49;57m▀[38;2;32;32;41;48;2;32;32;41m▀▀▀▀▀[38;2;0;0;0m▀[38;2;49;49;57;48;2;0;0;0m▀▀▀[38;2;0;0;0;48;2;32;32;41m▀[38;2;32;32;41m▀▀[38;2;0;0;0;48;2;0;0;0m▀[0m  [38;2;16;16;16m▄[48;2;16;16;16m▀[38;2;32;32;41m▀[38;2;16;16;16m▀[38;2;49;49;57;48;2;49;49;57m▀▀▀▀▀[48;2;24;24;32m▀[48;2;32;32;41m▀[38;2;32;32;41;48;2;49;49;57m▀▀[38;2;49;49;57m▀[38;2;24;24;32;48;2;24;24;32m▀[38;2;49;49;57;48;2;49;49;57m▀[38;2;24;24;32;48;2;24;24;32m▀[38;2;49;49;57;48;2;49;49;57m▀[38;2;24;24;32;48;2;24;24;32m▀[38;2;49;49;57;48;2;49;49;57m▀▀▀[38;2;24;24;32;48;2;24;24;32m▀[38;2;49;49;57;48;2;49;49;57m▀[38;2;0;0;0;48;2;32;32;41m▀[38;2;49;49;57;48;2;24;24;32m▀[48;2;49;49;57m▀[38;2;24;24;32m▀[38;2;49;49;57;48;2;24;24;32m▀[48;2;49;49;57m▀[38;2;16;16;16m▀[38;2;32;32;41;48;2;0;0;0m▀▀[38;2;24;24;32m▀[38;2;0;0;0;48;2;49;49;57m▀[38;2;49;49;57m▀▀[38;2;24;24;32;48;2;24;24;32m▀[38;2;0;0;0;48;2;49;49;57m▀▀▀[48;2;0;0;0m▀[38;2;24;24;32;48;2;24;24;32m▀▀[38;2;0;0;0m▀[38;2;24;24;32;48;2;0;0;0m▀[48;2;16;16;16m▀[38;2;16;16;16;48;2;24;24;32m▀[38;2;24;24;32;48;2;0;0;0m▀[38;2;0;0;0;48;2;24;24;32m▀[38;2;24;24;32;48;2;32;32;41m▀[38;2;32;32;41m▀[38;2;24;24;32m▀▀[48;2;24;24;32m▀[48;2;32;32;41m▀[38;2;32;32;41m▀[48;2;0;0;0m▀[38;2;0;0;0;49m▀[0m
[0m  [38;2;24;24;32;48;2;24;24;32m▀[38;2;49;49;57;48;2;49;49;57m▀[38;2;32;32;41;48;2;32;32;41m▀▀▀[48;2;16;16;16m▀[38;2;16;16;16;48;2;0;0;0m▀[38;2;32;32;41;48;2;32;32;41m▀▀▀[48;2;16;16;16m▀[38;2;16;16;16;48;2;24;24;32m▀[38;2;32;32;41;48;2;0;0;0m▀[48;2;32;32;41m▀▀[38;2;0;0;0;48;2;0;0;0m▀[0m [38;2;0;0;0m▄[48;2;49;49;57m▀[38;2;49;49;57;48;2;32;32;41m▀[38;2;16;16;16;48;2;24;24;32m▀[38;2;24;24;32m▀[38;2;16;16;16m▀[38;2;49;49;57m▀[48;2;16;16;16m▀[38;2;24;24;32;48;2;49;49;57m▀▀[38;2;49;49;57m▀▀▀▀[48;2;32;32;41m▀[38;2;32;32;41m▀[38;2;49;49;57;48;2;0;0;0m▀[38;2;32;32;41;48;2;49;49;57m▀[38;2;49;49;57;48;2;24;24;32m▀[48;2;49;49;57m▀[38;2;32;32;41;48;2;24;24;32m▀[38;2;49;49;57;48;2;49;49;57m▀▀[48;2;32;32;41m▀[38;2;24;24;32;48;2;24;24;32m▀[38;2;32;32;41;48;2;32;32;41m▀[38;2;0;0;0m▀[38;2;49;49;57;48;2;0;0;0m▀[48;2;49;49;57m▀▀[38;2;32;32;41;48;2;32;32;41m▀[38;2;0;0;0;48;2;16;16;16m▀[38;2;24;24;32;48;2;24;24;32m▀▀▀[38;2;0;0;0m▀▀[38;2;49;49;57;48;2;0;0;0m▀[38;2;24;24;32;48;2;24;24;32m▀[38;2;49;49;57;48;2;49;49;57m▀▀▀▀[38;2;0;0;0;48;2;0;0;0m▀[38;2;24;24;32;48;2;16;16;16m▀[48;2;0;0;0m▀[38;2;0;0;0m▀[38;2;24;24;32m▀[38;2;0;0;0;48;2;24;24;32m▀[38;2;24;24;32;48;2;32;32;41m▀[38;2;32;32;41m▀▀▀[48;2;24;24;32m▀[38;2;24;24;32;48;2;32;32;41m▀[38;2;32;32;41;48;2;0;0;0m▀▀[38;2;0;0;0;49m▀[0m
[0m [38;2;24;24;32;48;2;24;24;32m▀[38;2;32;32;41;48;2;32;32;41m▀▀▀▀[38;2;16;16;16;48;2;16;16;16m▀[38;2;24;24;32;48;2;24;24;32m▀[38;2;0;0;0;48;2;0;0;0m▀[38;2;32;32;41;48;2;32;32;41m▀▀▀[38;2;16;16;16;48;2;0;0;0m▀[38;2;24;24;32m▀[38;2;0;0;0m▀[38;2;32;32;41;48;2;32;32;41m▀▀[38;2;0;0;0;48;2;0;0;0m▀[0m [38;2;0;0;0;48;2;0;0;0m▀[38;2;49;49;57;48;2;49;49;57m▀[38;2;24;24;32;48;2;24;24;32m▀▀▀▀[38;2;16;16;16;48;2;49;49;57m▀[38;2;49;49;57m▀▀▀▀[48;2;32;32;41m▀▀[38;2;32;32;41m▀▀▀[38;2;0;0;0m▀[38;2;32;32;41;48;2;0;0;0m▀[38;2;24;24;32;48;2;32;32;41m▀[38;2;32;32;41;48;2;24;24;32m▀[48;2;32;32;41m▀[38;2;24;24;32;48;2;24;24;32m▀[38;2;32;32;41;48;2;32;32;41m▀▀▀[38;2;24;24;32m▀[38;2;32;32;41;48;2;24;24;32m▀[48;2;32;32;41m▀[38;2;24;24;32;48;2;0;0;0m▀[38;2;49;49;57;48;2;32;32;41m▀[48;2;49;49;57m▀[38;2;16;16;16;48;2;16;16;16m▀[38;2;24;24;32;48;2;24;24;32m▀[38;2;32;32;41;48;2;32;32;41m▀[38;2;24;24;32;48;2;24;24;32m▀▀▀▀[38;2;0;0;0m▀[38;2;49;49;57;48;2;0;0;0m▀[48;2;49;49;57m▀▀▀▀[38;2;0;0;0;48;2;0;0;0m▀[38;2;32;32;41;48;2;32;32;41m▀▀▀▀▀[48;2;0;0;0m▀▀▀[38;2;0;0;0;49m▀▀[0m
[38;2;24;24;32;49m▄[48;2;32;32;41m▀[38;2;32;32;41m▀▀▀[38;2;16;16;16;48;2;16;16;16m▀[38;2;24;24;32;48;2;0;0;0m▀▀[38;2;0;0;0m▀[38;2;32;32;41;48;2;32;32;41m▀▀[38;2;0;0;0;48;2;0;0;0m▀[0m  [38;2;0;0;0;48;2;0;0;0m▀[38;2;32;32;41m▀▀[0m  [38;2;0;0;0;48;2;0;0;0m▀[38;2;24;24;32;48;2;24;24;32m▀▀▀[48;2;16;16;16m▀[38;2;0;0;0;48;2;0;0;0m▀[38;2;49;49;57;48;2;49;49;57m▀▀[48;2;32;32;41m▀▀[38;2;32;32;41m▀▀[48;2;24;24;32m▀[48;2;0;0;0m▀▀[38;2;0;0;0;49m▀▀▀[38;2;32;32;41;48;2;0;0;0m▀[38;2;24;24;32m▀[38;2;32;32;41;48;2;24;24;32m▀[48;2;32;32;41m▀[38;2;24;24;32m▀[38;2;32;32;41;48;2;24;24;32m▀[48;2;32;32;41m▀▀▀[38;2;24;24;32m▀▀[38;2;0;0;0;48;2;0;0;0m▀[38;2;49;49;57;48;2;49;49;57m▀[38;2;16;16;16m▀[38;2;24;24;32;48;2;16;16;16m▀[48;2;24;24;32m▀[38;2;49;49;57;48;2;32;32;41m▀[38;2;24;24;32;48;2;49;49;57m▀[48;2;24;24;32m▀▀▀[38;2;0;0;0;48;2;16;16;16m▀[38;2;49;49;57;48;2;0;0;0m▀[48;2;49;49;57m▀[48;2;32;32;41m▀[38;2;32;32;41;48;2;0;0;0m▀[38;2;0;0;0;48;2;32;32;41m▀[48;2;0;0;0m▀[49m▀▀▀▀[0m
[38;2;24;24;32;48;2;24;24;32m▀[38;2;32;32;41;48;2;32;32;41m▀▀▀[48;2;0;0;0m▀[38;2;0;0;0;49m▀[0m  [38;2;0;0;0;48;2;0;0;0m▀[38;2;32;32;41m▀▀[38;2;0;0;0;49m▀[0m       [38;2;0;0;0m▀[38;2;24;24;32;48;2;0;0;0m▀[48;2;16;16;16m▀[38;2;16;16;16m▀▀▀[38;2;0;0;0;48;2;0;0;0m▀[38;2;16;16;16;48;2;32;32;41m▀[38;2;32;32;41;48;2;24;24;32m▀▀▀[38;2;16;16;16;48;2;32;32;41m▀[38;2;0;0;0m▀[49m▄[0m [38;2;16;16;16m▄▄[0m   [38;2;0;0;0m▀▀[38;2;32;32;41;48;2;0;0;0m▀▀[38;2;24;24;32m▀▀[38;2;32;32;41m▀▀[38;2;0;0;0;49m▀▀[38;2;32;32;41;48;2;0;0;0m▀[38;2;49;49;57;48;2;32;32;41m▀[38;2;0;0;0m▀[38;2;24;24;32;48;2;0;0;0m▀[48;2;24;24;32m▀[38;2;32;32;41m▀▀[38;2;24;24;32m▀[48;2;16;16;16m▀[38;2;16;16;16m▀[38;2;0;0;0;48;2;0;0;0m▀[38;2;32;32;41m▀▀[38;2;0;0;0;48;2;32;32;41m▀[38;2;32;32;41;48;2;24;24;32m▀[48;2;32;32;41m▀[38;2;0;0;0m▀[49m▄[0m
[0m [38;2;0;0;0m▀▀▀[0m                 [38;2;0;0;0m▀▀[38;2;16;16;16;48;2;0;0;0m▀▀[38;2;0;0;0;48;2;32;32;41m▀[38;2;32;32;41m▀▀▀▀▀▀[38;2;0;0;0m▀[38;2;24;24;32;48;2;0;0;0m▀[38;2;32;32;41;48;2;32;32;41m▀[38;2;16;16;16;48;2;16;16;16m▀[0m              [38;2;0;0;0m▀▀[38;2;32;32;41;48;2;0;0;0m▀[38;2;0;0;0m▀[38;2;16;16;16m▀▀[48;2;16;16;16m▀▀[48;2;0;0;0m▀[38;2;0;0;0;48;2;32;32;41m▀[38;2;32;32;41m▀▀[48;2;24;24;32m▀[38;2;24;24;32;48;2;32;32;41m▀[38;2;32;32;41m▀▀▀[38;2;0;0;0m▀▀[49m▄▄[0m
[0m                         [38;2;0;0;0;48;2;0;0;0m▀[38;2;32;32;41;48;2;32;32;41m▀[48;2;0;0;0m▀▀[48;2;32;32;41m▀▀▀▀▀[38;2;0;0;0m▀[38;2;16;16;16;48;2;0;0;0m▀[0m                    [38;2;0;0;0m▀▀[38;2;16;16;16m▀[38;2;32;32;41;48;2;16;16;16m▀[48;2;32;32;41m▀▀▀▀▀▀▀▀▀▀[48;2;49;49;57m▀[38;2;0;0;0;48;2;0;0;0m▀[0m
[0m                      [38;2;0;0;0m▄[38;2;16;16;16m▄[38;2;0;0;0;48;2;16;16;16m▀[38;2;16;16;16;48;2;24;24;32m▀▀[48;2;16;16;16m▀▀[38;2;0;0;0;48;2;0;0;0m▀[38;2;32;32;41;48;2;32;32;41m▀▀[48;2;49;49;57m▀▀[38;2;49;49;57;48;2;32;32;41m▀[38;2;0;0;0;48;2;24;24;32m▀[49m▄[0m                      [38;2;16;16;16m▀[38;2;32;32;41;48;2;0;0;0m▀[48;2;32;32;41m▀[38;2;24;24;32;48;2;0;0;0m▀[38;2;0;0;0;48;2;16;16;16m▀▀▀[38;2;32;32;41;48;2;0;0;0m▀▀[48;2;49;49;57m▀[38;2;49;49;57m▀▀[38;2;0;0;0m▀[49m▄[0m
[0m                   [38;2;16;16;16m▄[48;2;32;32;41m▀[48;2;24;24;32m▀[38;2;24;24;32;48;2;0;0;0m▀[48;2;24;24;32m▀▀▀▀▀▀▀[38;2;16;16;16;48;2;16;16;16m▀[38;2;49;49;57;48;2;49;49;57m▀▀▀[38;2;16;16;16;48;2;16;16;16m▀[38;2;24;24;32;48;2;24;24;32m▀[38;2;0;0;0;48;2;0;0;0m▀[0m                       [38;2;0;0;0;48;2;0;0;0m▀[48;2;24;24;32m▀[38;2;24;24;32m▀[38;2;16;16;16m▀▀▀[38;2;24;24;32m▀▀[38;2;0;0;0m▀▀[38;2;49;49;57;48;2;0;0;0m▀[48;2;49;49;57m▀[38;2;0;0;0m▀[49m▄[0m
[0m                  [38;2;16;16;16;48;2;32;32;41m▀[38;2;49;49;57m▀[38;2;32;32;41;48;2;16;16;16m▀[38;2;16;16;16;48;2;49;49;57m▀[38;2;49;49;57m▀[38;2;0;0;0m▀[38;2;24;24;32;48;2;16;16;16m▀[38;2;16;16;16;48;2;49;49;57m▀[38;2;0;0;0;48;2;32;32;41m▀[38;2;24;24;32;48;2;0;0;0m▀[48;2;24;24;32m▀▀[38;2;16;16;16;48;2;16;16;16m▀[38;2;49;49;57;48;2;49;49;57m▀▀[38;2;32;32;41;48;2;16;16;16m▀[38;2;24;24;32;48;2;24;24;32m▀[48;2;0;0;0m▀[38;2;0;0;0m▀[0m                     [38;2;16;16;16m▄[38;2;0;0;0;48;2;24;24;32m▀[38;2;24;24;32m▀▀▀[48;2;16;16;16m▀[48;2;0;0;0m▀[48;2;24;24;32m▀▀▀▀▀▀[38;2;0;0;0m▀[38;2;49;49;57;48;2;0;0;0m▀[38;2;0;0;0m▀[0m
[0m                 [38;2;16;16;16;48;2;16;16;16m▀[38;2;32;32;41;48;2;32;32;41m▀[38;2;16;16;16;48;2;16;16;16m▀[38;2;82;82;90;48;2;82;82;90m▀[38;2;49;49;57;48;2;49;49;57m▀▀[38;2;32;32;41;48;2;24;24;32m▀[38;2;49;49;57;48;2;82;82;90m▀[48;2;49;49;57m▀▀[38;2;0;0;0;48;2;0;0;0m▀[38;2;24;24;32;48;2;24;24;32m▀▀[38;2;16;16;16;48;2;0;0;0m▀[38;2;49;49;57;48;2;32;32;41m▀[48;2;16;16;16m▀[38;2;16;16;16;48;2;0;0;0m▀[38;2;0;0;0;49m▀[0m                     [38;2;16;16;16m▄[48;2;49;49;57m▀[38;2;32;32;41m▀[38;2;16;16;16;48;2;32;32;41m▀[38;2;24;24;32;48;2;24;24;32m▀[48;2;16;16;16m▀[38;2;16;16;16;48;2;49;49;57m▀[38;2;49;49;57m▀▀[38;2;0;0;0m▀[38;2;24;24;32;48;2;0;0;0m▀[48;2;24;24;32m▀▀[48;2;16;16;16m▀[38;2;16;16;16;48;2;49;49;57m▀[38;2;0;0;0;48;2;32;32;41m▀[38;2;24;24;32;48;2;0;0;0m▀[38;2;0;0;0m▀[0m
[0m                 [38;2;16;16;16m▀[38;2;0;0;0m▀[48;2;0;0;0m▀[38;2;49;49;57m▀▀▀[38;2;24;24;32;48;2;16;16;16m▀[38;2;49;49;57;48;2;49;49;57m▀▀[48;2;32;32;41m▀[38;2;0;0;0;48;2;0;0;0m▀[38;2;24;24;32m▀▀[38;2;0;0;0;49m▀▀[0m                       [38;2;16;16;16m▄[48;2;49;49;57m▀[38;2;82;82;90;48;2;82;82;90m▀[38;2;49;49;57;48;2;49;49;57m▀▀[38;2;24;24;32;48;2;24;24;32m▀[38;2;16;16;16;48;2;49;49;57m▀[38;2;82;82;90;48;2;82;82;90m▀[38;2;49;49;57;48;2;49;49;57m▀▀▀[38;2;0;0;0;48;2;0;0;0m▀[38;2;24;24;32;48;2;24;24;32m▀[38;2;16;16;16;48;2;32;32;41m▀[38;2;49;49;57;48;2;49;49;57m▀[48;2;82;82;90m▀[48;2;49;49;57m▀[38;2;0;0;0;48;2;0;0;0m▀▀[0m
[0m                        [38;2;0;0;0m▀▀▀[0m                            [38;2;16;16;16;48;2;16;16;16m▀[38;2;49;49;57;48;2;49;49;57m▀▀▀[48;2;32;32;41m▀[38;2;24;24;32;48;2;24;24;32m▀[38;2;49;49;57;48;2;49;49;57m▀[38;2;82;82;90m▀[38;2;49;49;57m▀▀▀[38;2;0;0;0;48;2;0;0;0m▀[38;2;24;24;32;48;2;24;24;32m▀[38;2;49;49;57;48;2;49;49;57m▀▀[38;2;82;82;90m▀[38;2;49;49;57m▀[38;2;0;0;0;48;2;0;0;0m▀[0m
[0m                                                        [38;2;0;0;0m▀▀▀▀▀[38;2;49;49;57;48;2;0;0;0m▀[48;2;49;49;57m▀▀[48;2;0;0;0m▀[38;2;32;32;41m▀[38;2;0;0;0;49m▀▀▀[38;2;49;49;57;48;2;0;0;0m▀▀[38;2;32;32;41m▀[38;2;0;0;0;49m▀[0m
[0m                                                              [38;2;0;0;0m▀▀[0m
