[0m                                                    [38;2;115;115;115m▄▄▄[48;2;255;255;255m▀▀[48;2;115;115;115m▀[38;2;16;16;16;48;2;180;180;189m▀[48;2;115;115;115m▀[49m▄[0m
[0m                                                [38;2;115;115;115m▄▄[48;2;255;255;255m▀▀[38;2;255;255;255m▀▀▀▀[38;2;115;115;115;48;2;115;115;115m▀[38;2;180;180;189;48;2;180;180;189m▀▀[38;2;115;115;115m▀[38;2;180;180;189m▀[38;2;115;115;115m▀[49m▄[0m
[0m                                   [38;2;180;180;189m▄▄▄▄[38;2;115;115;115;48;2;255;255;255m▀▀▀▀▀▀▀▀▀[38;2;255;255;255m▀▀▀▀▀[48;2;180;180;189m▀▀[38;2;115;115;115;48;2;115;115;115m▀[38;2;180;180;189m▀[48;2;180;180;189m▀▀▀▀[48;2;115;115;115m▀[38;2;16;16;16;48;2;180;180;189m▀[49m▄[0m
[0m                                [38;2;180;180;189m▄[48;2;255;255;255m▀▀[38;2;255;255;255m▀▀▀▀▀▀▀▀▀▀▀▀▀▀[48;2;180;180;189m▀▀[38;2;180;180;189;48;2;255;255;255m▀▀[38;2;255;255;255m▀▀[38;2;115;115;115;48;2;115;115;115m▀[38;2;180;180;189;48;2;180;180;189m▀[38;2;115;115;115m▀[38;2;180;180;189m▀▀▀▀▀[38;2;16;16;16m▀[38;2;115;115;115;49m▄[0m
[0m                              [38;2;115;115;115m▄[48;2;255;255;255m▀[38;2;255;255;255m▀[38;2;106;32;57;48;2;106;32;57m▀[48;2;189;74;82m▀[38;2;255;255;255;48;2;106;32;57m▀[38;2;106;32;57;48;2;16;16;16m▀[48;2;189;74;82m▀[38;2;255;255;255;48;2;106;32;57m▀[48;2;255;255;255m▀▀▀▀▀▀[48;2;164;90;57m▀▀[48;2;255;255;255m▀▀▀▀▀▀▀▀[38;2;115;115;115;48;2;16;16;16m▀[38;2;180;180;189;48;2;180;180;189m▀▀▀▀▀▀▀▀[38;2;16;16;16;48;2;16;16;16m▀[0m
[0m                          [38;2;115;115;115m▄▄▄[48;2;255;255;255m▀[38;2;255;255;255m▀▀▀[38;2;106;32;57;48;2;106;32;57m▀[38;2;189;74;82;48;2;189;74;82m▀▀[38;2;16;16;16;48;2;16;16;16m▀[38;2;189;74;82;48;2;189;74;82m▀▀[38;2;106;32;57;48;2;164;90;57m▀[38;2;255;255;255m▀[48;2;255;255;255m▀▀[48;2;98;49;16m▀[38;2;164;90;57;48;2;246;123;65m▀[38;2;246;123;65m▀▀[38;2;98;49;16;48;2;98;49;16m▀[38;2;255;255;255;48;2;255;255;255m▀▀▀▀▀▀▀[38;2;16;16;16m▀[38;2;180;180;189;48;2;115;115;115m▀[48;2;180;180;189m▀▀▀▀▀▀[48;2;115;115;115m▀[38;2;16;16;16;48;2;16;16;16m▀[0m
[0m                      [38;2;115;115;115m▄▄[48;2;255;255;255m▀▀[38;2;255;255;255m▀[48;2;106;32;57m▀▀▀[48;2;255;255;255m▀▀▀[38;2;106;32;57;48;2;164;90;57m▀[38;2;189;74;82m▀[38;2;164;90;57;48;2;246;123;65m▀▀[38;2;246;123;65;48;2;164;90;57m▀▀[48;2;246;123;65m▀▀[38;2;164;90;57m▀[48;2;98;49;16m▀[38;2;98;49;16;48;2;246;123;65m▀[38;2;246;123;65;48;2;98;49;16m▀[38;2;98;49;16;48;2;164;90;57m▀[38;2;246;123;65;48;2;246;123;65m▀[38;2;16;16;16;48;2;16;16;16m▀[38;2;255;255;255;48;2;255;255;255m▀▀▀▀▀▀[48;2;180;180;189m▀[38;2;180;180;189m▀[38;2;16;16;16m▀[38;2;180;180;189;48;2;16;16;16m▀[38;2;115;115;115;48;2;115;115;115m▀[48;2;180;180;189m▀[38;2;180;180;189m▀▀▀▀[38;2;16;16;16;48;2;16;16;16m▀[0m
[0m                    [38;2;115;115;115m▄[48;2;255;255;255m▀[38;2;255;255;255m▀▀▀▀▀[38;2;16;16;16m▀[38;2;189;74;82;48;2;106;32;57m▀[48;2;189;74;82m▀[38;2;106;32;57m▀[48;2;106;32;57m▀[48;2;246;123;65m▀[38;2;246;123;65m▀▀[48;2;16;16;16m▀[38;2;16;16;16;48;2;255;205;98m▀[38;2;98;49;16m▀[38;2;246;123;65;48;2;164;90;57m▀[48;2;246;123;65m▀▀▀[38;2;98;49;16m▀[38;2;246;123;65m▀[38;2;98;49;16m▀[38;2;246;123;65m▀[38;2;164;90;57;48;2;16;16;16m▀[38;2;16;16;16;48;2;255;255;255m▀[38;2;255;255;255m▀▀▀[48;2;180;180;189m▀[38;2;180;180;189m▀▀▀[48;2;115;115;115m▀[38;2;115;115;115;48;2;180;180;189m▀[38;2;16;16;16m▀[38;2;180;180;189;48;2;16;16;16m▀[48;2;180;180;189m▀▀[48;2;115;115;115m▀[48;2;180;180;189m▀[38;2;115;115;115;48;2;16;16;16m▀[0m
[0m                   [38;2;115;115;115m▄[38;2;16;16;16;48;2;255;255;255m▀[38;2;180;180;189m▀▀[38;2;255;255;255m▀▀▀▀▀[38;2;16;16;16m▀[38;2;189;74;82;48;2;106;32;57m▀[38;2;106;32;57m▀[38;2;246;123;65;48;2;246;123;65m▀[48;2;164;90;57m▀[48;2;246;123;65m▀[38;2;164;90;57;48;2;16;16;16m▀[38;2;255;205;98;48;2;255;205;98m▀[38;2;255;255;255;48;2;16;16;16m▀[38;2;255;205;98;48;2;255;205;98m▀▀[38;2;164;90;57;48;2;115;115;115m▀[38;2;246;123;65m▀▀[38;2;115;115;115;48;2;255;255;255m▀▀[38;2;246;123;65;48;2;16;16;16m▀[38;2;98;49;16;48;2;246;123;65m▀[48;2;98;49;16m▀[38;2;255;255;255;48;2;180;180;189m▀▀[38;2;180;180;189m▀▀▀[48;2;115;115;115m▀[38;2;115;115;115;48;2;180;180;189m▀▀[38;2;180;180;189m▀▀▀▀[38;2;16;16;16m▀[38;2;180;180;189;48;2;16;16;16m▀[38;2;115;115;115m▀[38;2;16;16;16;49m▀[0m
[0m                [38;2;74;41;24m▄▄▄[38;2;115;115;115;48;2;16;16;16m▀[38;2;255;255;255;48;2;255;255;255m▀▀▀▀▀▀▀[38;2;164;90;57;48;2;98;49;16m▀[48;2;246;123;65m▀[48;2;16;16;16m▀[38;2;98;49;16;48;2;255;205;98m▀[38;2;164;90;57;48;2;16;16;16m▀[38;2;115;115;115;48;2;115;115;115m▀[38;2;98;49;16;48;2;255;255;255m▀[38;2;16;16;16;48;2;180;180;189m▀[38;2;255;205;98;48;2;16;16;16m▀▀[38;2;16;16;16;48;2;255;255;255m▀[38;2;115;115;115m▀[38;2;255;255;255m▀▀▀▀[48;2;16;16;16m▀[38;2;16;16;16;48;2;246;123;65m▀[38;2;246;123;65m▀▀[38;2;98;49;16;48;2;164;90;57m▀[38;2;180;180;189;48;2;98;49;16m▀▀[48;2;180;180;189m▀▀▀▀▀▀▀▀[48;2;16;16;16m▀[38;2;115;115;115m▀[38;2;16;16;16;49m▀[0m
[0m            [38;2;74;41;24m▄▄[48;2;98;65;49m▀▀[38;2;98;65;49m▀▀▀[38;2;16;16;16;48;2;16;16;16m▀[38;2;255;255;255;48;2;255;255;255m▀▀▀▀▀▀▀[38;2;98;49;16m▀[38;2;164;90;57;48;2;98;49;16m▀[38;2;16;16;16;48;2;164;90;57m▀[38;2;164;90;57;48;2;16;16;16m▀[38;2;255;205;98m▀[38;2;16;16;16;48;2;255;255;255m▀[38;2;255;255;255m▀▀[48;2;180;180;189m▀[48;2;16;16;16m▀▀[48;2;255;255;255m▀▀[38;2;115;115;115;48;2;16;16;16m▀[38;2;255;255;255;48;2;255;255;255m▀[38;2;180;180;189;48;2;16;16;16m▀[38;2;16;16;16;48;2;246;123;65m▀[38;2;246;123;65m▀▀[48;2;164;90;57m▀[38;2;164;90;57m▀▀▀[38;2;98;49;16;48;2;98;49;16m▀[38;2;180;180;189;48;2;180;180;189m▀▀▀▀▀[48;2;115;115;115m▀[38;2;16;16;16;49m▀[0m
[0m         [38;2;74;41;24m▄[48;2;98;65;49m▀▀[38;2;98;65;49m▀▀▀▀▀▀▀▀[38;2;16;16;16;48;2;16;16;16m▀[38;2;255;255;255;48;2;255;255;255m▀▀▀▀▀[48;2;180;180;189m▀▀▀[38;2;98;49;16;48;2;115;115;115m▀[38;2;115;115;115;48;2;255;255;255m▀[38;2;255;255;255m▀[38;2;115;115;115;48;2;180;180;189m▀[38;2;180;180;189;48;2;16;16;16m▀[38;2;255;255;255m▀[38;2;16;16;16m▀[38;2;98;49;16;48;2;98;49;16m▀[38;2;16;16;16m▀[38;2;255;255;255;48;2;16;16;16m▀[38;2;16;16;16;48;2;98;49;16m▀[38;2;246;123;65;48;2;246;123;65m▀[38;2;16;16;16m▀[38;2;246;123;65m▀▀▀[48;2;164;90;57m▀[38;2;164;90;57m▀▀▀▀▀[38;2;98;49;16;48;2;98;49;16m▀[38;2;180;180;189;48;2;180;180;189m▀[48;2;115;115;115m▀▀[38;2;115;115;115;49m▀[0m
[0m       [38;2;74;41;24m▄[48;2;131;98;74m▀[38;2;131;98;74m▀▀▀[38;2;98;65;49m▀▀[48;2;98;65;49m▀[48;2;106;32;57m▀▀[48;2;74;41;24m▀[48;2;98;65;49m▀[48;2;74;41;24m▀[38;2;16;16;16m▀[38;2;115;115;115;48;2;16;16;16m▀[48;2;180;180;189m▀[38;2;180;180;189m▀▀▀▀[48;2;115;115;115m▀[38;2;115;115;115;48;2;255;255;255m▀[38;2;255;255;255m▀[38;2;115;115;115;48;2;16;16;16m▀[38;2;180;180;189m▀[38;2;255;255;255;48;2;115;115;115m▀[38;2;16;16;16;48;2;16;16;16m▀[38;2;98;49;16;48;2;98;49;16m▀[48;2;16;16;16m▀▀[48;2;98;49;16m▀[48;2;16;16;16m▀[38;2;164;90;57;48;2;246;123;65m▀[38;2;246;123;65m▀▀▀▀[48;2;164;90;57m▀[38;2;164;90;57m▀▀▀[48;2;16;16;16m▀▀▀[38;2;98;49;16m▀[38;2;115;115;115m▀[0m
[0m     [38;2;74;41;24m▄[48;2;131;98;74m▀[38;2;131;98;74m▀▀▀▀▀[48;2;106;32;57m▀[38;2;106;32;57;48;2;189;74;82m▀▀[38;2;189;74;82m▀▀[38;2;16;16;16;48;2;16;16;16m▀[38;2;74;41;24;49m▀[0m   [38;2;16;16;16m▀[38;2;180;180;189;48;2;16;16;16m▀▀[48;2;115;115;115m▀▀[38;2;16;16;16;48;2;180;180;189m▀▀[38;2;180;180;189;48;2;16;16;16m▀[38;2;255;255;255m▀[38;2;16;16;16m▀[38;2;246;123;65;48;2;246;123;65m▀[38;2;98;49;16m▀[38;2;16;16;16;48;2;98;49;16m▀[38;2;246;123;65;48;2;246;123;65m▀▀[38;2;16;16;16m▀▀[38;2;246;123;65m▀▀▀[48;2;164;90;57m▀[38;2;164;90;57m▀▀[48;2;98;49;16m▀[38;2;98;49;16;48;2;246;123;65m▀▀[38;2;246;123;65m▀▀▀▀[48;2;189;74;82m▀[38;2;106;32;57m▀▀[49m▄[0m
[0m    [38;2;74;41;24m▄[48;2;131;98;74m▀[38;2;131;98;74m▀▀▀▀[48;2;74;41;24m▀[38;2;106;32;57;48;2;106;32;57m▀[38;2;189;74;82;48;2;189;74;82m▀▀▀[48;2;16;16;16m▀[38;2;16;16;16;49m▀[0m          [38;2;115;115;115m▀▀[38;2;98;49;16m▀[38;2;246;123;65;48;2;16;16;16m▀[48;2;246;123;65m▀▀▀▀▀▀▀[48;2;98;49;16m▀[48;2;164;90;57m▀[38;2;164;90;57m▀▀▀▀[38;2;98;49;16;48;2;246;123;65m▀[38;2;246;123;65m▀▀▀▀▀▀▀[38;2;189;74;82m▀[48;2;189;74;82m▀▀▀[38;2;106;32;57;48;2;106;32;57m▀[0m
[0m  [38;2;16;16;16m▄▄[48;2;131;98;74m▀[38;2;131;98;74m▀▀▀▀▀▀[38;2;74;41;24m▀[38;2;16;16;16m▀[48;2;74;41;24m▀[49m▀[0m              [38;2;98;49;16m▄[38;2;16;16;16;48;2;98;49;16m▀[38;2;164;90;57;48;2;16;16;16m▀[38;2;246;123;65;48;2;164;90;57m▀▀▀[38;2;98;49;16;48;2;98;49;16m▀[38;2;246;123;65;48;2;164;90;57m▀[38;2;164;90;57m▀[38;2;98;49;16;48;2;98;49;16m▀[38;2;164;90;57;48;2;164;90;57m▀▀▀[48;2;16;16;16m▀[38;2;98;49;16m▀[38;2;164;90;57;48;2;246;123;65m▀▀▀▀[48;2;98;49;16m▀[38;2;246;123;65m▀[48;2;246;123;65m▀[38;2;189;74;82m▀[48;2;189;74;82m▀▀▀▀[48;2;246;123;65m▀[38;2;98;49;16;48;2;16;16;16m▀[0m
[0m [38;2;16;16;16;48;2;74;41;24m▀[38;2;98;65;49;48;2;98;65;49m▀[38;2;74;41;24;48;2;74;41;24m▀[38;2;131;98;74;48;2;131;98;74m▀▀▀▀▀▀▀▀[38;2;74;41;24;48;2;74;41;24m▀[0m              [38;2;106;32;57m▄[48;2;189;74;82m▀[38;2;189;74;82;48;2;246;123;65m▀[38;2;246;123;65m▀▀[38;2;98;49;16m▀▀[38;2;164;90;57;48;2;164;90;57m▀[48;2;16;16;16m▀[38;2;98;49;16m▀[38;2;164;90;57m▀[38;2;16;16;16;48;2;246;123;65m▀▀▀▀[38;2;246;123;65;48;2;98;49;16m▀[48;2;246;123;65m▀▀▀[38;2;189;74;82;48;2;189;74;82m▀▀[38;2;246;123;65m▀[48;2;246;123;65m▀▀▀▀[48;2;164;90;57m▀[48;2;246;123;65m▀▀▀[38;2;16;16;16;48;2;16;16;16m▀[0m
[38;2;74;41;24;48;2;74;41;24m▀[38;2;98;65;49;48;2;98;65;49m▀▀[38;2;131;98;74;48;2;131;98;74m▀▀▀▀▀▀[48;2;74;41;24m▀[48;2;131;98;74m▀[38;2;74;41;24;48;2;74;41;24m▀[0m               [38;2;106;32;57;48;2;189;74;82m▀[38;2;189;74;82;48;2;246;123;65m▀[38;2;246;123;65m▀▀▀[48;2;98;49;16m▀[38;2;98;49;16;48;2;246;123;65m▀[38;2;16;16;16m▀[38;2;246;123;65m▀▀▀[48;2;189;74;82m▀▀[48;2;246;123;65m▀▀▀▀▀▀▀[38;2;189;74;82m▀▀[38;2;246;123;65m▀▀▀▀[38;2;164;90;57;48;2;98;49;16m▀[38;2;246;123;65;48;2;246;123;65m▀[48;2;164;90;57m▀[38;2;98;49;16;48;2;16;16;16m▀[0m
[38;2;74;41;24;48;2;16;16;16m▀[38;2;98;65;49;48;2;98;65;49m▀[38;2;74;41;24;48;2;74;41;24m▀[38;2;131;98;74;48;2;131;98;74m▀▀▀▀▀▀▀[38;2;16;16;16m▀▀[48;2;106;32;57m▀[48;2;189;74;82m▀[38;2;74;41;24;49m▄[0m          [38;2;98;49;16m▄[48;2;246;123;65m▀[38;2;246;123;65m▀▀▀▀[48;2;16;16;16m▀[38;2;98;49;16;48;2;246;123;65m▀[38;2;246;123;65m▀▀▀▀[38;2;189;74;82;48;2;189;74;82m▀▀[48;2;246;123;65m▀[38;2;246;123;65m▀▀[48;2;189;74;82m▀▀▀[48;2;246;123;65m▀▀▀[38;2;189;74;82;48;2;189;74;82m▀▀[38;2;246;123;65;48;2;246;123;65m▀▀[38;2;16;16;16;48;2;16;16;16m▀[38;2;164;90;57;48;2;164;90;57m▀[48;2;16;16;16m▀[38;2;16;16;16;48;2;98;65;49m▀[38;2;74;41;24m▀[49m▄[0m
[38;2;16;16;16;49m▀[38;2;98;65;49;48;2;16;16;16m▀[38;2;74;41;24;48;2;74;41;24m▀[38;2;131;98;74;48;2;131;98;74m▀▀▀▀▀▀▀▀[38;2;106;32;57;48;2;106;32;57m▀[38;2;189;74;82;48;2;189;74;82m▀▀▀[38;2;74;41;24;48;2;16;16;16m▀[0m        [38;2;98;49;16m▄[48;2;246;123;65m▀[38;2;246;123;65;48;2;98;49;16m▀▀[38;2;98;49;16;48;2;246;123;65m▀▀[48;2;164;90;57m▀[38;2;16;16;16m▀[38;2;246;123;65;48;2;16;16;16m▀[48;2;246;123;65m▀▀▀▀▀[48;2;189;74;82m▀▀▀[38;2;189;74;82m▀▀▀▀▀[38;2;246;123;65;48;2;246;123;65m▀▀▀▀▀[38;2;164;90;57;48;2;98;49;16m▀[48;2;164;90;57m▀[48;2;16;16;16m▀[38;2;16;16;16;48;2;98;65;49m▀[38;2;98;65;49m▀▀[38;2;74;41;24m▀▀▀[49m▄[0m
[0m  [38;2;16;16;16;48;2;16;16;16m▀[38;2;131;98;74;48;2;131;98;74m▀▀▀▀▀▀▀▀[38;2;106;32;57m▀[38;2;189;74;82;48;2;106;32;57m▀[48;2;189;74;82m▀▀▀[38;2;16;16;16;48;2;16;16;16m▀[0m      [38;2;98;49;16m▄[48;2;246;123;65m▀[38;2;246;123;65m▀[38;2;98;49;16m▀[38;2;246;123;65;48;2;189;74;82m▀[38;2;189;74;82m▀▀[38;2;148;49;65m▀[38;2;164;90;57;48;2;164;90;57m▀▀[38;2;16;16;16m▀▀[38;2;246;123;65;48;2;16;16;16m▀▀▀[48;2;246;123;65m▀[38;2;189;74;82m▀▀[48;2;189;74;82m▀▀▀▀[48;2;246;123;65m▀[38;2;246;123;65m▀▀[48;2;16;16;16m▀▀[38;2;16;16;16;48;2;164;90;57m▀[38;2;164;90;57m▀[48;2;16;16;16m▀[38;2;16;16;16;48;2;98;65;49m▀[38;2;98;65;49m▀▀▀▀▀▀[38;2;74;41;24;48;2;74;41;24m▀[0m
[0m   [38;2;74;41;24;48;2;16;16;16m▀[38;2;131;98;74;48;2;131;98;74m▀▀▀▀▀▀▀▀[38;2;106;32;57m▀[38;2;189;74;82;48;2;106;32;57m▀▀[38;2;106;32;57;48;2;98;65;49m▀[38;2;16;16;16;48;2;16;16;16m▀[0m      [38;2;16;16;16;48;2;16;16;16m▀[38;2;189;74;82;48;2;189;74;82m▀[38;2;246;123;65;48;2;246;123;65m▀▀[38;2;189;74;82m▀▀▀[38;2;246;123;65m▀[38;2;164;90;57;48;2;164;90;57m▀[38;2;148;49;65m▀▀[38;2;164;90;57m▀[48;2;16;16;16m▀[38;2;16;16;16;48;2;164;90;57m▀[38;2;164;90;57m▀[38;2;16;16;16m▀▀▀▀[38;2;246;123;65;48;2;16;16;16m▀▀▀▀[38;2;16;16;16;48;2;164;90;57m▀▀[38;2;164;90;57m▀▀[48;2;16;16;16m▀[38;2;16;16;16;49m▀[0m [38;2;74;41;24m▀[38;2;98;65;49;48;2;74;41;24m▀[48;2;98;65;49m▀▀▀[48;2;74;41;24m▀[38;2;74;41;24;49m▀▀[0m
[0m   [38;2;16;16;16m▀[38;2;131;98;74;48;2;74;41;24m▀[48;2;131;98;74m▀▀▀▀▀▀[38;2;98;65;49m▀[48;2;98;65;49m▀▀[48;2;16;16;16m▀[38;2;16;16;16;48;2;74;41;24m▀[0m        [38;2;16;16;16m▀[38;2;189;74;82;48;2;16;16;16m▀[38;2;246;123;65;48;2;246;123;65m▀▀▀[48;2;164;90;57m▀[38;2;164;90;57;48;2;16;16;16m▀▀▀[38;2;16;16;16;49m▀[48;2;98;49;16m▀[38;2;164;90;57;48;2;164;90;57m▀▀▀[38;2;148;49;65;48;2;148;49;65m▀[38;2;164;90;57m▀[48;2;164;90;57m▀▀▀▀▀▀▀▀▀[38;2;16;16;16;48;2;16;16;16m▀[0m    [38;2;74;41;24m▀[38;2;98;65;49;48;2;74;41;24m▀[48;2;98;65;49m▀▀[38;2;74;41;24;48;2;74;41;24m▀[0m
[0m    [38;2;16;16;16m▀[38;2;131;98;74;48;2;16;16;16m▀[48;2;131;98;74m▀▀▀▀▀▀▀[38;2;98;65;49m▀[38;2;74;41;24m▀[38;2;131;98;74m▀[38;2;74;41;24m▀[49m▄[0m     [38;2;16;16;16m▄[38;2;74;41;24m▄▄[38;2;16;16;16;48;2;74;41;24m▀[49m▀▀▀[0m     [38;2;98;49;16;48;2;98;49;16m▀[38;2;164;90;57;48;2;164;90;57m▀[38;2;148;49;65;48;2;148;49;65m▀▀[48;2;189;74;82m▀[38;2;164;90;57m▀[48;2;246;123;65m▀▀[48;2;98;49;16m▀[48;2;164;90;57m▀▀▀▀[38;2;16;16;16;48;2;16;16;16m▀[0m    [38;2;74;41;24m▄[48;2;74;41;24m▀[38;2;98;65;49;48;2;98;65;49m▀▀▀[38;2;74;41;24;48;2;74;41;24m▀[0m
[0m     [38;2;16;16;16m▀[38;2;74;41;24;48;2;16;16;16m▀[38;2;131;98;74;48;2;131;98;74m▀▀▀▀▀▀▀▀▀▀▀[38;2;16;16;16m▀[48;2;74;41;24m▀[49m▄▄[48;2;131;98;74m▀[38;2;106;32;57;48;2;106;32;57m▀[38;2;189;74;82;48;2;189;74;82m▀▀▀[38;2;74;41;24m▀[38;2;16;16;16m▀[49m▄[38;2;115;115;115m▄[48;2;255;255;255m▀▀[49m▄[38;2;16;16;16m▄[38;2;98;49;16;48;2;246;123;65m▀[38;2;246;123;65m▀[38;2;189;74;82m▀[48;2;189;74;82m▀▀[48;2;246;123;65m▀[38;2;246;123;65m▀▀[38;2;98;49;16m▀[38;2;246;123;65;48;2;98;49;16m▀[48;2;246;123;65m▀▀▀[38;2;16;16;16m▀[49m▄[0m   [38;2;74;41;24;48;2;74;41;24m▀[38;2;98;65;49;48;2;98;65;49m▀▀▀[48;2;74;41;24m▀[38;2;74;41;24;49m▀[0m
[0m       [38;2;74;41;24;48;2;16;16;16m▀[38;2;131;98;74;48;2;74;41;24m▀[48;2;131;98;74m▀▀▀▀▀▀▀▀▀▀▀[38;2;74;41;24m▀[38;2;131;98;74m▀▀▀[38;2;106;32;57m▀[38;2;189;74;82;48;2;106;32;57m▀▀[48;2;189;74;82m▀▀[48;2;106;32;57m▀[38;2;16;16;16;48;2;16;16;16m▀[38;2;255;255;255;48;2;255;255;255m▀[48;2;115;115;115m▀[48;2;16;16;16m▀[38;2;16;16;16;48;2;246;123;65m▀[38;2;246;123;65m▀▀[48;2;115;115;115m▀▀[48;2;246;123;65m▀▀▀▀[48;2;16;16;16m▀[38;2;98;49;16;48;2;115;115;115m▀[38;2;16;16;16;48;2;255;255;255m▀▀[38;2;246;123;65;48;2;16;16;16m▀[48;2;115;115;115m▀[38;2;115;115;115;48;2;255;255;255m▀▀▀[38;2;16;16;16;49m▄[0m [38;2;74;41;24;48;2;74;41;24m▀[38;2;98;65;49;48;2;16;16;16m▀▀[38;2;74;41;24;48;2;74;41;24m▀[0m
[0m        [38;2;16;16;16m▀[38;2;131;98;74;48;2;16;16;16m▀[48;2;131;98;74m▀▀▀▀▀▀▀▀▀▀▀▀▀▀▀▀▀[38;2;106;32;57m▀▀[38;2;131;98;74;48;2;16;16;16m▀[38;2;16;16;16;48;2;74;41;24m▀[38;2;255;255;255;48;2;255;255;255m▀▀[38;2;115;115;115m▀[38;2;246;123;65;48;2;115;115;115m▀▀[38;2;115;115;115;48;2;255;255;255m▀[38;2;255;255;255m▀▀[38;2;16;16;16m▀[38;2;246;123;65;48;2;16;16;16m▀[38;2;115;115;115m▀[48;2;255;255;255m▀[38;2;255;255;255m▀▀▀▀▀[38;2;16;16;16m▀[38;2;255;255;255;48;2;115;115;115m▀▀[48;2;255;255;255m▀▀[38;2;16;16;16m▀[38;2;115;115;115m▀[38;2;255;255;255m▀▀[38;2;16;16;16m▀[49m▄[0m
[0m        [38;2;16;16;16m▄[38;2;74;41;24;48;2;74;41;24m▀[48;2;98;65;49m▀[38;2;131;98;74;48;2;74;41;24m▀[48;2;131;98;74m▀▀▀▀▀▀▀▀▀▀▀▀▀▀▀[48;2;98;65;49m▀[38;2;98;65;49m▀[38;2;16;16;16m▀[38;2;98;65;49m▀[38;2;74;41;24;48;2;131;98;74m▀[38;2;255;255;255;48;2;74;41;24m▀▀[48;2;255;255;255m▀▀▀▀▀[48;2;16;16;16m▀▀[48;2;74;41;24m▀▀▀[48;2;255;255;255m▀▀▀▀▀▀▀▀▀▀▀▀▀▀[38;2;16;16;16m▀[49m▄▄[0m
[0m        [38;2;16;16;16;48;2;16;16;16m▀[38;2;98;65;49;48;2;98;65;49m▀▀▀▀[38;2;131;98;74m▀▀[48;2;131;98;74m▀▀▀▀▀▀▀▀▀▀▀▀▀▀▀▀▀▀[38;2;98;65;49m▀[38;2;74;41;24m▀▀[38;2;255;255;255;48;2;74;41;24m▀[48;2;16;16;16m▀[38;2;16;16;16;48;2;131;98;74m▀[38;2;106;32;57;48;2;106;32;57m▀[38;2;189;74;82;48;2;189;74;82m▀▀▀▀[38;2;74;41;24m▀▀[38;2;255;255;255;48;2;16;16;16m▀[48;2;255;255;255m▀▀▀▀▀▀▀▀▀▀▀▀▀▀[38;2;16;16;16;48;2;16;16;16m▀[0m
[0m         [38;2;16;16;16m▀[38;2;98;65;49;48;2;16;16;16m▀[48;2;74;41;24m▀[48;2;98;65;49m▀▀▀▀[38;2;74;41;24m▀[38;2;131;98;74;48;2;74;41;24m▀[48;2;131;98;74m▀▀▀▀▀▀▀▀▀▀▀▀▀▀▀▀[38;2;74;41;24m▀[38;2;16;16;16m▀▀[38;2;131;98;74m▀▀▀[38;2;106;32;57m▀▀[38;2;189;74;82;48;2;106;32;57m▀▀▀▀[38;2;106;32;57;48;2;131;98;74m▀[38;2;16;16;16;48;2;16;16;16m▀[38;2;255;255;255;48;2;255;255;255m▀▀▀▀▀▀▀▀▀▀▀▀▀[38;2;115;115;115m▀[38;2;16;16;16;48;2;16;16;16m▀[0m
[0m           [38;2;16;16;16m▀▀[38;2;98;65;49;48;2;16;16;16m▀▀▀[38;2;16;16;16m▀[48;2;255;255;255m▀[38;2;74;41;24m▀▀[38;2;131;98;74;48;2;16;16;16m▀▀[48;2;131;98;74m▀▀▀▀▀▀▀▀▀▀▀▀▀▀▀▀▀▀▀▀▀▀▀▀[38;2;16;16;16;48;2;16;16;16m▀[38;2;255;255;255;48;2;255;255;255m▀▀▀▀▀▀▀▀▀▀▀▀▀▀[48;2;16;16;16m▀[38;2;16;16;16;49m▀[0m
[0m                [38;2;16;16;16;48;2;16;16;16m▀[38;2;180;180;189;48;2;180;180;189m▀[38;2;255;255;255m▀▀▀▀[38;2;16;16;16;48;2;16;16;16m▀[38;2;98;65;49;48;2;74;41;24m▀[38;2;131;98;74m▀[48;2;98;65;49m▀[48;2;131;98;74m▀▀▀▀▀▀▀▀▀▀▀▀▀▀▀▀▀▀[48;2;98;65;49m▀[38;2;16;16;16;48;2;16;16;16m▀[38;2;255;255;255;48;2;255;255;255m▀▀▀▀[48;2;180;180;189m▀▀[48;2;255;255;255m▀▀▀[48;2;180;180;189m▀[38;2;180;180;189m▀[38;2;255;255;255m▀▀[38;2;180;180;189m▀[48;2;16;16;16m▀[38;2;16;16;16;48;2;115;115;115m▀[0m
[0m                 [38;2;16;16;16;48;2;16;16;16m▀[38;2;180;180;189;48;2;180;180;189m▀▀▀▀[38;2;16;16;16m▀[38;2;98;65;49;48;2;16;16;16m▀[48;2;98;65;49m▀▀▀▀▀[38;2;131;98;74;48;2;74;41;24m▀▀[48;2;98;65;49m▀[48;2;131;98;74m▀▀▀▀▀▀▀▀[48;2;98;65;49m▀▀▀[38;2;98;65;49m▀▀[38;2;74;41;24;48;2;74;41;24m▀[38;2;255;255;255;48;2;255;255;255m▀▀[38;2;180;180;189;48;2;180;180;189m▀▀▀▀▀▀[38;2;255;255;255m▀[38;2;180;180;189m▀▀▀▀▀▀[38;2;115;115;115m▀[38;2;16;16;16;48;2;16;16;16m▀[0m     [38;2;115;115;115m▄▄▄[0m
[0m                  [38;2;16;16;16m▀▀[38;2;115;115;115;48;2;16;16;16m▀[38;2;180;180;189;48;2;180;180;189m▀▀[38;2;16;16;16m▀[38;2;98;65;49;48;2;16;16;16m▀[48;2;74;41;24m▀[48;2;98;65;49m▀▀▀▀[48;2;16;16;16m▀[38;2;16;16;16;48;2;180;180;189m▀▀[38;2;98;65;49;48;2;16;16;16m▀▀▀[48;2;98;65;49m▀▀▀▀▀▀▀▀▀▀[38;2;74;41;24;48;2;16;16;16m▀[38;2;180;180;189;48;2;180;180;189m▀▀▀▀▀▀▀▀▀▀▀▀▀▀[48;2;16;16;16m▀[38;2;16;16;16;48;2;180;180;189m▀[38;2;115;115;115m▀[49m▄▄[0m [38;2;115;115;115;48;2;115;115;115m▀[38;2;255;255;255;48;2;255;255;255m▀▀▀[38;2;115;115;115m▀▀[49m▄[0m
[0m                    [38;2;16;16;16m▀[38;2;180;180;189;48;2;16;16;16m▀▀[48;2;180;180;189m▀▀▀[38;2;74;41;24m▀▀[38;2;16;16;16m▀▀[38;2;180;180;189m▀▀▀▀▀▀[38;2;16;16;16m▀[38;2;74;41;24;48;2;16;16;16m▀[48;2;98;65;49m▀[38;2;98;65;49m▀▀▀▀▀▀[48;2;16;16;16m▀[38;2;16;16;16;48;2;180;180;189m▀[38;2;180;180;189m▀▀▀▀▀[48;2;115;115;115m▀▀[48;2;180;180;189m▀▀▀▀[48;2;115;115;115m▀[38;2;16;16;16;48;2;180;180;189m▀▀[38;2;180;180;189m▀▀▀▀[38;2;255;255;255;48;2;255;255;255m▀[38;2;115;115;115m▀[38;2;255;255;255m▀[48;2;115;115;115m▀[48;2;16;16;16m▀[38;2;16;16;16;49m▀▀[38;2;255;255;255;48;2;115;115;115m▀[48;2;255;255;255m▀[38;2;115;115;115m▀▀▀[49m▄[0m
[0m                       [38;2;16;16;16m▀[38;2;180;180;189;48;2;16;16;16m▀▀▀[38;2;115;115;115;49m▀▀[38;2;180;180;189;48;2;16;16;16m▀▀[48;2;180;180;189m▀▀▀[48;2;16;16;16m▀▀▀[48;2;180;180;189m▀[38;2;16;16;16m▀[38;2;74;41;24m▀[38;2;98;65;49;48;2;16;16;16m▀▀▀[38;2;16;16;16;48;2;180;180;189m▀▀[38;2;180;180;189;48;2;16;16;16m▀▀▀[48;2;180;180;189m▀▀[38;2;115;115;115m▀▀[38;2;180;180;189;48;2;16;16;16m▀▀[48;2;180;180;189m▀▀▀▀▀▀▀[48;2;115;115;115m▀[48;2;180;180;189m▀▀▀▀[38;2;255;255;255m▀[38;2;115;115;115;48;2;16;16;16m▀[0m     [38;2;115;115;115m▀[38;2;255;255;255;48;2;115;115;115m▀▀[38;2;115;115;115;49m▀[0m
[0m                               [38;2;16;16;16m▀▀▀[0m   [38;2;115;115;115;48;2;16;16;16m▀[38;2;180;180;189m▀[48;2;180;180;189m▀▀▀[48;2;16;16;16m▀▀[38;2;16;16;16;49m▀[0m   [38;2;16;16;16m▀▀▀▀[0m  [38;2;16;16;16m▀▀[38;2;180;180;189;48;2;16;16;16m▀[48;2;115;115;115m▀[48;2;180;180;189m▀▀[48;2;16;16;16m▀[38;2;16;16;16;49m▀▀[38;2;180;180;189;48;2;16;16;16m▀▀[38;2;16;16;16;49m▀▀[0m
[0m                                       [38;2;16;16;16m▀▀▀[0m               [38;2;16;16;16m▀▀▀[0m
