[0m                                                                    [38;2;106;131;148m▄▄▀[48;2;16;57;82m▀[0m
[0m                                                                 [38;2;16;57;82m▄▄[48;2;222;246;255m▀[38;2;222;246;255;49m▄▀[38;2;16;57;82;48;2;16;57;82m▀[0m
[0m                                                          [38;2;106;131;148;48;2;16;57;82m▀[48;2;164;180;205m▀[49m▄▄[0m [38;2;16;57;82m▄[48;2;106;131;148m▀[38;2;106;131;148;49m▀[38;2;222;246;255m▀▀[0m [38;2;106;131;148;48;2;106;131;148m▀[0m
[0m                                                      [38;2;16;57;82m▄[48;2;164;180;205m▀[48;2;106;131;148m▀[49m▄[48;2;164;180;205m▀[38;2;164;180;205m▀▀[48;2;16;57;82m▀[38;2;16;57;82;48;2;164;180;205m▀[38;2;106;131;148m▀[0m   [38;2;106;131;148m▄▀[0m
[0m                                                     [38;2;16;57;82m▄[48;2;222;246;255m▀[38;2;164;180;205;48;2;164;180;205m▀[48;2;106;131;148m▀[38;2;16;57;82;48;2;16;57;82m▀[38;2;164;180;205;48;2;106;131;148m▀[48;2;164;180;205m▀[38;2;16;57;82;48;2;16;57;82m▀[38;2;115;115;123;48;2;115;115;123m▀[48;2;253;228;0m▀▀[38;2;164;180;205;48;2;115;115;123m▀[49m▄[38;2;16;57;82m▄▀[0m
[0m                                                     [38;2;16;57;82;48;2;106;131;148m▀[38;2;222;246;255;48;2;222;246;255m▀[38;2;106;131;148m▀[38;2;222;246;255m▀▀[38;2;106;131;148;48;2;106;131;148m▀[38;2;164;180;205;48;2;164;180;205m▀[38;2;16;57;82m▀[38;2;115;115;123;48;2;16;57;82m▀[38;2;253;228;0;48;2;115;115;123m▀▀[38;2;115;115;123;48;2;16;57;82m▀[38;2;16;57;82;48;2;106;131;148m▀[0m
[0m                                                    [38;2;106;131;148m▄[48;2;106;131;148m▀[38;2;222;246;255;48;2;222;246;255m▀▀[48;2;164;180;205m▀[38;2;164;180;205;48;2;189;230;255m▀[38;2;189;230;255m▀[38;2;106;131;148m▀[38;2;164;180;205;48;2;106;131;148m▀[48;2;164;180;205m▀[38;2;16;57;82m▀▀[38;2;164;180;205m▀[38;2;106;131;148;48;2;106;131;148m▀[0m     [38;2;16;57;82m▄▄▄[48;2;222;246;255m▀▀▀[48;2;16;57;82m▀[0m
[0m                                                    [38;2;106;131;148;48;2;106;131;148m▀[38;2;222;246;255;48;2;222;246;255m▀▀▀[38;2;106;131;148;48;2;106;131;148m▀[38;2;189;230;255;48;2;189;230;255m▀▀▀▀[38;2;106;131;148;48;2;106;131;148m▀[38;2;164;180;205;48;2;164;180;205m▀▀▀[48;2;16;57;82m▀[38;2;106;131;148m▀[38;2;16;57;82;49m▄▀▀▀[0m  [38;2;222;246;255m▀[48;2;106;131;148m▀[38;2;16;57;82;49m▄▀[0m
[0m                                                    [38;2;106;131;148;48;2;106;131;148m▀[38;2;222;246;255;48;2;222;246;255m▀▀[38;2;106;131;148;48;2;106;131;148m▀[38;2;189;230;255;48;2;189;230;255m▀▀▀▀▀▀[38;2;106;131;148;48;2;106;131;148m▀[38;2;164;180;205;48;2;16;57;82m▀[38;2;16;57;82;48;2;115;115;123m▀[38;2;115;115;123;48;2;253;228;0m▀▀[38;2;164;180;205;48;2;115;115;123m▀[49m▄[0m  [38;2;106;131;148m▄[38;2;16;57;82m▄▀▀[0m
[0m                                                    [38;2;106;131;148;48;2;106;131;148m▀[38;2;222;246;255;48;2;222;246;255m▀▀[38;2;106;131;148;48;2;106;131;148m▀[38;2;189;230;255;48;2;189;230;255m▀▀▀▀▀▀[38;2;106;131;148;48;2;106;131;148m▀[38;2;16;57;82;48;2;164;180;205m▀[38;2;115;115;123;48;2;16;57;82m▀[38;2;253;228;0;48;2;115;115;123m▀▀[38;2;115;115;123;48;2;16;57;82m▀[38;2;164;180;205m▀[38;2;16;57;82;49m▄▀▀[0m              [38;2;106;131;148m▄▄▄[48;2;189;230;255m▀▀[48;2;16;57;82m▀[0m
[0m                                                   [38;2;106;131;148;48;2;106;131;148m▀[38;2;222;246;255;48;2;222;246;255m▀▀▀[38;2;106;131;148;48;2;106;131;148m▀[38;2;189;230;255m▀[48;2;164;180;205m▀▀[38;2;164;180;205;48;2;189;230;255m▀▀[38;2;106;131;148m▀[38;2;189;230;255m▀[38;2;106;131;148m▀[38;2;164;180;205;48;2;106;131;148m▀[38;2;16;57;82;48;2;164;180;205m▀▀[38;2;164;180;205;48;2;16;57;82m▀[38;2;16;57;82;49m▀[0m       [38;2;106;131;148m▄▄[48;2;189;230;255m▀[48;2;16;57;82m▀[0m [38;2;106;131;148m▄▄▄[48;2;189;230;255m▀▀[38;2;189;230;255m▀▀[48;2;16;57;82m▀▀[38;2;16;57;82;49m▀[0m
[0m                               [38;2;16;57;82m▄▄[0m              [38;2;106;131;148m▄[48;2;222;246;255m▀[49m▄[38;2;16;57;82m▄[48;2;222;246;255m▀[38;2;222;246;255m▀▀[38;2;164;180;205;48;2;106;131;148m▀[38;2;106;131;148;48;2;189;230;255m▀[38;2;189;230;255m▀▀▀▀▀▀▀▀▀[38;2;106;131;148m▀[38;2;164;180;205;48;2;16;57;82m▀[38;2;16;57;82;49m▀[0m     [38;2;106;131;148m▄[48;2;189;230;255m▀▀[38;2;189;230;255m▀▀[48;2;16;57;82m▀[38;2;16;57;82;48;2;189;230;255m▀[38;2;106;131;148m▀[38;2;164;180;205m▀[38;2;189;230;255m▀▀[48;2;106;131;148m▀[48;2;16;57;82m▀[38;2;106;131;148;49m▀[38;2;16;57;82m▀[0m
[0m                          [38;2;106;131;148m▄▄▄▄[48;2;189;230;255m▀[48;2;106;131;148m▀[38;2;222;246;255;48;2;222;246;255m▀[38;2;16;57;82;48;2;16;57;82m▀[0m [38;2;106;131;148m▄[38;2;16;57;82m▄[0m          [38;2;106;131;148;48;2;106;131;148m▀[38;2;222;246;255;48;2;222;246;255m▀[38;2;106;131;148m▀[38;2;16;57;82;48;2;16;57;82m▀[38;2;222;246;255;48;2;222;246;255m▀▀▀[38;2;106;131;148;48;2;106;131;148m▀[38;2;189;230;255;48;2;189;230;255m▀▀▀▀▀▀[48;2;16;57;82m▀▀[38;2;16;57;82;49m▀▀▀[0m     [38;2;106;131;148m▄[48;2;189;230;255m▀[38;2;189;230;255m▀▀▀▀[38;2;106;131;148m▀[38;2;189;230;255m▀▀[48;2;106;131;148m▀[48;2;189;230;255m▀[48;2;16;57;82m▀[38;2;16;57;82;49m▀▀[0m     [38;2;106;131;148m▄▄▄▄[0m
[0m                         [38;2;106;131;148m▀[38;2;222;246;255;48;2;106;131;148m▀[49m▀[0m [38;2;16;57;82;48;2;16;57;82m▀[38;2;189;230;255;48;2;189;230;255m▀▀[38;2;106;131;148;48;2;106;131;148m▀[38;2;222;246;255;48;2;222;246;255m▀[38;2;16;57;82m▀[38;2;106;131;148;48;2;106;131;148m▀[38;2;189;230;255;48;2;189;230;255m▀[38;2;16;57;82;48;2;16;57;82m▀[0m        [38;2;16;57;82m▄[38;2;106;131;148;48;2;222;246;255m▀[38;2;222;246;255m▀[48;2;106;131;148m▀[38;2;16;57;82;48;2;222;246;255m▀[38;2;222;246;255m▀▀[48;2;164;180;205m▀[38;2;106;131;148;48;2;189;230;255m▀[38;2;189;230;255m▀▀▀▀▀[38;2;106;131;148;48;2;106;131;148m▀[0m         [38;2;65;65;82m▄[38;2;106;131;148;48;2;189;230;255m▀[38;2;189;230;255m▀[48;2;16;57;82m▀▀[38;2;16;57;82;48;2;148;156;172m▀▀[38;2;189;230;255;48;2;16;57;82m▀[48;2;189;230;255m▀▀▀[38;2;16;57;82;48;2;106;131;148m▀[49m▄[0m  [38;2;106;131;148m▄▄[48;2;164;180;205m▀[48;2;189;230;255m▀▀[38;2;164;180;205m▀[38;2;189;230;255m▀[48;2;16;16;16m▀[38;2;16;16;16;49m▀[0m
[0m                           [38;2;106;131;148m▀[38;2;16;57;82;48;2;16;57;82m▀[38;2;189;230;255;48;2;189;230;255m▀[38;2;106;131;148;48;2;106;131;148m▀[38;2;189;230;255;48;2;189;230;255m▀▀[38;2;106;131;148m▀▀▀[38;2;189;230;255m▀▀[38;2;16;57;82;48;2;16;57;82m▀[0m       [38;2;16;57;82;48;2;16;57;82m▀[38;2;222;246;255;48;2;222;246;255m▀[38;2;106;131;148m▀[38;2;222;246;255m▀▀[48;2;106;131;148m▀[48;2;164;180;205m▀[38;2;164;180;205;48;2;189;230;255m▀[38;2;189;230;255m▀▀▀▀▀[38;2;106;131;148;48;2;16;57;82m▀[0m         [38;2;65;65;82m▄[48;2;148;156;172m▀[38;2;16;57;82m▀▀[38;2;148;156;172m▀▀[48;2;65;65;82m▀[38;2;115;115;123;48;2;148;156;172m▀[38;2;148;156;172m▀[38;2;16;57;82;48;2;16;57;82m▀[38;2;189;230;255;48;2;189;230;255m▀▀▀[38;2;16;57;82;48;2;16;57;82m▀[38;2;106;131;148;48;2;189;230;255m▀▀[38;2;189;230;255m▀▀▀[48;2;106;131;148m▀[48;2;16;16;16m▀[38;2;16;16;16;49m▀▀[0m
[0m                            [38;2;106;131;148;48;2;106;131;148m▀[38;2;189;230;255;48;2;189;230;255m▀▀[38;2;106;131;148;48;2;106;131;148m▀[38;2;189;230;255;48;2;189;230;255m▀▀▀▀▀▀[38;2;16;57;82;48;2;164;180;205m▀[49m▄[0m     [38;2;16;57;82m▄[48;2;222;246;255m▀[38;2;222;246;255m▀[48;2;106;131;148m▀[38;2;106;131;148;48;2;189;230;255m▀▀[38;2;189;230;255m▀▀▀▀[48;2;16;57;82m▀▀[38;2;16;57;82;49m▀▀[0m          [38;2;65;65;82;48;2;65;65;82m▀[38;2;148;156;172;48;2;148;156;172m▀▀▀▀[38;2;65;65;82;48;2;115;115;123m▀[38;2;148;156;172;48;2;148;156;172m▀▀[48;2;65;65;82m▀[38;2;115;115;123;48;2;148;156;172m▀[38;2;16;57;82;48;2;16;57;82m▀[38;2;189;230;255;48;2;189;230;255m▀▀▀▀▀[48;2;16;16;16m▀▀[38;2;16;16;16;49m▀▀[0m
[0m                            [38;2;106;131;148m▀[38;2;189;230;255;48;2;16;57;82m▀[48;2;189;230;255m▀[48;2;106;131;148m▀[38;2;106;131;148;48;2;189;230;255m▀▀▀[38;2;189;230;255;48;2;106;131;148m▀[48;2;164;180;205m▀[38;2;164;180;205m▀▀[38;2;16;57;82m▀[49m▄[0m    [38;2;16;57;82;48;2;16;57;82m▀[38;2;222;246;255;48;2;222;246;255m▀[48;2;106;131;148m▀[38;2;106;131;148;48;2;189;230;255m▀[38;2;189;230;255m▀▀▀▀[48;2;106;131;148m▀[38;2;16;16;16;48;2;16;16;16m▀[38;2;65;65;82;49m▄▄[0m             [38;2;65;65;82;48;2;65;65;82m▀[38;2;148;156;172;48;2;148;156;172m▀▀[38;2;115;115;123;48;2;115;115;123m▀[38;2;148;156;172m▀[38;2;115;115;123;48;2;148;156;172m▀[38;2;65;65;82m▀[38;2;148;156;172;48;2;16;57;82m▀▀[38;2;16;57;82;48;2;189;230;255m▀[38;2;189;230;255m▀▀▀[48;2;164;180;205m▀[38;2;16;57;82;48;2;16;57;82m▀[0m
[0m                      [38;2;106;131;148m▄[38;2;16;57;82m▄[0m   [38;2;106;131;148m▄[48;2;106;131;148m▀[38;2;16;57;82;49m▀[38;2;164;180;205;48;2;16;57;82m▀[38;2;106;131;148;48;2;189;230;255m▀[38;2;189;230;255m▀▀▀▀[38;2;106;131;148;48;2;164;180;205m▀[38;2;164;180;205m▀▀▀▀[38;2;16;57;82m▀[38;2;106;131;148;49m▄[38;2;65;65;82m▄[48;2;148;156;172m▀[38;2;16;57;82;48;2;16;57;82m▀[38;2;222;246;255;48;2;222;246;255m▀[38;2;106;131;148;48;2;106;131;148m▀[38;2;189;230;255;48;2;189;230;255m▀▀▀▀[48;2;164;180;205m▀[38;2;16;16;16;48;2;16;16;16m▀[38;2;148;156;172;48;2;148;156;172m▀▀▀[38;2;65;65;82m▀▀▀▀▀[49m▄▄▄▄▄▄▄[48;2;148;156;172m▀[38;2;148;156;172m▀[48;2;115;115;123m▀[38;2;115;115;123;48;2;148;156;172m▀[38;2;148;156;172m▀▀▀[38;2;16;16;16m▀[38;2;189;230;255;48;2;16;16;16m▀▀▀[48;2;16;57;82m▀[38;2;16;57;82;48;2;164;180;205m▀[38;2;164;180;205m▀[38;2;16;57;82;48;2;16;16;16m▀[0m
[0m                   [38;2;106;131;148m▄[48;2;222;246;255m▀▀[38;2;222;246;255m▀[38;2;16;57;82;48;2;16;16;16m▀[0m  [38;2;106;131;148m▀[38;2;222;246;255;48;2;106;131;148m▀[38;2;106;131;148;49m▄▄[38;2;16;57;82;48;2;106;131;148m▀[38;2;189;230;255;48;2;16;57;82m▀[48;2;189;230;255m▀[48;2;164;180;205m▀[38;2;16;57;82m▀[38;2;164;180;205;48;2;16;57;82m▀[48;2;164;180;205m▀▀▀▀[48;2;16;16;16m▀[38;2;16;16;16;48;2;148;156;172m▀[38;2;65;65;82m▀[38;2;148;156;172m▀▀[38;2;16;57;82;48;2;106;131;148m▀[38;2;106;131;148;48;2;189;230;255m▀[48;2;106;131;148m▀[38;2;189;230;255;48;2;189;230;255m▀▀▀▀[38;2;106;131;148;48;2;106;131;148m▀[38;2;148;156;172;48;2;16;16;16m▀[48;2;148;156;172m▀▀[48;2;115;115;123m▀▀[38;2;115;115;123;48;2;148;156;172m▀▀▀▀▀[38;2;148;156;172;48;2;115;115;123m▀▀▀[48;2;65;65;82m▀▀▀[38;2;115;115;123m▀▀[38;2;148;156;172;48;2;148;156;172m▀[48;2;65;65;82m▀[38;2;65;65;82;49m▀▀▀▀▀▀[0m [38;2;16;16;16m▀▀▀[0m
[0m                 [38;2;106;131;148m▄[48;2;222;246;255m▀[38;2;222;246;255m▀[48;2;189;230;255m▀[48;2;106;131;148m▀[38;2;106;131;148;48;2;16;57;82m▀[38;2;16;16;16;49m▀[0m        [38;2;106;131;148m▀▀▀[0m [38;2;106;131;148;48;2;16;57;82m▀[38;2;164;180;205;48;2;164;180;205m▀[38;2;106;131;148m▀[38;2;16;16;16;48;2;16;16;16m▀[38;2;148;156;172;48;2;148;156;172m▀▀▀▀[38;2;106;131;148;48;2;106;131;148m▀[38;2;189;230;255;48;2;189;230;255m▀▀▀[38;2;106;131;148;48;2;164;180;205m▀[38;2;189;230;255;48;2;189;230;255m▀▀▀[38;2;106;131;148;48;2;106;131;148m▀[38;2;16;16;16;48;2;164;180;205m▀[38;2;148;156;172;48;2;16;16;16m▀[38;2;115;115;123;48;2;148;156;172m▀[38;2;148;156;172m▀▀▀▀▀▀▀[48;2;115;115;123m▀[38;2;65;65;82;48;2;148;156;172m▀▀[38;2;148;156;172m▀▀▀[48;2;115;115;123m▀▀[38;2;65;65;82;48;2;148;156;172m▀[48;2;115;115;123m▀[48;2;148;156;172m▀[49m▄[0m
[0m    [38;2;106;131;148m▄[48;2;189;230;255m▀[38;2;16;57;82;48;2;16;57;82m▀[0m        [38;2;106;131;148m▄[48;2;222;246;255m▀[38;2;222;246;255m▀▀[48;2;106;131;148m▀[38;2;106;131;148;48;2;164;180;205m▀[38;2;164;180;205;48;2;16;16;16m▀[38;2;16;16;16;49m▀[0m            [38;2;16;57;82m▄[48;2;164;180;205m▀[38;2;164;180;205m▀[38;2;65;65;82;48;2;65;65;82m▀[38;2;148;156;172;48;2;16;16;16m▀▀[38;2;65;65;82;48;2;148;156;172m▀▀[38;2;106;131;148;48;2;106;131;148m▀[38;2;189;230;255;48;2;189;230;255m▀▀[48;2;16;16;16m▀▀[38;2;106;131;148;48;2;189;230;255m▀[38;2;189;230;255m▀▀▀[38;2;106;131;148;48;2;106;131;148m▀[38;2;164;180;205;48;2;164;180;205m▀[38;2;16;16;16m▀[38;2;148;156;172;48;2;16;57;82m▀[48;2;148;156;172m▀▀▀▀▀▀[48;2;115;115;123m▀[48;2;148;156;172m▀▀▀▀▀[38;2;115;115;123;48;2;115;115;123m▀[38;2;148;156;172;48;2;148;156;172m▀▀▀▀[38;2;115;115;123;48;2;115;115;123m▀[38;2;148;156;172;48;2;148;156;172m▀[38;2;65;65;82;48;2;65;65;82m▀[0m
[0m   [38;2;106;131;148;48;2;106;131;148m▀[38;2;189;230;255;48;2;222;246;255m▀[38;2;222;246;255m▀[38;2;189;230;255;48;2;189;230;255m▀[38;2;16;57;82;48;2;16;57;82m▀[38;2;106;131;148;49m▄▄[0m    [38;2;106;131;148m▄[48;2;222;246;255m▀[38;2;222;246;255m▀[48;2;189;230;255m▀[38;2;189;230;255;48;2;106;131;148m▀[38;2;106;131;148;48;2;164;180;205m▀[38;2;164;180;205m▀[38;2;16;57;82;48;2;16;57;82m▀[38;2;16;16;16;49m▄[0m            [38;2;16;57;82m▀[38;2;164;180;205;48;2;16;16;16m▀[38;2;16;16;16;48;2;65;65;82m▀[48;2;148;156;172m▀[38;2;148;156;172m▀▀▀▀[38;2;16;16;16m▀[48;2;65;65;82m▀▀[38;2;148;156;172;48;2;115;115;123m▀▀[38;2;16;16;16;48;2;16;16;16m▀[38;2;189;230;255;48;2;106;131;148m▀[48;2;189;230;255m▀▀▀[38;2;106;131;148;48;2;106;131;148m▀[38;2;164;180;205;48;2;189;230;255m▀[38;2;189;230;255m▀[38;2;106;131;148m▀[38;2;148;156;172;48;2;106;131;148m▀▀[48;2;148;156;172m▀▀[48;2;65;65;82m▀[38;2;115;115;123;48;2;115;115;123m▀[38;2;148;156;172;48;2;148;156;172m▀▀▀▀[38;2;115;115;123;48;2;115;115;123m▀[38;2;148;156;172;48;2;148;156;172m▀▀▀▀▀▀[38;2;115;115;123;48;2;115;115;123m▀[38;2;65;65;82;48;2;148;156;172m▀[49m▄[0m
[0m  [38;2;106;131;148;48;2;106;131;148m▀[38;2;189;230;255;48;2;222;246;255m▀[38;2;222;246;255m▀[48;2;189;230;255m▀[38;2;189;230;255m▀▀[38;2;164;180;205;48;2;164;180;205m▀[38;2;106;131;148;48;2;106;131;148m▀[0m [38;2;139;115;41m▄[38;2;106;131;148m▄[48;2;189;230;255m▀[38;2;222;246;255m▀▀[38;2;189;230;255m▀[38;2;106;131;148;48;2;106;131;148m▀[38;2;164;180;205;48;2;164;180;205m▀▀[38;2;16;57;82m▀[38;2;164;180;205m▀[38;2;16;16;16;48;2;16;16;16m▀[0m [38;2;106;131;148m▄[48;2;189;230;255m▀[48;2;16;57;82m▀[0m [38;2;106;131;148m▄▄[38;2;16;57;82m▄[0m  [38;2;65;65;82m▄▄[48;2;148;156;172m▀[38;2;148;156;172m▀▀[48;2;115;115;123m▀▀▀[38;2;65;65;82;48;2;148;156;172m▀▀▀[38;2;148;156;172m▀▀[38;2;65;65;82;48;2;65;65;82m▀[38;2;148;156;172;48;2;148;156;172m▀[48;2;16;57;82m▀[38;2;106;131;148;48;2;189;230;255m▀[38;2;189;230;255m▀▀[48;2;164;180;205m▀[38;2;106;131;148m▀▀[38;2;189;230;255;48;2;106;131;148m▀[48;2;189;230;255m▀▀▀[38;2;106;131;148m▀[38;2;148;156;172;48;2;16;16;16m▀[38;2;65;65;82;48;2;65;65;82m▀[38;2;148;156;172;48;2;148;156;172m▀▀▀▀[38;2;115;115;123;48;2;115;115;123m▀[38;2;148;156;172;48;2;148;156;172m▀▀▀▀▀▀▀[38;2;65;65;82;48;2;65;65;82m▀[38;2;148;156;172;48;2;148;156;172m▀[38;2;65;65;82;48;2;65;65;82m▀[0m
[0m  [38;2;106;131;148;48;2;106;131;148m▀[38;2;222;246;255;48;2;222;246;255m▀▀[38;2;189;230;255;48;2;189;230;255m▀▀▀[38;2;164;180;205;48;2;106;131;148m▀[38;2;106;131;148;48;2;139;115;41m▀[38;2;139;115;41;48;2;253;228;0m▀[38;2;253;228;0;48;2;106;131;148m▀[38;2;106;131;148;48;2;189;230;255m▀[38;2;189;230;255m▀▀▀[48;2;106;131;148m▀[38;2;106;131;148;48;2;164;180;205m▀[38;2;164;180;205m▀▀[48;2;16;57;82m▀[38;2;16;16;16;48;2;16;16;16m▀[38;2;106;131;148;49m▄[48;2;106;131;148m▀[38;2;189;230;255;48;2;189;230;255m▀▀[38;2;16;57;82;48;2;16;57;82m▀[38;2;106;131;148;48;2;189;230;255m▀[38;2;189;230;255m▀[48;2;16;57;82m▀[38;2;16;57;82;48;2;115;115;123m▀[38;2;65;65;82;48;2;148;156;172m▀▀[38;2;148;156;172m▀▀[48;2;115;115;123m▀[38;2;115;115;123;48;2;148;156;172m▀▀[38;2;148;156;172m▀▀▀▀▀▀▀▀▀[38;2;65;65;82;48;2;16;57;82m▀[38;2;16;57;82;48;2;189;230;255m▀[38;2;189;230;255m▀▀[48;2;106;131;148m▀[38;2;106;131;148;48;2;164;180;205m▀[38;2;164;180;205;48;2;65;65;82m▀▀[48;2;164;180;205m▀[38;2;106;131;148m▀▀[38;2;189;230;255;48;2;106;131;148m▀[48;2;189;230;255m▀▀▀[38;2;16;16;16m▀[38;2;148;156;172;48;2;16;57;82m▀[48;2;148;156;172m▀▀[38;2;115;115;123;48;2;115;115;123m▀[38;2;148;156;172;48;2;148;156;172m▀▀▀▀▀▀[48;2;115;115;123m▀[38;2;65;65;82;48;2;65;65;82m▀[38;2;115;115;123;48;2;115;115;123m▀[38;2;65;65;82;48;2;65;65;82m▀[0m
[0m  [38;2;106;131;148;48;2;106;131;148m▀[38;2;222;246;255;48;2;222;246;255m▀[38;2;189;230;255;48;2;189;230;255m▀▀▀▀[38;2;139;115;41;48;2;139;115;41m▀[38;2;253;228;0;48;2;253;228;0m▀[48;2;106;131;148m▀[38;2;106;131;148;48;2;189;230;255m▀[38;2;189;230;255m▀▀▀[48;2;106;131;148m▀[38;2;106;131;148;48;2;164;180;205m▀[38;2;164;180;205m▀▀▀[38;2;16;16;16;48;2;16;16;16m▀[38;2;164;180;205;48;2;164;180;205m▀[38;2;106;131;148m▀[38;2;164;180;205m▀[38;2;189;230;255;48;2;189;230;255m▀▀▀[48;2;106;131;148m▀▀[38;2;16;57;82;48;2;148;156;172m▀[38;2;148;156;172m▀▀[48;2;65;65;82m▀[38;2;65;65;82;48;2;148;156;172m▀[38;2;115;115;123m▀[38;2;148;156;172m▀▀▀[48;2;115;115;123m▀▀▀▀▀[38;2;115;115;123m▀▀▀[38;2;16;57;82;48;2;16;57;82m▀[38;2;189;230;255;48;2;189;230;255m▀▀▀[48;2;106;131;148m▀[38;2;106;131;148;48;2;164;180;205m▀[38;2;65;65;82;48;2;16;16;16m▀[38;2;148;156;172;48;2;148;156;172m▀▀[38;2;65;65;82m▀[38;2;16;16;16;48;2;65;65;82m▀[38;2;164;180;205;48;2;16;16;16m▀[48;2;164;180;205m▀[38;2;106;131;148;48;2;106;131;148m▀[38;2;189;230;255;48;2;164;180;205m▀[38;2;164;180;205m▀[48;2;16;57;82m▀[38;2;16;57;82;48;2;148;156;172m▀[38;2;148;156;172m▀▀[38;2;115;115;123;48;2;115;115;123m▀[38;2;148;156;172;48;2;148;156;172m▀▀▀▀▀▀[38;2;16;16;16;48;2;16;16;16m▀[38;2;115;115;123;48;2;115;115;123m▀[48;2;65;65;82m▀[38;2;65;65;82;49m▀[0m
[0m [38;2;16;57;82;48;2;16;57;82m▀[38;2;106;131;148;48;2;106;131;148m▀[38;2;189;230;255;48;2;189;230;255m▀▀▀[48;2;139;115;41m▀[38;2;139;115;41;48;2;253;228;0m▀[38;2;253;228;0m▀[48;2;106;131;148m▀[38;2;106;131;148;48;2;189;230;255m▀[38;2;189;230;255m▀▀▀[48;2;106;131;148m▀[38;2;106;131;148;48;2;164;180;205m▀[38;2;164;180;205m▀▀[48;2;16;57;82m▀[38;2;16;57;82;48;2;164;180;205m▀[38;2;164;180;205m▀▀[48;2;106;131;148m▀▀[38;2;106;131;148;48;2;148;156;172m▀▀▀[38;2;148;156;172m▀[48;2;65;65;82m▀▀[38;2;65;65;82;48;2;148;156;172m▀▀[38;2;148;156;172;48;2;115;115;123m▀▀▀[38;2;115;115;123m▀[48;2;65;65;82m▀▀▀▀[38;2;65;65;82;48;2;115;115;123m▀▀▀[38;2;115;115;123;48;2;65;65;82m▀▀[38;2;16;16;16;48;2;16;16;16m▀[38;2;189;230;255;48;2;189;230;255m▀[48;2;106;131;148m▀[48;2;189;230;255m▀▀[38;2;106;131;148;48;2;106;131;148m▀[38;2;65;65;82;48;2;16;16;16m▀[38;2;115;115;123;48;2;115;115;123m▀[38;2;148;156;172m▀[48;2;148;156;172m▀▀[48;2;65;65;82m▀[38;2;16;16;16m▀[38;2;164;180;205m▀[48;2;164;180;205m▀▀▀[38;2;16;16;16;48;2;16;16;16m▀[38;2;148;156;172;48;2;148;156;172m▀▀▀[38;2;115;115;123m▀[38;2;148;156;172;48;2;65;65;82m▀[48;2;148;156;172m▀▀▀▀▀▀[38;2;16;16;16m▀[38;2;65;65;82;48;2;16;16;16m▀[38;2;16;16;16;49m▄[0m
[0m [38;2;16;57;82;48;2;16;57;82m▀[38;2;189;230;255;48;2;189;230;255m▀▀▀▀[38;2;139;115;41;48;2;106;131;148m▀[38;2;253;228;0m▀[38;2;106;131;148;48;2;189;230;255m▀▀[38;2;189;230;255;48;2;106;131;148m▀▀[38;2;106;131;148;48;2;164;180;205m▀▀[38;2;164;180;205;48;2;65;65;82m▀[38;2;65;65;82;48;2;164;180;205m▀[38;2;164;180;205m▀[48;2;16;57;82m▀[38;2;16;16;16;48;2;16;16;16m▀[38;2;106;131;148;48;2;115;115;123m▀▀▀[38;2;115;115;123;48;2;65;65;82m▀▀▀[38;2;148;156;172m▀[38;2;65;65;82;48;2;148;156;172m▀[48;2;115;115;123m▀[38;2;148;156;172m▀▀[38;2;115;115;123;48;2;65;65;82m▀▀▀[38;2;65;65;82;48;2;115;115;123m▀▀▀[38;2;115;115;123;48;2;16;16;16m▀▀▀▀▀▀[48;2;65;65;82m▀[38;2;16;16;16;48;2;115;115;123m▀[38;2;115;115;123m▀[38;2;16;16;16;48;2;16;16;16m▀[38;2;189;230;255;48;2;189;230;255m▀[38;2;106;131;148;48;2;106;131;148m▀[38;2;189;230;255;48;2;189;230;255m▀▀[38;2;106;131;148;48;2;106;131;148m▀[38;2;115;115;123;48;2;65;65;82m▀[48;2;115;115;123m▀▀[48;2;65;65;82m▀[38;2;65;65;82;48;2;115;115;123m▀[38;2;148;156;172m▀[48;2;148;156;172m▀[38;2;65;65;82m▀[38;2;164;180;205;48;2;65;65;82m▀[48;2;164;180;205m▀[38;2;16;16;16;48;2;16;16;16m▀[38;2;65;65;82;48;2;115;115;123m▀[38;2;148;156;172;48;2;65;65;82m▀[48;2;148;156;172m▀▀▀[38;2;65;65;82m▀[38;2;148;156;172;48;2;65;65;82m▀[48;2;148;156;172m▀▀[48;2;65;65;82m▀▀▀[48;2;148;156;172m▀[48;2;115;115;123m▀[38;2;115;115;123m▀[38;2;65;65;82m▀[49m▄[0m
[0m [38;2;106;131;148;48;2;106;131;148m▀[38;2;189;230;255;48;2;189;230;255m▀▀[48;2;106;131;148m▀[38;2;106;131;148m▀[38;2;189;230;255;48;2;189;230;255m▀[48;2;16;57;82m▀[48;2;106;131;148m▀[38;2;16;57;82;48;2;164;180;205m▀[38;2;164;180;205;48;2;16;16;16m▀▀[38;2;16;16;16m▀[48;2;164;180;205m▀[38;2;106;131;148;48;2;106;131;148m▀[38;2;164;180;205;48;2;189;230;255m▀▀[38;2;16;57;82;48;2;16;57;82m▀[38;2;115;115;123;48;2;115;115;123m▀[38;2;65;65;82m▀▀▀[38;2;115;115;123m▀▀▀[48;2;65;65;82m▀▀[38;2;65;65;82;48;2;115;115;123m▀[48;2;16;16;16m▀▀[38;2;115;115;123m▀[38;2;16;16;16;49m▀▀▀[48;2;16;57;82m▀[48;2;164;180;205m▀[38;2;164;180;205;48;2;106;131;148m▀▀[48;2;164;180;205m▀▀▀[38;2;65;65;82m▀[38;2;115;115;123;48;2;16;16;16m▀▀[48;2;115;115;123m▀▀[38;2;16;16;16;48;2;16;16;16m▀[38;2;106;131;148;48;2;189;230;255m▀[38;2;189;230;255;48;2;106;131;148m▀[38;2;164;180;205;48;2;164;180;205m▀▀[38;2;65;65;82;48;2;16;16;16m▀[38;2;115;115;123m▀▀[38;2;65;65;82m▀[38;2;148;156;172;48;2;65;65;82m▀[48;2;148;156;172m▀[38;2;115;115;123m▀[38;2;148;156;172;48;2;115;115;123m▀[48;2;65;65;82m▀[38;2;16;16;16m▀[38;2;115;115;123;48;2;16;16;16m▀[48;2;115;115;123m▀[38;2;16;16;16m▀[38;2;148;156;172;48;2;16;16;16m▀[48;2;148;156;172m▀▀▀▀[38;2;65;65;82m▀▀[38;2;148;156;172m▀[48;2;65;65;82m▀[48;2;115;115;123m▀[38;2;65;65;82m▀[38;2;115;115;123;48;2;65;65;82m▀[38;2;65;65;82;48;2;115;115;123m▀[38;2;16;16;16m▀[38;2;65;65;82;48;2;16;16;16m▀[0m
[0m [38;2;106;131;148;48;2;106;131;148m▀[38;2;189;230;255;48;2;189;230;255m▀[48;2;164;180;205m▀[38;2;106;131;148;48;2;189;230;255m▀[38;2;189;230;255m▀[38;2;106;131;148;48;2;16;57;82m▀[38;2;164;180;205;48;2;164;180;205m▀[38;2;16;16;16;48;2;65;65;82m▀[48;2;253;228;0m▀[38;2;253;228;0m▀[48;2;16;16;16m▀[38;2;16;16;16;48;2;65;65;82m▀[38;2;164;180;205;48;2;106;131;148m▀[38;2;106;131;148;48;2;189;230;255m▀[38;2;189;230;255m▀▀[48;2;164;180;205m▀[38;2;16;57;82;48;2;16;57;82m▀[38;2;115;115;123m▀▀[48;2;65;65;82m▀▀[38;2;65;65;82;48;2;115;115;123m▀[48;2;16;16;16m▀[38;2;115;115;123m▀[38;2;16;16;16;49m▀▀[0m    [38;2;65;65;82m▄▄▄[38;2;16;57;82;48;2;115;115;123m▀▀[38;2;164;180;205;48;2;16;57;82m▀[38;2;106;131;148m▀▀[38;2;16;57;82;49m▀▀▀[38;2;106;131;148m▀[38;2;16;16;16m▀▀[0m [38;2;16;16;16;48;2;65;65;82m▀[38;2;106;131;148;48;2;16;16;16m▀[38;2;164;180;205;48;2;106;131;148m▀[48;2;164;180;205m▀[48;2;16;16;16m▀[38;2;65;65;82;48;2;115;115;123m▀[38;2;115;115;123m▀▀▀[38;2;65;65;82m▀[48;2;16;16;16m▀[38;2;115;115;123;48;2;148;156;172m▀[38;2;148;156;172m▀▀▀[38;2;16;16;16;48;2;16;16;16m▀[38;2;115;115;123;48;2;115;115;123m▀▀[38;2;16;16;16m▀[38;2;148;156;172;48;2;16;16;16m▀▀▀▀[38;2;16;16;16;49m▀[48;2;65;65;82m▀[38;2;115;115;123;48;2;115;115;123m▀▀[48;2;65;65;82m▀[38;2;65;65;82;48;2;115;115;123m▀[38;2;115;115;123m▀▀[38;2;16;16;16;48;2;16;16;16m▀[0m
[38;2;16;57;82;49m▄[38;2;106;131;148;48;2;106;131;148m▀[38;2;189;230;255;48;2;189;230;255m▀▀[48;2;16;57;82m▀[38;2;16;57;82;48;2;164;180;205m▀[38;2;164;180;205;48;2;16;16;16m▀[38;2;16;16;16;48;2;65;65;82m▀▀▀[48;2;16;57;82m▀[38;2;65;65;82;48;2;255;255;255m▀[48;2;106;131;148m▀[38;2;164;180;205;48;2;189;230;255m▀[38;2;106;131;148m▀▀▀[38;2;189;230;255m▀▀[48;2;106;131;148m▀[38;2;106;131;148;48;2;164;180;205m▀[38;2;16;16;16m▀▀[48;2;65;65;82m▀[0m    [38;2;65;65;82m▄[48;2;205;205;205m▀[48;2;16;16;16m▀[48;2;205;205;205m▀[38;2;115;115;123m▀[48;2;65;65;82m▀[48;2;115;115;123m▀▀[48;2;16;16;16m▀▀[38;2;16;16;16;49m▀[0m       [38;2;65;65;82m▄[48;2;65;65;82m▀[38;2;115;115;123;48;2;115;115;123m▀[38;2;16;16;16m▀▀[38;2;115;115;123m▀[38;2;16;16;16;48;2;65;65;82m▀[49m▀[38;2;115;115;123;48;2;65;65;82m▀[48;2;16;16;16m▀[38;2;16;16;16;48;2;115;115;123m▀[38;2;148;156;172m▀[48;2;148;156;172m▀▀[48;2;16;16;16m▀[38;2;16;16;16;48;2;65;65;82m▀[38;2;115;115;123m▀▀[38;2;65;65;82;49m▀▀[0m     [38;2;65;65;82m▀[38;2;115;115;123;48;2;65;65;82m▀[48;2;115;115;123m▀[38;2;65;65;82;48;2;65;65;82m▀[38;2;115;115;123;48;2;115;115;123m▀▀[38;2;65;65;82;48;2;16;16;16m▀[38;2;16;16;16;49m▀[0m
[38;2;16;57;82;49m▀[38;2;189;230;255;48;2;16;57;82m▀[38;2;106;131;148m▀[38;2;16;57;82;48;2;164;180;205m▀[38;2;164;180;205;48;2;16;57;82m▀▀[38;2;16;16;16;48;2;106;131;148m▀[38;2;255;255;255;48;2;189;230;255m▀[38;2;16;57;82m▀[38;2;255;255;255m▀[38;2;106;131;148m▀▀[38;2;189;230;255m▀▀▀▀▀[48;2;106;131;148m▀[38;2;16;57;82;48;2;164;180;205m▀[38;2;164;180;205m▀▀[48;2;65;65;82m▀[38;2;16;16;16;48;2;16;16;16m▀[0m     [38;2;16;16;16m▀[48;2;16;16;16m▀[38;2;255;255;255m▀▀[38;2;16;16;16;49m▀▀▀▀[0m         [38;2;65;65;82m▄[48;2;115;115;123m▀[38;2;115;115;123m▀[38;2;65;65;82;48;2;65;65;82m▀[38;2;115;115;123;48;2;115;115;123m▀[48;2;16;16;16m▀[38;2;65;65;82;49m▀[0m  [38;2;16;16;16m▄[48;2;115;115;123m▀[38;2;115;115;123m▀▀▀[38;2;16;16;16;48;2;16;16;16m▀[0m            [38;2;65;65;82;48;2;65;65;82m▀[38;2;115;115;123;48;2;115;115;123m▀[38;2;65;65;82;48;2;65;65;82m▀[38;2;115;115;123;48;2;115;115;123m▀[48;2;16;16;16m▀[38;2;16;16;16;49m▀[0m
[0m  [38;2;16;57;82m▀▀[38;2;164;180;205;48;2;16;57;82m▀▀[48;2;164;180;205m▀[38;2;106;131;148m▀[38;2;16;57;82m▀[38;2;106;131;148m▀[38;2;189;230;255;48;2;16;57;82m▀▀▀▀▀[38;2;16;57;82;48;2;164;180;205m▀▀[38;2;106;131;148m▀[38;2;164;180;205;48;2;106;131;148m▀[48;2;16;16;16m▀▀[38;2;16;16;16;49m▀[0m                      [38;2;65;65;82m▄[48;2;115;115;123m▀[38;2;115;115;123m▀[38;2;65;65;82;48;2;65;65;82m▀[38;2;115;115;123;48;2;115;115;123m▀[38;2;65;65;82;48;2;16;16;16m▀[38;2;16;16;16;49m▀[0m [38;2;65;65;82m▄[48;2;205;205;205m▀[38;2;16;16;16;48;2;115;115;123m▀[38;2;115;115;123;48;2;65;65;82m▀[48;2;115;115;123m▀[48;2;16;16;16m▀[38;2;65;65;82;49m▀[0m            [38;2;65;65;82m▄[48;2;115;115;123m▀[38;2;115;115;123m▀[38;2;65;65;82m▀[38;2;115;115;123;48;2;16;16;16m▀[38;2;16;16;16;49m▀[0m
[0m      [38;2;16;57;82m▀▀▀[38;2;164;180;205;48;2;16;57;82m▀▀[38;2;106;131;148;48;2;106;131;148m▀[38;2;16;57;82;48;2;164;180;205m▀[38;2;164;180;205m▀[48;2;16;16;16m▀▀▀[38;2;16;16;16;49m▀▀[0m                     [38;2;65;65;82m▄▄▄[48;2;115;115;123m▀[38;2;115;115;123m▀▀[48;2;65;65;82m▀[38;2;65;65;82;48;2;115;115;123m▀[38;2;115;115;123;48;2;65;65;82m▀[38;2;16;16;16;49m▀[0m [38;2;65;65;82;48;2;16;16;16m▀[38;2;205;205;205m▀[38;2;16;16;16;49m▀[38;2;65;65;82;48;2;65;65;82m▀[38;2;205;205;205;48;2;205;205;205m▀[48;2;16;16;16m▀[38;2;16;16;16;49m▀[0m            [38;2;65;65;82m▄[48;2;115;115;123m▀[48;2;65;65;82m▀[38;2;115;115;123;48;2;115;115;123m▀▀[38;2;16;16;16;48;2;65;65;82m▀[0m
[0m           [38;2;16;16;16m▀▀▀[0m                        [38;2;16;16;16m▄[38;2;65;65;82;48;2;205;205;205m▀[38;2;205;205;205;48;2;115;115;123m▀[38;2;115;115;123;48;2;255;255;255m▀[38;2;255;255;255m▀[48;2;205;205;205m▀[38;2;115;115;123;48;2;65;65;82m▀[38;2;65;65;82;48;2;255;255;255m▀▀[38;2;115;115;123;48;2;115;115;123m▀[38;2;16;16;16;48;2;16;16;16m▀[0m     [38;2;16;16;16m▀▀[0m           [38;2;65;65;82m▄[48;2;65;65;82m▀[48;2;148;156;172m▀[38;2;115;115;123m▀[48;2;115;115;123m▀▀[38;2;65;65;82;48;2;65;65;82m▀[38;2;115;115;123;48;2;115;115;123m▀[38;2;65;65;82;48;2;65;65;82m▀[0m
[0m                                      [38;2;16;16;16m▀▀[38;2;65;65;82;48;2;16;16;16m▀[38;2;205;205;205m▀[38;2;65;65;82;49m▀▀[38;2;255;255;255;48;2;16;16;16m▀▀[38;2;16;16;16;49m▀▀[0m                [38;2;65;65;82m▄[48;2;205;205;205m▀▀[38;2;148;156;172;48;2;65;65;82m▀▀[38;2;65;65;82;48;2;148;156;172m▀[38;2;148;156;172m▀▀[38;2;65;65;82;48;2;65;65;82m▀[38;2;148;156;172m▀[48;2;148;156;172m▀[38;2;115;115;123m▀[38;2;65;65;82;48;2;16;16;16m▀[0m
[0m                                                               [38;2;65;65;82;48;2;16;16;16m▀[38;2;205;205;205m▀[48;2;65;65;82m▀[38;2;65;65;82;48;2;255;255;255m▀[38;2;255;255;255m▀▀[38;2;65;65;82;48;2;65;65;82m▀[38;2;148;156;172m▀[38;2;65;65;82;48;2;255;255;255m▀[38;2;255;255;255m▀▀[38;2;65;65;82;48;2;16;16;16m▀[38;2;148;156;172m▀[38;2;16;16;16;49m▀[0m
[0m                                                                [38;2;65;65;82m▀[38;2;205;205;205;48;2;16;16;16m▀▀[38;2;65;65;82;49m▀[38;2;16;16;16m▀▀[38;2;65;65;82;48;2;16;16;16m▀[38;2;205;205;205m▀[38;2;16;16;16;49m▀▀[0m
