[0m                       [38;2;123;49;41m▄[48;2;222;65;32m▀[38;2;32;32;32;48;2;32;32;32m▀[0m
[0m                 [38;2;123;49;41m▄▄▄▄[48;2;222;65;32m▀▀[38;2;222;65;32m▀[48;2;32;32;32m▀[38;2;32;32;32;49m▀[0m
[0m       [38;2;123;49;41m▄[48;2;222;65;32m▀[38;2;32;32;32;48;2;32;32;32m▀[0m [38;2;32;32;32m▄▄[0m [38;2;123;49;41m▄[48;2;222;65;32m▀▀[38;2;222;65;32m▀▀▀▀▀[38;2;123;49;41m▀▀▀[48;2;32;32;32m▀[0m
[0m      [38;2;123;49;41m▄[48;2;222;65;32m▀[38;2;222;65;32m▀[38;2;32;32;32;48;2;32;32;32m▀[48;2;222;65;32m▀[38;2;222;65;32m▀[38;2;32;32;32;48;2;32;32;32m▀[38;2;123;49;41;48;2;222;65;32m▀[38;2;222;65;32m▀▀▀▀▀▀▀[38;2;172;49;32m▀[38;2;123;49;41m▀[38;2;32;32;32m▀▀[38;2;123;49;41m▀[49m▄[38;2;32;32;32m▄[0m
[0m    [38;2;123;49;41m▄[38;2;32;32;32m▄[38;2;123;49;41;48;2;123;49;41m▀[38;2;222;65;32;48;2;222;65;32m▀▀[38;2;123;49;41;48;2;123;49;41m▀[38;2;222;65;32;48;2;222;65;32m▀[48;2;32;32;32m▀[38;2;32;32;32;48;2;222;65;32m▀[38;2;222;65;32m▀▀▀▀▀▀▀▀▀▀▀▀▀▀▀[38;2;32;32;32m▀[38;2;123;49;41;49m▄[0m
[38;2;105;105;82;49m▄▄[0m  [38;2;123;49;41;48;2;123;49;41m▀[38;2;222;65;32;48;2;222;65;32m▀[38;2;32;32;32m▀[38;2;222;65;32;48;2;123;49;41m▀[48;2;222;65;32m▀▀▀[38;2;123;49;41m▀[38;2;222;65;32m▀▀▀▀▀▀▀▀▀▀▀▀▀[48;2;24;41;90m▀▀▀[48;2;222;65;32m▀[38;2;123;49;41;48;2;32;32;32m▀[0m
[38;2;32;32;32;48;2;32;32;32m▀[38;2;255;246;189;48;2;255;246;189m▀[38;2;105;105;82;48;2;180;172;131m▀[38;2;24;41;90;49m▄[38;2;123;49;41;48;2;24;41;90m▀[38;2;222;65;32;48;2;123;49;41m▀[48;2;222;65;32m▀[38;2;32;32;32m▀[38;2;222;65;32;48;2;123;49;41m▀[48;2;222;65;32m▀▀▀▀▀▀▀▀▀▀▀▀▀[48;2;49;74;139m▀[38;2;24;41;90;48;2;74;106;205m▀▀[38;2;74;106;205m▀[48;2;49;74;139m▀[38;2;32;32;32;48;2;32;32;32m▀[38;2;123;49;41;48;2;49;74;139m▀[38;2;24;41;90;48;2;74;106;205m▀[38;2;32;32;32m▀▀▀[49m▄[0m
[0m [38;2;105;105;82;48;2;32;32;32m▀[38;2;255;246;189;48;2;255;246;189m▀[38;2;105;105;82m▀[38;2;49;74;139;48;2;49;74;139m▀[38;2;32;32;32m▀[38;2;222;65;32;48;2;32;32;32m▀[48;2;123;49;41m▀[48;2;222;65;32m▀▀▀▀▀▀▀▀▀[48;2;24;41;90m▀▀[38;2;24;41;90;48;2;74;106;205m▀▀[48;2;32;32;32m▀[38;2;74;106;205;48;2;74;106;205m▀[48;2;49;74;139m▀[38;2;49;74;139m▀▀[38;2;24;41;90m▀[38;2;49;74;139m▀[38;2;74;106;205m▀▀[48;2;32;32;32m▀[38;2;49;74;139;48;2;24;41;90m▀[38;2;32;32;32;48;2;49;74;139m▀[38;2;24;41;90m▀[48;2;74;106;205m▀[38;2;32;32;32;49m▄[0m     [38;2;32;123;164m▄▄▄[0m
[0m  [38;2;32;32;32;48;2;32;32;32m▀[38;2;255;246;189;48;2;255;246;189m▀▀[38;2;32;32;32m▀[38;2;49;74;139;48;2;32;32;32m▀[38;2;123;49;41;48;2;222;65;32m▀[38;2;32;32;32m▀[38;2;172;49;32m▀[38;2;222;65;32m▀▀▀▀▀[48;2;49;74;139m▀[38;2;24;41;90;48;2;74;106;205m▀[38;2;74;106;205m▀[48;2;49;74;139m▀▀[38;2;49;74;139;48;2;32;32;32m▀[38;2;24;41;90;48;2;49;74;139m▀[38;2;49;74;139m▀[48;2;24;41;90m▀[38;2;24;41;90;48;2;49;74;139m▀[38;2;49;74;139m▀[48;2;32;32;32m▀[38;2;24;41;90;48;2;49;74;139m▀[38;2;49;74;139m▀[38;2;24;41;90m▀[38;2;49;74;139m▀▀[48;2;32;32;32m▀[48;2;24;41;90m▀[38;2;32;32;32;48;2;49;74;139m▀▀[49m▄[0m    [38;2;32;123;164m▀[38;2;98;189;255;48;2;32;123;164m▀[48;2;98;189;255m▀[38;2;32;32;32m▀[49m▄[0m
[0m   [38;2;32;32;32m▀[38;2;255;246;189;48;2;24;41;90m▀[48;2;255;246;189m▀▀[38;2;172;49;32;48;2;180;172;131m▀[38;2;222;65;32;48;2;123;49;41m▀[48;2;222;65;32m▀[48;2;172;49;32m▀[38;2;172;49;32;48;2;222;65;32m▀[38;2;222;65;32m▀[48;2;24;41;90m▀[38;2;24;41;90;48;2;74;106;205m▀▀[48;2;32;32;32m▀[38;2;49;74;139;48;2;49;74;139m▀▀[38;2;24;41;90m▀[38;2;49;74;139;48;2;32;32;32m▀[48;2;24;41;90m▀[48;2;32;32;32m▀▀[38;2;32;32;32;48;2;123;49;41m▀[48;2;172;49;32m▀[38;2;49;74;139;48;2;32;32;32m▀▀▀[38;2;24;41;90;48;2;172;49;32m▀[38;2;32;32;32m▀▀[49m▄▀▀▀▀[0m    [38;2;32;123;164m▄[48;2;98;189;255m▀[38;2;98;189;255m▀▀[38;2;32;32;32;48;2;32;123;164m▀[38;2;32;123;164;48;2;98;189;255m▀[38;2;32;32;32;49m▄[0m
[0m     [38;2;32;32;32;48;2;24;41;90m▀[38;2;180;172;131;48;2;49;74;139m▀[48;2;32;32;32m▀[48;2;180;172;131m▀▀[38;2;123;49;41;48;2;123;49;41m▀[38;2;222;65;32;48;2;172;49;32m▀[38;2;24;41;90;48;2;24;41;90m▀[38;2;74;106;205;48;2;74;106;205m▀[48;2;49;74;139m▀[38;2;49;74;139m▀[38;2;32;32;32;48;2;32;32;32m▀[38;2;49;74;139;48;2;24;41;90m▀[38;2;32;32;32;48;2;180;172;131m▀[38;2;24;41;90;48;2;105;105;82m▀[38;2;32;123;164;48;2;32;123;164m▀▀▀[38;2;32;32;32;48;2;32;32;32m▀[0m [38;2;123;49;41;48;2;32;32;32m▀[38;2;172;49;32;48;2;172;49;32m▀▀[48;2;222;65;32m▀▀[38;2;123;49;41m▀[38;2;172;49;32;48;2;32;32;32m▀[38;2;32;32;32;49m▀[0m     [38;2;32;123;164m▄▄[48;2;98;189;255m▀[38;2;98;189;255m▀▀▀[38;2;32;123;164m▀[38;2;98;189;255m▀[48;2;32;32;32m▀[38;2;32;32;32;49m▀[0m
[0m      [38;2;24;41;90m▀[38;2;49;74;139;48;2;24;41;90m▀[38;2;32;32;32;48;2;49;74;139m▀[48;2;105;105;82m▀[38;2;180;172;131;48;2;180;172;131m▀[38;2;24;41;90;48;2;24;41;90m▀[38;2;74;106;205;48;2;74;106;205m▀[38;2;49;74;139;48;2;49;74;139m▀[48;2;255;255;255m▀[38;2;32;32;32;48;2;32;32;32m▀[38;2;105;105;82;48;2;255;255;255m▀[38;2;180;172;131;48;2;105;105;82m▀[48;2;180;172;131m▀▀[38;2;105;105;82;48;2;105;105;82m▀[38;2;32;123;164;48;2;32;123;164m▀[38;2;32;32;32;48;2;32;32;32m▀[0m  [38;2;32;32;32m▀[38;2;172;49;32;48;2;32;32;32m▀[38;2;222;65;32;48;2;222;65;32m▀[38;2;123;49;41m▀[38;2;222;65;32;48;2;123;49;41m▀[48;2;32;32;32m▀[38;2;32;32;32;49m▀[0m    [38;2;32;123;164m▄[48;2;98;189;255m▀[38;2;98;189;255;48;2;172;222;255m▀[38;2;255;255;255;48;2;255;255;255m▀[38;2;172;222;255;48;2;98;189;255m▀[38;2;98;189;255m▀▀▀▀▀[38;2;32;123;164m▀[49m▄[0m  [38;2;32;123;164m▄▄▄[0m
[0m        [38;2;24;41;90m▀[48;2;105;105;82m▀[38;2;105;105;82;48;2;180;172;131m▀[38;2;49;74;139;48;2;255;246;189m▀▀[38;2;105;105;82;48;2;180;172;131m▀[38;2;32;32;32;48;2;105;105;82m▀[48;2;32;32;32m▀[38;2;255;255;255;48;2;255;255;255m▀[38;2;105;105;82;48;2;180;172;131m▀[38;2;255;246;189;48;2;255;246;189m▀[38;2;105;105;82;48;2;105;105;82m▀[38;2;32;123;164;48;2;32;32;32m▀[38;2;32;32;32;49m▀[0m    [38;2;123;49;41m▄[48;2;222;65;32m▀[38;2;222;65;32m▀[38;2;32;32;32;48;2;32;32;32m▀[0m     [38;2;32;123;164m▄[38;2;32;32;32;48;2;98;189;255m▀[38;2;98;189;255m▀▀▀▀▀▀▀▀▀▀[38;2;32;123;164;48;2;32;123;164m▀[0m  [38;2;32;123;164m▀[38;2;98;189;255;48;2;32;123;164m▀[48;2;98;189;255m▀[38;2;32;123;164m▀[49m▄[0m
[0m        [38;2;105;105;82m▄[48;2;255;246;189m▀[38;2;255;246;189m▀▀▀▀▀[48;2;105;105;82m▀[48;2;180;172;131m▀[48;2;105;105;82m▀[38;2;105;105;82;48;2;32;123;164m▀[38;2;32;123;164m▀[38;2;32;32;32m▀[49m▄[0m [38;2;32;32;32m▄▄▄[0m [38;2;32;32;32m▀▀[0m      [38;2;32;32;32;48;2;32;123;164m▀[38;2;98;189;255m▀[48;2;98;189;255m▀[48;2;32;123;164m▀▀[48;2;98;189;255m▀▀▀[38;2;255;255;255;48;2;172;222;255m▀[48;2;255;255;255m▀[38;2;172;222;255m▀[38;2;98;189;255;48;2;172;222;255m▀[48;2;98;189;255m▀[38;2;32;32;32m▀[49m▄▄[38;2;32;123;164;48;2;98;189;255m▀[38;2;98;189;255m▀▀[38;2;32;32;32;48;2;32;32;32m▀[0m
[0m        [38;2;123;49;41m▀[38;2;255;246;189;48;2;105;105;82m▀[48;2;255;246;189m▀[38;2;172;49;32m▀[38;2;255;246;189m▀[48;2;180;172;131m▀[48;2;32;32;32m▀[38;2;32;32;32;49m▀▀[38;2;32;123;164;48;2;32;32;32m▀[48;2;32;123;164m▀[48;2;98;189;255m▀[38;2;98;189;255m▀▀[38;2;32;32;32m▀[38;2;98;189;255;48;2;32;123;164m▀[48;2;32;32;32m▀[38;2;32;32;32;48;2;32;123;164m▀[48;2;98;189;255m▀▀[49m▄[0m [38;2;105;105;82m▄▄▄▄[38;2;32;32;32;48;2;32;32;32m▀[38;2;32;123;164;48;2;32;123;164m▀[48;2;32;32;32m▀[38;2;32;32;32;49m▀[0m  [38;2;32;123;164m▀[38;2;98;189;255;48;2;32;123;164m▀[48;2;98;189;255m▀[38;2;172;222;255m▀[48;2;255;255;255m▀[48;2;98;189;255m▀[38;2;98;189;255m▀▀[48;2;32;123;164m▀[48;2;98;189;255m▀▀▀[48;2;32;123;164m▀[38;2;32;123;164;48;2;32;32;32m▀[38;2;32;32;32;49m▀[0m
[0m          [38;2;105;105;82m▀[38;2;32;32;32m▀▀▀[0m  [38;2;32;32;32m▄[48;2;98;189;255m▀[38;2;98;189;255m▀[38;2;180;172;131;48;2;255;246;189m▀[38;2;98;189;255;48;2;98;189;255m▀▀▀▀[48;2;32;123;164m▀[48;2;32;32;32m▀[38;2;32;123;164;48;2;180;172;131m▀[38;2;32;32;32m▀[38;2;105;105;82m▀[48;2;255;246;189m▀[38;2;255;246;189m▀▀▀▀[38;2;105;105;82m▀[38;2;32;123;164;48;2;105;105;82m▀[38;2;32;32;32;49m▀[0m    [38;2;32;123;164m▀[38;2;98;189;255;48;2;32;123;164m▀[48;2;98;189;255m▀▀[48;2;32;123;164m▀[48;2;98;189;255m▀▀▀[38;2;32;123;164m▀[48;2;32;123;164m▀[38;2;32;32;32;49m▀▀[0m [38;2;32;123;164m▄▄[0m
[0m               [38;2;32;123;164m▄[48;2;98;189;255m▀[38;2;98;189;255m▀[38;2;255;246;189;48;2;255;246;189m▀▀[38;2;180;172;131m▀[38;2;98;189;255;48;2;98;189;255m▀▀▀▀[38;2;32;123;164;48;2;32;123;164m▀[38;2;180;172;131;48;2;180;172;131m▀▀[38;2;255;246;189;48;2;255;246;189m▀▀▀▀▀▀▀[38;2;180;172;131;48;2;180;172;131m▀[38;2;32;32;32;48;2;32;32;32m▀[0m     [38;2;32;123;164;48;2;32;32;32m▀[38;2;98;189;255;48;2;98;189;255m▀▀[38;2;32;123;164m▀[38;2;98;189;255;48;2;32;123;164m▀[48;2;98;189;255m▀▀▀▀[38;2;32;123;164m▀[38;2;32;32;32m▀▀[38;2;98;189;255m▀▀[38;2;32;32;32;48;2;32;32;32m▀[0m
[0m              [38;2;32;123;164;48;2;32;123;164m▀[38;2;98;189;255;48;2;98;189;255m▀[48;2;32;123;164m▀[48;2;98;189;255m▀[38;2;180;172;131m▀[38;2;255;246;189;48;2;180;172;131m▀[38;2;180;172;131;48;2;98;189;255m▀[38;2;98;189;255m▀▀[48;2;32;123;164m▀[48;2;98;189;255m▀▀[38;2;32;123;164;48;2;32;123;164m▀[38;2;255;246;189;48;2;255;246;189m▀▀▀▀▀▀▀[48;2;180;172;131m▀[38;2;180;172;131m▀[38;2;105;105;82m▀[38;2;32;32;32;49m▄[0m     [38;2;32;123;164;48;2;32;32;32m▀[38;2;98;189;255;48;2;98;189;255m▀▀▀[38;2;32;32;32m▀[38;2;98;189;255;48;2;32;32;32m▀▀[48;2;98;189;255m▀▀▀▀[48;2;32;123;164m▀[38;2;32;123;164;48;2;32;32;32m▀[38;2;32;32;32;49m▀[0m
[0m             [38;2;32;123;164;48;2;32;32;32m▀[38;2;98;189;255m▀[38;2;32;32;32;48;2;32;123;164m▀[38;2;32;123;164;48;2;98;189;255m▀[38;2;98;189;255m▀▀[38;2;32;123;164;48;2;32;32;32m▀[38;2;98;189;255;48;2;98;189;255m▀▀▀[38;2;32;32;32m▀[38;2;98;189;255;48;2;32;123;164m▀[48;2;98;189;255m▀▀[38;2;32;123;164;48;2;32;123;164m▀[38;2;255;246;189;48;2;255;246;189m▀[48;2;180;172;131m▀[38;2;180;172;131;48;2;105;105;82m▀[38;2;255;246;189;48;2;255;246;189m▀▀[48;2;180;172;131m▀[38;2;180;172;131m▀▀▀[38;2;32;32;32;48;2;32;32;32m▀[0m      [38;2;32;32;32m▀[38;2;32;123;164;48;2;32;32;32m▀[38;2;98;189;255m▀[48;2;32;123;164m▀[38;2;32;123;164m▀▀[38;2;32;32;32m▀▀[48;2;32;32;32m▀[49m▀▀[0m
[0m               [38;2;32;123;164;48;2;32;123;164m▀[38;2;98;189;255;48;2;98;189;255m▀[48;2;32;123;164m▀[38;2;32;32;32;48;2;32;32;32m▀[38;2;180;172;131;48;2;180;172;131m▀[38;2;32;123;164;48;2;105;105;82m▀[38;2;98;189;255;48;2;32;123;164m▀[48;2;98;189;255m▀▀[38;2;32;32;32;48;2;32;32;32m▀[48;2;180;172;131m▀[38;2;98;189;255;48;2;32;32;32m▀[38;2;32;123;164m▀[38;2;180;172;131;48;2;105;105;82m▀[38;2;105;105;82;48;2;180;172;131m▀[48;2;105;105;82m▀[38;2;32;32;32;48;2;32;32;32m▀[38;2;180;172;131;48;2;180;172;131m▀▀▀▀▀[38;2;32;32;32;48;2;32;32;32m▀[0m         [38;2;32;32;32m▀▀▀▀▀[0m
[0m               [38;2;32;123;164m▀[38;2;98;189;255;48;2;32;32;32m▀[38;2;32;32;32;48;2;180;172;131m▀[38;2;180;172;131m▀▀[38;2;105;105;82;48;2;105;105;82m▀[38;2;32;32;32;49m▀[38;2;98;189;255;48;2;32;32;32m▀[48;2;98;189;255m▀[38;2;32;32;32;48;2;32;32;32m▀[38;2;180;172;131;48;2;180;172;131m▀▀[48;2;105;105;82m▀[38;2;105;105;82;48;2;180;172;131m▀[38;2;180;172;131m▀[38;2;105;105;82;48;2;105;105;82m▀[0m [38;2;32;32;32m▀[38;2;180;172;131;48;2;105;105;82m▀[48;2;180;172;131m▀▀[38;2;32;32;32;48;2;32;32;32m▀[0m
[0m                [38;2;105;105;82;48;2;105;105;82m▀[38;2;180;172;131;48;2;180;172;131m▀▀[38;2;105;105;82;48;2;32;32;32m▀[0m   [38;2;32;32;32m▀[38;2;105;105;82;48;2;105;105;82m▀[38;2;180;172;131;48;2;180;172;131m▀▀[38;2;32;32;32;48;2;32;32;32m▀[38;2;180;172;131;48;2;180;172;131m▀[48;2;105;105;82m▀[38;2;105;105;82;49m▀[0m  [38;2;32;32;32m▀[38;2;180;172;131;48;2;105;105;82m▀[48;2;180;172;131m▀[38;2;32;32;32m▀[49m▄[0m
[0m               [38;2;105;105;82m▄[48;2;255;246;189m▀[38;2;255;246;189m▀[38;2;180;172;131;48;2;32;32;32m▀[38;2;32;32;32;49m▀[0m   [38;2;105;105;82;48;2;105;105;82m▀[38;2;180;172;131;48;2;255;246;189m▀[48;2;180;172;131m▀[38;2;105;105;82;48;2;105;105;82m▀[38;2;180;172;131;48;2;180;172;131m▀▀[38;2;105;105;82;48;2;105;105;82m▀[0m    [38;2;32;32;32;48;2;32;32;32m▀[38;2;180;172;131;48;2;180;172;131m▀▀[38;2;32;32;32;48;2;105;105;82m▀[0m
[0m              [38;2;105;105;82m▄[38;2;180;172;131;48;2;255;246;189m▀[38;2;255;246;189m▀▀[38;2;32;32;32;48;2;32;32;32m▀[0m    [38;2;105;105;82;48;2;105;105;82m▀[38;2;255;246;189;48;2;255;246;189m▀▀[38;2;105;105;82;48;2;105;105;82m▀[38;2;180;172;131;48;2;180;172;131m▀▀[38;2;105;105;82;48;2;32;32;32m▀[0m    [38;2;32;32;32;48;2;32;32;32m▀[38;2;180;172;131;48;2;180;172;131m▀▀▀[38;2;32;32;32;48;2;32;32;32m▀[0m
[0m             [38;2;105;105;82m▄[48;2;255;246;189m▀[38;2;255;246;189m▀▀[48;2;105;105;82m▀[38;2;32;32;32;49m▀[0m   [38;2;105;105;82m▄[38;2;180;172;131;48;2;255;246;189m▀[38;2;255;246;189m▀▀[38;2;32;32;32;48;2;32;32;32m▀[38;2;180;172;131;48;2;180;172;131m▀▀[38;2;32;32;32;48;2;32;32;32m▀[0m    [38;2;32;32;32;48;2;32;32;32m▀[38;2;180;172;131;48;2;180;172;131m▀▀▀[38;2;105;105;82m▀[38;2;32;32;32;49m▄[0m
[0m            [38;2;105;105;82m▄[48;2;255;246;189m▀[38;2;255;246;189m▀▀▀[38;2;32;32;32;48;2;32;32;32m▀[0m    [38;2;105;105;82;48;2;105;105;82m▀[38;2;255;246;189;48;2;255;246;189m▀▀▀[38;2;32;32;32;48;2;32;32;32m▀[38;2;180;172;131;48;2;49;74;139m▀[38;2;49;74;139m▀[38;2;32;32;32;48;2;32;32;32m▀[0m   [38;2;32;32;32m▄[38;2;49;74;139;48;2;74;106;205m▀[38;2;180;172;131;48;2;180;172;131m▀▀▀[48;2;49;74;139m▀[38;2;32;32;32;48;2;32;32;32m▀[0m
[0m           [38;2;49;74;139m▄[38;2;105;105;82;48;2;74;106;205m▀[38;2;255;246;189;48;2;180;172;131m▀[48;2;255;246;189m▀▀[48;2;74;106;205m▀[38;2;32;32;32;48;2;32;32;32m▀[0m   [38;2;105;105;82m▄[38;2;180;172;131;48;2;255;246;189m▀[38;2;255;246;189m▀▀▀[38;2;32;32;32;48;2;180;172;131m▀[38;2;49;74;139;48;2;32;32;32m▀[38;2;32;32;32;49m▀[0m    [38;2;32;32;32;48;2;32;32;32m▀[38;2;74;106;205;48;2;49;74;139m▀[48;2;74;106;205m▀▀[38;2;49;74;139;48;2;49;74;139m▀▀[38;2;32;32;32;48;2;32;32;32m▀[0m
[0m           [38;2;49;74;139;48;2;32;32;32m▀[38;2;74;106;205;48;2;74;106;205m▀▀▀▀[48;2;32;32;32m▀[38;2;32;32;32;49m▀[0m   [38;2;105;105;82;48;2;49;74;139m▀[38;2;255;246;189;48;2;180;172;131m▀[48;2;255;246;189m▀▀▀[48;2;74;106;205m▀[38;2;32;32;32;48;2;32;32;32m▀[0m      [38;2;32;32;32m▀▀▀▀▀[0m
[0m            [38;2;32;32;32m▀▀▀▀[0m     [38;2;32;32;32;48;2;32;32;32m▀[38;2;74;106;205;48;2;49;74;139m▀[48;2;74;106;205m▀▀▀[48;2;32;32;32m▀[38;2;32;32;32;49m▀[0m
[0m                      [38;2;32;32;32m▀▀▀▀[0m
