[0m                [38;2;115;65;139m▄▄▄▄▄[38;2;82;41;74;48;2;115;65;139m▀[48;2;156;90;197m▀▀▀▀[49m▄▄▄[0m [38;2;16;16;16m▄▄[0m
[0m       [38;2;115;65;139m▄▄▄[48;2;205;180;255m▀▀▀▀▀▀[38;2;205;180;255m▀▀▀▀▀▀▀[38;2;115;65;139m▀[38;2;156;90;197;48;2;115;65;139m▀[48;2;156;90;197m▀▀▀▀[38;2;82;41;74m▀▀[48;2;111;61;27m▀▀[38;2;111;61;27;49m▄▄▄[0m
[0m      [38;2;82;41;74;48;2;82;41;74m▀[38;2;205;180;255;48;2;205;180;255m▀[48;2;16;16;16m▀[48;2;164;131;189m▀[48;2;205;180;255m▀▀▀▀▀▀▀▀▀▀▀▀▀▀▀[38;2;156;90;197;48;2;115;65;139m▀[48;2;156;90;197m▀▀▀▀[38;2;111;61;27;48;2;111;61;27m▀[38;2;238;189;0;48;2;238;189;0m▀▀▀[38;2;197;131;0;48;2;197;131;0m▀▀[38;2;111;61;27m▀▀▀[49m▄[0m
[0m     [38;2;16;16;16;48;2;16;16;16m▀[38;2;205;180;255;48;2;205;180;255m▀[38;2;115;65;139;48;2;16;16;16m▀[38;2;16;16;16m▀[38;2;115;65;139m▀[38;2;205;180;255;48;2;205;180;255m▀▀▀▀▀▀▀▀▀▀▀▀▀▀▀▀[38;2;82;41;74;48;2;82;41;74m▀[38;2;156;90;197m▀[38;2;16;16;16;48;2;156;90;197m▀▀▀▀▀[48;2;82;41;74m▀[38;2;197;131;0;48;2;16;16;16m▀▀▀▀▀[38;2;111;61;27m▀[0m
[0m     [38;2;16;16;16m▀[38;2;205;180;255;48;2;82;41;74m▀[38;2;16;16;16;48;2;164;131;189m▀[38;2;115;65;139m▀[38;2;205;180;255m▀[38;2;164;131;189m▀▀▀▀▀▀▀▀▀[38;2;205;180;255m▀▀▀▀▀▀▀▀[38;2;82;41;74;48;2;16;16;16m▀[38;2;16;16;16;48;2;115;65;139m▀▀▀[38;2;115;65;139;48;2;82;41;74m▀[38;2;156;90;197;48;2;16;16;16m▀▀▀[48;2;115;65;139m▀[48;2;156;90;197m▀[38;2;82;41;74m▀▀[38;2;156;90;197;48;2;82;41;74m▀[38;2;16;16;16;48;2;156;90;197m▀▀▀[38;2;82;41;74;49m▄▄▄[0m
[0m       [38;2;16;16;16m▀▀▀▀[38;2;115;65;139;48;2;82;41;74m▀[38;2;164;131;189;48;2;16;16;16m▀▀▀▀▀▀▀[48;2;115;65;139m▀[48;2;164;131;189m▀▀▀▀[48;2;82;41;74m▀▀[38;2;82;41;74;48;2;115;65;139m▀▀[38;2;115;65;139m▀▀▀▀▀▀▀[38;2;82;41;74m▀[38;2;16;16;16m▀[48;2;16;16;16m▀[38;2;156;90;197;48;2;156;90;197m▀▀[38;2;82;41;74;48;2;82;41;74m▀[38;2;156;90;197;48;2;156;90;197m▀▀▀▀▀[38;2;82;41;74m▀▀▀[49m▄▄[0m
[0m              [38;2;82;41;74m▄[48;2;115;65;139m▀[38;2;115;65;139m▀[48;2;82;41;74m▀[38;2;82;41;74m▀[38;2;16;16;16m▀▀▀▀▀▀▀▀▀[38;2;82;41;74;48;2;16;16;16m▀[38;2;115;65;139m▀▀[48;2;115;65;139m▀[38;2;82;41;74m▀[38;2;115;65;139;48;2;82;41;74m▀[48;2;115;65;139m▀▀▀▀[38;2;16;16;16;48;2;16;16;16m▀[38;2;156;90;197;48;2;156;90;197m▀[48;2;82;41;74m▀[38;2;82;41;74;48;2;115;65;139m▀▀▀▀[38;2;156;90;197;48;2;82;41;74m▀▀▀[48;2;156;90;197m▀▀▀[38;2;82;41;74m▀[38;2;16;16;16;49m▄[0m
[0m              [38;2;82;41;74;48;2;16;16;16m▀[38;2;115;65;139m▀[38;2;16;16;16;48;2;156;90;197m▀▀▀▀[38;2;82;41;74;48;2;16;16;16m▀▀[48;2;82;41;74m▀▀▀[48;2;16;16;16m▀▀▀▀[48;2;82;41;74m▀▀[38;2;16;16;16m▀[38;2;115;65;139;48;2;16;16;16m▀[38;2;82;41;74;48;2;82;41;74m▀[38;2;115;65;139;48;2;115;65;139m▀▀▀[38;2;82;41;74;48;2;16;16;16m▀[38;2;156;90;197;48;2;156;90;197m▀[48;2;82;41;74m▀[38;2;82;41;74;48;2;115;65;139m▀[38;2;115;65;139m▀▀▀▀▀▀▀[38;2;82;41;74m▀▀▀[38;2;156;90;197;48;2;82;41;74m▀▀[38;2;16;16;16;48;2;16;16;16m▀[0m
[0m            [38;2;82;41;74m▄[48;2;156;90;197m▀[38;2;156;90;197m▀▀▀▀▀▀[48;2;82;41;74m▀▀[38;2;16;16;16m▀[48;2;156;90;197m▀▀[38;2;156;90;197m▀▀[48;2;115;65;139m▀▀[38;2;16;16;16;48;2;156;90;197m▀▀[38;2;82;41;74;48;2;16;16;16m▀[38;2;16;16;16;48;2;115;65;139m▀[38;2;115;65;139m▀▀▀[38;2;82;41;74;48;2;16;16;16m▀[38;2;156;90;197;48;2;156;90;197m▀[48;2;82;41;74m▀[38;2;82;41;74;48;2;115;65;139m▀[38;2;115;65;139m▀▀▀▀▀▀▀▀▀▀▀[48;2;16;16;16m▀[38;2;16;16;16;49m▀[0m
[0m         [38;2;115;65;139m▄▄[48;2;82;41;74m▀[38;2;82;41;74;48;2;156;90;197m▀[38;2;156;90;197m▀[48;2;82;41;74m▀▀▀[38;2;82;41;74;48;2;115;65;139m▀[48;2;156;90;197m▀▀[38;2;156;90;197;48;2;16;16;16m▀[38;2;16;16;16m▀[48;2;156;90;197m▀[38;2;156;90;197;48;2;111;61;27m▀▀▀[38;2;115;65;139;48;2;156;90;197m▀▀[38;2;156;90;197m▀▀▀▀[38;2;16;16;16m▀[38;2;115;65;139;48;2;16;16;16m▀[48;2;115;65;139m▀▀▀[38;2;16;16;16;48;2;82;41;74m▀[49m▀▀▀[38;2;115;65;139;48;2;16;16;16m▀▀▀▀▀▀▀[38;2;16;16;16;49m▀▀▀[0m
[0m       [38;2;115;65;139m▄[48;2;16;16;16m▀[38;2;16;16;16;48;2;156;90;197m▀[38;2;156;90;197m▀[38;2;82;41;74m▀▀▀[38;2;115;65;139m▀[38;2;156;90;197m▀▀▀▀[48;2;111;61;27m▀▀[38;2;111;61;27;48;2;246;82;32m▀▀[38;2;246;82;32m▀▀[38;2;111;61;27;48;2;111;61;27m▀[38;2;156;90;197;48;2;156;90;197m▀▀▀[48;2;82;41;74m▀▀[38;2;82;41;74;48;2;115;65;139m▀[38;2;115;65;139m▀[38;2;16;16;16;48;2;16;16;16m▀[38;2;115;65;139;48;2;115;65;139m▀▀[38;2;82;41;74;48;2;82;41;74m▀[0m
[0m     [38;2;82;41;74m▄[38;2;115;65;139;48;2;156;90;197m▀[38;2;156;90;197m▀▀▀▀▀▀[48;2;115;65;139m▀▀[48;2;156;90;197m▀▀[48;2;111;61;27m▀[38;2;111;61;27;48;2;255;255;255m▀[38;2;246;82;32;48;2;180;65;32m▀[48;2;246;82;32m▀[38;2;180;65;32;48;2;180;65;32m▀[38;2;246;82;32;48;2;246;82;32m▀▀[38;2;16;16;16;48;2;16;16;16m▀[38;2;156;90;197;48;2;82;41;74m▀[38;2;82;41;74;48;2;115;65;139m▀▀▀[38;2;115;65;139m▀▀▀[48;2;16;16;16m▀[38;2;16;16;16;48;2;205;180;255m▀[38;2;82;41;74m▀[38;2;115;65;139;48;2;16;16;16m▀[38;2;82;41;74m▀[0m   [38;2;16;16;16m▄[38;2;82;41;74m▄▄[0m      [38;2;82;41;74m▄▄[48;2;156;90;197m▀[48;2;16;16;16m▀[0m
[0m    [38;2;111;61;27m▄[38;2;82;41;74;48;2;255;255;255m▀[38;2;115;65;139;48;2;16;16;16m▀[38;2;156;90;197;48;2;115;65;139m▀[48;2;82;41;74m▀▀[38;2;82;41;74;48;2;156;90;197m▀▀[38;2;115;65;139m▀[38;2;156;90;197m▀▀[48;2;115;65;139m▀[38;2;111;61;27;48;2;16;16;16m▀[38;2;246;82;32m▀[48;2;246;82;32m▀[38;2;180;65;32m▀[38;2;246;82;32m▀[48;2;16;16;16m▀[38;2;180;65;32m▀[38;2;16;16;16;48;2;115;65;139m▀[38;2;115;65;139m▀▀▀▀▀▀[48;2;16;16;16m▀▀[38;2;16;16;16;48;2;205;180;255m▀[38;2;205;180;255m▀▀▀[38;2;16;16;16;48;2;82;41;74m▀[38;2;82;41;74;49m▄[48;2;156;90;197m▀[48;2;16;16;16m▀[38;2;16;16;16;48;2;156;90;197m▀[38;2;156;90;197m▀▀[38;2;82;41;74m▀▀[49m▄[38;2;16;16;16m▄[48;2;156;90;197m▀▀[38;2;156;90;197m▀[48;2;82;41;74m▀[38;2;82;41;74;48;2;16;16;16m▀[38;2;16;16;16;49m▀[0m
[0m    [38;2;111;61;27m▀[38;2;246;82;32;48;2;16;16;16m▀[38;2;16;16;16;48;2;246;82;32m▀[38;2;156;90;197;48;2;115;65;139m▀[38;2;115;65;139m▀[38;2;156;90;197m▀▀▀[38;2;115;65;139;48;2;115;115;115m▀[48;2;255;255;255m▀▀[38;2;115;115;115;48;2;16;16;16m▀[38;2;255;255;255m▀▀[38;2;16;16;16;48;2;115;65;139m▀▀▀[38;2;115;65;139m▀▀▀▀[48;2;16;16;16m▀▀▀[38;2;16;16;16;48;2;82;41;74m▀[48;2;115;65;139m▀[38;2;115;65;139m▀[38;2;82;41;74;48;2;82;41;74m▀[38;2;205;180;255;48;2;205;180;255m▀▀▀[38;2;82;41;74;48;2;16;16;16m▀[38;2;156;90;197m▀▀[48;2;82;41;74m▀[38;2;16;16;16;48;2;16;16;16m▀[38;2;156;90;197;48;2;82;41;74m▀▀▀[48;2;16;16;16m▀[38;2;16;16;16;48;2;156;90;197m▀▀[38;2;156;90;197m▀▀[48;2;82;41;74m▀[38;2;115;65;139;48;2;115;65;139m▀[48;2;16;16;16m▀[38;2;16;16;16;49m▀[0m
[0m      [38;2;16;16;16m▀▀[38;2;255;255;255;48;2;16;16;16m▀[38;2;115;115;115m▀[38;2;255;255;255;48;2;82;41;74m▀[48;2;115;65;139m▀[38;2;16;16;16m▀▀▀[38;2;115;65;139m▀▀[48;2;16;16;16m▀▀▀▀[38;2;16;16;16m▀[48;2;82;41;74m▀[48;2;115;65;139m▀[48;2;82;41;74m▀[38;2;115;65;139;48;2;115;65;139m▀[38;2;82;41;74;48;2;82;41;74m▀[38;2;115;65;139;48;2;115;65;139m▀[38;2;82;41;74;48;2;82;41;74m▀[38;2;115;65;139;48;2;156;90;197m▀[38;2;156;90;197m▀▀[38;2;16;16;16;48;2;16;16;16m▀[38;2;205;180;255;48;2;164;131;189m▀[38;2;164;131;189m▀▀▀[38;2;82;41;74;48;2;115;65;139m▀[38;2;16;16;16;48;2;16;16;16m▀[0m  [38;2;16;16;16m▄[48;2;156;90;197m▀[38;2;156;90;197m▀▀▀▀[38;2;82;41;74;48;2;115;65;139m▀[38;2;115;65;139m▀[48;2;16;16;16m▀[38;2;16;16;16;49m▀[0m
[0m           [38;2;16;16;16m▀▀▀▀▀[48;2;16;16;16m▀[49m▄[48;2;115;65;139m▀▀[38;2;82;41;74;49m▄[38;2;16;16;16;48;2;16;16;16m▀[38;2;82;41;74;48;2;115;65;139m▀[38;2;115;65;139;48;2;82;41;74m▀[48;2;115;65;139m▀[38;2;82;41;74;48;2;82;41;74m▀[38;2;115;65;139m▀[48;2;156;90;197m▀[38;2;156;90;197m▀[38;2;82;41;74;48;2;82;41;74m▀[38;2;156;90;197;48;2;115;65;139m▀[38;2;115;65;139m▀▀[38;2;16;16;16m▀[38;2;164;131;189;48;2;16;16;16m▀▀[38;2;82;41;74;48;2;115;65;139m▀[38;2;115;65;139;48;2;16;16;16m▀[38;2;16;16;16;49m▀[38;2;82;41;74m▄[48;2;156;90;197m▀[38;2;156;90;197m▀▀▀▀[48;2;82;41;74m▀[38;2;115;65;139;48;2;115;65;139m▀▀[38;2;16;16;16;48;2;16;16;16m▀[0m
[0m         [38;2;82;41;74m▄▄▄[48;2;115;65;139m▀▀[48;2;16;16;16m▀[38;2;16;16;16;48;2;115;65;139m▀[38;2;115;65;139m▀▀▀[38;2;16;16;16m▀[38;2;115;65;139;48;2;82;41;74m▀▀[38;2;16;16;16;48;2;16;16;16m▀[38;2;82;41;74;48;2;115;65;139m▀[38;2;115;65;139;48;2;82;41;74m▀[48;2;115;65;139m▀[38;2;82;41;74m▀[38;2;115;65;139;48;2;82;41;74m▀▀[48;2;115;65;139m▀[38;2;82;41;74m▀[38;2;115;65;139;48;2;82;41;74m▀▀[48;2;115;65;139m▀▀[48;2;16;16;16m▀▀[38;2;16;16;16;49m▀[38;2;82;41;74;48;2;82;41;74m▀[38;2;156;90;197;48;2;156;90;197m▀▀▀▀[48;2;82;41;74m▀[38;2;82;41;74;48;2;115;65;139m▀[38;2;115;65;139m▀[48;2;16;16;16m▀[38;2;16;16;16;49m▀[0m
[0m    [38;2;82;41;74m▄▄[48;2;156;90;197m▀▀▀[38;2;156;90;197m▀[48;2;115;65;139m▀[38;2;115;65;139m▀▀▀▀[38;2;16;16;16m▀[48;2;82;41;74m▀▀[49m▀▀▀[0m  [38;2;16;16;16m▀▀[38;2;82;41;74;48;2;16;16;16m▀▀[38;2;115;65;139m▀▀[38;2;82;41;74m▀▀[38;2;16;16;16;48;2;115;65;139m▀[48;2;82;41;74m▀[48;2;115;65;139m▀[48;2;82;41;74m▀[0m  [38;2;82;41;74;48;2;82;41;74m▀[38;2;156;90;197;48;2;156;90;197m▀[48;2;82;41;74m▀▀[48;2;115;65;139m▀[38;2;115;65;139m▀▀▀[48;2;16;16;16m▀[38;2;16;16;16;49m▀[0m
[0m  [38;2;82;41;74m▄[48;2;156;90;197m▀[38;2;156;90;197m▀▀▀▀▀[48;2;115;65;139m▀[38;2;115;65;139m▀▀▀[48;2;16;16;16m▀[38;2;82;41;74;49m▀▀[0m              [38;2;16;16;16;48;2;16;16;16m▀[38;2;115;65;139;48;2;115;65;139m▀[38;2;82;41;74;48;2;82;41;74m▀[38;2;115;65;139;48;2;115;65;139m▀▀[38;2;82;41;74m▀[49m▄[38;2;16;16;16;48;2;16;16;16m▀[38;2;82;41;74;48;2;205;180;255m▀[38;2;205;180;255m▀▀[38;2;82;41;74;48;2;82;41;74m▀[38;2;115;65;139;48;2;115;65;139m▀[48;2;16;16;16m▀[38;2;16;16;16;49m▀[0m
[0m [38;2;82;41;74;48;2;82;41;74m▀[38;2;156;90;197;48;2;16;16;16m▀▀[48;2;156;90;197m▀▀▀▀[48;2;115;65;139m▀[38;2;115;65;139;48;2;16;16;16m▀▀[38;2;16;16;16;49m▀▀[0m            [38;2;82;41;74m▄▄[48;2;115;65;139m▀▀[38;2;16;16;16;48;2;16;16;16m▀[38;2;115;65;139;48;2;156;90;197m▀▀[38;2;82;41;74;48;2;82;41;74m▀[38;2;115;65;139;48;2;156;90;197m▀▀[38;2;156;90;197m▀[38;2;16;16;16;48;2;16;16;16m▀[38;2;205;180;255;48;2;205;180;255m▀▀[48;2;16;16;16m▀[38;2;82;41;74m▀[38;2;16;16;16;48;2;156;90;197m▀▀[38;2;82;41;74;49m▄[0m
[0m [38;2;16;16;16;48;2;16;16;16m▀[38;2;164;131;189;48;2;205;180;255m▀[38;2;205;180;255m▀[38;2;16;16;16;48;2;82;41;74m▀[38;2;156;90;197;48;2;156;90;197m▀[48;2;16;16;16m▀▀[38;2;16;16;16;49m▀[0m             [38;2;82;41;74m▄▄[48;2;115;65;139m▀[38;2;115;65;139m▀▀▀[38;2;16;16;16;48;2;16;16;16m▀[38;2;156;90;197;48;2;156;90;197m▀▀[38;2;82;41;74;48;2;82;41;74m▀[38;2;156;90;197;48;2;156;90;197m▀▀▀[38;2;16;16;16;48;2;16;16;16m▀[38;2;205;180;255m▀[38;2;16;16;16;48;2;82;41;74m▀[48;2;156;90;197m▀[38;2;115;65;139m▀[38;2;156;90;197m▀▀▀[38;2;82;41;74m▀[49m▄[0m
[38;2;82;41;74;48;2;82;41;74m▀[38;2;164;131;189;48;2;205;180;255m▀[38;2;205;180;255m▀[48;2;16;16;16m▀[38;2;16;16;16;49m▀▀[0m             [38;2;82;41;74m▄[48;2;115;65;139m▀[48;2;156;90;197m▀[38;2;156;90;197m▀[38;2;115;65;139m▀[48;2;115;65;139m▀▀[48;2;16;16;16m▀[38;2;16;16;16;48;2;115;65;139m▀[48;2;16;16;16m▀[38;2;156;90;197;48;2;115;65;139m▀[48;2;156;90;197m▀[38;2;82;41;74;48;2;82;41;74m▀[38;2;156;90;197;48;2;156;90;197m▀▀▀▀[48;2;115;65;139m▀[38;2;82;41;74m▀[38;2;156;90;197;48;2;82;41;74m▀[48;2;156;90;197m▀[38;2;115;65;139;48;2;115;65;139m▀[38;2;156;90;197;48;2;156;90;197m▀▀▀[38;2;82;41;74m▀[38;2;16;16;16;49m▄[0m
[38;2;82;41;74;48;2;16;16;16m▀[38;2;205;180;255m▀[38;2;16;16;16;49m▀[0m              [38;2;115;65;139m▄[38;2;82;41;74;48;2;156;90;197m▀[38;2;115;65;139;48;2;115;65;139m▀[38;2;156;90;197;48;2;156;90;197m▀▀▀▀[38;2;115;65;139m▀▀[38;2;82;41;74;48;2;82;41;74m▀[38;2;16;16;16;49m▀▀[38;2;205;180;255;48;2;82;41;74m▀[38;2;115;65;139;48;2;205;180;255m▀[38;2;156;90;197;48;2;115;65;139m▀[38;2;82;41;74;48;2;82;41;74m▀[38;2;156;90;197;48;2;115;65;139m▀[38;2;115;65;139;48;2;205;180;255m▀▀[38;2;205;180;255m▀▀[38;2;16;16;16;48;2;16;16;16m▀[38;2;156;90;197;48;2;156;90;197m▀[38;2;115;65;139m▀[38;2;156;90;197;48;2;115;65;139m▀[48;2;156;90;197m▀▀▀▀[38;2;82;41;74;48;2;16;16;16m▀[49m▄[0m
[0m               [38;2;115;65;139m▄[48;2;156;90;197m▀[38;2;156;90;197;48;2;115;65;139m▀[38;2;115;65;139;48;2;156;90;197m▀[38;2;156;90;197m▀▀▀▀▀▀[38;2;82;41;74;48;2;82;41;74m▀[0m   [38;2;82;41;74m▀[38;2;205;180;255;48;2;16;16;16m▀[48;2;205;180;255m▀[38;2;156;90;197m▀[38;2;205;180;255;48;2;156;90;197m▀[48;2;205;180;255m▀▀▀[48;2;82;41;74m▀[38;2;16;16;16;48;2;115;65;139m▀[38;2;156;90;197;48;2;16;16;16m▀[48;2;156;90;197m▀[38;2;115;65;139m▀[38;2;156;90;197m▀▀▀▀▀[38;2;16;16;16;48;2;16;16;16m▀[38;2;82;41;74;48;2;115;65;139m▀[49m▄[0m
[0m              [38;2;115;65;139m▄[48;2;82;41;74m▀[38;2;82;41;74m▀[48;2;16;16;16m▀[38;2;156;90;197m▀[48;2;156;90;197m▀▀▀▀▀[38;2;82;41;74;48;2;82;41;74m▀[0m     [38;2;16;16;16m▀[38;2;82;41;74;48;2;16;16;16m▀[38;2;205;180;255;48;2;82;41;74m▀[38;2;82;41;74m▀[38;2;205;180;255m▀[38;2;82;41;74;48;2;115;65;139m▀▀[38;2;115;65;139m▀▀[38;2;16;16;16;48;2;16;16;16m▀[38;2;156;90;197;48;2;156;90;197m▀▀[48;2;82;41;74m▀[48;2;16;16;16m▀▀[48;2;82;41;74m▀[48;2;156;90;197m▀▀[38;2;16;16;16;48;2;16;16;16m▀[38;2;115;65;139;48;2;115;65;139m▀[38;2;82;41;74;48;2;82;41;74m▀[0m
[0m              [38;2;115;65;139;48;2;16;16;16m▀[38;2;82;41;74m▀[38;2;16;16;16;49m▀[38;2;82;41;74;48;2;82;41;74m▀[38;2;115;65;139;48;2;115;65;139m▀[38;2;16;16;16m▀▀[38;2;156;90;197;48;2;16;16;16m▀▀▀[38;2;82;41;74;49m▀[0m       [38;2;16;16;16m▀[38;2;115;65;139;48;2;16;16;16m▀[48;2;82;41;74m▀[38;2;82;41;74;48;2;115;65;139m▀[38;2;115;65;139m▀▀▀▀[38;2;16;16;16;48;2;16;16;16m▀[38;2;156;90;197m▀[38;2;16;16;16;49m▀[0m [38;2;82;41;74;48;2;82;41;74m▀[38;2;16;16;16;48;2;115;65;139m▀▀[48;2;82;41;74m▀[48;2;115;65;139m▀[38;2;115;65;139m▀▀[38;2;16;16;16;48;2;16;16;16m▀[0m
[0m                 [38;2;82;41;74;48;2;82;41;74m▀[38;2;115;65;139;48;2;115;65;139m▀[48;2;82;41;74m▀[48;2;115;65;139m▀▀[38;2;82;41;74;48;2;82;41;74m▀[0m           [38;2;16;16;16m▀▀[38;2;115;65;139;48;2;16;16;16m▀▀[48;2;115;65;139m▀▀▀[49m▀[0m   [38;2;82;41;74;48;2;82;41;74m▀[38;2;115;65;139;48;2;115;65;139m▀▀[38;2;82;41;74;48;2;82;41;74m▀[38;2;115;65;139;48;2;115;65;139m▀▀▀[38;2;16;16;16;48;2;82;41;74m▀[0m
[0m                 [38;2;82;41;74;48;2;82;41;74m▀[38;2;115;65;139;48;2;156;90;197m▀[38;2;82;41;74;48;2;82;41;74m▀[38;2;115;65;139;48;2;156;90;197m▀[48;2;115;65;139m▀▀[38;2;82;41;74;48;2;16;16;16m▀[0m              [38;2;82;41;74m▀[38;2;16;16;16m▀[38;2;82;41;74m▀[0m    [38;2;82;41;74;48;2;82;41;74m▀[38;2;115;65;139;48;2;115;65;139m▀[48;2;156;90;197m▀[38;2;156;90;197m▀[38;2;82;41;74;48;2;82;41;74m▀[38;2;156;90;197;48;2;156;90;197m▀[38;2;115;65;139m▀▀[38;2;16;16;16;48;2;82;41;74m▀[0m
[0m                [38;2;82;41;74;48;2;82;41;74m▀[38;2;156;90;197;48;2;156;90;197m▀[38;2;115;65;139;48;2;115;65;139m▀[38;2;156;90;197;48;2;156;90;197m▀▀▀▀[38;2;16;16;16;48;2;16;16;16m▀[0m                     [38;2;82;41;74m▀[38;2;156;90;197;48;2;82;41;74m▀[48;2;156;90;197m▀▀▀▀▀▀▀[38;2;16;16;16;48;2;16;16;16m▀[0m
[0m               [38;2;82;41;74;48;2;82;41;74m▀[38;2;156;90;197;48;2;16;16;16m▀[38;2;115;65;139m▀[38;2;156;90;197;48;2;156;90;197m▀▀▀▀▀[38;2;82;41;74m▀[38;2;16;16;16;48;2;16;16;16m▀[0m                     [38;2;82;41;74;48;2;82;41;74m▀[38;2;156;90;197;48;2;156;90;197m▀▀▀[38;2;115;65;139;48;2;115;65;139m▀[38;2;156;90;197;48;2;156;90;197m▀▀▀[38;2;16;16;16m▀[49m▄[0m
[0m             [38;2;82;41;74m▄[48;2;164;131;189m▀[38;2;16;16;16;48;2;205;180;255m▀[38;2;164;131;189m▀[48;2;164;131;189m▀[38;2;82;41;74m▀[38;2;16;16;16m▀[38;2;156;90;197;48;2;16;16;16m▀▀[48;2;156;90;197m▀▀[38;2;16;16;16;48;2;16;16;16m▀[0m                     [38;2;82;41;74;48;2;82;41;74m▀[38;2;156;90;197;48;2;156;90;197m▀▀▀[38;2;115;65;139m▀[38;2;156;90;197m▀▀▀▀[38;2;16;16;16;48;2;82;41;74m▀[0m
[0m            [38;2;82;41;74m▀[38;2;205;180;255;48;2;16;16;16m▀▀▀▀▀[38;2;82;41;74;49m▀[38;2;16;16;16m▀[0m  [38;2;16;16;16m▀▀[0m                     [38;2;82;41;74;48;2;82;41;74m▀[38;2;156;90;197;48;2;156;90;197m▀[48;2;16;16;16m▀[48;2;82;41;74m▀[38;2;82;41;74;48;2;164;131;189m▀▀▀[38;2;156;90;197;48;2;82;41;74m▀[48;2;16;16;16m▀▀[48;2;156;90;197m▀[38;2;16;16;16;48;2;16;16;16m▀[0m
[0m                                              [38;2;16;16;16m▀[38;2;82;41;74m▀[38;2;164;131;189;48;2;16;16;16m▀[48;2;82;41;74m▀[48;2;205;180;255m▀[38;2;205;180;255m▀▀▀[48;2;82;41;74m▀[38;2;16;16;16;49m▀▀[0m
[0m                                                  [38;2;16;16;16m▀▀[38;2;205;180;255;48;2;16;16;16m▀[38;2;82;41;74m▀[38;2;16;16;16;49m▀[0m
